0.999924 0.012301 0.000000 -1.471809 -0.012301 0.999924 -0.000000 -0.003299 -0.000000 0.000000 1.000000 0.000000 1567410201812840000

0.999970 0.007729 0.000000 0.240155 -0.007729 0.999970 -0.000000 0.015165 -0.000000 0.000000 1.000000 0.000000 1567410208305662000

0.999996 0.002882 0.000000 1.989170 -0.002882 0.999996 -0.000000 0.042700 -0.000000 0.000000 1.000000 0.000000 1567410209057476000

0.999997 0.002465 0.000000 3.581247 -0.002465 0.999997 -0.000000 0.028105 -0.000000 0.000000 1.000000 0.000000 1567410209555477000

1.000000 0.000137 0.000000 5.423787 -0.000137 1.000000 -0.000000 0.053722 -0.000000 0.000000 1.000000 0.000000 1567410210055112000

0.999998 -0.002220 0.000000 7.564952 0.002220 0.999998 0.000000 0.099356 0.000000 0.000000 1.000000 0.000000 1567410210554308000

0.999990 -0.004581 0.000000 9.988676 0.004581 0.999990 0.000000 0.112081 0.000000 0.000000 1.000000 0.000000 1567410211054011000

0.999980 -0.006251 0.000000 12.664720 0.006251 0.999980 0.000000 0.123797 0.000000 0.000000 1.000000 0.000000 1567410211553894000

0.999972 -0.007495 0.000000 15.593175 0.007495 0.999972 0.000000 0.138522 0.000000 0.000000 1.000000 0.000000 1567410212053313000

0.999983 -0.005887 0.000000 17.099798 0.005887 0.999983 0.000000 0.173235 0.000000 0.000000 1.000000 0.000000 1567410212303373000

0.999990 -0.004376 0.000000 18.642686 0.004376 0.999990 0.000000 0.199827 0.000000 0.000000 1.000000 0.000000 1567410212552940000

0.999999 -0.001308 0.000000 20.265646 0.001308 0.999999 0.000000 0.194770 0.000000 0.000000 1.000000 0.000000 1567410212802803000

0.999999 0.001233 0.000000 21.928783 -0.001233 0.999999 -0.000000 0.215867 -0.000000 0.000000 1.000000 0.000000 1567410213052878000

0.999995 0.003039 0.000000 23.684874 -0.003039 0.999995 -0.000000 0.188579 -0.000000 0.000000 1.000000 0.000000 1567410213302384000

0.999978 0.006578 0.000000 25.470563 -0.006578 0.999978 -0.000000 0.199617 -0.000000 0.000000 1.000000 0.000000 1567410213552068000

0.999959 0.009076 0.000000 27.234085 -0.009076 0.999959 -0.000000 0.170984 -0.000000 0.000000 1.000000 0.000000 1567410213801498000

0.999934 0.011449 0.000000 29.075148 -0.011449 0.999934 -0.000000 0.149448 -0.000000 0.000000 1.000000 0.000000 1567410214052385000

0.999907 0.013634 0.000000 30.924758 -0.013634 0.999907 -0.000000 0.151851 -0.000000 0.000000 1.000000 0.000000 1567410214302155000

0.999867 0.016282 0.000000 32.840396 -0.016282 0.999867 -0.000000 0.134163 -0.000000 0.000000 1.000000 0.000000 1567410214550272000

0.999820 0.018947 0.000000 34.754246 -0.018947 0.999820 -0.000000 0.098593 -0.000000 0.000000 1.000000 0.000000 1567410214800445000

0.999805 0.019734 0.000000 36.735859 -0.019734 0.999805 -0.000000 0.077673 -0.000000 0.000000 1.000000 0.000000 1567410215049817000

0.999837 0.018058 0.000000 38.742028 -0.018058 0.999837 -0.000000 0.043847 -0.000000 0.000000 1.000000 0.000000 1567410215299752000

0.999853 0.017127 0.000000 40.792987 -0.017127 0.999853 -0.000000 0.016509 -0.000000 0.000000 1.000000 0.000000 1567410215549514000

0.999858 0.016856 0.000000 42.808734 -0.016856 0.999858 -0.000000 -0.003227 -0.000000 0.000000 1.000000 0.000000 1567410215799401000

0.999867 0.016328 0.000000 44.850372 -0.016328 0.999867 -0.000000 -0.042963 -0.000000 0.000000 1.000000 0.000000 1567410216048582000

0.999876 0.015724 0.000000 46.871877 -0.015724 0.999876 -0.000000 -0.070156 -0.000000 0.000000 1.000000 0.000000 1567410216297982000

0.999898 0.014316 0.000000 48.887111 -0.014316 0.999898 -0.000000 -0.106703 -0.000000 0.000000 1.000000 0.000000 1567410216547132000

0.999894 0.014532 0.000000 50.899439 -0.014532 0.999894 -0.000000 -0.138487 -0.000000 0.000000 1.000000 0.000000 1567410216796536000

0.999902 0.014019 0.000000 52.861154 -0.014019 0.999902 -0.000000 -0.127281 -0.000000 0.000000 1.000000 0.000000 1567410217048273000

0.999903 0.013895 0.000000 54.813139 -0.013895 0.999903 -0.000000 -0.144354 -0.000000 0.000000 1.000000 0.000000 1567410217296000000

0.999908 0.013548 0.000000 56.723129 -0.013548 0.999908 -0.000000 -0.187564 -0.000000 0.000000 1.000000 0.000000 1567410217545507000

0.999906 0.013706 0.000000 58.652894 -0.013706 0.999906 -0.000000 -0.192215 -0.000000 0.000000 1.000000 0.000000 1567410217795016000

0.999908 0.013534 0.000000 60.498173 -0.013534 0.999908 -0.000000 -0.172780 -0.000000 0.000000 1.000000 0.000000 1567410218044663000

0.999891 0.014733 0.000000 62.286785 -0.014733 0.999891 -0.000000 -0.200939 -0.000000 0.000000 1.000000 0.000000 1567410218294251000

0.999859 0.016809 0.000000 64.184163 -0.016809 0.999859 -0.000000 -0.221826 -0.000000 0.000000 1.000000 0.000000 1567410218543749000

0.999789 0.020559 0.000000 65.995192 -0.020559 0.999789 -0.000000 -0.256039 -0.000000 0.000000 1.000000 0.000000 1567410218793639000

0.999746 0.022518 0.000000 67.770267 -0.022518 0.999746 -0.000000 -0.277347 -0.000000 0.000000 1.000000 0.000000 1567410219044496000

0.999682 0.025215 0.000000 69.611784 -0.025215 0.999682 -0.000000 -0.278579 -0.000000 0.000000 1.000000 0.000000 1567410219294574000

0.999675 0.025485 0.000000 71.420984 -0.025485 0.999675 -0.000000 -0.360648 -0.000000 0.000000 1.000000 0.000000 1567410219542786000

0.999639 0.026869 0.000000 73.246405 -0.026869 0.999639 -0.000000 -0.339207 -0.000000 0.000000 1.000000 0.000000 1567410219791926000

0.999622 0.027489 0.000000 75.044836 -0.027489 0.999622 -0.000000 -0.441918 -0.000000 0.000000 1.000000 0.000000 1567410220041647000

0.999592 0.028577 0.000000 76.841397 -0.028577 0.999592 -0.000000 -0.463024 -0.000000 0.000000 1.000000 0.000000 1567410220290932000

0.999573 0.029236 0.000000 78.625280 -0.029236 0.999573 -0.000000 -0.526747 -0.000000 0.000000 1.000000 0.000000 1567410220540869000

0.999549 0.030014 0.000000 80.445566 -0.030014 0.999549 -0.000000 -0.564814 -0.000000 0.000000 1.000000 0.000000 1567410220791364000

0.999515 0.031154 0.000000 82.253535 -0.031154 0.999515 -0.000000 -0.629924 -0.000000 0.000000 1.000000 0.000000 1567410221038981000

0.999462 0.032789 0.000000 84.043886 -0.032789 0.999462 -0.000000 -0.728634 -0.000000 0.000000 1.000000 0.000000 1567410221290827000

0.999362 0.035710 0.000000 85.890108 -0.035710 0.999362 -0.000000 -0.798268 -0.000000 0.000000 1.000000 0.000000 1567410221539934000

0.999249 0.038746 0.000000 87.766453 -0.038746 0.999249 -0.000000 -0.804493 -0.000000 0.000000 1.000000 0.000000 1567410221788000000

0.999110 0.042190 0.000000 89.596812 -0.042190 0.999110 -0.000000 -0.893174 -0.000000 0.000000 1.000000 0.000000 1567410222037827000

0.998908 0.046725 0.000000 91.521054 -0.046725 0.998908 -0.000000 -0.983095 -0.000000 0.000000 1.000000 0.000000 1567410222287687000

0.998726 0.050464 0.000000 93.401451 -0.050464 0.998726 -0.000000 -1.050133 -0.000000 0.000000 1.000000 0.000000 1567410222537552000

0.998479 0.055126 0.000000 95.312688 -0.055126 0.998479 -0.000000 -1.180914 -0.000000 0.000000 1.000000 0.000000 1567410222787298000

0.998211 0.059790 0.000000 97.256097 -0.059790 0.998211 -0.000000 -1.259343 -0.000000 0.000000 1.000000 0.000000 1567410223036884000

0.998010 0.063055 0.000000 99.237086 -0.063055 0.998010 -0.000000 -1.399335 -0.000000 0.000000 1.000000 0.000000 1567410223286688000

0.997711 0.067629 0.000000 101.254983 -0.067629 0.997711 -0.000000 -1.538556 -0.000000 0.000000 1.000000 0.000000 1567410223536132000

0.997441 0.071493 0.000000 103.247708 -0.071493 0.997441 -0.000000 -1.626271 -0.000000 0.000000 1.000000 0.000000 1567410223785995000

0.996954 0.077987 0.000000 105.304148 -0.077987 0.996954 -0.000000 -1.810071 -0.000000 0.000000 1.000000 0.000000 1567410224035806000

0.996509 0.083486 0.000000 107.317520 -0.083486 0.996509 -0.000000 -1.965814 -0.000000 0.000000 1.000000 0.000000 1567410224285161000

0.996034 0.088977 0.000000 109.384264 -0.088977 0.996034 -0.000000 -2.131834 -0.000000 0.000000 1.000000 0.000000 1567410224535504000

0.995460 0.095182 0.000000 111.512334 -0.095182 0.995460 -0.000000 -2.299815 -0.000000 0.000000 1.000000 0.000000 1567410224784669000

0.994879 0.101078 0.000000 113.626128 -0.101078 0.994879 -0.000000 -2.507361 -0.000000 0.000000 1.000000 0.000000 1567410225034006000

0.994420 0.105494 0.000000 115.736295 -0.105494 0.994420 -0.000000 -2.712687 -0.000000 0.000000 1.000000 0.000000 1567410225283717000

0.993890 0.110378 0.000000 117.897331 -0.110378 0.993890 -0.000000 -2.987995 -0.000000 0.000000 1.000000 0.000000 1567410225533585000

0.993514 0.113713 0.000000 120.019520 -0.113713 0.993514 -0.000000 -3.216939 -0.000000 0.000000 1.000000 0.000000 1567410225782712000

0.993107 0.117209 0.000000 122.191008 -0.117209 0.993107 -0.000000 -3.475265 -0.000000 0.000000 1.000000 0.000000 1567410226032488000

0.992780 0.119951 0.000000 124.403827 -0.119951 0.992780 -0.000000 -3.765294 -0.000000 0.000000 1.000000 0.000000 1567410226282141000

0.992376 0.123250 0.000000 126.546556 -0.123250 0.992376 -0.000000 -3.990092 -0.000000 0.000000 1.000000 0.000000 1567410226531590000

0.991870 0.127258 0.000000 128.678552 -0.127258 0.991870 -0.000000 -4.227383 -0.000000 0.000000 1.000000 0.000000 1567410226781610000

0.991496 0.130138 0.000000 130.890386 -0.130138 0.991496 -0.000000 -4.520178 -0.000000 0.000000 1.000000 0.000000 1567410227031110000

0.991186 0.132475 0.000000 133.110481 -0.132475 0.991186 -0.000000 -4.799077 -0.000000 0.000000 1.000000 0.000000 1567410227280818000

0.990682 0.136193 0.000000 135.266849 -0.136193 0.990682 -0.000000 -5.101787 -0.000000 0.000000 1.000000 0.000000 1567410227530391000

0.990544 0.137197 0.000000 137.507139 -0.137197 0.990544 -0.000000 -5.425448 -0.000000 0.000000 1.000000 0.000000 1567410227779824000

0.990439 0.137949 0.000000 139.700682 -0.137949 0.990439 -0.000000 -5.650470 -0.000000 0.000000 1.000000 0.000000 1567410228029556000

0.990451 0.137866 0.000000 141.937912 -0.137866 0.990451 -0.000000 -5.941588 -0.000000 0.000000 1.000000 0.000000 1567410228279696000

0.990489 0.137589 0.000000 144.172643 -0.137589 0.990489 -0.000000 -6.248666 -0.000000 0.000000 1.000000 0.000000 1567410228529686000

0.990454 0.137841 0.000000 146.415086 -0.137841 0.990454 -0.000000 -6.545643 -0.000000 0.000000 1.000000 0.000000 1567410228778838000

0.990510 0.137444 0.000000 148.597417 -0.137444 0.990510 -0.000000 -6.823695 -0.000000 0.000000 1.000000 0.000000 1567410229028907000

0.990507 0.137464 0.000000 150.832472 -0.137464 0.990507 -0.000000 -7.151207 -0.000000 0.000000 1.000000 0.000000 1567410229277959000

0.990638 0.136514 0.000000 152.991176 -0.136514 0.990638 -0.000000 -7.438374 -0.000000 0.000000 1.000000 0.000000 1567410229527366000

0.990708 0.136006 0.000000 155.120851 -0.136006 0.990708 -0.000000 -7.701652 -0.000000 0.000000 1.000000 0.000000 1567410229776456000

0.990842 0.135029 0.000000 157.273348 -0.135029 0.990842 -0.000000 -8.005940 -0.000000 0.000000 1.000000 0.000000 1567410230025791000

0.990922 0.134438 0.000000 159.366700 -0.134438 0.990922 -0.000000 -8.238787 -0.000000 0.000000 1.000000 0.000000 1567410230275333000

0.991042 0.133550 0.000000 161.498035 -0.133550 0.991042 -0.000000 -8.484495 -0.000000 0.000000 1.000000 0.000000 1567410230524881000

0.991071 0.133336 0.000000 163.539566 -0.133336 0.991071 -0.000000 -8.795979 -0.000000 0.000000 1.000000 0.000000 1567410230774223000

0.991015 0.133749 0.000000 165.581923 -0.133749 0.991015 -0.000000 -9.087913 -0.000000 0.000000 1.000000 0.000000 1567410231024182000

0.991111 0.133040 0.000000 167.586033 -0.133040 0.991111 -0.000000 -9.312439 -0.000000 0.000000 1.000000 0.000000 1567410231273140000

0.991158 0.132684 0.000000 169.613588 -0.132684 0.991158 -0.000000 -9.639317 -0.000000 0.000000 1.000000 0.000000 1567410231522758000

0.991252 0.131980 0.000000 171.632277 -0.131980 0.991252 -0.000000 -9.880179 -0.000000 0.000000 1.000000 0.000000 1567410231772615000

0.991345 0.131281 0.000000 173.625559 -0.131281 0.991345 -0.000000 -10.132787 -0.000000 0.000000 1.000000 0.000000 1567410232021833000

0.991332 0.131384 0.000000 175.572364 -0.131384 0.991332 -0.000000 -10.418815 -0.000000 0.000000 1.000000 0.000000 1567410232271411000

0.991284 0.131742 0.000000 177.481487 -0.131742 0.991284 -0.000000 -10.617458 -0.000000 0.000000 1.000000 0.000000 1567410232521018000

0.991302 0.131605 0.000000 179.409960 -0.131605 0.991302 -0.000000 -10.860127 -0.000000 0.000000 1.000000 0.000000 1567410232770640000

0.991450 0.130489 0.000000 181.325067 -0.130489 0.991450 -0.000000 -11.133777 -0.000000 0.000000 1.000000 0.000000 1567410233020218000

0.991638 0.129053 0.000000 183.230644 -0.129053 0.991638 -0.000000 -11.480417 -0.000000 0.000000 1.000000 0.000000 1567410233269883000

0.991537 0.129827 0.000000 185.355513 -0.129827 0.991537 -0.000000 -11.659728 -0.000000 0.000000 1.000000 0.000000 1567410233519068000

0.991503 0.130086 0.000000 187.296027 -0.130086 0.991503 -0.000000 -11.942045 -0.000000 0.000000 1.000000 0.000000 1567410233767570000

0.991219 0.132230 0.000000 189.184077 -0.132230 0.991219 -0.000000 -12.193326 -0.000000 0.000000 1.000000 0.000000 1567410234018082000

0.991191 0.132442 0.000000 191.194363 -0.132442 0.991191 -0.000000 -12.470217 -0.000000 0.000000 1.000000 0.000000 1567410234267434000

0.991237 0.132092 0.000000 193.256383 -0.132092 0.991237 -0.000000 -12.691826 -0.000000 0.000000 1.000000 0.000000 1567410234516871000

0.991307 0.131572 0.000000 195.256641 -0.131572 0.991307 -0.000000 -13.033270 -0.000000 0.000000 1.000000 0.000000 1567410234766451000

0.991270 0.131849 0.000000 197.287786 -0.131849 0.991270 -0.000000 -13.282722 -0.000000 0.000000 1.000000 0.000000 1567410235015470000

0.991378 0.131036 0.000000 199.330885 -0.131036 0.991378 -0.000000 -13.568001 -0.000000 0.000000 1.000000 0.000000 1567410235265747000

0.991319 0.131476 0.000000 201.456344 -0.131476 0.991319 -0.000000 -13.874220 -0.000000 0.000000 1.000000 0.000000 1567410235515250000

0.991199 0.132380 0.000000 203.493014 -0.132380 0.991199 -0.000000 -14.095792 -0.000000 0.000000 1.000000 0.000000 1567410235764846000

0.991340 0.131321 0.000000 205.544249 -0.131321 0.991340 -0.000000 -14.373203 -0.000000 0.000000 1.000000 0.000000 1567410236014585000

0.991326 0.131427 0.000000 207.548451 -0.131427 0.991326 -0.000000 -14.597756 -0.000000 0.000000 1.000000 0.000000 1567410236264016000

0.991209 0.132305 0.000000 209.540098 -0.132305 0.991209 -0.000000 -14.891041 -0.000000 0.000000 1.000000 0.000000 1567410236513413000

0.991243 0.132052 0.000000 211.534404 -0.132052 0.991243 -0.000000 -15.160241 -0.000000 0.000000 1.000000 0.000000 1567410236763093000

0.991254 0.131967 0.000000 213.506070 -0.131967 0.991254 -0.000000 -15.433020 -0.000000 0.000000 1.000000 0.000000 1567410237012952000

0.991229 0.132159 0.000000 215.416039 -0.132159 0.991229 -0.000000 -15.675117 -0.000000 0.000000 1.000000 0.000000 1567410237262138000

0.991220 0.132219 0.000000 217.368930 -0.132219 0.991220 -0.000000 -15.903395 -0.000000 0.000000 1.000000 0.000000 1567410237511537000

0.991181 0.132513 0.000000 219.215512 -0.132513 0.991181 -0.000000 -16.162496 -0.000000 0.000000 1.000000 0.000000 1567410237760103000

0.991115 0.133005 0.000000 221.107788 -0.133005 0.991115 -0.000000 -16.447422 -0.000000 0.000000 1.000000 0.000000 1567410238010920000

0.991152 0.132734 0.000000 223.055351 -0.132734 0.991152 -0.000000 -16.696648 -0.000000 0.000000 1.000000 0.000000 1567410238259560000

0.990820 0.135191 0.000000 224.852136 -0.135191 0.990820 -0.000000 -16.905398 -0.000000 0.000000 1.000000 0.000000 1567410238508000000

0.990796 0.135367 0.000000 226.755715 -0.135367 0.990796 -0.000000 -17.122794 -0.000000 0.000000 1.000000 0.000000 1567410238758188000

0.990849 0.134978 0.000000 228.668906 -0.134978 0.990849 -0.000000 -17.397159 -0.000000 0.000000 1.000000 0.000000 1567410239007411000

0.990851 0.134962 0.000000 230.571951 -0.134962 0.990851 -0.000000 -17.610476 -0.000000 0.000000 1.000000 0.000000 1567410239257110000

0.990923 0.134432 0.000000 232.466671 -0.134432 0.990923 -0.000000 -17.857041 -0.000000 0.000000 1.000000 0.000000 1567410239506516000

0.990964 0.134129 0.000000 234.407881 -0.134129 0.990964 -0.000000 -18.135020 -0.000000 0.000000 1.000000 0.000000 1567410239755719000

0.991065 0.133380 0.000000 236.361378 -0.133380 0.991065 -0.000000 -18.367959 -0.000000 0.000000 1.000000 0.000000 1567410240006064000

0.991090 0.133195 0.000000 238.293586 -0.133195 0.991090 -0.000000 -18.624292 -0.000000 0.000000 1.000000 0.000000 1567410240255577000

0.990999 0.133869 0.000000 240.252147 -0.133869 0.990999 -0.000000 -18.906385 -0.000000 0.000000 1.000000 0.000000 1567410240505496000

0.991043 0.133542 0.000000 242.184929 -0.133542 0.991043 -0.000000 -19.197423 -0.000000 0.000000 1.000000 0.000000 1567410240754612000

0.991242 0.132054 0.000000 244.147341 -0.132054 0.991242 -0.000000 -19.417499 -0.000000 0.000000 1.000000 0.000000 1567410241004081000

0.991206 0.132329 0.000000 246.067450 -0.132329 0.991206 -0.000000 -19.700088 -0.000000 0.000000 1.000000 0.000000 1567410241253655000

0.991344 0.131289 0.000000 247.995359 -0.131289 0.991344 -0.000000 -19.986947 -0.000000 0.000000 1.000000 0.000000 1567410241503316000

0.991372 0.131082 0.000000 249.926180 -0.131082 0.991372 -0.000000 -20.233724 -0.000000 0.000000 1.000000 0.000000 1567410241752218000

0.991535 0.129837 0.000000 251.792925 -0.129837 0.991535 -0.000000 -20.479242 -0.000000 0.000000 1.000000 0.000000 1567410242001778000

0.991696 0.128606 0.000000 253.678350 -0.128606 0.991696 -0.000000 -20.734302 -0.000000 0.000000 1.000000 0.000000 1567410242251416000

0.991901 0.127012 0.000000 255.511702 -0.127012 0.991901 -0.000000 -20.947516 -0.000000 0.000000 1.000000 0.000000 1567410242500823000

0.991951 0.126623 0.000000 257.346862 -0.126623 0.991951 -0.000000 -21.197516 -0.000000 0.000000 1.000000 0.000000 1567410242750677000

0.992187 0.124756 0.000000 259.191634 -0.124756 0.992187 -0.000000 -21.408621 -0.000000 0.000000 1.000000 0.000000 1567410242999958000

0.992302 0.123839 0.000000 260.952767 -0.123839 0.992302 -0.000000 -21.631500 -0.000000 0.000000 1.000000 0.000000 1567410243250004000

0.992357 0.123397 0.000000 262.604083 -0.123397 0.992357 -0.000000 -21.880677 -0.000000 0.000000 1.000000 0.000000 1567410243499701000

0.992296 0.123892 0.000000 264.393271 -0.123892 0.992296 -0.000000 -22.167766 -0.000000 0.000000 1.000000 0.000000 1567410243749969000

0.992336 0.123567 0.000000 266.300245 -0.123567 0.992336 -0.000000 -22.280907 -0.000000 0.000000 1.000000 0.000000 1567410243998587000

0.992370 0.123298 0.000000 267.972885 -0.123298 0.992370 -0.000000 -22.559390 -0.000000 0.000000 1.000000 0.000000 1567410244248363000

0.992181 0.124810 0.000000 269.692750 -0.124810 0.992181 -0.000000 -22.746343 -0.000000 0.000000 1.000000 0.000000 1567410244498184000

0.992374 0.123260 0.000000 271.473193 -0.123260 0.992374 -0.000000 -22.983307 -0.000000 0.000000 1.000000 0.000000 1567410244747634000

0.992673 0.120836 0.000000 273.308462 -0.120836 0.992673 -0.000000 -23.165770 -0.000000 0.000000 1.000000 0.000000 1567410244996903000

0.992775 0.119988 0.000000 275.087243 -0.119988 0.992775 -0.000000 -23.370084 -0.000000 0.000000 1.000000 0.000000 1567410245246738000

0.993070 0.117521 0.000000 276.892378 -0.117521 0.993070 -0.000000 -23.591514 -0.000000 0.000000 1.000000 0.000000 1567410245494995000

0.993674 0.112304 0.000000 278.710079 -0.112304 0.993674 -0.000000 -23.780461 -0.000000 0.000000 1.000000 0.000000 1567410245744691000

0.994011 0.109281 0.000000 280.574635 -0.109281 0.994011 -0.000000 -23.947378 -0.000000 0.000000 1.000000 0.000000 1567410245994247000

0.994594 0.103842 0.000000 282.396622 -0.103842 0.994594 -0.000000 -24.111423 -0.000000 0.000000 1.000000 0.000000 1567410246243705000

0.994932 0.100554 0.000000 284.252556 -0.100554 0.994932 -0.000000 -24.298826 -0.000000 0.000000 1.000000 0.000000 1567410246493366000

0.995417 0.095625 0.000000 286.076884 -0.095625 0.995417 -0.000000 -24.470890 -0.000000 0.000000 1.000000 0.000000 1567410246742847000

0.995710 0.092527 0.000000 287.955682 -0.092527 0.995710 -0.000000 -24.659276 -0.000000 0.000000 1.000000 0.000000 1567410246992239000

0.996147 0.087694 0.000000 289.798109 -0.087694 0.996147 -0.000000 -24.793305 -0.000000 0.000000 1.000000 0.000000 1567410247242031000

0.996375 0.085069 0.000000 291.683736 -0.085069 0.996375 -0.000000 -24.926314 -0.000000 0.000000 1.000000 0.000000 1567410247490856000

0.996633 0.081992 0.000000 293.573229 -0.081992 0.996633 -0.000000 -25.080785 -0.000000 0.000000 1.000000 0.000000 1567410247740809000

0.996875 0.079000 0.000000 295.456889 -0.079000 0.996875 -0.000000 -25.220480 -0.000000 0.000000 1.000000 0.000000 1567410247990626000

0.997295 0.073504 0.000000 297.313869 -0.073504 0.997295 -0.000000 -25.335404 -0.000000 0.000000 1.000000 0.000000 1567410248240469000

0.997642 0.068639 0.000000 299.260646 -0.068639 0.997642 -0.000000 -25.431058 -0.000000 0.000000 1.000000 0.000000 1567410248489638000

0.998040 0.062584 0.000000 301.136293 -0.062584 0.998040 -0.000000 -25.571715 -0.000000 0.000000 1.000000 0.000000 1567410248740238000

0.998410 0.056365 0.000000 303.027250 -0.056365 0.998410 -0.000000 -25.650959 -0.000000 0.000000 1.000000 0.000000 1567410248988851000

0.998639 0.052148 0.000000 304.901557 -0.052148 0.998639 -0.000000 -25.744771 -0.000000 0.000000 1.000000 0.000000 1567410249238089000

0.998895 0.046998 0.000000 306.730994 -0.046998 0.998895 -0.000000 -25.792980 -0.000000 0.000000 1.000000 0.000000 1567410249487182000

0.999108 0.042232 0.000000 308.616004 -0.042232 0.999108 -0.000000 -25.897340 -0.000000 0.000000 1.000000 0.000000 1567410249737211000

0.999133 0.041629 0.000000 310.399639 -0.041629 0.999133 -0.000000 -25.927633 -0.000000 0.000000 1.000000 0.000000 1567410249986280000

0.999062 0.043293 0.000000 312.144939 -0.043293 0.999062 -0.000000 -26.003192 -0.000000 0.000000 1.000000 0.000000 1567410250235806000

0.999045 0.043700 0.000000 313.875265 -0.043700 0.999045 -0.000000 -26.059049 -0.000000 0.000000 1.000000 0.000000 1567410250485075000

0.999004 0.044630 0.000000 315.712260 -0.044630 0.999004 -0.000000 -26.176928 -0.000000 0.000000 1.000000 0.000000 1567410250735249000

0.999127 0.041786 0.000000 317.612284 -0.041786 0.999127 -0.000000 -26.241414 -0.000000 0.000000 1.000000 0.000000 1567410250983900000

0.999081 0.042867 0.000000 319.426979 -0.042867 0.999081 -0.000000 -26.288262 -0.000000 0.000000 1.000000 0.000000 1567410251232637000

0.999030 0.044037 0.000000 321.205525 -0.044037 0.999030 -0.000000 -26.279542 -0.000000 0.000000 1.000000 0.000000 1567410251482924000

0.999071 0.043104 0.000000 323.032499 -0.043104 0.999071 -0.000000 -26.361767 -0.000000 0.000000 1.000000 0.000000 1567410251731930000

0.999105 0.042290 0.000000 324.892405 -0.042290 0.999105 -0.000000 -26.445518 -0.000000 0.000000 1.000000 0.000000 1567410251981708000

0.999202 0.039933 0.000000 326.747602 -0.039933 0.999202 -0.000000 -26.500419 -0.000000 0.000000 1.000000 0.000000 1567410252231835000

0.999344 0.036219 0.000000 328.671905 -0.036219 0.999344 -0.000000 -26.557420 -0.000000 0.000000 1.000000 0.000000 1567410252480110000

0.999456 0.032991 0.000000 330.555738 -0.032991 0.999456 -0.000000 -26.657186 -0.000000 0.000000 1.000000 0.000000 1567410252730329000

0.999583 0.028867 0.000000 332.445314 -0.028867 0.999583 -0.000000 -26.689285 -0.000000 0.000000 1.000000 0.000000 1567410252979616000

0.999657 0.026178 0.000000 334.359083 -0.026178 0.999657 -0.000000 -26.711806 -0.000000 0.000000 1.000000 0.000000 1567410253228921000

0.999744 0.022616 0.000000 336.314994 -0.022616 0.999744 -0.000000 -26.718597 -0.000000 0.000000 1.000000 0.000000 1567410253480088000

0.999836 0.018135 0.000000 338.258003 -0.018135 0.999836 -0.000000 -26.754157 -0.000000 0.000000 1.000000 0.000000 1567410253729525000

0.999887 0.015002 0.000000 340.233444 -0.015002 0.999887 -0.000000 -26.770369 -0.000000 0.000000 1.000000 0.000000 1567410253979006000

0.999917 0.012911 0.000000 342.244336 -0.012911 0.999917 -0.000000 -26.773702 -0.000000 0.000000 1.000000 0.000000 1567410254228824000

0.999919 0.012724 0.000000 344.237836 -0.012724 0.999919 -0.000000 -26.762103 -0.000000 0.000000 1.000000 0.000000 1567410254478256000

0.999920 0.012654 0.000000 346.248522 -0.012654 0.999920 -0.000000 -26.795689 -0.000000 0.000000 1.000000 0.000000 1567410254726814000

0.999931 0.011772 0.000000 348.293856 -0.011772 0.999931 -0.000000 -26.826573 -0.000000 0.000000 1.000000 0.000000 1567410254976206000

0.999951 0.009863 0.000000 350.343569 -0.009863 0.999951 -0.000000 -26.835661 -0.000000 0.000000 1.000000 0.000000 1567410255225807000

0.999967 0.008088 0.000000 352.379497 -0.008088 0.999967 -0.000000 -26.826884 -0.000000 0.000000 1.000000 0.000000 1567410255475409000

0.999977 0.006810 0.000000 354.440417 -0.006810 0.999977 -0.000000 -26.842433 -0.000000 0.000000 1.000000 0.000000 1567410255726137000

0.999981 0.006232 0.000000 356.540871 -0.006232 0.999981 -0.000000 -26.817988 -0.000000 0.000000 1.000000 0.000000 1567410255974784000

0.999985 0.005417 0.000000 358.620778 -0.005417 0.999985 -0.000000 -26.843143 -0.000000 0.000000 1.000000 0.000000 1567410256224127000

0.999985 0.005500 0.000000 360.709404 -0.005500 0.999985 -0.000000 -26.846497 -0.000000 0.000000 1.000000 0.000000 1567410256473594000

0.999985 0.005449 0.000000 362.810169 -0.005449 0.999985 -0.000000 -26.843290 -0.000000 0.000000 1.000000 0.000000 1567410256722943000

0.999991 0.004273 0.000000 364.958229 -0.004273 0.999991 -0.000000 -26.832385 -0.000000 0.000000 1.000000 0.000000 1567410256973033000

0.999992 0.003990 0.000000 367.111556 -0.003990 0.999992 -0.000000 -26.818275 -0.000000 0.000000 1.000000 0.000000 1567410257221763000

0.999995 0.003171 0.000000 369.246472 -0.003171 0.999995 -0.000000 -26.843248 -0.000000 0.000000 1.000000 0.000000 1567410257471165000

0.999999 0.001194 0.000000 371.362849 -0.001194 0.999999 -0.000000 -26.858486 -0.000000 0.000000 1.000000 0.000000 1567410257720965000

1.000000 -0.000430 0.000000 373.537819 0.000430 1.000000 0.000000 -26.823329 0.000000 0.000000 1.000000 0.000000 1567410257970501000

0.999998 -0.001828 0.000000 375.792751 0.001828 0.999998 0.000000 -26.778518 0.000000 0.000000 1.000000 0.000000 1567410258219536000

0.999994 -0.003545 0.000000 377.910104 0.003545 0.999994 0.000000 -26.766623 0.000000 0.000000 1.000000 0.000000 1567410258469037000

0.999981 -0.006100 0.000000 380.111445 0.006100 0.999981 0.000000 -26.776552 0.000000 0.000000 1.000000 0.000000 1567410258721242000

0.999961 -0.008816 0.000000 382.429836 0.008816 0.999961 0.000000 -26.751783 0.000000 0.000000 1.000000 0.000000 1567410258968430000

0.999942 -0.010742 0.000000 384.639514 0.010742 0.999942 0.000000 -26.698203 0.000000 0.000000 1.000000 0.000000 1567410259218726000

0.999926 -0.012164 0.000000 386.857576 0.012164 0.999926 0.000000 -26.723555 0.000000 0.000000 1.000000 0.000000 1567410259468454000

0.999904 -0.013821 0.000000 389.070607 0.013821 0.999904 0.000000 -26.638038 0.000000 0.000000 1.000000 0.000000 1567410259718175000

0.999877 -0.015658 0.000000 391.318034 0.015658 0.999877 0.000000 -26.575717 0.000000 0.000000 1.000000 0.000000 1567410259967549000

0.999830 -0.018416 0.000000 393.472260 0.018416 0.999830 0.000000 -26.540619 0.000000 0.000000 1.000000 0.000000 1567410260216656000

0.999805 -0.019767 0.000000 395.670715 0.019767 0.999805 0.000000 -26.535458 0.000000 0.000000 1.000000 0.000000 1567410260465898000

0.999742 -0.022719 0.000000 397.715495 0.022719 0.999742 0.000000 -26.462203 0.000000 0.000000 1.000000 0.000000 1567410260714324000

0.999668 -0.025755 0.000000 399.825733 0.025755 0.999668 0.000000 -26.381221 0.000000 0.000000 1.000000 0.000000 1567410260964083000

0.999545 -0.030177 0.000000 401.917320 0.030177 0.999545 0.000000 -26.328832 0.000000 0.000000 1.000000 0.000000 1567410261213270000

0.999405 -0.034484 0.000000 404.014697 0.034484 0.999405 0.000000 -26.256016 0.000000 0.000000 1.000000 0.000000 1567410261462452000

0.999258 -0.038523 0.000000 406.075036 0.038523 0.999258 0.000000 -26.178920 0.000000 0.000000 1.000000 0.000000 1567410261712135000

0.999070 -0.043124 0.000000 408.135084 0.043124 0.999070 0.000000 -26.078445 0.000000 0.000000 1.000000 0.000000 1567410261961358000

0.998882 -0.047272 0.000000 410.186563 0.047272 0.998882 0.000000 -26.002214 0.000000 0.000000 1.000000 0.000000 1567410262210536000

0.998695 -0.051069 0.000000 412.264700 0.051069 0.998695 0.000000 -25.849242 0.000000 0.000000 1.000000 0.000000 1567410262459494000

0.998471 -0.055270 0.000000 414.362719 0.055270 0.998471 0.000000 -25.709396 0.000000 0.000000 1.000000 0.000000 1567410262708557000

0.998386 -0.056790 0.000000 416.431913 0.056790 0.998386 0.000000 -25.625654 0.000000 0.000000 1.000000 0.000000 1567410262957755000

0.998209 -0.059816 0.000000 418.467213 0.059816 0.998209 0.000000 -25.477988 0.000000 0.000000 1.000000 0.000000 1567410263207749000

0.998022 -0.062864 0.000000 420.569921 0.062864 0.998022 0.000000 -25.302337 0.000000 0.000000 1.000000 0.000000 1567410263457397000

0.997822 -0.065971 0.000000 422.682268 0.065971 0.997822 0.000000 -25.149382 0.000000 0.000000 1.000000 0.000000 1567410263706684000

0.997550 -0.069959 0.000000 424.791832 0.069959 0.997550 0.000000 -24.994814 0.000000 0.000000 1.000000 0.000000 1567410263956233000

0.997203 -0.074741 0.000000 426.928433 0.074741 0.997203 0.000000 -24.879650 0.000000 0.000000 1.000000 0.000000 1567410264205295000

0.996843 -0.079394 0.000000 429.005944 0.079394 0.996843 0.000000 -24.686820 0.000000 0.000000 1.000000 0.000000 1567410264455946000

0.996553 -0.082956 0.000000 431.072856 0.082956 0.996553 0.000000 -24.497491 0.000000 0.000000 1.000000 0.000000 1567410264704119000

0.996132 -0.087873 0.000000 433.160238 0.087873 0.996132 0.000000 -24.240194 0.000000 0.000000 1.000000 0.000000 1567410264952664000

0.995805 -0.091502 0.000000 435.209277 0.091502 0.995805 0.000000 -24.075999 0.000000 0.000000 1.000000 0.000000 1567410265202447000

0.995449 -0.095294 0.000000 437.178818 0.095294 0.995449 0.000000 -23.850869 0.000000 0.000000 1.000000 0.000000 1567410265451975000

0.994999 -0.099880 0.000000 439.135153 0.099880 0.994999 0.000000 -23.641764 0.000000 0.000000 1.000000 0.000000 1567410265700944000

0.994719 -0.102636 0.000000 441.117344 0.102636 0.994719 0.000000 -23.446786 0.000000 0.000000 1.000000 0.000000 1567410265950215000

0.994323 -0.106408 0.000000 443.020398 0.106408 0.994323 0.000000 -23.214136 0.000000 0.000000 1.000000 0.000000 1567410266199857000

0.993734 -0.111769 0.000000 444.820974 0.111769 0.993734 0.000000 -23.042285 0.000000 0.000000 1.000000 0.000000 1567410266449556000

0.993324 -0.115354 0.000000 446.741858 0.115354 0.993324 0.000000 -22.808319 0.000000 0.000000 1.000000 0.000000 1567410266698427000

0.992967 -0.118388 0.000000 448.602011 0.118388 0.992967 0.000000 -22.552093 0.000000 0.000000 1.000000 0.000000 1567410266948064000

0.992643 -0.121081 0.000000 450.438281 0.121081 0.992643 0.000000 -22.300323 0.000000 0.000000 1.000000 0.000000 1567410267196395000

0.992046 -0.125876 0.000000 452.163829 0.125876 0.992046 0.000000 -22.055161 0.000000 0.000000 1.000000 0.000000 1567410267446888000

0.991712 -0.128483 0.000000 454.083322 0.128483 0.991712 0.000000 -21.813653 0.000000 0.000000 1.000000 0.000000 1567410267696346000

0.991187 -0.132467 0.000000 455.984863 0.132467 0.991187 0.000000 -21.574287 0.000000 0.000000 1.000000 0.000000 1567410267945221000

0.990710 -0.135992 0.000000 457.823591 0.135992 0.990710 0.000000 -21.339338 0.000000 0.000000 1.000000 0.000000 1567410268194788000

0.990330 -0.138734 0.000000 459.704742 0.138734 0.990330 0.000000 -21.020292 0.000000 0.000000 1.000000 0.000000 1567410268444332000

0.989943 -0.141469 0.000000 461.549412 0.141469 0.989943 0.000000 -20.725666 0.000000 0.000000 1.000000 0.000000 1567410268693528000

0.989353 -0.145534 0.000000 463.482703 0.145534 0.989353 0.000000 -20.534086 0.000000 0.000000 1.000000 0.000000 1567410268942767000

0.988722 -0.149766 0.000000 465.397622 0.149766 0.988722 0.000000 -20.238084 0.000000 0.000000 1.000000 0.000000 1567410269191829000

0.988267 -0.152734 0.000000 467.250954 0.152734 0.988267 0.000000 -19.902203 0.000000 0.000000 1.000000 0.000000 1567410269441709000

0.987579 -0.157125 0.000000 469.189851 0.157125 0.987579 0.000000 -19.543955 0.000000 0.000000 1.000000 0.000000 1567410269691692000

0.986966 -0.160930 0.000000 471.075463 0.160930 0.986966 0.000000 -19.255414 0.000000 0.000000 1.000000 0.000000 1567410269942033000

0.986273 -0.165123 0.000000 472.934773 0.165123 0.986273 0.000000 -18.942820 0.000000 0.000000 1.000000 0.000000 1567410270189567000

0.985605 -0.169063 0.000000 474.789979 0.169063 0.985605 0.000000 -18.605356 0.000000 0.000000 1.000000 0.000000 1567410270440192000

0.984935 -0.172926 0.000000 476.499178 0.172926 0.984935 0.000000 -18.320927 0.000000 0.000000 1.000000 0.000000 1567410270688851000

0.984539 -0.175168 0.000000 478.350678 0.175168 0.984539 0.000000 -17.981122 0.000000 0.000000 1.000000 0.000000 1567410270937134000

0.983799 -0.179277 0.000000 480.096136 0.179277 0.983799 0.000000 -17.607546 0.000000 0.000000 1.000000 0.000000 1567410271188786000

0.982773 -0.184816 0.000000 481.779622 0.184816 0.982773 0.000000 -17.319460 0.000000 0.000000 1.000000 0.000000 1567410271435577000

0.982205 -0.187813 0.000000 483.612085 0.187813 0.982205 0.000000 -16.936434 0.000000 0.000000 1.000000 0.000000 1567410271685822000

0.981491 -0.191510 0.000000 485.367664 0.191510 0.981491 0.000000 -16.607267 0.000000 0.000000 1.000000 0.000000 1567410271935474000

0.981065 -0.193680 0.000000 487.172619 0.193680 0.981065 0.000000 -16.150094 0.000000 0.000000 1.000000 0.000000 1567410272184728000

0.980398 -0.197025 0.000000 488.953481 0.197025 0.980398 0.000000 -15.811459 0.000000 0.000000 1.000000 0.000000 1567410272436682000

0.980292 -0.197556 0.000000 490.805563 0.197556 0.980292 0.000000 -15.455988 0.000000 0.000000 1.000000 0.000000 1567410272684000000

0.980157 -0.198224 0.000000 492.594364 0.198224 0.980157 0.000000 -15.063249 0.000000 0.000000 1.000000 0.000000 1567410272933274000

0.979928 -0.199354 0.000000 494.437587 0.199354 0.979928 0.000000 -14.703968 0.000000 0.000000 1.000000 0.000000 1567410273182683000

0.979749 -0.200229 0.000000 496.277235 0.200229 0.979749 0.000000 -14.341621 0.000000 0.000000 1.000000 0.000000 1567410273432039000

0.979431 -0.201779 0.000000 498.102806 0.201779 0.979431 0.000000 -13.964977 0.000000 0.000000 1.000000 0.000000 1567410273681042000

0.978951 -0.204094 0.000000 500.002687 0.204094 0.978951 0.000000 -13.550255 0.000000 0.000000 1.000000 0.000000 1567410273930412000

0.977900 -0.209074 0.000000 501.853858 0.209074 0.977900 0.000000 -13.124333 0.000000 0.000000 1.000000 0.000000 1567410274179963000

0.977114 -0.212715 0.000000 503.822788 0.212715 0.977114 0.000000 -12.753518 0.000000 0.000000 1.000000 0.000000 1567410274430208000

0.976229 -0.216741 0.000000 505.743209 0.216741 0.976229 0.000000 -12.288387 0.000000 0.000000 1.000000 0.000000 1567410274678807000

0.975400 -0.220444 0.000000 507.637279 0.220444 0.975400 0.000000 -11.808120 0.000000 0.000000 1.000000 0.000000 1567410274928024000

0.975015 -0.222139 0.000000 509.589751 0.222139 0.975015 0.000000 -11.366109 0.000000 0.000000 1.000000 0.000000 1567410275177872000

0.974420 -0.224736 0.000000 511.528707 0.224736 0.974420 0.000000 -10.945665 0.000000 0.000000 1.000000 0.000000 1567410275426728000

0.974016 -0.226477 0.000000 513.521340 0.226477 0.974016 0.000000 -10.473175 0.000000 0.000000 1.000000 0.000000 1567410275675894000

0.973605 -0.228238 0.000000 515.410670 0.228238 0.973605 0.000000 -9.994339 0.000000 0.000000 1.000000 0.000000 1567410275925507000

0.972944 -0.231041 0.000000 517.386743 0.231041 0.972944 0.000000 -9.546788 0.000000 0.000000 1.000000 0.000000 1567410276174718000

0.972147 -0.234373 0.000000 519.291787 0.234373 0.972147 0.000000 -9.023186 0.000000 0.000000 1.000000 0.000000 1567410276424118000

0.971185 -0.238328 0.000000 521.198616 0.238328 0.971185 0.000000 -8.605763 0.000000 0.000000 1.000000 0.000000 1567410276673632000

0.970025 -0.243003 0.000000 523.047915 0.243003 0.970025 0.000000 -8.156096 0.000000 0.000000 1.000000 0.000000 1567410276922642000

0.968834 -0.247710 0.000000 524.892277 0.247710 0.968834 0.000000 -7.669099 0.000000 0.000000 1.000000 0.000000 1567410277172115000

0.967624 -0.252397 0.000000 526.694344 0.252397 0.967624 0.000000 -7.216640 0.000000 0.000000 1.000000 0.000000 1567410277421394000

0.966312 -0.257375 0.000000 528.501533 0.257375 0.966312 0.000000 -6.683702 0.000000 0.000000 1.000000 0.000000 1567410277670831000

0.964761 -0.263127 0.000000 530.245163 0.263127 0.964761 0.000000 -6.218369 0.000000 0.000000 1.000000 0.000000 1567410277920299000

0.963241 -0.268638 0.000000 532.022715 0.268638 0.963241 0.000000 -5.734565 0.000000 0.000000 1.000000 0.000000 1567410278169909000

0.961623 -0.274375 0.000000 533.760375 0.274375 0.961623 0.000000 -5.263460 0.000000 0.000000 1.000000 0.000000 1567410278418758000

0.960477 -0.278360 0.000000 535.403968 0.278360 0.960477 0.000000 -4.783788 0.000000 0.000000 1.000000 0.000000 1567410278669482000

0.959514 -0.281662 0.000000 537.075653 0.281662 0.959514 0.000000 -4.312266 0.000000 0.000000 1.000000 0.000000 1567410278918389000

0.958300 -0.285766 0.000000 538.808720 0.285766 0.958300 0.000000 -3.772288 0.000000 0.000000 1.000000 0.000000 1567410279167462000

0.958004 -0.286756 0.000000 540.359301 0.286756 0.958004 0.000000 -3.376716 0.000000 0.000000 1.000000 0.000000 1567410279415518000

0.957275 -0.289180 0.000000 541.934607 0.289180 0.957275 0.000000 -2.788947 0.000000 0.000000 1.000000 0.000000 1567410279666064000

0.956626 -0.291318 0.000000 543.544570 0.291318 0.956626 0.000000 -2.314910 0.000000 0.000000 1.000000 0.000000 1567410279915313000

0.956416 -0.292006 0.000000 545.153574 0.292006 0.956416 0.000000 -1.824285 0.000000 0.000000 1.000000 0.000000 1567410280164531000

0.955847 -0.293866 0.000000 546.640296 0.293866 0.955847 0.000000 -1.375536 0.000000 0.000000 1.000000 0.000000 1567410280413674000

0.955399 -0.295319 0.000000 548.201031 0.295319 0.955399 0.000000 -0.849733 0.000000 0.000000 1.000000 0.000000 1567410280663364000

0.955532 -0.294886 0.000000 549.708712 0.294886 0.955532 0.000000 -0.360893 0.000000 0.000000 1.000000 0.000000 1567410280912973000

0.957591 -0.288130 0.000000 551.159728 0.288130 0.957591 0.000000 0.058832 0.000000 0.000000 1.000000 0.000000 1567410281161866000

0.964931 -0.262505 0.000000 553.893387 0.262505 0.964931 0.000000 0.845863 0.000000 0.000000 1.000000 0.000000 1567410281660395000

0.979585 -0.201031 0.000000 556.520135 0.201031 0.979585 0.000000 1.384190 0.000000 0.000000 1.000000 0.000000 1567410282159034000

0.995315 -0.096685 0.000000 558.856426 0.096685 0.995315 0.000000 1.506918 0.000000 0.000000 1.000000 0.000000 1567410282657404000

0.999196 0.040093 0.000000 560.957292 -0.040093 0.999196 -0.000000 1.323139 -0.000000 0.000000 1.000000 0.000000 1567410283156684000

0.978939 0.204154 0.000000 562.858176 -0.204154 0.978939 -0.000000 0.831612 -0.000000 0.000000 1.000000 0.000000 1567410283654623000

0.953417 0.301655 0.000000 563.813218 -0.301655 0.953417 -0.000000 0.425875 -0.000000 0.000000 1.000000 0.000000 1567410283903860000

0.915909 0.401385 0.000000 564.628090 -0.401385 0.915909 -0.000000 -0.061399 -0.000000 0.000000 1.000000 0.000000 1567410284152724000

0.862177 0.506608 0.000000 565.411274 -0.506608 0.862177 -0.000000 -0.663591 -0.000000 0.000000 1.000000 0.000000 1567410284402156000

0.790612 0.612317 0.000000 566.068391 -0.612317 0.790612 -0.000000 -1.324820 -0.000000 0.000000 1.000000 0.000000 1567410284651620000

0.702781 0.711406 0.000000 566.700235 -0.711406 0.702781 -0.000000 -2.078413 -0.000000 0.000000 1.000000 0.000000 1567410284900868000

0.601845 0.798613 0.000000 567.151585 -0.798613 0.601845 -0.000000 -2.944865 -0.000000 0.000000 1.000000 0.000000 1567410285150356000

