1.000000 0.000000 0.000000 0.000000 0.000000 1.000000 0.000000 0.000000 0.000000 0.000000 1.000000 0.000000
0.995243 -0.097419 0.000000 0.811545 0.097419 0.995243 0.000000 0.115828 0.000000 0.000000 1.000000 0.000000
0.978270 -0.207335 0.000000 1.767105 0.207335 0.978270 0.000000 0.351146 0.000000 0.000000 1.000000 0.000000
0.957131 -0.289654 0.000000 3.300998 0.289654 0.957131 0.000000 0.688798 0.000000 0.000000 1.000000 0.000000
0.964777 -0.263070 0.000000 5.465943 0.263070 0.964777 0.000000 1.305432 0.000000 0.000000 1.000000 0.000000
0.977086 -0.212843 0.000000 7.289847 0.212843 0.977086 0.000000 1.757446 0.000000 0.000000 1.000000 0.000000
0.985750 -0.168216 0.000000 9.476792 0.168216 0.985750 0.000000 2.061160 0.000000 0.000000 1.000000 0.000000
0.992231 -0.124408 0.000000 11.996357 0.124408 0.992231 0.000000 2.314549 0.000000 0.000000 1.000000 0.000000
0.995402 -0.095785 0.000000 14.783401 0.095785 0.995402 0.000000 2.564086 0.000000 0.000000 1.000000 0.000000
0.997090 -0.076233 0.000000 17.730177 0.076233 0.997090 0.000000 2.753388 0.000000 0.000000 1.000000 0.000000
0.997875 -0.065162 0.000000 19.312563 0.065162 0.997875 0.000000 2.830034 0.000000 0.000000 1.000000 0.000000
0.998314 -0.058038 0.000000 20.959531 0.058038 0.998314 0.000000 2.852520 0.000000 0.000000 1.000000 0.000000
0.998560 -0.053644 0.000000 22.620114 0.053644 0.998560 0.000000 2.947284 0.000000 0.000000 1.000000 0.000000
0.998751 -0.049955 0.000000 24.292378 0.049955 0.998751 0.000000 3.030466 0.000000 0.000000 1.000000 0.000000
0.998990 -0.044940 0.000000 26.012455 0.044940 0.998990 0.000000 3.106219 0.000000 0.000000 1.000000 0.000000
0.999158 -0.041017 0.000000 27.753848 0.041017 0.999158 0.000000 3.128961 0.000000 0.000000 1.000000 0.000000
0.999134 -0.041598 0.000000 29.472314 0.041598 0.999134 0.000000 3.212830 0.000000 0.000000 1.000000 0.000000
0.998885 -0.047212 0.000000 31.222743 0.047212 0.998885 0.000000 3.235405 0.000000 0.000000 1.000000 0.000000
0.998609 -0.052733 0.000000 32.993825 0.052733 0.998609 0.000000 3.354198 0.000000 0.000000 1.000000 0.000000
0.998268 -0.058825 0.000000 34.846013 0.058825 0.998268 0.000000 3.424975 0.000000 0.000000 1.000000 0.000000
0.998124 -0.061217 0.000000 36.612700 0.061217 0.998124 0.000000 3.519300 0.000000 0.000000 1.000000 0.000000
0.998116 -0.061361 0.000000 38.500916 0.061361 0.998116 0.000000 3.597224 0.000000 0.000000 1.000000 0.000000
0.998222 -0.059608 0.000000 40.385499 0.059608 0.998222 0.000000 3.665365 0.000000 0.000000 1.000000 0.000000
0.998140 -0.060961 0.000000 42.232502 0.060961 0.998140 0.000000 3.786616 0.000000 0.000000 1.000000 0.000000
0.997879 -0.065101 0.000000 44.176231 0.065101 0.997879 0.000000 3.872895 0.000000 0.000000 1.000000 0.000000
0.997642 -0.068635 0.000000 46.108514 0.068635 0.997642 0.000000 3.952640 0.000000 0.000000 1.000000 0.000000
0.997289 -0.073583 0.000000 48.061622 0.073583 0.997289 0.000000 4.122409 0.000000 0.000000 1.000000 0.000000
0.996925 -0.078359 0.000000 50.029644 0.078359 0.996925 0.000000 4.308033 0.000000 0.000000 1.000000 0.000000
0.996728 -0.080825 0.000000 51.985742 0.080825 0.996728 0.000000 4.427826 0.000000 0.000000 1.000000 0.000000
0.996777 -0.080223 0.000000 53.985014 0.080223 0.996777 0.000000 4.569335 0.000000 0.000000 1.000000 0.000000
0.997079 -0.076381 0.000000 55.978871 0.076381 0.997079 0.000000 4.670041 0.000000 0.000000 1.000000 0.000000
0.997371 -0.072465 0.000000 58.057881 0.072465 0.997371 0.000000 4.776176 0.000000 0.000000 1.000000 0.000000
0.997692 -0.067899 0.000000 60.082585 0.067899 0.997692 0.000000 4.908009 0.000000 0.000000 1.000000 0.000000
0.997812 -0.066120 0.000000 62.138193 0.066120 0.997812 0.000000 4.976845 0.000000 0.000000 1.000000 0.000000
0.998003 -0.063171 0.000000 64.145348 0.063171 0.998003 0.000000 5.049966 0.000000 0.000000 1.000000 0.000000
0.998222 -0.059607 0.000000 66.231375 0.059607 0.998222 0.000000 5.143727 0.000000 0.000000 1.000000 0.000000
0.998480 -0.055115 0.000000 68.299367 0.055115 0.998480 0.000000 5.230947 0.000000 0.000000 1.000000 0.000000
0.998732 -0.050337 0.000000 70.331824 0.050337 0.998732 0.000000 5.298026 0.000000 0.000000 1.000000 0.000000
0.999107 -0.042243 0.000000 72.360652 0.042243 0.999107 0.000000 5.384368 0.000000 0.000000 1.000000 0.000000
0.999342 -0.036282 0.000000 74.487583 0.036282 0.999342 0.000000 5.437716 0.000000 0.000000 1.000000 0.000000
0.999468 -0.032630 0.000000 76.539089 0.032630 0.999468 0.000000 5.446044 0.000000 0.000000 1.000000 0.000000
0.999671 -0.025651 0.000000 78.587565 0.025651 0.999671 0.000000 5.449190 0.000000 0.000000 1.000000 0.000000
0.999765 -0.021679 0.000000 80.685768 0.021679 0.999765 0.000000 5.421141 0.000000 0.000000 1.000000 0.000000
0.999833 -0.018272 0.000000 82.732357 0.018272 0.999833 0.000000 5.445027 0.000000 0.000000 1.000000 0.000000
0.999872 -0.015980 0.000000 84.830691 0.015980 0.999872 0.000000 5.540486 0.000000 0.000000 1.000000 0.000000
0.999848 -0.017419 0.000000 86.967022 0.017419 0.999848 0.000000 5.495797 0.000000 0.000000 1.000000 0.000000
0.999761 -0.021866 0.000000 89.018352 0.021866 0.999761 0.000000 5.476053 0.000000 0.000000 1.000000 0.000000
0.999639 -0.026865 0.000000 91.145101 0.026865 0.999639 0.000000 5.491460 0.000000 0.000000 1.000000 0.000000
0.999488 -0.031987 0.000000 93.231155 0.031987 0.999488 0.000000 5.533656 0.000000 0.000000 1.000000 0.000000
0.999344 -0.036220 0.000000 95.301459 0.036220 0.999344 0.000000 5.590227 0.000000 0.000000 1.000000 0.000000
0.998993 -0.044861 0.000000 97.417699 0.044861 0.998993 0.000000 5.604133 0.000000 0.000000 1.000000 0.000000
0.998621 -0.052499 0.000000 99.524517 0.052499 0.998621 0.000000 5.777786 0.000000 0.000000 1.000000 0.000000
0.998120 -0.061288 0.000000 101.573773 0.061288 0.998120 0.000000 5.806706 0.000000 0.000000 1.000000 0.000000
0.997665 -0.068299 0.000000 103.664169 0.068299 0.997665 0.000000 5.867070 0.000000 0.000000 1.000000 0.000000
0.997172 -0.075149 0.000000 105.738270 0.075149 0.997172 0.000000 6.055490 0.000000 0.000000 1.000000 0.000000
0.996776 -0.080234 0.000000 107.760122 0.080234 0.996776 0.000000 6.175060 0.000000 0.000000 1.000000 0.000000
0.996261 -0.086389 0.000000 109.811566 0.086389 0.996261 0.000000 6.274485 0.000000 0.000000 1.000000 0.000000
0.995830 -0.091232 0.000000 111.842249 0.091232 0.995830 0.000000 6.435661 0.000000 0.000000 1.000000 0.000000
0.995484 -0.094930 0.000000 113.925918 0.094930 0.995484 0.000000 6.620001 0.000000 0.000000 1.000000 0.000000
0.995073 -0.099141 0.000000 115.976014 0.099141 0.995073 0.000000 6.810309 0.000000 0.000000 1.000000 0.000000
0.994816 -0.101691 0.000000 117.981839 0.101691 0.994816 0.000000 6.992695 0.000000 0.000000 1.000000 0.000000
0.994619 -0.103600 0.000000 119.983683 0.103600 0.994619 0.000000 7.203249 0.000000 0.000000 1.000000 0.000000
0.994409 -0.105595 0.000000 121.930732 0.105595 0.994409 0.000000 7.372795 0.000000 0.000000 1.000000 0.000000
0.994201 -0.107537 0.000000 124.020846 0.107537 0.994201 0.000000 7.569158 0.000000 0.000000 1.000000 0.000000
0.994354 -0.106113 0.000000 126.031087 0.106113 0.994354 0.000000 7.741235 0.000000 0.000000 1.000000 0.000000
0.994673 -0.103076 0.000000 128.105132 0.103076 0.994673 0.000000 7.940801 0.000000 0.000000 1.000000 0.000000
0.994827 -0.101580 0.000000 130.133914 0.101580 0.994827 0.000000 8.104753 0.000000 0.000000 1.000000 0.000000
0.995281 -0.097033 0.000000 132.237944 0.097033 0.995281 0.000000 8.261572 0.000000 0.000000 1.000000 0.000000
0.995804 -0.091516 0.000000 134.296237 0.091516 0.995804 0.000000 8.458300 0.000000 0.000000 1.000000 0.000000
0.996253 -0.086486 0.000000 136.350535 0.086486 0.996253 0.000000 8.605771 0.000000 0.000000 1.000000 0.000000
0.996639 -0.081916 0.000000 138.459483 0.081916 0.996639 0.000000 8.780500 0.000000 0.000000 1.000000 0.000000
0.996604 -0.082341 0.000000 140.543270 0.082341 0.996604 0.000000 8.878048 0.000000 0.000000 1.000000 0.000000
0.996574 -0.082711 0.000000 142.593845 0.082711 0.996574 0.000000 9.053462 0.000000 0.000000 1.000000 0.000000
0.996480 -0.083829 0.000000 144.724820 0.083829 0.996480 0.000000 9.168129 0.000000 0.000000 1.000000 0.000000
0.996381 -0.084998 0.000000 146.825780 0.084998 0.996381 0.000000 9.296339 0.000000 0.000000 1.000000 0.000000
0.996365 -0.085192 0.000000 148.950028 0.085192 0.996365 0.000000 9.426534 0.000000 0.000000 1.000000 0.000000
0.996496 -0.083644 0.000000 151.018683 0.083644 0.996496 0.000000 9.603448 0.000000 0.000000 1.000000 0.000000
0.996518 -0.083374 0.000000 153.193743 0.083374 0.996518 0.000000 9.798807 0.000000 0.000000 1.000000 0.000000
0.996482 -0.083803 0.000000 155.320064 0.083803 0.996482 0.000000 9.945236 0.000000 0.000000 1.000000 0.000000
0.996459 -0.084081 0.000000 157.476140 0.084081 0.996459 0.000000 10.135344 0.000000 0.000000 1.000000 0.000000
0.996288 -0.086083 0.000000 159.634741 0.086083 0.996288 0.000000 10.277690 0.000000 0.000000 1.000000 0.000000
0.996150 -0.087668 0.000000 161.824581 0.087668 0.996150 0.000000 10.451117 0.000000 0.000000 1.000000 0.000000
0.995914 -0.090311 0.000000 163.997806 0.090311 0.995914 0.000000 10.605765 0.000000 0.000000 1.000000 0.000000
0.995699 -0.092650 0.000000 166.204760 0.092650 0.995699 0.000000 10.786523 0.000000 0.000000 1.000000 0.000000
0.995526 -0.094486 0.000000 168.397175 0.094486 0.995526 0.000000 10.981013 0.000000 0.000000 1.000000 0.000000
0.995472 -0.095050 0.000000 170.604422 0.095050 0.995472 0.000000 11.160597 0.000000 0.000000 1.000000 0.000000
0.995350 -0.096319 0.000000 172.871004 0.096319 0.995350 0.000000 11.318587 0.000000 0.000000 1.000000 0.000000
0.995306 -0.096782 0.000000 175.104708 0.096782 0.995306 0.000000 11.539949 0.000000 0.000000 1.000000 0.000000
0.995215 -0.097704 0.000000 177.309047 0.097704 0.995215 0.000000 11.745180 0.000000 0.000000 1.000000 0.000000
0.995105 -0.098824 0.000000 179.460564 0.098824 0.995105 0.000000 11.953995 0.000000 0.000000 1.000000 0.000000
0.994962 -0.100257 0.000000 181.641777 0.100257 0.994962 0.000000 12.210994 0.000000 0.000000 1.000000 0.000000
0.994900 -0.100868 0.000000 183.826613 0.100868 0.994900 0.000000 12.395295 0.000000 0.000000 1.000000 0.000000
0.994817 -0.101680 0.000000 185.959168 0.101680 0.994817 0.000000 12.597715 0.000000 0.000000 1.000000 0.000000
0.994718 -0.102643 0.000000 188.131799 0.102643 0.994718 0.000000 12.786986 0.000000 0.000000 1.000000 0.000000
0.994651 -0.103291 0.000000 190.237298 0.103291 0.994651 0.000000 12.968641 0.000000 0.000000 1.000000 0.000000
0.994565 -0.104122 0.000000 192.310502 0.104122 0.994565 0.000000 13.148322 0.000000 0.000000 1.000000 0.000000
0.994596 -0.103819 0.000000 194.394074 0.103819 0.994596 0.000000 13.354402 0.000000 0.000000 1.000000 0.000000
0.994584 -0.103937 0.000000 196.465693 0.103937 0.994584 0.000000 13.530980 0.000000 0.000000 1.000000 0.000000
0.994604 -0.103748 0.000000 198.464638 0.103748 0.994604 0.000000 13.714879 0.000000 0.000000 1.000000 0.000000
0.994610 -0.103686 0.000000 200.417331 0.103686 0.994610 0.000000 13.890960 0.000000 0.000000 1.000000 0.000000
0.994622 -0.103569 0.000000 202.349994 0.103569 0.994622 0.000000 14.128162 0.000000 0.000000 1.000000 0.000000
0.994559 -0.104179 0.000000 204.228158 0.104179 0.994559 0.000000 14.311348 0.000000 0.000000 1.000000 0.000000
0.994537 -0.104389 0.000000 206.090353 0.104389 0.994537 0.000000 14.497173 0.000000 0.000000 1.000000 0.000000
0.994477 -0.104956 0.000000 207.888106 0.104956 0.994477 0.000000 14.676108 0.000000 0.000000 1.000000 0.000000
0.994469 -0.105027 0.000000 209.620247 0.105027 0.994469 0.000000 14.863976 0.000000 0.000000 1.000000 0.000000
0.994486 -0.104873 0.000000 211.338681 0.104873 0.994486 0.000000 15.014296 0.000000 0.000000 1.000000 0.000000
0.994660 -0.103208 0.000000 213.013761 0.103208 0.994660 0.000000 15.172021 0.000000 0.000000 1.000000 0.000000
0.994881 -0.101051 0.000000 214.519672 0.101051 0.994881 0.000000 15.325376 0.000000 0.000000 1.000000 0.000000
0.994928 -0.100586 0.000000 216.020026 0.100586 0.994928 0.000000 15.445888 0.000000 0.000000 1.000000 0.000000
0.995251 -0.097347 0.000000 218.730285 0.097347 0.995251 0.000000 15.642103 0.000000 0.000000 1.000000 0.000000
0.995472 -0.095057 0.000000 221.210350 0.095057 0.995472 0.000000 15.833553 0.000000 0.000000 1.000000 0.000000
0.995312 -0.096716 0.000000 223.296503 0.096716 0.995312 0.000000 15.983166 0.000000 0.000000 1.000000 0.000000
0.994634 -0.103455 0.000000 225.231459 0.103455 0.994634 0.000000 16.157870 0.000000 0.000000 1.000000 0.000000
0.993487 -0.113948 0.000000 227.146749 0.113948 0.993487 0.000000 16.319377 0.000000 0.000000 1.000000 0.000000
0.992684 -0.120741 0.000000 228.893524 0.120741 0.992684 0.000000 16.544488 0.000000 0.000000 1.000000 0.000000
0.991501 -0.130100 0.000000 230.554321 0.130100 0.991501 0.000000 16.796239 0.000000 0.000000 1.000000 0.000000
0.990060 -0.140644 0.000000 232.262552 0.140644 0.990060 0.000000 16.953656 0.000000 0.000000 1.000000 0.000000
0.988353 -0.152176 0.000000 234.129549 0.152176 0.988353 0.000000 17.215391 0.000000 0.000000 1.000000 0.000000
0.987073 -0.160272 0.000000 235.991374 0.160272 0.987073 0.000000 17.572922 0.000000 0.000000 1.000000 0.000000
0.985074 -0.172133 0.000000 238.028529 0.172133 0.985074 0.000000 17.855105 0.000000 0.000000 1.000000 0.000000
0.983498 -0.180916 0.000000 240.024173 0.180916 0.983498 0.000000 18.184155 0.000000 0.000000 1.000000 0.000000
0.982170 -0.187993 0.000000 242.085424 0.187993 0.982170 0.000000 18.557916 0.000000 0.000000 1.000000 0.000000
0.982155 -0.188075 0.000000 244.274361 0.188075 0.982155 0.000000 18.979100 0.000000 0.000000 1.000000 0.000000
0.982390 -0.186844 0.000000 246.639110 0.186844 0.982390 0.000000 19.416685 0.000000 0.000000 1.000000 0.000000
0.982440 -0.186581 0.000000 249.131454 0.186581 0.982440 0.000000 19.840159 0.000000 0.000000 1.000000 0.000000
0.982732 -0.185036 0.000000 251.776403 0.185036 0.982732 0.000000 20.313158 0.000000 0.000000 1.000000 0.000000
0.982666 -0.185385 0.000000 254.507121 0.185385 0.982666 0.000000 20.822123 0.000000 0.000000 1.000000 0.000000
0.982406 -0.186759 0.000000 257.329703 0.186759 0.982406 0.000000 21.327309 0.000000 0.000000 1.000000 0.000000
0.982040 -0.188673 0.000000 260.279852 0.188673 0.982040 0.000000 21.883521 0.000000 0.000000 1.000000 0.000000
0.981369 -0.192135 0.000000 261.930503 0.192135 0.981369 0.000000 22.154492 0.000000 0.000000 1.000000 0.000000
0.980904 -0.194493 0.000000 263.490134 0.194493 0.980904 0.000000 22.409782 0.000000 0.000000 1.000000 0.000000
0.980812 -0.194955 0.000000 265.058836 0.194955 0.980812 0.000000 22.758029 0.000000 0.000000 1.000000 0.000000
0.980846 -0.194786 0.000000 266.604508 0.194786 0.980846 0.000000 23.026446 0.000000 0.000000 1.000000 0.000000
0.980818 -0.194928 0.000000 268.219964 0.194928 0.980818 0.000000 23.351336 0.000000 0.000000 1.000000 0.000000
0.980780 -0.195119 0.000000 269.823093 0.195119 0.980780 0.000000 23.670361 0.000000 0.000000 1.000000 0.000000
0.980857 -0.194730 0.000000 271.478735 0.194730 0.980857 0.000000 23.959929 0.000000 0.000000 1.000000 0.000000
0.980899 -0.194517 0.000000 273.121131 0.194517 0.980899 0.000000 24.315688 0.000000 0.000000 1.000000 0.000000
0.981041 -0.193799 0.000000 274.809836 0.193799 0.981041 0.000000 24.609957 0.000000 0.000000 1.000000 0.000000
0.981111 -0.193447 0.000000 276.532711 0.193447 0.981111 0.000000 24.958879 0.000000 0.000000 1.000000 0.000000
0.980904 -0.194490 0.000000 278.390007 0.194490 0.980904 0.000000 25.296670 0.000000 0.000000 1.000000 0.000000
0.980339 -0.197319 0.000000 280.206569 0.197319 0.980339 0.000000 25.635271 0.000000 0.000000 1.000000 0.000000
0.979689 -0.200525 0.000000 281.966700 0.200525 0.979689 0.000000 26.022406 0.000000 0.000000 1.000000 0.000000
0.979626 -0.200830 0.000000 283.740574 0.200830 0.979626 0.000000 26.340159 0.000000 0.000000 1.000000 0.000000
0.979571 -0.201101 0.000000 285.541636 0.201101 0.979571 0.000000 26.700070 0.000000 0.000000 1.000000 0.000000
0.979485 -0.201515 0.000000 287.359387 0.201515 0.979485 0.000000 27.014925 0.000000 0.000000 1.000000 0.000000
0.979673 -0.200602 0.000000 289.131847 0.200602 0.979673 0.000000 27.374664 0.000000 0.000000 1.000000 0.000000
0.979501 -0.201441 0.000000 290.995970 0.201441 0.979501 0.000000 27.674763 0.000000 0.000000 1.000000 0.000000
0.979102 -0.203371 0.000000 292.753539 0.203371 0.979102 0.000000 28.004189 0.000000 0.000000 1.000000 0.000000
0.978821 -0.204716 0.000000 294.601557 0.204716 0.978821 0.000000 28.363495 0.000000 0.000000 1.000000 0.000000
0.978664 -0.205467 0.000000 296.373396 0.205467 0.978664 0.000000 28.717112 0.000000 0.000000 1.000000 0.000000
0.978433 -0.206564 0.000000 298.145685 0.206564 0.978433 0.000000 29.040261 0.000000 0.000000 1.000000 0.000000
0.978224 -0.207550 0.000000 299.859565 0.207550 0.978224 0.000000 29.438108 0.000000 0.000000 1.000000 0.000000
0.978057 -0.208337 0.000000 301.626780 0.208337 0.978057 0.000000 29.752464 0.000000 0.000000 1.000000 0.000000
0.978152 -0.207890 0.000000 303.418726 0.207890 0.978152 0.000000 30.118956 0.000000 0.000000 1.000000 0.000000
0.978310 -0.207146 0.000000 305.105782 0.207146 0.978310 0.000000 30.464380 0.000000 0.000000 1.000000 0.000000
0.978847 -0.204592 0.000000 306.879151 0.204592 0.978847 0.000000 30.787102 0.000000 0.000000 1.000000 0.000000
0.979437 -0.201750 0.000000 308.637676 0.201750 0.979437 0.000000 31.121567 0.000000 0.000000 1.000000 0.000000
0.979984 -0.199076 0.000000 310.468454 0.199076 0.979984 0.000000 31.483558 0.000000 0.000000 1.000000 0.000000
0.980588 -0.196078 0.000000 312.314984 0.196078 0.980588 0.000000 31.792690 0.000000 0.000000 1.000000 0.000000
0.981502 -0.191451 0.000000 314.127344 0.191451 0.981502 0.000000 32.154656 0.000000 0.000000 1.000000 0.000000
0.981909 -0.189356 0.000000 315.985608 0.189356 0.981909 0.000000 32.443911 0.000000 0.000000 1.000000 0.000000
0.982187 -0.187906 0.000000 317.818942 0.187906 0.982187 0.000000 32.787771 0.000000 0.000000 1.000000 0.000000
0.982223 -0.187716 0.000000 319.756808 0.187716 0.982223 0.000000 33.079797 0.000000 0.000000 1.000000 0.000000
0.982390 -0.186842 0.000000 321.686832 0.186842 0.982390 0.000000 33.434315 0.000000 0.000000 1.000000 0.000000
0.982451 -0.186520 0.000000 323.625591 0.186520 0.982451 0.000000 33.792198 0.000000 0.000000 1.000000 0.000000
0.982634 -0.185555 0.000000 325.500835 0.185555 0.982634 0.000000 34.127422 0.000000 0.000000 1.000000 0.000000
0.983296 -0.182014 0.000000 327.371363 0.182014 0.983296 0.000000 34.471239 0.000000 0.000000 1.000000 0.000000
0.984401 -0.175942 0.000000 329.231279 0.175942 0.984401 0.000000 34.730743 0.000000 0.000000 1.000000 0.000000
0.985284 -0.170926 0.000000 331.052286 0.170926 0.985284 0.000000 35.020127 0.000000 0.000000 1.000000 0.000000
0.985518 -0.169571 0.000000 332.814748 0.169571 0.985518 0.000000 35.284908 0.000000 0.000000 1.000000 0.000000
0.986019 -0.166632 0.000000 334.477916 0.166632 0.986019 0.000000 35.551746 0.000000 0.000000 1.000000 0.000000
0.986185 -0.165646 0.000000 336.046673 0.165646 0.986185 0.000000 35.815922 0.000000 0.000000 1.000000 0.000000
0.986780 -0.162066 0.000000 337.551339 0.162066 0.986780 0.000000 36.108612 0.000000 0.000000 1.000000 0.000000
0.987537 -0.157388 0.000000 340.390821 0.157388 0.987537 0.000000 36.471936 0.000000 0.000000 1.000000 0.000000
0.988761 -0.149507 0.000000 343.015549 0.149507 0.988761 0.000000 36.805509 0.000000 0.000000 1.000000 0.000000
0.989407 -0.145169 0.000000 345.317127 0.145169 0.989407 0.000000 37.111584 0.000000 0.000000 1.000000 0.000000
0.990156 -0.139965 0.000000 347.445249 0.139965 0.990156 0.000000 37.382273 0.000000 0.000000 1.000000 0.000000
0.990830 -0.135112 0.000000 349.241121 0.135112 0.990830 0.000000 37.623825 0.000000 0.000000 1.000000 0.000000
0.991610 -0.129264 0.000000 350.889407 0.129264 0.991610 0.000000 37.821533 0.000000 0.000000 1.000000 0.000000
0.992850 -0.119367 0.000000 352.969612 0.119367 0.992850 0.000000 38.030455 0.000000 0.000000 1.000000 0.000000
0.993997 -0.109406 0.000000 354.652897 0.109406 0.993997 0.000000 38.168874 0.000000 0.000000 1.000000 0.000000
0.994634 -0.103456 0.000000 356.185874 0.103456 0.994634 0.000000 38.288965 0.000000 0.000000 1.000000 0.000000
0.994330 -0.106342 0.000000 357.768302 0.106342 0.994330 0.000000 38.396382 0.000000 0.000000 1.000000 0.000000
0.994660 -0.103202 0.000000 359.798204 0.103202 0.994660 0.000000 38.544097 0.000000 0.000000 1.000000 0.000000
0.995746 -0.092144 0.000000 361.340740 0.092144 0.995746 0.000000 38.653812 0.000000 0.000000 1.000000 0.000000
0.997316 -0.073221 0.000000 363.299329 0.073221 0.997316 0.000000 38.757039 0.000000 0.000000 1.000000 0.000000
0.998364 -0.057172 0.000000 365.588149 0.057172 0.998364 0.000000 38.828945 0.000000 0.000000 1.000000 0.000000
0.998924 -0.046373 0.000000 368.236761 0.046373 0.998924 0.000000 38.910276 0.000000 0.000000 1.000000 0.000000
0.999267 -0.038272 0.000000 371.120545 0.038272 0.999267 0.000000 38.995393 0.000000 0.000000 1.000000 0.000000
0.999407 -0.034420 0.000000 372.718763 0.034420 0.999407 0.000000 39.043234 0.000000 0.000000 1.000000 0.000000
0.999566 -0.029464 0.000000 374.318132 0.029464 0.999566 0.000000 39.024381 0.000000 0.000000 1.000000 0.000000
0.999663 -0.025948 0.000000 376.053611 0.025948 0.999663 0.000000 39.057999 0.000000 0.000000 1.000000 0.000000
0.999718 -0.023763 0.000000 377.804221 0.023763 0.999718 0.000000 39.063325 0.000000 0.000000 1.000000 0.000000
0.999727 -0.023376 0.000000 379.562931 0.023376 0.999727 0.000000 39.110853 0.000000 0.000000 1.000000 0.000000
0.999707 -0.024194 0.000000 381.351878 0.024194 0.999707 0.000000 39.134070 0.000000 0.000000 1.000000 0.000000
0.999687 -0.025001 0.000000 383.217318 0.025001 0.999687 0.000000 39.177470 0.000000 0.000000 1.000000 0.000000
0.999587 -0.028724 0.000000 385.102933 0.028724 0.999587 0.000000 39.199979 0.000000 0.000000 1.000000 0.000000
0.999445 -0.033310 0.000000 386.962203 0.033310 0.999445 0.000000 39.204324 0.000000 0.000000 1.000000 0.000000
0.999374 -0.035385 0.000000 388.922639 0.035385 0.999374 0.000000 39.292143 0.000000 0.000000 1.000000 0.000000
0.999332 -0.036539 0.000000 390.852811 0.036539 0.999332 0.000000 39.326736 0.000000 0.000000 1.000000 0.000000
0.999280 -0.037944 0.000000 392.860278 0.037944 0.999280 0.000000 39.376252 0.000000 0.000000 1.000000 0.000000
0.999188 -0.040281 0.000000 394.868875 0.040281 0.999188 0.000000 39.417756 0.000000 0.000000 1.000000 0.000000
0.998959 -0.045608 0.000000 396.888953 0.045608 0.998959 0.000000 39.512311 0.000000 0.000000 1.000000 0.000000
0.998762 -0.049747 0.000000 398.957102 0.049747 0.998762 0.000000 39.654100 0.000000 0.000000 1.000000 0.000000
0.998504 -0.054681 0.000000 401.047608 0.054681 0.998504 0.000000 39.711846 0.000000 0.000000 1.000000 0.000000
0.998253 -0.059090 0.000000 403.134884 0.059090 0.998253 0.000000 39.809692 0.000000 0.000000 1.000000 0.000000
0.997921 -0.064454 0.000000 405.272555 0.064454 0.997921 0.000000 39.880487 0.000000 0.000000 1.000000 0.000000
0.997669 -0.068237 0.000000 407.422112 0.068237 0.997669 0.000000 40.026169 0.000000 0.000000 1.000000 0.000000
0.997373 -0.072433 0.000000 409.510655 0.072433 0.997373 0.000000 40.172318 0.000000 0.000000 1.000000 0.000000
0.997122 -0.075816 0.000000 411.601223 0.075816 0.997122 0.000000 40.267151 0.000000 0.000000 1.000000 0.000000
0.996976 -0.077714 0.000000 413.726316 0.077714 0.996976 0.000000 40.433684 0.000000 0.000000 1.000000 0.000000
0.996798 -0.079966 0.000000 415.805512 0.079966 0.996798 0.000000 40.587414 0.000000 0.000000 1.000000 0.000000
0.996538 -0.083137 0.000000 417.959522 0.083137 0.996538 0.000000 40.711764 0.000000 0.000000 1.000000 0.000000
0.996325 -0.085650 0.000000 420.028246 0.085650 0.996325 0.000000 40.878229 0.000000 0.000000 1.000000 0.000000
0.996185 -0.087271 0.000000 422.164940 0.087271 0.996185 0.000000 41.022190 0.000000 0.000000 1.000000 0.000000
0.995912 -0.090325 0.000000 424.298693 0.090325 0.995912 0.000000 41.219910 0.000000 0.000000 1.000000 0.000000
0.995779 -0.091784 0.000000 426.411394 0.091784 0.995779 0.000000 41.382510 0.000000 0.000000 1.000000 0.000000
0.995608 -0.093618 0.000000 428.511659 0.093618 0.995608 0.000000 41.530378 0.000000 0.000000 1.000000 0.000000
0.995398 -0.095829 0.000000 430.582019 0.095829 0.995398 0.000000 41.715186 0.000000 0.000000 1.000000 0.000000
0.995197 -0.097887 0.000000 432.661112 0.097887 0.995197 0.000000 41.878395 0.000000 0.000000 1.000000 0.000000
0.995023 -0.099645 0.000000 434.768659 0.099645 0.995023 0.000000 42.047269 0.000000 0.000000 1.000000 0.000000
0.995121 -0.098664 0.000000 436.792451 0.098664 0.995121 0.000000 42.209553 0.000000 0.000000 1.000000 0.000000
0.995135 -0.098516 0.000000 438.886243 0.098516 0.995135 0.000000 42.419393 0.000000 0.000000 1.000000 0.000000
0.995055 -0.099323 0.000000 440.971461 0.099323 0.995055 0.000000 42.569855 0.000000 0.000000 1.000000 0.000000
0.994918 -0.100693 0.000000 443.079375 0.100693 0.994918 0.000000 42.754394 0.000000 0.000000 1.000000 0.000000
0.994815 -0.101697 0.000000 445.113404 0.101697 0.994815 0.000000 42.904562 0.000000 0.000000 1.000000 0.000000
0.994796 -0.101882 0.000000 447.137518 0.101882 0.994796 0.000000 43.078583 0.000000 0.000000 1.000000 0.000000
0.994777 -0.102070 0.000000 449.159842 0.102070 0.994777 0.000000 43.249733 0.000000 0.000000 1.000000 0.000000
0.994862 -0.101240 0.000000 451.075410 0.101240 0.994862 0.000000 43.418939 0.000000 0.000000 1.000000 0.000000
0.994962 -0.100256 0.000000 453.028010 0.100256 0.994962 0.000000 43.529693 0.000000 0.000000 1.000000 0.000000
0.995127 -0.098601 0.000000 454.900901 0.098601 0.995127 0.000000 43.762376 0.000000 0.000000 1.000000 0.000000
0.995208 -0.097782 0.000000 456.713879 0.097782 0.995208 0.000000 43.920572 0.000000 0.000000 1.000000 0.000000
0.995307 -0.096770 0.000000 458.397497 0.096770 0.995307 0.000000 44.016563 0.000000 0.000000 1.000000 0.000000
0.995536 -0.094384 0.000000 459.996037 0.094384 0.995536 0.000000 44.178477 0.000000 0.000000 1.000000 0.000000
0.996012 -0.089217 0.000000 461.534496 0.089217 0.996012 0.000000 44.284190 0.000000 0.000000 1.000000 0.000000
0.998038 -0.062608 0.000000 464.355033 0.062608 0.998038 0.000000 44.396272 0.000000 0.000000 1.000000 0.000000
0.999976 -0.006870 0.000000 466.834762 0.006870 0.999976 0.000000 44.418534 0.000000 0.000000 1.000000 0.000000
0.997265 0.073906 0.000000 468.914750 -0.073906 0.997265 -0.000000 44.238470 -0.000000 0.000000 1.000000 0.000000
0.983123 0.182947 0.000000 470.686055 -0.182947 0.983123 -0.000000 43.868504 -0.000000 0.000000 1.000000 0.000000
0.955336 0.295521 0.000000 472.103441 -0.295521 0.955336 -0.000000 43.378685 -0.000000 0.000000 1.000000 0.000000
0.916868 0.399191 0.000000 473.136905 -0.399191 0.916868 -0.000000 42.702778 -0.000000 0.000000 1.000000 0.000000
0.878382 0.477959 0.000000 474.040968 -0.477959 0.878382 -0.000000 42.194992 -0.000000 0.000000 1.000000 0.000000
0.828621 0.559811 0.000000 474.770372 -0.559811 0.828621 -0.000000 41.525042 -0.000000 0.000000 1.000000 0.000000
0.775444 0.631417 0.000000 475.427317 -0.631417 0.775444 -0.000000 40.972286 -0.000000 0.000000 1.000000 0.000000
0.690106 0.723708 0.000000 476.065827 -0.723708 0.690106 -0.000000 40.302876 -0.000000 0.000000 1.000000 0.000000
0.566513 0.824053 0.000000 476.583687 -0.824053 0.566513 -0.000000 39.417613 -0.000000 0.000000 1.000000 0.000000
0.484965 0.874534 0.000000 476.732768 -0.874534 0.484965 -0.000000 38.856666 -0.000000 0.000000 1.000000 0.000000
0.385067 0.922889 0.000000 476.926305 -0.922889 0.385067 -0.000000 38.237600 -0.000000 0.000000 1.000000 0.000000
0.274502 0.961586 0.000000 477.070070 -0.961586 0.274502 -0.000000 37.455964 -0.000000 0.000000 1.000000 0.000000
0.153404 0.988164 0.000000 477.135833 -0.988164 0.153404 -0.000000 36.753163 -0.000000 0.000000 1.000000 0.000000
0.021798 0.999762 0.000000 477.037054 -0.999762 0.021798 -0.000000 35.916599 -0.000000 0.000000 1.000000 0.000000
-0.122896 0.992420 0.000000 476.796605 -0.992420 -0.122896 -0.000000 35.047975 -0.000000 0.000000 1.000000 0.000000
-0.266877 0.963731 0.000000 476.485878 -0.963731 -0.266877 -0.000000 34.022765 -0.000000 0.000000 1.000000 0.000000
-0.399328 0.916808 0.000000 475.959821 -0.916808 -0.399328 -0.000000 32.998311 -0.000000 0.000000 1.000000 0.000000
-0.514214 0.857662 0.000000 475.342154 -0.857662 -0.514214 0.000000 32.122645 0.000000 0.000000 1.000000 0.000000
-0.614091 0.789235 0.000000 474.583985 -0.789235 -0.614091 0.000000 31.236832 0.000000 0.000000 1.000000 0.000000
-0.691986 0.721911 0.000000 473.730904 -0.721911 -0.691986 0.000000 30.336291 0.000000 0.000000 1.000000 0.000000
-0.788685 0.614797 0.000000 471.575102 -0.614797 -0.788685 0.000000 28.691016 0.000000 0.000000 1.000000 0.000000
-0.829545 0.558440 0.000000 469.111131 -0.558440 -0.829545 0.000000 27.190687 0.000000 0.000000 1.000000 0.000000
-0.840771 0.541392 0.000000 467.791223 -0.541392 -0.840771 0.000000 26.469771 0.000000 0.000000 1.000000 0.000000
-0.849967 0.526835 0.000000 466.420019 -0.526835 -0.849967 0.000000 25.668344 0.000000 0.000000 1.000000 0.000000
-0.854762 0.519019 0.000000 464.959315 -0.519019 -0.854762 0.000000 24.826994 0.000000 0.000000 1.000000 0.000000
-0.858735 0.512420 0.000000 463.452332 -0.512420 -0.858735 0.000000 24.034986 0.000000 0.000000 1.000000 0.000000
-0.861374 0.507971 0.000000 461.917603 -0.507971 -0.861374 0.000000 23.178009 0.000000 0.000000 1.000000 0.000000
-0.864054 0.503399 0.000000 460.362323 -0.503399 -0.864054 0.000000 22.368347 0.000000 0.000000 1.000000 0.000000
-0.866210 0.499679 0.000000 458.721213 -0.499679 -0.866210 0.000000 21.470689 0.000000 0.000000 1.000000 0.000000
-0.869228 0.494412 0.000000 457.070104 -0.494412 -0.869228 0.000000 20.574117 0.000000 0.000000 1.000000 0.000000
-0.872609 0.488420 0.000000 455.341424 -0.488420 -0.872609 0.000000 19.613238 0.000000 0.000000 1.000000 0.000000
-0.875363 0.483466 0.000000 453.554538 -0.483466 -0.875363 0.000000 18.677325 0.000000 0.000000 1.000000 0.000000
-0.875878 0.482534 0.000000 451.738207 -0.482534 -0.875878 0.000000 17.684758 0.000000 0.000000 1.000000 0.000000
-0.875662 0.482924 0.000000 449.905014 -0.482924 -0.875662 0.000000 16.690514 0.000000 0.000000 1.000000 0.000000
-0.875412 0.483377 0.000000 448.044708 -0.483377 -0.875412 0.000000 15.762202 0.000000 0.000000 1.000000 0.000000
-0.875545 0.483137 0.000000 446.186870 -0.483137 -0.875545 0.000000 14.728196 0.000000 0.000000 1.000000 0.000000
-0.875620 0.483001 0.000000 444.280681 -0.483001 -0.875620 0.000000 13.728146 0.000000 0.000000 1.000000 0.000000
-0.876846 0.480771 0.000000 442.380102 -0.480771 -0.876846 0.000000 12.692036 0.000000 0.000000 1.000000 0.000000
-0.877506 0.479565 0.000000 440.427862 -0.479565 -0.877506 0.000000 11.678650 0.000000 0.000000 1.000000 0.000000
-0.878768 0.477250 0.000000 438.464284 -0.477250 -0.878768 0.000000 10.662650 0.000000 0.000000 1.000000 0.000000
-0.879981 0.475009 0.000000 436.526511 -0.475009 -0.879981 0.000000 9.597975 0.000000 0.000000 1.000000 0.000000
-0.880995 0.473125 0.000000 434.630951 -0.473125 -0.880995 0.000000 8.621920 0.000000 0.000000 1.000000 0.000000
-0.881002 0.473113 0.000000 432.744957 -0.473113 -0.881002 0.000000 7.597577 0.000000 0.000000 1.000000 0.000000
-0.881262 0.472628 0.000000 430.874585 -0.472628 -0.881262 0.000000 6.626596 0.000000 0.000000 1.000000 0.000000
-0.881381 0.472406 0.000000 429.045167 -0.472406 -0.881381 0.000000 5.684528 0.000000 0.000000 1.000000 0.000000
-0.881366 0.472434 0.000000 427.236903 -0.472434 -0.881366 0.000000 4.770431 0.000000 0.000000 1.000000 0.000000
-0.881770 0.471679 0.000000 425.493768 -0.471679 -0.881770 0.000000 3.845120 0.000000 0.000000 1.000000 0.000000
-0.882939 0.469487 0.000000 423.779363 -0.469487 -0.882939 0.000000 2.915651 0.000000 0.000000 1.000000 0.000000
-0.883308 0.468793 0.000000 422.086202 -0.468793 -0.883308 0.000000 2.062305 0.000000 0.000000 1.000000 0.000000
-0.884325 0.466872 0.000000 420.467679 -0.466872 -0.884325 0.000000 1.276268 0.000000 0.000000 1.000000 0.000000
-0.884903 0.465775 0.000000 418.874442 -0.465775 -0.884903 0.000000 0.437770 0.000000 0.000000 1.000000 0.000000
-0.885517 0.464608 0.000000 417.346800 -0.464608 -0.885517 0.000000 -0.392975 0.000000 0.000000 1.000000 0.000000
-0.885625 0.464401 0.000000 415.883095 -0.464401 -0.885625 0.000000 -1.143506 0.000000 0.000000 1.000000 0.000000
-0.885590 0.464467 0.000000 414.378445 -0.464467 -0.885590 0.000000 -1.898098 0.000000 0.000000 1.000000 0.000000
-0.886290 0.463130 0.000000 412.873350 -0.463130 -0.886290 0.000000 -2.705229 0.000000 0.000000 1.000000 0.000000
-0.886556 0.462622 0.000000 411.381447 -0.462622 -0.886556 0.000000 -3.463634 0.000000 0.000000 1.000000 0.000000
-0.886934 0.461895 0.000000 409.845386 -0.461895 -0.886934 0.000000 -4.231272 0.000000 0.000000 1.000000 0.000000
-0.887547 0.460716 0.000000 408.337353 -0.460716 -0.887547 0.000000 -5.026923 0.000000 0.000000 1.000000 0.000000
-0.888320 0.459225 0.000000 406.751626 -0.459225 -0.888320 0.000000 -5.826817 0.000000 0.000000 1.000000 0.000000
-0.888778 0.458338 0.000000 405.176689 -0.458338 -0.888778 0.000000 -6.614574 0.000000 0.000000 1.000000 0.000000
-0.889740 0.456467 0.000000 403.571102 -0.456467 -0.889740 0.000000 -7.403255 0.000000 0.000000 1.000000 0.000000
-0.890427 0.455127 0.000000 401.894050 -0.455127 -0.890427 0.000000 -8.229085 0.000000 0.000000 1.000000 0.000000
-0.891567 0.452888 0.000000 400.242197 -0.452888 -0.891567 0.000000 -9.047563 0.000000 0.000000 1.000000 0.000000
-0.891981 0.452074 0.000000 398.618272 -0.452074 -0.891981 0.000000 -9.889346 0.000000 0.000000 1.000000 0.000000
-0.892713 0.450626 0.000000 396.912220 -0.450626 -0.892713 0.000000 -10.714975 0.000000 0.000000 1.000000 0.000000
-0.894181 0.447706 0.000000 395.185696 -0.447706 -0.894181 0.000000 -11.534942 0.000000 0.000000 1.000000 0.000000
-0.894764 0.446540 0.000000 393.445016 -0.446540 -0.894764 0.000000 -12.354437 0.000000 0.000000 1.000000 0.000000
-0.895360 0.445342 0.000000 391.703395 -0.445342 -0.895360 0.000000 -13.196609 0.000000 0.000000 1.000000 0.000000
-0.896462 0.443121 0.000000 389.965715 -0.443121 -0.896462 0.000000 -14.113097 0.000000 0.000000 1.000000 0.000000
-0.896504 0.443035 0.000000 388.099679 -0.443035 -0.896504 0.000000 -14.985171 0.000000 0.000000 1.000000 0.000000
-0.897014 0.442003 0.000000 386.342077 -0.442003 -0.897014 0.000000 -15.799833 0.000000 0.000000 1.000000 0.000000
-0.897542 0.440929 0.000000 384.504293 -0.440929 -0.897542 0.000000 -16.668306 0.000000 0.000000 1.000000 0.000000
-0.898030 0.439934 0.000000 382.656956 -0.439934 -0.898030 0.000000 -17.525551 0.000000 0.000000 1.000000 0.000000
-0.898576 0.438818 0.000000 380.806322 -0.438818 -0.898576 0.000000 -18.400863 0.000000 0.000000 1.000000 0.000000
-0.899396 0.437136 0.000000 378.918473 -0.437136 -0.899396 0.000000 -19.288486 0.000000 0.000000 1.000000 0.000000
-0.901267 0.433264 0.000000 377.024104 -0.433264 -0.901267 0.000000 -20.171382 0.000000 0.000000 1.000000 0.000000
-0.903847 0.427856 0.000000 375.105092 -0.427856 -0.903847 0.000000 -21.045840 0.000000 0.000000 1.000000 0.000000
-0.906768 0.421631 0.000000 373.176842 -0.421631 -0.906768 0.000000 -21.871102 0.000000 0.000000 1.000000 0.000000
-0.910497 0.413516 0.000000 371.288410 -0.413516 -0.910497 0.000000 -22.708300 0.000000 0.000000 1.000000 0.000000
-0.913782 0.406205 0.000000 369.315371 -0.406205 -0.913782 0.000000 -23.492361 0.000000 0.000000 1.000000 0.000000
-0.917626 0.397446 0.000000 367.354794 -0.397446 -0.917626 0.000000 -24.330650 0.000000 0.000000 1.000000 0.000000
-0.922168 0.386791 0.000000 365.390135 -0.386791 -0.922168 0.000000 -25.149590 0.000000 0.000000 1.000000 0.000000
-0.925770 0.378087 0.000000 363.393891 -0.378087 -0.925770 0.000000 -25.916095 0.000000 0.000000 1.000000 0.000000
-0.929690 0.368343 0.000000 361.401064 -0.368343 -0.929690 0.000000 -26.680587 0.000000 0.000000 1.000000 0.000000
-0.932849 0.360269 0.000000 359.430809 -0.360269 -0.932849 0.000000 -27.453982 0.000000 0.000000 1.000000 0.000000
-0.935315 0.353815 0.000000 357.438147 -0.353815 -0.935315 0.000000 -28.184633 0.000000 0.000000 1.000000 0.000000
-0.936606 0.350383 0.000000 355.461721 -0.350383 -0.936606 0.000000 -28.865941 0.000000 0.000000 1.000000 0.000000
-0.936977 0.349392 0.000000 353.421275 -0.349392 -0.936977 0.000000 -29.594189 0.000000 0.000000 1.000000 0.000000
-0.937529 0.347908 0.000000 351.497479 -0.347908 -0.937529 0.000000 -30.320454 0.000000 0.000000 1.000000 0.000000
-0.937616 0.347672 0.000000 349.534389 -0.347672 -0.937616 0.000000 -31.014823 0.000000 0.000000 1.000000 0.000000
-0.937231 0.348708 0.000000 347.556527 -0.348708 -0.937231 0.000000 -31.717024 0.000000 0.000000 1.000000 0.000000
-0.937186 0.348829 0.000000 345.592477 -0.348829 -0.937186 0.000000 -32.456837 0.000000 0.000000 1.000000 0.000000
-0.936978 0.349388 0.000000 343.615809 -0.349388 -0.936978 0.000000 -33.130155 0.000000 0.000000 1.000000 0.000000
-0.936501 0.350666 0.000000 341.656101 -0.350666 -0.936501 0.000000 -33.875633 0.000000 0.000000 1.000000 0.000000
-0.936252 0.351330 0.000000 339.679587 -0.351330 -0.936252 0.000000 -34.591726 0.000000 0.000000 1.000000 0.000000
-0.933806 0.357780 0.000000 337.699915 -0.357780 -0.933806 0.000000 -35.330530 0.000000 0.000000 1.000000 0.000000
-0.932470 0.361248 0.000000 335.785583 -0.361248 -0.932470 0.000000 -36.044480 0.000000 0.000000 1.000000 0.000000
-0.930392 0.366566 0.000000 333.806914 -0.366566 -0.930392 0.000000 -36.790660 0.000000 0.000000 1.000000 0.000000
-0.928878 0.370386 0.000000 331.860341 -0.370386 -0.928878 0.000000 -37.533469 0.000000 0.000000 1.000000 0.000000
-0.927467 0.373906 0.000000 329.912044 -0.373906 -0.927467 0.000000 -38.291155 0.000000 0.000000 1.000000 0.000000
-0.926373 0.376607 0.000000 327.941651 -0.376607 -0.926373 0.000000 -39.054656 0.000000 0.000000 1.000000 0.000000
-0.925845 0.377904 0.000000 326.006920 -0.377904 -0.925845 0.000000 -39.867883 0.000000 0.000000 1.000000 0.000000
-0.924854 0.380322 0.000000 324.064657 -0.380322 -0.924854 0.000000 -40.572049 0.000000 0.000000 1.000000 0.000000
-0.924119 0.382105 0.000000 322.105104 -0.382105 -0.924119 0.000000 -41.357487 0.000000 0.000000 1.000000 0.000000
-0.923439 0.383746 0.000000 320.184474 -0.383746 -0.923439 0.000000 -42.148941 0.000000 0.000000 1.000000 0.000000
-0.922348 0.386360 0.000000 318.297370 -0.386360 -0.922348 0.000000 -42.941086 0.000000 0.000000 1.000000 0.000000
-0.921009 0.389542 0.000000 316.387783 -0.389542 -0.921009 0.000000 -43.692706 0.000000 0.000000 1.000000 0.000000
-0.919676 0.392679 0.000000 314.541287 -0.392679 -0.919676 0.000000 -44.510525 0.000000 0.000000 1.000000 0.000000
-0.917777 0.397095 0.000000 312.653101 -0.397095 -0.917777 0.000000 -45.312423 0.000000 0.000000 1.000000 0.000000
-0.915966 0.401255 0.000000 310.830145 -0.401255 -0.915966 0.000000 -46.103179 0.000000 0.000000 1.000000 0.000000
-0.915094 0.403241 0.000000 308.983987 -0.403241 -0.915094 0.000000 -46.922318 0.000000 0.000000 1.000000 0.000000
-0.913072 0.407798 0.000000 307.182937 -0.407798 -0.913072 0.000000 -47.696074 0.000000 0.000000 1.000000 0.000000
-0.912169 0.409814 0.000000 305.355710 -0.409814 -0.912169 0.000000 -48.526056 0.000000 0.000000 1.000000 0.000000
-0.912078 0.410016 0.000000 303.514337 -0.410016 -0.912078 0.000000 -49.323819 0.000000 0.000000 1.000000 0.000000
-0.911596 0.411087 0.000000 301.674910 -0.411087 -0.911596 0.000000 -50.050767 0.000000 0.000000 1.000000 0.000000
-0.911052 0.412290 0.000000 299.877190 -0.412290 -0.911052 0.000000 -50.854190 0.000000 0.000000 1.000000 0.000000
-0.910786 0.412879 0.000000 298.044118 -0.412879 -0.910786 0.000000 -51.646020 0.000000 0.000000 1.000000 0.000000
-0.910963 0.412487 0.000000 296.241216 -0.412487 -0.910963 0.000000 -52.433942 0.000000 0.000000 1.000000 0.000000
