0.999999 -0.001492 0.000000 -3.626382 0.001492 0.999999 0.000000 1.934588 0.000000 0.000000 1.000000 0.000000
0.997591 -0.069371 0.000000 -1.903724 0.069371 0.997591 0.000000 2.080605 0.000000 0.000000 1.000000 0.000000
0.990011 -0.140990 0.000000 -0.126437 0.140990 0.990011 0.000000 2.358808 0.000000 0.000000 1.000000 0.000000
0.984746 -0.174001 0.000000 1.622500 0.174001 0.984746 0.000000 2.613005 0.000000 0.000000 1.000000 0.000000
0.985200 -0.171411 0.000000 3.808754 0.171411 0.985200 0.000000 2.936983 0.000000 0.000000 1.000000 0.000000
0.985728 -0.168349 0.000000 6.283155 0.168349 0.985728 0.000000 3.344645 0.000000 0.000000 1.000000 0.000000
0.987593 -0.157033 0.000000 9.037524 0.157033 0.987593 0.000000 3.767827 0.000000 0.000000 1.000000 0.000000
0.991837 -0.127511 0.000000 12.023793 0.127511 0.991837 0.000000 4.167046 0.000000 0.000000 1.000000 0.000000
0.993796 -0.111219 0.000000 13.643180 0.111219 0.993796 0.000000 4.350483 0.000000 0.000000 1.000000 0.000000
0.995654 -0.093132 0.000000 15.284922 0.093132 0.995654 0.000000 4.495406 0.000000 0.000000 1.000000 0.000000
0.997126 -0.075766 0.000000 16.987103 0.075766 0.997126 0.000000 4.625012 0.000000 0.000000 1.000000 0.000000
0.998193 -0.060097 0.000000 18.801480 0.060097 0.998193 0.000000 4.724518 0.000000 0.000000 1.000000 0.000000
0.998960 -0.045601 0.000000 20.614445 0.045601 0.998960 0.000000 4.785797 0.000000 0.000000 1.000000 0.000000
0.999480 -0.032237 0.000000 22.436595 0.032237 0.999480 0.000000 4.843262 0.000000 0.000000 1.000000 0.000000
0.999767 -0.021584 0.000000 24.186731 0.021584 0.999767 0.000000 4.846017 0.000000 0.000000 1.000000 0.000000
0.999898 -0.014274 0.000000 25.963523 0.014274 0.999898 0.000000 4.842904 0.000000 0.000000 1.000000 0.000000
0.999951 -0.009938 0.000000 27.745460 0.009938 0.999951 0.000000 4.867664 0.000000 0.000000 1.000000 0.000000
0.999981 -0.006161 0.000000 29.517256 0.006161 0.999981 0.000000 4.873349 0.000000 0.000000 1.000000 0.000000
0.999980 -0.006252 0.000000 31.337055 0.006252 0.999980 0.000000 4.866694 0.000000 0.000000 1.000000 0.000000
0.999977 -0.006753 0.000000 33.133564 0.006753 0.999977 0.000000 4.887355 0.000000 0.000000 1.000000 0.000000
0.999971 -0.007607 0.000000 34.986180 0.007607 0.999971 0.000000 4.856506 0.000000 0.000000 1.000000 0.000000
0.999977 -0.006777 0.000000 36.807842 0.006777 0.999977 0.000000 4.841756 0.000000 0.000000 1.000000 0.000000
0.999978 -0.006617 0.000000 38.700615 0.006617 0.999978 0.000000 4.865027 0.000000 0.000000 1.000000 0.000000
0.999977 -0.006712 0.000000 40.617804 0.006712 0.999977 0.000000 4.882838 0.000000 0.000000 1.000000 0.000000
0.999966 -0.008196 0.000000 42.556167 0.008196 0.999966 0.000000 4.876251 0.000000 0.000000 1.000000 0.000000
0.999965 -0.008356 0.000000 44.460941 0.008356 0.999965 0.000000 4.897018 0.000000 0.000000 1.000000 0.000000
0.999966 -0.008204 0.000000 46.321865 0.008204 0.999966 0.000000 4.948618 0.000000 0.000000 1.000000 0.000000
0.999964 -0.008443 0.000000 48.217380 0.008443 0.999964 0.000000 4.917845 0.000000 0.000000 1.000000 0.000000
0.999979 -0.006516 0.000000 50.077342 0.006516 0.999979 0.000000 4.965907 0.000000 0.000000 1.000000 0.000000
0.999990 -0.004367 0.000000 51.994843 0.004367 0.999990 0.000000 4.918000 0.000000 0.000000 1.000000 0.000000
0.999999 -0.001240 0.000000 53.866490 0.001240 0.999999 0.000000 4.912212 0.000000 0.000000 1.000000 0.000000
0.999999 0.001466 0.000000 55.770648 -0.001466 0.999999 -0.000000 4.910395 -0.000000 0.000000 1.000000 0.000000
0.999996 0.002732 0.000000 57.683389 -0.002732 0.999996 -0.000000 4.886399 -0.000000 0.000000 1.000000 0.000000
0.999996 0.002920 0.000000 59.554041 -0.002920 0.999996 -0.000000 4.863886 -0.000000 0.000000 1.000000 0.000000
0.999996 0.002968 0.000000 61.393253 -0.002968 0.999996 -0.000000 4.860132 -0.000000 0.000000 1.000000 0.000000
0.999993 0.003637 0.000000 63.217776 -0.003637 0.999993 -0.000000 4.810956 -0.000000 0.000000 1.000000 0.000000
0.999993 0.003756 0.000000 65.046353 -0.003756 0.999993 -0.000000 4.827194 -0.000000 0.000000 1.000000 0.000000
0.999993 0.003800 0.000000 66.842057 -0.003800 0.999993 -0.000000 4.779995 -0.000000 0.000000 1.000000 0.000000
0.999996 0.002818 0.000000 68.621384 -0.002818 0.999996 -0.000000 4.733149 -0.000000 0.000000 1.000000 0.000000
0.999991 0.004306 0.000000 70.427701 -0.004306 0.999991 -0.000000 4.727667 -0.000000 0.000000 1.000000 0.000000
0.999992 0.003979 0.000000 72.181835 -0.003979 0.999992 -0.000000 4.675616 -0.000000 0.000000 1.000000 0.000000
0.999983 0.005899 0.000000 74.056625 -0.005899 0.999983 -0.000000 4.670948 -0.000000 0.000000 1.000000 0.000000
0.999967 0.008119 0.000000 75.860421 -0.008119 0.999967 -0.000000 4.604558 -0.000000 0.000000 1.000000 0.000000
0.999962 0.008688 0.000000 77.684166 -0.008688 0.999962 -0.000000 4.585235 -0.000000 0.000000 1.000000 0.000000
0.999963 0.008613 0.000000 79.457543 -0.008613 0.999963 -0.000000 4.586762 -0.000000 0.000000 1.000000 0.000000
0.999958 0.009177 0.000000 81.172263 -0.009177 0.999958 -0.000000 4.578227 -0.000000 0.000000 1.000000 0.000000
0.999936 0.011284 0.000000 82.954785 -0.011284 0.999936 -0.000000 4.534136 -0.000000 0.000000 1.000000 0.000000
0.999905 0.013815 0.000000 84.730266 -0.013815 0.999905 -0.000000 4.489692 -0.000000 0.000000 1.000000 0.000000
0.999827 0.018580 0.000000 86.508532 -0.018580 0.999827 -0.000000 4.453935 -0.000000 0.000000 1.000000 0.000000
0.999792 0.020388 0.000000 88.357450 -0.020388 0.999792 -0.000000 4.358166 -0.000000 0.000000 1.000000 0.000000
0.999847 0.017466 0.000000 90.125002 -0.017466 0.999847 -0.000000 4.304580 -0.000000 0.000000 1.000000 0.000000
0.999902 0.013967 0.000000 91.927243 -0.013967 0.999902 -0.000000 4.285381 -0.000000 0.000000 1.000000 0.000000
0.999961 0.008797 0.000000 93.828155 -0.008797 0.999961 -0.000000 4.255932 -0.000000 0.000000 1.000000 0.000000
0.999999 0.001415 0.000000 95.622116 -0.001415 0.999999 -0.000000 4.264464 -0.000000 0.000000 1.000000 0.000000
0.999967 -0.008106 0.000000 97.464843 0.008106 0.999967 0.000000 4.308461 0.000000 0.000000 1.000000 0.000000
0.999870 -0.016129 0.000000 99.334028 0.016129 0.999870 0.000000 4.291864 0.000000 0.000000 1.000000 0.000000
0.999675 -0.025489 0.000000 101.237783 0.025489 0.999675 0.000000 4.295909 0.000000 0.000000 1.000000 0.000000
0.999358 -0.035822 0.000000 103.139799 0.035822 0.999358 0.000000 4.334992 0.000000 0.000000 1.000000 0.000000
0.999041 -0.043776 0.000000 105.056428 0.043776 0.999041 0.000000 4.388919 0.000000 0.000000 1.000000 0.000000
0.998589 -0.053110 0.000000 106.977136 0.053110 0.998589 0.000000 4.460105 0.000000 0.000000 1.000000 0.000000
0.998211 -0.059794 0.000000 108.962184 0.059794 0.998211 0.000000 4.586676 0.000000 0.000000 1.000000 0.000000
0.997913 -0.064572 0.000000 110.963326 0.064572 0.997913 0.000000 4.715472 0.000000 0.000000 1.000000 0.000000
0.997594 -0.069323 0.000000 112.919063 0.069323 0.997594 0.000000 4.842164 0.000000 0.000000 1.000000 0.000000
0.997428 -0.071678 0.000000 114.849222 0.071678 0.997428 0.000000 4.994238 0.000000 0.000000 1.000000 0.000000
0.997521 -0.070364 0.000000 116.801112 0.070364 0.997521 0.000000 5.120504 0.000000 0.000000 1.000000 0.000000
0.997536 -0.070161 0.000000 118.724246 0.070161 0.997536 0.000000 5.216868 0.000000 0.000000 1.000000 0.000000
0.997594 -0.069331 0.000000 120.659423 0.069331 0.997594 0.000000 5.326267 0.000000 0.000000 1.000000 0.000000
0.997752 -0.067011 0.000000 122.650731 0.067011 0.997752 0.000000 5.464536 0.000000 0.000000 1.000000 0.000000
0.997773 -0.066696 0.000000 124.627102 0.066696 0.997773 0.000000 5.547999 0.000000 0.000000 1.000000 0.000000
0.997884 -0.065018 0.000000 126.528727 0.065018 0.997884 0.000000 5.715337 0.000000 0.000000 1.000000 0.000000
0.997976 -0.063598 0.000000 128.506009 0.063598 0.997976 0.000000 5.788567 0.000000 0.000000 1.000000 0.000000
0.997992 -0.063335 0.000000 130.453740 0.063335 0.997992 0.000000 5.930386 0.000000 0.000000 1.000000 0.000000
0.998115 -0.061375 0.000000 132.466970 0.061375 0.998115 0.000000 6.022558 0.000000 0.000000 1.000000 0.000000
0.998218 -0.059673 0.000000 134.452760 0.059673 0.998218 0.000000 6.101491 0.000000 0.000000 1.000000 0.000000
0.998367 -0.057129 0.000000 136.455774 0.057129 0.998367 0.000000 6.172096 0.000000 0.000000 1.000000 0.000000
0.998473 -0.055236 0.000000 138.441769 0.055236 0.998473 0.000000 6.333427 0.000000 0.000000 1.000000 0.000000
0.998527 -0.054249 0.000000 140.364704 0.054249 0.998527 0.000000 6.365021 0.000000 0.000000 1.000000 0.000000
0.998611 -0.052682 0.000000 142.427986 0.052682 0.998611 0.000000 6.476318 0.000000 0.000000 1.000000 0.000000
0.998672 -0.051518 0.000000 144.386012 0.051518 0.998672 0.000000 6.581553 0.000000 0.000000 1.000000 0.000000
0.998702 -0.050936 0.000000 146.380218 0.050936 0.998702 0.000000 6.665165 0.000000 0.000000 1.000000 0.000000
0.998706 -0.050849 0.000000 148.386831 0.050849 0.998706 0.000000 6.714764 0.000000 0.000000 1.000000 0.000000
0.998750 -0.049986 0.000000 150.393164 0.049986 0.998750 0.000000 6.836221 0.000000 0.000000 1.000000 0.000000
0.998736 -0.050256 0.000000 152.466797 0.050256 0.998736 0.000000 6.943979 0.000000 0.000000 1.000000 0.000000
0.998779 -0.049397 0.000000 154.538239 0.049397 0.998779 0.000000 7.032221 0.000000 0.000000 1.000000 0.000000
0.998844 -0.048067 0.000000 156.603761 0.048067 0.998844 0.000000 7.149868 0.000000 0.000000 1.000000 0.000000
0.998835 -0.048248 0.000000 158.731256 0.048248 0.998835 0.000000 7.206574 0.000000 0.000000 1.000000 0.000000
0.998857 -0.047791 0.000000 160.860997 0.047791 0.998857 0.000000 7.334156 0.000000 0.000000 1.000000 0.000000
0.998861 -0.047720 0.000000 162.937025 0.047720 0.998861 0.000000 7.421089 0.000000 0.000000 1.000000 0.000000
0.998880 -0.047307 0.000000 165.033002 0.047307 0.998880 0.000000 7.492109 0.000000 0.000000 1.000000 0.000000
0.998893 -0.047035 0.000000 167.168649 0.047035 0.998893 0.000000 7.565583 0.000000 0.000000 1.000000 0.000000
0.998904 -0.046796 0.000000 169.241496 0.046796 0.998904 0.000000 7.697549 0.000000 0.000000 1.000000 0.000000
0.998681 -0.051339 0.000000 171.344336 0.051339 0.998681 0.000000 7.774315 0.000000 0.000000 1.000000 0.000000
0.998506 -0.054647 0.000000 173.418344 0.054647 0.998506 0.000000 7.882867 0.000000 0.000000 1.000000 0.000000
0.998343 -0.057543 0.000000 175.447399 0.057543 0.998343 0.000000 7.971187 0.000000 0.000000 1.000000 0.000000
0.998171 -0.060453 0.000000 177.444446 0.060453 0.998171 0.000000 8.074952 0.000000 0.000000 1.000000 0.000000
0.998009 -0.063070 0.000000 179.477310 0.063070 0.998009 0.000000 8.216651 0.000000 0.000000 1.000000 0.000000
0.997950 -0.064002 0.000000 181.395647 0.064002 0.997950 0.000000 8.330611 0.000000 0.000000 1.000000 0.000000
0.997971 -0.063666 0.000000 183.340353 0.063666 0.997971 0.000000 8.440453 0.000000 0.000000 1.000000 0.000000
0.998025 -0.062819 0.000000 185.236547 0.062819 0.998025 0.000000 8.569662 0.000000 0.000000 1.000000 0.000000
0.998178 -0.060340 0.000000 187.081187 0.060340 0.998178 0.000000 8.650482 0.000000 0.000000 1.000000 0.000000
0.998134 -0.061057 0.000000 188.948454 0.061057 0.998134 0.000000 8.774909 0.000000 0.000000 1.000000 0.000000
0.998130 -0.061135 0.000000 190.715324 0.061135 0.998130 0.000000 8.838914 0.000000 0.000000 1.000000 0.000000
0.998101 -0.061596 0.000000 192.486142 0.061596 0.998101 0.000000 8.933202 0.000000 0.000000 1.000000 0.000000
0.998042 -0.062555 0.000000 194.264807 0.062555 0.998042 0.000000 9.053930 0.000000 0.000000 1.000000 0.000000
0.998003 -0.063169 0.000000 196.024129 0.063169 0.998003 0.000000 9.129510 0.000000 0.000000 1.000000 0.000000
0.997954 -0.063931 0.000000 197.726095 0.063931 0.997954 0.000000 9.236175 0.000000 0.000000 1.000000 0.000000
0.997954 -0.063931 0.000000 199.444958 0.063931 0.997954 0.000000 9.360437 0.000000 0.000000 1.000000 0.000000
0.997995 -0.063289 0.000000 201.052628 0.063289 0.997995 0.000000 9.471082 0.000000 0.000000 1.000000 0.000000
0.998030 -0.062740 0.000000 202.688699 0.062740 0.998030 0.000000 9.593350 0.000000 0.000000 1.000000 0.000000
0.998204 -0.059906 0.000000 204.277304 0.059906 0.998204 0.000000 9.649656 0.000000 0.000000 1.000000 0.000000
0.998349 -0.057439 0.000000 205.871500 0.057439 0.998349 0.000000 9.791674 0.000000 0.000000 1.000000 0.000000
0.998521 -0.054360 0.000000 207.436088 0.054360 0.998521 0.000000 9.856862 0.000000 0.000000 1.000000 0.000000
0.998578 -0.053314 0.000000 208.936870 0.053314 0.998578 0.000000 9.952661 0.000000 0.000000 1.000000 0.000000
0.998733 -0.050328 0.000000 211.867644 0.050328 0.998733 0.000000 10.030086 0.000000 0.000000 1.000000 0.000000
0.998658 -0.051785 0.000000 214.624689 0.051785 0.998658 0.000000 10.188109 0.000000 0.000000 1.000000 0.000000
0.998680 -0.051362 0.000000 217.396026 0.051362 0.998680 0.000000 10.270229 0.000000 0.000000 1.000000 0.000000
0.998576 -0.053340 0.000000 220.230205 0.053340 0.998576 0.000000 10.386265 0.000000 0.000000 1.000000 0.000000
0.998092 -0.061744 0.000000 222.992828 0.061744 0.998092 0.000000 10.536332 0.000000 0.000000 1.000000 0.000000
0.996097 -0.088268 0.000000 225.741480 0.088268 0.996097 0.000000 10.763309 0.000000 0.000000 1.000000 0.000000
0.993056 -0.117645 0.000000 228.482427 0.117645 0.993056 0.000000 11.025903 0.000000 0.000000 1.000000 0.000000
0.988488 -0.151301 0.000000 231.349435 0.151301 0.988488 0.000000 11.458687 0.000000 0.000000 1.000000 0.000000
0.984993 -0.172592 0.000000 234.308845 0.172592 0.984993 0.000000 12.015460 0.000000 0.000000 1.000000 0.000000
0.984397 -0.175960 0.000000 236.004205 0.175960 0.984397 0.000000 12.369049 0.000000 0.000000 1.000000 0.000000
0.984013 -0.178096 0.000000 237.523248 0.178096 0.984013 0.000000 12.650345 0.000000 0.000000 1.000000 0.000000
0.983695 -0.179846 0.000000 239.292688 0.179846 0.983695 0.000000 12.973290 0.000000 0.000000 1.000000 0.000000
0.983245 -0.182287 0.000000 240.989221 0.182287 0.983245 0.000000 13.258508 0.000000 0.000000 1.000000 0.000000
0.982348 -0.187064 0.000000 242.792614 0.187064 0.982348 0.000000 13.579862 0.000000 0.000000 1.000000 0.000000
0.981740 -0.190228 0.000000 244.491020 0.190228 0.981740 0.000000 13.924472 0.000000 0.000000 1.000000 0.000000
0.981399 -0.191980 0.000000 246.318141 0.191980 0.981399 0.000000 14.248253 0.000000 0.000000 1.000000 0.000000
0.981257 -0.192705 0.000000 248.138852 0.192705 0.981257 0.000000 14.621126 0.000000 0.000000 1.000000 0.000000
0.981436 -0.191788 0.000000 249.923832 0.191788 0.981436 0.000000 14.973156 0.000000 0.000000 1.000000 0.000000
0.981932 -0.189232 0.000000 251.768687 0.189232 0.981932 0.000000 15.326904 0.000000 0.000000 1.000000 0.000000
0.982689 -0.185265 0.000000 253.578416 0.185265 0.982689 0.000000 15.699191 0.000000 0.000000 1.000000 0.000000
0.983650 -0.180093 0.000000 255.387702 0.180093 0.983650 0.000000 16.019970 0.000000 0.000000 1.000000 0.000000
0.984862 -0.173339 0.000000 257.303307 0.173339 0.984862 0.000000 16.357581 0.000000 0.000000 1.000000 0.000000
0.985689 -0.168574 0.000000 259.261465 0.168574 0.985689 0.000000 16.670562 0.000000 0.000000 1.000000 0.000000
0.986392 -0.164409 0.000000 261.147175 0.164409 0.986392 0.000000 17.049410 0.000000 0.000000 1.000000 0.000000
0.987283 -0.158970 0.000000 263.079141 0.158970 0.987283 0.000000 17.344227 0.000000 0.000000 1.000000 0.000000
0.987620 -0.156865 0.000000 265.030025 0.156865 0.987620 0.000000 17.634242 0.000000 0.000000 1.000000 0.000000
0.988133 -0.153598 0.000000 267.061471 0.153598 0.988133 0.000000 17.928039 0.000000 0.000000 1.000000 0.000000
0.988283 -0.152630 0.000000 268.991726 0.152630 0.988283 0.000000 18.249603 0.000000 0.000000 1.000000 0.000000
0.988465 -0.151448 0.000000 271.065489 0.151448 0.988465 0.000000 18.558684 0.000000 0.000000 1.000000 0.000000
0.988458 -0.151498 0.000000 273.032346 0.151498 0.988458 0.000000 18.856732 0.000000 0.000000 1.000000 0.000000
0.988677 -0.150057 0.000000 275.037338 0.150057 0.988677 0.000000 19.142948 0.000000 0.000000 1.000000 0.000000
0.988559 -0.150837 0.000000 276.993509 0.150837 0.988559 0.000000 19.415240 0.000000 0.000000 1.000000 0.000000
0.988694 -0.149948 0.000000 278.936343 0.149948 0.988694 0.000000 19.743937 0.000000 0.000000 1.000000 0.000000
0.988511 -0.151151 0.000000 280.825486 0.151151 0.988511 0.000000 20.058971 0.000000 0.000000 1.000000 0.000000
0.988914 -0.148491 0.000000 282.802229 0.148491 0.988914 0.000000 20.320637 0.000000 0.000000 1.000000 0.000000
0.989543 -0.144241 0.000000 284.784753 0.144241 0.989543 0.000000 20.577910 0.000000 0.000000 1.000000 0.000000
0.990293 -0.138993 0.000000 286.833227 0.138993 0.990293 0.000000 20.823897 0.000000 0.000000 1.000000 0.000000
0.990744 -0.135741 0.000000 288.792888 0.135741 0.990744 0.000000 21.036369 0.000000 0.000000 1.000000 0.000000
0.991256 -0.131956 0.000000 290.829835 0.131956 0.991256 0.000000 21.325471 0.000000 0.000000 1.000000 0.000000
0.991763 -0.128088 0.000000 292.842383 0.128088 0.991763 0.000000 21.546506 0.000000 0.000000 1.000000 0.000000
0.991761 -0.128105 0.000000 294.796649 0.128105 0.991761 0.000000 21.719780 0.000000 0.000000 1.000000 0.000000
0.991391 -0.130938 0.000000 296.758103 0.130938 0.991391 0.000000 22.052706 0.000000 0.000000 1.000000 0.000000
0.990921 -0.134443 0.000000 298.718048 0.134443 0.990921 0.000000 22.307711 0.000000 0.000000 1.000000 0.000000
0.990237 -0.139393 0.000000 300.695247 0.139393 0.990237 0.000000 22.504993 0.000000 0.000000 1.000000 0.000000
0.989652 -0.143485 0.000000 302.689913 0.143485 0.989652 0.000000 22.770239 0.000000 0.000000 1.000000 0.000000
0.988992 -0.147971 0.000000 304.688649 0.147971 0.988992 0.000000 23.082083 0.000000 0.000000 1.000000 0.000000
0.988064 -0.154044 0.000000 306.621110 0.154044 0.988064 0.000000 23.348531 0.000000 0.000000 1.000000 0.000000
0.986949 -0.161030 0.000000 308.567461 0.161030 0.986949 0.000000 23.653046 0.000000 0.000000 1.000000 0.000000
0.985570 -0.169267 0.000000 310.579340 0.169267 0.985570 0.000000 24.030922 0.000000 0.000000 1.000000 0.000000
0.984968 -0.172735 0.000000 312.593683 0.172735 0.984968 0.000000 24.349416 0.000000 0.000000 1.000000 0.000000
0.984465 -0.175583 0.000000 314.576554 0.175583 0.984465 0.000000 24.708824 0.000000 0.000000 1.000000 0.000000
0.984173 -0.177213 0.000000 316.629139 0.177213 0.984173 0.000000 25.070472 0.000000 0.000000 1.000000 0.000000
0.984206 -0.177028 0.000000 318.654146 0.177028 0.984206 0.000000 25.416676 0.000000 0.000000 1.000000 0.000000
0.984595 -0.174849 0.000000 320.676997 0.174849 0.984595 0.000000 25.726331 0.000000 0.000000 1.000000 0.000000
0.984931 -0.172945 0.000000 322.610562 0.172945 0.984931 0.000000 26.059251 0.000000 0.000000 1.000000 0.000000
0.985172 -0.171571 0.000000 324.540294 0.171571 0.985172 0.000000 26.373079 0.000000 0.000000 1.000000 0.000000
0.985662 -0.168734 0.000000 326.480214 0.168734 0.985662 0.000000 26.638809 0.000000 0.000000 1.000000 0.000000
0.986556 -0.163421 0.000000 328.424400 0.163421 0.986556 0.000000 26.958533 0.000000 0.000000 1.000000 0.000000
0.987382 -0.158355 0.000000 330.371147 0.158355 0.987382 0.000000 27.295278 0.000000 0.000000 1.000000 0.000000
0.988349 -0.152206 0.000000 332.270698 0.152206 0.988349 0.000000 27.555572 0.000000 0.000000 1.000000 0.000000
0.990142 -0.140064 0.000000 334.147827 0.140064 0.990142 0.000000 27.788312 0.000000 0.000000 1.000000 0.000000
0.992405 -0.123011 0.000000 336.129287 0.123011 0.992405 0.000000 28.087010 0.000000 0.000000 1.000000 0.000000
0.994629 -0.103504 0.000000 338.128478 0.103504 0.994629 0.000000 28.287881 0.000000 0.000000 1.000000 0.000000
0.996806 -0.079867 0.000000 340.107894 0.079867 0.996806 0.000000 28.365930 0.000000 0.000000 1.000000 0.000000
0.998307 -0.058173 0.000000 342.116421 0.058173 0.998307 0.000000 28.481039 0.000000 0.000000 1.000000 0.000000
0.999370 -0.035482 0.000000 344.143345 0.035482 0.999370 0.000000 28.554530 0.000000 0.000000 1.000000 0.000000
0.999881 -0.015433 0.000000 346.158854 0.015433 0.999881 0.000000 28.581064 0.000000 0.000000 1.000000 0.000000
1.000000 0.000649 0.000000 348.222804 -0.000649 1.000000 -0.000000 28.561658 -0.000000 0.000000 1.000000 0.000000
0.999915 0.013002 0.000000 350.278359 -0.013002 0.999915 -0.000000 28.531010 -0.000000 0.000000 1.000000 0.000000
0.999773 0.021283 0.000000 352.364591 -0.021283 0.999773 -0.000000 28.421266 -0.000000 0.000000 1.000000 0.000000
0.999752 0.022259 0.000000 354.373874 -0.022259 0.999752 -0.000000 28.361651 -0.000000 0.000000 1.000000 0.000000
0.999733 0.023097 0.000000 356.494755 -0.023097 0.999733 -0.000000 28.306850 -0.000000 0.000000 1.000000 0.000000
0.999754 0.022172 0.000000 358.564616 -0.022172 0.999754 -0.000000 28.248080 -0.000000 0.000000 1.000000 0.000000
0.999794 0.020289 0.000000 360.647196 -0.020289 0.999794 -0.000000 28.191205 -0.000000 0.000000 1.000000 0.000000
0.999788 0.020581 0.000000 362.688171 -0.020581 0.999788 -0.000000 28.127368 -0.000000 0.000000 1.000000 0.000000
0.999820 0.018989 0.000000 364.866758 -0.018989 0.999820 -0.000000 28.068740 -0.000000 0.000000 1.000000 0.000000
0.999857 0.016882 0.000000 366.916520 -0.016882 0.999857 -0.000000 28.047518 -0.000000 0.000000 1.000000 0.000000
0.999887 0.015013 0.000000 369.022416 -0.015013 0.999887 -0.000000 27.966792 -0.000000 0.000000 1.000000 0.000000
0.999918 0.012813 0.000000 371.164827 -0.012813 0.999918 -0.000000 27.955918 -0.000000 0.000000 1.000000 0.000000
0.999925 0.012227 0.000000 373.218173 -0.012227 0.999925 -0.000000 27.935291 -0.000000 0.000000 1.000000 0.000000
0.999969 0.007876 0.000000 375.345355 -0.007876 0.999969 -0.000000 27.841036 -0.000000 0.000000 1.000000 0.000000
0.999994 0.003574 0.000000 377.439623 -0.003574 0.999994 -0.000000 27.840332 -0.000000 0.000000 1.000000 0.000000
1.000000 -0.000052 0.000000 379.529522 0.000052 1.000000 0.000000 27.851748 0.000000 0.000000 1.000000 0.000000
0.999999 -0.001288 0.000000 381.586766 0.001288 0.999999 0.000000 27.836016 0.000000 0.000000 1.000000 0.000000
0.999994 -0.003530 0.000000 383.681224 0.003530 0.999994 0.000000 27.873761 0.000000 0.000000 1.000000 0.000000
0.999997 -0.002623 0.000000 385.793858 0.002623 0.999997 0.000000 27.799818 0.000000 0.000000 1.000000 0.000000
0.999999 -0.001250 0.000000 387.925279 0.001250 0.999999 0.000000 27.833419 0.000000 0.000000 1.000000 0.000000
0.999996 -0.002980 0.000000 390.058790 0.002980 0.999996 0.000000 27.827382 0.000000 0.000000 1.000000 0.000000
0.999988 -0.004877 0.000000 392.235736 0.004877 0.999988 0.000000 27.797469 0.000000 0.000000 1.000000 0.000000
0.999961 -0.008790 0.000000 394.367581 0.008790 0.999961 0.000000 27.810323 0.000000 0.000000 1.000000 0.000000
0.999931 -0.011743 0.000000 396.531394 0.011743 0.999931 0.000000 27.873971 0.000000 0.000000 1.000000 0.000000
0.999878 -0.015592 0.000000 398.715940 0.015592 0.999878 0.000000 27.897602 0.000000 0.000000 1.000000 0.000000
0.999797 -0.020158 0.000000 400.862218 0.020158 0.999797 0.000000 27.917672 0.000000 0.000000 1.000000 0.000000
0.999653 -0.026359 0.000000 403.060416 0.026359 0.999653 0.000000 27.941135 0.000000 0.000000 1.000000 0.000000
0.999537 -0.030443 0.000000 405.222826 0.030443 0.999537 0.000000 28.009431 0.000000 0.000000 1.000000 0.000000
0.999355 -0.035913 0.000000 407.400891 0.035913 0.999355 0.000000 28.081865 0.000000 0.000000 1.000000 0.000000
0.999219 -0.039507 0.000000 409.555364 0.039507 0.999219 0.000000 28.153905 0.000000 0.000000 1.000000 0.000000
0.999148 -0.041273 0.000000 411.711010 0.041273 0.999148 0.000000 28.246751 0.000000 0.000000 1.000000 0.000000
0.999088 -0.042707 0.000000 413.865328 0.042707 0.999088 0.000000 28.351758 0.000000 0.000000 1.000000 0.000000
0.999035 -0.043926 0.000000 416.058095 0.043926 0.999035 0.000000 28.403836 0.000000 0.000000 1.000000 0.000000
0.998980 -0.045145 0.000000 418.178932 0.045145 0.998980 0.000000 28.483310 0.000000 0.000000 1.000000 0.000000
0.998888 -0.047145 0.000000 420.329981 0.047145 0.998888 0.000000 28.545801 0.000000 0.000000 1.000000 0.000000
0.998793 -0.049124 0.000000 422.493740 0.049124 0.998793 0.000000 28.664039 0.000000 0.000000 1.000000 0.000000
0.998698 -0.051015 0.000000 424.594761 0.051015 0.998698 0.000000 28.762200 0.000000 0.000000 1.000000 0.000000
0.998664 -0.051676 0.000000 426.773444 0.051676 0.998664 0.000000 28.843395 0.000000 0.000000 1.000000 0.000000
0.998627 -0.052392 0.000000 428.838765 0.052392 0.998627 0.000000 28.911240 0.000000 0.000000 1.000000 0.000000
0.998656 -0.051820 0.000000 430.912552 0.051820 0.998656 0.000000 28.976597 0.000000 0.000000 1.000000 0.000000
0.998587 -0.053137 0.000000 432.963852 0.053137 0.998587 0.000000 29.098281 0.000000 0.000000 1.000000 0.000000
0.998519 -0.054410 0.000000 435.015466 0.054410 0.998519 0.000000 29.169369 0.000000 0.000000 1.000000 0.000000
0.998371 -0.057059 0.000000 437.033554 0.057059 0.998371 0.000000 29.266471 0.000000 0.000000 1.000000 0.000000
0.998193 -0.060092 0.000000 439.080653 0.060092 0.998193 0.000000 29.352466 0.000000 0.000000 1.000000 0.000000
0.997963 -0.063789 0.000000 441.159236 0.063789 0.997963 0.000000 29.457786 0.000000 0.000000 1.000000 0.000000
0.997670 -0.068224 0.000000 443.148048 0.068224 0.997670 0.000000 29.603180 0.000000 0.000000 1.000000 0.000000
0.997424 -0.071726 0.000000 445.102667 0.071726 0.997424 0.000000 29.706162 0.000000 0.000000 1.000000 0.000000
0.997269 -0.073848 0.000000 447.068684 0.073848 0.997269 0.000000 29.811277 0.000000 0.000000 1.000000 0.000000
0.997090 -0.076234 0.000000 448.957575 0.076234 0.997090 0.000000 29.942805 0.000000 0.000000 1.000000 0.000000
0.997051 -0.076744 0.000000 450.820693 0.076744 0.997051 0.000000 30.061007 0.000000 0.000000 1.000000 0.000000
0.997160 -0.075317 0.000000 452.593474 0.075317 0.997160 0.000000 30.189525 0.000000 0.000000 1.000000 0.000000
0.997447 -0.071416 0.000000 454.351008 0.071416 0.997447 0.000000 30.268603 0.000000 0.000000 1.000000 0.000000
0.997842 -0.065668 0.000000 456.006241 0.065668 0.997842 0.000000 30.385528 0.000000 0.000000 1.000000 0.000000
0.998315 -0.058034 0.000000 457.636994 0.058034 0.998315 0.000000 30.419245 0.000000 0.000000 1.000000 0.000000
0.999015 -0.044378 0.000000 459.160390 0.044378 0.999015 0.000000 30.493309 0.000000 0.000000 1.000000 0.000000
0.999996 -0.002684 0.000000 462.025727 0.002684 0.999996 0.000000 30.482165 0.000000 0.000000 1.000000 0.000000
0.998140 0.060957 0.000000 464.661516 -0.060957 0.998140 -0.000000 30.287320 -0.000000 0.000000 1.000000 0.000000
0.988515 0.151124 0.000000 466.991158 -0.151124 0.988515 -0.000000 29.990829 -0.000000 0.000000 1.000000 0.000000
0.959860 0.280478 0.000000 469.142214 -0.280478 0.959860 -0.000000 29.373587 -0.000000 0.000000 1.000000 0.000000
0.908876 0.417066 0.000000 470.873843 -0.417066 0.908876 -0.000000 28.437782 -0.000000 0.000000 1.000000 0.000000
0.828033 0.560679 0.000000 472.364941 -0.560679 0.828033 -0.000000 27.448808 -0.000000 0.000000 1.000000 0.000000
0.772589 0.634906 0.000000 473.066771 -0.634906 0.772589 -0.000000 26.768562 -0.000000 0.000000 1.000000 0.000000
0.703614 0.710582 0.000000 473.656819 -0.710582 0.703614 -0.000000 26.129773 -0.000000 0.000000 1.000000 0.000000
0.615272 0.788315 0.000000 474.170271 -0.788315 0.615272 -0.000000 25.351047 -0.000000 0.000000 1.000000 0.000000
0.512649 0.858598 0.000000 474.620584 -0.858598 0.512649 -0.000000 24.444885 -0.000000 0.000000 1.000000 0.000000
0.392980 0.919547 0.000000 474.901386 -0.919547 0.392980 -0.000000 23.567685 -0.000000 0.000000 1.000000 0.000000
0.259158 0.965835 0.000000 475.149428 -0.965835 0.259158 -0.000000 22.624049 -0.000000 0.000000 1.000000 0.000000
0.117601 0.993061 0.000000 475.195949 -0.993061 0.117601 -0.000000 21.574335 -0.000000 0.000000 1.000000 0.000000
-0.028918 0.999582 0.000000 475.108786 -0.999582 -0.028918 -0.000000 20.595883 -0.000000 0.000000 1.000000 0.000000
-0.177141 0.984185 0.000000 474.818952 -0.984185 -0.177141 -0.000000 19.611095 -0.000000 0.000000 1.000000 0.000000
-0.324649 0.945835 0.000000 474.385734 -0.945835 -0.324649 -0.000000 18.605316 -0.000000 0.000000 1.000000 0.000000
-0.461680 0.887047 0.000000 473.757080 -0.887047 -0.461680 -0.000000 17.575161 -0.000000 0.000000 1.000000 0.000000
-0.588706 0.808347 0.000000 473.029637 -0.808347 -0.588706 0.000000 16.747698 0.000000 0.000000 1.000000 0.000000
-0.695965 0.718076 0.000000 472.144762 -0.718076 -0.695965 0.000000 15.855386 0.000000 0.000000 1.000000 0.000000
-0.782013 0.623262 0.000000 471.138699 -0.623262 -0.782013 0.000000 15.094759 0.000000 0.000000 1.000000 0.000000
-0.841771 0.539834 0.000000 469.960186 -0.539834 -0.841771 0.000000 14.330661 0.000000 0.000000 1.000000 0.000000
-0.890482 0.455019 0.000000 467.420105 -0.455019 -0.890482 0.000000 13.114178 0.000000 0.000000 1.000000 0.000000
-0.893803 0.448460 0.000000 464.649890 -0.448460 -0.893803 0.000000 11.917517 0.000000 0.000000 1.000000 0.000000
-0.891870 0.452292 0.000000 463.178508 -0.452292 -0.891870 0.000000 11.294473 0.000000 0.000000 1.000000 0.000000
-0.889307 0.457310 0.000000 461.675233 -0.457310 -0.889307 0.000000 10.527306 0.000000 0.000000 1.000000 0.000000
-0.887819 0.460193 0.000000 460.084451 -0.460193 -0.887819 0.000000 9.727954 0.000000 0.000000 1.000000 0.000000
-0.888679 0.458530 0.000000 458.484960 -0.458530 -0.888679 0.000000 8.915337 0.000000 0.000000 1.000000 0.000000
-0.889162 0.457592 0.000000 456.801359 -0.457592 -0.889162 0.000000 8.091553 0.000000 0.000000 1.000000 0.000000
-0.890137 0.455694 0.000000 455.106256 -0.455694 -0.890137 0.000000 7.223571 0.000000 0.000000 1.000000 0.000000
-0.891491 0.453038 0.000000 453.318641 -0.453038 -0.891491 0.000000 6.299975 0.000000 0.000000 1.000000 0.000000
-0.892788 0.450478 0.000000 451.441416 -0.450478 -0.892788 0.000000 5.419234 0.000000 0.000000 1.000000 0.000000
-0.893630 0.448804 0.000000 449.578896 -0.448804 -0.893630 0.000000 4.444728 0.000000 0.000000 1.000000 0.000000
-0.894495 0.447079 0.000000 447.600924 -0.447079 -0.894495 0.000000 3.540906 0.000000 0.000000 1.000000 0.000000
-0.895095 0.445876 0.000000 445.613015 -0.445876 -0.895095 0.000000 2.549624 0.000000 0.000000 1.000000 0.000000
-0.895815 0.444428 0.000000 443.622511 -0.444428 -0.895815 0.000000 1.584921 0.000000 0.000000 1.000000 0.000000
-0.896694 0.442651 0.000000 441.636690 -0.442651 -0.896694 0.000000 0.636202 0.000000 0.000000 1.000000 0.000000
-0.897671 0.440666 0.000000 439.705902 -0.440666 -0.897671 0.000000 -0.326313 0.000000 0.000000 1.000000 0.000000
-0.898052 0.439889 0.000000 437.698762 -0.439889 -0.898052 0.000000 -1.283412 0.000000 0.000000 1.000000 0.000000
-0.898217 0.439552 0.000000 435.709127 -0.439552 -0.898217 0.000000 -2.250520 0.000000 0.000000 1.000000 0.000000
-0.898875 0.438205 0.000000 433.767959 -0.438205 -0.898875 0.000000 -3.217234 0.000000 0.000000 1.000000 0.000000
-0.899318 0.437295 0.000000 431.715523 -0.437295 -0.899318 0.000000 -4.168308 0.000000 0.000000 1.000000 0.000000
-0.899573 0.436770 0.000000 429.723722 -0.436770 -0.899573 0.000000 -5.118528 0.000000 0.000000 1.000000 0.000000
-0.900065 0.435755 0.000000 427.687032 -0.435755 -0.900065 0.000000 -6.152777 0.000000 0.000000 1.000000 0.000000
-0.899742 0.436422 0.000000 425.674824 -0.436422 -0.899742 0.000000 -7.097745 0.000000 0.000000 1.000000 0.000000
-0.899681 0.436547 0.000000 423.690495 -0.436547 -0.899681 0.000000 -8.053473 0.000000 0.000000 1.000000 0.000000
-0.899498 0.436925 0.000000 421.709773 -0.436925 -0.899498 0.000000 -9.010513 0.000000 0.000000 1.000000 0.000000
-0.899316 0.437300 0.000000 419.763635 -0.437300 -0.899316 0.000000 -9.944075 0.000000 0.000000 1.000000 0.000000
-0.899380 0.437168 0.000000 417.868778 -0.437168 -0.899380 0.000000 -10.843440 0.000000 0.000000 1.000000 0.000000
-0.899502 0.436917 0.000000 415.916178 -0.436917 -0.899502 0.000000 -11.780092 0.000000 0.000000 1.000000 0.000000
-0.900120 0.435642 0.000000 414.068360 -0.435642 -0.900120 0.000000 -12.664144 0.000000 0.000000 1.000000 0.000000
-0.901085 0.433642 0.000000 412.196362 -0.433642 -0.901085 0.000000 -13.559041 0.000000 0.000000 1.000000 0.000000
-0.902312 0.431083 0.000000 410.349850 -0.431083 -0.902312 0.000000 -14.494091 0.000000 0.000000 1.000000 0.000000
-0.903768 0.428023 0.000000 408.544226 -0.428023 -0.903768 0.000000 -15.336948 0.000000 0.000000 1.000000 0.000000
-0.904547 0.426375 0.000000 406.811237 -0.426375 -0.904547 0.000000 -16.118673 0.000000 0.000000 1.000000 0.000000
-0.905394 0.424571 0.000000 405.169387 -0.424571 -0.905394 0.000000 -16.898981 0.000000 0.000000 1.000000 0.000000
-0.905791 0.423724 0.000000 403.644492 -0.423724 -0.905791 0.000000 -17.656725 0.000000 0.000000 1.000000 0.000000
-0.906721 0.421732 0.000000 402.192904 -0.421732 -0.906721 0.000000 -18.306007 0.000000 0.000000 1.000000 0.000000
-0.906462 0.422287 0.000000 400.824629 -0.422287 -0.906462 0.000000 -18.923605 0.000000 0.000000 1.000000 0.000000
-0.907675 0.419675 0.000000 398.313600 -0.419675 -0.907675 0.000000 -20.028780 0.000000 0.000000 1.000000 0.000000
-0.908436 0.418024 0.000000 396.173648 -0.418024 -0.908436 0.000000 -21.070137 0.000000 0.000000 1.000000 0.000000
-0.909360 0.416011 0.000000 394.291518 -0.416011 -0.909360 0.000000 -21.944692 0.000000 0.000000 1.000000 0.000000
-0.910082 0.414427 0.000000 392.721644 -0.414427 -0.910082 0.000000 -22.628614 0.000000 0.000000 1.000000 0.000000
-0.909092 0.416596 0.000000 390.816700 -0.416596 -0.909092 0.000000 -23.469742 0.000000 0.000000 1.000000 0.000000
-0.906806 0.421549 0.000000 389.205765 -0.421549 -0.906806 0.000000 -24.199276 0.000000 0.000000 1.000000 0.000000
-0.904590 0.426283 0.000000 387.720746 -0.426283 -0.904590 0.000000 -24.868185 0.000000 0.000000 1.000000 0.000000
-0.905090 0.425220 0.000000 386.230719 -0.425220 -0.905090 0.000000 -25.567508 0.000000 0.000000 1.000000 0.000000
-0.906744 0.421682 0.000000 384.839560 -0.421682 -0.906744 0.000000 -26.189813 0.000000 0.000000 1.000000 0.000000
-0.908581 0.417708 0.000000 382.875051 -0.417708 -0.908581 0.000000 -27.115639 0.000000 0.000000 1.000000 0.000000
-0.908669 0.417518 0.000000 381.194894 -0.417518 -0.908669 0.000000 -27.817786 0.000000 0.000000 1.000000 0.000000
-0.909236 0.416281 0.000000 379.304277 -0.416281 -0.909236 0.000000 -28.693510 0.000000 0.000000 1.000000 0.000000
-0.909410 0.415900 0.000000 377.169548 -0.415900 -0.909410 0.000000 -29.643272 0.000000 0.000000 1.000000 0.000000
-0.908854 0.417114 0.000000 374.824446 -0.417114 -0.908854 0.000000 -30.628934 0.000000 0.000000 1.000000 0.000000
-0.909800 0.415046 0.000000 372.299832 -0.415046 -0.909800 0.000000 -31.795203 0.000000 0.000000 1.000000 0.000000
-0.910598 0.413292 0.000000 369.672916 -0.413292 -0.910598 0.000000 -32.982050 0.000000 0.000000 1.000000 0.000000
-0.911093 0.412200 0.000000 368.285423 -0.412200 -0.911093 0.000000 -33.553192 0.000000 0.000000 1.000000 0.000000
-0.913182 0.407552 0.000000 365.521749 -0.407552 -0.913182 0.000000 -34.770916 0.000000 0.000000 1.000000 0.000000
-0.914158 0.405359 0.000000 364.082163 -0.405359 -0.914158 0.000000 -35.440153 0.000000 0.000000 1.000000 0.000000
-0.916861 0.399206 0.000000 362.685531 -0.399206 -0.916861 0.000000 -36.037419 0.000000 0.000000 1.000000 0.000000
-0.920298 0.391217 0.000000 361.173551 -0.391217 -0.920298 0.000000 -36.630982 0.000000 0.000000 1.000000 0.000000
-0.924727 0.380632 0.000000 359.662103 -0.380632 -0.924727 0.000000 -37.259313 0.000000 0.000000 1.000000 0.000000
-0.930595 0.366050 0.000000 358.066821 -0.366050 -0.930595 0.000000 -37.938684 0.000000 0.000000 1.000000 0.000000
-0.939506 0.342534 0.000000 356.358515 -0.342534 -0.939506 0.000000 -38.553306 0.000000 0.000000 1.000000 0.000000
-0.947003 0.321226 0.000000 354.523737 -0.321226 -0.947003 0.000000 -39.110485 0.000000 0.000000 1.000000 0.000000
-0.953597 0.301088 0.000000 352.664166 -0.301088 -0.953597 0.000000 -39.636233 0.000000 0.000000 1.000000 0.000000
-0.957821 0.287364 0.000000 350.793984 -0.287364 -0.957821 0.000000 -40.236307 0.000000 0.000000 1.000000 0.000000
-0.959279 0.282460 0.000000 348.828747 -0.282460 -0.959279 0.000000 -40.770511 0.000000 0.000000 1.000000 0.000000
-0.960748 0.277422 0.000000 346.880167 -0.277422 -0.960748 0.000000 -41.327654 0.000000 0.000000 1.000000 0.000000
-0.961852 0.273571 0.000000 344.842335 -0.273571 -0.961852 0.000000 -41.909015 0.000000 0.000000 1.000000 0.000000
-0.963812 0.266582 0.000000 342.745337 -0.266582 -0.963812 0.000000 -42.492360 0.000000 0.000000 1.000000 0.000000
-0.964823 0.262901 0.000000 340.584821 -0.262901 -0.964823 0.000000 -43.088618 0.000000 0.000000 1.000000 0.000000
-0.965783 0.259351 0.000000 338.437880 -0.259351 -0.965783 0.000000 -43.664178 0.000000 0.000000 1.000000 0.000000
-0.965988 0.258589 0.000000 336.294468 -0.258589 -0.965988 0.000000 -44.259258 0.000000 0.000000 1.000000 0.000000
-0.965270 0.261256 0.000000 334.233015 -0.261256 -0.965270 0.000000 -44.810609 0.000000 0.000000 1.000000 0.000000
-0.963691 0.267021 0.000000 332.191957 -0.267021 -0.963691 0.000000 -45.398231 0.000000 0.000000 1.000000 0.000000
-0.962627 0.270830 0.000000 330.187287 -0.270830 -0.962627 0.000000 -45.938941 0.000000 0.000000 1.000000 0.000000
-0.960387 0.278669 0.000000 328.173369 -0.278669 -0.960387 0.000000 -46.555412 0.000000 0.000000 1.000000 0.000000
-0.957686 0.287817 0.000000 326.195408 -0.287817 -0.957686 0.000000 -47.135189 0.000000 0.000000 1.000000 0.000000
-0.954699 0.297572 0.000000 324.218724 -0.297572 -0.954699 0.000000 -47.728373 0.000000 0.000000 1.000000 0.000000
-0.951851 0.306562 0.000000 322.215829 -0.306562 -0.951851 0.000000 -48.328216 0.000000 0.000000 1.000000 0.000000
-0.948423 0.317007 0.000000 320.326354 -0.317007 -0.948423 0.000000 -49.024282 0.000000 0.000000 1.000000 0.000000
-0.945138 0.326671 0.000000 318.334929 -0.326671 -0.945138 0.000000 -49.648021 0.000000 0.000000 1.000000 0.000000
-0.941929 0.335812 0.000000 316.321904 -0.335812 -0.941929 0.000000 -50.362358 0.000000 0.000000 1.000000 0.000000
-0.938717 0.344690 0.000000 314.386760 -0.344690 -0.938717 0.000000 -51.055906 0.000000 0.000000 1.000000 0.000000
-0.935318 0.353807 0.000000 312.405531 -0.353807 -0.935318 0.000000 -51.785596 0.000000 0.000000 1.000000 0.000000
-0.932237 0.361849 0.000000 310.505646 -0.361849 -0.932237 0.000000 -52.547211 0.000000 0.000000 1.000000 0.000000
-0.930395 0.366558 0.000000 308.553294 -0.366558 -0.930395 0.000000 -53.292046 0.000000 0.000000 1.000000 0.000000
-0.929369 0.369153 0.000000 306.624439 -0.369153 -0.929369 0.000000 -54.080282 0.000000 0.000000 1.000000 0.000000
-0.929593 0.368588 0.000000 304.588377 -0.368588 -0.929593 0.000000 -54.905296 0.000000 0.000000 1.000000 0.000000
-0.930295 0.366813 0.000000 302.605369 -0.366813 -0.930295 0.000000 -55.676901 0.000000 0.000000 1.000000 0.000000
-0.930654 0.365901 0.000000 300.616933 -0.365901 -0.930654 0.000000 -56.445632 0.000000 0.000000 1.000000 0.000000
-0.930800 0.365529 0.000000 298.529642 -0.365529 -0.930800 0.000000 -57.229705 0.000000 0.000000 1.000000 0.000000
-0.930337 0.366705 0.000000 296.495105 -0.366705 -0.930337 0.000000 -58.042221 0.000000 0.000000 1.000000 0.000000
-0.929777 0.368124 0.000000 294.420958 -0.368124 -0.929777 0.000000 -58.793146 0.000000 0.000000 1.000000 0.000000
-0.929417 0.369030 0.000000 292.345801 -0.369030 -0.929417 0.000000 -59.622868 0.000000 0.000000 1.000000 0.000000
-0.929269 0.369403 0.000000 290.264220 -0.369403 -0.929269 0.000000 -60.375379 0.000000 0.000000 1.000000 0.000000
-0.928411 0.371556 0.000000 288.180213 -0.371556 -0.928411 0.000000 -61.137657 0.000000 0.000000 1.000000 0.000000
-0.928969 0.370157 0.000000 286.112809 -0.370157 -0.928969 0.000000 -61.934495 0.000000 0.000000 1.000000 0.000000
-0.929552 0.368692 0.000000 283.984553 -0.368692 -0.929552 0.000000 -62.805129 0.000000 0.000000 1.000000 0.000000
-0.930687 0.365816 0.000000 281.908404 -0.365816 -0.930687 0.000000 -63.658385 0.000000 0.000000 1.000000 0.000000
-0.932163 0.362040 0.000000 279.721289 -0.362040 -0.932163 0.000000 -64.317564 0.000000 0.000000 1.000000 0.000000
