0.999867 -0.016310 0.000000 -5.231116 0.016310 0.999867 0.000000 1.023189 0.000000 0.000000 1.000000 0.000000 1561000444438566000

0.999844 -0.017651 0.000000 -3.567812 0.017651 0.999844 0.000000 1.007050 0.000000 0.000000 1.000000 0.000000 1561000451216509000

0.999959 -0.009088 0.000000 -1.977598 0.009088 0.999959 0.000000 1.036735 0.000000 0.000000 1.000000 0.000000 1561000451969701000

0.999995 0.003192 0.000000 0.196814 -0.003192 0.999995 -0.000000 0.996077 -0.000000 0.000000 1.000000 0.000000 1561000452723123000

0.999937 0.011238 0.000000 1.937574 -0.011238 0.999937 -0.000000 0.956273 -0.000000 0.000000 1.000000 0.000000 1561000453225385000

0.999786 0.020682 0.000000 3.945515 -0.020682 0.999786 -0.000000 0.907948 -0.000000 0.000000 1.000000 0.000000 1561000453727328000

0.999601 0.028255 0.000000 6.088490 -0.028255 0.999601 -0.000000 0.832455 -0.000000 0.000000 1.000000 0.000000 1561000454228891000

0.999472 0.032495 0.000000 8.453670 -0.032495 0.999472 -0.000000 0.777184 -0.000000 0.000000 1.000000 0.000000 1561000454730705000

0.999539 0.030371 0.000000 11.005651 -0.030371 0.999539 -0.000000 0.702078 -0.000000 0.000000 1.000000 0.000000 1561000455232943000

0.999608 0.028011 0.000000 13.763640 -0.028011 0.999608 -0.000000 0.629561 -0.000000 0.000000 1.000000 0.000000 1561000455733801000

0.999657 0.026178 0.000000 16.657037 -0.026178 0.999657 -0.000000 0.499493 -0.000000 0.000000 1.000000 0.000000 1561000456235346000

0.999645 0.026644 0.000000 19.720726 -0.026644 0.999645 -0.000000 0.387244 -0.000000 0.000000 1.000000 0.000000 1561000456733214000

0.999721 0.023619 0.000000 21.398295 -0.023619 0.999721 -0.000000 0.428358 -0.000000 0.000000 1.000000 0.000000 1561000456983059000

0.999830 0.018424 0.000000 23.111305 -0.018424 0.999830 -0.000000 0.388598 -0.000000 0.000000 1.000000 0.000000 1561000457232398000

0.999843 0.017730 0.000000 24.854434 -0.017730 0.999843 -0.000000 0.290161 -0.000000 0.000000 1.000000 0.000000 1561000457481918000

0.999891 0.014752 0.000000 26.661919 -0.014752 0.999891 -0.000000 0.312315 -0.000000 0.000000 1.000000 0.000000 1561000457731848000

0.999910 0.013423 0.000000 28.575667 -0.013423 0.999910 -0.000000 0.305591 -0.000000 0.000000 1.000000 0.000000 1561000457981349000

0.999909 0.013467 0.000000 30.497366 -0.013467 0.999909 -0.000000 0.242171 -0.000000 0.000000 1.000000 0.000000 1561000458230556000

0.999902 0.014033 0.000000 32.459239 -0.014033 0.999902 -0.000000 0.184752 -0.000000 0.000000 1.000000 0.000000 1561000458480313000

0.999934 0.011516 0.000000 34.520776 -0.011516 0.999934 -0.000000 0.161771 -0.000000 0.000000 1.000000 0.000000 1561000458730184000

0.999972 0.007476 0.000000 36.624057 -0.007476 0.999972 -0.000000 0.160644 -0.000000 0.000000 1.000000 0.000000 1561000458979946000

0.999993 0.003647 0.000000 38.748299 -0.003647 0.999993 -0.000000 0.150640 -0.000000 0.000000 1.000000 0.000000 1561000459230310000

1.000000 0.000918 0.000000 40.974417 -0.000918 1.000000 -0.000000 0.173103 -0.000000 0.000000 1.000000 0.000000 1561000459478978000

0.999997 -0.002543 0.000000 43.208101 0.002543 0.999997 0.000000 0.188061 0.000000 0.000000 1.000000 0.000000 1561000459728263000

0.999976 -0.006903 0.000000 45.448917 0.006903 0.999976 0.000000 0.178036 0.000000 0.000000 1.000000 0.000000 1561000459976957000

0.999935 -0.011390 0.000000 47.662592 0.011390 0.999935 0.000000 0.262861 0.000000 0.000000 1.000000 0.000000 1561000460228619000

0.999858 -0.016823 0.000000 49.850857 0.016823 0.999858 0.000000 0.281230 0.000000 0.000000 1.000000 0.000000 1561000460479057000

0.999786 -0.020710 0.000000 52.011522 0.020710 0.999786 0.000000 0.316724 0.000000 0.000000 1.000000 0.000000 1561000460725813000

0.999661 -0.026046 0.000000 54.177960 0.026046 0.999661 0.000000 0.380573 0.000000 0.000000 1.000000 0.000000 1561000460974620000

0.999549 -0.030019 0.000000 56.317160 0.030019 0.999549 0.000000 0.451647 0.000000 0.000000 1.000000 0.000000 1561000461223439000

0.999447 -0.033250 0.000000 58.418133 0.033250 0.999447 0.000000 0.565272 0.000000 0.000000 1.000000 0.000000 1561000461472649000

0.999374 -0.035390 0.000000 60.563992 0.035390 0.999374 0.000000 0.636597 0.000000 0.000000 1.000000 0.000000 1561000461722049000

0.999295 -0.037554 0.000000 62.692223 0.037554 0.999295 0.000000 0.702621 0.000000 0.000000 1.000000 0.000000 1561000461972031000

0.999192 -0.040196 0.000000 64.776765 0.040196 0.999192 0.000000 0.781056 0.000000 0.000000 1.000000 0.000000 1561000462221366000

0.999141 -0.041430 0.000000 66.839100 0.041430 0.999141 0.000000 0.877058 0.000000 0.000000 1.000000 0.000000 1561000462470059000

0.998989 -0.044964 0.000000 68.869810 0.044964 0.998989 0.000000 0.956362 0.000000 0.000000 1.000000 0.000000 1561000462719578000

0.998927 -0.046312 0.000000 70.957275 0.046312 0.998927 0.000000 1.056955 0.000000 0.000000 1.000000 0.000000 1561000462968357000

0.998565 -0.053549 0.000000 73.039476 0.053549 0.998565 0.000000 1.091754 0.000000 0.000000 1.000000 0.000000 1561000463216710000

0.998333 -0.057713 0.000000 75.164232 0.057713 0.998333 0.000000 1.227899 0.000000 0.000000 1.000000 0.000000 1561000463465334000

0.998184 -0.060234 0.000000 77.201309 0.060234 0.998184 0.000000 1.472941 0.000000 0.000000 1.000000 0.000000 1561000463713591000

0.997943 -0.064105 0.000000 79.281233 0.064105 0.997943 0.000000 1.586778 0.000000 0.000000 1.000000 0.000000 1561000463960454000

0.997681 -0.068059 0.000000 81.421302 0.068059 0.997681 0.000000 1.696075 0.000000 0.000000 1.000000 0.000000 1561000464208915000

0.997447 -0.071408 0.000000 83.589477 0.071408 0.997447 0.000000 1.866883 0.000000 0.000000 1.000000 0.000000 1561000464457911000

0.997250 -0.074106 0.000000 85.728219 0.074106 0.997250 0.000000 2.030765 0.000000 0.000000 1.000000 0.000000 1561000464706861000

0.997124 -0.075787 0.000000 87.893216 0.075787 0.997124 0.000000 2.199555 0.000000 0.000000 1.000000 0.000000 1561000464955386000

0.997032 -0.076990 0.000000 90.088363 0.076990 0.997032 0.000000 2.364003 0.000000 0.000000 1.000000 0.000000 1561000465204330000

0.996906 -0.078602 0.000000 92.245697 0.078602 0.996906 0.000000 2.563051 0.000000 0.000000 1.000000 0.000000 1561000465452887000

0.996576 -0.082685 0.000000 94.480668 0.082685 0.996576 0.000000 2.780700 0.000000 0.000000 1.000000 0.000000 1561000465702264000

0.996310 -0.085824 0.000000 96.704648 0.085824 0.996310 0.000000 2.977298 0.000000 0.000000 1.000000 0.000000 1561000465950620000

0.996071 -0.088560 0.000000 98.959380 0.088560 0.996071 0.000000 3.168013 0.000000 0.000000 1.000000 0.000000 1561000466198884000

0.995836 -0.091159 0.000000 101.193270 0.091159 0.995836 0.000000 3.422924 0.000000 0.000000 1.000000 0.000000 1561000466449565000

0.995738 -0.092229 0.000000 103.483497 0.092229 0.995738 0.000000 3.626677 0.000000 0.000000 1.000000 0.000000 1561000466701233000

0.995662 -0.093045 0.000000 105.754009 0.093045 0.995662 0.000000 3.828568 0.000000 0.000000 1.000000 0.000000 1561000466946421000

0.995880 -0.090685 0.000000 108.065925 0.090685 0.995880 0.000000 4.061284 0.000000 0.000000 1.000000 0.000000 1561000467195307000

0.996087 -0.088380 0.000000 110.343716 0.088380 0.996087 0.000000 4.239535 0.000000 0.000000 1.000000 0.000000 1561000467442628000

0.996203 -0.087060 0.000000 112.651979 0.087060 0.996203 0.000000 4.454232 0.000000 0.000000 1.000000 0.000000 1561000467692524000

0.996344 -0.085429 0.000000 114.971896 0.085429 0.996344 0.000000 4.674799 0.000000 0.000000 1.000000 0.000000 1561000467939932000

0.996454 -0.084136 0.000000 117.215684 0.084136 0.996454 0.000000 4.865192 0.000000 0.000000 1.000000 0.000000 1561000468188233000

0.996484 -0.083786 0.000000 119.470525 0.083786 0.996484 0.000000 5.058863 0.000000 0.000000 1.000000 0.000000 1561000468437391000

0.996526 -0.083285 0.000000 121.713367 0.083285 0.996526 0.000000 5.232628 0.000000 0.000000 1.000000 0.000000 1561000468685721000

0.996504 -0.083543 0.000000 123.914770 0.083543 0.996504 0.000000 5.426764 0.000000 0.000000 1.000000 0.000000 1561000468935357000

0.996519 -0.083364 0.000000 126.067675 0.083364 0.996519 0.000000 5.580225 0.000000 0.000000 1.000000 0.000000 1561000469184222000

0.996575 -0.082693 0.000000 128.152240 0.082693 0.996575 0.000000 5.746031 0.000000 0.000000 1.000000 0.000000 1561000469433306000

0.996627 -0.082063 0.000000 130.399750 0.082063 0.996627 0.000000 5.953578 0.000000 0.000000 1.000000 0.000000 1561000469681796000

0.996257 -0.086438 0.000000 132.574146 0.086438 0.996257 0.000000 6.220215 0.000000 0.000000 1.000000 0.000000 1561000469927877000

0.995948 -0.089930 0.000000 134.707784 0.089930 0.995948 0.000000 6.398285 0.000000 0.000000 1.000000 0.000000 1561000470178079000

0.995631 -0.093377 0.000000 136.965243 0.093377 0.995631 0.000000 6.618496 0.000000 0.000000 1.000000 0.000000 1561000470426619000

0.995369 -0.096125 0.000000 139.190210 0.096125 0.995369 0.000000 6.847868 0.000000 0.000000 1.000000 0.000000 1561000470675629000

0.995064 -0.099234 0.000000 141.409547 0.099234 0.995064 0.000000 7.047121 0.000000 0.000000 1.000000 0.000000 1561000470925518000

0.994717 -0.102656 0.000000 143.678016 0.102656 0.994717 0.000000 7.324788 0.000000 0.000000 1.000000 0.000000 1561000471173754000

0.994222 -0.107341 0.000000 145.931594 0.107341 0.994222 0.000000 7.553296 0.000000 0.000000 1.000000 0.000000 1561000471421537000

0.993735 -0.111763 0.000000 148.186945 0.111763 0.993735 0.000000 7.816140 0.000000 0.000000 1.000000 0.000000 1561000471670336000

0.993219 -0.116255 0.000000 150.468320 0.116255 0.993219 0.000000 8.080738 0.000000 0.000000 1.000000 0.000000 1561000471918821000

0.992734 -0.120331 0.000000 152.758785 0.120331 0.992734 0.000000 8.327141 0.000000 0.000000 1.000000 0.000000 1561000472167107000

0.992234 -0.124387 0.000000 155.026591 0.124387 0.992234 0.000000 8.591466 0.000000 0.000000 1.000000 0.000000 1561000472416228000

0.991978 -0.126412 0.000000 157.340803 0.126412 0.991978 0.000000 8.941722 0.000000 0.000000 1.000000 0.000000 1561000472666413000

0.991725 -0.128381 0.000000 159.662678 0.128381 0.991725 0.000000 9.221547 0.000000 0.000000 1.000000 0.000000 1561000472913322000

0.991169 -0.132606 0.000000 161.945295 0.132606 0.991169 0.000000 9.557007 0.000000 0.000000 1.000000 0.000000 1561000473162044000

0.990548 -0.137169 0.000000 164.280854 0.137169 0.990548 0.000000 9.895047 0.000000 0.000000 1.000000 0.000000 1561000473410540000

0.989999 -0.141072 0.000000 166.592148 0.141072 0.989999 0.000000 10.200002 0.000000 0.000000 1.000000 0.000000 1561000473659389000

0.989235 -0.146338 0.000000 168.935000 0.146338 0.989235 0.000000 10.574355 0.000000 0.000000 1.000000 0.000000 1561000473908074000

0.988658 -0.150184 0.000000 171.301843 0.150184 0.988658 0.000000 10.943820 0.000000 0.000000 1.000000 0.000000 1561000474156096000

0.987991 -0.154510 0.000000 173.596327 0.154510 0.987991 0.000000 11.289537 0.000000 0.000000 1.000000 0.000000 1561000474404915000

0.987498 -0.157629 0.000000 176.033611 0.157629 0.987498 0.000000 11.670859 0.000000 0.000000 1.000000 0.000000 1561000474653473000

0.986965 -0.160934 0.000000 178.422609 0.160934 0.986965 0.000000 12.112046 0.000000 0.000000 1.000000 0.000000 1561000474902028000

0.986398 -0.164373 0.000000 180.808390 0.164373 0.986398 0.000000 12.494597 0.000000 0.000000 1.000000 0.000000 1561000475152686000

0.985758 -0.168169 0.000000 183.225688 0.168169 0.985758 0.000000 12.924429 0.000000 0.000000 1.000000 0.000000 1561000475401664000

0.984911 -0.173062 0.000000 185.556809 0.173062 0.984911 0.000000 13.350531 0.000000 0.000000 1.000000 0.000000 1561000475650569000

0.983937 -0.178517 0.000000 187.976573 0.178517 0.983937 0.000000 13.797989 0.000000 0.000000 1.000000 0.000000 1561000475898137000

0.982764 -0.184864 0.000000 190.300399 0.184864 0.982764 0.000000 14.247858 0.000000 0.000000 1.000000 0.000000 1561000476146222000

0.982004 -0.188859 0.000000 192.599547 0.188859 0.982004 0.000000 14.698430 0.000000 0.000000 1.000000 0.000000 1561000476395683000

0.980731 -0.195364 0.000000 194.857394 0.195364 0.980731 0.000000 15.182113 0.000000 0.000000 1.000000 0.000000 1561000476643462000

0.979855 -0.199709 0.000000 197.078622 0.199709 0.979855 0.000000 15.640906 0.000000 0.000000 1.000000 0.000000 1561000476892166000

0.978919 -0.204250 0.000000 199.286368 0.204250 0.978919 0.000000 16.135333 0.000000 0.000000 1.000000 0.000000 1561000477139985000

0.977940 -0.208888 0.000000 201.460008 0.208888 0.977940 0.000000 16.539622 0.000000 0.000000 1.000000 0.000000 1561000477388986000

0.976761 -0.214330 0.000000 203.682685 0.214330 0.976761 0.000000 17.083323 0.000000 0.000000 1.000000 0.000000 1561000477638141000

0.975573 -0.219675 0.000000 205.883090 0.219675 0.975573 0.000000 17.562857 0.000000 0.000000 1.000000 0.000000 1561000477885064000

0.974291 -0.225295 0.000000 208.020360 0.225295 0.974291 0.000000 18.043872 0.000000 0.000000 1.000000 0.000000 1561000478134686000

0.973444 -0.228924 0.000000 210.270651 0.228924 0.973444 0.000000 18.572935 0.000000 0.000000 1.000000 0.000000 1561000478383453000

0.972554 -0.232677 0.000000 212.481226 0.232677 0.972554 0.000000 19.104453 0.000000 0.000000 1.000000 0.000000 1561000478631209000

0.972072 -0.234683 0.000000 214.717681 0.234683 0.972072 0.000000 19.705671 0.000000 0.000000 1.000000 0.000000 1561000478880766000

0.971558 -0.236802 0.000000 216.972524 0.236802 0.971558 0.000000 20.267989 0.000000 0.000000 1.000000 0.000000 1561000479129084000

0.970771 -0.240009 0.000000 219.250756 0.240009 0.970771 0.000000 20.790880 0.000000 0.000000 1.000000 0.000000 1561000479378844000

0.970155 -0.242487 0.000000 221.476964 0.242487 0.970155 0.000000 21.446475 0.000000 0.000000 1.000000 0.000000 1561000479627125000

0.969515 -0.245031 0.000000 223.733336 0.245031 0.969515 0.000000 21.985934 0.000000 0.000000 1.000000 0.000000 1561000479876716000

0.968528 -0.248904 0.000000 226.009437 0.248904 0.968528 0.000000 22.604642 0.000000 0.000000 1.000000 0.000000 1561000480125473000

0.967609 -0.252453 0.000000 228.280509 0.252453 0.967609 0.000000 23.169997 0.000000 0.000000 1.000000 0.000000 1561000480374775000

0.966189 -0.257835 0.000000 230.542191 0.257835 0.966189 0.000000 23.811208 0.000000 0.000000 1.000000 0.000000 1561000480623560000

0.965156 -0.261674 0.000000 232.798822 0.261674 0.965156 0.000000 24.366368 0.000000 0.000000 1.000000 0.000000 1561000480870641000

0.963961 -0.266043 0.000000 235.097375 0.266043 0.963961 0.000000 25.072295 0.000000 0.000000 1.000000 0.000000 1561000481120367000

0.962438 -0.271500 0.000000 237.369842 0.271500 0.962438 0.000000 25.734816 0.000000 0.000000 1.000000 0.000000 1561000481366978000

0.961168 -0.275964 0.000000 239.736459 0.275964 0.961168 0.000000 26.392260 0.000000 0.000000 1.000000 0.000000 1561000481616133000

0.959417 -0.281990 0.000000 242.078294 0.281990 0.959417 0.000000 27.100387 0.000000 0.000000 1.000000 0.000000 1561000481866421000

0.958413 -0.285384 0.000000 244.383427 0.285384 0.958413 0.000000 27.785860 0.000000 0.000000 1.000000 0.000000 1561000482112963000

0.956850 -0.290583 0.000000 246.773648 0.290583 0.956850 0.000000 28.505308 0.000000 0.000000 1.000000 0.000000 1561000482362365000

0.955531 -0.294891 0.000000 249.109753 0.294891 0.955531 0.000000 29.212370 0.000000 0.000000 1.000000 0.000000 1561000482611024000

0.954105 -0.299472 0.000000 251.500174 0.299472 0.954105 0.000000 29.914234 0.000000 0.000000 1.000000 0.000000 1561000482859436000

0.952918 -0.303228 0.000000 253.853210 0.303228 0.952918 0.000000 30.705782 0.000000 0.000000 1.000000 0.000000 1561000483108000000

0.952174 -0.305556 0.000000 256.234318 0.305556 0.952174 0.000000 31.470129 0.000000 0.000000 1.000000 0.000000 1561000483358185000

0.951350 -0.308112 0.000000 258.595774 0.308112 0.951350 0.000000 32.297418 0.000000 0.000000 1.000000 0.000000 1561000483607228000

0.950285 -0.311381 0.000000 260.922568 0.311381 0.950285 0.000000 33.052196 0.000000 0.000000 1.000000 0.000000 1561000483855459000

0.949059 -0.315099 0.000000 263.280881 0.315099 0.949059 0.000000 33.833802 0.000000 0.000000 1.000000 0.000000 1561000484105565000

0.948343 -0.317247 0.000000 265.507521 0.317247 0.948343 0.000000 34.604449 0.000000 0.000000 1.000000 0.000000 1561000484355879000

0.947580 -0.319518 0.000000 267.813552 0.319518 0.947580 0.000000 35.378101 0.000000 0.000000 1.000000 0.000000 1561000484607632000

0.946673 -0.322195 0.000000 270.051332 0.322195 0.946673 0.000000 36.143660 0.000000 0.000000 1.000000 0.000000 1561000484855670000

0.946097 -0.323884 0.000000 272.317734 0.323884 0.946097 0.000000 36.912642 0.000000 0.000000 1.000000 0.000000 1561000485107056000

0.945317 -0.326153 0.000000 274.508851 0.326153 0.945317 0.000000 37.658970 0.000000 0.000000 1.000000 0.000000 1561000485357265000

0.944703 -0.327926 0.000000 276.640553 0.327926 0.944703 0.000000 38.432355 0.000000 0.000000 1.000000 0.000000 1561000485606059000

0.943848 -0.330379 0.000000 278.773394 0.330379 0.943848 0.000000 39.174470 0.000000 0.000000 1.000000 0.000000 1561000485855914000

0.942655 -0.333770 0.000000 280.907877 0.333770 0.942655 0.000000 39.912688 0.000000 0.000000 1.000000 0.000000 1561000486105793000

0.941687 -0.336490 0.000000 282.908045 0.336490 0.941687 0.000000 40.648386 0.000000 0.000000 1.000000 0.000000 1561000486356023000

0.940459 -0.339906 0.000000 284.857786 0.339906 0.940459 0.000000 41.283973 0.000000 0.000000 1.000000 0.000000 1561000486605821000

0.939075 -0.343712 0.000000 286.742723 0.343712 0.939075 0.000000 42.032239 0.000000 0.000000 1.000000 0.000000 1561000486855034000

0.936998 -0.349336 0.000000 288.581362 0.349336 0.936998 0.000000 42.652771 0.000000 0.000000 1.000000 0.000000 1561000487104650000

0.935040 -0.354542 0.000000 290.388593 0.354542 0.935040 0.000000 43.385053 0.000000 0.000000 1.000000 0.000000 1561000487355764000

0.932319 -0.361638 0.000000 292.221075 0.361638 0.932319 0.000000 44.083663 0.000000 0.000000 1.000000 0.000000 1561000487604426000

0.930260 -0.366901 0.000000 294.000091 0.366901 0.930260 0.000000 44.706106 0.000000 0.000000 1.000000 0.000000 1561000487853333000

0.927720 -0.373277 0.000000 295.628276 0.373277 0.927720 0.000000 45.365088 0.000000 0.000000 1.000000 0.000000 1561000488102970000

0.926335 -0.376701 0.000000 297.414658 0.376701 0.926335 0.000000 46.067841 0.000000 0.000000 1.000000 0.000000 1561000488353303000

0.924813 -0.380423 0.000000 299.041086 0.380423 0.924813 0.000000 46.781414 0.000000 0.000000 1.000000 0.000000 1561000488601939000

0.924282 -0.381711 0.000000 300.683972 0.381711 0.924282 0.000000 47.442976 0.000000 0.000000 1.000000 0.000000 1561000488851590000

0.923541 -0.383499 0.000000 302.276727 0.383499 0.923541 0.000000 48.131349 0.000000 0.000000 1.000000 0.000000 1561000489100383000

0.924032 -0.382316 0.000000 303.845156 0.382316 0.924032 0.000000 48.760731 0.000000 0.000000 1.000000 0.000000 1561000489349993000

0.927308 -0.374299 0.000000 305.369029 0.374299 0.927308 0.000000 49.336051 0.000000 0.000000 1.000000 0.000000 1561000489598667000

0.932322 -0.361630 0.000000 306.795924 0.361630 0.932322 0.000000 49.891928 0.000000 0.000000 1.000000 0.000000 1561000489848267000

0.953193 -0.302364 0.000000 309.509651 0.302364 0.953193 0.000000 50.778049 0.000000 0.000000 1.000000 0.000000 1561000490346899000

0.983810 -0.179215 0.000000 312.044336 0.179215 0.983810 0.000000 51.105489 0.000000 0.000000 1.000000 0.000000 1561000490847327000

0.999929 -0.011900 0.000000 314.269888 0.011900 0.999929 0.000000 51.041536 0.000000 0.000000 1.000000 0.000000 1561000491346093000

0.995972 0.089662 0.000000 315.307894 -0.089662 0.995972 -0.000000 50.841776 -0.000000 0.000000 1.000000 0.000000 1561000491595361000

0.979124 0.203264 0.000000 316.371671 -0.203264 0.979124 -0.000000 50.502804 -0.000000 0.000000 1.000000 0.000000 1561000491844124000

0.946559 0.322530 0.000000 317.321689 -0.322530 0.946559 -0.000000 50.071980 -0.000000 0.000000 1.000000 0.000000 1561000492092937000

0.893641 0.448783 0.000000 318.197131 -0.448783 0.893641 -0.000000 49.401201 -0.000000 0.000000 1.000000 0.000000 1561000492343725000

0.820154 0.572143 0.000000 318.934170 -0.572143 0.820154 -0.000000 48.831336 -0.000000 0.000000 1.000000 0.000000 1561000492591695000

0.728728 0.684803 0.000000 319.586913 -0.684803 0.728728 -0.000000 47.957778 -0.000000 0.000000 1.000000 0.000000 1561000492841061000

0.618649 0.785668 0.000000 320.130029 -0.785668 0.618649 -0.000000 47.012337 -0.000000 0.000000 1.000000 0.000000 1561000493090115000

0.499354 0.866398 0.000000 320.490890 -0.866398 0.499354 -0.000000 46.019719 -0.000000 0.000000 1.000000 0.000000 1561000493339874000

0.377589 0.925973 0.000000 320.804093 -0.925973 0.377589 -0.000000 44.929740 -0.000000 0.000000 1.000000 0.000000 1561000493588818000

0.264855 0.964288 0.000000 320.970019 -0.964288 0.264855 -0.000000 43.825709 -0.000000 0.000000 1.000000 0.000000 1561000493837382000

0.179558 0.983747 0.000000 321.015710 -0.983747 0.179558 -0.000000 42.707639 -0.000000 0.000000 1.000000 0.000000 1561000494085943000

0.110263 0.993902 0.000000 321.459799 -0.993902 0.110263 -0.000000 39.961684 -0.000000 0.000000 1.000000 0.000000 1561000494583785000

0.086680 0.996236 0.000000 321.894871 -0.996236 0.086680 -0.000000 37.084300 -0.000000 0.000000 1.000000 0.000000 1561000495080401000

0.071468 0.997443 0.000000 322.038972 -0.997443 0.071468 -0.000000 34.136215 -0.000000 0.000000 1.000000 0.000000 1561000495578160000

0.074711 0.997205 0.000000 322.155428 -0.997205 0.074711 -0.000000 32.526905 -0.000000 0.000000 1.000000 0.000000 1561000495826671000

0.080987 0.996715 0.000000 322.335160 -0.996715 0.080987 -0.000000 30.874459 -0.000000 0.000000 1.000000 0.000000 1561000496077519000

0.083963 0.996469 0.000000 322.477987 -0.996469 0.083963 -0.000000 29.227231 -0.000000 0.000000 1.000000 0.000000 1561000496325382000

0.082433 0.996597 0.000000 322.610954 -0.996597 0.082433 -0.000000 27.501452 -0.000000 0.000000 1.000000 0.000000 1561000496574033000

0.082792 0.996567 0.000000 322.797355 -0.996567 0.082792 -0.000000 25.795971 -0.000000 0.000000 1.000000 0.000000 1561000496822812000

0.082150 0.996620 0.000000 322.932200 -0.996620 0.082150 -0.000000 23.953956 -0.000000 0.000000 1.000000 0.000000 1561000497071469000

0.082479 0.996593 0.000000 323.040834 -0.996593 0.082479 -0.000000 22.065859 -0.000000 0.000000 1.000000 0.000000 1561000497319987000

0.082022 0.996630 0.000000 323.219776 -0.996630 0.082022 -0.000000 20.197698 -0.000000 0.000000 1.000000 0.000000 1561000497569198000

0.080134 0.996784 0.000000 323.398392 -0.996784 0.080134 -0.000000 18.312689 -0.000000 0.000000 1.000000 0.000000 1561000497818140000

0.078272 0.996932 0.000000 323.545531 -0.996932 0.078272 -0.000000 16.342957 -0.000000 0.000000 1.000000 0.000000 1561000498067011000

0.078351 0.996926 0.000000 323.694920 -0.996926 0.078351 -0.000000 14.308175 -0.000000 0.000000 1.000000 0.000000 1561000498315736000

0.077755 0.996972 0.000000 323.857731 -0.996972 0.077755 -0.000000 12.235814 -0.000000 0.000000 1.000000 0.000000 1561000498564888000

0.077709 0.996976 0.000000 324.001366 -0.996976 0.077709 -0.000000 10.171949 -0.000000 0.000000 1.000000 0.000000 1561000498812965000

0.080720 0.996737 0.000000 324.221506 -0.996737 0.080720 -0.000000 8.037448 -0.000000 0.000000 1.000000 0.000000 1561000499062066000

0.082225 0.996614 0.000000 324.385791 -0.996614 0.082225 -0.000000 5.896449 -0.000000 0.000000 1.000000 0.000000 1561000499311038000

0.083405 0.996516 0.000000 324.575372 -0.996516 0.083405 -0.000000 3.689278 -0.000000 0.000000 1.000000 0.000000 1561000499559641000

0.083265 0.996527 0.000000 324.691387 -0.996527 0.083265 -0.000000 1.409378 -0.000000 0.000000 1.000000 0.000000 1561000499808736000

0.083398 0.996516 0.000000 324.886099 -0.996516 0.083398 -0.000000 -0.803156 -0.000000 0.000000 1.000000 0.000000 1561000500058177000

0.084431 0.996429 0.000000 325.087255 -0.996429 0.084431 -0.000000 -3.046535 -0.000000 0.000000 1.000000 0.000000 1561000500306236000

0.085504 0.996338 0.000000 325.313352 -0.996338 0.085504 -0.000000 -5.304617 -0.000000 0.000000 1.000000 0.000000 1561000500554493000

0.085872 0.996306 0.000000 325.523261 -0.996306 0.085872 -0.000000 -7.508083 -0.000000 0.000000 1.000000 0.000000 1561000500803151000

0.086306 0.996269 0.000000 325.707800 -0.996269 0.086306 -0.000000 -9.695947 -0.000000 0.000000 1.000000 0.000000 1561000501052399000

0.085635 0.996327 0.000000 325.883436 -0.996327 0.085635 -0.000000 -11.845813 -0.000000 0.000000 1.000000 0.000000 1561000501300405000

0.085388 0.996348 0.000000 326.120096 -0.996348 0.085388 -0.000000 -14.041732 -0.000000 0.000000 1.000000 0.000000 1561000501548683000

0.085424 0.996345 0.000000 326.266999 -0.996345 0.085424 -0.000000 -16.176565 -0.000000 0.000000 1.000000 0.000000 1561000501797420000

0.085180 0.996366 0.000000 326.431444 -0.996366 0.085180 -0.000000 -18.225559 -0.000000 0.000000 1.000000 0.000000 1561000502045587000

0.085129 0.996370 0.000000 326.613009 -0.996370 0.085129 -0.000000 -20.305330 -0.000000 0.000000 1.000000 0.000000 1561000502294218000

0.083509 0.996507 0.000000 326.759478 -0.996507 0.083509 -0.000000 -22.198638 -0.000000 0.000000 1.000000 0.000000 1561000502542698000

0.082166 0.996619 0.000000 326.961872 -0.996619 0.082166 -0.000000 -24.004724 -0.000000 0.000000 1.000000 0.000000 1561000502791208000

0.081602 0.996665 0.000000 327.138226 -0.996665 0.081602 -0.000000 -25.837098 -0.000000 0.000000 1.000000 0.000000 1561000503039928000

0.083370 0.996519 0.000000 327.271714 -0.996519 0.083370 -0.000000 -27.666096 -0.000000 0.000000 1.000000 0.000000 1561000503288553000

0.087011 0.996207 0.000000 327.399744 -0.996207 0.087011 -0.000000 -29.463385 -0.000000 0.000000 1.000000 0.000000 1561000503536966000

0.091804 0.995777 0.000000 327.570760 -0.995777 0.091804 -0.000000 -31.160586 -0.000000 0.000000 1.000000 0.000000 1561000503785986000

0.093281 0.995640 0.000000 327.774170 -0.995640 0.093281 -0.000000 -32.908714 -0.000000 0.000000 1.000000 0.000000 1561000504035525000

0.094679 0.995508 0.000000 328.072693 -0.995508 0.094679 -0.000000 -34.837923 -0.000000 0.000000 1.000000 0.000000 1561000504283553000

0.094293 0.995544 0.000000 328.138876 -0.995544 0.094293 -0.000000 -36.481567 -0.000000 0.000000 1.000000 0.000000 1561000504532585000

0.094690 0.995507 0.000000 328.279937 -0.995507 0.094690 -0.000000 -38.222697 -0.000000 0.000000 1.000000 0.000000 1561000504782610000

0.094566 0.995519 0.000000 328.490087 -0.995519 0.094566 -0.000000 -40.047189 -0.000000 0.000000 1.000000 0.000000 1561000505030858000

0.094192 0.995554 0.000000 328.716034 -0.995554 0.094192 -0.000000 -41.797045 -0.000000 0.000000 1.000000 0.000000 1561000505279647000

0.094977 0.995479 0.000000 328.872343 -0.995479 0.094977 -0.000000 -43.566429 -0.000000 0.000000 1.000000 0.000000 1561000505528361000

0.095186 0.995460 0.000000 329.050987 -0.995460 0.095186 -0.000000 -45.356218 -0.000000 0.000000 1.000000 0.000000 1561000505776839000

0.094250 0.995549 0.000000 329.288529 -0.995549 0.094250 -0.000000 -47.140131 -0.000000 0.000000 1.000000 0.000000 1561000506026467000

0.095595 0.995420 0.000000 329.439709 -0.995420 0.095595 -0.000000 -48.941437 -0.000000 0.000000 1.000000 0.000000 1561000506274435000

0.096830 0.995301 0.000000 329.560448 -0.995301 0.096830 -0.000000 -50.694747 -0.000000 0.000000 1.000000 0.000000 1561000506522728000

0.095452 0.995434 0.000000 329.761522 -0.995434 0.095452 -0.000000 -52.426873 -0.000000 0.000000 1.000000 0.000000 1561000506771484000

0.096545 0.995329 0.000000 329.941591 -0.995329 0.096545 -0.000000 -54.212043 -0.000000 0.000000 1.000000 0.000000 1561000507019403000

0.095804 0.995400 0.000000 330.099018 -0.995400 0.095804 -0.000000 -55.917913 -0.000000 0.000000 1.000000 0.000000 1561000507267492000

0.093690 0.995601 0.000000 330.263386 -0.995601 0.093690 -0.000000 -57.638126 -0.000000 0.000000 1.000000 0.000000 1561000507518284000

0.093052 0.995661 0.000000 330.410785 -0.995661 0.093052 -0.000000 -59.216410 -0.000000 0.000000 1.000000 0.000000 1561000507766170000

0.092900 0.995675 0.000000 330.547518 -0.995675 0.092900 -0.000000 -60.875802 -0.000000 0.000000 1.000000 0.000000 1561000508013903000

0.091590 0.995797 0.000000 330.719901 -0.995797 0.091590 -0.000000 -62.608317 -0.000000 0.000000 1.000000 0.000000 1561000508262180000

0.091798 0.995778 0.000000 330.857765 -0.995778 0.091798 -0.000000 -64.161985 -0.000000 0.000000 1.000000 0.000000 1561000508509641000

0.087725 0.996145 0.000000 331.059751 -0.996145 0.087725 -0.000000 -65.715386 -0.000000 0.000000 1.000000 0.000000 1561000508758606000

0.084192 0.996450 0.000000 331.224909 -0.996450 0.084192 -0.000000 -67.324514 -0.000000 0.000000 1.000000 0.000000 1561000509007129000

0.083908 0.996474 0.000000 331.298019 -0.996474 0.083908 -0.000000 -68.957799 -0.000000 0.000000 1.000000 0.000000 1561000509255537000

0.084224 0.996447 0.000000 331.440870 -0.996447 0.084224 -0.000000 -70.560916 -0.000000 0.000000 1.000000 0.000000 1561000509504245000

0.085001 0.996381 0.000000 331.561916 -0.996381 0.085001 -0.000000 -72.164718 -0.000000 0.000000 1.000000 0.000000 1561000509752852000

0.085919 0.996302 0.000000 331.666621 -0.996302 0.085919 -0.000000 -73.689992 -0.000000 0.000000 1.000000 0.000000 1561000510002366000

0.085531 0.996335 0.000000 331.736286 -0.996335 0.085531 -0.000000 -75.190434 -0.000000 0.000000 1.000000 0.000000 1561000510249360000

0.084707 0.996406 0.000000 331.932392 -0.996406 0.084707 -0.000000 -77.770792 -0.000000 0.000000 1.000000 0.000000 1561000510745578000

0.085928 0.996301 0.000000 332.222092 -0.996301 0.085928 -0.000000 -80.224582 -0.000000 0.000000 1.000000 0.000000 1561000511243813000

0.085138 0.996369 0.000000 332.308579 -0.996369 0.085138 -0.000000 -82.200137 -0.000000 0.000000 1.000000 0.000000 1561000511740688000

0.086003 0.996295 0.000000 332.465117 -0.996295 0.086003 -0.000000 -83.962038 -0.000000 0.000000 1.000000 0.000000 1561000512237795000

0.086428 0.996258 0.000000 332.583404 -0.996258 0.086428 -0.000000 -85.464987 -0.000000 0.000000 1.000000 0.000000 1561000512735063000

0.086223 0.996276 0.000000 332.745664 -0.996276 0.086223 -0.000000 -87.355547 -0.000000 0.000000 1.000000 0.000000 1561000513480731000

0.088113 0.996111 0.000000 332.863390 -0.996111 0.088113 -0.000000 -89.319938 -0.000000 0.000000 1.000000 0.000000 1561000514227208000

0.092909 0.995675 0.000000 333.061677 -0.995675 0.092909 -0.000000 -91.129319 -0.000000 0.000000 1.000000 0.000000 1561000514972584000

0.095846 0.995396 0.000000 333.189879 -0.995396 0.095846 -0.000000 -92.871012 -0.000000 0.000000 1.000000 0.000000 1561000515718448000

0.100817 0.994905 0.000000 333.334282 -0.994905 0.100817 -0.000000 -94.470838 -0.000000 0.000000 1.000000 0.000000 1561000516464636000

0.090796 0.995870 0.000000 333.504941 -0.995870 0.090796 -0.000000 -96.295388 -0.000000 0.000000 1.000000 0.000000 1561000517211616000

0.033127 0.999451 0.000000 333.536726 -0.999451 0.033127 -0.000000 -98.484266 -0.000000 0.000000 1.000000 0.000000 1561000517957895000

-0.046514 0.998918 0.000000 333.394620 -0.998918 -0.046514 -0.000000 -100.141096 -0.000000 0.000000 1.000000 0.000000 1561000518456073000

-0.159937 0.987127 0.000000 333.067019 -0.987127 -0.159937 -0.000000 -101.946092 -0.000000 0.000000 1.000000 0.000000 1561000518952738000

-0.286984 0.957935 0.000000 332.586978 -0.957935 -0.286984 -0.000000 -103.988776 -0.000000 0.000000 1.000000 0.000000 1561000519450184000

-0.409727 0.912208 0.000000 331.670800 -0.912208 -0.409727 -0.000000 -105.899732 -0.000000 0.000000 1.000000 0.000000 1561000519946740000

-0.511820 0.859093 0.000000 330.380800 -0.859093 -0.511820 0.000000 -107.810600 0.000000 0.000000 1.000000 0.000000 1561000520443529000

-0.603042 0.797709 0.000000 329.012601 -0.797709 -0.603042 0.000000 -109.589761 0.000000 0.000000 1.000000 0.000000 1561000520941216000

-0.674997 0.737820 0.000000 327.249067 -0.737820 -0.674997 0.000000 -111.508814 0.000000 0.000000 1.000000 0.000000 1561000521438428000

-0.735497 0.677528 0.000000 325.209408 -0.677528 -0.735497 0.000000 -113.298811 0.000000 0.000000 1.000000 0.000000 1561000521936232000

-0.790001 0.613106 0.000000 322.899123 -0.613106 -0.790001 0.000000 -115.096389 0.000000 0.000000 1.000000 0.000000 1561000522434006000

-0.813442 0.581646 0.000000 321.626689 -0.581646 -0.813442 0.000000 -115.989585 0.000000 0.000000 1.000000 0.000000 1561000522682510000

-0.834790 0.550569 0.000000 320.285436 -0.550569 -0.834790 0.000000 -116.823066 0.000000 0.000000 1.000000 0.000000 1561000522930740000

-0.855442 0.517898 0.000000 318.860615 -0.517898 -0.855442 0.000000 -117.678615 0.000000 0.000000 1.000000 0.000000 1561000523179422000

-0.875158 0.483837 0.000000 317.348579 -0.483837 -0.875158 0.000000 -118.448885 0.000000 0.000000 1.000000 0.000000 1561000523427524000

-0.893850 0.448365 0.000000 315.829947 -0.448365 -0.893850 0.000000 -119.168461 0.000000 0.000000 1.000000 0.000000 1561000523677368000

-0.907793 0.419418 0.000000 314.361139 -0.419418 -0.907793 0.000000 -119.865988 0.000000 0.000000 1.000000 0.000000 1561000523925798000

-0.918663 0.395043 0.000000 312.780109 -0.395043 -0.918663 0.000000 -120.467810 0.000000 0.000000 1.000000 0.000000 1561000524172970000

-0.926764 0.375644 0.000000 311.194707 -0.375644 -0.926764 0.000000 -121.154169 0.000000 0.000000 1.000000 0.000000 1561000524421854000

-0.930398 0.366551 0.000000 309.576702 -0.366551 -0.930398 0.000000 -121.761621 0.000000 0.000000 1.000000 0.000000 1561000524670398000

-0.931847 0.362852 0.000000 307.890816 -0.362852 -0.931847 0.000000 -122.427208 0.000000 0.000000 1.000000 0.000000 1561000524918014000

-0.932993 0.359895 0.000000 306.222712 -0.359895 -0.932993 0.000000 -123.013513 0.000000 0.000000 1.000000 0.000000 1561000525167246000

-0.933468 0.358661 0.000000 304.479365 -0.358661 -0.933468 0.000000 -123.722835 0.000000 0.000000 1.000000 0.000000 1561000525415724000

-0.933732 0.357973 0.000000 302.785629 -0.357973 -0.933732 0.000000 -124.430579 0.000000 0.000000 1.000000 0.000000 1561000525663724000

-0.934273 0.356559 0.000000 301.080603 -0.356559 -0.934273 0.000000 -125.103975 0.000000 0.000000 1.000000 0.000000 1561000525913211000

-0.933912 0.357504 0.000000 299.314772 -0.357504 -0.933912 0.000000 -125.784987 0.000000 0.000000 1.000000 0.000000 1561000526163307000

-0.933768 0.357880 0.000000 297.430285 -0.357880 -0.933768 0.000000 -126.517529 0.000000 0.000000 1.000000 0.000000 1561000526414617000

-0.932498 0.361176 0.000000 295.598734 -0.361176 -0.932498 0.000000 -127.233192 0.000000 0.000000 1.000000 0.000000 1561000526665710000

-0.931883 0.362759 0.000000 293.688417 -0.362759 -0.931883 0.000000 -128.019782 0.000000 0.000000 1.000000 0.000000 1561000526916227000

-0.930834 0.365444 0.000000 291.764903 -0.365444 -0.930834 0.000000 -128.774861 0.000000 0.000000 1.000000 0.000000 1561000527166829000

-0.930778 0.365584 0.000000 289.803074 -0.365584 -0.930778 0.000000 -129.545272 0.000000 0.000000 1.000000 0.000000 1561000527417714000

-0.930801 0.365525 0.000000 287.847818 -0.365525 -0.930801 0.000000 -130.334366 0.000000 0.000000 1.000000 0.000000 1561000527668435000

-0.931031 0.364940 0.000000 285.852434 -0.364940 -0.931031 0.000000 -131.133302 0.000000 0.000000 1.000000 0.000000 1561000527918860000

-0.930935 0.365186 0.000000 283.855429 -0.365186 -0.930935 0.000000 -131.952399 0.000000 0.000000 1.000000 0.000000 1561000528169999000

-0.931172 0.364579 0.000000 281.730852 -0.364579 -0.931172 0.000000 -132.761539 0.000000 0.000000 1.000000 0.000000 1561000528420228000

-0.931547 0.363620 0.000000 279.676404 -0.363620 -0.931547 0.000000 -133.593983 0.000000 0.000000 1.000000 0.000000 1561000528670614000

-0.931629 0.363411 0.000000 277.543028 -0.363411 -0.931629 0.000000 -134.405633 0.000000 0.000000 1.000000 0.000000 1561000528921762000

-0.931664 0.363322 0.000000 275.354758 -0.363322 -0.931664 0.000000 -135.287410 0.000000 0.000000 1.000000 0.000000 1561000529172457000

-0.931381 0.364046 0.000000 273.166803 -0.364046 -0.931381 0.000000 -136.119982 0.000000 0.000000 1.000000 0.000000 1561000529422664000

-0.931387 0.364030 0.000000 271.011098 -0.364030 -0.931387 0.000000 -137.003759 0.000000 0.000000 1.000000 0.000000 1561000529673344000

-0.929931 0.367734 0.000000 268.856084 -0.367734 -0.929931 0.000000 -137.877955 0.000000 0.000000 1.000000 0.000000 1561000529924123000

-0.928035 0.372493 0.000000 266.589642 -0.372493 -0.928035 0.000000 -138.796777 0.000000 0.000000 1.000000 0.000000 1561000530174548000

-0.926551 0.376169 0.000000 264.335733 -0.376169 -0.926551 0.000000 -139.695200 0.000000 0.000000 1.000000 0.000000 1561000530425589000

-0.924217 0.381867 0.000000 262.125044 -0.381867 -0.924217 0.000000 -140.634323 0.000000 0.000000 1.000000 0.000000 1561000530675455000

-0.921346 0.388745 0.000000 259.926887 -0.388745 -0.921346 0.000000 -141.538847 0.000000 0.000000 1.000000 0.000000 1561000530927043000

-0.917622 0.397455 0.000000 257.663187 -0.397455 -0.917622 0.000000 -142.530839 0.000000 0.000000 1.000000 0.000000 1561000531177380000

-0.914076 0.405544 0.000000 255.441918 -0.405544 -0.914076 0.000000 -143.505002 0.000000 0.000000 1.000000 0.000000 1561000531427599000

-0.910287 0.413977 0.000000 253.276535 -0.413977 -0.910287 0.000000 -144.533136 0.000000 0.000000 1.000000 0.000000 1561000531678707000

-0.906710 0.421755 0.000000 251.035595 -0.421755 -0.906710 0.000000 -145.603670 0.000000 0.000000 1.000000 0.000000 1561000531929042000

-0.901862 0.432025 0.000000 248.893606 -0.432025 -0.901862 0.000000 -146.709976 0.000000 0.000000 1.000000 0.000000 1561000532183767000

-0.898132 0.439727 0.000000 246.684775 -0.439727 -0.898132 0.000000 -147.780583 0.000000 0.000000 1.000000 0.000000 1561000532430064000

-0.893441 0.449180 0.000000 244.480152 -0.449180 -0.893441 0.000000 -148.880412 0.000000 0.000000 1.000000 0.000000 1561000532680169000

-0.889037 0.457835 0.000000 242.305877 -0.457835 -0.889037 0.000000 -150.041298 0.000000 0.000000 1.000000 0.000000 1561000532931005000

-0.883395 0.468630 0.000000 240.165661 -0.468630 -0.883395 0.000000 -151.197272 0.000000 0.000000 1.000000 0.000000 1561000533181895000

-0.877483 0.479608 0.000000 237.954990 -0.479608 -0.877483 0.000000 -152.429900 0.000000 0.000000 1.000000 0.000000 1561000533430693000

-0.869739 0.493511 0.000000 235.836526 -0.493511 -0.869739 0.000000 -153.652798 0.000000 0.000000 1.000000 0.000000 1561000533679593000

-0.862547 0.505976 0.000000 233.710163 -0.505976 -0.862547 0.000000 -154.918057 0.000000 0.000000 1.000000 0.000000 1561000533927904000

-0.854928 0.518747 0.000000 231.604361 -0.518747 -0.854928 0.000000 -156.208347 0.000000 0.000000 1.000000 0.000000 1561000534176940000

-0.847117 0.531407 0.000000 229.467324 -0.531407 -0.847117 0.000000 -157.544921 0.000000 0.000000 1.000000 0.000000 1561000534425502000

-0.839500 0.543360 0.000000 227.347514 -0.543360 -0.839500 0.000000 -158.896602 0.000000 0.000000 1.000000 0.000000 1561000534674038000

-0.831382 0.555702 0.000000 225.301185 -0.555702 -0.831382 0.000000 -160.337806 0.000000 0.000000 1.000000 0.000000 1561000534922322000

-0.823414 0.567441 0.000000 223.266052 -0.567441 -0.823414 0.000000 -161.803407 0.000000 0.000000 1.000000 0.000000 1561000535170077000

-0.816618 0.577179 0.000000 221.187380 -0.577179 -0.816618 0.000000 -163.310734 0.000000 0.000000 1.000000 0.000000 1561000535418260000

-0.809809 0.586693 0.000000 219.115600 -0.586693 -0.809809 0.000000 -164.783648 0.000000 0.000000 1.000000 0.000000 1561000535666852000

-0.802175 0.597089 0.000000 217.127067 -0.597089 -0.802175 0.000000 -166.283711 0.000000 0.000000 1.000000 0.000000 1561000535915876000

-0.795618 0.605799 0.000000 215.075696 -0.605799 -0.795618 0.000000 -167.793290 0.000000 0.000000 1.000000 0.000000 1561000536164247000

