0.999982 -0.005916 0.000000 0.812595 0.005916 0.999982 0.000000 -0.018300 0.000000 0.000000 1.000000 0.000000
0.999890 -0.014813 0.000000 2.697189 0.014813 0.999890 0.000000 -0.017750 0.000000 0.000000 1.000000 0.000000
0.999772 -0.021344 0.000000 4.760806 0.021344 0.999772 0.000000 0.019181 0.000000 0.000000 1.000000 0.000000
0.999680 -0.025295 0.000000 6.509275 0.025295 0.999680 0.000000 0.067838 0.000000 0.000000 1.000000 0.000000
0.999662 -0.026005 0.000000 8.541707 0.026005 0.999662 0.000000 0.123126 0.000000 0.000000 1.000000 0.000000
0.999657 -0.026178 0.000000 10.855457 0.026178 0.999657 0.000000 0.183953 0.000000 0.000000 1.000000 0.000000
0.999648 -0.026537 0.000000 13.459005 0.026537 0.999648 0.000000 0.252926 0.000000 0.000000 1.000000 0.000000
0.999639 -0.026860 0.000000 16.343888 0.026860 0.999639 0.000000 0.331626 0.000000 0.000000 1.000000 0.000000
0.999624 -0.027417 0.000000 17.896302 0.027417 0.999624 0.000000 0.376156 0.000000 0.000000 1.000000 0.000000
0.999621 -0.027542 0.000000 19.514605 0.027542 0.999621 0.000000 0.423401 0.000000 0.000000 1.000000 0.000000
0.999616 -0.027699 0.000000 21.201390 0.027699 0.999616 0.000000 0.474220 0.000000 0.000000 1.000000 0.000000
0.999606 -0.028067 0.000000 22.956835 0.028067 0.999606 0.000000 0.529105 0.000000 0.000000 1.000000 0.000000
0.999614 -0.027780 0.000000 24.780223 0.027780 0.999614 0.000000 0.585504 0.000000 0.000000 1.000000 0.000000
0.999630 -0.027200 0.000000 26.670279 0.027200 0.999630 0.000000 0.642885 0.000000 0.000000 1.000000 0.000000
0.999641 -0.026791 0.000000 28.614934 0.026791 0.999641 0.000000 0.700129 0.000000 0.000000 1.000000 0.000000
0.999650 -0.026463 0.000000 30.629244 0.026463 0.999650 0.000000 0.759181 0.000000 0.000000 1.000000 0.000000
0.999663 -0.025948 0.000000 32.687583 0.025948 0.999663 0.000000 0.815018 0.000000 0.000000 1.000000 0.000000
0.999679 -0.025351 0.000000 34.796724 0.025351 0.999679 0.000000 0.870109 0.000000 0.000000 1.000000 0.000000
0.999690 -0.024895 0.000000 36.965613 0.024895 0.999690 0.000000 0.925030 0.000000 0.000000 1.000000 0.000000
0.999717 -0.023782 0.000000 39.192655 0.023782 0.999717 0.000000 0.979483 0.000000 0.000000 1.000000 0.000000
0.999738 -0.022868 0.000000 41.500896 0.022868 0.999738 0.000000 1.034143 0.000000 0.000000 1.000000 0.000000
0.999759 -0.021955 0.000000 43.871008 0.021955 0.999759 0.000000 1.089334 0.000000 0.000000 1.000000 0.000000
0.999770 -0.021436 0.000000 46.314054 0.021436 0.999770 0.000000 1.143282 0.000000 0.000000 1.000000 0.000000
0.999768 -0.021528 0.000000 48.798560 0.021528 0.999768 0.000000 1.196730 0.000000 0.000000 1.000000 0.000000
0.999748 -0.022442 0.000000 51.327803 0.022442 0.999748 0.000000 1.252373 0.000000 0.000000 1.000000 0.000000
0.999727 -0.023350 0.000000 53.906436 0.023350 0.999727 0.000000 1.311089 0.000000 0.000000 1.000000 0.000000
0.999710 -0.024066 0.000000 56.530109 0.024066 0.999710 0.000000 1.372558 0.000000 0.000000 1.000000 0.000000
0.999690 -0.024896 0.000000 59.186113 0.024896 0.999690 0.000000 1.437914 0.000000 0.000000 1.000000 0.000000
0.999670 -0.025677 0.000000 61.888310 0.025677 0.999670 0.000000 1.507710 0.000000 0.000000 1.000000 0.000000
0.999681 -0.025245 0.000000 64.606726 0.025245 0.999681 0.000000 1.577858 0.000000 0.000000 1.000000 0.000000
0.999692 -0.024831 0.000000 67.334965 0.024831 0.999692 0.000000 1.646187 0.000000 0.000000 1.000000 0.000000
0.999701 -0.024435 0.000000 70.088476 0.024435 0.999701 0.000000 1.714755 0.000000 0.000000 1.000000 0.000000
0.999714 -0.023905 0.000000 72.863404 0.023905 0.999714 0.000000 1.783196 0.000000 0.000000 1.000000 0.000000
0.999723 -0.023518 0.000000 75.682808 0.023518 0.999723 0.000000 1.851711 0.000000 0.000000 1.000000 0.000000
0.999724 -0.023496 0.000000 78.537848 0.023496 0.999724 0.000000 1.919260 0.000000 0.000000 1.000000 0.000000
0.999729 -0.023258 0.000000 81.401215 0.023258 0.999729 0.000000 1.987129 0.000000 0.000000 1.000000 0.000000
0.999730 -0.023256 0.000000 84.298326 0.023256 0.999730 0.000000 2.055722 0.000000 0.000000 1.000000 0.000000
0.999742 -0.022719 0.000000 87.218872 0.022719 0.999742 0.000000 2.123746 0.000000 0.000000 1.000000 0.000000
0.999730 -0.023242 0.000000 90.171133 0.023242 0.999730 0.000000 2.192060 0.000000 0.000000 1.000000 0.000000
0.999739 -0.022833 0.000000 93.156895 0.022833 0.999739 0.000000 2.261169 0.000000 0.000000 1.000000 0.000000
0.999741 -0.022738 0.000000 96.161292 0.022738 0.999741 0.000000 2.329661 0.000000 0.000000 1.000000 0.000000
0.999752 -0.022257 0.000000 99.206991 0.022257 0.999752 0.000000 2.399085 0.000000 0.000000 1.000000 0.000000
0.999762 -0.021829 0.000000 102.255970 0.021829 0.999762 0.000000 2.466311 0.000000 0.000000 1.000000 0.000000
0.999769 -0.021510 0.000000 105.365413 0.021510 0.999769 0.000000 2.534191 0.000000 0.000000 1.000000 0.000000
0.999773 -0.021329 0.000000 108.483083 0.021329 0.999773 0.000000 2.600473 0.000000 0.000000 1.000000 0.000000
0.999778 -0.021063 0.000000 111.595771 0.021063 0.999778 0.000000 2.666261 0.000000 0.000000 1.000000 0.000000
0.999780 -0.020994 0.000000 114.723921 0.020994 0.999780 0.000000 2.731988 0.000000 0.000000 1.000000 0.000000
0.999775 -0.021208 0.000000 117.916059 0.021208 0.999775 0.000000 2.799697 0.000000 0.000000 1.000000 0.000000
0.999777 -0.021102 0.000000 121.089353 0.021102 0.999777 0.000000 2.866860 0.000000 0.000000 1.000000 0.000000
0.999779 -0.021026 0.000000 124.220583 0.021026 0.999779 0.000000 2.933536 0.000000 0.000000 1.000000 0.000000
0.999786 -0.020668 0.000000 127.348750 0.020668 0.999786 0.000000 2.999145 0.000000 0.000000 1.000000 0.000000
0.999794 -0.020316 0.000000 130.497411 0.020316 0.999794 0.000000 3.064565 0.000000 0.000000 1.000000 0.000000
0.999801 -0.019946 0.000000 133.618236 0.019946 0.999801 0.000000 3.127411 0.000000 0.000000 1.000000 0.000000
0.999805 -0.019724 0.000000 136.728027 0.019724 0.999805 0.000000 3.188929 0.000000 0.000000 1.000000 0.000000
0.999813 -0.019354 0.000000 139.823475 0.019354 0.999813 0.000000 3.249163 0.000000 0.000000 1.000000 0.000000
0.999815 -0.019211 0.000000 142.943009 0.019211 0.999815 0.000000 3.309042 0.000000 0.000000 1.000000 0.000000
0.999812 -0.019413 0.000000 146.057517 0.019413 0.999812 0.000000 3.368253 0.000000 0.000000 1.000000 0.000000
0.999816 -0.019189 0.000000 149.162496 0.019189 0.999816 0.000000 3.428736 0.000000 0.000000 1.000000 0.000000
0.999812 -0.019400 0.000000 152.260333 0.019400 0.999812 0.000000 3.489219 0.000000 0.000000 1.000000 0.000000
0.999815 -0.019245 0.000000 155.387318 0.019245 0.999815 0.000000 3.550893 0.000000 0.000000 1.000000 0.000000
0.999813 -0.019337 0.000000 158.498295 0.019337 0.999813 0.000000 3.612639 0.000000 0.000000 1.000000 0.000000
0.999816 -0.019185 0.000000 161.608027 0.019185 0.999816 0.000000 3.673176 0.000000 0.000000 1.000000 0.000000
0.999818 -0.019079 0.000000 164.715008 0.019079 0.999818 0.000000 3.732990 0.000000 0.000000 1.000000 0.000000
0.999818 -0.019058 0.000000 167.837163 0.019058 0.999818 0.000000 3.794694 0.000000 0.000000 1.000000 0.000000
0.999825 -0.018699 0.000000 170.956518 0.018699 0.999825 0.000000 3.855959 0.000000 0.000000 1.000000 0.000000
0.999833 -0.018264 0.000000 174.058157 0.018264 0.999833 0.000000 3.915289 0.000000 0.000000 1.000000 0.000000
0.999842 -0.017791 0.000000 177.179541 0.017791 0.999842 0.000000 3.972337 0.000000 0.000000 1.000000 0.000000
0.999843 -0.017734 0.000000 180.334462 0.017734 0.999843 0.000000 4.028832 0.000000 0.000000 1.000000 0.000000
0.999842 -0.017794 0.000000 183.506991 0.017794 0.999842 0.000000 4.085594 0.000000 0.000000 1.000000 0.000000
0.999836 -0.018090 0.000000 186.674063 0.018090 0.999836 0.000000 4.142315 0.000000 0.000000 1.000000 0.000000
0.999837 -0.018051 0.000000 189.871795 0.018051 0.999837 0.000000 4.200150 0.000000 0.000000 1.000000 0.000000
0.999834 -0.018210 0.000000 193.142114 0.018210 0.999834 0.000000 4.259218 0.000000 0.000000 1.000000 0.000000
0.999835 -0.018165 0.000000 196.370116 0.018165 0.999835 0.000000 4.317821 0.000000 0.000000 1.000000 0.000000
0.999834 -0.018227 0.000000 199.629837 0.018227 0.999834 0.000000 4.377587 0.000000 0.000000 1.000000 0.000000
0.999831 -0.018360 0.000000 202.898146 0.018360 0.999831 0.000000 4.437245 0.000000 0.000000 1.000000 0.000000
0.999830 -0.018440 0.000000 206.221857 0.018440 0.999830 0.000000 4.499938 0.000000 0.000000 1.000000 0.000000
0.999832 -0.018336 0.000000 209.559150 0.018336 0.999832 0.000000 4.562462 0.000000 0.000000 1.000000 0.000000
0.999834 -0.018218 0.000000 212.877530 0.018218 0.999834 0.000000 4.623275 0.000000 0.000000 1.000000 0.000000
0.999833 -0.018251 0.000000 216.219135 0.018251 0.999833 0.000000 4.684991 0.000000 0.000000 1.000000 0.000000
0.999837 -0.018073 0.000000 219.632016 0.018073 0.999837 0.000000 4.747565 0.000000 0.000000 1.000000 0.000000
0.999835 -0.018178 0.000000 223.050783 0.018178 0.999835 0.000000 4.810728 0.000000 0.000000 1.000000 0.000000
0.999836 -0.018126 0.000000 226.445921 0.018126 0.999836 0.000000 4.873214 0.000000 0.000000 1.000000 0.000000
0.999833 -0.018282 0.000000 229.858606 0.018282 0.999833 0.000000 4.935598 0.000000 0.000000 1.000000 0.000000
0.999831 -0.018404 0.000000 233.344982 0.018404 0.999831 0.000000 4.999688 0.000000 0.000000 1.000000 0.000000
0.999824 -0.018764 0.000000 236.850099 0.018764 0.999824 0.000000 5.064549 0.000000 0.000000 1.000000 0.000000
0.999823 -0.018788 0.000000 240.288890 0.018788 0.999823 0.000000 5.129564 0.000000 0.000000 1.000000 0.000000
0.999821 -0.018921 0.000000 243.774156 0.018921 0.999821 0.000000 5.195760 0.000000 0.000000 1.000000 0.000000
0.999826 -0.018670 0.000000 247.301957 0.018670 0.999826 0.000000 5.262374 0.000000 0.000000 1.000000 0.000000
0.999828 -0.018552 0.000000 250.800016 0.018552 0.999828 0.000000 5.328528 0.000000 0.000000 1.000000 0.000000
0.999831 -0.018373 0.000000 254.247615 0.018373 0.999831 0.000000 5.392968 0.000000 0.000000 1.000000 0.000000
0.999837 -0.018058 0.000000 257.702017 0.018058 0.999837 0.000000 5.456508 0.000000 0.000000 1.000000 0.000000
0.999834 -0.018240 0.000000 261.213635 0.018240 0.999834 0.000000 5.521132 0.000000 0.000000 1.000000 0.000000
0.999796 -0.020222 0.000000 264.710521 0.020222 0.999796 0.000000 5.589519 0.000000 0.000000 1.000000 0.000000
0.999745 -0.022573 0.000000 268.187872 0.022573 0.999745 0.000000 5.664028 0.000000 0.000000 1.000000 0.000000
0.999691 -0.024850 0.000000 271.665418 0.024850 0.999691 0.000000 5.746521 0.000000 0.000000 1.000000 0.000000
0.999636 -0.026979 0.000000 275.193153 0.026979 0.999636 0.000000 5.838061 0.000000 0.000000 1.000000 0.000000
0.999581 -0.028961 0.000000 278.716795 0.028961 0.999581 0.000000 5.936268 0.000000 0.000000 1.000000 0.000000
0.999511 -0.031261 0.000000 282.212152 0.031261 0.999511 0.000000 6.041908 0.000000 0.000000 1.000000 0.000000
0.999427 -0.033857 0.000000 285.688319 0.033857 0.999427 0.000000 6.155714 0.000000 0.000000 1.000000 0.000000
0.999356 -0.035883 0.000000 289.203566 0.035883 0.999356 0.000000 6.279928 0.000000 0.000000 1.000000 0.000000
0.999292 -0.037633 0.000000 292.682830 0.037633 0.999292 0.000000 6.408900 0.000000 0.000000 1.000000 0.000000
0.999198 -0.040039 0.000000 296.098584 0.040039 0.999198 0.000000 6.542016 0.000000 0.000000 1.000000 0.000000
0.999049 -0.043593 0.000000 299.508689 0.043593 0.999049 0.000000 6.684626 0.000000 0.000000 1.000000 0.000000
0.998893 -0.047037 0.000000 302.927181 0.047037 0.998893 0.000000 6.840037 0.000000 0.000000 1.000000 0.000000
0.998731 -0.050360 0.000000 306.318182 0.050360 0.998731 0.000000 7.003673 0.000000 0.000000 1.000000 0.000000
0.998502 -0.054711 0.000000 309.657939 0.054711 0.998502 0.000000 7.179596 0.000000 0.000000 1.000000 0.000000
0.998252 -0.059105 0.000000 312.969305 0.059105 0.998252 0.000000 7.367747 0.000000 0.000000 1.000000 0.000000
0.997978 -0.063557 0.000000 316.297200 0.063557 0.997978 0.000000 7.570973 0.000000 0.000000 1.000000 0.000000
0.997688 -0.067961 0.000000 319.595859 0.067961 0.997688 0.000000 7.786559 0.000000 0.000000 1.000000 0.000000
0.997363 -0.072570 0.000000 322.853321 0.072570 0.997363 0.000000 8.015969 0.000000 0.000000 1.000000 0.000000
0.997013 -0.077237 0.000000 326.092531 0.077237 0.997013 0.000000 8.258921 0.000000 0.000000 1.000000 0.000000
0.996636 -0.081961 0.000000 329.340655 0.081961 0.996636 0.000000 8.516395 0.000000 0.000000 1.000000 0.000000
0.996290 -0.086054 0.000000 332.558784 0.086054 0.996290 0.000000 8.786606 0.000000 0.000000 1.000000 0.000000
0.996184 -0.087282 0.000000 335.723309 0.087282 0.996184 0.000000 9.063028 0.000000 0.000000 1.000000 0.000000
0.996585 -0.082573 0.000000 338.864011 0.082573 0.996585 0.000000 9.331963 0.000000 0.000000 1.000000 0.000000
0.996975 -0.077725 0.000000 341.974903 0.077725 0.996975 0.000000 9.581241 0.000000 0.000000 1.000000 0.000000
0.997350 -0.072747 0.000000 345.043476 0.072747 0.997350 0.000000 9.812197 0.000000 0.000000 1.000000 0.000000
0.997738 -0.067226 0.000000 348.071045 0.067226 0.997738 0.000000 10.024608 0.000000 0.000000 1.000000 0.000000
0.998133 -0.061077 0.000000 351.085664 0.061077 0.998133 0.000000 10.218561 0.000000 0.000000 1.000000 0.000000
0.998544 -0.053941 0.000000 354.070403 0.053941 0.998544 0.000000 10.390791 0.000000 0.000000 1.000000 0.000000
0.998906 -0.046771 0.000000 357.018004 0.046771 0.998906 0.000000 10.539915 0.000000 0.000000 1.000000 0.000000
0.999210 -0.039738 0.000000 359.931968 0.039738 0.999210 0.000000 10.666866 0.000000 0.000000 1.000000 0.000000
0.999439 -0.033480 0.000000 362.758534 0.033480 0.999439 0.000000 10.770534 0.000000 0.000000 1.000000 0.000000
0.999527 -0.030744 0.000000 365.529332 0.030744 0.999527 0.000000 10.859756 0.000000 0.000000 1.000000 0.000000
0.999530 -0.030643 0.000000 368.220482 0.030643 0.999530 0.000000 10.941923 0.000000 0.000000 1.000000 0.000000
0.999518 -0.031054 0.000000 370.823860 0.031054 0.999518 0.000000 11.022887 0.000000 0.000000 1.000000 0.000000
0.999574 -0.029189 0.000000 373.332647 0.029189 0.999574 0.000000 11.099199 0.000000 0.000000 1.000000 0.000000
0.999630 -0.027215 0.000000 375.751706 0.027215 0.999630 0.000000 11.167696 0.000000 0.000000 1.000000 0.000000
0.999667 -0.025814 0.000000 378.065694 0.025814 0.999667 0.000000 11.229998 0.000000 0.000000 1.000000 0.000000
0.999681 -0.025270 0.000000 380.283451 0.025270 0.999681 0.000000 11.286826 0.000000 0.000000 1.000000 0.000000
0.999668 -0.025755 0.000000 382.390270 0.025755 0.999668 0.000000 11.340798 0.000000 0.000000 1.000000 0.000000
0.999647 -0.026552 0.000000 384.399172 0.026552 0.999647 0.000000 11.394305 0.000000 0.000000 1.000000 0.000000
0.999633 -0.027103 0.000000 386.313191 0.027103 0.999633 0.000000 11.446023 0.000000 0.000000 1.000000 0.000000
0.999621 -0.027527 0.000000 388.134656 0.027527 0.999621 0.000000 11.496346 0.000000 0.000000 1.000000 0.000000
0.999604 -0.028140 0.000000 389.851249 0.028140 0.999604 0.000000 11.544815 0.000000 0.000000 1.000000 0.000000
0.999601 -0.028253 0.000000 391.482800 0.028253 0.999601 0.000000 11.591727 0.000000 0.000000 1.000000 0.000000
0.999599 -0.028327 0.000000 393.042504 0.028327 0.999599 0.000000 11.636952 0.000000 0.000000 1.000000 0.000000
0.999580 -0.028967 0.000000 395.903146 0.028967 0.999580 0.000000 11.719597 0.000000 0.000000 1.000000 0.000000
0.999559 -0.029682 0.000000 398.310079 0.029682 0.999559 0.000000 11.791005 0.000000 0.000000 1.000000 0.000000
0.999558 -0.029717 0.000000 400.232332 0.029717 0.999558 0.000000 11.848125 0.000000 0.000000 1.000000 0.000000
0.999557 -0.029755 0.000000 402.251079 0.029755 0.999557 0.000000 11.908292 0.000000 0.000000 1.000000 0.000000
0.999550 -0.030003 0.000000 403.674137 0.030003 0.999550 0.000000 11.950571 0.000000 0.000000 1.000000 0.000000
0.999565 -0.029496 0.000000 405.348285 0.029496 0.999565 0.000000 12.001382 0.000000 0.000000 1.000000 0.000000
0.999597 -0.028392 0.000000 407.207406 0.028392 0.999597 0.000000 12.055327 0.000000 0.000000 1.000000 0.000000
0.999629 -0.027254 0.000000 408.874491 0.027254 0.999629 0.000000 12.101627 0.000000 0.000000 1.000000 0.000000
0.999666 -0.025857 0.000000 410.869778 0.025857 0.999666 0.000000 12.155475 0.000000 0.000000 1.000000 0.000000
0.999706 -0.024242 0.000000 413.149647 0.024242 0.999706 0.000000 12.213440 0.000000 0.000000 1.000000 0.000000
0.999745 -0.022586 0.000000 415.693101 0.022586 0.999745 0.000000 12.273228 0.000000 0.000000 1.000000 0.000000
0.999784 -0.020782 0.000000 418.404527 0.020782 0.999784 0.000000 12.332124 0.000000 0.000000 1.000000 0.000000
0.999822 -0.018865 0.000000 421.285817 0.018865 0.999822 0.000000 12.392639 0.000000 0.000000 1.000000 0.000000
0.999835 -0.018165 0.000000 424.230739 0.018165 0.999835 0.000000 12.449122 0.000000 0.000000 1.000000 0.000000
0.999810 -0.019514 0.000000 427.139034 0.019514 0.999810 0.000000 12.508379 0.000000 0.000000 1.000000 0.000000
0.999417 -0.034156 0.000000 429.970647 0.034156 0.999417 0.000000 12.579148 0.000000 0.000000 1.000000 0.000000
0.997080 -0.076369 0.000000 432.725988 0.076369 0.997080 0.000000 12.731649 0.000000 0.000000 1.000000 0.000000
0.989502 -0.144521 0.000000 435.421916 0.144521 0.989502 0.000000 13.026633 0.000000 0.000000 1.000000 0.000000
0.971368 -0.237579 0.000000 438.038650 0.237579 0.971368 0.000000 13.535372 0.000000 0.000000 1.000000 0.000000
0.937116 -0.349018 0.000000 440.561441 0.349018 0.937116 0.000000 14.306920 0.000000 0.000000 1.000000 0.000000
0.879042 -0.476744 0.000000 442.951210 0.476744 0.879042 0.000000 15.391724 0.000000 0.000000 1.000000 0.000000
0.790499 -0.612463 0.000000 445.157763 0.612463 0.790499 0.000000 16.815772 0.000000 0.000000 1.000000 0.000000
0.672835 -0.739793 0.000000 447.106367 0.739793 0.672835 0.000000 18.612711 0.000000 0.000000 1.000000 0.000000
0.542692 -0.839932 0.000000 448.759078 0.839932 0.542692 0.000000 20.750843 0.000000 0.000000 1.000000 0.000000
0.414559 -0.910022 0.000000 450.111363 0.910022 0.414559 0.000000 23.219680 0.000000 0.000000 1.000000 0.000000
0.273630 -0.961835 0.000000 451.143486 0.961835 0.273630 0.000000 25.999643 0.000000 0.000000 1.000000 0.000000
0.197493 -0.980304 0.000000 451.510997 0.980304 0.197493 0.000000 27.503247 0.000000 0.000000 1.000000 0.000000
0.133586 -0.991037 0.000000 451.775589 0.991037 0.133586 0.000000 29.076121 0.000000 0.000000 1.000000 0.000000
0.094608 -0.995515 0.000000 451.965404 0.995515 0.094608 0.000000 30.710001 0.000000 0.000000 1.000000 0.000000
0.063986 -0.997951 0.000000 452.104402 0.997951 0.063986 0.000000 32.399554 0.000000 0.000000 1.000000 0.000000
0.036861 -0.999320 0.000000 452.194990 0.999320 0.036861 0.000000 34.149316 0.000000 0.000000 1.000000 0.000000
0.012316 -0.999924 0.000000 452.242323 0.999924 0.012316 0.000000 35.952055 0.000000 0.000000 1.000000 0.000000
-0.004066 -0.999992 0.000000 452.250987 0.999992 -0.004066 0.000000 37.805580 0.000000 0.000000 1.000000 0.000000
-0.013738 -0.999906 0.000000 452.236795 0.999906 -0.013738 0.000000 39.704411 0.000000 0.000000 1.000000 0.000000
-0.020816 -0.999783 0.000000 452.202957 0.999783 -0.020816 0.000000 41.634034 0.000000 0.000000 1.000000 0.000000
-0.023237 -0.999730 0.000000 452.158464 0.999730 -0.023237 0.000000 43.619566 0.000000 0.000000 1.000000 0.000000
-0.024464 -0.999701 0.000000 452.110460 0.999701 -0.024464 0.000000 45.652675 0.000000 0.000000 1.000000 0.000000
-0.025821 -0.999667 0.000000 452.058430 0.999667 -0.025821 0.000000 47.732964 0.000000 0.000000 1.000000 0.000000
-0.027948 -0.999609 0.000000 452.007285 0.999609 -0.027948 0.000000 49.876533 0.000000 0.000000 1.000000 0.000000
-0.029039 -0.999578 0.000000 451.950134 0.999578 -0.029039 0.000000 52.053719 0.000000 0.000000 1.000000 0.000000
-0.028097 -0.999605 0.000000 451.890144 0.999605 -0.028097 0.000000 54.282523 0.000000 0.000000 1.000000 0.000000
-0.025988 -0.999662 0.000000 451.830663 0.999662 -0.025988 0.000000 56.544437 0.000000 0.000000 1.000000 0.000000
-0.023906 -0.999714 0.000000 451.777092 0.999714 -0.023906 0.000000 58.862573 0.000000 0.000000 1.000000 0.000000
-0.021553 -0.999768 0.000000 451.726556 0.999768 -0.021553 0.000000 61.208862 0.000000 0.000000 1.000000 0.000000
-0.019398 -0.999812 0.000000 451.678576 0.999812 -0.019398 0.000000 63.584908 0.000000 0.000000 1.000000 0.000000
-0.017188 -0.999852 0.000000 451.634785 0.999852 -0.017188 0.000000 65.998771 0.000000 0.000000 1.000000 0.000000
-0.016253 -0.999868 0.000000 451.595712 0.999868 -0.016253 0.000000 68.453959 0.000000 0.000000 1.000000 0.000000
-0.016501 -0.999864 0.000000 451.556917 0.999864 -0.016501 0.000000 70.951234 0.000000 0.000000 1.000000 0.000000
-0.017427 -0.999848 0.000000 451.514423 0.999848 -0.017427 0.000000 73.483212 0.000000 0.000000 1.000000 0.000000
-0.018344 -0.999832 0.000000 451.469128 0.999832 -0.018344 0.000000 76.030103 0.000000 0.000000 1.000000 0.000000
-0.019159 -0.999816 0.000000 451.421064 0.999816 -0.019159 0.000000 78.605257 0.000000 0.000000 1.000000 0.000000
-0.020028 -0.999799 0.000000 451.370413 0.999799 -0.020028 0.000000 81.217309 0.000000 0.000000 1.000000 0.000000
-0.021894 -0.999760 0.000000 451.314623 0.999760 -0.021894 0.000000 83.863525 0.000000 0.000000 1.000000 0.000000
-0.023686 -0.999719 0.000000 451.254156 0.999719 -0.023686 0.000000 86.522331 0.000000 0.000000 1.000000 0.000000
-0.024805 -0.999692 0.000000 451.189131 0.999692 -0.024805 0.000000 89.216203 0.000000 0.000000 1.000000 0.000000
-0.025109 -0.999685 0.000000 451.121022 0.999685 -0.025109 0.000000 91.942220 0.000000 0.000000 1.000000 0.000000
-0.025450 -0.999676 0.000000 451.051165 0.999676 -0.025450 0.000000 94.694480 0.000000 0.000000 1.000000 0.000000
-0.025606 -0.999672 0.000000 450.980687 0.999672 -0.025606 0.000000 97.460656 0.000000 0.000000 1.000000 0.000000
-0.026369 -0.999652 0.000000 450.908538 0.999652 -0.026369 0.000000 100.264850 0.000000 0.000000 1.000000 0.000000
-0.027249 -0.999629 0.000000 450.833403 0.999629 -0.027249 0.000000 103.093141 0.000000 0.000000 1.000000 0.000000
-0.028171 -0.999603 0.000000 450.754834 0.999603 -0.028171 0.000000 105.943842 0.000000 0.000000 1.000000 0.000000
-0.028996 -0.999580 0.000000 450.672598 0.999580 -0.028996 0.000000 108.810023 0.000000 0.000000 1.000000 0.000000
-0.029724 -0.999558 0.000000 450.587631 0.999558 -0.029724 0.000000 111.705049 0.000000 0.000000 1.000000 0.000000
-0.030421 -0.999537 0.000000 450.500143 0.999537 -0.030421 0.000000 114.603870 0.000000 0.000000 1.000000 0.000000
-0.031020 -0.999519 0.000000 450.411208 0.999519 -0.031020 0.000000 117.477239 0.000000 0.000000 1.000000 0.000000
-0.031359 -0.999508 0.000000 450.321796 0.999508 -0.031359 0.000000 120.332382 0.000000 0.000000 1.000000 0.000000
-0.032012 -0.999487 0.000000 450.230885 0.999487 -0.032012 0.000000 123.172768 0.000000 0.000000 1.000000 0.000000
-0.032464 -0.999473 0.000000 450.138904 0.999473 -0.032464 0.000000 126.021363 0.000000 0.000000 1.000000 0.000000
-0.032773 -0.999463 0.000000 450.044873 0.999463 -0.032773 0.000000 128.896673 0.000000 0.000000 1.000000 0.000000
-0.033046 -0.999454 0.000000 449.949791 0.999454 -0.033046 0.000000 131.777100 0.000000 0.000000 1.000000 0.000000
-0.033333 -0.999444 0.000000 449.852233 0.999444 -0.033333 0.000000 134.679119 0.000000 0.000000 1.000000 0.000000
-0.033659 -0.999433 0.000000 449.753416 0.999433 -0.033659 0.000000 137.585119 0.000000 0.000000 1.000000 0.000000
-0.034394 -0.999408 0.000000 449.653051 0.999408 -0.034394 0.000000 140.511956 0.000000 0.000000 1.000000 0.000000
-0.036768 -0.999324 0.000000 449.546787 0.999324 -0.036768 0.000000 143.455436 0.000000 0.000000 1.000000 0.000000
-0.039995 -0.999200 0.000000 449.433049 0.999200 -0.039995 0.000000 146.402326 0.000000 0.000000 1.000000 0.000000
-0.043525 -0.999052 0.000000 449.309247 0.999052 -0.043525 0.000000 149.358669 0.000000 0.000000 1.000000 0.000000
-0.046641 -0.998912 0.000000 449.175317 0.998912 -0.046641 0.000000 152.331999 0.000000 0.000000 1.000000 0.000000
-0.050086 -0.998745 0.000000 449.030428 0.998745 -0.050086 0.000000 155.318478 0.000000 0.000000 1.000000 0.000000
-0.053449 -0.998571 0.000000 448.875639 0.998571 -0.053449 0.000000 158.294442 0.000000 0.000000 1.000000 0.000000
-0.056707 -0.998391 0.000000 448.710977 0.998391 -0.056707 0.000000 161.280655 0.000000 0.000000 1.000000 0.000000
-0.059566 -0.998224 0.000000 448.536761 0.998224 -0.059566 0.000000 164.271713 0.000000 0.000000 1.000000 0.000000
-0.062372 -0.998053 0.000000 448.352806 0.998053 -0.062372 0.000000 167.280990 0.000000 0.000000 1.000000 0.000000
-0.065200 -0.997872 0.000000 448.161896 0.997872 -0.065200 0.000000 170.274677 0.000000 0.000000 1.000000 0.000000
-0.068088 -0.997679 0.000000 447.961978 0.997679 -0.068088 0.000000 173.270029 0.000000 0.000000 1.000000 0.000000
-0.070788 -0.997491 0.000000 447.753534 0.997491 -0.070788 0.000000 176.271253 0.000000 0.000000 1.000000 0.000000
-0.073759 -0.997276 0.000000 447.537295 0.997276 -0.073759 0.000000 179.261509 0.000000 0.000000 1.000000 0.000000
-0.076622 -0.997060 0.000000 447.314917 0.997060 -0.076622 0.000000 182.228788 0.000000 0.000000 1.000000 0.000000
-0.078871 -0.996885 0.000000 447.086099 0.996885 -0.078871 0.000000 185.174240 0.000000 0.000000 1.000000 0.000000
-0.080818 -0.996729 0.000000 446.852584 0.996729 -0.080818 0.000000 188.104742 0.000000 0.000000 1.000000 0.000000
-0.083057 -0.996545 0.000000 446.615686 0.996545 -0.083057 0.000000 191.018394 0.000000 0.000000 1.000000 0.000000
-0.082974 -0.996552 0.000000 446.374368 0.996552 -0.082974 0.000000 193.914453 0.000000 0.000000 1.000000 0.000000
-0.078046 -0.996950 0.000000 446.141843 0.996950 -0.078046 0.000000 196.791775 0.000000 0.000000 1.000000 0.000000
-0.072419 -0.997374 0.000000 445.925326 0.997374 -0.072419 0.000000 199.655584 0.000000 0.000000 1.000000 0.000000
-0.066381 -0.997794 0.000000 445.728234 0.997794 -0.066381 0.000000 202.498900 0.000000 0.000000 1.000000 0.000000
-0.059970 -0.998200 0.000000 445.550424 0.998200 -0.059970 0.000000 205.311344 0.000000 0.000000 1.000000 0.000000
-0.053708 -0.998557 0.000000 445.391613 0.998557 -0.053708 0.000000 208.102146 0.000000 0.000000 1.000000 0.000000
-0.047553 -0.998869 0.000000 445.251233 0.998869 -0.047553 0.000000 210.872065 0.000000 0.000000 1.000000 0.000000
-0.041349 -0.999145 0.000000 445.129409 0.999145 -0.041349 0.000000 213.618988 0.000000 0.000000 1.000000 0.000000
-0.035724 -0.999362 0.000000 445.024029 0.999362 -0.035724 0.000000 216.337450 0.000000 0.000000 1.000000 0.000000
-0.030812 -0.999525 0.000000 444.934064 0.999525 -0.030812 0.000000 219.021839 0.000000 0.000000 1.000000 0.000000
-0.029480 -0.999565 0.000000 444.854642 0.999565 -0.029480 0.000000 221.673083 0.000000 0.000000 1.000000 0.000000
-0.031495 -0.999504 0.000000 444.776427 0.999504 -0.031495 0.000000 224.265652 0.000000 0.000000 1.000000 0.000000
-0.034289 -0.999412 0.000000 444.693030 0.999412 -0.034289 0.000000 226.831192 0.000000 0.000000 1.000000 0.000000
-0.037875 -0.999282 0.000000 444.603891 0.999282 -0.037875 0.000000 229.347131 0.000000 0.000000 1.000000 0.000000
-0.041215 -0.999150 0.000000 444.507778 0.999150 -0.041215 0.000000 231.797006 0.000000 0.000000 1.000000 0.000000
-0.043828 -0.999039 0.000000 444.406999 0.999039 -0.043828 0.000000 234.193668 0.000000 0.000000 1.000000 0.000000
-0.046085 -0.998938 0.000000 444.302504 0.998938 -0.046085 0.000000 236.535738 0.000000 0.000000 1.000000 0.000000
-0.047802 -0.998857 0.000000 444.197185 0.998857 -0.047802 0.000000 238.813825 0.000000 0.000000 1.000000 0.000000
-0.049474 -0.998775 0.000000 444.090905 0.998775 -0.049474 0.000000 241.028905 0.000000 0.000000 1.000000 0.000000
-0.050585 -0.998720 0.000000 443.984831 0.998720 -0.050585 0.000000 243.158467 0.000000 0.000000 1.000000 0.000000
-0.049925 -0.998753 0.000000 443.882277 0.998753 -0.049925 0.000000 245.225952 0.000000 0.000000 1.000000 0.000000
-0.049450 -0.998777 0.000000 443.784215 0.998777 -0.049450 0.000000 247.233709 0.000000 0.000000 1.000000 0.000000
-0.048783 -0.998809 0.000000 443.688859 0.998809 -0.048783 0.000000 249.194609 0.000000 0.000000 1.000000 0.000000
-0.048538 -0.998821 0.000000 443.597195 0.998821 -0.048538 0.000000 251.105574 0.000000 0.000000 1.000000 0.000000
-0.048174 -0.998839 0.000000 443.508033 0.998839 -0.048174 0.000000 252.980792 0.000000 0.000000 1.000000 0.000000
-0.048917 -0.998803 0.000000 443.419466 0.998803 -0.048917 0.000000 254.835364 0.000000 0.000000 1.000000 0.000000
-0.051315 -0.998683 0.000000 443.328418 0.998683 -0.051315 0.000000 256.672471 0.000000 0.000000 1.000000 0.000000
-0.054684 -0.998504 0.000000 443.233012 0.998504 -0.054684 0.000000 258.491264 0.000000 0.000000 1.000000 0.000000
-0.058698 -0.998276 0.000000 443.132281 0.998276 -0.058698 0.000000 260.280249 0.000000 0.000000 1.000000 0.000000
-0.061781 -0.998090 0.000000 443.026244 0.998090 -0.061781 0.000000 262.045528 0.000000 0.000000 1.000000 0.000000
-0.065183 -0.997873 0.000000 442.916049 0.997873 -0.065183 0.000000 263.792240 0.000000 0.000000 1.000000 0.000000
-0.068600 -0.997644 0.000000 442.801571 0.997644 -0.068600 0.000000 265.509809 0.000000 0.000000 1.000000 0.000000
-0.071627 -0.997432 0.000000 442.682156 0.997432 -0.071627 0.000000 267.207394 0.000000 0.000000 1.000000 0.000000
-0.075547 -0.997142 0.000000 442.557425 0.997142 -0.075547 0.000000 268.895310 0.000000 0.000000 1.000000 0.000000
-0.078793 -0.996891 0.000000 442.427725 0.996891 -0.078793 0.000000 270.577450 0.000000 0.000000 1.000000 0.000000
-0.082837 -0.996563 0.000000 442.292344 0.996563 -0.082837 0.000000 272.253547 0.000000 0.000000 1.000000 0.000000
-0.087667 -0.996150 0.000000 442.147949 0.996150 -0.087667 0.000000 273.922209 0.000000 0.000000 1.000000 0.000000
-0.092531 -0.995710 0.000000 441.995141 0.995710 -0.092531 0.000000 275.606695 0.000000 0.000000 1.000000 0.000000
-0.096958 -0.995289 0.000000 441.831376 0.995289 -0.096958 0.000000 277.323875 0.000000 0.000000 1.000000 0.000000
-0.101590 -0.994826 0.000000 441.664117 0.994826 -0.101590 0.000000 279.003788 0.000000 0.000000 1.000000 0.000000
-0.106689 -0.994292 0.000000 441.485324 0.994292 -0.106689 0.000000 280.715614 0.000000 0.000000 1.000000 0.000000
-0.112096 -0.993697 0.000000 441.296877 0.993697 -0.112096 0.000000 282.434151 0.000000 0.000000 1.000000 0.000000
-0.117616 -0.993059 0.000000 441.096988 0.993059 -0.117616 0.000000 284.170593 0.000000 0.000000 1.000000 0.000000
-0.123131 -0.992390 0.000000 440.887180 0.992390 -0.123131 0.000000 285.913901 0.000000 0.000000 1.000000 0.000000
-0.128648 -0.991690 0.000000 440.662416 0.991690 -0.128648 0.000000 287.673002 0.000000 0.000000 1.000000 0.000000
-0.133979 -0.990984 0.000000 440.427365 0.990984 -0.133979 0.000000 289.439222 0.000000 0.000000 1.000000 0.000000
-0.140955 -0.990016 0.000000 440.179381 0.990016 -0.140955 0.000000 291.226006 0.000000 0.000000 1.000000 0.000000
-0.149774 -0.988720 0.000000 439.916846 0.988720 -0.149774 0.000000 293.020870 0.000000 0.000000 1.000000 0.000000
-0.161158 -0.986929 0.000000 439.627722 0.986929 -0.161158 0.000000 294.831842 0.000000 0.000000 1.000000 0.000000
-0.177923 -0.984044 0.000000 439.313815 0.984044 -0.177923 0.000000 296.644928 0.000000 0.000000 1.000000 0.000000
-0.203744 -0.979024 0.000000 438.958275 0.979024 -0.203744 0.000000 298.474794 0.000000 0.000000 1.000000 0.000000
-0.240490 -0.970652 0.000000 438.541801 0.970652 -0.240490 0.000000 300.311288 0.000000 0.000000 1.000000 0.000000
-0.280856 -0.959750 0.000000 438.041944 0.959750 -0.280856 0.000000 302.134227 0.000000 0.000000 1.000000 0.000000
-0.330790 -0.943704 0.000000 437.456111 0.943704 -0.330790 0.000000 303.943914 0.000000 0.000000 1.000000 0.000000
-0.386773 -0.922175 0.000000 436.759913 0.922175 -0.386773 0.000000 305.749939 0.000000 0.000000 1.000000 0.000000
-0.445427 -0.895318 0.000000 435.950476 0.895318 -0.445427 0.000000 307.521720 0.000000 0.000000 1.000000 0.000000
-0.505803 -0.862649 0.000000 435.002691 0.862649 -0.505803 0.000000 309.245868 0.000000 0.000000 1.000000 0.000000
-0.563794 -0.825915 0.000000 433.937153 0.825915 -0.563794 0.000000 310.911047 0.000000 0.000000 1.000000 0.000000
-0.621891 -0.783104 0.000000 432.753302 0.783104 -0.621891 0.000000 312.511268 0.000000 0.000000 1.000000 0.000000
-0.678809 -0.734315 0.000000 431.451383 0.734315 -0.678809 0.000000 314.029822 0.000000 0.000000 1.000000 0.000000
-0.734528 -0.678578 0.000000 430.034781 0.678578 -0.734528 0.000000 315.452116 0.000000 0.000000 1.000000 0.000000
-0.783378 -0.621546 0.000000 428.502685 0.621546 -0.783378 0.000000 316.767314 0.000000 0.000000 1.000000 0.000000
-0.827519 -0.561437 0.000000 426.858187 0.561437 -0.827519 0.000000 317.978660 0.000000 0.000000 1.000000 0.000000
-0.866335 -0.499464 0.000000 425.106371 0.499464 -0.866335 0.000000 319.080091 0.000000 0.000000 1.000000 0.000000
-0.900432 -0.434997 0.000000 423.235143 0.434997 -0.900432 0.000000 320.068064 0.000000 0.000000 1.000000 0.000000
-0.930137 -0.367213 0.000000 421.259681 0.367213 -0.930137 0.000000 320.934640 0.000000 0.000000 1.000000 0.000000
-0.954676 -0.297648 0.000000 419.194949 0.297648 -0.954676 0.000000 321.667582 0.000000 0.000000 1.000000 0.000000
-0.973438 -0.228951 0.000000 417.056819 0.228951 -0.973438 0.000000 322.257566 0.000000 0.000000 1.000000 0.000000
-0.986570 -0.163342 0.000000 414.845780 0.163342 -0.986570 0.000000 322.698953 0.000000 0.000000 1.000000 0.000000
-0.994395 -0.105729 0.000000 412.561358 0.105729 -0.994395 0.000000 323.008588 0.000000 0.000000 1.000000 0.000000
-0.998396 -0.056614 0.000000 410.229840 0.056614 -0.998396 0.000000 323.200053 0.000000 0.000000 1.000000 0.000000
-0.999901 -0.014088 0.000000 407.848382 0.014088 -0.999901 0.000000 323.286882 0.000000 0.000000 1.000000 0.000000
-0.999799 0.020042 0.000000 405.417533 -0.020042 -0.999799 0.000000 323.282804 0.000000 0.000000 1.000000 0.000000
-0.998938 0.046070 0.000000 402.948726 -0.046070 -0.998938 0.000000 323.204567 0.000000 0.000000 1.000000 0.000000
-0.997896 0.064835 0.000000 400.430260 -0.064835 -0.997896 0.000000 323.068738 0.000000 0.000000 1.000000 0.000000
-0.996831 0.079552 0.000000 397.883644 -0.079552 -0.996831 0.000000 322.886750 0.000000 0.000000 1.000000 0.000000
-0.995631 0.093371 0.000000 395.284945 -0.093371 -0.995631 0.000000 322.668605 0.000000 0.000000 1.000000 0.000000
-0.994290 0.106713 0.000000 392.652746 -0.106713 -0.994290 0.000000 322.409268 0.000000 0.000000 1.000000 0.000000
-0.993034 0.117826 0.000000 389.986658 -0.117826 -0.993034 0.000000 322.111231 0.000000 0.000000 1.000000 0.000000
-0.992490 0.122330 0.000000 387.301608 -0.122330 -0.992490 0.000000 321.786634 0.000000 0.000000 1.000000 0.000000
-0.992687 0.120714 0.000000 384.576727 -0.120714 -0.992687 0.000000 321.455723 0.000000 0.000000 1.000000 0.000000
-0.993022 0.117932 0.000000 381.812507 -0.117932 -0.993022 0.000000 321.125497 0.000000 0.000000 1.000000 0.000000
-0.993133 0.116995 0.000000 379.006369 -0.116995 -0.993133 0.000000 320.794853 0.000000 0.000000 1.000000 0.000000
-0.993106 0.117217 0.000000 376.152191 -0.117217 -0.993106 0.000000 320.458913 0.000000 0.000000 1.000000 0.000000
-0.993028 0.117876 0.000000 373.274830 -0.117876 -0.993028 0.000000 320.120355 0.000000 0.000000 1.000000 0.000000
-0.992944 0.118587 0.000000 370.360633 -0.118587 -0.992944 0.000000 319.775049 0.000000 0.000000 1.000000 0.000000
-0.992752 0.120178 0.000000 367.408301 -0.120178 -0.992752 0.000000 319.420551 0.000000 0.000000 1.000000 0.000000
-0.992653 0.120995 0.000000 364.406824 -0.120995 -0.992653 0.000000 319.056605 0.000000 0.000000 1.000000 0.000000
-0.992601 0.121422 0.000000 361.372576 -0.121422 -0.992601 0.000000 318.688040 0.000000 0.000000 1.000000 0.000000
-0.992592 0.121498 0.000000 358.303042 -0.121498 -0.992592 0.000000 318.313797 0.000000 0.000000 1.000000 0.000000
-0.992584 0.121559 0.000000 355.188965 -0.121559 -0.992584 0.000000 317.932773 0.000000 0.000000 1.000000 0.000000
-0.992522 0.122063 0.000000 352.044192 -0.122063 -0.992522 0.000000 317.546713 0.000000 0.000000 1.000000 0.000000
-0.992470 0.122491 0.000000 348.876302 -0.122491 -0.992470 0.000000 317.156546 0.000000 0.000000 1.000000 0.000000
-0.992417 0.122913 0.000000 345.659987 -0.122913 -0.992417 0.000000 316.758613 0.000000 0.000000 1.000000 0.000000
-0.992392 0.123116 0.000000 342.413115 -0.123116 -0.992392 0.000000 316.356090 0.000000 0.000000 1.000000 0.000000
-0.992373 0.123268 0.000000 339.117183 -0.123268 -0.992373 0.000000 315.946143 0.000000 0.000000 1.000000 0.000000
-0.992420 0.122891 0.000000 335.854268 -0.122891 -0.992420 0.000000 315.541106 0.000000 0.000000 1.000000 0.000000
-0.992452 0.122637 0.000000 332.576297 -0.122637 -0.992452 0.000000 315.135020 0.000000 0.000000 1.000000 0.000000
-0.992501 0.122236 0.000000 329.298750 -0.122236 -0.992501 0.000000 314.729494 0.000000 0.000000 1.000000 0.000000
-0.992539 0.121926 0.000000 325.989853 -0.121926 -0.992539 0.000000 314.320993 0.000000 0.000000 1.000000 0.000000
-0.992566 0.121710 0.000000 322.681984 -0.121710 -0.992566 0.000000 313.914861 0.000000 0.000000 1.000000 0.000000
-0.992611 0.121340 0.000000 319.332327 -0.121340 -0.992611 0.000000 313.503968 0.000000 0.000000 1.000000 0.000000
-0.992657 0.120967 0.000000 315.924235 -0.120967 -0.992657 0.000000 313.087086 0.000000 0.000000 1.000000 0.000000
-0.992664 0.120908 0.000000 312.462540 -0.120908 -0.992664 0.000000 312.665272 0.000000 0.000000 1.000000 0.000000
-0.992687 0.120716 0.000000 309.001763 -0.120716 -0.992687 0.000000 312.244449 0.000000 0.000000 1.000000 0.000000
-0.992575 0.121631 0.000000 305.514320 -0.121631 -0.992575 0.000000 311.819128 0.000000 0.000000 1.000000 0.000000
-0.992399 0.123062 0.000000 301.965413 -0.123062 -0.992399 0.000000 311.382633 0.000000 0.000000 1.000000 0.000000
-0.992213 0.124554 0.000000 298.374400 -0.124554 -0.992213 0.000000 310.935999 0.000000 0.000000 1.000000 0.000000
-0.992024 0.126050 0.000000 294.788100 -0.126050 -0.992024 0.000000 310.483931 0.000000 0.000000 1.000000 0.000000
-0.991896 0.127052 0.000000 291.179717 -0.127052 -0.991896 0.000000 310.023123 0.000000 0.000000 1.000000 0.000000
-0.991744 0.128236 0.000000 287.507570 -0.128236 -0.991744 0.000000 309.550084 0.000000 0.000000 1.000000 0.000000
-0.991684 0.128699 0.000000 283.785699 -0.128699 -0.991684 0.000000 309.067410 0.000000 0.000000 1.000000 0.000000
-0.991551 0.129718 0.000000 280.086131 -0.129718 -0.991551 0.000000 308.584282 0.000000 0.000000 1.000000 0.000000
-0.991411 0.130781 0.000000 276.361339 -0.130781 -0.991411 0.000000 308.094871 0.000000 0.000000 1.000000 0.000000
-0.991228 0.132160 0.000000 272.577557 -0.132160 -0.991228 0.000000 307.591854 0.000000 0.000000 1.000000 0.000000
-0.990779 0.135491 0.000000 268.821061 -0.135491 -0.990779 0.000000 307.084762 0.000000 0.000000 1.000000 0.000000
-0.990212 0.139570 0.000000 265.122873 -0.139570 -0.990212 0.000000 306.570676 0.000000 0.000000 1.000000 0.000000
-0.989854 0.142086 0.000000 261.446383 -0.142086 -0.989854 0.000000 306.047381 0.000000 0.000000 1.000000 0.000000
-0.989553 0.144173 0.000000 257.724516 -0.144173 -0.989553 0.000000 305.508280 0.000000 0.000000 1.000000 0.000000
-0.989304 0.145870 0.000000 253.973150 -0.145870 -0.989304 0.000000 304.958246 0.000000 0.000000 1.000000 0.000000
-0.989038 0.147665 0.000000 250.290665 -0.147665 -0.989038 0.000000 304.411610 0.000000 0.000000 1.000000 0.000000
-0.988794 0.149283 0.000000 246.610869 -0.149283 -0.988794 0.000000 303.858476 0.000000 0.000000 1.000000 0.000000
-0.988590 0.150631 0.000000 242.894864 -0.150631 -0.988590 0.000000 303.294024 0.000000 0.000000 1.000000 0.000000
-0.988335 0.152297 0.000000 239.195381 -0.152297 -0.988335 0.000000 302.726712 0.000000 0.000000 1.000000 0.000000
-0.988092 0.153863 0.000000 235.557420 -0.153863 -0.988092 0.000000 302.162906 0.000000 0.000000 1.000000 0.000000
-0.987792 0.155779 0.000000 231.945504 -0.155779 -0.987792 0.000000 301.596788 0.000000 0.000000 1.000000 0.000000
