0.996616 -0.082204 0.000000 3.955262 0.082204 0.996616 0.000000 -1.663426 0.000000 0.000000 1.000000 0.000000
0.989700 -0.143155 0.000000 6.070636 0.143155 0.989700 0.000000 -1.367589 0.000000 0.000000 1.000000 0.000000
0.989594 -0.143891 0.000000 8.155651 0.143891 0.989594 0.000000 -1.114660 0.000000 0.000000 1.000000 0.000000
0.989531 -0.144324 0.000000 10.694883 0.144324 0.989531 0.000000 -0.790830 0.000000 0.000000 1.000000 0.000000
0.991130 -0.132900 0.000000 13.724196 0.132900 0.991130 0.000000 -0.256911 0.000000 0.000000 1.000000 0.000000
0.991359 -0.131176 0.000000 15.426378 0.131176 0.991359 0.000000 -0.020090 0.000000 0.000000 1.000000 0.000000
0.991725 -0.128382 0.000000 17.162674 0.128382 0.991725 0.000000 0.099198 0.000000 0.000000 1.000000 0.000000
0.992300 -0.123859 0.000000 19.007960 0.123859 0.992300 0.000000 0.407578 0.000000 0.000000 1.000000 0.000000
0.992580 -0.121596 0.000000 20.959168 0.121596 0.992580 0.000000 0.577787 0.000000 0.000000 1.000000 0.000000
0.993061 -0.117603 0.000000 22.870983 0.117603 0.993061 0.000000 0.760950 0.000000 0.000000 1.000000 0.000000
0.993445 -0.114313 0.000000 24.831459 0.114313 0.993445 0.000000 0.971844 0.000000 0.000000 1.000000 0.000000
0.993901 -0.110275 0.000000 26.825526 0.110275 0.993901 0.000000 1.154353 0.000000 0.000000 1.000000 0.000000
0.994341 -0.106238 0.000000 28.852402 0.106238 0.994341 0.000000 1.347461 0.000000 0.000000 1.000000 0.000000
0.994692 -0.102894 0.000000 30.908738 0.102894 0.994692 0.000000 1.505902 0.000000 0.000000 1.000000 0.000000
0.995192 -0.097945 0.000000 33.016911 0.097945 0.995192 0.000000 1.691142 0.000000 0.000000 1.000000 0.000000
0.995563 -0.094098 0.000000 35.163101 0.094098 0.995563 0.000000 1.859630 0.000000 0.000000 1.000000 0.000000
0.995774 -0.091837 0.000000 37.331153 0.091837 0.995774 0.000000 2.041290 0.000000 0.000000 1.000000 0.000000
0.996009 -0.089250 0.000000 39.549475 0.089250 0.996009 0.000000 2.246197 0.000000 0.000000 1.000000 0.000000
0.996131 -0.087879 0.000000 41.791163 0.087879 0.996131 0.000000 2.381399 0.000000 0.000000 1.000000 0.000000
0.996303 -0.085909 0.000000 44.014693 0.085909 0.996303 0.000000 2.515577 0.000000 0.000000 1.000000 0.000000
0.996484 -0.083783 0.000000 46.292149 0.083783 0.996484 0.000000 2.746206 0.000000 0.000000 1.000000 0.000000
0.996508 -0.083492 0.000000 48.555980 0.083492 0.996508 0.000000 2.878646 0.000000 0.000000 1.000000 0.000000
0.996520 -0.083352 0.000000 50.803063 0.083352 0.996520 0.000000 3.038593 0.000000 0.000000 1.000000 0.000000
0.996479 -0.083837 0.000000 53.104697 0.083837 0.996479 0.000000 3.181437 0.000000 0.000000 1.000000 0.000000
0.996499 -0.083602 0.000000 55.389373 0.083602 0.996499 0.000000 3.348534 0.000000 0.000000 1.000000 0.000000
0.996598 -0.082417 0.000000 57.637032 0.082417 0.996598 0.000000 3.497154 0.000000 0.000000 1.000000 0.000000
0.996848 -0.079336 0.000000 59.901583 0.079336 0.996848 0.000000 3.673356 0.000000 0.000000 1.000000 0.000000
0.997050 -0.076756 0.000000 62.245440 0.076756 0.997050 0.000000 3.830922 0.000000 0.000000 1.000000 0.000000
0.997210 -0.074652 0.000000 64.536116 0.074652 0.997210 0.000000 3.930562 0.000000 0.000000 1.000000 0.000000
0.997389 -0.072222 0.000000 66.788325 0.072222 0.997389 0.000000 4.075895 0.000000 0.000000 1.000000 0.000000
0.997545 -0.070021 0.000000 69.096008 0.070021 0.997545 0.000000 4.216023 0.000000 0.000000 1.000000 0.000000
0.997828 -0.065879 0.000000 71.326458 0.065879 0.997828 0.000000 4.341219 0.000000 0.000000 1.000000 0.000000
0.998078 -0.061967 0.000000 73.561459 0.061967 0.998078 0.000000 4.410790 0.000000 0.000000 1.000000 0.000000
0.998191 -0.060129 0.000000 75.809394 0.060129 0.998191 0.000000 4.543502 0.000000 0.000000 1.000000 0.000000
0.998197 -0.060020 0.000000 78.109993 0.060020 0.998197 0.000000 4.699314 0.000000 0.000000 1.000000 0.000000
0.998192 -0.060108 0.000000 80.387637 0.060108 0.998192 0.000000 4.822579 0.000000 0.000000 1.000000 0.000000
0.998074 -0.062033 0.000000 82.643626 0.062033 0.998074 0.000000 4.891135 0.000000 0.000000 1.000000 0.000000
0.997912 -0.064581 0.000000 84.926679 0.064581 0.997912 0.000000 4.975154 0.000000 0.000000 1.000000 0.000000
0.997594 -0.069324 0.000000 87.269636 0.069324 0.997594 0.000000 5.116405 0.000000 0.000000 1.000000 0.000000
0.997239 -0.074259 0.000000 89.596477 0.074259 0.997239 0.000000 5.213284 0.000000 0.000000 1.000000 0.000000
0.996625 -0.082092 0.000000 91.980617 0.082092 0.996625 0.000000 5.439518 0.000000 0.000000 1.000000 0.000000
0.996032 -0.089000 0.000000 94.309049 0.089000 0.996032 0.000000 5.627909 0.000000 0.000000 1.000000 0.000000
0.995693 -0.092715 0.000000 96.711291 0.092715 0.995693 0.000000 5.804486 0.000000 0.000000 1.000000 0.000000
0.995576 -0.093961 0.000000 99.104119 0.093961 0.995576 0.000000 5.946797 0.000000 0.000000 1.000000 0.000000
0.995531 -0.094434 0.000000 101.482742 0.094434 0.995531 0.000000 6.134541 0.000000 0.000000 1.000000 0.000000
0.995484 -0.094934 0.000000 103.929804 0.094934 0.995484 0.000000 6.335827 0.000000 0.000000 1.000000 0.000000
0.995372 -0.096099 0.000000 106.409575 0.096099 0.995372 0.000000 6.557046 0.000000 0.000000 1.000000 0.000000
0.995280 -0.097049 0.000000 108.861873 0.097049 0.995280 0.000000 6.769892 0.000000 0.000000 1.000000 0.000000
0.995246 -0.097389 0.000000 111.337315 0.097389 0.995246 0.000000 6.980691 0.000000 0.000000 1.000000 0.000000
0.995181 -0.098057 0.000000 113.832083 0.098057 0.995181 0.000000 7.192009 0.000000 0.000000 1.000000 0.000000
0.995040 -0.099480 0.000000 116.271317 0.099480 0.995040 0.000000 7.385723 0.000000 0.000000 1.000000 0.000000
0.995081 -0.099069 0.000000 118.735833 0.099069 0.995081 0.000000 7.640210 0.000000 0.000000 1.000000 0.000000
0.995049 -0.099386 0.000000 121.222950 0.099386 0.995049 0.000000 7.816717 0.000000 0.000000 1.000000 0.000000
0.995127 -0.098597 0.000000 123.664207 0.098597 0.995127 0.000000 8.063858 0.000000 0.000000 1.000000 0.000000
0.995026 -0.099618 0.000000 126.141346 0.099618 0.995026 0.000000 8.296893 0.000000 0.000000 1.000000 0.000000
0.995003 -0.099847 0.000000 128.669574 0.099847 0.995003 0.000000 8.477821 0.000000 0.000000 1.000000 0.000000
0.995107 -0.098802 0.000000 131.176037 0.098802 0.995107 0.000000 8.745337 0.000000 0.000000 1.000000 0.000000
0.995153 -0.098337 0.000000 133.781861 0.098337 0.995153 0.000000 8.958176 0.000000 0.000000 1.000000 0.000000
0.995206 -0.097803 0.000000 136.267947 0.097803 0.995206 0.000000 9.156492 0.000000 0.000000 1.000000 0.000000
0.995178 -0.098082 0.000000 138.898974 0.098082 0.995178 0.000000 9.346287 0.000000 0.000000 1.000000 0.000000
0.995095 -0.098929 0.000000 141.435562 0.098929 0.995095 0.000000 9.576054 0.000000 0.000000 1.000000 0.000000
0.994986 -0.100015 0.000000 143.943500 0.100015 0.994986 0.000000 9.798289 0.000000 0.000000 1.000000 0.000000
0.994988 -0.099990 0.000000 146.451386 0.099990 0.994988 0.000000 10.070451 0.000000 0.000000 1.000000 0.000000
0.994904 -0.100823 0.000000 149.084785 0.100823 0.994904 0.000000 10.291117 0.000000 0.000000 1.000000 0.000000
0.994850 -0.101357 0.000000 151.587489 0.101357 0.994850 0.000000 10.547719 0.000000 0.000000 1.000000 0.000000
0.994793 -0.101912 0.000000 154.163676 0.101912 0.994793 0.000000 10.812585 0.000000 0.000000 1.000000 0.000000
0.994828 -0.101574 0.000000 156.718751 0.101574 0.994828 0.000000 11.029402 0.000000 0.000000 1.000000 0.000000
0.994783 -0.102012 0.000000 159.180548 0.102012 0.994783 0.000000 11.281298 0.000000 0.000000 1.000000 0.000000
0.994816 -0.101693 0.000000 161.608727 0.101693 0.994816 0.000000 11.485394 0.000000 0.000000 1.000000 0.000000
0.994860 -0.101262 0.000000 164.064936 0.101262 0.994860 0.000000 11.750004 0.000000 0.000000 1.000000 0.000000
0.994899 -0.100873 0.000000 166.510479 0.100873 0.994899 0.000000 11.979440 0.000000 0.000000 1.000000 0.000000
0.994955 -0.100325 0.000000 168.922725 0.100325 0.994955 0.000000 12.213853 0.000000 0.000000 1.000000 0.000000
0.994997 -0.099903 0.000000 171.330241 0.099903 0.994997 0.000000 12.399630 0.000000 0.000000 1.000000 0.000000
0.994827 -0.101585 0.000000 173.763420 0.101585 0.994827 0.000000 12.608365 0.000000 0.000000 1.000000 0.000000
0.994646 -0.103337 0.000000 176.184834 0.103337 0.994646 0.000000 12.876902 0.000000 0.000000 1.000000 0.000000
0.994358 -0.106078 0.000000 178.608168 0.106078 0.994358 0.000000 13.087488 0.000000 0.000000 1.000000 0.000000
0.994118 -0.108300 0.000000 180.974118 0.108300 0.994118 0.000000 13.301368 0.000000 0.000000 1.000000 0.000000
0.993849 -0.110745 0.000000 183.398220 0.110745 0.993849 0.000000 13.565838 0.000000 0.000000 1.000000 0.000000
0.993536 -0.113516 0.000000 185.793499 0.113516 0.993536 0.000000 13.803808 0.000000 0.000000 1.000000 0.000000
0.993424 -0.114491 0.000000 188.192300 0.114491 0.993424 0.000000 14.042723 0.000000 0.000000 1.000000 0.000000
0.993308 -0.115500 0.000000 190.626729 0.115500 0.993308 0.000000 14.319706 0.000000 0.000000 1.000000 0.000000
0.993181 -0.116579 0.000000 193.067236 0.116579 0.993181 0.000000 14.608384 0.000000 0.000000 1.000000 0.000000
0.993251 -0.115983 0.000000 195.494023 0.115983 0.993251 0.000000 14.884649 0.000000 0.000000 1.000000 0.000000
0.993429 -0.114446 0.000000 197.815318 0.114446 0.993429 0.000000 15.132609 0.000000 0.000000 1.000000 0.000000
0.993578 -0.113147 0.000000 200.159879 0.113147 0.993578 0.000000 15.379233 0.000000 0.000000 1.000000 0.000000
0.993845 -0.110782 0.000000 202.529987 0.110782 0.993845 0.000000 15.644960 0.000000 0.000000 1.000000 0.000000
0.994152 -0.107987 0.000000 204.842779 0.107987 0.994152 0.000000 15.881811 0.000000 0.000000 1.000000 0.000000
0.994548 -0.104279 0.000000 207.152256 0.104279 0.994548 0.000000 16.054326 0.000000 0.000000 1.000000 0.000000
0.994698 -0.102844 0.000000 209.430471 0.102844 0.994698 0.000000 16.250963 0.000000 0.000000 1.000000 0.000000
0.994696 -0.102858 0.000000 211.705880 0.102858 0.994696 0.000000 16.490978 0.000000 0.000000 1.000000 0.000000
0.994355 -0.106106 0.000000 213.964241 0.106106 0.994355 0.000000 16.648011 0.000000 0.000000 1.000000 0.000000
0.993649 -0.112525 0.000000 216.211607 0.112525 0.993649 0.000000 16.870912 0.000000 0.000000 1.000000 0.000000
0.992407 -0.122995 0.000000 218.435960 0.122995 0.992407 0.000000 17.067759 0.000000 0.000000 1.000000 0.000000
0.990549 -0.137158 0.000000 220.740784 0.137158 0.990549 0.000000 17.380775 0.000000 0.000000 1.000000 0.000000
0.988848 -0.148930 0.000000 223.027488 0.148930 0.988848 0.000000 17.703221 0.000000 0.000000 1.000000 0.000000
0.986963 -0.160944 0.000000 225.261539 0.160944 0.986963 0.000000 18.033194 0.000000 0.000000 1.000000 0.000000
0.985337 -0.170621 0.000000 227.422783 0.170621 0.985337 0.000000 18.335429 0.000000 0.000000 1.000000 0.000000
0.983844 -0.179026 0.000000 229.653583 0.179026 0.983844 0.000000 18.784607 0.000000 0.000000 1.000000 0.000000
0.982824 -0.184544 0.000000 232.009122 0.184544 0.982824 0.000000 19.202553 0.000000 0.000000 1.000000 0.000000
0.982200 -0.187838 0.000000 234.305267 0.187838 0.982200 0.000000 19.683805 0.000000 0.000000 1.000000 0.000000
0.981367 -0.192142 0.000000 236.496246 0.192142 0.981367 0.000000 20.027869 0.000000 0.000000 1.000000 0.000000
0.980469 -0.196675 0.000000 238.792622 0.196675 0.980469 0.000000 20.461952 0.000000 0.000000 1.000000 0.000000
0.979778 -0.200088 0.000000 241.138185 0.200088 0.979778 0.000000 20.890375 0.000000 0.000000 1.000000 0.000000
0.979243 -0.202688 0.000000 243.421102 0.202688 0.979243 0.000000 21.371930 0.000000 0.000000 1.000000 0.000000
0.978895 -0.204365 0.000000 245.719921 0.204365 0.978895 0.000000 21.798543 0.000000 0.000000 1.000000 0.000000
0.978628 -0.205639 0.000000 248.008773 0.205639 0.978628 0.000000 22.295874 0.000000 0.000000 1.000000 0.000000
0.978066 -0.208296 0.000000 250.293752 0.208296 0.978066 0.000000 22.756825 0.000000 0.000000 1.000000 0.000000
0.977760 -0.209727 0.000000 252.560649 0.209727 0.977760 0.000000 23.219787 0.000000 0.000000 1.000000 0.000000
0.977563 -0.210641 0.000000 254.820561 0.210641 0.977563 0.000000 23.659704 0.000000 0.000000 1.000000 0.000000
0.977178 -0.212424 0.000000 257.114383 0.212424 0.977178 0.000000 24.109298 0.000000 0.000000 1.000000 0.000000
0.976818 -0.214073 0.000000 259.419252 0.214073 0.976818 0.000000 24.629748 0.000000 0.000000 1.000000 0.000000
0.976267 -0.216573 0.000000 261.706548 0.216573 0.976267 0.000000 25.109934 0.000000 0.000000 1.000000 0.000000
0.975428 -0.220321 0.000000 263.976833 0.220321 0.975428 0.000000 25.606180 0.000000 0.000000 1.000000 0.000000
0.974221 -0.225597 0.000000 266.326138 0.225597 0.974221 0.000000 26.150887 0.000000 0.000000 1.000000 0.000000
0.972924 -0.231124 0.000000 268.530175 0.231124 0.972924 0.000000 26.715149 0.000000 0.000000 1.000000 0.000000
0.972319 -0.233659 0.000000 270.930827 0.233659 0.972319 0.000000 27.259650 0.000000 0.000000 1.000000 0.000000
0.971438 -0.237293 0.000000 273.325799 0.237293 0.971438 0.000000 27.796538 0.000000 0.000000 1.000000 0.000000
0.970390 -0.241545 0.000000 275.563032 0.241545 0.970390 0.000000 28.343583 0.000000 0.000000 1.000000 0.000000
0.969377 -0.245579 0.000000 277.892045 0.245579 0.969377 0.000000 28.942693 0.000000 0.000000 1.000000 0.000000
0.968757 -0.248012 0.000000 280.189492 0.248012 0.968757 0.000000 29.441178 0.000000 0.000000 1.000000 0.000000
0.968246 -0.250000 0.000000 282.457238 0.250000 0.968246 0.000000 30.065464 0.000000 0.000000 1.000000 0.000000
0.969096 -0.246683 0.000000 284.797132 0.246683 0.969096 0.000000 30.576884 0.000000 0.000000 1.000000 0.000000
0.971362 -0.237606 0.000000 287.120988 0.237606 0.971362 0.000000 31.092551 0.000000 0.000000 1.000000 0.000000
0.974422 -0.224725 0.000000 289.415182 0.224725 0.974422 0.000000 31.637872 0.000000 0.000000 1.000000 0.000000
0.976393 -0.216003 0.000000 291.759558 0.216003 0.976393 0.000000 32.076326 0.000000 0.000000 1.000000 0.000000
0.978292 -0.207229 0.000000 294.129540 0.207229 0.978292 0.000000 32.573588 0.000000 0.000000 1.000000 0.000000
0.980241 -0.197809 0.000000 296.509673 0.197809 0.980241 0.000000 33.023271 0.000000 0.000000 1.000000 0.000000
0.981551 -0.191198 0.000000 298.819986 0.191198 0.981551 0.000000 33.425140 0.000000 0.000000 1.000000 0.000000
0.982822 -0.184555 0.000000 301.156546 0.184555 0.982822 0.000000 33.843731 0.000000 0.000000 1.000000 0.000000
0.983840 -0.179050 0.000000 303.505372 0.179050 0.983840 0.000000 34.204496 0.000000 0.000000 1.000000 0.000000
0.984760 -0.173917 0.000000 305.874790 0.173917 0.984760 0.000000 34.605050 0.000000 0.000000 1.000000 0.000000
0.985186 -0.171492 0.000000 308.270688 0.171492 0.985186 0.000000 34.985664 0.000000 0.000000 1.000000 0.000000
0.985356 -0.170509 0.000000 310.698001 0.170509 0.985356 0.000000 35.407126 0.000000 0.000000 1.000000 0.000000
0.985510 -0.169618 0.000000 313.144200 0.169618 0.985510 0.000000 35.799516 0.000000 0.000000 1.000000 0.000000
0.985986 -0.166828 0.000000 315.673873 0.166828 0.985986 0.000000 36.170297 0.000000 0.000000 1.000000 0.000000
0.986584 -0.163256 0.000000 318.121204 0.163256 0.986584 0.000000 36.486208 0.000000 0.000000 1.000000 0.000000
0.987321 -0.158737 0.000000 320.641681 0.158737 0.987321 0.000000 36.846509 0.000000 0.000000 1.000000 0.000000
0.988098 -0.153826 0.000000 323.041566 0.153826 0.988098 0.000000 37.261992 0.000000 0.000000 1.000000 0.000000
0.989066 -0.147473 0.000000 325.502963 0.147473 0.989066 0.000000 37.558180 0.000000 0.000000 1.000000 0.000000
0.989980 -0.141205 0.000000 327.952550 0.141205 0.989980 0.000000 37.888103 0.000000 0.000000 1.000000 0.000000
0.990834 -0.135084 0.000000 330.321180 0.135084 0.990834 0.000000 38.204343 0.000000 0.000000 1.000000 0.000000
0.991592 -0.129406 0.000000 332.806402 0.129406 0.991592 0.000000 38.500053 0.000000 0.000000 1.000000 0.000000
0.992443 -0.122703 0.000000 335.157037 0.122703 0.992443 0.000000 38.728832 0.000000 0.000000 1.000000 0.000000
0.993244 -0.116049 0.000000 337.585878 0.116049 0.993244 0.000000 38.944777 0.000000 0.000000 1.000000 0.000000
0.994112 -0.108361 0.000000 340.013710 0.108361 0.994112 0.000000 39.168137 0.000000 0.000000 1.000000 0.000000
0.994722 -0.102607 0.000000 342.439556 0.102607 0.994722 0.000000 39.427016 0.000000 0.000000 1.000000 0.000000
0.995354 -0.096284 0.000000 344.853852 0.096284 0.995354 0.000000 39.666232 0.000000 0.000000 1.000000 0.000000
0.995828 -0.091250 0.000000 347.312926 0.091250 0.995828 0.000000 39.807858 0.000000 0.000000 1.000000 0.000000
0.996446 -0.084231 0.000000 349.714072 0.084231 0.996446 0.000000 39.982528 0.000000 0.000000 1.000000 0.000000
0.996839 -0.079443 0.000000 352.075993 0.079443 0.996839 0.000000 40.094648 0.000000 0.000000 1.000000 0.000000
0.997237 -0.074284 0.000000 354.427861 0.074284 0.997237 0.000000 40.228334 0.000000 0.000000 1.000000 0.000000
0.997813 -0.066098 0.000000 356.839050 0.066098 0.997813 0.000000 40.331915 0.000000 0.000000 1.000000 0.000000
0.998204 -0.059902 0.000000 359.241671 0.059902 0.998204 0.000000 40.424754 0.000000 0.000000 1.000000 0.000000
0.998549 -0.053842 0.000000 361.687004 0.053842 0.998549 0.000000 40.507879 0.000000 0.000000 1.000000 0.000000
0.998729 -0.050392 0.000000 364.151417 0.050392 0.998729 0.000000 40.648544 0.000000 0.000000 1.000000 0.000000
0.998874 -0.047450 0.000000 366.571803 0.047450 0.998874 0.000000 40.708636 0.000000 0.000000 1.000000 0.000000
0.998988 -0.044978 0.000000 369.009502 0.044978 0.998988 0.000000 40.732502 0.000000 0.000000 1.000000 0.000000
0.999028 -0.044086 0.000000 371.494453 0.044086 0.999028 0.000000 40.835765 0.000000 0.000000 1.000000 0.000000
0.999102 -0.042374 0.000000 373.917568 0.042374 0.999102 0.000000 40.889889 0.000000 0.000000 1.000000 0.000000
0.999091 -0.042633 0.000000 376.369038 0.042633 0.999091 0.000000 40.993204 0.000000 0.000000 1.000000 0.000000
0.999085 -0.042772 0.000000 378.831412 0.042772 0.999085 0.000000 41.091037 0.000000 0.000000 1.000000 0.000000
0.999068 -0.043171 0.000000 381.310807 0.043171 0.999068 0.000000 41.120772 0.000000 0.000000 1.000000 0.000000
0.999041 -0.043779 0.000000 383.727958 0.043779 0.999041 0.000000 41.236693 0.000000 0.000000 1.000000 0.000000
0.998936 -0.046116 0.000000 386.165877 0.046116 0.998936 0.000000 41.314111 0.000000 0.000000 1.000000 0.000000
0.998863 -0.047670 0.000000 388.610005 0.047670 0.998863 0.000000 41.400041 0.000000 0.000000 1.000000 0.000000
0.998713 -0.050724 0.000000 391.043744 0.050724 0.998713 0.000000 41.481754 0.000000 0.000000 1.000000 0.000000
0.998417 -0.056242 0.000000 393.503537 0.056242 0.998417 0.000000 41.611993 0.000000 0.000000 1.000000 0.000000
0.998090 -0.061779 0.000000 395.940770 0.061779 0.998090 0.000000 41.703295 0.000000 0.000000 1.000000 0.000000
0.997639 -0.068682 0.000000 398.410255 0.068682 0.997639 0.000000 41.768871 0.000000 0.000000 1.000000 0.000000
0.997324 -0.073107 0.000000 400.909364 0.073107 0.997324 0.000000 41.946737 0.000000 0.000000 1.000000 0.000000
0.996874 -0.079009 0.000000 403.433747 0.079009 0.996874 0.000000 42.131662 0.000000 0.000000 1.000000 0.000000
0.996449 -0.084199 0.000000 405.928846 0.084199 0.996449 0.000000 42.359638 0.000000 0.000000 1.000000 0.000000
0.995776 -0.091817 0.000000 408.426179 0.091817 0.995776 0.000000 42.537243 0.000000 0.000000 1.000000 0.000000
0.995161 -0.098253 0.000000 410.966244 0.098253 0.995161 0.000000 42.759899 0.000000 0.000000 1.000000 0.000000
0.994521 -0.104536 0.000000 413.487774 0.104536 0.994521 0.000000 42.989905 0.000000 0.000000 1.000000 0.000000
0.993891 -0.110368 0.000000 415.997480 0.110368 0.993891 0.000000 43.219577 0.000000 0.000000 1.000000 0.000000
0.993480 -0.114007 0.000000 418.564869 0.114007 0.993480 0.000000 43.480264 0.000000 0.000000 1.000000 0.000000
0.993114 -0.117152 0.000000 421.106339 0.117152 0.993114 0.000000 43.758331 0.000000 0.000000 1.000000 0.000000
0.992965 -0.118407 0.000000 423.610730 0.118407 0.992965 0.000000 44.001711 0.000000 0.000000 1.000000 0.000000
0.992830 -0.119537 0.000000 426.147615 0.119537 0.992830 0.000000 44.245491 0.000000 0.000000 1.000000 0.000000
0.992755 -0.120156 0.000000 428.731502 0.120156 0.992755 0.000000 44.540183 0.000000 0.000000 1.000000 0.000000
0.992803 -0.119763 0.000000 431.182631 0.119763 0.992803 0.000000 44.812018 0.000000 0.000000 1.000000 0.000000
0.992681 -0.120765 0.000000 433.630251 0.120765 0.992681 0.000000 45.060721 0.000000 0.000000 1.000000 0.000000
0.992842 -0.119436 0.000000 435.982410 0.119436 0.992842 0.000000 45.300818 0.000000 0.000000 1.000000 0.000000
0.992830 -0.119537 0.000000 438.333039 0.119537 0.992830 0.000000 45.549038 0.000000 0.000000 1.000000 0.000000
0.992830 -0.119536 0.000000 440.596910 0.119536 0.992830 0.000000 45.740089 0.000000 0.000000 1.000000 0.000000
0.992882 -0.119101 0.000000 442.787072 0.119101 0.992882 0.000000 46.002288 0.000000 0.000000 1.000000 0.000000
0.992950 -0.118532 0.000000 444.904205 0.118532 0.992950 0.000000 46.217526 0.000000 0.000000 1.000000 0.000000
0.993275 -0.115777 0.000000 446.954207 0.115777 0.993275 0.000000 46.427350 0.000000 0.000000 1.000000 0.000000
0.993607 -0.112894 0.000000 448.926975 0.112894 0.993607 0.000000 46.619828 0.000000 0.000000 1.000000 0.000000
0.994271 -0.106891 0.000000 450.797440 0.106891 0.994271 0.000000 46.770584 0.000000 0.000000 1.000000 0.000000
0.995175 -0.098118 0.000000 452.570084 0.098118 0.995175 0.000000 46.935793 0.000000 0.000000 1.000000 0.000000
0.996106 -0.088166 0.000000 454.277950 0.088166 0.996106 0.000000 47.044548 0.000000 0.000000 1.000000 0.000000
0.997548 -0.069989 0.000000 455.838378 0.069989 0.997548 0.000000 47.156405 0.000000 0.000000 1.000000 0.000000
0.999111 -0.042147 0.000000 457.401392 0.042147 0.999111 0.000000 47.179970 0.000000 0.000000 1.000000 0.000000
0.998832 0.048312 0.000000 460.224688 -0.048312 0.998832 -0.000000 47.029501 -0.000000 0.000000 1.000000 0.000000
0.986453 0.164047 0.000000 462.683077 -0.164047 0.986453 -0.000000 46.672488 -0.000000 0.000000 1.000000 0.000000
0.948760 0.315998 0.000000 464.960174 -0.315998 0.948760 -0.000000 45.974100 -0.000000 0.000000 1.000000 0.000000
0.914906 0.403668 0.000000 465.931685 -0.403668 0.914906 -0.000000 45.438073 -0.000000 0.000000 1.000000 0.000000
0.869419 0.494075 0.000000 466.823349 -0.494075 0.869419 -0.000000 44.801502 -0.000000 0.000000 1.000000 0.000000
0.809620 0.586954 0.000000 467.573699 -0.586954 0.809620 -0.000000 44.188001 -0.000000 0.000000 1.000000 0.000000
0.733251 0.679958 0.000000 468.271280 -0.679958 0.733251 -0.000000 43.407951 -0.000000 0.000000 1.000000 0.000000
0.643389 0.765540 0.000000 468.847622 -0.765540 0.643389 -0.000000 42.630077 -0.000000 0.000000 1.000000 0.000000
0.537813 0.843064 0.000000 469.279453 -0.843064 0.537813 -0.000000 41.766504 -0.000000 0.000000 1.000000 0.000000
0.421630 0.906768 0.000000 469.564538 -0.906768 0.421630 -0.000000 40.853513 -0.000000 0.000000 1.000000 0.000000
0.292502 0.956265 0.000000 469.740339 -0.956265 0.292502 -0.000000 39.932691 -0.000000 0.000000 1.000000 0.000000
0.151937 0.988390 0.000000 469.839959 -0.988390 0.151937 -0.000000 39.011591 -0.000000 0.000000 1.000000 0.000000
0.005585 0.999984 0.000000 469.726026 -0.999984 0.005585 -0.000000 37.997259 -0.000000 0.000000 1.000000 0.000000
-0.142702 0.989766 0.000000 469.527185 -0.989766 -0.142702 -0.000000 37.030348 -0.000000 0.000000 1.000000 0.000000
-0.287703 0.957720 0.000000 469.133650 -0.957720 -0.287703 -0.000000 35.963949 -0.000000 0.000000 1.000000 0.000000
-0.422708 0.906266 0.000000 468.601368 -0.906266 -0.422708 -0.000000 35.005727 -0.000000 0.000000 1.000000 0.000000
-0.538288 0.842761 0.000000 467.912424 -0.842761 -0.538288 0.000000 34.052016 0.000000 0.000000 1.000000 0.000000
-0.641135 0.767428 0.000000 467.073021 -0.767428 -0.641135 0.000000 33.287222 0.000000 0.000000 1.000000 0.000000
-0.729933 0.683518 0.000000 466.111558 -0.683518 -0.729933 0.000000 32.413417 0.000000 0.000000 1.000000 0.000000
-0.791039 0.611766 0.000000 465.110093 -0.611766 -0.791039 0.000000 31.537639 0.000000 0.000000 1.000000 0.000000
-0.848716 0.528850 0.000000 462.609658 -0.528850 -0.848716 0.000000 30.120876 0.000000 0.000000 1.000000 0.000000
-0.854654 0.519198 0.000000 461.250419 -0.519198 -0.854654 0.000000 29.434749 0.000000 0.000000 1.000000 0.000000
-0.858606 0.512636 0.000000 459.861373 -0.512636 -0.858606 0.000000 28.760482 0.000000 0.000000 1.000000 0.000000
-0.858961 0.512041 0.000000 458.405684 -0.512041 -0.858961 0.000000 27.930644 0.000000 0.000000 1.000000 0.000000
-0.860135 0.510066 0.000000 456.867541 -0.510066 -0.860135 0.000000 27.122830 0.000000 0.000000 1.000000 0.000000
-0.861054 0.508513 0.000000 455.287827 -0.508513 -0.861054 0.000000 26.255188 0.000000 0.000000 1.000000 0.000000
-0.861754 0.507327 0.000000 453.596663 -0.507327 -0.861754 0.000000 25.335250 0.000000 0.000000 1.000000 0.000000
-0.861902 0.507075 0.000000 451.933656 -0.507075 -0.861902 0.000000 24.363871 0.000000 0.000000 1.000000 0.000000
-0.862704 0.505709 0.000000 450.173739 -0.505709 -0.862704 0.000000 23.338350 0.000000 0.000000 1.000000 0.000000
-0.863537 0.504286 0.000000 448.305033 -0.504286 -0.863537 0.000000 22.300823 0.000000 0.000000 1.000000 0.000000
-0.864101 0.503319 0.000000 446.403016 -0.503319 -0.864101 0.000000 21.248227 0.000000 0.000000 1.000000 0.000000
-0.864385 0.502830 0.000000 444.487454 -0.502830 -0.864385 0.000000 20.131957 0.000000 0.000000 1.000000 0.000000
-0.865267 0.501311 0.000000 442.484620 -0.501311 -0.865267 0.000000 19.005193 0.000000 0.000000 1.000000 0.000000
-0.866209 0.499682 0.000000 440.453378 -0.499682 -0.866209 0.000000 17.893494 0.000000 0.000000 1.000000 0.000000
-0.867600 0.497263 0.000000 438.355250 -0.497263 -0.867600 0.000000 16.725513 0.000000 0.000000 1.000000 0.000000
-0.868881 0.495020 0.000000 436.263029 -0.495020 -0.868881 0.000000 15.590250 0.000000 0.000000 1.000000 0.000000
-0.871848 0.489777 0.000000 434.110761 -0.489777 -0.871848 0.000000 14.383421 0.000000 0.000000 1.000000 0.000000
-0.873634 0.486584 0.000000 431.933754 -0.486584 -0.873634 0.000000 13.188328 0.000000 0.000000 1.000000 0.000000
-0.875466 0.483279 0.000000 429.716249 -0.483279 -0.875466 0.000000 11.975787 0.000000 0.000000 1.000000 0.000000
-0.877831 0.478970 0.000000 427.465104 -0.478970 -0.877831 0.000000 10.783020 0.000000 0.000000 1.000000 0.000000
-0.879320 0.476232 0.000000 425.202124 -0.476232 -0.879320 0.000000 9.559566 0.000000 0.000000 1.000000 0.000000
-0.880064 0.474855 0.000000 422.939369 -0.474855 -0.880064 0.000000 8.378448 0.000000 0.000000 1.000000 0.000000
-0.880514 0.474021 0.000000 420.648364 -0.474021 -0.880514 0.000000 7.180626 0.000000 0.000000 1.000000 0.000000
-0.881302 0.472554 0.000000 418.376820 -0.472554 -0.881302 0.000000 5.984972 0.000000 0.000000 1.000000 0.000000
-0.882211 0.470854 0.000000 416.119902 -0.470854 -0.882211 0.000000 4.801993 0.000000 0.000000 1.000000 0.000000
-0.882905 0.469552 0.000000 413.858088 -0.469552 -0.882905 0.000000 3.628307 0.000000 0.000000 1.000000 0.000000
-0.883481 0.468468 0.000000 411.546438 -0.468468 -0.883481 0.000000 2.476245 0.000000 0.000000 1.000000 0.000000
-0.884353 0.466819 0.000000 409.276504 -0.466819 -0.884353 0.000000 1.263036 0.000000 0.000000 1.000000 0.000000
-0.885207 0.465198 0.000000 406.964582 -0.465198 -0.885207 0.000000 0.065461 0.000000 0.000000 1.000000 0.000000
-0.885675 0.464305 0.000000 404.604902 -0.464305 -0.885675 0.000000 -1.132957 0.000000 0.000000 1.000000 0.000000
-0.885659 0.464336 0.000000 402.324215 -0.464336 -0.885659 0.000000 -2.316077 0.000000 0.000000 1.000000 0.000000
-0.885790 0.464087 0.000000 400.008994 -0.464087 -0.885790 0.000000 -3.514396 0.000000 0.000000 1.000000 0.000000
-0.886232 0.463242 0.000000 397.708701 -0.463242 -0.886232 0.000000 -4.658919 0.000000 0.000000 1.000000 0.000000
-0.886595 0.462547 0.000000 395.411456 -0.462547 -0.886595 0.000000 -5.832843 0.000000 0.000000 1.000000 0.000000
-0.887103 0.461572 0.000000 393.124622 -0.461572 -0.887103 0.000000 -7.022355 0.000000 0.000000 1.000000 0.000000
-0.887880 0.460074 0.000000 390.829512 -0.460074 -0.887880 0.000000 -8.202118 0.000000 0.000000 1.000000 0.000000
-0.888423 0.459026 0.000000 388.517403 -0.459026 -0.888423 0.000000 -9.386065 0.000000 0.000000 1.000000 0.000000
-0.888909 0.458084 0.000000 386.208027 -0.458084 -0.888909 0.000000 -10.530414 0.000000 0.000000 1.000000 0.000000
-0.890288 0.455398 0.000000 383.917736 -0.455398 -0.890288 0.000000 -11.659634 0.000000 0.000000 1.000000 0.000000
-0.891471 0.453077 0.000000 381.598164 -0.453077 -0.891471 0.000000 -12.757068 0.000000 0.000000 1.000000 0.000000
-0.894071 0.447925 0.000000 379.337860 -0.447925 -0.894071 0.000000 -13.859071 0.000000 0.000000 1.000000 0.000000
-0.897181 0.441664 0.000000 377.062074 -0.441664 -0.897181 0.000000 -14.948198 0.000000 0.000000 1.000000 0.000000
-0.901280 0.433237 0.000000 374.829699 -0.433237 -0.901280 0.000000 -16.002315 0.000000 0.000000 1.000000 0.000000
-0.904480 0.426516 0.000000 372.547315 -0.426516 -0.904480 0.000000 -17.012260 0.000000 0.000000 1.000000 0.000000
-0.908167 0.418607 0.000000 370.266085 -0.418607 -0.908167 0.000000 -18.082665 0.000000 0.000000 1.000000 0.000000
-0.911826 0.410576 0.000000 367.966336 -0.410576 -0.911826 0.000000 -19.079636 0.000000 0.000000 1.000000 0.000000
-0.915127 0.403165 0.000000 365.642829 -0.403165 -0.915127 0.000000 -20.053269 0.000000 0.000000 1.000000 0.000000
-0.918216 0.396081 0.000000 363.334968 -0.396081 -0.918216 0.000000 -20.984210 0.000000 0.000000 1.000000 0.000000
-0.921934 0.387348 0.000000 361.018371 -0.387348 -0.921934 0.000000 -21.952648 0.000000 0.000000 1.000000 0.000000
-0.925869 0.377844 0.000000 358.695558 -0.377844 -0.925869 0.000000 -22.878865 0.000000 0.000000 1.000000 0.000000
-0.929389 0.369101 0.000000 356.351203 -0.369101 -0.929389 0.000000 -23.777816 0.000000 0.000000 1.000000 0.000000
-0.932458 0.361278 0.000000 354.005760 -0.361278 -0.932458 0.000000 -24.622463 0.000000 0.000000 1.000000 0.000000
-0.934934 0.354821 0.000000 351.654259 -0.354821 -0.934934 0.000000 -25.523255 0.000000 0.000000 1.000000 0.000000
-0.935488 0.353359 0.000000 349.285571 -0.353359 -0.935488 0.000000 -26.307916 0.000000 0.000000 1.000000 0.000000
-0.935983 0.352045 0.000000 346.959808 -0.352045 -0.935983 0.000000 -27.124304 0.000000 0.000000 1.000000 0.000000
-0.935258 0.353966 0.000000 344.638729 -0.353966 -0.935258 0.000000 -27.983439 0.000000 0.000000 1.000000 0.000000
-0.935172 0.354193 0.000000 342.284021 -0.354193 -0.935172 0.000000 -28.854239 0.000000 0.000000 1.000000 0.000000
-0.934935 0.354820 0.000000 339.958737 -0.354820 -0.934935 0.000000 -29.740920 0.000000 0.000000 1.000000 0.000000
-0.933938 0.357435 0.000000 337.620841 -0.357435 -0.933938 0.000000 -30.569384 0.000000 0.000000 1.000000 0.000000
-0.932058 0.362308 0.000000 335.342138 -0.362308 -0.932058 0.000000 -31.476991 0.000000 0.000000 1.000000 0.000000
-0.930275 0.366864 0.000000 333.062635 -0.366864 -0.930275 0.000000 -32.322421 0.000000 0.000000 1.000000 0.000000
-0.928460 0.371432 0.000000 330.718967 -0.371432 -0.928460 0.000000 -33.223337 0.000000 0.000000 1.000000 0.000000
-0.926536 0.376205 0.000000 328.451801 -0.376205 -0.926536 0.000000 -34.141178 0.000000 0.000000 1.000000 0.000000
-0.924817 0.380413 0.000000 326.107990 -0.380413 -0.924817 0.000000 -35.067259 0.000000 0.000000 1.000000 0.000000
-0.923075 0.384620 0.000000 323.763427 -0.384620 -0.923075 0.000000 -36.022516 0.000000 0.000000 1.000000 0.000000
-0.921345 0.388745 0.000000 321.435233 -0.388745 -0.921345 0.000000 -36.988406 0.000000 0.000000 1.000000 0.000000
-0.919430 0.393254 0.000000 319.080028 -0.393254 -0.919430 0.000000 -37.950412 0.000000 0.000000 1.000000 0.000000
-0.917585 0.397541 0.000000 316.726244 -0.397541 -0.917585 0.000000 -38.895488 0.000000 0.000000 1.000000 0.000000
-0.916825 0.399289 0.000000 314.348069 -0.399289 -0.916825 0.000000 -39.903831 0.000000 0.000000 1.000000 0.000000
-0.915600 0.402091 0.000000 311.965094 -0.402091 -0.915600 0.000000 -40.930055 0.000000 0.000000 1.000000 0.000000
-0.915460 0.402409 0.000000 309.683183 -0.402409 -0.915460 0.000000 -41.926802 0.000000 0.000000 1.000000 0.000000
-0.915316 0.402737 0.000000 307.336348 -0.402737 -0.915316 0.000000 -42.976852 0.000000 0.000000 1.000000 0.000000
-0.914540 0.404496 0.000000 304.971631 -0.404496 -0.914540 0.000000 -43.977878 0.000000 0.000000 1.000000 0.000000
-0.914164 0.405343 0.000000 302.600415 -0.405343 -0.914164 0.000000 -44.995961 0.000000 0.000000 1.000000 0.000000
-0.912558 0.408948 0.000000 300.311430 -0.408948 -0.912558 0.000000 -46.006813 0.000000 0.000000 1.000000 0.000000
-0.911101 0.412183 0.000000 297.998419 -0.412183 -0.911101 0.000000 -47.033135 0.000000 0.000000 1.000000 0.000000
-0.910082 0.414428 0.000000 295.713342 -0.414428 -0.910082 0.000000 -48.024881 0.000000 0.000000 1.000000 0.000000
-0.909211 0.416336 0.000000 293.452741 -0.416336 -0.909211 0.000000 -49.005553 0.000000 0.000000 1.000000 0.000000
-0.907877 0.419237 0.000000 291.191690 -0.419237 -0.907877 0.000000 -50.033790 0.000000 0.000000 1.000000 0.000000
-0.906607 0.421976 0.000000 288.830201 -0.421976 -0.906607 0.000000 -50.990562 0.000000 0.000000 1.000000 0.000000
-0.906203 0.422844 0.000000 286.656052 -0.422844 -0.906203 0.000000 -51.965903 0.000000 0.000000 1.000000 0.000000
-0.905163 0.425065 0.000000 284.378349 -0.425065 -0.905163 0.000000 -53.062353 0.000000 0.000000 1.000000 0.000000
-0.904551 0.426366 0.000000 282.111297 -0.426366 -0.904551 0.000000 -54.088459 0.000000 0.000000 1.000000 0.000000
-0.903649 0.428274 0.000000 279.856360 -0.428274 -0.903649 0.000000 -55.057334 0.000000 0.000000 1.000000 0.000000
-0.902216 0.431285 0.000000 277.666531 -0.431285 -0.902216 0.000000 -56.109861 0.000000 0.000000 1.000000 0.000000
-0.901432 0.432921 0.000000 275.372561 -0.432921 -0.901432 0.000000 -57.159249 0.000000 0.000000 1.000000 0.000000
-0.900667 0.434511 0.000000 273.116381 -0.434511 -0.900667 0.000000 -58.221311 0.000000 0.000000 1.000000 0.000000
-0.900265 0.435343 0.000000 270.894499 -0.435343 -0.900265 0.000000 -59.286563 0.000000 0.000000 1.000000 0.000000
-0.900581 0.434688 0.000000 268.626288 -0.434688 -0.900581 0.000000 -60.346238 0.000000 0.000000 1.000000 0.000000
-0.901446 0.432893 0.000000 266.342736 -0.432893 -0.901446 0.000000 -61.375167 0.000000 0.000000 1.000000 0.000000
-0.901651 0.432464 0.000000 264.043726 -0.432464 -0.901651 0.000000 -62.439620 0.000000 0.000000 1.000000 0.000000
-0.902510 0.430668 0.000000 261.808200 -0.430668 -0.902510 0.000000 -63.431914 0.000000 0.000000 1.000000 0.000000
-0.903131 0.429365 0.000000 259.496445 -0.429365 -0.903131 0.000000 -64.485599 0.000000 0.000000 1.000000 0.000000
-0.903430 0.428736 0.000000 257.210645 -0.428736 -0.903430 0.000000 -65.562528 0.000000 0.000000 1.000000 0.000000
-0.903568 0.428446 0.000000 254.874491 -0.428446 -0.903568 0.000000 -66.654637 0.000000 0.000000 1.000000 0.000000
-0.903167 0.429289 0.000000 252.605323 -0.429289 -0.903167 0.000000 -67.697636 0.000000 0.000000 1.000000 0.000000
-0.903204 0.429212 0.000000 250.269394 -0.429212 -0.903204 0.000000 -68.749146 0.000000 0.000000 1.000000 0.000000
-0.901465 0.432852 0.000000 247.998330 -0.432852 -0.901465 0.000000 -69.790844 0.000000 0.000000 1.000000 0.000000
-0.900382 0.435101 0.000000 245.753701 -0.435101 -0.900382 0.000000 -70.924348 0.000000 0.000000 1.000000 0.000000
-0.898933 0.438086 0.000000 243.468134 -0.438086 -0.898933 0.000000 -71.977537 0.000000 0.000000 1.000000 0.000000
-0.898594 0.438780 0.000000 241.175730 -0.438780 -0.898594 0.000000 -73.051307 0.000000 0.000000 1.000000 0.000000
-0.897837 0.440327 0.000000 238.888104 -0.440327 -0.897837 0.000000 -74.142088 0.000000 0.000000 1.000000 0.000000
-0.897492 0.441031 0.000000 236.629923 -0.441031 -0.897492 0.000000 -75.232540 0.000000 0.000000 1.000000 0.000000
-0.897262 0.441498 0.000000 234.347811 -0.441498 -0.897262 0.000000 -76.339917 0.000000 0.000000 1.000000 0.000000
-0.896773 0.442492 0.000000 232.039967 -0.442492 -0.896773 0.000000 -77.382883 0.000000 0.000000 1.000000 0.000000
-0.896864 0.442306 0.000000 229.660656 -0.442306 -0.896864 0.000000 -78.548209 0.000000 0.000000 1.000000 0.000000
-0.897350 0.441320 0.000000 227.358262 -0.441320 -0.897350 0.000000 -79.713586 0.000000 0.000000 1.000000 0.000000
-0.897199 0.441626 0.000000 224.985708 -0.441626 -0.897199 0.000000 -80.831907 0.000000 0.000000 1.000000 0.000000
-0.897247 0.441529 0.000000 222.620214 -0.441529 -0.897247 0.000000 -81.929205 0.000000 0.000000 1.000000 0.000000
-0.897518 0.440977 0.000000 220.243400 -0.440977 -0.897518 0.000000 -83.083422 0.000000 0.000000 1.000000 0.000000
-0.898091 0.439810 0.000000 217.820349 -0.439810 -0.898091 0.000000 -84.234251 0.000000 0.000000 1.000000 0.000000
-0.898607 0.438755 0.000000 215.393256 -0.438755 -0.898607 0.000000 -85.373862 0.000000 0.000000 1.000000 0.000000
-0.898577 0.438815 0.000000 212.978172 -0.438815 -0.898577 0.000000 -86.510008 0.000000 0.000000 1.000000 0.000000
-0.898883 0.438189 0.000000 210.572396 -0.438189 -0.898883 0.000000 -87.701025 0.000000 0.000000 1.000000 0.000000
-0.899202 0.437534 0.000000 208.135107 -0.437534 -0.899202 0.000000 -88.798580 0.000000 0.000000 1.000000 0.000000
-0.899112 0.437719 0.000000 205.726186 -0.437719 -0.899112 0.000000 -89.937128 0.000000 0.000000 1.000000 0.000000
-0.899517 0.436886 0.000000 203.293264 -0.436886 -0.899517 0.000000 -91.090329 0.000000 0.000000 1.000000 0.000000
-0.899750 0.436405 0.000000 200.892790 -0.436405 -0.899750 0.000000 -92.253176 0.000000 0.000000 1.000000 0.000000
-0.899595 0.436725 0.000000 198.439260 -0.436725 -0.899595 0.000000 -93.384627 0.000000 0.000000 1.000000 0.000000
-0.899242 0.437452 0.000000 196.024892 -0.437452 -0.899242 0.000000 -94.486566 0.000000 0.000000 1.000000 0.000000
-0.898380 0.439219 0.000000 193.623165 -0.439219 -0.898380 0.000000 -95.694075 0.000000 0.000000 1.000000 0.000000
-0.898037 0.439920 0.000000 191.181755 -0.439920 -0.898037 0.000000 -96.799001 0.000000 0.000000 1.000000 0.000000
-0.897973 0.440051 0.000000 188.728906 -0.440051 -0.897973 0.000000 -97.979928 0.000000 0.000000 1.000000 0.000000
-0.898126 0.439737 0.000000 186.279009 -0.439737 -0.898126 0.000000 -99.131343 0.000000 0.000000 1.000000 0.000000
-0.898325 0.439332 0.000000 183.860107 -0.439332 -0.898325 0.000000 -100.320870 0.000000 0.000000 1.000000 0.000000
-0.898980 0.437990 0.000000 181.414268 -0.437990 -0.898980 0.000000 -101.461156 0.000000 0.000000 1.000000 0.000000
-0.900549 0.434755 0.000000 178.955367 -0.434755 -0.900549 0.000000 -102.592055 0.000000 0.000000 1.000000 0.000000
-0.901587 0.432598 0.000000 176.464446 -0.432598 -0.901587 0.000000 -103.692515 0.000000 0.000000 1.000000 0.000000
-0.902623 0.430433 0.000000 173.987666 -0.430433 -0.902623 0.000000 -104.809385 0.000000 0.000000 1.000000 0.000000
-0.904537 0.426396 0.000000 171.498668 -0.426396 -0.904537 0.000000 -105.997807 0.000000 0.000000 1.000000 0.000000
-0.906849 0.421455 0.000000 168.981792 -0.421455 -0.906849 0.000000 -107.033540 0.000000 0.000000 1.000000 0.000000
-0.908779 0.417279 0.000000 166.433556 -0.417279 -0.908779 0.000000 -108.114702 0.000000 0.000000 1.000000 0.000000
-0.910108 0.414372 0.000000 163.976524 -0.414372 -0.910108 0.000000 -109.263740 0.000000 0.000000 1.000000 0.000000
-0.911267 0.411816 0.000000 161.470376 -0.411816 -0.911267 0.000000 -110.382978 0.000000 0.000000 1.000000 0.000000
-0.912161 0.409832 0.000000 158.943425 -0.409832 -0.912161 0.000000 -111.467146 0.000000 0.000000 1.000000 0.000000
-0.912887 0.408212 0.000000 156.402804 -0.408212 -0.912887 0.000000 -112.524932 0.000000 0.000000 1.000000 0.000000
-0.913557 0.406710 0.000000 153.929063 -0.406710 -0.913557 0.000000 -113.613851 0.000000 0.000000 1.000000 0.000000
-0.913766 0.406241 0.000000 151.429612 -0.406241 -0.913766 0.000000 -114.674753 0.000000 0.000000 1.000000 0.000000
-0.914692 0.404151 0.000000 148.978096 -0.404151 -0.914692 0.000000 -115.732065 0.000000 0.000000 1.000000 0.000000
