0.999278 -0.037981 0.000000 3.309609 0.037981 0.999278 0.000000 0.140192 0.000000 0.000000 1.000000 0.000000
0.999044 -0.043724 0.000000 5.624708 0.043724 0.999044 0.000000 0.306625 0.000000 0.000000 1.000000 0.000000
0.998810 -0.048764 0.000000 7.515516 0.048764 0.998810 0.000000 0.455427 0.000000 0.000000 1.000000 0.000000
0.998465 -0.055382 0.000000 9.718510 0.055382 0.998465 0.000000 0.580626 0.000000 0.000000 1.000000 0.000000
0.998075 -0.062024 0.000000 12.214765 0.062024 0.998075 0.000000 0.735693 0.000000 0.000000 1.000000 0.000000
0.997775 -0.066675 0.000000 14.898912 0.066675 0.997775 0.000000 0.937308 0.000000 0.000000 1.000000 0.000000
0.997666 -0.068279 0.000000 16.447961 0.068279 0.997666 0.000000 1.026739 0.000000 0.000000 1.000000 0.000000
0.997512 -0.070496 0.000000 18.019506 0.070496 0.997512 0.000000 1.177544 0.000000 0.000000 1.000000 0.000000
0.997359 -0.072628 0.000000 19.594456 0.072628 0.997359 0.000000 1.310310 0.000000 0.000000 1.000000 0.000000
0.997517 -0.070422 0.000000 21.301414 0.070422 0.997517 0.000000 1.491314 0.000000 0.000000 1.000000 0.000000
0.997572 -0.069636 0.000000 23.101312 0.069636 0.997572 0.000000 1.558514 0.000000 0.000000 1.000000 0.000000
0.997872 -0.065201 0.000000 24.896412 0.065201 0.997872 0.000000 1.708075 0.000000 0.000000 1.000000 0.000000
0.998039 -0.062592 0.000000 26.778401 0.062592 0.998039 0.000000 1.805062 0.000000 0.000000 1.000000 0.000000
0.998370 -0.057078 0.000000 28.743131 0.057078 0.998370 0.000000 1.956452 0.000000 0.000000 1.000000 0.000000
0.998501 -0.054734 0.000000 30.731982 0.054734 0.998501 0.000000 2.042615 0.000000 0.000000 1.000000 0.000000
0.998516 -0.054456 0.000000 32.825220 0.054456 0.998516 0.000000 2.141587 0.000000 0.000000 1.000000 0.000000
0.998472 -0.055261 0.000000 34.997534 0.055261 0.998472 0.000000 2.284456 0.000000 0.000000 1.000000 0.000000
0.998396 -0.056625 0.000000 37.170449 0.056625 0.998396 0.000000 2.356151 0.000000 0.000000 1.000000 0.000000
0.998287 -0.058500 0.000000 39.414541 0.058500 0.998287 0.000000 2.505819 0.000000 0.000000 1.000000 0.000000
0.998054 -0.062360 0.000000 41.709175 0.062360 0.998054 0.000000 2.639339 0.000000 0.000000 1.000000 0.000000
0.997718 -0.067516 0.000000 44.046428 0.067516 0.997718 0.000000 2.812456 0.000000 0.000000 1.000000 0.000000
0.997235 -0.074317 0.000000 46.458955 0.074317 0.997235 0.000000 2.957388 0.000000 0.000000 1.000000 0.000000
0.996527 -0.083274 0.000000 48.932313 0.083274 0.996527 0.000000 3.169506 0.000000 0.000000 1.000000 0.000000
0.995597 -0.093740 0.000000 51.379893 0.093740 0.995597 0.000000 3.374029 0.000000 0.000000 1.000000 0.000000
0.994519 -0.104556 0.000000 53.931978 0.104556 0.994519 0.000000 3.686121 0.000000 0.000000 1.000000 0.000000
0.992927 -0.118725 0.000000 56.551700 0.118725 0.992927 0.000000 3.958767 0.000000 0.000000 1.000000 0.000000
0.991327 -0.131421 0.000000 59.217721 0.131421 0.991327 0.000000 4.368572 0.000000 0.000000 1.000000 0.000000
0.989442 -0.144931 0.000000 61.878836 0.144931 0.989442 0.000000 4.718497 0.000000 0.000000 1.000000 0.000000
0.987749 -0.156053 0.000000 64.587054 0.156053 0.987749 0.000000 5.185251 0.000000 0.000000 1.000000 0.000000
0.986684 -0.162648 0.000000 67.362764 0.162648 0.986684 0.000000 5.671017 0.000000 0.000000 1.000000 0.000000
0.985826 -0.167772 0.000000 70.192235 0.167772 0.985826 0.000000 6.102229 0.000000 0.000000 1.000000 0.000000
0.985380 -0.170371 0.000000 73.041738 0.170371 0.985380 0.000000 6.614647 0.000000 0.000000 1.000000 0.000000
0.985529 -0.169507 0.000000 75.957075 0.169507 0.985529 0.000000 7.126704 0.000000 0.000000 1.000000 0.000000
0.986479 -0.163889 0.000000 78.934514 0.163889 0.986479 0.000000 7.609546 0.000000 0.000000 1.000000 0.000000
0.987176 -0.159636 0.000000 81.888617 0.159636 0.987176 0.000000 7.965987 0.000000 0.000000 1.000000 0.000000
0.988161 -0.153419 0.000000 85.043491 0.153419 0.988161 0.000000 8.522360 0.000000 0.000000 1.000000 0.000000
0.988989 -0.147986 0.000000 88.077973 0.147986 0.988989 0.000000 8.979329 0.000000 0.000000 1.000000 0.000000
0.989812 -0.142383 0.000000 91.109145 0.142383 0.989812 0.000000 9.404773 0.000000 0.000000 1.000000 0.000000
0.990448 -0.137885 0.000000 94.318666 0.137885 0.990448 0.000000 9.824431 0.000000 0.000000 1.000000 0.000000
0.990614 -0.136686 0.000000 97.489489 0.136686 0.990614 0.000000 10.275842 0.000000 0.000000 1.000000 0.000000
0.991065 -0.133382 0.000000 100.633194 0.133382 0.991065 0.000000 10.680876 0.000000 0.000000 1.000000 0.000000
0.991147 -0.132772 0.000000 103.761715 0.132772 0.991147 0.000000 11.095547 0.000000 0.000000 1.000000 0.000000
0.991432 -0.130621 0.000000 107.040809 0.130621 0.991432 0.000000 11.620213 0.000000 0.000000 1.000000 0.000000
0.991355 -0.131204 0.000000 110.125067 0.131204 0.991355 0.000000 11.979071 0.000000 0.000000 1.000000 0.000000
0.991681 -0.128721 0.000000 113.304536 0.128721 0.991681 0.000000 12.423033 0.000000 0.000000 1.000000 0.000000
0.991908 -0.126960 0.000000 116.450783 0.126960 0.991908 0.000000 12.764265 0.000000 0.000000 1.000000 0.000000
0.992335 -0.123574 0.000000 119.529226 0.123574 0.992335 0.000000 13.221056 0.000000 0.000000 1.000000 0.000000
0.992442 -0.122717 0.000000 122.643033 0.122717 0.992442 0.000000 13.629593 0.000000 0.000000 1.000000 0.000000
0.992224 -0.124463 0.000000 125.757057 0.124463 0.992224 0.000000 13.975191 0.000000 0.000000 1.000000 0.000000
0.992041 -0.125914 0.000000 128.886327 0.125914 0.992041 0.000000 14.427220 0.000000 0.000000 1.000000 0.000000
0.991804 -0.127768 0.000000 131.996972 0.127768 0.991804 0.000000 14.810032 0.000000 0.000000 1.000000 0.000000
0.991777 -0.127981 0.000000 135.060989 0.127981 0.991777 0.000000 15.205146 0.000000 0.000000 1.000000 0.000000
0.991785 -0.127919 0.000000 138.191945 0.127919 0.991785 0.000000 15.657278 0.000000 0.000000 1.000000 0.000000
0.992083 -0.125581 0.000000 141.306540 0.125581 0.992083 0.000000 16.018114 0.000000 0.000000 1.000000 0.000000
0.992330 -0.123616 0.000000 144.377431 0.123616 0.992330 0.000000 16.441678 0.000000 0.000000 1.000000 0.000000
0.992281 -0.124009 0.000000 147.414391 0.124009 0.992281 0.000000 16.868548 0.000000 0.000000 1.000000 0.000000
0.992108 -0.125389 0.000000 150.559037 0.125389 0.992108 0.000000 17.211095 0.000000 0.000000 1.000000 0.000000
0.992125 -0.125250 0.000000 153.648364 0.125250 0.992125 0.000000 17.641671 0.000000 0.000000 1.000000 0.000000
0.992154 -0.125021 0.000000 156.763534 0.125021 0.992154 0.000000 18.040190 0.000000 0.000000 1.000000 0.000000
0.992569 -0.121681 0.000000 159.837050 0.121681 0.992569 0.000000 18.389671 0.000000 0.000000 1.000000 0.000000
0.992619 -0.121277 0.000000 162.897641 0.121277 0.992619 0.000000 18.837984 0.000000 0.000000 1.000000 0.000000
0.992590 -0.121511 0.000000 165.916188 0.121511 0.992590 0.000000 19.221009 0.000000 0.000000 1.000000 0.000000
0.992283 -0.123993 0.000000 169.048026 0.123993 0.992283 0.000000 19.578898 0.000000 0.000000 1.000000 0.000000
0.992215 -0.124538 0.000000 172.063678 0.124538 0.992215 0.000000 19.977337 0.000000 0.000000 1.000000 0.000000
0.992061 -0.125760 0.000000 175.145973 0.125760 0.992061 0.000000 20.392729 0.000000 0.000000 1.000000 0.000000
0.992094 -0.125496 0.000000 178.242948 0.125496 0.992094 0.000000 20.830884 0.000000 0.000000 1.000000 0.000000
0.991894 -0.127064 0.000000 181.296404 0.127064 0.991894 0.000000 21.219969 0.000000 0.000000 1.000000 0.000000
0.991912 -0.126924 0.000000 184.364919 0.126924 0.991912 0.000000 21.679539 0.000000 0.000000 1.000000 0.000000
0.991856 -0.127364 0.000000 187.464952 0.127364 0.991856 0.000000 22.028507 0.000000 0.000000 1.000000 0.000000
0.991976 -0.126423 0.000000 190.600118 0.126423 0.991976 0.000000 22.477760 0.000000 0.000000 1.000000 0.000000
0.992191 -0.124728 0.000000 193.639642 0.124728 0.992191 0.000000 22.913706 0.000000 0.000000 1.000000 0.000000
0.992267 -0.124123 0.000000 196.766376 0.124123 0.992267 0.000000 23.295847 0.000000 0.000000 1.000000 0.000000
0.992491 -0.122321 0.000000 199.858708 0.122321 0.992491 0.000000 23.688379 0.000000 0.000000 1.000000 0.000000
0.992569 -0.121681 0.000000 202.966633 0.121681 0.992569 0.000000 24.090732 0.000000 0.000000 1.000000 0.000000
0.992152 -0.125041 0.000000 206.089667 0.125041 0.992152 0.000000 24.545637 0.000000 0.000000 1.000000 0.000000
0.991801 -0.127788 0.000000 209.211494 0.127788 0.991801 0.000000 24.961302 0.000000 0.000000 1.000000 0.000000
0.991792 -0.127863 0.000000 212.325312 0.127863 0.991792 0.000000 25.381082 0.000000 0.000000 1.000000 0.000000
0.991800 -0.127803 0.000000 215.445716 0.127803 0.991800 0.000000 25.809377 0.000000 0.000000 1.000000 0.000000
0.991905 -0.126980 0.000000 218.543977 0.126980 0.991905 0.000000 26.206552 0.000000 0.000000 1.000000 0.000000
0.991972 -0.126457 0.000000 221.637822 0.126457 0.991972 0.000000 26.620849 0.000000 0.000000 1.000000 0.000000
0.992186 -0.124767 0.000000 224.724657 0.124767 0.992186 0.000000 27.027337 0.000000 0.000000 1.000000 0.000000
0.992595 -0.121470 0.000000 227.803868 0.121470 0.992595 0.000000 27.494374 0.000000 0.000000 1.000000 0.000000
0.993171 -0.116667 0.000000 230.894317 0.116667 0.993171 0.000000 27.839033 0.000000 0.000000 1.000000 0.000000
0.993387 -0.114813 0.000000 233.837813 0.114813 0.993387 0.000000 28.194759 0.000000 0.000000 1.000000 0.000000
0.993386 -0.114821 0.000000 236.839189 0.114821 0.993386 0.000000 28.551017 0.000000 0.000000 1.000000 0.000000
0.993557 -0.113334 0.000000 239.866068 0.113334 0.993557 0.000000 28.902689 0.000000 0.000000 1.000000 0.000000
0.993241 -0.116068 0.000000 242.862585 0.116068 0.993241 0.000000 29.294211 0.000000 0.000000 1.000000 0.000000
0.993151 -0.116834 0.000000 245.917150 0.116834 0.993151 0.000000 29.653847 0.000000 0.000000 1.000000 0.000000
0.993003 -0.118093 0.000000 248.961349 0.118093 0.993003 0.000000 30.036239 0.000000 0.000000 1.000000 0.000000
0.992990 -0.118196 0.000000 251.965108 0.118196 0.992990 0.000000 30.442726 0.000000 0.000000 1.000000 0.000000
0.992476 -0.122438 0.000000 255.005844 0.122438 0.992476 0.000000 30.834985 0.000000 0.000000 1.000000 0.000000
0.991907 -0.126970 0.000000 258.060188 0.126970 0.991907 0.000000 31.196901 0.000000 0.000000 1.000000 0.000000
0.991328 -0.131411 0.000000 261.156457 0.131411 0.991328 0.000000 31.542630 0.000000 0.000000 1.000000 0.000000
0.991042 -0.133553 0.000000 264.144143 0.133553 0.991042 0.000000 32.033851 0.000000 0.000000 1.000000 0.000000
0.990962 -0.134139 0.000000 267.147911 0.134139 0.990962 0.000000 32.399533 0.000000 0.000000 1.000000 0.000000
0.991336 -0.131347 0.000000 270.169783 0.131347 0.991336 0.000000 32.764345 0.000000 0.000000 1.000000 0.000000
0.991706 -0.128524 0.000000 273.072633 0.128524 0.991706 0.000000 33.169087 0.000000 0.000000 1.000000 0.000000
0.992083 -0.125583 0.000000 275.997775 0.125583 0.992083 0.000000 33.551752 0.000000 0.000000 1.000000 0.000000
0.992257 -0.124205 0.000000 278.925816 0.124205 0.992257 0.000000 33.931190 0.000000 0.000000 1.000000 0.000000
0.992380 -0.123216 0.000000 281.832714 0.123216 0.992380 0.000000 34.236256 0.000000 0.000000 1.000000 0.000000
0.992335 -0.123574 0.000000 284.751041 0.123574 0.992335 0.000000 34.659374 0.000000 0.000000 1.000000 0.000000
0.992441 -0.122726 0.000000 287.673599 0.122726 0.992441 0.000000 35.024130 0.000000 0.000000 1.000000 0.000000
0.992516 -0.122111 0.000000 290.608725 0.122111 0.992516 0.000000 35.394084 0.000000 0.000000 1.000000 0.000000
0.992561 -0.121752 0.000000 293.532091 0.121752 0.992561 0.000000 35.720106 0.000000 0.000000 1.000000 0.000000
0.992800 -0.119785 0.000000 296.412235 0.119785 0.992800 0.000000 36.131932 0.000000 0.000000 1.000000 0.000000
0.992822 -0.119600 0.000000 299.306057 0.119600 0.992822 0.000000 36.453365 0.000000 0.000000 1.000000 0.000000
0.992895 -0.118996 0.000000 302.223811 0.118996 0.992895 0.000000 36.862061 0.000000 0.000000 1.000000 0.000000
0.992878 -0.119136 0.000000 305.162041 0.119136 0.992878 0.000000 37.234174 0.000000 0.000000 1.000000 0.000000
0.993044 -0.117746 0.000000 308.086052 0.117746 0.993044 0.000000 37.532415 0.000000 0.000000 1.000000 0.000000
0.993101 -0.117260 0.000000 311.122367 0.117260 0.993101 0.000000 37.994295 0.000000 0.000000 1.000000 0.000000
0.993007 -0.118056 0.000000 314.133113 0.118056 0.993007 0.000000 38.344306 0.000000 0.000000 1.000000 0.000000
0.992804 -0.119747 0.000000 317.165860 0.119747 0.992804 0.000000 38.781151 0.000000 0.000000 1.000000 0.000000
0.992756 -0.120151 0.000000 320.222809 0.120151 0.992756 0.000000 39.123742 0.000000 0.000000 1.000000 0.000000
0.992805 -0.119741 0.000000 323.342767 0.119741 0.992805 0.000000 39.497272 0.000000 0.000000 1.000000 0.000000
0.992718 -0.120462 0.000000 326.423081 0.120462 0.992718 0.000000 39.953941 0.000000 0.000000 1.000000 0.000000
0.992741 -0.120272 0.000000 329.548924 0.120272 0.992741 0.000000 40.417004 0.000000 0.000000 1.000000 0.000000
0.992797 -0.119810 0.000000 332.695337 0.119810 0.992797 0.000000 40.762364 0.000000 0.000000 1.000000 0.000000
0.992842 -0.119434 0.000000 335.925056 0.119434 0.992842 0.000000 41.139703 0.000000 0.000000 1.000000 0.000000
0.992792 -0.119851 0.000000 339.196301 0.119851 0.992792 0.000000 41.553838 0.000000 0.000000 1.000000 0.000000
0.992702 -0.120596 0.000000 342.455900 0.120596 0.992702 0.000000 41.942426 0.000000 0.000000 1.000000 0.000000
0.988681 -0.150030 0.000000 345.753688 0.150030 0.988681 0.000000 42.420096 0.000000 0.000000 1.000000 0.000000
0.990125 -0.140187 0.000000 349.009236 0.140187 0.990125 0.000000 42.944830 0.000000 0.000000 1.000000 0.000000
0.991944 -0.126676 0.000000 352.402152 0.126676 0.991944 0.000000 43.343253 0.000000 0.000000 1.000000 0.000000
0.992225 -0.124460 0.000000 355.736795 0.124460 0.992225 0.000000 43.781450 0.000000 0.000000 1.000000 0.000000
0.991547 -0.129750 0.000000 359.174855 0.129750 0.991547 0.000000 44.217473 0.000000 0.000000 1.000000 0.000000
0.992192 -0.124718 0.000000 362.589215 0.124718 0.992192 0.000000 44.645376 0.000000 0.000000 1.000000 0.000000
0.992836 -0.119489 0.000000 366.020301 0.119489 0.992836 0.000000 45.085294 0.000000 0.000000 1.000000 0.000000
0.992618 -0.121285 0.000000 369.467644 0.121285 0.992618 0.000000 45.510119 0.000000 0.000000 1.000000 0.000000
0.990682 -0.136199 0.000000 373.006230 0.136199 0.990682 0.000000 45.971245 0.000000 0.000000 1.000000 0.000000
0.993284 -0.115705 0.000000 376.504797 0.115705 0.993284 0.000000 46.463302 0.000000 0.000000 1.000000 0.000000
0.993566 -0.113254 0.000000 380.065202 0.113254 0.993566 0.000000 46.900139 0.000000 0.000000 1.000000 0.000000
0.993469 -0.114105 0.000000 383.618298 0.114105 0.993469 0.000000 47.302463 0.000000 0.000000 1.000000 0.000000
0.993076 -0.117470 0.000000 387.228342 0.117470 0.993076 0.000000 47.748874 0.000000 0.000000 1.000000 0.000000
0.993624 -0.112741 0.000000 390.807593 0.112741 0.993624 0.000000 48.139753 0.000000 0.000000 1.000000 0.000000
0.993724 -0.111856 0.000000 394.397618 0.111856 0.993724 0.000000 48.593410 0.000000 0.000000 1.000000 0.000000
0.994956 -0.100312 0.000000 398.025682 0.100312 0.994956 0.000000 48.936779 0.000000 0.000000 1.000000 0.000000
0.993886 -0.110410 0.000000 401.587934 0.110410 0.993886 0.000000 49.368987 0.000000 0.000000 1.000000 0.000000
0.994943 -0.100436 0.000000 405.195532 0.100436 0.994943 0.000000 49.791172 0.000000 0.000000 1.000000 0.000000
0.996795 -0.079997 0.000000 408.794368 0.079997 0.996795 0.000000 50.057701 0.000000 0.000000 1.000000 0.000000
0.997229 -0.074389 0.000000 412.412200 0.074389 0.997229 0.000000 50.284363 0.000000 0.000000 1.000000 0.000000
0.995854 -0.090967 0.000000 416.022305 0.090967 0.995854 0.000000 50.665842 0.000000 0.000000 1.000000 0.000000
0.994735 -0.102484 0.000000 419.674405 0.102484 0.994735 0.000000 51.071143 0.000000 0.000000 1.000000 0.000000
0.995533 -0.094413 0.000000 423.270212 0.094413 0.995533 0.000000 51.408894 0.000000 0.000000 1.000000 0.000000
0.994654 -0.103260 0.000000 426.917997 0.103260 0.994654 0.000000 51.808505 0.000000 0.000000 1.000000 0.000000
0.993074 -0.117492 0.000000 430.566647 0.117492 0.993074 0.000000 52.221255 0.000000 0.000000 1.000000 0.000000
0.992915 -0.118823 0.000000 434.211150 0.118823 0.992915 0.000000 52.687080 0.000000 0.000000 1.000000 0.000000
0.995281 -0.097037 0.000000 437.850398 0.097037 0.995281 0.000000 53.027268 0.000000 0.000000 1.000000 0.000000
0.993049 -0.117698 0.000000 441.514103 0.117698 0.993049 0.000000 53.520267 0.000000 0.000000 1.000000 0.000000
0.992140 -0.125132 0.000000 445.201485 0.125132 0.992140 0.000000 53.947825 0.000000 0.000000 1.000000 0.000000
0.992337 -0.123559 0.000000 448.835840 0.123559 0.992337 0.000000 54.367930 0.000000 0.000000 1.000000 0.000000
0.992379 -0.123222 0.000000 452.518528 0.123222 0.992379 0.000000 54.860752 0.000000 0.000000 1.000000 0.000000
0.991762 -0.128092 0.000000 456.251577 0.128092 0.991762 0.000000 55.390730 0.000000 0.000000 1.000000 0.000000
0.993717 -0.111922 0.000000 459.931921 0.111922 0.993717 0.000000 55.801903 0.000000 0.000000 1.000000 0.000000
0.995165 -0.098219 0.000000 463.670410 0.098219 0.995165 0.000000 56.182841 0.000000 0.000000 1.000000 0.000000
0.992912 -0.118855 0.000000 467.379834 0.118855 0.992912 0.000000 56.644139 0.000000 0.000000 1.000000 0.000000
0.993730 -0.111809 0.000000 471.066555 0.111809 0.993730 0.000000 57.053555 0.000000 0.000000 1.000000 0.000000
0.992425 -0.122852 0.000000 474.816563 0.122852 0.992425 0.000000 57.549881 0.000000 0.000000 1.000000 0.000000
0.992408 -0.122993 0.000000 478.532536 0.122993 0.992408 0.000000 57.987923 0.000000 0.000000 1.000000 0.000000
0.991834 -0.127537 0.000000 482.250416 0.127537 0.991834 0.000000 58.489536 0.000000 0.000000 1.000000 0.000000
0.991720 -0.128415 0.000000 486.013973 0.128415 0.991720 0.000000 58.935361 0.000000 0.000000 1.000000 0.000000
0.991513 -0.130010 0.000000 489.730246 0.130010 0.991513 0.000000 59.497048 0.000000 0.000000 1.000000 0.000000
0.991521 -0.129944 0.000000 493.437438 0.129944 0.991521 0.000000 59.951138 0.000000 0.000000 1.000000 0.000000
0.990850 -0.134968 0.000000 497.095393 0.134968 0.990850 0.000000 60.584301 0.000000 0.000000 1.000000 0.000000
0.991876 -0.127209 0.000000 500.717740 0.127209 0.991876 0.000000 61.024506 0.000000 0.000000 1.000000 0.000000
0.992382 -0.123198 0.000000 504.347881 0.123198 0.992382 0.000000 61.454667 0.000000 0.000000 1.000000 0.000000
0.991989 -0.126322 0.000000 507.973886 0.126322 0.991989 0.000000 61.960447 0.000000 0.000000 1.000000 0.000000
0.992403 -0.123033 0.000000 511.569474 0.123033 0.992403 0.000000 62.435851 0.000000 0.000000 1.000000 0.000000
0.992678 -0.120790 0.000000 515.209286 0.120790 0.992678 0.000000 62.920872 0.000000 0.000000 1.000000 0.000000
0.993119 -0.117106 0.000000 518.796055 0.117106 0.993119 0.000000 63.318977 0.000000 0.000000 1.000000 0.000000
0.991341 -0.131314 0.000000 522.348941 0.131314 0.991341 0.000000 63.859993 0.000000 0.000000 1.000000 0.000000
0.992755 -0.120159 0.000000 525.950368 0.120159 0.992755 0.000000 64.316599 0.000000 0.000000 1.000000 0.000000
0.994013 -0.109265 0.000000 529.556246 0.109265 0.994013 0.000000 64.730381 0.000000 0.000000 1.000000 0.000000
0.991701 -0.128567 0.000000 533.135914 0.128567 0.991701 0.000000 65.234462 0.000000 0.000000 1.000000 0.000000
0.991257 -0.131947 0.000000 536.759939 0.131947 0.991257 0.000000 65.756201 0.000000 0.000000 1.000000 0.000000
0.991897 -0.127042 0.000000 540.335873 0.127042 0.991897 0.000000 66.182351 0.000000 0.000000 1.000000 0.000000
0.992267 -0.124122 0.000000 543.912076 0.124122 0.992267 0.000000 66.714516 0.000000 0.000000 1.000000 0.000000
0.991788 -0.127896 0.000000 547.506477 0.127896 0.991788 0.000000 67.174612 0.000000 0.000000 1.000000 0.000000
0.992066 -0.125715 0.000000 551.122890 0.125715 0.992066 0.000000 67.613465 0.000000 0.000000 1.000000 0.000000
0.991207 -0.132319 0.000000 554.704677 0.132319 0.991207 0.000000 68.105864 0.000000 0.000000 1.000000 0.000000
0.992618 -0.121282 0.000000 558.333907 0.121282 0.992618 0.000000 68.546110 0.000000 0.000000 1.000000 0.000000
0.990949 -0.134238 0.000000 561.916189 0.134238 0.990949 0.000000 69.078457 0.000000 0.000000 1.000000 0.000000
0.991499 -0.130118 0.000000 565.555398 0.130118 0.991499 0.000000 69.577211 0.000000 0.000000 1.000000 0.000000
0.990043 -0.140764 0.000000 569.172699 0.140764 0.990043 0.000000 70.068853 0.000000 0.000000 1.000000 0.000000
0.991753 -0.128165 0.000000 572.768968 0.128165 0.991753 0.000000 70.550634 0.000000 0.000000 1.000000 0.000000
0.990729 -0.135854 0.000000 576.410785 0.135854 0.990729 0.000000 71.034019 0.000000 0.000000 1.000000 0.000000
0.991950 -0.126632 0.000000 580.108446 0.126632 0.991950 0.000000 71.504284 0.000000 0.000000 1.000000 0.000000
0.990676 -0.136242 0.000000 583.748380 0.136242 0.990676 0.000000 72.020287 0.000000 0.000000 1.000000 0.000000
0.990578 -0.136949 0.000000 587.400954 0.136949 0.990578 0.000000 72.567712 0.000000 0.000000 1.000000 0.000000
0.991830 -0.127567 0.000000 591.117216 0.127567 0.991830 0.000000 73.082249 0.000000 0.000000 1.000000 0.000000
0.991677 -0.128748 0.000000 594.786888 0.128748 0.991677 0.000000 73.576201 0.000000 0.000000 1.000000 0.000000
0.992496 -0.122280 0.000000 598.481326 0.122280 0.992496 0.000000 74.048369 0.000000 0.000000 1.000000 0.000000
0.991812 -0.127706 0.000000 602.190480 0.127706 0.991812 0.000000 74.548427 0.000000 0.000000 1.000000 0.000000
0.991101 -0.133113 0.000000 605.899068 0.133113 0.991101 0.000000 75.006900 0.000000 0.000000 1.000000 0.000000
0.989854 -0.142091 0.000000 609.605485 0.142091 0.989854 0.000000 75.574378 0.000000 0.000000 1.000000 0.000000
0.991792 -0.127865 0.000000 613.360782 0.127865 0.991792 0.000000 76.069768 0.000000 0.000000 1.000000 0.000000
0.992673 -0.120833 0.000000 617.136322 0.120833 0.992673 0.000000 76.529544 0.000000 0.000000 1.000000 0.000000
0.994338 -0.106268 0.000000 620.858908 0.106268 0.994338 0.000000 76.878160 0.000000 0.000000 1.000000 0.000000
0.994319 -0.106443 0.000000 624.588559 0.106443 0.994319 0.000000 77.309746 0.000000 0.000000 1.000000 0.000000
0.993305 -0.115520 0.000000 628.346117 0.115520 0.993305 0.000000 77.759387 0.000000 0.000000 1.000000 0.000000
0.992610 -0.121345 0.000000 632.134930 0.121345 0.992610 0.000000 78.162498 0.000000 0.000000 1.000000 0.000000
0.994440 -0.105307 0.000000 635.885562 0.105307 0.994440 0.000000 78.586411 0.000000 0.000000 1.000000 0.000000
0.992679 -0.120780 0.000000 639.676739 0.120780 0.992679 0.000000 79.011174 0.000000 0.000000 1.000000 0.000000
0.994036 -0.109052 0.000000 643.453522 0.109052 0.994036 0.000000 79.466543 0.000000 0.000000 1.000000 0.000000
0.992983 -0.118261 0.000000 647.257909 0.118261 0.992983 0.000000 79.940372 0.000000 0.000000 1.000000 0.000000
0.994438 -0.105328 0.000000 650.970742 0.105328 0.994438 0.000000 80.297654 0.000000 0.000000 1.000000 0.000000
0.995257 -0.097281 0.000000 654.697915 0.097281 0.995257 0.000000 80.657734 0.000000 0.000000 1.000000 0.000000
0.994999 -0.099889 0.000000 658.462227 0.099889 0.994999 0.000000 81.116111 0.000000 0.000000 1.000000 0.000000
0.994692 -0.102899 0.000000 662.122596 0.102899 0.994692 0.000000 81.528232 0.000000 0.000000 1.000000 0.000000
0.994408 -0.105604 0.000000 665.837369 0.105604 0.994408 0.000000 81.955746 0.000000 0.000000 1.000000 0.000000
0.994380 -0.105874 0.000000 669.472209 0.105874 0.994380 0.000000 82.358022 0.000000 0.000000 1.000000 0.000000
0.996393 -0.084855 0.000000 673.231876 0.084855 0.996393 0.000000 82.705316 0.000000 0.000000 1.000000 0.000000
0.995728 -0.092335 0.000000 676.947406 0.092335 0.995728 0.000000 83.078325 0.000000 0.000000 1.000000 0.000000
0.996118 -0.088023 0.000000 680.668413 0.088023 0.996118 0.000000 83.419126 0.000000 0.000000 1.000000 0.000000
0.995892 -0.090545 0.000000 684.393988 0.090545 0.995892 0.000000 83.707253 0.000000 0.000000 1.000000 0.000000
0.995774 -0.091835 0.000000 688.132447 0.091835 0.995774 0.000000 84.069573 0.000000 0.000000 1.000000 0.000000
0.997512 -0.070502 0.000000 691.904774 0.070502 0.997512 0.000000 84.301686 0.000000 0.000000 1.000000 0.000000
0.997388 -0.072227 0.000000 695.687281 0.072227 0.997388 0.000000 84.579045 0.000000 0.000000 1.000000 0.000000
0.996810 -0.079810 0.000000 699.404990 0.079810 0.996810 0.000000 84.860378 0.000000 0.000000 1.000000 0.000000
0.996750 -0.080553 0.000000 703.079367 0.080553 0.996750 0.000000 85.236245 0.000000 0.000000 1.000000 0.000000
0.997516 -0.070442 0.000000 706.794587 0.070442 0.997516 0.000000 85.422416 0.000000 0.000000 1.000000 0.000000
0.996809 -0.079822 0.000000 710.500487 0.079822 0.996809 0.000000 85.765845 0.000000 0.000000 1.000000 0.000000
0.996867 -0.079101 0.000000 714.220446 0.079101 0.996867 0.000000 86.037845 0.000000 0.000000 1.000000 0.000000
0.996725 -0.080871 0.000000 717.974445 0.080871 0.996725 0.000000 86.319922 0.000000 0.000000 1.000000 0.000000
0.996887 -0.078844 0.000000 721.705146 0.078844 0.996887 0.000000 86.607433 0.000000 0.000000 1.000000 0.000000
0.996540 -0.083115 0.000000 725.413936 0.083115 0.996540 0.000000 86.939100 0.000000 0.000000 1.000000 0.000000
0.996189 -0.087219 0.000000 729.109937 0.087219 0.996189 0.000000 87.299294 0.000000 0.000000 1.000000 0.000000
0.996868 -0.079084 0.000000 732.846027 0.079084 0.996868 0.000000 87.593669 0.000000 0.000000 1.000000 0.000000
0.995947 -0.089947 0.000000 736.548053 0.089947 0.995947 0.000000 87.908592 0.000000 0.000000 1.000000 0.000000
0.995819 -0.091353 0.000000 740.255000 0.091353 0.995819 0.000000 88.281766 0.000000 0.000000 1.000000 0.000000
0.995980 -0.089576 0.000000 743.941850 0.089576 0.995980 0.000000 88.615035 0.000000 0.000000 1.000000 0.000000
0.995247 -0.097379 0.000000 747.682672 0.097379 0.995247 0.000000 89.010583 0.000000 0.000000 1.000000 0.000000
0.994354 -0.106117 0.000000 751.369113 0.106117 0.994354 0.000000 89.407755 0.000000 0.000000 1.000000 0.000000
0.993922 -0.110087 0.000000 755.099854 0.110087 0.993922 0.000000 89.817856 0.000000 0.000000 1.000000 0.000000
0.995705 -0.092584 0.000000 758.759066 0.092584 0.995705 0.000000 90.227213 0.000000 0.000000 1.000000 0.000000
0.993312 -0.115462 0.000000 762.508664 0.115462 0.993312 0.000000 90.650345 0.000000 0.000000 1.000000 0.000000
0.993855 -0.110693 0.000000 766.269698 0.110693 0.993855 0.000000 91.062427 0.000000 0.000000 1.000000 0.000000
0.993349 -0.115145 0.000000 769.924113 0.115145 0.993349 0.000000 91.489714 0.000000 0.000000 1.000000 0.000000
0.994647 -0.103330 0.000000 773.683287 0.103330 0.994647 0.000000 91.795974 0.000000 0.000000 1.000000 0.000000
0.994235 -0.107219 0.000000 777.402006 0.107219 0.994235 0.000000 92.256448 0.000000 0.000000 1.000000 0.000000
0.995157 -0.098300 0.000000 781.157545 0.098300 0.995157 0.000000 92.563030 0.000000 0.000000 1.000000 0.000000
0.993460 -0.114180 0.000000 784.827092 0.114180 0.993460 0.000000 93.065379 0.000000 0.000000 1.000000 0.000000
0.995370 -0.096114 0.000000 788.554898 0.096114 0.995370 0.000000 93.363023 0.000000 0.000000 1.000000 0.000000
0.996132 -0.087873 0.000000 792.351400 0.087873 0.996132 0.000000 93.675925 0.000000 0.000000 1.000000 0.000000
0.994868 -0.101179 0.000000 796.063202 0.101179 0.994868 0.000000 94.065613 0.000000 0.000000 1.000000 0.000000
0.995094 -0.098937 0.000000 799.721187 0.098937 0.995094 0.000000 94.422183 0.000000 0.000000 1.000000 0.000000
0.995222 -0.097638 0.000000 803.475090 0.097638 0.995222 0.000000 94.789745 0.000000 0.000000 1.000000 0.000000
0.995378 -0.096039 0.000000 807.222306 0.096039 0.995378 0.000000 95.085542 0.000000 0.000000 1.000000 0.000000
0.995303 -0.096810 0.000000 810.939819 0.096810 0.995303 0.000000 95.525024 0.000000 0.000000 1.000000 0.000000
0.995572 -0.094001 0.000000 814.611056 0.094001 0.995572 0.000000 95.899118 0.000000 0.000000 1.000000 0.000000
0.995677 -0.092884 0.000000 818.383467 0.092884 0.995677 0.000000 96.241235 0.000000 0.000000 1.000000 0.000000
0.995206 -0.097798 0.000000 822.141042 0.097798 0.995206 0.000000 96.581002 0.000000 0.000000 1.000000 0.000000
0.994214 -0.107415 0.000000 825.884145 0.107415 0.994214 0.000000 97.066915 0.000000 0.000000 1.000000 0.000000
0.994576 -0.104016 0.000000 829.630325 0.104016 0.994576 0.000000 97.372432 0.000000 0.000000 1.000000 0.000000
0.994598 -0.103806 0.000000 833.398324 0.103806 0.994598 0.000000 97.773412 0.000000 0.000000 1.000000 0.000000
0.994554 -0.104224 0.000000 837.096270 0.104224 0.994554 0.000000 98.208571 0.000000 0.000000 1.000000 0.000000
0.993071 -0.117518 0.000000 840.830664 0.117518 0.993071 0.000000 98.627526 0.000000 0.000000 1.000000 0.000000
0.994664 -0.103168 0.000000 844.552872 0.103168 0.994664 0.000000 99.096192 0.000000 0.000000 1.000000 0.000000
0.995809 -0.091454 0.000000 848.262455 0.091454 0.995809 0.000000 99.371319 0.000000 0.000000 1.000000 0.000000
0.993680 -0.112248 0.000000 851.930536 0.112248 0.993680 0.000000 99.792654 0.000000 0.000000 1.000000 0.000000
0.993268 -0.115843 0.000000 855.727588 0.115843 0.993268 0.000000 100.216097 0.000000 0.000000 1.000000 0.000000
0.994286 -0.106746 0.000000 859.492381 0.106746 0.994286 0.000000 100.613330 0.000000 0.000000 1.000000 0.000000
0.994518 -0.104562 0.000000 863.227981 0.104562 0.994518 0.000000 100.981980 0.000000 0.000000 1.000000 0.000000
0.994455 -0.105160 0.000000 866.910347 0.105160 0.994455 0.000000 101.376166 0.000000 0.000000 1.000000 0.000000
0.994849 -0.101372 0.000000 870.606010 0.101372 0.994849 0.000000 101.735022 0.000000 0.000000 1.000000 0.000000
0.995043 -0.099450 0.000000 874.366502 0.099450 0.995043 0.000000 102.088589 0.000000 0.000000 1.000000 0.000000
0.995439 -0.095397 0.000000 877.980139 0.095397 0.995439 0.000000 102.505938 0.000000 0.000000 1.000000 0.000000
0.994960 -0.100275 0.000000 881.642464 0.100275 0.994960 0.000000 102.900866 0.000000 0.000000 1.000000 0.000000
0.996118 -0.088031 0.000000 885.333035 0.088031 0.996118 0.000000 103.182610 0.000000 0.000000 1.000000 0.000000
0.995310 -0.096733 0.000000 888.964602 0.096733 0.995310 0.000000 103.620176 0.000000 0.000000 1.000000 0.000000
0.996557 -0.082912 0.000000 892.691093 0.082912 0.996557 0.000000 103.915404 0.000000 0.000000 1.000000 0.000000
0.997201 -0.074766 0.000000 896.376332 0.074766 0.997201 0.000000 104.233065 0.000000 0.000000 1.000000 0.000000
0.996089 -0.088357 0.000000 899.995976 0.088357 0.996089 0.000000 104.559562 0.000000 0.000000 1.000000 0.000000
0.996626 -0.082071 0.000000 903.731637 0.082071 0.996626 0.000000 104.849608 0.000000 0.000000 1.000000 0.000000
0.995829 -0.091245 0.000000 907.377643 0.091245 0.995829 0.000000 105.216098 0.000000 0.000000 1.000000 0.000000
0.994878 -0.101087 0.000000 911.107755 0.101087 0.994878 0.000000 105.579370 0.000000 0.000000 1.000000 0.000000
0.995086 -0.099011 0.000000 914.770037 0.099011 0.995086 0.000000 106.029127 0.000000 0.000000 1.000000 0.000000
0.994969 -0.100184 0.000000 918.403012 0.100184 0.994969 0.000000 106.361628 0.000000 0.000000 1.000000 0.000000
0.995228 -0.097576 0.000000 922.091670 0.097576 0.995228 0.000000 106.782385 0.000000 0.000000 1.000000 0.000000
0.994420 -0.105490 0.000000 925.751530 0.105490 0.994420 0.000000 107.040441 0.000000 0.000000 1.000000 0.000000
0.995636 -0.093321 0.000000 929.461229 0.093321 0.995636 0.000000 107.443238 0.000000 0.000000 1.000000 0.000000
0.994918 -0.100691 0.000000 933.127271 0.100691 0.994918 0.000000 107.727854 0.000000 0.000000 1.000000 0.000000
0.994324 -0.106398 0.000000 936.805792 0.106398 0.994324 0.000000 108.164197 0.000000 0.000000 1.000000 0.000000
0.992338 -0.123555 0.000000 940.421051 0.123555 0.992338 0.000000 108.647154 0.000000 0.000000 1.000000 0.000000
0.994426 -0.105435 0.000000 944.078178 0.105435 0.994426 0.000000 109.032333 0.000000 0.000000 1.000000 0.000000
0.992649 -0.121027 0.000000 947.802967 0.121027 0.992649 0.000000 109.474391 0.000000 0.000000 1.000000 0.000000
0.993992 -0.109452 0.000000 951.348151 0.109452 0.993992 0.000000 109.870565 0.000000 0.000000 1.000000 0.000000
0.995763 -0.091955 0.000000 955.012954 0.091955 0.995763 0.000000 110.204879 0.000000 0.000000 1.000000 0.000000
0.992304 -0.123824 0.000000 958.635742 0.123824 0.992304 0.000000 110.665874 0.000000 0.000000 1.000000 0.000000
0.992670 -0.120857 0.000000 962.296806 0.120857 0.992670 0.000000 111.092481 0.000000 0.000000 1.000000 0.000000
0.995937 -0.090058 0.000000 965.982384 0.090058 0.995937 0.000000 111.479736 0.000000 0.000000 1.000000 0.000000
0.996734 -0.080755 0.000000 969.622295 0.080755 0.996734 0.000000 111.758255 0.000000 0.000000 1.000000 0.000000
0.997064 -0.076578 0.000000 973.285693 0.076578 0.997064 0.000000 112.075808 0.000000 0.000000 1.000000 0.000000
0.996942 -0.078141 0.000000 976.944226 0.078141 0.996942 0.000000 112.384517 0.000000 0.000000 1.000000 0.000000
0.998131 -0.061107 0.000000 980.546972 0.061107 0.998131 0.000000 112.651109 0.000000 0.000000 1.000000 0.000000
0.998233 -0.059425 0.000000 984.205037 0.059425 0.998233 0.000000 112.811563 0.000000 0.000000 1.000000 0.000000
0.997802 -0.066269 0.000000 987.887814 0.066269 0.997802 0.000000 113.119276 0.000000 0.000000 1.000000 0.000000
0.998800 -0.048976 0.000000 991.570613 0.048976 0.998800 0.000000 113.363919 0.000000 0.000000 1.000000 0.000000
0.999461 -0.032834 0.000000 995.169743 0.032834 0.999461 0.000000 113.462718 0.000000 0.000000 1.000000 0.000000
0.999694 -0.024747 0.000000 998.868221 0.024747 0.999694 0.000000 113.581311 0.000000 0.000000 1.000000 0.000000
0.999802 -0.019880 0.000000 1002.490191 0.019880 0.999802 0.000000 113.690197 0.000000 0.000000 1.000000 0.000000
0.999851 -0.017261 0.000000 1006.147685 0.017261 0.999851 0.000000 113.713590 0.000000 0.000000 1.000000 0.000000
0.999862 -0.016593 0.000000 1009.832926 0.016593 0.999862 0.000000 113.793412 0.000000 0.000000 1.000000 0.000000
0.999868 -0.016278 0.000000 1013.416963 0.016278 0.999868 0.000000 113.847725 0.000000 0.000000 1.000000 0.000000
0.999703 -0.024377 0.000000 1017.070435 0.024377 0.999703 0.000000 114.011281 0.000000 0.000000 1.000000 0.000000
0.999851 -0.017274 0.000000 1020.733661 0.017274 0.999851 0.000000 114.040770 0.000000 0.000000 1.000000 0.000000
0.999974 -0.007251 0.000000 1024.384270 0.007251 0.999974 0.000000 114.107320 0.000000 0.000000 1.000000 0.000000
0.999980 -0.006281 0.000000 1028.031860 0.006281 0.999980 0.000000 114.144034 0.000000 0.000000 1.000000 0.000000
0.999994 -0.003455 0.000000 1031.660148 0.003455 0.999994 0.000000 114.129318 0.000000 0.000000 1.000000 0.000000
1.000000 0.000364 0.000000 1035.293003 -0.000364 1.000000 -0.000000 114.157658 -0.000000 0.000000 1.000000 0.000000
0.999997 -0.002265 0.000000 1038.954600 0.002265 0.999997 0.000000 114.163375 0.000000 0.000000 1.000000 0.000000
0.999988 -0.004934 0.000000 1042.586283 0.004934 0.999988 0.000000 114.206169 0.000000 0.000000 1.000000 0.000000
0.999980 0.006263 0.000000 1046.206739 -0.006263 0.999980 -0.000000 114.187280 -0.000000 0.000000 1.000000 0.000000
0.999975 -0.007030 0.000000 1049.837645 0.007030 0.999975 0.000000 114.181464 0.000000 0.000000 1.000000 0.000000
0.999935 -0.011397 0.000000 1053.399874 0.011397 0.999935 0.000000 114.234126 0.000000 0.000000 1.000000 0.000000
0.999977 -0.006825 0.000000 1057.084365 0.006825 0.999977 0.000000 114.292652 0.000000 0.000000 1.000000 0.000000
0.999904 -0.013892 0.000000 1060.625419 0.013892 0.999904 0.000000 114.349368 0.000000 0.000000 1.000000 0.000000
0.999997 0.002639 0.000000 1064.303568 -0.002639 0.999997 -0.000000 114.355053 -0.000000 0.000000 1.000000 0.000000
0.999996 -0.002984 0.000000 1067.878248 0.002984 0.999996 0.000000 114.336854 0.000000 0.000000 1.000000 0.000000
1.000000 0.000218 0.000000 1071.492231 -0.000218 1.000000 -0.000000 114.371067 -0.000000 0.000000 1.000000 0.000000
0.999766 0.021617 0.000000 1075.124046 -0.021617 0.999766 -0.000000 114.326494 -0.000000 0.000000 1.000000 0.000000
0.999678 0.025363 0.000000 1078.716434 -0.025363 0.999678 -0.000000 114.256680 -0.000000 0.000000 1.000000 0.000000
0.999925 0.012220 0.000000 1082.339163 -0.012220 0.999925 -0.000000 114.228298 -0.000000 0.000000 1.000000 0.000000
0.999948 0.010245 0.000000 1085.932192 -0.010245 0.999948 -0.000000 114.183201 -0.000000 0.000000 1.000000 0.000000
0.999993 0.003720 0.000000 1089.532139 -0.003720 0.999993 -0.000000 114.201242 -0.000000 0.000000 1.000000 0.000000
0.999940 0.010970 0.000000 1093.111867 -0.010970 0.999940 -0.000000 114.219740 -0.000000 0.000000 1.000000 0.000000
0.999922 0.012487 0.000000 1096.697093 -0.012487 0.999922 -0.000000 114.118962 -0.000000 0.000000 1.000000 0.000000
0.999865 0.016420 0.000000 1100.306630 -0.016420 0.999865 -0.000000 114.092141 -0.000000 0.000000 1.000000 0.000000
0.999978 0.006623 0.000000 1103.921574 -0.006623 0.999978 -0.000000 114.057141 -0.000000 0.000000 1.000000 0.000000
0.999982 0.005926 0.000000 1107.527174 -0.005926 0.999982 -0.000000 114.069664 -0.000000 0.000000 1.000000 0.000000
0.999992 0.003901 0.000000 1111.090463 -0.003901 0.999992 -0.000000 114.070605 -0.000000 0.000000 1.000000 0.000000
0.999970 0.007715 0.000000 1114.685977 -0.007715 0.999970 -0.000000 114.071674 -0.000000 0.000000 1.000000 0.000000
0.999886 0.015112 0.000000 1118.294318 -0.015112 0.999886 -0.000000 114.033206 -0.000000 0.000000 1.000000 0.000000
0.999999 0.001144 0.000000 1121.849164 -0.001144 0.999999 -0.000000 114.038818 -0.000000 0.000000 1.000000 0.000000
0.999999 -0.001373 0.000000 1125.380395 0.001373 0.999999 0.000000 113.993696 0.000000 0.000000 1.000000 0.000000
0.999982 -0.005931 0.000000 1129.014510 0.005931 0.999982 0.000000 114.039882 0.000000 0.000000 1.000000 0.000000
0.999996 -0.002853 0.000000 1132.584309 0.002853 0.999996 0.000000 114.044915 0.000000 0.000000 1.000000 0.000000
0.999966 0.008296 0.000000 1136.117219 -0.008296 0.999966 -0.000000 114.017964 -0.000000 0.000000 1.000000 0.000000
0.999580 0.028964 0.000000 1139.667423 -0.028964 0.999580 -0.000000 113.923843 -0.000000 0.000000 1.000000 0.000000
0.999957 0.009274 0.000000 1143.236302 -0.009274 0.999957 -0.000000 113.905555 -0.000000 0.000000 1.000000 0.000000
0.999516 0.031093 0.000000 1146.823774 -0.031093 0.999516 -0.000000 113.837348 -0.000000 0.000000 1.000000 0.000000
0.999424 0.033928 0.000000 1150.352121 -0.033928 0.999424 -0.000000 113.671128 -0.000000 0.000000 1.000000 0.000000
0.999341 0.036312 0.000000 1153.886889 -0.036312 0.999341 -0.000000 113.591815 -0.000000 0.000000 1.000000 0.000000
0.999696 0.024666 0.000000 1157.396880 -0.024666 0.999696 -0.000000 113.532181 -0.000000 0.000000 1.000000 0.000000
0.999916 0.012982 0.000000 1160.972557 -0.012982 0.999916 -0.000000 113.467815 -0.000000 0.000000 1.000000 0.000000
0.999623 0.027446 0.000000 1164.462836 -0.027446 0.999623 -0.000000 113.364634 -0.000000 0.000000 1.000000 0.000000
0.999973 0.007317 0.000000 1168.008671 -0.007317 0.999973 -0.000000 113.347532 -0.000000 0.000000 1.000000 0.000000
0.999346 0.036154 0.000000 1171.576095 -0.036154 0.999346 -0.000000 113.190182 -0.000000 0.000000 1.000000 0.000000
0.999757 0.022049 0.000000 1175.128599 -0.022049 0.999757 -0.000000 113.157373 -0.000000 0.000000 1.000000 0.000000
0.999996 -0.002941 0.000000 1178.648967 0.002941 0.999996 0.000000 113.167945 0.000000 0.000000 1.000000 0.000000
0.999741 0.022753 0.000000 1182.180829 -0.022753 0.999741 -0.000000 113.099519 -0.000000 0.000000 1.000000 0.000000
1.000000 -0.000245 0.000000 1185.722389 0.000245 1.000000 0.000000 113.113183 0.000000 0.000000 1.000000 0.000000
0.999998 0.001980 0.000000 1189.203831 -0.001980 0.999998 -0.000000 113.123632 -0.000000 0.000000 1.000000 0.000000
0.999884 0.015255 0.000000 1192.768516 -0.015255 0.999884 -0.000000 113.080252 -0.000000 0.000000 1.000000 0.000000
0.999715 0.023888 0.000000 1196.249764 -0.023888 0.999715 -0.000000 113.027776 -0.000000 0.000000 1.000000 0.000000
0.999984 0.005726 0.000000 1199.808473 -0.005726 0.999984 -0.000000 113.056630 -0.000000 0.000000 1.000000 0.000000
