0.999942 0.010759 0.000000 -4.944563 -0.010759 0.999942 -0.000000 1.333704 -0.000000 0.000000 1.000000 0.000000 1547820889039724000

0.998742 -0.050148 0.000000 -3.317745 0.050148 0.998742 0.000000 1.439246 0.000000 0.000000 1.000000 0.000000 1547820939752470000

0.995743 -0.092171 0.000000 -1.682925 0.092171 0.995743 0.000000 1.566969 0.000000 0.000000 1.000000 0.000000 1547820940501358000

0.993925 -0.110062 0.000000 -0.179174 0.110062 0.993925 0.000000 1.767851 0.000000 0.000000 1.000000 0.000000 1547820941007080000

0.993529 -0.113577 0.000000 1.594989 0.113577 0.993529 0.000000 1.966286 0.000000 0.000000 1.000000 0.000000 1547820941511941000

0.993584 -0.113095 0.000000 3.663390 0.113095 0.993584 0.000000 2.219011 0.000000 0.000000 1.000000 0.000000 1547820942011393000

0.993854 -0.110699 0.000000 5.947114 0.110699 0.993854 0.000000 2.458302 0.000000 0.000000 1.000000 0.000000 1547820942507873000

0.994734 -0.102490 0.000000 8.398524 0.102490 0.994734 0.000000 2.726574 0.000000 0.000000 1.000000 0.000000 1547820943004857000

0.995445 -0.095342 0.000000 10.900911 0.095342 0.995445 0.000000 2.895055 0.000000 0.000000 1.000000 0.000000 1547820943505223000

0.996297 -0.085981 0.000000 13.518300 0.085981 0.996297 0.000000 3.126666 0.000000 0.000000 1.000000 0.000000 1547820944006012000

0.997353 -0.072707 0.000000 16.212409 0.072707 0.997353 0.000000 3.342231 0.000000 0.000000 1.000000 0.000000 1547820944504647000

0.998346 -0.057493 0.000000 18.949252 0.057493 0.998346 0.000000 3.469282 0.000000 0.000000 1.000000 0.000000 1547820945002952000

0.998622 -0.052478 0.000000 21.666005 0.052478 0.998622 0.000000 3.554746 0.000000 0.000000 1.000000 0.000000 1547820945499475000

0.998840 -0.048154 0.000000 24.533616 0.048154 0.998840 0.000000 3.711171 0.000000 0.000000 1.000000 0.000000 1547820945995219000

0.998849 -0.047970 0.000000 26.039686 0.047970 0.998849 0.000000 3.745399 0.000000 0.000000 1.000000 0.000000 1547820946242839000

0.998914 -0.046590 0.000000 27.597596 0.046590 0.998914 0.000000 3.847403 0.000000 0.000000 1.000000 0.000000 1547820946491533000

0.998939 -0.046054 0.000000 29.241815 0.046054 0.998939 0.000000 3.910372 0.000000 0.000000 1.000000 0.000000 1547820946741455000

0.999000 -0.044705 0.000000 30.934083 0.044705 0.999000 0.000000 3.966311 0.000000 0.000000 1.000000 0.000000 1547820946991027000

0.999073 -0.043054 0.000000 32.588440 0.043054 0.999073 0.000000 4.060057 0.000000 0.000000 1.000000 0.000000 1547820947240890000

0.999115 -0.042068 0.000000 34.406123 0.042068 0.999115 0.000000 4.123334 0.000000 0.000000 1.000000 0.000000 1547820947491714000

0.999406 -0.034463 0.000000 36.288149 0.034463 0.999406 0.000000 4.179488 0.000000 0.000000 1.000000 0.000000 1547820947743412000

0.999512 -0.031243 0.000000 38.129800 0.031243 0.999512 0.000000 4.169308 0.000000 0.000000 1.000000 0.000000 1547820947994910000

0.999643 -0.026727 0.000000 40.006610 0.026727 0.999643 0.000000 4.254508 0.000000 0.000000 1.000000 0.000000 1547820948246254000

0.999734 -0.023077 0.000000 41.964935 0.023077 0.999734 0.000000 4.295518 0.000000 0.000000 1.000000 0.000000 1547820948497349000

0.999858 -0.016845 0.000000 43.886116 0.016845 0.999858 0.000000 4.327746 0.000000 0.000000 1.000000 0.000000 1547820948748169000

0.999939 -0.011088 0.000000 45.885300 0.011088 0.999939 0.000000 4.312118 0.000000 0.000000 1.000000 0.000000 1547820948999212000

0.999986 -0.005336 0.000000 47.874307 0.005336 0.999986 0.000000 4.269173 0.000000 0.000000 1.000000 0.000000 1547820949250771000

0.999995 0.003284 0.000000 49.931987 -0.003284 0.999995 -0.000000 4.293227 -0.000000 0.000000 1.000000 0.000000 1547820949503725000

0.999895 0.014512 0.000000 51.943932 -0.014512 0.999895 -0.000000 4.287235 -0.000000 0.000000 1.000000 0.000000 1547820949757505000

0.999675 0.025500 0.000000 53.925213 -0.025500 0.999675 -0.000000 4.203355 -0.000000 0.000000 1.000000 0.000000 1547820950009721000

0.999480 0.032237 0.000000 55.956999 -0.032237 0.999480 -0.000000 4.104448 -0.000000 0.000000 1.000000 0.000000 1547820950260174000

0.999506 0.031434 0.000000 57.943029 -0.031434 0.999506 -0.000000 4.016823 -0.000000 0.000000 1.000000 0.000000 1547820950508373000

0.999742 0.022731 0.000000 59.931480 -0.022731 0.999742 -0.000000 3.916561 -0.000000 0.000000 1.000000 0.000000 1547820950755254000

0.999964 0.008439 0.000000 61.910295 -0.008439 0.999964 -0.000000 3.956412 -0.000000 0.000000 1.000000 0.000000 1547820951002070000

0.999994 -0.003526 0.000000 63.922288 0.003526 0.999994 0.000000 3.958042 0.000000 0.000000 1.000000 0.000000 1547820951248627000

0.999901 -0.014070 0.000000 66.015459 0.014070 0.999901 0.000000 4.009602 0.000000 0.000000 1.000000 0.000000 1547820951496269000

0.999712 -0.024005 0.000000 68.083967 0.024005 0.999712 0.000000 4.051797 0.000000 0.000000 1.000000 0.000000 1547820951745695000

0.999441 -0.033428 0.000000 70.164599 0.033428 0.999441 0.000000 4.111819 0.000000 0.000000 1.000000 0.000000 1547820951995970000

0.998978 -0.045188 0.000000 72.292798 0.045188 0.998978 0.000000 4.185754 0.000000 0.000000 1.000000 0.000000 1547820952247071000

0.998483 -0.055063 0.000000 74.413078 0.055063 0.998483 0.000000 4.244903 0.000000 0.000000 1.000000 0.000000 1547820952497121000

0.998294 -0.058383 0.000000 76.517426 0.058383 0.998294 0.000000 4.390832 0.000000 0.000000 1.000000 0.000000 1547820952746211000

0.998238 -0.059335 0.000000 78.699691 0.059335 0.998238 0.000000 4.543418 0.000000 0.000000 1.000000 0.000000 1547820952996165000

0.998328 -0.057803 0.000000 80.934266 0.057803 0.998328 0.000000 4.642565 0.000000 0.000000 1.000000 0.000000 1547820953246699000

0.998303 -0.058235 0.000000 83.134162 0.058235 0.998303 0.000000 4.726643 0.000000 0.000000 1.000000 0.000000 1547820953497991000

0.998332 -0.057733 0.000000 85.312269 0.057733 0.998332 0.000000 4.833532 0.000000 0.000000 1.000000 0.000000 1547820953749588000

0.998365 -0.057159 0.000000 87.547217 0.057159 0.998365 0.000000 4.959842 0.000000 0.000000 1.000000 0.000000 1547820954001121000

0.998462 -0.055434 0.000000 89.841074 0.055434 0.998462 0.000000 5.069508 0.000000 0.000000 1.000000 0.000000 1547820954252720000

0.998645 -0.052046 0.000000 92.097360 0.052046 0.998645 0.000000 5.200229 0.000000 0.000000 1.000000 0.000000 1547820954504539000

0.998896 -0.046980 0.000000 94.325750 0.046980 0.998896 0.000000 5.252285 0.000000 0.000000 1.000000 0.000000 1547820954755618000

0.999055 -0.043469 0.000000 96.628057 0.043469 0.999055 0.000000 5.396785 0.000000 0.000000 1.000000 0.000000 1547820955006846000

0.999212 -0.039683 0.000000 98.978651 0.039683 0.999212 0.000000 5.456264 0.000000 0.000000 1.000000 0.000000 1547820955258641000

0.999349 -0.036070 0.000000 101.277206 0.036070 0.999349 0.000000 5.540266 0.000000 0.000000 1.000000 0.000000 1547820955510540000

0.999501 -0.031575 0.000000 103.679703 0.031575 0.999501 0.000000 5.615398 0.000000 0.000000 1.000000 0.000000 1547820955762650000

0.999591 -0.028587 0.000000 106.128261 0.028587 0.999591 0.000000 5.660763 0.000000 0.000000 1.000000 0.000000 1547820956016056000

0.999562 -0.029604 0.000000 108.561050 0.029604 0.999562 0.000000 5.724002 0.000000 0.000000 1.000000 0.000000 1547820956269148000

0.999584 -0.028851 0.000000 110.953361 0.028851 0.999584 0.000000 5.771385 0.000000 0.000000 1.000000 0.000000 1547820956519540000

0.999573 -0.029234 0.000000 113.356749 0.029234 0.999573 0.000000 5.828060 0.000000 0.000000 1.000000 0.000000 1547820956767543000

0.999516 -0.031111 0.000000 115.836303 0.031111 0.999516 0.000000 5.924005 0.000000 0.000000 1.000000 0.000000 1547820957015081000

0.999499 -0.031642 0.000000 118.289072 0.031642 0.999499 0.000000 5.959282 0.000000 0.000000 1.000000 0.000000 1547820957262315000

0.999502 -0.031552 0.000000 120.650005 0.031552 0.999502 0.000000 6.060893 0.000000 0.000000 1.000000 0.000000 1547820957509607000

0.999479 -0.032289 0.000000 123.223853 0.032289 0.999479 0.000000 6.103606 0.000000 0.000000 1.000000 0.000000 1547820957757729000

0.999513 -0.031195 0.000000 125.681728 0.031195 0.999513 0.000000 6.218056 0.000000 0.000000 1.000000 0.000000 1547820958006973000

0.999515 -0.031138 0.000000 128.189590 0.031138 0.999515 0.000000 6.323025 0.000000 0.000000 1.000000 0.000000 1547820958257647000

0.999468 -0.032614 0.000000 130.736470 0.032614 0.999468 0.000000 6.380408 0.000000 0.000000 1.000000 0.000000 1547820958508389000

0.999493 -0.031855 0.000000 133.259069 0.031855 0.999493 0.000000 6.482392 0.000000 0.000000 1.000000 0.000000 1547820958759351000

0.999470 -0.032564 0.000000 135.831607 0.032564 0.999470 0.000000 6.501446 0.000000 0.000000 1.000000 0.000000 1547820959009893000

0.999470 -0.032566 0.000000 138.306542 0.032566 0.999470 0.000000 6.579543 0.000000 0.000000 1.000000 0.000000 1547820959260015000

0.999399 -0.034661 0.000000 140.880589 0.034661 0.999399 0.000000 6.647709 0.000000 0.000000 1.000000 0.000000 1547820959510286000

0.999356 -0.035892 0.000000 143.461885 0.035892 0.999356 0.000000 6.763476 0.000000 0.000000 1.000000 0.000000 1547820959760494000

0.999350 -0.036048 0.000000 145.950494 0.036048 0.999350 0.000000 6.799319 0.000000 0.000000 1.000000 0.000000 1547820960010416000

0.999292 -0.037616 0.000000 148.428844 0.037616 0.999292 0.000000 6.908969 0.000000 0.000000 1.000000 0.000000 1547820960261598000

0.999268 -0.038265 0.000000 150.901396 0.038265 0.999268 0.000000 6.980789 0.000000 0.000000 1.000000 0.000000 1547820960513967000

0.999234 -0.039128 0.000000 153.315501 0.039128 0.999234 0.000000 7.073946 0.000000 0.000000 1.000000 0.000000 1547820960765841000

0.999192 -0.040196 0.000000 155.758823 0.040196 0.999192 0.000000 7.177018 0.000000 0.000000 1.000000 0.000000 1547820961017359000

0.999211 -0.039717 0.000000 158.147487 0.039717 0.999211 0.000000 7.260971 0.000000 0.000000 1.000000 0.000000 1547820961268537000

0.999166 -0.040826 0.000000 160.430427 0.040826 0.999166 0.000000 7.324717 0.000000 0.000000 1.000000 0.000000 1547820961519764000

0.999136 -0.041557 0.000000 162.728608 0.041557 0.999136 0.000000 7.425376 0.000000 0.000000 1.000000 0.000000 1547820961771425000

0.999093 -0.042581 0.000000 165.042532 0.042581 0.999093 0.000000 7.506020 0.000000 0.000000 1.000000 0.000000 1547820962022885000

0.999054 -0.043491 0.000000 167.328846 0.043491 0.999054 0.000000 7.612454 0.000000 0.000000 1.000000 0.000000 1547820962274092000

0.998980 -0.045160 0.000000 169.556254 0.045160 0.998980 0.000000 7.765069 0.000000 0.000000 1.000000 0.000000 1547820962524959000

0.998815 -0.048663 0.000000 171.724700 0.048663 0.998815 0.000000 7.853455 0.000000 0.000000 1.000000 0.000000 1547820962776097000

0.998770 -0.049580 0.000000 173.926828 0.049580 0.998770 0.000000 7.952077 0.000000 0.000000 1.000000 0.000000 1547820963027594000

0.998656 -0.051833 0.000000 176.054060 0.051833 0.998656 0.000000 8.040903 0.000000 0.000000 1.000000 0.000000 1547820963278976000

0.998542 -0.053980 0.000000 178.200429 0.053980 0.998542 0.000000 8.192206 0.000000 0.000000 1.000000 0.000000 1547820963531446000

0.998378 -0.056931 0.000000 180.348423 0.056931 0.998378 0.000000 8.349391 0.000000 0.000000 1.000000 0.000000 1547820963785125000

0.998281 -0.058602 0.000000 182.456976 0.058602 0.998281 0.000000 8.470896 0.000000 0.000000 1.000000 0.000000 1547820964037846000

0.998151 -0.060778 0.000000 184.432015 0.060778 0.998151 0.000000 8.561277 0.000000 0.000000 1.000000 0.000000 1547820964287988000

0.997912 -0.064583 0.000000 186.452804 0.064583 0.997912 0.000000 8.686571 0.000000 0.000000 1.000000 0.000000 1547820964536256000

0.997564 -0.069756 0.000000 188.441524 0.069756 0.997564 0.000000 8.777231 0.000000 0.000000 1.000000 0.000000 1547820964784060000

0.997037 -0.076926 0.000000 190.345778 0.076926 0.997037 0.000000 8.942062 0.000000 0.000000 1.000000 0.000000 1547820965031668000

0.996252 -0.086497 0.000000 192.198888 0.086497 0.996252 0.000000 9.081063 0.000000 0.000000 1.000000 0.000000 1547820965278727000

0.995342 -0.096407 0.000000 194.055205 0.096407 0.995342 0.000000 9.242974 0.000000 0.000000 1.000000 0.000000 1547820965526557000

0.994226 -0.107307 0.000000 195.839741 0.107307 0.994226 0.000000 9.415324 0.000000 0.000000 1.000000 0.000000 1547820965775640000

0.993366 -0.114998 0.000000 197.634010 0.114998 0.993366 0.000000 9.609157 0.000000 0.000000 1.000000 0.000000 1547820966026015000

0.992583 -0.121568 0.000000 199.373078 0.121568 0.992583 0.000000 9.866046 0.000000 0.000000 1.000000 0.000000 1547820966276803000

0.992190 -0.124732 0.000000 201.067409 0.124732 0.992190 0.000000 10.020933 0.000000 0.000000 1.000000 0.000000 1547820966527025000

0.991860 -0.127331 0.000000 202.730963 0.127331 0.991860 0.000000 10.270777 0.000000 0.000000 1.000000 0.000000 1547820966776998000

0.991366 -0.131122 0.000000 204.437159 0.131122 0.991366 0.000000 10.532409 0.000000 0.000000 1.000000 0.000000 1547820967027446000

0.991306 -0.131577 0.000000 206.072048 0.131577 0.991306 0.000000 10.741765 0.000000 0.000000 1.000000 0.000000 1547820967277890000

0.990954 -0.134202 0.000000 207.691151 0.134202 0.990954 0.000000 10.942918 0.000000 0.000000 1.000000 0.000000 1547820967527678000

0.990554 -0.137121 0.000000 209.340014 0.137121 0.990554 0.000000 11.228533 0.000000 0.000000 1.000000 0.000000 1547820967778283000

0.990056 -0.140676 0.000000 210.974226 0.140676 0.990056 0.000000 11.465254 0.000000 0.000000 1.000000 0.000000 1547820968030538000

0.989680 -0.143298 0.000000 212.649093 0.143298 0.989680 0.000000 11.707072 0.000000 0.000000 1.000000 0.000000 1547820968283018000

0.989210 -0.146501 0.000000 214.211755 0.146501 0.989210 0.000000 11.894128 0.000000 0.000000 1.000000 0.000000 1547820968534959000

0.988351 -0.152189 0.000000 215.786642 0.152189 0.988351 0.000000 12.118021 0.000000 0.000000 1.000000 0.000000 1547820968786053000

0.987715 -0.156265 0.000000 217.313640 0.156265 0.987715 0.000000 12.374384 0.000000 0.000000 1.000000 0.000000 1547820969036366000

0.987730 -0.156170 0.000000 218.781251 0.156170 0.987730 0.000000 12.694731 0.000000 0.000000 1.000000 0.000000 1547820969286652000

0.988145 -0.153526 0.000000 221.657762 0.153526 0.988145 0.000000 13.071298 0.000000 0.000000 1.000000 0.000000 1547820969786535000

0.988476 -0.151376 0.000000 224.328254 0.151376 0.988476 0.000000 13.552158 0.000000 0.000000 1.000000 0.000000 1547820970288225000

0.988238 -0.152924 0.000000 226.957567 0.152924 0.988238 0.000000 13.927740 0.000000 0.000000 1.000000 0.000000 1547820970793181000

0.988160 -0.153426 0.000000 229.425631 0.153426 0.988160 0.000000 14.289718 0.000000 0.000000 1.000000 0.000000 1547820971295046000

0.987491 -0.157677 0.000000 231.874410 0.157677 0.987491 0.000000 14.628019 0.000000 0.000000 1.000000 0.000000 1547820971793653000

0.986445 -0.164093 0.000000 234.203000 0.164093 0.986445 0.000000 15.129897 0.000000 0.000000 1.000000 0.000000 1547820972290585000

0.987378 -0.158380 0.000000 236.452174 0.158380 0.987378 0.000000 15.380644 0.000000 0.000000 1.000000 0.000000 1547820972787153000

0.988589 -0.150636 0.000000 238.789741 0.150636 0.988589 0.000000 15.789968 0.000000 0.000000 1.000000 0.000000 1547820973284197000

0.989766 -0.142700 0.000000 241.417797 0.142700 0.989766 0.000000 16.159744 0.000000 0.000000 1.000000 0.000000 1547820973781459000

0.990378 -0.138390 0.000000 244.146744 0.138390 0.990378 0.000000 16.514697 0.000000 0.000000 1.000000 0.000000 1547820974279773000

0.989741 -0.142875 0.000000 247.119557 0.142875 0.989741 0.000000 16.914798 0.000000 0.000000 1.000000 0.000000 1547820974780749000

0.989214 -0.146478 0.000000 248.664506 0.146478 0.989214 0.000000 17.139988 0.000000 0.000000 1.000000 0.000000 1547820975031266000

0.988331 -0.152322 0.000000 250.226570 0.152322 0.988331 0.000000 17.331234 0.000000 0.000000 1.000000 0.000000 1547820975281380000

0.988046 -0.154160 0.000000 251.833167 0.154160 0.988046 0.000000 17.628238 0.000000 0.000000 1.000000 0.000000 1547820975531368000

0.987820 -0.155604 0.000000 253.544513 0.155604 0.987820 0.000000 17.872573 0.000000 0.000000 1.000000 0.000000 1547820975781349000

0.987845 -0.155444 0.000000 255.213242 0.155444 0.987845 0.000000 18.110462 0.000000 0.000000 1.000000 0.000000 1547820976031559000

0.987944 -0.154814 0.000000 256.959324 0.154814 0.987944 0.000000 18.403761 0.000000 0.000000 1.000000 0.000000 1547820976281946000

0.988164 -0.153399 0.000000 258.720360 0.153399 0.988164 0.000000 18.629624 0.000000 0.000000 1.000000 0.000000 1547820976531997000

0.988544 -0.150933 0.000000 260.447359 0.150933 0.988544 0.000000 18.955902 0.000000 0.000000 1.000000 0.000000 1547820976781873000

0.988814 -0.149157 0.000000 262.241757 0.149157 0.988814 0.000000 19.152373 0.000000 0.000000 1.000000 0.000000 1547820977033026000

0.989402 -0.145205 0.000000 264.062141 0.145205 0.989402 0.000000 19.434031 0.000000 0.000000 1.000000 0.000000 1547820977284989000

0.989745 -0.142844 0.000000 265.956790 0.142844 0.989745 0.000000 19.685636 0.000000 0.000000 1.000000 0.000000 1547820977537018000

0.989953 -0.141396 0.000000 267.810561 0.141396 0.989953 0.000000 19.996606 0.000000 0.000000 1.000000 0.000000 1547820977788685000

0.990273 -0.139142 0.000000 269.665845 0.139142 0.990273 0.000000 20.211323 0.000000 0.000000 1.000000 0.000000 1547820978039736000

0.991259 -0.131932 0.000000 271.572827 0.131932 0.991259 0.000000 20.485279 0.000000 0.000000 1.000000 0.000000 1547820978289705000

0.992140 -0.125130 0.000000 273.441048 0.125130 0.992140 0.000000 20.685809 0.000000 0.000000 1.000000 0.000000 1547820978538738000

0.992691 -0.120682 0.000000 275.458058 0.120682 0.992691 0.000000 20.945715 0.000000 0.000000 1.000000 0.000000 1547820978787728000

0.993380 -0.114876 0.000000 277.357475 0.114876 0.993380 0.000000 21.147118 0.000000 0.000000 1.000000 0.000000 1547820979036043000

0.993905 -0.110243 0.000000 279.253693 0.110243 0.993905 0.000000 21.344068 0.000000 0.000000 1.000000 0.000000 1547820979284298000

0.994666 -0.103146 0.000000 281.257765 0.103146 0.994666 0.000000 21.556709 0.000000 0.000000 1.000000 0.000000 1547820979532505000

0.995077 -0.099104 0.000000 283.166707 0.099104 0.995077 0.000000 21.741905 0.000000 0.000000 1.000000 0.000000 1547820979780654000

0.995632 -0.093360 0.000000 285.142573 0.093360 0.995632 0.000000 21.902821 0.000000 0.000000 1.000000 0.000000 1547820980028752000

0.995981 -0.089567 0.000000 287.161729 0.089567 0.995981 0.000000 22.057588 0.000000 0.000000 1.000000 0.000000 1547820980276948000

0.996051 -0.088782 0.000000 289.128624 0.088782 0.996051 0.000000 22.246674 0.000000 0.000000 1.000000 0.000000 1547820980525393000

0.996145 -0.087720 0.000000 291.135762 0.087720 0.996145 0.000000 22.401137 0.000000 0.000000 1.000000 0.000000 1547820980773852000

0.996373 -0.085093 0.000000 293.142696 0.085093 0.996373 0.000000 22.519509 0.000000 0.000000 1.000000 0.000000 1547820981022540000

0.996443 -0.084269 0.000000 295.117772 0.084269 0.996443 0.000000 22.677816 0.000000 0.000000 1.000000 0.000000 1547820981272414000

0.996579 -0.082648 0.000000 297.049265 0.082648 0.996579 0.000000 22.844882 0.000000 0.000000 1.000000 0.000000 1547820981522665000

0.996674 -0.081490 0.000000 299.009866 0.081490 0.996674 0.000000 22.984348 0.000000 0.000000 1.000000 0.000000 1547820981772921000

0.996780 -0.080187 0.000000 300.940360 0.080187 0.996780 0.000000 23.128011 0.000000 0.000000 1.000000 0.000000 1547820982023014000

0.997009 -0.077292 0.000000 302.835798 0.077292 0.997009 0.000000 23.279861 0.000000 0.000000 1.000000 0.000000 1547820982273032000

0.997049 -0.076765 0.000000 304.612149 0.076765 0.997049 0.000000 23.382872 0.000000 0.000000 1.000000 0.000000 1547820982522726000

0.997230 -0.074383 0.000000 306.441585 0.074383 0.997230 0.000000 23.533916 0.000000 0.000000 1.000000 0.000000 1547820982771931000

0.997340 -0.072892 0.000000 308.199603 0.072892 0.997340 0.000000 23.632317 0.000000 0.000000 1.000000 0.000000 1547820983021589000

0.997478 -0.070974 0.000000 309.944727 0.070974 0.997478 0.000000 23.786019 0.000000 0.000000 1.000000 0.000000 1547820983271059000

0.997464 -0.071172 0.000000 311.665633 0.071172 0.997464 0.000000 23.886676 0.000000 0.000000 1.000000 0.000000 1547820983520996000

0.997414 -0.071872 0.000000 313.451949 0.071872 0.997414 0.000000 24.009113 0.000000 0.000000 1.000000 0.000000 1547820983771231000

0.997504 -0.070603 0.000000 315.234940 0.070603 0.997504 0.000000 24.114862 0.000000 0.000000 1.000000 0.000000 1547820984021303000

0.997641 -0.068646 0.000000 317.054180 0.068646 0.997641 0.000000 24.231712 0.000000 0.000000 1.000000 0.000000 1547820984272690000

0.997864 -0.065333 0.000000 318.858899 0.065333 0.997864 0.000000 24.344528 0.000000 0.000000 1.000000 0.000000 1547820984524878000

0.998143 -0.060915 0.000000 320.672404 0.060915 0.998143 0.000000 24.452863 0.000000 0.000000 1.000000 0.000000 1547820984776335000

0.998444 -0.055758 0.000000 322.559602 0.055758 0.998444 0.000000 24.567425 0.000000 0.000000 1.000000 0.000000 1547820985027103000

0.998837 -0.048208 0.000000 324.420949 0.048208 0.998837 0.000000 24.658936 0.000000 0.000000 1.000000 0.000000 1547820985277712000

0.999136 -0.041566 0.000000 326.319250 0.041566 0.999136 0.000000 24.628873 0.000000 0.000000 1.000000 0.000000 1547820985528382000

0.999320 -0.036872 0.000000 328.263048 0.036872 0.999320 0.000000 24.732789 0.000000 0.000000 1.000000 0.000000 1547820985778569000

0.999508 -0.031352 0.000000 330.194089 0.031352 0.999508 0.000000 24.792281 0.000000 0.000000 1.000000 0.000000 1547820986028378000

0.999712 -0.024007 0.000000 332.147817 0.024007 0.999712 0.000000 24.812818 0.000000 0.000000 1.000000 0.000000 1547820986277808000

0.999813 -0.019320 0.000000 334.181719 0.019320 0.999813 0.000000 24.851261 0.000000 0.000000 1.000000 0.000000 1547820986527003000

0.999876 -0.015728 0.000000 336.227016 0.015728 0.999876 0.000000 24.879507 0.000000 0.000000 1.000000 0.000000 1547820986776242000

0.999925 -0.012232 0.000000 338.285302 0.012232 0.999925 0.000000 24.905979 0.000000 0.000000 1.000000 0.000000 1547820987025369000

0.999956 -0.009428 0.000000 340.371693 0.009428 0.999956 0.000000 24.931811 0.000000 0.000000 1.000000 0.000000 1547820987274369000

0.999986 -0.005290 0.000000 342.461579 0.005290 0.999986 0.000000 24.900461 0.000000 0.000000 1.000000 0.000000 1547820987522936000

0.999997 -0.002600 0.000000 344.524957 0.002600 0.999997 0.000000 24.887481 0.000000 0.000000 1.000000 0.000000 1547820987771384000

1.000000 -0.000001 0.000000 346.682331 0.000001 1.000000 0.000000 24.859285 0.000000 0.000000 1.000000 0.000000 1547820988020200000

0.999999 0.001246 0.000000 348.781009 -0.001246 0.999999 -0.000000 24.843851 -0.000000 0.000000 1.000000 0.000000 1547820988270174000

0.999997 0.002384 0.000000 350.893370 -0.002384 0.999997 -0.000000 24.835473 -0.000000 0.000000 1.000000 0.000000 1547820988520525000

0.999997 0.002521 0.000000 353.083636 -0.002521 0.999997 -0.000000 24.862906 -0.000000 0.000000 1.000000 0.000000 1547820988770675000

0.999999 0.001543 0.000000 355.220449 -0.001543 0.999999 -0.000000 24.816857 -0.000000 0.000000 1.000000 0.000000 1547820989020766000

0.999998 0.002003 0.000000 357.427552 -0.002003 0.999998 -0.000000 24.795714 -0.000000 0.000000 1.000000 0.000000 1547820989270987000

0.999995 0.003077 0.000000 359.566990 -0.003077 0.999995 -0.000000 24.770866 -0.000000 0.000000 1.000000 0.000000 1547820989521203000

0.999997 0.002617 0.000000 361.774623 -0.002617 0.999997 -0.000000 24.788767 -0.000000 0.000000 1.000000 0.000000 1547820989770457000

0.999999 0.001553 0.000000 363.911653 -0.001553 0.999999 -0.000000 24.746041 -0.000000 0.000000 1.000000 0.000000 1547820990020035000

1.000000 0.000063 0.000000 366.090433 -0.000063 1.000000 -0.000000 24.777295 -0.000000 0.000000 1.000000 0.000000 1547820990270113000

0.999998 -0.002136 0.000000 368.286950 0.002136 0.999998 0.000000 24.798266 0.000000 0.000000 1.000000 0.000000 1547820990519524000

0.999988 -0.004992 0.000000 370.416322 0.004992 0.999988 0.000000 24.795384 0.000000 0.000000 1.000000 0.000000 1547820990769601000

0.999968 -0.007990 0.000000 372.610581 0.007990 0.999968 0.000000 24.798987 0.000000 0.000000 1.000000 0.000000 1547820991021087000

0.999945 -0.010535 0.000000 374.809042 0.010535 0.999945 0.000000 24.787415 0.000000 0.000000 1.000000 0.000000 1547820991273098000

0.999906 -0.013685 0.000000 377.025050 0.013685 0.999906 0.000000 24.824263 0.000000 0.000000 1.000000 0.000000 1547820991525010000

0.999853 -0.017144 0.000000 379.210930 0.017144 0.999853 0.000000 24.849834 0.000000 0.000000 1.000000 0.000000 1547820991776427000

0.999781 -0.020948 0.000000 381.406487 0.020948 0.999781 0.000000 24.904916 0.000000 0.000000 1.000000 0.000000 1547820992027441000

0.999685 -0.025115 0.000000 383.535055 0.025115 0.999685 0.000000 24.985920 0.000000 0.000000 1.000000 0.000000 1547820992278337000

0.999590 -0.028628 0.000000 385.706667 0.028628 0.999590 0.000000 25.001920 0.000000 0.000000 1.000000 0.000000 1547820992528949000

0.999490 -0.031931 0.000000 387.822644 0.031931 0.999490 0.000000 25.096197 0.000000 0.000000 1.000000 0.000000 1547820992778659000

0.999319 -0.036892 0.000000 389.955131 0.036892 0.999319 0.000000 25.145291 0.000000 0.000000 1.000000 0.000000 1547820993027776000

0.999181 -0.040466 0.000000 392.076719 0.040466 0.999181 0.000000 25.202859 0.000000 0.000000 1.000000 0.000000 1547820993277550000

0.998993 -0.044865 0.000000 394.127293 0.044865 0.998993 0.000000 25.297931 0.000000 0.000000 1.000000 0.000000 1547820993527292000

0.998784 -0.049302 0.000000 396.205213 0.049302 0.998784 0.000000 25.381331 0.000000 0.000000 1.000000 0.000000 1547820993776412000

0.998623 -0.052455 0.000000 398.237989 0.052455 0.998623 0.000000 25.493382 0.000000 0.000000 1.000000 0.000000 1547820994025374000

0.998349 -0.057442 0.000000 400.192472 0.057442 0.998349 0.000000 25.586251 0.000000 0.000000 1.000000 0.000000 1547820994274204000

0.998288 -0.058482 0.000000 402.212794 0.058482 0.998288 0.000000 25.696090 0.000000 0.000000 1.000000 0.000000 1547820994522794000

0.998282 -0.058586 0.000000 404.176786 0.058586 0.998282 0.000000 25.814133 0.000000 0.000000 1.000000 0.000000 1547820994771632000

0.998271 -0.058776 0.000000 406.143000 0.058776 0.998271 0.000000 25.906644 0.000000 0.000000 1.000000 0.000000 1547820995020212000

0.998245 -0.059226 0.000000 408.075577 0.059226 0.998245 0.000000 26.041681 0.000000 0.000000 1.000000 0.000000 1547820995269764000

0.998238 -0.059336 0.000000 410.014533 0.059336 0.998238 0.000000 26.112637 0.000000 0.000000 1.000000 0.000000 1547820995520431000

0.998217 -0.059697 0.000000 411.915636 0.059697 0.998217 0.000000 26.223651 0.000000 0.000000 1.000000 0.000000 1547820995770811000

0.998095 -0.061694 0.000000 413.761516 0.061694 0.998095 0.000000 26.310765 0.000000 0.000000 1.000000 0.000000 1547820996020747000

0.998048 -0.062455 0.000000 415.604685 0.062455 0.998048 0.000000 26.388092 0.000000 0.000000 1.000000 0.000000 1547820996270387000

0.998016 -0.062966 0.000000 417.460008 0.062966 0.998016 0.000000 26.515466 0.000000 0.000000 1.000000 0.000000 1547820996520123000

0.997947 -0.064049 0.000000 419.230126 0.064049 0.997947 0.000000 26.608483 0.000000 0.000000 1.000000 0.000000 1547820996769664000

0.997923 -0.064420 0.000000 421.063124 0.064420 0.997923 0.000000 26.724001 0.000000 0.000000 1.000000 0.000000 1547820997019078000

0.998014 -0.062990 0.000000 422.769542 0.062990 0.998014 0.000000 26.792818 0.000000 0.000000 1.000000 0.000000 1547820997268749000

0.998163 -0.060593 0.000000 424.488533 0.060593 0.998163 0.000000 26.892791 0.000000 0.000000 1.000000 0.000000 1547820997520025000

0.998534 -0.054132 0.000000 426.117301 0.054132 0.998534 0.000000 27.001114 0.000000 0.000000 1.000000 0.000000 1547820997771188000

0.999243 -0.038915 0.000000 427.715630 0.038915 0.999243 0.000000 27.026719 0.000000 0.000000 1.000000 0.000000 1547820998022593000

0.999845 -0.017597 0.000000 429.249181 0.017597 0.999845 0.000000 27.076103 0.000000 0.000000 1.000000 0.000000 1547820998275243000

0.999224 0.039383 0.000000 432.087675 -0.039383 0.999224 -0.000000 26.946939 -0.000000 0.000000 1.000000 0.000000 1547820998777182000

0.992326 0.123651 0.000000 434.588788 -0.123651 0.992326 -0.000000 26.609811 -0.000000 0.000000 1.000000 0.000000 1547820999276318000

0.971865 0.235539 0.000000 436.758075 -0.235539 0.971865 -0.000000 26.087206 -0.000000 0.000000 1.000000 0.000000 1547820999774358000

0.940715 0.339197 0.000000 438.596544 -0.339197 0.940715 -0.000000 25.372911 -0.000000 0.000000 1.000000 0.000000 1547821000270816000

0.895298 0.445467 0.000000 440.083526 -0.445467 0.895298 -0.000000 24.663932 -0.000000 0.000000 1.000000 0.000000 1547821000766015000

0.830407 0.557157 0.000000 441.225636 -0.557157 0.830407 -0.000000 23.765343 -0.000000 0.000000 1.000000 0.000000 1547821001264116000

0.752101 0.659048 0.000000 442.083568 -0.659048 0.752101 -0.000000 22.899006 -0.000000 0.000000 1.000000 0.000000 1547821001769346000

0.680787 0.732482 0.000000 442.615507 -0.732482 0.680787 -0.000000 22.199293 -0.000000 0.000000 1.000000 0.000000 1547821002273359000

0.614168 0.789176 0.000000 442.927431 -0.789176 0.614168 -0.000000 21.700824 -0.000000 0.000000 1.000000 0.000000 1547821003022456000

0.541968 0.840399 0.000000 443.176631 -0.840399 0.541968 -0.000000 21.221231 -0.000000 0.000000 1.000000 0.000000 1547821013505342000

0.460214 0.887808 0.000000 443.355592 -0.887808 0.460214 -0.000000 20.662314 -0.000000 0.000000 1.000000 0.000000 1547821015762306000

0.341749 0.939791 0.000000 443.552095 -0.939791 0.341749 -0.000000 20.065365 -0.000000 0.000000 1.000000 0.000000 1547821016766402000

0.211240 0.977434 0.000000 443.610670 -0.977434 0.211240 -0.000000 19.201255 -0.000000 0.000000 1.000000 0.000000 1547821017265202000

0.038278 0.999267 0.000000 443.589492 -0.999267 0.038278 -0.000000 18.022282 -0.000000 0.000000 1.000000 0.000000 1547821017762895000

-0.062940 0.998017 0.000000 443.436398 -0.998017 -0.062940 -0.000000 17.414352 -0.000000 0.000000 1.000000 0.000000 1547821018011253000

-0.170337 0.985386 0.000000 443.258623 -0.985386 -0.170337 -0.000000 16.677355 -0.000000 0.000000 1.000000 0.000000 1547821018258725000

-0.281700 0.959503 0.000000 442.972224 -0.959503 -0.281700 -0.000000 15.879975 -0.000000 0.000000 1.000000 0.000000 1547821018505613000

-0.389433 0.921055 0.000000 442.573785 -0.921055 -0.389433 -0.000000 15.052535 -0.000000 0.000000 1.000000 0.000000 1547821018753922000

-0.491318 0.870980 0.000000 442.004962 -0.870980 -0.491318 -0.000000 14.204220 -0.000000 0.000000 1.000000 0.000000 1547821019005491000

-0.588278 0.808659 0.000000 441.357269 -0.808659 -0.588278 0.000000 13.441382 0.000000 0.000000 1.000000 0.000000 1547821019258018000

-0.673460 0.739224 0.000000 440.600550 -0.739224 -0.673460 0.000000 12.576342 0.000000 0.000000 1.000000 0.000000 1547821019510210000

-0.741587 0.670856 0.000000 439.646551 -0.670856 -0.741587 0.000000 11.713956 0.000000 0.000000 1.000000 0.000000 1547821019762988000

-0.821100 0.570784 0.000000 437.435644 -0.570784 -0.821100 0.000000 10.217172 0.000000 0.000000 1.000000 0.000000 1547821020264010000

-0.847595 0.530643 0.000000 434.892861 -0.530643 -0.847595 0.000000 8.724177 0.000000 0.000000 1.000000 0.000000 1547821020760473000

-0.852337 0.522993 0.000000 433.451034 -0.522993 -0.852337 0.000000 7.950969 0.000000 0.000000 1.000000 0.000000 1547821021008914000

-0.856123 0.516772 0.000000 431.982598 -0.516772 -0.856123 0.000000 7.101659 0.000000 0.000000 1.000000 0.000000 1547821021257139000

-0.860810 0.508926 0.000000 430.422798 -0.508926 -0.860810 0.000000 6.248501 0.000000 0.000000 1.000000 0.000000 1547821021506798000

-0.867710 0.497070 0.000000 428.771365 -0.497070 -0.867710 0.000000 5.333807 0.000000 0.000000 1.000000 0.000000 1547821021757637000

-0.874181 0.485601 0.000000 427.108230 -0.485601 -0.874181 0.000000 4.397559 0.000000 0.000000 1.000000 0.000000 1547821022008009000

-0.880121 0.474750 0.000000 425.439264 -0.474750 -0.880121 0.000000 3.501894 0.000000 0.000000 1.000000 0.000000 1547821022257647000

-0.885677 0.464303 0.000000 423.738555 -0.464303 -0.885677 0.000000 2.623959 0.000000 0.000000 1.000000 0.000000 1547821022507216000

-0.889534 0.456869 0.000000 421.936394 -0.456869 -0.889534 0.000000 1.733255 0.000000 0.000000 1.000000 0.000000 1547821022756752000

-0.893066 0.449927 0.000000 420.138149 -0.449927 -0.893066 0.000000 0.868211 0.000000 0.000000 1.000000 0.000000 1547821023005814000

-0.894790 0.446488 0.000000 418.438185 -0.446488 -0.894790 0.000000 0.003668 0.000000 0.000000 1.000000 0.000000 1547821023254399000

-0.896623 0.442794 0.000000 416.699429 -0.442794 -0.896623 0.000000 -0.846297 0.000000 0.000000 1.000000 0.000000 1547821023502899000

-0.896929 0.442174 0.000000 414.990182 -0.442174 -0.896929 0.000000 -1.669137 0.000000 0.000000 1.000000 0.000000 1547821023751663000

-0.897138 0.441751 0.000000 413.296949 -0.441751 -0.897138 0.000000 -2.485754 0.000000 0.000000 1.000000 0.000000 1547821023999584000

-0.897543 0.440928 0.000000 411.590432 -0.440928 -0.897543 0.000000 -3.296671 0.000000 0.000000 1.000000 0.000000 1547821024247309000

-0.897329 0.441363 0.000000 409.938201 -0.441363 -0.897329 0.000000 -4.132329 0.000000 0.000000 1.000000 0.000000 1547821024495183000

-0.897062 0.441906 0.000000 408.271385 -0.441906 -0.897062 0.000000 -4.917170 0.000000 0.000000 1.000000 0.000000 1547821024743727000

-0.897481 0.441054 0.000000 406.662057 -0.441054 -0.897481 0.000000 -5.732301 0.000000 0.000000 1.000000 0.000000 1547821024993097000

-0.897662 0.440685 0.000000 405.016653 -0.440685 -0.897662 0.000000 -6.516434 0.000000 0.000000 1.000000 0.000000 1547821025242685000

-0.897701 0.440606 0.000000 403.436065 -0.440606 -0.897701 0.000000 -7.334131 0.000000 0.000000 1.000000 0.000000 1547821025492837000

-0.897943 0.440111 0.000000 401.809486 -0.440111 -0.897943 0.000000 -8.105671 0.000000 0.000000 1.000000 0.000000 1547821025744247000

-0.897913 0.440174 0.000000 400.275848 -0.440174 -0.897913 0.000000 -8.939935 0.000000 0.000000 1.000000 0.000000 1547821025996220000

-0.897806 0.440391 0.000000 398.677213 -0.440391 -0.897806 0.000000 -9.664451 0.000000 0.000000 1.000000 0.000000 1547821026248024000

-0.897516 0.440982 0.000000 397.171577 -0.440982 -0.897516 0.000000 -10.421296 0.000000 0.000000 1.000000 0.000000 1547821026499196000

-0.897323 0.441374 0.000000 395.621617 -0.441374 -0.897323 0.000000 -11.156925 0.000000 0.000000 1.000000 0.000000 1547821026750541000

-0.897190 0.441644 0.000000 394.094515 -0.441644 -0.897190 0.000000 -11.916277 0.000000 0.000000 1.000000 0.000000 1547821027001962000

-0.897634 0.440742 0.000000 392.614337 -0.440742 -0.897634 0.000000 -12.636644 0.000000 0.000000 1.000000 0.000000 1547821027253356000

-0.898629 0.438709 0.000000 391.135363 -0.438709 -0.898629 0.000000 -13.387465 0.000000 0.000000 1.000000 0.000000 1547821027504913000

-0.899498 0.436924 0.000000 389.712058 -0.436924 -0.899498 0.000000 -14.060637 0.000000 0.000000 1.000000 0.000000 1547821027755669000

-0.900275 0.435322 0.000000 388.232837 -0.435322 -0.900275 0.000000 -14.770875 0.000000 0.000000 1.000000 0.000000 1547821028007019000

-0.900392 0.435080 0.000000 386.811516 -0.435080 -0.900392 0.000000 -15.484945 0.000000 0.000000 1.000000 0.000000 1547821028259530000

-0.900458 0.434942 0.000000 385.415678 -0.434942 -0.900458 0.000000 -16.161670 0.000000 0.000000 1.000000 0.000000 1547821028513010000

-0.900921 0.433984 0.000000 384.069534 -0.433984 -0.900921 0.000000 -16.835143 0.000000 0.000000 1.000000 0.000000 1547821028766200000

-0.902434 0.430827 0.000000 381.589895 -0.430827 -0.902434 0.000000 -18.028324 0.000000 0.000000 1.000000 0.000000 1547821029266385000

-0.905386 0.424589 0.000000 379.265390 -0.424589 -0.905386 0.000000 -19.073190 0.000000 0.000000 1.000000 0.000000 1547821029759668000

-0.905843 0.423613 0.000000 377.201308 -0.423613 -0.905843 0.000000 -19.945561 0.000000 0.000000 1.000000 0.000000 1547821030252355000

-0.907204 0.420691 0.000000 375.425559 -0.420691 -0.907204 0.000000 -20.848963 0.000000 0.000000 1.000000 0.000000 1547821030749664000

-0.908099 0.418755 0.000000 373.906643 -0.418755 -0.908099 0.000000 -21.540573 0.000000 0.000000 1.000000 0.000000 1547821031250310000

-0.908800 0.417233 0.000000 372.089800 -0.417233 -0.908800 0.000000 -22.355488 0.000000 0.000000 1.000000 0.000000 1547821032001600000

-0.909733 0.415194 0.000000 370.518508 -0.415194 -0.909733 0.000000 -23.031108 0.000000 0.000000 1.000000 0.000000 1547821033259157000

-0.909748 0.415161 0.000000 369.102086 -0.415161 -0.909748 0.000000 -23.729545 0.000000 0.000000 1.000000 0.000000 1547821036506102000

-0.911482 0.411339 0.000000 367.512600 -0.411339 -0.911482 0.000000 -24.421564 0.000000 0.000000 1.000000 0.000000 1547821040004792000

-0.913208 0.407495 0.000000 365.615149 -0.407495 -0.913208 0.000000 -25.242468 0.000000 0.000000 1.000000 0.000000 1547821041010750000

-0.915319 0.402730 0.000000 363.448246 -0.402730 -0.915319 0.000000 -26.172536 0.000000 0.000000 1.000000 0.000000 1547821041763128000

-0.917368 0.398039 0.000000 361.666405 -0.398039 -0.917368 0.000000 -26.945582 0.000000 0.000000 1.000000 0.000000 1547821042263760000

-0.919185 0.393827 0.000000 359.580672 -0.393827 -0.919185 0.000000 -27.828706 0.000000 0.000000 1.000000 0.000000 1547821042763076000

-0.920849 0.389918 0.000000 357.191013 -0.389918 -0.920849 0.000000 -28.801344 0.000000 0.000000 1.000000 0.000000 1547821043261256000

-0.922483 0.386037 0.000000 354.573943 -0.386037 -0.922483 0.000000 -29.877200 0.000000 0.000000 1.000000 0.000000 1547821043758558000

-0.924174 0.381971 0.000000 351.742199 -0.381971 -0.924174 0.000000 -31.049913 0.000000 0.000000 1.000000 0.000000 1547821044258187000

-0.924719 0.380650 0.000000 350.252356 -0.380650 -0.924719 0.000000 -31.627451 0.000000 0.000000 1.000000 0.000000 1547821044508130000

-0.924695 0.380708 0.000000 348.780054 -0.380708 -0.924695 0.000000 -32.218314 0.000000 0.000000 1.000000 0.000000 1547821044758227000

-0.924813 0.380421 0.000000 347.238686 -0.380421 -0.924813 0.000000 -32.844511 0.000000 0.000000 1.000000 0.000000 1547821045008141000

-0.925219 0.379435 0.000000 345.640732 -0.379435 -0.925219 0.000000 -33.443031 0.000000 0.000000 1.000000 0.000000 1547821045257966000

-0.926018 0.377480 0.000000 344.047800 -0.377480 -0.926018 0.000000 -34.131806 0.000000 0.000000 1.000000 0.000000 1547821045507683000

-0.927254 0.374432 0.000000 342.389840 -0.374432 -0.927254 0.000000 -34.749482 0.000000 0.000000 1.000000 0.000000 1547821045757142000

-0.930672 0.365856 0.000000 340.690291 -0.365856 -0.930672 0.000000 -35.439027 0.000000 0.000000 1.000000 0.000000 1547821046007029000

-0.934137 0.356915 0.000000 338.867472 -0.356915 -0.934137 0.000000 -36.077288 0.000000 0.000000 1.000000 0.000000 1547821046256748000

-0.937071 0.349139 0.000000 337.102290 -0.349139 -0.937071 0.000000 -36.724094 0.000000 0.000000 1.000000 0.000000 1547821046506287000

-0.940211 0.340592 0.000000 335.226579 -0.340592 -0.940211 0.000000 -37.330686 0.000000 0.000000 1.000000 0.000000 1547821046756747000

-0.943018 0.332740 0.000000 333.276626 -0.332740 -0.943018 0.000000 -38.026526 0.000000 0.000000 1.000000 0.000000 1547821047007805000

-0.945606 0.325313 0.000000 331.329308 -0.325313 -0.945606 0.000000 -38.708536 0.000000 0.000000 1.000000 0.000000 1547821047259766000

-0.946998 0.321241 0.000000 329.320592 -0.321241 -0.946998 0.000000 -39.407446 0.000000 0.000000 1.000000 0.000000 1547821047511826000

-0.947944 0.318437 0.000000 327.258830 -0.318437 -0.947944 0.000000 -40.068873 0.000000 0.000000 1.000000 0.000000 1547821047763031000

-0.948910 0.315547 0.000000 325.204273 -0.315547 -0.948910 0.000000 -40.706233 0.000000 0.000000 1.000000 0.000000 1547821048013319000

-0.949909 0.312527 0.000000 323.065418 -0.312527 -0.949909 0.000000 -41.405490 0.000000 0.000000 1.000000 0.000000 1547821048263461000
