1.000000 0.000124 0.000000 0.006352 -0.000124 1.000000 0.000000 0.000430 0.000000 0.000000 1.000000 0.000000
1.000000 0.000208 0.000000 -0.005746 -0.000208 1.000000 0.000000 -0.008070 0.000000 0.000000 1.000000 0.000000
1.000000 -0.000009 0.000000 0.000280 0.000009 1.000000 0.000000 -0.007044 0.000000 0.000000 1.000000 0.000000
1.000000 0.000050 0.000000 -0.004144 -0.000050 1.000000 0.000000 -0.003907 0.000000 0.000000 1.000000 0.000000
1.000000 0.000014 0.000000 -0.008527 -0.000014 1.000000 0.000000 -0.007414 0.000000 0.000000 1.000000 0.000000
1.000000 -0.000032 0.000000 -0.002524 0.000032 1.000000 0.000000 -0.006416 0.000000 0.000000 1.000000 0.000000
1.000000 0.000033 0.000000 -0.007928 -0.000033 1.000000 0.000000 -0.008509 0.000000 0.000000 1.000000 0.000000
1.000000 -0.000041 0.000000 -0.002846 0.000041 1.000000 0.000000 -0.008483 0.000000 0.000000 1.000000 0.000000
1.000000 0.000017 0.000000 -0.000350 -0.000017 1.000000 0.000000 -0.005260 0.000000 0.000000 1.000000 0.000000
1.000000 -0.000052 0.000000 0.000902 0.000052 1.000000 0.000000 -0.002602 0.000000 0.000000 1.000000 0.000000
1.000000 0.000052 0.000000 -0.003442 -0.000052 1.000000 0.000000 0.002488 0.000000 0.000000 1.000000 0.000000
1.000000 -0.000046 0.000000 -0.008307 0.000046 1.000000 0.000000 0.003245 0.000000 0.000000 1.000000 0.000000
1.000000 -0.000139 0.000000 -0.004616 0.000139 1.000000 0.000000 0.001805 0.000000 0.000000 1.000000 0.000000
1.000000 -0.000096 0.000000 -0.007365 0.000096 1.000000 0.000000 -0.005423 0.000000 0.000000 1.000000 0.000000
1.000000 -0.000067 0.000000 -0.010890 0.000067 1.000000 0.000000 -0.002118 0.000000 0.000000 1.000000 0.000000
1.000000 -0.000072 0.000000 -0.006743 0.000072 1.000000 0.000000 -0.008773 0.000000 0.000000 1.000000 0.000000
1.000000 -0.000100 0.000000 -0.003915 0.000100 1.000000 0.000000 -0.005625 0.000000 0.000000 1.000000 0.000000
1.000000 -0.000137 0.000000 -0.011678 0.000137 1.000000 0.000000 -0.008426 0.000000 0.000000 1.000000 0.000000
1.000000 0.000051 0.000000 -0.006052 -0.000051 1.000000 0.000000 -0.008824 0.000000 0.000000 1.000000 0.000000
1.000000 0.000073 0.000000 -0.008590 -0.000073 1.000000 0.000000 -0.005045 0.000000 0.000000 1.000000 0.000000
1.000000 -0.000001 0.000000 -0.003375 0.000001 1.000000 0.000000 -0.005064 0.000000 0.000000 1.000000 0.000000
1.000000 -0.000009 0.000000 -0.008051 0.000009 1.000000 0.000000 -0.001950 0.000000 0.000000 1.000000 0.000000
1.000000 -0.000007 0.000000 -0.005561 0.000007 1.000000 0.000000 0.003264 0.000000 0.000000 1.000000 0.000000
1.000000 -0.000275 0.000000 -0.000019 0.000275 1.000000 0.000000 -0.006945 0.000000 0.000000 1.000000 0.000000
1.000000 0.000023 0.000000 -0.007293 -0.000023 1.000000 0.000000 -0.000540 0.000000 0.000000 1.000000 0.000000
1.000000 -0.000109 0.000000 -0.001230 0.000109 1.000000 0.000000 0.003191 0.000000 0.000000 1.000000 0.000000
1.000000 -0.000095 0.000000 -0.002762 0.000095 1.000000 0.000000 -0.003681 0.000000 0.000000 1.000000 0.000000
1.000000 -0.000004 0.000000 -0.007156 0.000004 1.000000 0.000000 -0.002867 0.000000 0.000000 1.000000 0.000000
1.000000 -0.000144 0.000000 -0.009565 0.000144 1.000000 0.000000 -0.002216 0.000000 0.000000 1.000000 0.000000
1.000000 -0.000036 0.000000 -0.004378 0.000036 1.000000 0.000000 -0.004099 0.000000 0.000000 1.000000 0.000000
1.000000 -0.000044 0.000000 0.002120 0.000044 1.000000 0.000000 -0.000239 0.000000 0.000000 1.000000 0.000000
1.000000 -0.000141 0.000000 0.003835 0.000141 1.000000 0.000000 -0.005270 0.000000 0.000000 1.000000 0.000000
1.000000 -0.000115 0.000000 -0.001034 0.000115 1.000000 0.000000 -0.003901 0.000000 0.000000 1.000000 0.000000
1.000000 -0.000101 0.000000 -0.007150 0.000101 1.000000 0.000000 -0.008739 0.000000 0.000000 1.000000 0.000000
1.000000 -0.000130 0.000000 0.000444 0.000130 1.000000 0.000000 -0.008478 0.000000 0.000000 1.000000 0.000000
1.000000 -0.000080 0.000000 0.000212 0.000080 1.000000 0.000000 -0.012115 0.000000 0.000000 1.000000 0.000000
1.000000 -0.000192 0.000000 -0.001960 0.000192 1.000000 0.000000 -0.005089 0.000000 0.000000 1.000000 0.000000
1.000000 -0.000033 0.000000 -0.002900 0.000033 1.000000 0.000000 -0.002688 0.000000 0.000000 1.000000 0.000000
1.000000 -0.000040 0.000000 -0.004299 0.000040 1.000000 0.000000 -0.005498 0.000000 0.000000 1.000000 0.000000
1.000000 0.000046 0.000000 0.003067 -0.000046 1.000000 0.000000 0.002864 0.000000 0.000000 1.000000 0.000000
1.000000 0.000160 0.000000 -0.000597 -0.000160 1.000000 0.000000 0.003222 0.000000 0.000000 1.000000 0.000000
1.000000 -0.000108 0.000000 -0.007617 0.000108 1.000000 0.000000 -0.004001 0.000000 0.000000 1.000000 0.000000
1.000000 -0.000037 0.000000 -0.005088 0.000037 1.000000 0.000000 -0.002758 0.000000 0.000000 1.000000 0.000000
1.000000 0.000021 0.000000 -0.003619 -0.000021 1.000000 0.000000 0.001013 0.000000 0.000000 1.000000 0.000000
1.000000 0.000059 0.000000 0.002196 -0.000059 1.000000 0.000000 0.000888 0.000000 0.000000 1.000000 0.000000
1.000000 -0.000140 0.000000 0.004030 0.000140 1.000000 0.000000 0.002909 0.000000 0.000000 1.000000 0.000000
1.000000 -0.000020 0.000000 0.006002 0.000020 1.000000 0.000000 0.000682 0.000000 0.000000 1.000000 0.000000
1.000000 0.000160 0.000000 0.000903 -0.000160 1.000000 0.000000 -0.005282 0.000000 0.000000 1.000000 0.000000
1.000000 0.000092 0.000000 0.002858 -0.000092 1.000000 0.000000 0.002064 0.000000 0.000000 1.000000 0.000000
1.000000 0.000093 0.000000 0.002174 -0.000093 1.000000 0.000000 0.009041 0.000000 0.000000 1.000000 0.000000
1.000000 -0.000026 0.000000 -0.006749 0.000026 1.000000 0.000000 0.005386 0.000000 0.000000 1.000000 0.000000
1.000000 -0.000025 0.000000 -0.016149 0.000025 1.000000 0.000000 0.005217 0.000000 0.000000 1.000000 0.000000
1.000000 -0.000153 0.000000 -0.005193 0.000153 1.000000 0.000000 -0.005373 0.000000 0.000000 1.000000 0.000000
1.000000 0.000043 0.000000 0.004354 -0.000043 1.000000 0.000000 -0.006922 0.000000 0.000000 1.000000 0.000000
1.000000 0.000069 0.000000 0.007590 -0.000069 1.000000 0.000000 -0.005357 0.000000 0.000000 1.000000 0.000000
1.000000 -0.000007 0.000000 -0.004548 0.000007 1.000000 0.000000 -0.003357 0.000000 0.000000 1.000000 0.000000
1.000000 -0.000125 0.000000 -0.005764 0.000125 1.000000 0.000000 -0.000873 0.000000 0.000000 1.000000 0.000000
1.000000 -0.000212 0.000000 -0.002051 0.000212 1.000000 0.000000 -0.006901 0.000000 0.000000 1.000000 0.000000
1.000000 -0.000110 0.000000 -0.006231 0.000110 1.000000 0.000000 0.003564 0.000000 0.000000 1.000000 0.000000
1.000000 -0.000196 0.000000 -0.008459 0.000196 1.000000 0.000000 -0.002275 0.000000 0.000000 1.000000 0.000000
1.000000 -0.000200 0.000000 -0.004021 0.000200 1.000000 0.000000 -0.001566 0.000000 0.000000 1.000000 0.000000
1.000000 -0.000201 0.000000 -0.002083 0.000201 1.000000 0.000000 -0.006175 0.000000 0.000000 1.000000 0.000000
1.000000 -0.000063 0.000000 -0.006401 0.000063 1.000000 0.000000 -0.006305 0.000000 0.000000 1.000000 0.000000
1.000000 0.000021 0.000000 -0.002938 -0.000021 1.000000 0.000000 -0.013776 0.000000 0.000000 1.000000 0.000000
1.000000 0.000041 0.000000 -0.001992 -0.000041 1.000000 0.000000 0.001656 0.000000 0.000000 1.000000 0.000000
1.000000 0.000021 0.000000 0.002897 -0.000021 1.000000 0.000000 -0.000951 0.000000 0.000000 1.000000 0.000000
1.000000 0.000054 0.000000 -0.005403 -0.000054 1.000000 0.000000 0.003431 0.000000 0.000000 1.000000 0.000000
1.000000 -0.000059 0.000000 0.002612 0.000059 1.000000 0.000000 -0.003928 0.000000 0.000000 1.000000 0.000000
1.000000 -0.000126 0.000000 0.002251 0.000126 1.000000 0.000000 0.005283 0.000000 0.000000 1.000000 0.000000
1.000000 -0.000089 0.000000 0.002323 0.000089 1.000000 0.000000 0.000273 0.000000 0.000000 1.000000 0.000000
1.000000 0.000069 0.000000 -0.003797 -0.000069 1.000000 0.000000 0.003567 0.000000 0.000000 1.000000 0.000000
1.000000 -0.000053 0.000000 -0.000256 0.000053 1.000000 0.000000 -0.007397 0.000000 0.000000 1.000000 0.000000
1.000000 0.000020 0.000000 -0.009791 -0.000020 1.000000 0.000000 -0.000760 0.000000 0.000000 1.000000 0.000000
1.000000 -0.000087 0.000000 -0.005993 0.000087 1.000000 0.000000 0.002447 0.000000 0.000000 1.000000 0.000000
1.000000 -0.000160 0.000000 -0.004675 0.000160 1.000000 0.000000 0.000422 0.000000 0.000000 1.000000 0.000000
1.000000 -0.000057 0.000000 -0.011187 0.000057 1.000000 0.000000 -0.000542 0.000000 0.000000 1.000000 0.000000
1.000000 0.000089 0.000000 -0.007229 -0.000089 1.000000 0.000000 0.005686 0.000000 0.000000 1.000000 0.000000
1.000000 -0.000207 0.000000 -0.005971 0.000207 1.000000 0.000000 -0.000203 0.000000 0.000000 1.000000 0.000000
1.000000 -0.000131 0.000000 -0.003785 0.000131 1.000000 0.000000 0.003450 0.000000 0.000000 1.000000 0.000000
1.000000 -0.000094 0.000000 0.007787 0.000094 1.000000 0.000000 -0.008463 0.000000 0.000000 1.000000 0.000000
1.000000 0.000063 0.000000 -0.009445 -0.000063 1.000000 0.000000 -0.002436 0.000000 0.000000 1.000000 0.000000
1.000000 0.000119 0.000000 0.000121 -0.000119 1.000000 0.000000 -0.005466 0.000000 0.000000 1.000000 0.000000
1.000000 0.000056 0.000000 -0.001259 -0.000056 1.000000 0.000000 -0.000374 0.000000 0.000000 1.000000 0.000000
1.000000 0.000022 0.000000 -0.004112 -0.000022 1.000000 0.000000 -0.000702 0.000000 0.000000 1.000000 0.000000
1.000000 -0.000192 0.000000 -0.003976 0.000192 1.000000 0.000000 -0.003217 0.000000 0.000000 1.000000 0.000000
1.000000 -0.000240 0.000000 0.001380 0.000240 1.000000 0.000000 -0.006214 0.000000 0.000000 1.000000 0.000000
1.000000 -0.000102 0.000000 0.001341 0.000102 1.000000 0.000000 0.004824 0.000000 0.000000 1.000000 0.000000
1.000000 -0.000028 0.000000 0.002458 0.000028 1.000000 0.000000 0.004564 0.000000 0.000000 1.000000 0.000000
1.000000 0.000161 0.000000 -0.002941 -0.000161 1.000000 0.000000 0.001279 0.000000 0.000000 1.000000 0.000000
1.000000 0.000159 0.000000 -0.003238 -0.000159 1.000000 0.000000 0.002193 0.000000 0.000000 1.000000 0.000000
1.000000 0.000196 0.000000 -0.005577 -0.000196 1.000000 0.000000 0.004384 0.000000 0.000000 1.000000 0.000000
1.000000 0.000045 0.000000 0.000302 -0.000045 1.000000 0.000000 0.000458 0.000000 0.000000 1.000000 0.000000
1.000000 -0.000006 0.000000 -0.011173 0.000006 1.000000 0.000000 0.005363 0.000000 0.000000 1.000000 0.000000
1.000000 0.000027 0.000000 -0.005233 -0.000027 1.000000 0.000000 0.003258 0.000000 0.000000 1.000000 0.000000
1.000000 -0.000017 0.000000 0.006978 0.000017 1.000000 0.000000 0.011740 0.000000 0.000000 1.000000 0.000000
1.000000 0.000171 0.000000 0.003050 -0.000171 1.000000 0.000000 0.000197 0.000000 0.000000 1.000000 0.000000
1.000000 0.000210 0.000000 -0.001619 -0.000210 1.000000 0.000000 0.010560 0.000000 0.000000 1.000000 0.000000
1.000000 0.000038 0.000000 -0.008575 -0.000038 1.000000 0.000000 0.000731 0.000000 0.000000 1.000000 0.000000
1.000000 -0.000089 0.000000 -0.003658 0.000089 1.000000 0.000000 -0.008890 0.000000 0.000000 1.000000 0.000000
1.000000 -0.000174 0.000000 -0.003401 0.000174 1.000000 0.000000 -0.004809 0.000000 0.000000 1.000000 0.000000
1.000000 -0.000123 0.000000 -0.006907 0.000123 1.000000 0.000000 -0.011844 0.000000 0.000000 1.000000 0.000000
1.000000 -0.000061 0.000000 -0.008508 0.000061 1.000000 0.000000 -0.001060 0.000000 0.000000 1.000000 0.000000
1.000000 -0.000254 0.000000 -0.005420 0.000254 1.000000 0.000000 -0.000465 0.000000 0.000000 1.000000 0.000000
1.000000 -0.000222 0.000000 -0.012801 0.000222 1.000000 0.000000 0.000643 0.000000 0.000000 1.000000 0.000000
1.000000 -0.000404 0.000000 -0.002843 0.000404 1.000000 0.000000 0.004894 0.000000 0.000000 1.000000 0.000000
1.000000 -0.000001 0.000000 0.000990 0.000001 1.000000 0.000000 0.012542 0.000000 0.000000 1.000000 0.000000
1.000000 0.000159 0.000000 0.003176 -0.000159 1.000000 0.000000 -0.002334 0.000000 0.000000 1.000000 0.000000
1.000000 -0.000070 0.000000 0.000493 0.000070 1.000000 0.000000 -0.000544 0.000000 0.000000 1.000000 0.000000
1.000000 0.000056 0.000000 -0.005772 -0.000056 1.000000 0.000000 0.000701 0.000000 0.000000 1.000000 0.000000
1.000000 -0.000069 0.000000 0.005176 0.000069 1.000000 0.000000 -0.000759 0.000000 0.000000 1.000000 0.000000
1.000000 -0.000107 0.000000 0.003219 0.000107 1.000000 0.000000 -0.000653 0.000000 0.000000 1.000000 0.000000
1.000000 -0.000103 0.000000 -0.000963 0.000103 1.000000 0.000000 -0.001544 0.000000 0.000000 1.000000 0.000000
1.000000 -0.000109 0.000000 -0.004201 0.000109 1.000000 0.000000 -0.001754 0.000000 0.000000 1.000000 0.000000
1.000000 -0.000023 0.000000 -0.002174 0.000023 1.000000 0.000000 0.005936 0.000000 0.000000 1.000000 0.000000
1.000000 0.000085 0.000000 0.008946 -0.000085 1.000000 0.000000 -0.001004 0.000000 0.000000 1.000000 0.000000
1.000000 0.000020 0.000000 0.002428 -0.000020 1.000000 0.000000 0.001430 0.000000 0.000000 1.000000 0.000000
1.000000 -0.000025 0.000000 -0.003380 0.000025 1.000000 0.000000 -0.000500 0.000000 0.000000 1.000000 0.000000
1.000000 0.000010 0.000000 0.002366 -0.000010 1.000000 0.000000 0.003199 0.000000 0.000000 1.000000 0.000000
1.000000 -0.000110 0.000000 0.006441 0.000110 1.000000 0.000000 -0.001760 0.000000 0.000000 1.000000 0.000000
1.000000 0.000034 0.000000 0.003177 -0.000034 1.000000 0.000000 -0.003469 0.000000 0.000000 1.000000 0.000000
1.000000 -0.000053 0.000000 -0.002543 0.000053 1.000000 0.000000 -0.012145 0.000000 0.000000 1.000000 0.000000
1.000000 0.000031 0.000000 -0.011446 -0.000031 1.000000 0.000000 0.008458 0.000000 0.000000 1.000000 0.000000
1.000000 -0.000012 0.000000 -0.013972 0.000012 1.000000 0.000000 0.009223 0.000000 0.000000 1.000000 0.000000
1.000000 -0.000068 0.000000 -0.005329 0.000068 1.000000 0.000000 0.005334 0.000000 0.000000 1.000000 0.000000
1.000000 -0.000111 0.000000 -0.002877 0.000111 1.000000 0.000000 -0.001117 0.000000 0.000000 1.000000 0.000000
1.000000 -0.000014 0.000000 0.002195 0.000014 1.000000 0.000000 -0.000768 0.000000 0.000000 1.000000 0.000000
1.000000 -0.000047 0.000000 0.002746 0.000047 1.000000 0.000000 -0.001378 0.000000 0.000000 1.000000 0.000000
1.000000 -0.000047 0.000000 -0.003843 0.000047 1.000000 0.000000 -0.000789 0.000000 0.000000 1.000000 0.000000
1.000000 -0.000174 0.000000 -0.007491 0.000174 1.000000 0.000000 -0.009813 0.000000 0.000000 1.000000 0.000000
1.000000 -0.000273 0.000000 -0.004679 0.000273 1.000000 0.000000 -0.014889 0.000000 0.000000 1.000000 0.000000
1.000000 0.000003 0.000000 0.004357 -0.000003 1.000000 0.000000 -0.000864 0.000000 0.000000 1.000000 0.000000
1.000000 -0.000063 0.000000 0.005616 0.000063 1.000000 0.000000 0.001367 0.000000 0.000000 1.000000 0.000000
1.000000 0.000101 0.000000 -0.007140 -0.000101 1.000000 0.000000 -0.000834 0.000000 0.000000 1.000000 0.000000
1.000000 0.000238 0.000000 -0.001274 -0.000238 1.000000 0.000000 -0.000161 0.000000 0.000000 1.000000 0.000000
1.000000 0.000026 0.000000 -0.012794 -0.000026 1.000000 0.000000 0.001909 0.000000 0.000000 1.000000 0.000000
1.000000 -0.000233 0.000000 -0.002621 0.000233 1.000000 0.000000 -0.003775 0.000000 0.000000 1.000000 0.000000
1.000000 -0.000405 0.000000 -0.006109 0.000405 1.000000 0.000000 -0.006620 0.000000 0.000000 1.000000 0.000000
1.000000 -0.000470 0.000000 0.014446 0.000470 1.000000 0.000000 -0.014489 0.000000 0.000000 1.000000 0.000000
1.000000 -0.000867 0.000000 0.088611 0.000867 1.000000 0.000000 -0.020112 0.000000 0.000000 1.000000 0.000000
0.999997 -0.002356 0.000000 0.194640 0.002356 0.999997 0.000000 -0.035981 0.000000 0.000000 1.000000 0.000000
0.999961 -0.008865 0.000000 0.366770 0.008865 0.999961 0.000000 0.011338 0.000000 0.000000 1.000000 0.000000
0.999840 -0.017903 0.000000 0.722421 0.017903 0.999840 0.000000 0.066042 0.000000 0.000000 1.000000 0.000000
0.999532 -0.030578 0.000000 1.162609 0.030578 0.999532 0.000000 0.061649 0.000000 0.000000 1.000000 0.000000
0.998858 -0.047771 0.000000 1.712266 0.047771 0.998858 0.000000 0.089811 0.000000 0.000000 1.000000 0.000000
0.997986 -0.063441 0.000000 2.342813 0.063441 0.997986 0.000000 0.133929 0.000000 0.000000 1.000000 0.000000
0.996928 -0.078320 0.000000 3.154277 0.078320 0.996928 0.000000 0.208338 0.000000 0.000000 1.000000 0.000000
0.995626 -0.093425 0.000000 4.158371 0.093425 0.995626 0.000000 0.330267 0.000000 0.000000 1.000000 0.000000
0.994463 -0.105085 0.000000 5.074412 0.105085 0.994463 0.000000 0.398737 0.000000 0.000000 1.000000 0.000000
0.993905 -0.110241 0.000000 6.332742 0.110241 0.993905 0.000000 0.512210 0.000000 0.000000 1.000000 0.000000
0.993664 -0.112390 0.000000 7.517025 0.112390 0.993664 0.000000 0.663825 0.000000 0.000000 1.000000 0.000000
0.993940 -0.109925 0.000000 8.930648 0.109925 0.993940 0.000000 0.832013 0.000000 0.000000 1.000000 0.000000
0.994223 -0.107337 0.000000 10.352935 0.107337 0.994223 0.000000 0.989772 0.000000 0.000000 1.000000 0.000000
0.994478 -0.104948 0.000000 11.966273 0.104948 0.994478 0.000000 1.147293 0.000000 0.000000 1.000000 0.000000
0.994878 -0.101079 0.000000 13.834704 0.101079 0.994878 0.000000 1.356996 0.000000 0.000000 1.000000 0.000000
0.995302 -0.096823 0.000000 15.602614 0.096823 0.995302 0.000000 1.519508 0.000000 0.000000 1.000000 0.000000
0.995605 -0.093655 0.000000 17.515858 0.093655 0.995605 0.000000 1.646437 0.000000 0.000000 1.000000 0.000000
0.996075 -0.088512 0.000000 19.524899 0.088512 0.996075 0.000000 1.827202 0.000000 0.000000 1.000000 0.000000
0.996595 -0.082453 0.000000 21.589300 0.082453 0.996595 0.000000 2.017662 0.000000 0.000000 1.000000 0.000000
0.997090 -0.076229 0.000000 23.769260 0.076229 0.997090 0.000000 2.174647 0.000000 0.000000 1.000000 0.000000
0.997585 -0.069460 0.000000 25.871632 0.069460 0.997585 0.000000 2.341709 0.000000 0.000000 1.000000 0.000000
0.997972 -0.063660 0.000000 28.132662 0.063660 0.997972 0.000000 2.447337 0.000000 0.000000 1.000000 0.000000
0.998193 -0.060088 0.000000 30.401876 0.060088 0.998193 0.000000 2.596931 0.000000 0.000000 1.000000 0.000000
0.998264 -0.058892 0.000000 32.723375 0.058892 0.998264 0.000000 2.692709 0.000000 0.000000 1.000000 0.000000
0.998346 -0.057486 0.000000 35.052592 0.057486 0.998346 0.000000 2.830209 0.000000 0.000000 1.000000 0.000000
0.998470 -0.055292 0.000000 37.464370 0.055292 0.998470 0.000000 2.971890 0.000000 0.000000 1.000000 0.000000
0.998595 -0.052995 0.000000 39.843103 0.052995 0.998595 0.000000 3.054173 0.000000 0.000000 1.000000 0.000000
0.998844 -0.048064 0.000000 42.244059 0.048064 0.998844 0.000000 3.161648 0.000000 0.000000 1.000000 0.000000
0.999095 -0.042530 0.000000 44.562041 0.042530 0.999095 0.000000 3.229836 0.000000 0.000000 1.000000 0.000000
0.999388 -0.034972 0.000000 46.861988 0.034972 0.999388 0.000000 3.317115 0.000000 0.000000 1.000000 0.000000
0.999572 -0.029244 0.000000 49.143756 0.029244 0.999572 0.000000 3.368559 0.000000 0.000000 1.000000 0.000000
0.999675 -0.025482 0.000000 51.363409 0.025482 0.999675 0.000000 3.431219 0.000000 0.000000 1.000000 0.000000
0.999641 -0.026800 0.000000 53.615696 0.026800 0.999641 0.000000 3.445391 0.000000 0.000000 1.000000 0.000000
0.999602 -0.028217 0.000000 55.923879 0.028217 0.999602 0.000000 3.544649 0.000000 0.000000 1.000000 0.000000
0.999549 -0.030024 0.000000 58.214144 0.030024 0.999549 0.000000 3.613362 0.000000 0.000000 1.000000 0.000000
0.999379 -0.035242 0.000000 60.518420 0.035242 0.999379 0.000000 3.696551 0.000000 0.000000 1.000000 0.000000
0.999134 -0.041613 0.000000 62.772937 0.041613 0.999134 0.000000 3.762189 0.000000 0.000000 1.000000 0.000000
0.998847 -0.047997 0.000000 65.034686 0.047997 0.998847 0.000000 3.828783 0.000000 0.000000 1.000000 0.000000
0.998556 -0.053717 0.000000 67.229257 0.053717 0.998556 0.000000 3.944483 0.000000 0.000000 1.000000 0.000000
0.998172 -0.060442 0.000000 69.527433 0.060442 0.998172 0.000000 4.065422 0.000000 0.000000 1.000000 0.000000
0.997712 -0.067609 0.000000 71.845283 0.067609 0.997712 0.000000 4.258445 0.000000 0.000000 1.000000 0.000000
0.997079 -0.076371 0.000000 74.104061 0.076371 0.997079 0.000000 4.439519 0.000000 0.000000 1.000000 0.000000
0.996385 -0.084953 0.000000 76.383654 0.084953 0.996385 0.000000 4.553293 0.000000 0.000000 1.000000 0.000000
0.995673 -0.092930 0.000000 78.702997 0.092930 0.995673 0.000000 4.727793 0.000000 0.000000 1.000000 0.000000
0.995229 -0.097571 0.000000 81.036904 0.097571 0.995229 0.000000 4.937247 0.000000 0.000000 1.000000 0.000000
0.995351 -0.096317 0.000000 83.360634 0.096317 0.995351 0.000000 5.167003 0.000000 0.000000 1.000000 0.000000
0.995914 -0.090307 0.000000 85.744557 0.090307 0.995914 0.000000 5.379289 0.000000 0.000000 1.000000 0.000000
0.997214 -0.074597 0.000000 88.219617 0.074597 0.997214 0.000000 5.571298 0.000000 0.000000 1.000000 0.000000
0.998296 -0.058352 0.000000 90.609751 0.058352 0.998296 0.000000 5.725065 0.000000 0.000000 1.000000 0.000000
0.999096 -0.042509 0.000000 93.160934 0.042509 0.999096 0.000000 5.814490 0.000000 0.000000 1.000000 0.000000
0.999448 -0.033223 0.000000 95.740854 0.033223 0.999448 0.000000 5.861505 0.000000 0.000000 1.000000 0.000000
0.999586 -0.028771 0.000000 98.386307 0.028771 0.999586 0.000000 5.918502 0.000000 0.000000 1.000000 0.000000
0.999587 -0.028739 0.000000 101.031289 0.028739 0.999587 0.000000 5.970978 0.000000 0.000000 1.000000 0.000000
0.999546 -0.030114 0.000000 103.682227 0.030114 0.999546 0.000000 6.077777 0.000000 0.000000 1.000000 0.000000
0.999498 -0.031697 0.000000 106.423817 0.031697 0.999498 0.000000 6.150207 0.000000 0.000000 1.000000 0.000000
0.999447 -0.033254 0.000000 109.167713 0.033254 0.999447 0.000000 6.201747 0.000000 0.000000 1.000000 0.000000
0.999375 -0.035361 0.000000 111.889282 0.035361 0.999375 0.000000 6.309204 0.000000 0.000000 1.000000 0.000000
0.999258 -0.038510 0.000000 114.647704 0.038510 0.999258 0.000000 6.398595 0.000000 0.000000 1.000000 0.000000
0.999129 -0.041725 0.000000 117.352984 0.041725 0.999129 0.000000 6.477461 0.000000 0.000000 1.000000 0.000000
0.998985 -0.045053 0.000000 120.074380 0.045053 0.998985 0.000000 6.580203 0.000000 0.000000 1.000000 0.000000
0.998923 -0.046399 0.000000 122.731623 0.046399 0.998923 0.000000 6.697508 0.000000 0.000000 1.000000 0.000000
0.998860 -0.047726 0.000000 125.388541 0.047726 0.998860 0.000000 6.843747 0.000000 0.000000 1.000000 0.000000
0.998776 -0.049460 0.000000 128.106303 0.049460 0.998776 0.000000 6.987713 0.000000 0.000000 1.000000 0.000000
0.998667 -0.051616 0.000000 130.703785 0.051616 0.998667 0.000000 7.125236 0.000000 0.000000 1.000000 0.000000
0.998512 -0.054539 0.000000 133.404660 0.054539 0.998512 0.000000 7.240114 0.000000 0.000000 1.000000 0.000000
0.998482 -0.055083 0.000000 136.102072 0.055083 0.998482 0.000000 7.425843 0.000000 0.000000 1.000000 0.000000
0.998423 -0.056135 0.000000 138.791641 0.056135 0.998423 0.000000 7.584387 0.000000 0.000000 1.000000 0.000000
0.998338 -0.057636 0.000000 141.404861 0.057636 0.998338 0.000000 7.728812 0.000000 0.000000 1.000000 0.000000
0.998199 -0.059983 0.000000 144.159571 0.059983 0.998199 0.000000 7.918727 0.000000 0.000000 1.000000 0.000000
0.998063 -0.062208 0.000000 146.848379 0.062208 0.998063 0.000000 8.067309 0.000000 0.000000 1.000000 0.000000
0.997941 -0.064146 0.000000 149.494621 0.064146 0.997941 0.000000 8.188465 0.000000 0.000000 1.000000 0.000000
0.997826 -0.065908 0.000000 152.223240 0.065908 0.997826 0.000000 8.362965 0.000000 0.000000 1.000000 0.000000
0.997607 -0.069145 0.000000 154.854108 0.069145 0.997607 0.000000 8.513369 0.000000 0.000000 1.000000 0.000000
0.997437 -0.071544 0.000000 157.519656 0.071544 0.997437 0.000000 8.686922 0.000000 0.000000 1.000000 0.000000
0.997316 -0.073218 0.000000 160.160698 0.073218 0.997316 0.000000 8.886964 0.000000 0.000000 1.000000 0.000000
0.997198 -0.074809 0.000000 162.853885 0.074809 0.997198 0.000000 9.083294 0.000000 0.000000 1.000000 0.000000
0.997080 -0.076364 0.000000 165.470343 0.076364 0.997080 0.000000 9.314813 0.000000 0.000000 1.000000 0.000000
0.996889 -0.078819 0.000000 168.129575 0.078819 0.996889 0.000000 9.479746 0.000000 0.000000 1.000000 0.000000
0.996773 -0.080274 0.000000 170.791139 0.080274 0.996773 0.000000 9.690759 0.000000 0.000000 1.000000 0.000000
0.996586 -0.082557 0.000000 173.389957 0.082557 0.996586 0.000000 9.913679 0.000000 0.000000 1.000000 0.000000
0.996347 -0.085399 0.000000 176.016912 0.085399 0.996347 0.000000 10.129860 0.000000 0.000000 1.000000 0.000000
0.996164 -0.087509 0.000000 178.580685 0.087509 0.996164 0.000000 10.357311 0.000000 0.000000 1.000000 0.000000
0.996094 -0.088295 0.000000 181.174632 0.088295 0.996094 0.000000 10.630225 0.000000 0.000000 1.000000 0.000000
0.995878 -0.090699 0.000000 183.793344 0.090699 0.995878 0.000000 10.860382 0.000000 0.000000 1.000000 0.000000
0.995710 -0.092531 0.000000 186.309816 0.092531 0.995710 0.000000 11.085108 0.000000 0.000000 1.000000 0.000000
0.995641 -0.093264 0.000000 188.907750 0.093264 0.995641 0.000000 11.318251 0.000000 0.000000 1.000000 0.000000
0.995436 -0.095428 0.000000 191.461823 0.095428 0.995436 0.000000 11.529124 0.000000 0.000000 1.000000 0.000000
0.994844 -0.101413 0.000000 193.942559 0.101413 0.994844 0.000000 11.748183 0.000000 0.000000 1.000000 0.000000
0.994119 -0.108290 0.000000 196.462852 0.108290 0.994119 0.000000 12.018409 0.000000 0.000000 1.000000 0.000000
0.993113 -0.117158 0.000000 198.852569 0.117158 0.993113 0.000000 12.254724 0.000000 0.000000 1.000000 0.000000
0.991716 -0.128452 0.000000 201.300081 0.128452 0.991716 0.000000 12.506613 0.000000 0.000000 1.000000 0.000000
0.990039 -0.140793 0.000000 203.672525 0.140793 0.990039 0.000000 12.870034 0.000000 0.000000 1.000000 0.000000
0.988780 -0.149378 0.000000 206.027272 0.149378 0.988780 0.000000 13.217039 0.000000 0.000000 1.000000 0.000000
0.987716 -0.156260 0.000000 208.305897 0.156260 0.987716 0.000000 13.533388 0.000000 0.000000 1.000000 0.000000
0.986508 -0.163714 0.000000 210.497731 0.163714 0.986508 0.000000 13.886840 0.000000 0.000000 1.000000 0.000000
0.985363 -0.170468 0.000000 212.779701 0.170468 0.985363 0.000000 14.347508 0.000000 0.000000 1.000000 0.000000
0.984468 -0.175565 0.000000 215.034613 0.175565 0.984468 0.000000 14.760945 0.000000 0.000000 1.000000 0.000000
0.983884 -0.178810 0.000000 217.175809 0.178810 0.983884 0.000000 15.139012 0.000000 0.000000 1.000000 0.000000
0.983495 -0.180933 0.000000 219.395386 0.180933 0.983495 0.000000 15.535855 0.000000 0.000000 1.000000 0.000000
0.983041 -0.183386 0.000000 221.583556 0.183386 0.983041 0.000000 15.959458 0.000000 0.000000 1.000000 0.000000
0.982175 -0.187971 0.000000 223.742175 0.187971 0.982175 0.000000 16.300919 0.000000 0.000000 1.000000 0.000000
0.981372 -0.192116 0.000000 225.882438 0.192116 0.981372 0.000000 16.759440 0.000000 0.000000 1.000000 0.000000
0.979760 -0.200178 0.000000 228.088938 0.200178 0.979760 0.000000 17.182670 0.000000 0.000000 1.000000 0.000000
0.978202 -0.207657 0.000000 230.112142 0.207657 0.978202 0.000000 17.657527 0.000000 0.000000 1.000000 0.000000
0.976833 -0.214004 0.000000 232.191491 0.214004 0.976833 0.000000 18.131841 0.000000 0.000000 1.000000 0.000000
0.975537 -0.219836 0.000000 234.270066 0.219836 0.975537 0.000000 18.604103 0.000000 0.000000 1.000000 0.000000
0.974785 -0.223145 0.000000 236.361002 0.223145 0.974785 0.000000 19.094509 0.000000 0.000000 1.000000 0.000000
0.974477 -0.224488 0.000000 238.382077 0.224488 0.974477 0.000000 19.561819 0.000000 0.000000 1.000000 0.000000
0.974551 -0.224166 0.000000 240.406488 0.224166 0.974551 0.000000 20.040871 0.000000 0.000000 1.000000 0.000000
0.975107 -0.221733 0.000000 242.405363 0.221733 0.975107 0.000000 20.495189 0.000000 0.000000 1.000000 0.000000
0.976961 -0.213419 0.000000 244.398789 0.213419 0.976961 0.000000 21.012098 0.000000 0.000000 1.000000 0.000000
0.979860 -0.199686 0.000000 246.481707 0.199686 0.979860 0.000000 21.372987 0.000000 0.000000 1.000000 0.000000
0.982789 -0.184730 0.000000 248.535748 0.184730 0.982789 0.000000 21.782404 0.000000 0.000000 1.000000 0.000000
0.984598 -0.174831 0.000000 250.650001 0.174831 0.984598 0.000000 22.167736 0.000000 0.000000 1.000000 0.000000
0.986638 -0.162925 0.000000 252.715154 0.162925 0.986638 0.000000 22.499940 0.000000 0.000000 1.000000 0.000000
0.987831 -0.155531 0.000000 254.827176 0.155531 0.987831 0.000000 22.762123 0.000000 0.000000 1.000000 0.000000
0.988483 -0.151332 0.000000 256.895360 0.151332 0.988483 0.000000 23.107929 0.000000 0.000000 1.000000 0.000000
0.988990 -0.147985 0.000000 259.093831 0.147985 0.988990 0.000000 23.414995 0.000000 0.000000 1.000000 0.000000
0.989205 -0.146539 0.000000 261.268408 0.146539 0.989205 0.000000 23.699340 0.000000 0.000000 1.000000 0.000000
0.989064 -0.147485 0.000000 263.389262 0.147485 0.989064 0.000000 24.060273 0.000000 0.000000 1.000000 0.000000
0.989046 -0.147605 0.000000 265.650364 0.147605 0.989046 0.000000 24.375490 0.000000 0.000000 1.000000 0.000000
0.988924 -0.148426 0.000000 267.911145 0.148426 0.988924 0.000000 24.710075 0.000000 0.000000 1.000000 0.000000
0.988800 -0.149247 0.000000 270.193098 0.149247 0.988800 0.000000 25.036426 0.000000 0.000000 1.000000 0.000000
0.988718 -0.149786 0.000000 272.450921 0.149786 0.988718 0.000000 25.329125 0.000000 0.000000 1.000000 0.000000
0.988668 -0.150119 0.000000 274.727421 0.150119 0.988668 0.000000 25.681294 0.000000 0.000000 1.000000 0.000000
0.988363 -0.152116 0.000000 277.029430 0.152116 0.988363 0.000000 26.047378 0.000000 0.000000 1.000000 0.000000
0.988610 -0.150502 0.000000 279.317620 0.150502 0.988610 0.000000 26.396431 0.000000 0.000000 1.000000 0.000000
0.989048 -0.147591 0.000000 281.598217 0.147591 0.989048 0.000000 26.678275 0.000000 0.000000 1.000000 0.000000
0.989387 -0.145307 0.000000 283.840079 0.145307 0.989387 0.000000 27.027871 0.000000 0.000000 1.000000 0.000000
0.989767 -0.142692 0.000000 286.072961 0.142692 0.989767 0.000000 27.337886 0.000000 0.000000 1.000000 0.000000
0.990226 -0.139470 0.000000 288.341418 0.139470 0.990226 0.000000 27.685461 0.000000 0.000000 1.000000 0.000000
0.990638 -0.136512 0.000000 290.561311 0.136512 0.990638 0.000000 27.953003 0.000000 0.000000 1.000000 0.000000
0.991010 -0.133787 0.000000 292.757412 0.133787 0.991010 0.000000 28.265384 0.000000 0.000000 1.000000 0.000000
0.991511 -0.130020 0.000000 294.957097 0.130020 0.991511 0.000000 28.541191 0.000000 0.000000 1.000000 0.000000
0.991987 -0.126340 0.000000 297.191985 0.126340 0.991987 0.000000 28.797634 0.000000 0.000000 1.000000 0.000000
0.992345 -0.123495 0.000000 299.378687 0.123495 0.992345 0.000000 28.971525 0.000000 0.000000 1.000000 0.000000
0.992750 -0.120200 0.000000 301.519210 0.120200 0.992750 0.000000 29.253364 0.000000 0.000000 1.000000 0.000000
0.993056 -0.117645 0.000000 303.705177 0.117645 0.993056 0.000000 29.536079 0.000000 0.000000 1.000000 0.000000
0.993191 -0.116494 0.000000 305.843836 0.116494 0.993191 0.000000 29.797489 0.000000 0.000000 1.000000 0.000000
0.993530 -0.113573 0.000000 307.986570 0.113573 0.993530 0.000000 29.996731 0.000000 0.000000 1.000000 0.000000
0.994012 -0.109274 0.000000 310.149227 0.109274 0.994012 0.000000 30.182918 0.000000 0.000000 1.000000 0.000000
0.994043 -0.108987 0.000000 312.311232 0.108987 0.994043 0.000000 30.485765 0.000000 0.000000 1.000000 0.000000
0.994276 -0.106842 0.000000 314.452051 0.106842 0.994276 0.000000 30.677768 0.000000 0.000000 1.000000 0.000000
0.994478 -0.104944 0.000000 316.603626 0.104944 0.994478 0.000000 30.881339 0.000000 0.000000 1.000000 0.000000
0.994725 -0.102582 0.000000 318.741757 0.102582 0.994725 0.000000 31.085248 0.000000 0.000000 1.000000 0.000000
0.995030 -0.099575 0.000000 320.918411 0.099575 0.995030 0.000000 31.215638 0.000000 0.000000 1.000000 0.000000
0.995172 -0.098144 0.000000 323.125042 0.098144 0.995172 0.000000 31.451502 0.000000 0.000000 1.000000 0.000000
0.995392 -0.095889 0.000000 325.311826 0.095889 0.995392 0.000000 31.622791 0.000000 0.000000 1.000000 0.000000
0.995564 -0.094092 0.000000 327.476892 0.094092 0.995564 0.000000 31.811684 0.000000 0.000000 1.000000 0.000000
0.995611 -0.093591 0.000000 329.648584 0.093591 0.995611 0.000000 31.997243 0.000000 0.000000 1.000000 0.000000
0.995549 -0.094248 0.000000 331.905864 0.094248 0.995549 0.000000 32.187225 0.000000 0.000000 1.000000 0.000000
0.995667 -0.092986 0.000000 334.144117 0.092986 0.995667 0.000000 32.418013 0.000000 0.000000 1.000000 0.000000
0.995648 -0.093194 0.000000 336.422928 0.093194 0.995648 0.000000 32.624834 0.000000 0.000000 1.000000 0.000000
0.995670 -0.092957 0.000000 338.711876 0.092957 0.995670 0.000000 32.801256 0.000000 0.000000 1.000000 0.000000
0.995589 -0.093825 0.000000 341.012913 0.093825 0.995589 0.000000 32.960958 0.000000 0.000000 1.000000 0.000000
0.995652 -0.093150 0.000000 343.288507 0.093150 0.995652 0.000000 33.189138 0.000000 0.000000 1.000000 0.000000
0.995643 -0.093251 0.000000 345.631927 0.093251 0.995643 0.000000 33.392081 0.000000 0.000000 1.000000 0.000000
0.995880 -0.090680 0.000000 347.933843 0.090680 0.995880 0.000000 33.590978 0.000000 0.000000 1.000000 0.000000
0.996025 -0.089070 0.000000 350.251659 0.089070 0.996025 0.000000 33.803748 0.000000 0.000000 1.000000 0.000000
0.996141 -0.087765 0.000000 352.599037 0.087765 0.996141 0.000000 33.996204 0.000000 0.000000 1.000000 0.000000
0.996621 -0.082141 0.000000 354.942810 0.082141 0.996621 0.000000 34.162530 0.000000 0.000000 1.000000 0.000000
0.997149 -0.075454 0.000000 357.277223 0.075454 0.997149 0.000000 34.347013 0.000000 0.000000 1.000000 0.000000
0.997804 -0.066235 0.000000 359.713608 0.066235 0.997804 0.000000 34.516131 0.000000 0.000000 1.000000 0.000000
0.998446 -0.055721 0.000000 362.119248 0.055721 0.998446 0.000000 34.659592 0.000000 0.000000 1.000000 0.000000
0.999024 -0.044172 0.000000 364.565094 0.044172 0.999024 0.000000 34.744055 0.000000 0.000000 1.000000 0.000000
0.999370 -0.035488 0.000000 366.978109 0.035488 0.999370 0.000000 34.821340 0.000000 0.000000 1.000000 0.000000
0.999599 -0.028312 0.000000 369.461926 0.028312 0.999599 0.000000 34.902958 0.000000 0.000000 1.000000 0.000000
0.999777 -0.021098 0.000000 371.859516 0.021098 0.999777 0.000000 34.940589 0.000000 0.000000 1.000000 0.000000
0.999864 -0.016508 0.000000 374.326274 0.016508 0.999864 0.000000 34.978530 0.000000 0.000000 1.000000 0.000000
0.999899 -0.014230 0.000000 376.784773 0.014230 0.999899 0.000000 34.992431 0.000000 0.000000 1.000000 0.000000
0.999921 -0.012556 0.000000 379.195539 0.012556 0.999921 0.000000 35.020445 0.000000 0.000000 1.000000 0.000000
0.999913 -0.013217 0.000000 381.713213 0.013217 0.999913 0.000000 35.014210 0.000000 0.000000 1.000000 0.000000
0.999887 -0.015060 0.000000 384.220649 0.015060 0.999887 0.000000 35.050719 0.000000 0.000000 1.000000 0.000000
0.999830 -0.018456 0.000000 386.709661 0.018456 0.999830 0.000000 35.103917 0.000000 0.000000 1.000000 0.000000
0.999697 -0.024614 0.000000 389.261352 0.024614 0.999697 0.000000 35.181043 0.000000 0.000000 1.000000 0.000000
0.999404 -0.034524 0.000000 391.733703 0.034524 0.999404 0.000000 35.229258 0.000000 0.000000 1.000000 0.000000
0.999080 -0.042881 0.000000 394.180107 0.042881 0.999080 0.000000 35.313212 0.000000 0.000000 1.000000 0.000000
0.998672 -0.051526 0.000000 396.703982 0.051526 0.998672 0.000000 35.454385 0.000000 0.000000 1.000000 0.000000
0.998297 -0.058341 0.000000 399.176881 0.058341 0.998297 0.000000 35.579080 0.000000 0.000000 1.000000 0.000000
0.997997 -0.063255 0.000000 401.620615 0.063255 0.997997 0.000000 35.695474 0.000000 0.000000 1.000000 0.000000
0.997789 -0.066466 0.000000 404.049686 0.066466 0.997789 0.000000 35.828934 0.000000 0.000000 1.000000 0.000000
0.997770 -0.066753 0.000000 406.441855 0.066753 0.997770 0.000000 35.975017 0.000000 0.000000 1.000000 0.000000
0.997822 -0.065970 0.000000 408.833107 0.065970 0.997822 0.000000 36.141039 0.000000 0.000000 1.000000 0.000000
0.997873 -0.065181 0.000000 411.205040 0.065181 0.997873 0.000000 36.275587 0.000000 0.000000 1.000000 0.000000
0.997812 -0.066119 0.000000 413.450301 0.066119 0.997812 0.000000 36.409437 0.000000 0.000000 1.000000 0.000000
0.997533 -0.070202 0.000000 415.670759 0.070202 0.997533 0.000000 36.545414 0.000000 0.000000 1.000000 0.000000
0.997219 -0.074530 0.000000 417.836665 0.074530 0.997219 0.000000 36.662650 0.000000 0.000000 1.000000 0.000000
0.996770 -0.080308 0.000000 419.918132 0.080308 0.996770 0.000000 36.835908 0.000000 0.000000 1.000000 0.000000
0.996363 -0.085205 0.000000 421.967138 0.085205 0.996363 0.000000 36.947548 0.000000 0.000000 1.000000 0.000000
0.995875 -0.090735 0.000000 423.979332 0.090735 0.995875 0.000000 37.140939 0.000000 0.000000 1.000000 0.000000
0.995486 -0.094908 0.000000 425.913778 0.094908 0.995486 0.000000 37.350482 0.000000 0.000000 1.000000 0.000000
0.995222 -0.097638 0.000000 427.861802 0.097638 0.995222 0.000000 37.486296 0.000000 0.000000 1.000000 0.000000
0.995147 -0.098400 0.000000 429.664117 0.098400 0.995147 0.000000 37.689168 0.000000 0.000000 1.000000 0.000000
0.995467 -0.095110 0.000000 431.432524 0.095110 0.995467 0.000000 37.860260 0.000000 0.000000 1.000000 0.000000
0.996015 -0.089189 0.000000 433.159267 0.089189 0.996015 0.000000 37.981813 0.000000 0.000000 1.000000 0.000000
0.996735 -0.080748 0.000000 434.765274 0.080748 0.996735 0.000000 38.094461 0.000000 0.000000 1.000000 0.000000
0.997825 -0.065918 0.000000 436.249408 0.065918 0.997825 0.000000 38.185983 0.000000 0.000000 1.000000 0.000000
0.999139 -0.041477 0.000000 437.690731 0.041477 0.999139 0.000000 38.283511 0.000000 0.000000 1.000000 0.000000
1.000000 -0.000020 0.000000 438.998532 0.000020 1.000000 0.000000 38.245469 0.000000 0.000000 1.000000 0.000000
0.998224 0.059565 0.000000 440.282116 -0.059565 0.998224 0.000000 38.141721 0.000000 0.000000 1.000000 0.000000
0.992136 0.125165 0.000000 441.518514 -0.125165 0.992136 0.000000 37.894605 0.000000 0.000000 1.000000 0.000000
0.981685 0.190513 0.000000 442.638946 -0.190513 0.981685 0.000000 37.572358 0.000000 0.000000 1.000000 0.000000
0.966242 0.257635 0.000000 443.639310 -0.257635 0.966242 0.000000 37.282047 0.000000 0.000000 1.000000 0.000000
0.945842 0.324626 0.000000 444.593785 -0.324626 0.945842 0.000000 36.900307 0.000000 0.000000 1.000000 0.000000
0.921027 0.389498 0.000000 445.495476 -0.389498 0.921027 0.000000 36.460668 0.000000 0.000000 1.000000 0.000000
0.891780 0.452469 0.000000 446.243846 -0.452469 0.891780 0.000000 36.008308 0.000000 0.000000 1.000000 0.000000
0.856867 0.515537 0.000000 446.886109 -0.515537 0.856867 0.000000 35.525804 0.000000 0.000000 1.000000 0.000000
0.817508 0.575917 0.000000 447.610133 -0.575917 0.817508 0.000000 35.011494 0.000000 0.000000 1.000000 0.000000
0.767406 0.641162 0.000000 448.156002 -0.641162 0.767406 0.000000 34.457236 0.000000 0.000000 1.000000 0.000000
0.707289 0.706925 0.000000 448.675677 -0.706925 0.707289 0.000000 33.810519 0.000000 0.000000 1.000000 0.000000
0.638786 0.769384 0.000000 449.213596 -0.769384 0.638786 0.000000 33.116017 0.000000 0.000000 1.000000 0.000000
0.560995 0.827819 0.000000 449.602639 -0.827819 0.560995 0.000000 32.430991 0.000000 0.000000 1.000000 0.000000
0.475794 0.879557 0.000000 449.901646 -0.879557 0.475794 0.000000 31.707741 0.000000 0.000000 1.000000 0.000000
0.381415 0.924404 0.000000 450.111055 -0.924404 0.381415 0.000000 30.944562 0.000000 0.000000 1.000000 0.000000
0.275378 0.961336 0.000000 450.256105 -0.961336 0.275378 0.000000 30.130763 0.000000 0.000000 1.000000 0.000000
0.159440 0.987208 0.000000 450.332271 -0.987208 0.159440 0.000000 29.228027 0.000000 0.000000 1.000000 0.000000
0.038273 0.999267 0.000000 450.286647 -0.999267 0.038273 0.000000 28.347487 0.000000 0.000000 1.000000 0.000000
-0.085919 0.996302 0.000000 450.138055 -0.996302 -0.085919 0.000000 27.390371 0.000000 0.000000 1.000000 0.000000
-0.208792 0.977960 0.000000 449.871547 -0.977960 -0.208792 0.000000 26.390261 0.000000 0.000000 1.000000 0.000000
-0.325468 0.945553 0.000000 449.438135 -0.945553 -0.325468 0.000000 25.464794 0.000000 0.000000 1.000000 0.000000
-0.437712 0.899115 0.000000 448.907792 -0.899115 -0.437712 0.000000 24.529951 0.000000 0.000000 1.000000 0.000000
