0.999579 -0.029022 0.000000 -3.110983 0.029022 0.999579 0.000000 1.014766 0.000000 0.000000 1.000000 0.000000
0.997204 -0.074730 0.000000 -0.660806 0.074730 0.997204 0.000000 1.209290 0.000000 0.000000 1.000000 0.000000
0.995798 -0.091575 0.000000 1.516587 0.091575 0.995798 0.000000 1.350409 0.000000 0.000000 1.000000 0.000000
0.995827 -0.091257 0.000000 4.120026 0.091257 0.995827 0.000000 1.621416 0.000000 0.000000 1.000000 0.000000
0.996272 -0.086270 0.000000 7.161025 0.086270 0.996272 0.000000 1.879684 0.000000 0.000000 1.000000 0.000000
0.996600 -0.082392 0.000000 9.033053 0.082392 0.996600 0.000000 2.054290 0.000000 0.000000 1.000000 0.000000
0.996943 -0.078126 0.000000 10.803693 0.078126 0.996943 0.000000 2.183596 0.000000 0.000000 1.000000 0.000000
0.997187 -0.074950 0.000000 12.718973 0.074950 0.997187 0.000000 2.274592 0.000000 0.000000 1.000000 0.000000
0.997561 -0.069795 0.000000 14.731045 0.069795 0.997561 0.000000 2.417608 0.000000 0.000000 1.000000 0.000000
0.997968 -0.063724 0.000000 16.798650 0.063724 0.997968 0.000000 2.569270 0.000000 0.000000 1.000000 0.000000
0.998346 -0.057488 0.000000 18.981165 0.057488 0.998346 0.000000 2.685285 0.000000 0.000000 1.000000 0.000000
0.998714 -0.050706 0.000000 21.086296 0.050706 0.998714 0.000000 2.812822 0.000000 0.000000 1.000000 0.000000
0.998992 -0.044894 0.000000 23.348903 0.044894 0.998992 0.000000 2.875943 0.000000 0.000000 1.000000 0.000000
0.999146 -0.041313 0.000000 25.620519 0.041313 0.999146 0.000000 2.982855 0.000000 0.000000 1.000000 0.000000
0.999195 -0.040111 0.000000 27.943400 0.040111 0.999195 0.000000 3.034965 0.000000 0.000000 1.000000 0.000000
0.999251 -0.038696 0.000000 30.274782 0.038696 0.999251 0.000000 3.128628 0.000000 0.000000 1.000000 0.000000
0.999334 -0.036493 0.000000 32.688790 0.036493 0.999334 0.000000 3.224902 0.000000 0.000000 1.000000 0.000000
0.999415 -0.034187 0.000000 35.068643 0.034187 0.999415 0.000000 3.262392 0.000000 0.000000 1.000000 0.000000
0.999572 -0.029244 0.000000 37.471188 0.029244 0.999572 0.000000 3.324633 0.000000 0.000000 1.000000 0.000000
0.999719 -0.023698 0.000000 39.790035 0.023698 0.999719 0.000000 3.349137 0.000000 0.000000 1.000000 0.000000
0.999870 -0.016127 0.000000 42.091209 0.016127 0.999870 0.000000 3.393048 0.000000 0.000000 1.000000 0.000000
0.999946 -0.010388 0.000000 44.373533 0.010388 0.999946 0.000000 3.401452 0.000000 0.000000 1.000000 0.000000
0.999978 -0.006615 0.000000 46.593964 0.006615 0.999978 0.000000 3.422220 0.000000 0.000000 1.000000 0.000000
0.999969 -0.007923 0.000000 48.846108 0.007923 0.999969 0.000000 3.393871 0.000000 0.000000 1.000000 0.000000
0.999956 -0.009330 0.000000 51.155746 0.009330 0.999956 0.000000 3.449514 0.000000 0.000000 1.000000 0.000000
0.999938 -0.011127 0.000000 53.446891 0.011127 0.999938 0.000000 3.474931 0.000000 0.000000 1.000000 0.000000
0.999867 -0.016337 0.000000 55.752320 0.016337 0.999867 0.000000 3.514531 0.000000 0.000000 1.000000 0.000000
0.999742 -0.022699 0.000000 58.007667 0.022699 0.999742 0.000000 3.537499 0.000000 0.000000 1.000000 0.000000
0.999577 -0.029076 0.000000 60.270262 0.029076 0.999577 0.000000 3.561258 0.000000 0.000000 1.000000 0.000000
0.999395 -0.034788 0.000000 62.466623 0.034788 0.999395 0.000000 3.635359 0.000000 0.000000 1.000000 0.000000
0.999138 -0.041507 0.000000 64.766670 0.041507 0.999138 0.000000 3.712706 0.000000 0.000000 1.000000 0.000000
0.998815 -0.048668 0.000000 67.087756 0.048668 0.998815 0.000000 3.861721 0.000000 0.000000 1.000000 0.000000
0.998350 -0.057427 0.000000 69.349556 0.057427 0.998350 0.000000 3.999879 0.000000 0.000000 1.000000 0.000000
0.997819 -0.066006 0.000000 71.630891 0.066006 0.997819 0.000000 4.070321 0.000000 0.000000 1.000000 0.000000
0.997260 -0.073981 0.000000 73.953124 0.073981 0.997260 0.000000 4.200690 0.000000 0.000000 1.000000 0.000000
0.996905 -0.078614 0.000000 76.290585 0.078614 0.996905 0.000000 4.365693 0.000000 0.000000 1.000000 0.000000
0.997005 -0.077343 0.000000 78.618260 0.077343 0.997005 0.000000 4.551153 0.000000 0.000000 1.000000 0.000000
0.997454 -0.071307 0.000000 81.005788 0.071307 0.997454 0.000000 4.717960 0.000000 0.000000 1.000000 0.000000
0.998455 -0.055558 0.000000 83.484052 0.055558 0.998455 0.000000 4.862714 0.000000 0.000000 1.000000 0.000000
0.999228 -0.039278 0.000000 85.876678 0.039278 0.999228 0.000000 4.970814 0.000000 0.000000 1.000000 0.000000
0.999726 -0.023405 0.000000 88.429095 0.023405 0.999726 0.000000 5.011462 0.000000 0.000000 1.000000 0.000000
0.999901 -0.014095 0.000000 91.009434 0.014095 0.999901 0.000000 5.009112 0.000000 0.000000 1.000000 0.000000
0.999954 -0.009624 0.000000 93.655484 0.009624 0.999954 0.000000 5.015440 0.000000 0.000000 1.000000 0.000000
0.999954 -0.009572 0.000000 96.300978 0.009572 0.999954 0.000000 5.017205 0.000000 0.000000 1.000000 0.000000
0.999940 -0.010929 0.000000 98.953468 0.010929 0.999940 0.000000 5.073118 0.000000 0.000000 1.000000 0.000000
0.999922 -0.012492 0.000000 101.695934 0.012492 0.999922 0.000000 5.092873 0.000000 0.000000 1.000000 0.000000
0.999902 -0.014029 0.000000 104.440306 0.014029 0.999902 0.000000 5.091642 0.000000 0.000000 1.000000 0.000000
0.999870 -0.016117 0.000000 107.163431 0.016117 0.999870 0.000000 5.146690 0.000000 0.000000 1.000000 0.000000
0.999815 -0.019245 0.000000 109.923054 0.019245 0.999815 0.000000 5.182907 0.000000 0.000000 1.000000 0.000000
0.999748 -0.022441 0.000000 112.629343 0.022441 0.999748 0.000000 5.209566 0.000000 0.000000 1.000000 0.000000
0.999668 -0.025748 0.000000 115.352207 0.025748 0.999668 0.000000 5.259725 0.000000 0.000000 1.000000 0.000000
0.999633 -0.027072 0.000000 118.011213 0.027072 0.999633 0.000000 5.325622 0.000000 0.000000 1.000000 0.000000
0.999597 -0.028377 0.000000 120.670457 0.028377 0.999597 0.000000 5.420392 0.000000 0.000000 1.000000 0.000000
0.999547 -0.030089 0.000000 123.390490 0.030089 0.999547 0.000000 5.511647 0.000000 0.000000 1.000000 0.000000
0.999481 -0.032222 0.000000 125.990143 0.032222 0.999481 0.000000 5.598728 0.000000 0.000000 1.000000 0.000000
0.999383 -0.035123 0.000000 128.692732 0.035123 0.999383 0.000000 5.661095 0.000000 0.000000 1.000000 0.000000
0.999365 -0.035641 0.000000 131.393239 0.035641 0.999365 0.000000 5.794298 0.000000 0.000000 1.000000 0.000000
0.999327 -0.036668 0.000000 134.085378 0.036668 0.999327 0.000000 5.900403 0.000000 0.000000 1.000000 0.000000
0.999272 -0.038144 0.000000 136.700909 0.038144 0.999272 0.000000 5.993811 0.000000 0.000000 1.000000 0.000000
0.999181 -0.040467 0.000000 139.458796 0.040467 0.999181 0.000000 6.129865 0.000000 0.000000 1.000000 0.000000
0.999089 -0.042666 0.000000 142.149988 0.042666 0.999089 0.000000 6.225808 0.000000 0.000000 1.000000 0.000000
0.999006 -0.044579 0.000000 144.798087 0.044579 0.999006 0.000000 6.295088 0.000000 0.000000 1.000000 0.000000
0.998927 -0.046314 0.000000 147.529597 0.046314 0.998927 0.000000 6.416009 0.000000 0.000000 1.000000 0.000000
0.998773 -0.049526 0.000000 150.162904 0.049526 0.998773 0.000000 6.514681 0.000000 0.000000 1.000000 0.000000
0.998652 -0.051898 0.000000 152.831343 0.051898 0.998652 0.000000 6.635737 0.000000 0.000000 1.000000 0.000000
0.998566 -0.053543 0.000000 155.475806 0.053543 0.998566 0.000000 6.783678 0.000000 0.000000 1.000000 0.000000
0.998481 -0.055106 0.000000 158.172336 0.055106 0.998481 0.000000 6.926799 0.000000 0.000000 1.000000 0.000000
0.998395 -0.056632 0.000000 160.792852 0.056632 0.998395 0.000000 7.106533 0.000000 0.000000 1.000000 0.000000
0.998255 -0.059058 0.000000 163.454820 0.059058 0.998255 0.000000 7.218764 0.000000 0.000000 1.000000 0.000000
0.998169 -0.060482 0.000000 166.120037 0.060482 0.998169 0.000000 7.376934 0.000000 0.000000 1.000000 0.000000
0.998030 -0.062736 0.000000 168.722764 0.062736 0.998030 0.000000 7.548167 0.000000 0.000000 1.000000 0.000000
0.997849 -0.065548 0.000000 171.353492 0.065548 0.997849 0.000000 7.712013 0.000000 0.000000 1.000000 0.000000
0.997711 -0.067628 0.000000 173.921283 0.067628 0.997711 0.000000 7.888299 0.000000 0.000000 1.000000 0.000000
0.997659 -0.068380 0.000000 176.520155 0.068380 0.997659 0.000000 8.109346 0.000000 0.000000 1.000000 0.000000
0.997494 -0.070753 0.000000 179.142939 0.070753 0.997494 0.000000 8.287057 0.000000 0.000000 1.000000 0.000000
0.997365 -0.072552 0.000000 181.663402 0.072552 0.997365 0.000000 8.461294 0.000000 0.000000 1.000000 0.000000
0.997314 -0.073250 0.000000 184.265486 0.073250 0.997314 0.000000 8.642218 0.000000 0.000000 1.000000 0.000000
0.997155 -0.075380 0.000000 186.823276 0.075380 0.997155 0.000000 8.801662 0.000000 0.000000 1.000000 0.000000
0.996687 -0.081338 0.000000 189.307915 0.081338 0.996687 0.000000 8.970672 0.000000 0.000000 1.000000 0.000000
0.996104 -0.088191 0.000000 191.833142 0.088191 0.996104 0.000000 9.189945 0.000000 0.000000 1.000000 0.000000
0.995281 -0.097039 0.000000 194.227144 0.097039 0.995281 0.000000 9.377858 0.000000 0.000000 1.000000 0.000000
0.994116 -0.108319 0.000000 196.679250 0.108319 0.994116 0.000000 9.580075 0.000000 0.000000 1.000000 0.000000
0.992695 -0.120652 0.000000 199.058579 0.120652 0.992695 0.000000 9.895229 0.000000 0.000000 1.000000 0.000000
0.991616 -0.129221 0.000000 201.419893 0.129221 0.991616 0.000000 10.194233 0.000000 0.000000 1.000000 0.000000
0.990698 -0.136082 0.000000 203.704487 0.136082 0.990698 0.000000 10.464043 0.000000 0.000000 1.000000 0.000000
0.989648 -0.143517 0.000000 205.903078 0.143517 0.989648 0.000000 10.772626 0.000000 0.000000 1.000000 0.000000
0.988648 -0.150252 0.000000 208.193996 0.150252 0.988648 0.000000 11.186464 0.000000 0.000000 1.000000 0.000000
0.987864 -0.155323 0.000000 210.456910 0.155323 0.987864 0.000000 11.553535 0.000000 0.000000 1.000000 0.000000
0.987353 -0.158536 0.000000 212.605421 0.158536 0.987353 0.000000 11.887485 0.000000 0.000000 1.000000 0.000000
0.987016 -0.160622 0.000000 214.832697 0.160622 0.987016 0.000000 12.238494 0.000000 0.000000 1.000000 0.000000
0.986620 -0.163039 0.000000 217.029142 0.163039 0.986620 0.000000 12.616806 0.000000 0.000000 1.000000 0.000000
0.985856 -0.167596 0.000000 219.194359 0.167596 0.985856 0.000000 12.913504 0.000000 0.000000 1.000000 0.000000
0.985147 -0.171710 0.000000 221.343667 0.171710 0.985147 0.000000 13.327516 0.000000 0.000000 1.000000 0.000000
0.983711 -0.179758 0.000000 223.558484 0.179758 0.983711 0.000000 13.704766 0.000000 0.000000 1.000000 0.000000
0.982318 -0.187220 0.000000 225.591138 0.187220 0.982318 0.000000 14.137347 0.000000 0.000000 1.000000 0.000000
0.981091 -0.193547 0.000000 227.679935 0.193547 0.981091 0.000000 14.568113 0.000000 0.000000 1.000000 0.000000
0.979927 -0.199356 0.000000 229.767936 0.199356 0.979927 0.000000 14.996739 0.000000 0.000000 1.000000 0.000000
0.979255 -0.202631 0.000000 231.868698 0.202631 0.979255 0.000000 15.443142 0.000000 0.000000 1.000000 0.000000
0.978985 -0.203930 0.000000 233.899151 0.203930 0.978985 0.000000 15.867817 0.000000 0.000000 1.000000 0.000000
0.979063 -0.203556 0.000000 235.933209 0.203556 0.979063 0.000000 16.304055 0.000000 0.000000 1.000000 0.000000
0.979579 -0.201061 0.000000 237.941237 0.201061 0.979579 0.000000 16.715999 0.000000 0.000000 1.000000 0.000000
0.981266 -0.192658 0.000000 239.945166 0.192658 0.981266 0.000000 17.190529 0.000000 0.000000 1.000000 0.000000
0.983883 -0.178813 0.000000 242.035276 0.178813 0.983883 0.000000 17.507065 0.000000 0.000000 1.000000 0.000000
0.986503 -0.163745 0.000000 244.097566 0.163745 0.986503 0.000000 17.872619 0.000000 0.000000 1.000000 0.000000
0.988109 -0.153755 0.000000 246.219561 0.153755 0.988109 0.000000 18.212693 0.000000 0.000000 1.000000 0.000000
0.989902 -0.141753 0.000000 248.291347 0.141753 0.989902 0.000000 18.500585 0.000000 0.000000 1.000000 0.000000
0.990943 -0.134280 0.000000 250.408505 0.134280 0.990943 0.000000 18.717349 0.000000 0.000000 1.000000 0.000000
0.991513 -0.130011 0.000000 252.483647 0.130011 0.991513 0.000000 19.018540 0.000000 0.000000 1.000000 0.000000
0.991954 -0.126597 0.000000 254.688227 0.126597 0.991954 0.000000 19.278068 0.000000 0.000000 1.000000 0.000000
0.992146 -0.125089 0.000000 256.868441 0.125089 0.992146 0.000000 19.515270 0.000000 0.000000 1.000000 0.000000
0.992033 -0.125979 0.000000 258.996622 0.125979 0.992033 0.000000 19.830080 0.000000 0.000000 1.000000 0.000000
0.992025 -0.126041 0.000000 261.264041 0.126041 0.992025 0.000000 20.096006 0.000000 0.000000 1.000000 0.000000
0.991928 -0.126805 0.000000 263.531578 0.126805 0.991928 0.000000 20.381167 0.000000 0.000000 1.000000 0.000000
0.991830 -0.127569 0.000000 265.820119 0.127569 0.991830 0.000000 20.657496 0.000000 0.000000 1.000000 0.000000
0.991768 -0.128049 0.000000 268.083813 0.128049 0.991768 0.000000 20.900569 0.000000 0.000000 1.000000 0.000000
0.991733 -0.128322 0.000000 270.367504 0.128322 0.991733 0.000000 21.202548 0.000000 0.000000 1.000000 0.000000
0.991479 -0.130263 0.000000 272.677025 0.130263 0.991479 0.000000 21.517734 0.000000 0.000000 1.000000 0.000000
0.991699 -0.128582 0.000000 274.972371 0.128582 0.991699 0.000000 21.816052 0.000000 0.000000 1.000000 0.000000
0.992081 -0.125599 0.000000 277.258655 0.125599 0.992081 0.000000 22.047201 0.000000 0.000000 1.000000 0.000000
0.992376 -0.123244 0.000000 279.507736 0.123244 0.992376 0.000000 22.346801 0.000000 0.000000 1.000000 0.000000
0.992706 -0.120557 0.000000 281.746975 0.120557 0.992706 0.000000 22.606885 0.000000 0.000000 1.000000 0.000000
0.993101 -0.117260 0.000000 284.022638 0.117260 0.993101 0.000000 22.903576 0.000000 0.000000 1.000000 0.000000
0.993455 -0.114228 0.000000 286.247971 0.114228 0.993455 0.000000 23.121195 0.000000 0.000000 1.000000 0.000000
0.993772 -0.111429 0.000000 288.450543 0.111429 0.993772 0.000000 23.384029 0.000000 0.000000 1.000000 0.000000
0.994196 -0.107586 0.000000 290.655888 0.107586 0.994196 0.000000 23.610069 0.000000 0.000000 1.000000 0.000000
0.994595 -0.103828 0.000000 292.896006 0.103828 0.994595 0.000000 23.815803 0.000000 0.000000 1.000000 0.000000
0.994896 -0.100908 0.000000 295.086087 0.100908 0.994896 0.000000 23.939948 0.000000 0.000000 1.000000 0.000000
0.995232 -0.097536 0.000000 297.232470 0.097536 0.995232 0.000000 24.172916 0.000000 0.000000 1.000000 0.000000
0.995486 -0.094906 0.000000 299.424322 0.094906 0.995486 0.000000 24.405572 0.000000 0.000000 1.000000 0.000000
0.995602 -0.093683 0.000000 301.568405 0.093683 0.995602 0.000000 24.617860 0.000000 0.000000 1.000000 0.000000
0.995880 -0.090684 0.000000 303.715148 0.090684 0.995880 0.000000 24.767751 0.000000 0.000000 1.000000 0.000000
0.996269 -0.086305 0.000000 305.881517 0.086305 0.996269 0.000000 24.903979 0.000000 0.000000 1.000000 0.000000
0.996300 -0.085946 0.000000 308.049945 0.085946 0.996300 0.000000 25.156696 0.000000 0.000000 1.000000 0.000000
0.996489 -0.083725 0.000000 310.194637 0.083725 0.996489 0.000000 25.298936 0.000000 0.000000 1.000000 0.000000
0.996653 -0.081749 0.000000 312.350361 0.081749 0.996653 0.000000 25.452333 0.000000 0.000000 1.000000 0.000000
0.996850 -0.079310 0.000000 314.492665 0.079310 0.996850 0.000000 25.606226 0.000000 0.000000 1.000000 0.000000
0.997091 -0.076224 0.000000 316.671768 0.076224 0.997091 0.000000 25.685560 0.000000 0.000000 1.000000 0.000000
0.997205 -0.074716 0.000000 318.883327 0.074716 0.997205 0.000000 25.869473 0.000000 0.000000 1.000000 0.000000
0.997377 -0.072382 0.000000 321.073533 0.072382 0.997377 0.000000 25.989132 0.000000 0.000000 1.000000 0.000000
0.997511 -0.070507 0.000000 323.242455 0.070507 0.997511 0.000000 26.126741 0.000000 0.000000 1.000000 0.000000
0.997552 -0.069930 0.000000 325.417931 0.069930 0.997552 0.000000 26.260695 0.000000 0.000000 1.000000 0.000000
0.997511 -0.070513 0.000000 327.679087 0.070513 0.997511 0.000000 26.396868 0.000000 0.000000 1.000000 0.000000
0.997605 -0.069172 0.000000 329.922206 0.069172 0.997605 0.000000 26.574118 0.000000 0.000000 1.000000 0.000000
0.997596 -0.069304 0.000000 332.205311 0.069304 0.997596 0.000000 26.726264 0.000000 0.000000 1.000000 0.000000
0.997617 -0.068989 0.000000 334.497831 0.068989 0.997617 0.000000 26.847598 0.000000 0.000000 1.000000 0.000000
0.997562 -0.069781 0.000000 336.802042 0.069781 0.997562 0.000000 26.951748 0.000000 0.000000 1.000000 0.000000
0.997615 -0.069027 0.000000 339.082483 0.069027 0.997615 0.000000 27.124791 0.000000 0.000000 1.000000 0.000000
0.997613 -0.069050 0.000000 341.430131 0.069050 0.997613 0.000000 27.270777 0.000000 0.000000 1.000000 0.000000
0.997793 -0.066394 0.000000 343.736201 0.066394 0.997793 0.000000 27.413544 0.000000 0.000000 1.000000 0.000000
0.997905 -0.064702 0.000000 346.058515 0.064702 0.997905 0.000000 27.569607 0.000000 0.000000 1.000000 0.000000
0.997994 -0.063313 0.000000 348.409898 0.063313 0.997994 0.000000 27.704451 0.000000 0.000000 1.000000 0.000000
0.998340 -0.057599 0.000000 350.757045 0.057599 0.998340 0.000000 27.813070 0.000000 0.000000 1.000000 0.000000
0.998708 -0.050820 0.000000 353.095292 0.050820 0.998708 0.000000 27.939882 0.000000 0.000000 1.000000 0.000000
0.999138 -0.041506 0.000000 355.535109 0.041506 0.999138 0.000000 28.048617 0.000000 0.000000 1.000000 0.000000
0.999523 -0.030897 0.000000 357.943562 0.030897 0.999523 0.000000 28.132266 0.000000 0.000000 1.000000 0.000000
0.999815 -0.019254 0.000000 360.390744 0.019254 0.999815 0.000000 28.155734 0.000000 0.000000 1.000000 0.000000
0.999945 -0.010481 0.000000 362.804929 0.010481 0.999945 0.000000 28.172643 0.000000 0.000000 1.000000 0.000000
0.999995 -0.003218 0.000000 365.290004 0.003218 0.999995 0.000000 28.191905 0.000000 0.000000 1.000000 0.000000
0.999992 0.004082 0.000000 367.687773 -0.004082 0.999992 -0.000000 28.169157 -0.000000 0.000000 1.000000 0.000000
0.999962 0.008757 0.000000 370.154693 -0.008757 0.999962 -0.000000 28.144769 -0.000000 0.000000 1.000000 0.000000
0.999938 0.011120 0.000000 372.612746 -0.011120 0.999938 -0.000000 28.096348 -0.000000 0.000000 1.000000 0.000000
0.999917 0.012879 0.000000 375.023436 -0.012879 0.999917 -0.000000 28.063040 -0.000000 0.000000 1.000000 0.000000
0.999924 0.012304 0.000000 377.540122 -0.012304 0.999924 -0.000000 27.992560 -0.000000 0.000000 1.000000 0.000000
0.999944 0.010547 0.000000 380.047663 -0.010547 0.999944 -0.000000 27.964856 -0.000000 0.000000 1.000000 0.000000
0.999974 0.007236 0.000000 382.537211 -0.007236 0.999974 -0.000000 27.954094 -0.000000 0.000000 1.000000 0.000000
0.999999 0.001164 0.000000 385.090033 -0.001164 0.999999 -0.000000 27.965418 -0.000000 0.000000 1.000000 0.000000
0.999962 -0.008663 0.000000 387.562796 0.008663 0.999962 0.000000 27.949673 0.000000 0.000000 1.000000 0.000000
0.999857 -0.016938 0.000000 390.010547 0.016938 0.999857 0.000000 27.970111 0.000000 0.000000 1.000000 0.000000
0.999675 -0.025503 0.000000 392.537233 0.025503 0.999675 0.000000 28.045515 0.000000 0.000000 1.000000 0.000000
0.999480 -0.032238 0.000000 395.012538 0.032238 0.999480 0.000000 28.105556 0.000000 0.000000 1.000000 0.000000
0.999313 -0.037068 0.000000 397.458475 0.037068 0.999313 0.000000 28.157843 0.000000 0.000000 1.000000 0.000000
0.999192 -0.040194 0.000000 399.890207 0.040194 0.999192 0.000000 28.227358 0.000000 0.000000 1.000000 0.000000
0.999184 -0.040392 0.000000 402.285390 0.040392 0.999184 0.000000 28.310247 0.000000 0.000000 1.000000 0.000000
0.999219 -0.039518 0.000000 404.680192 0.039518 0.999219 0.000000 28.412877 0.000000 0.000000 1.000000 0.000000
0.999253 -0.038637 0.000000 407.054854 0.038637 0.999253 0.000000 28.484340 0.000000 0.000000 1.000000 0.000000
0.999220 -0.039486 0.000000 409.302878 0.039486 0.999220 0.000000 28.558265 0.000000 0.000000 1.000000 0.000000
0.999054 -0.043483 0.000000 411.526171 0.043483 0.999054 0.000000 28.634777 0.000000 0.000000 1.000000 0.000000
0.998860 -0.047726 0.000000 413.694435 0.047726 0.998860 0.000000 28.693813 0.000000 0.000000 1.000000 0.000000
0.998572 -0.053421 0.000000 415.779806 0.053421 0.998572 0.000000 28.810926 0.000000 0.000000 1.000000 0.000000
0.998303 -0.058235 0.000000 417.831073 0.058235 0.998303 0.000000 28.867128 0.000000 0.000000 1.000000 0.000000
0.997970 -0.063683 0.000000 419.847764 0.063683 0.997970 0.000000 29.005857 0.000000 0.000000 1.000000 0.000000
0.997701 -0.067772 0.000000 421.787190 0.067772 0.997701 0.000000 29.162660 0.000000 0.000000 1.000000 0.000000
0.997518 -0.070414 0.000000 423.738188 0.070414 0.997518 0.000000 29.245208 0.000000 0.000000 1.000000 0.000000
0.997470 -0.071083 0.000000 425.545378 0.071083 0.997470 0.000000 29.398600 0.000000 0.000000 1.000000 0.000000
0.997706 -0.067691 0.000000 427.317814 0.067691 0.997706 0.000000 29.520983 0.000000 0.000000 1.000000 0.000000
0.998097 -0.061662 0.000000 429.047246 0.061662 0.998097 0.000000 29.594828 0.000000 0.000000 1.000000 0.000000
0.998589 -0.053108 0.000000 430.655747 0.053108 0.998589 0.000000 29.662949 0.000000 0.000000 1.000000 0.000000
0.999906 -0.013690 0.000000 433.585321 0.013690 0.999906 0.000000 29.770615 0.000000 0.000000 1.000000 0.000000
0.996175 0.087384 0.000000 436.171734 -0.087384 0.996175 -0.000000 29.556604 -0.000000 0.000000 1.000000 0.000000
0.975968 0.217914 0.000000 438.511696 -0.217914 0.975968 -0.000000 28.921501 -0.000000 0.000000 1.000000 0.000000
0.936352 0.351062 0.000000 440.446881 -0.351062 0.936352 -0.000000 28.194815 -0.000000 0.000000 1.000000 0.000000
0.878675 0.477421 0.000000 442.071141 -0.477421 0.878675 -0.000000 27.256670 -0.000000 0.000000 1.000000 0.000000
0.800896 0.598804 0.000000 443.408685 -0.598804 0.800896 -0.000000 26.221622 -0.000000 0.000000 1.000000 0.000000
0.686947 0.726708 0.000000 444.439716 -0.726708 0.686947 -0.000000 24.990900 -0.000000 0.000000 1.000000 0.000000
0.616626 0.787256 0.000000 444.957639 -0.787256 0.616626 -0.000000 24.281367 -0.000000 0.000000 1.000000 0.000000
0.537123 0.843504 0.000000 445.326950 -0.843504 0.537123 -0.000000 23.585512 -0.000000 0.000000 1.000000 0.000000
0.450397 0.892829 0.000000 445.605102 -0.892829 0.450397 -0.000000 22.853993 -0.000000 0.000000 1.000000 0.000000
0.354684 0.934986 0.000000 445.792476 -0.934986 0.354684 -0.000000 22.085111 -0.000000 0.000000 1.000000 0.000000
0.247541 0.968878 0.000000 445.913990 -0.968878 0.247541 -0.000000 21.267469 -0.000000 0.000000 1.000000 0.000000
0.130815 0.991407 0.000000 445.963999 -0.991407 0.130815 -0.000000 20.362910 -0.000000 0.000000 1.000000 0.000000
0.009259 0.999957 0.000000 445.892833 -0.999957 0.009259 -0.000000 19.484065 -0.000000 0.000000 1.000000 0.000000
-0.114884 0.993379 0.000000 445.716435 -0.993379 -0.114884 -0.000000 18.531682 -0.000000 0.000000 1.000000 0.000000
-0.237258 0.971447 0.000000 445.420831 -0.971447 -0.237258 -0.000000 17.539781 -0.000000 0.000000 1.000000 0.000000
-0.353020 0.935616 0.000000 444.960495 -0.935616 -0.353020 -0.000000 16.627405 -0.000000 0.000000 1.000000 0.000000
-0.463934 0.885870 0.000000 444.402914 -0.885870 -0.463934 -0.000000 15.708545 -0.000000 0.000000 1.000000 0.000000
-0.562102 0.827068 0.000000 443.735157 -0.827068 -0.562102 0.000000 14.730867 0.000000 0.000000 1.000000 0.000000
-0.650945 0.759125 0.000000 442.903900 -0.759125 -0.650945 0.000000 13.910408 0.000000 0.000000 1.000000 0.000000
-0.724923 0.688830 0.000000 441.980056 -0.688830 -0.724923 0.000000 12.967557 0.000000 0.000000 1.000000 0.000000
-0.785700 0.618607 0.000000 440.849065 -0.618607 -0.785700 0.000000 12.166266 0.000000 0.000000 1.000000 0.000000
-0.828343 0.560221 0.000000 439.561869 -0.560221 -0.828343 0.000000 11.281802 0.000000 0.000000 1.000000 0.000000
-0.852990 0.521927 0.000000 438.137709 -0.521927 -0.852990 0.000000 10.559501 0.000000 0.000000 1.000000 0.000000
-0.869087 0.494659 0.000000 436.670431 -0.494659 -0.869087 0.000000 9.821528 0.000000 0.000000 1.000000 0.000000
-0.878707 0.477361 0.000000 435.087943 -0.477361 -0.878707 0.000000 8.969062 0.000000 0.000000 1.000000 0.000000
-0.885180 0.465248 0.000000 433.344204 -0.465248 -0.885180 0.000000 8.166736 0.000000 0.000000 1.000000 0.000000
-0.888430 0.459012 0.000000 431.576468 -0.459012 -0.888430 0.000000 7.279508 0.000000 0.000000 1.000000 0.000000
-0.891633 0.452759 0.000000 429.727551 -0.452759 -0.891633 0.000000 6.378600 0.000000 0.000000 1.000000 0.000000
-0.892889 0.450278 0.000000 427.776456 -0.450278 -0.892889 0.000000 5.397101 0.000000 0.000000 1.000000 0.000000
-0.894485 0.447098 0.000000 425.698300 -0.447098 -0.894485 0.000000 4.440099 0.000000 0.000000 1.000000 0.000000
-0.894626 0.446816 0.000000 423.602539 -0.446816 -0.894626 0.000000 3.360099 0.000000 0.000000 1.000000 0.000000
-0.894879 0.446309 0.000000 421.451690 -0.446309 -0.894879 0.000000 2.285691 0.000000 0.000000 1.000000 0.000000
-0.895069 0.445927 0.000000 419.224762 -0.445927 -0.895069 0.000000 1.182395 0.000000 0.000000 1.000000 0.000000
-0.895642 0.444776 0.000000 416.964371 -0.444776 -0.895642 0.000000 0.098179 0.000000 0.000000 1.000000 0.000000
-0.896353 0.443341 0.000000 414.653354 -0.443341 -0.896353 0.000000 -1.055755 0.000000 0.000000 1.000000 0.000000
-0.897037 0.441956 0.000000 412.330981 -0.441956 -0.897037 0.000000 -2.207886 0.000000 0.000000 1.000000 0.000000
-0.898073 0.439846 0.000000 409.928222 -0.439846 -0.898073 0.000000 -3.359019 0.000000 0.000000 1.000000 0.000000
-0.898814 0.438331 0.000000 407.516303 -0.438331 -0.898814 0.000000 -4.554843 0.000000 0.000000 1.000000 0.000000
-0.900486 0.434885 0.000000 405.096952 -0.434885 -0.900486 0.000000 -5.745775 0.000000 0.000000 1.000000 0.000000
-0.901517 0.432744 0.000000 402.764653 -0.432744 -0.901517 0.000000 -6.901271 0.000000 0.000000 1.000000 0.000000
-0.903334 0.428939 0.000000 400.409990 -0.428939 -0.903334 0.000000 -8.009007 0.000000 0.000000 1.000000 0.000000
-0.904358 0.426774 0.000000 398.103878 -0.426774 -0.904358 0.000000 -9.083810 0.000000 0.000000 1.000000 0.000000
-0.904716 0.426016 0.000000 395.796598 -0.426016 -0.904716 0.000000 -10.168251 0.000000 0.000000 1.000000 0.000000
-0.904938 0.425544 0.000000 393.512284 -0.425544 -0.904938 0.000000 -11.205980 0.000000 0.000000 1.000000 0.000000
-0.904927 0.425567 0.000000 391.349820 -0.425567 -0.904927 0.000000 -12.248404 0.000000 0.000000 1.000000 0.000000
-0.905320 0.424730 0.000000 389.163237 -0.424730 -0.905320 0.000000 -13.278011 0.000000 0.000000 1.000000 0.000000
-0.905152 0.425089 0.000000 387.054194 -0.425089 -0.905152 0.000000 -14.278003 0.000000 0.000000 1.000000 0.000000
-0.904786 0.425867 0.000000 385.024593 -0.425867 -0.904786 0.000000 -15.225694 0.000000 0.000000 1.000000 0.000000
-0.904448 0.426584 0.000000 383.032856 -0.426584 -0.904448 0.000000 -16.138227 0.000000 0.000000 1.000000 0.000000
-0.904380 0.426728 0.000000 381.137528 -0.426728 -0.904380 0.000000 -17.048944 0.000000 0.000000 1.000000 0.000000
-0.904406 0.426672 0.000000 379.308885 -0.426672 -0.904406 0.000000 -17.928118 0.000000 0.000000 1.000000 0.000000
-0.905068 0.425267 0.000000 377.596842 -0.425267 -0.905068 0.000000 -18.766608 0.000000 0.000000 1.000000 0.000000
-0.906072 0.423124 0.000000 375.872169 -0.423124 -0.906072 0.000000 -19.542804 0.000000 0.000000 1.000000 0.000000
-0.906780 0.421605 0.000000 374.224525 -0.421605 -0.906780 0.000000 -20.245963 0.000000 0.000000 1.000000 0.000000
-0.907740 0.419532 0.000000 372.708119 -0.419532 -0.907740 0.000000 -20.938164 0.000000 0.000000 1.000000 0.000000
-0.908791 0.417251 0.000000 371.305825 -0.417251 -0.908791 0.000000 -21.648745 0.000000 0.000000 1.000000 0.000000
-0.910162 0.414253 0.000000 368.680183 -0.414253 -0.910162 0.000000 -22.821188 0.000000 0.000000 1.000000 0.000000
-0.911330 0.411677 0.000000 366.119549 -0.411677 -0.911330 0.000000 -23.972196 0.000000 0.000000 1.000000 0.000000
-0.912059 0.410059 0.000000 363.469360 -0.410059 -0.912059 0.000000 -25.106324 0.000000 0.000000 1.000000 0.000000
-0.912431 0.409230 0.000000 360.711131 -0.409230 -0.912431 0.000000 -26.376090 0.000000 0.000000 1.000000 0.000000
-0.912879 0.408231 0.000000 359.134771 -0.408231 -0.912879 0.000000 -27.065169 0.000000 0.000000 1.000000 0.000000
-0.912835 0.408329 0.000000 357.568863 -0.408329 -0.912835 0.000000 -27.716104 0.000000 0.000000 1.000000 0.000000
-0.912464 0.409156 0.000000 355.898009 -0.409156 -0.912464 0.000000 -28.460332 0.000000 0.000000 1.000000 0.000000
-0.912014 0.410159 0.000000 354.260746 -0.410159 -0.912014 0.000000 -29.253088 0.000000 0.000000 1.000000 0.000000
-0.912234 0.409670 0.000000 352.480208 -0.409670 -0.912234 0.000000 -30.021527 0.000000 0.000000 1.000000 0.000000
-0.912404 0.409290 0.000000 350.625329 -0.409290 -0.912404 0.000000 -30.797227 0.000000 0.000000 1.000000 0.000000
-0.912539 0.408990 0.000000 348.787627 -0.408990 -0.912539 0.000000 -31.631722 0.000000 0.000000 1.000000 0.000000
-0.912791 0.408426 0.000000 346.889132 -0.408426 -0.912791 0.000000 -32.480763 0.000000 0.000000 1.000000 0.000000
-0.914351 0.404922 0.000000 344.901142 -0.404922 -0.914351 0.000000 -33.342360 0.000000 0.000000 1.000000 0.000000
-0.916356 0.400364 0.000000 342.888072 -0.400364 -0.916356 0.000000 -34.232602 0.000000 0.000000 1.000000 0.000000
-0.918494 0.395435 0.000000 340.835710 -0.395435 -0.918494 0.000000 -35.077138 0.000000 0.000000 1.000000 0.000000
-0.921271 0.388922 0.000000 338.762858 -0.388922 -0.921271 0.000000 -35.936025 0.000000 0.000000 1.000000 0.000000
-0.925362 0.379085 0.000000 336.675137 -0.379085 -0.925362 0.000000 -36.803890 0.000000 0.000000 1.000000 0.000000
-0.930024 0.367500 0.000000 334.422057 -0.367500 -0.930024 0.000000 -37.638320 0.000000 0.000000 1.000000 0.000000
-0.934605 0.355688 0.000000 332.198691 -0.355688 -0.934605 0.000000 -38.505846 0.000000 0.000000 1.000000 0.000000
-0.938487 0.345316 0.000000 329.904062 -0.345316 -0.938487 0.000000 -39.352633 0.000000 0.000000 1.000000 0.000000
-0.942134 0.335238 0.000000 327.585493 -0.335238 -0.942134 0.000000 -40.143408 0.000000 0.000000 1.000000 0.000000
-0.947125 0.320864 0.000000 325.215449 -0.320864 -0.947125 0.000000 -40.986897 0.000000 0.000000 1.000000 0.000000
-0.952402 0.304844 0.000000 322.823407 -0.304844 -0.952402 0.000000 -41.761790 0.000000 0.000000 1.000000 0.000000
-0.958020 0.286702 0.000000 320.334614 -0.286702 -0.958020 0.000000 -42.457365 0.000000 0.000000 1.000000 0.000000
-0.962584 0.270985 0.000000 317.789659 -0.270985 -0.962584 0.000000 -43.151984 0.000000 0.000000 1.000000 0.000000
-0.964556 0.263878 0.000000 315.199318 -0.263878 -0.964556 0.000000 -43.868727 0.000000 0.000000 1.000000 0.000000
-0.965259 0.261294 0.000000 312.549972 -0.261294 -0.965259 0.000000 -44.602512 0.000000 0.000000 1.000000 0.000000
-0.965099 0.261887 0.000000 309.894426 -0.261887 -0.965099 0.000000 -45.235788 0.000000 0.000000 1.000000 0.000000
-0.964364 0.264580 0.000000 307.259738 -0.264580 -0.964364 0.000000 -45.993691 0.000000 0.000000 1.000000 0.000000
-0.962487 0.271328 0.000000 304.527432 -0.271328 -0.962487 0.000000 -46.770714 0.000000 0.000000 1.000000 0.000000
-0.960535 0.278161 0.000000 301.823929 -0.278161 -0.960535 0.000000 -47.556186 0.000000 0.000000 1.000000 0.000000
-0.957464 0.288552 0.000000 299.051217 -0.288552 -0.957464 0.000000 -48.334828 0.000000 0.000000 1.000000 0.000000
-0.954021 0.299740 0.000000 296.251793 -0.299740 -0.954021 0.000000 -49.186887 0.000000 0.000000 1.000000 0.000000
-0.950337 0.311222 0.000000 293.483647 -0.311222 -0.950337 0.000000 -50.082717 0.000000 0.000000 1.000000 0.000000
-0.947227 0.320562 0.000000 290.700708 -0.320562 -0.947227 0.000000 -50.994113 0.000000 0.000000 1.000000 0.000000
-0.945094 0.326799 0.000000 287.864272 -0.326799 -0.945094 0.000000 -51.997324 0.000000 0.000000 1.000000 0.000000
-0.943540 0.331260 0.000000 285.024649 -0.331260 -0.943540 0.000000 -53.070068 0.000000 0.000000 1.000000 0.000000
-0.942932 0.332984 0.000000 282.126814 -0.332984 -0.942932 0.000000 -54.055072 0.000000 0.000000 1.000000 0.000000
-0.942132 0.335241 0.000000 279.246882 -0.335241 -0.942132 0.000000 -55.133624 0.000000 0.000000 1.000000 0.000000
-0.940724 0.339174 0.000000 276.362646 -0.339174 -0.940724 0.000000 -56.184311 0.000000 0.000000 1.000000 0.000000
-0.939040 0.343809 0.000000 273.551831 -0.343809 -0.939040 0.000000 -57.205165 0.000000 0.000000 1.000000 0.000000
-0.937245 0.348671 0.000000 270.667108 -0.348671 -0.937245 0.000000 -58.224462 0.000000 0.000000 1.000000 0.000000
-0.935289 0.353885 0.000000 267.823152 -0.353885 -0.935289 0.000000 -59.332789 0.000000 0.000000 1.000000 0.000000
-0.933253 0.359221 0.000000 264.943044 -0.359221 -0.933253 0.000000 -60.336043 0.000000 0.000000 1.000000 0.000000
-0.932074 0.362268 0.000000 262.089103 -0.362268 -0.932074 0.000000 -61.403831 0.000000 0.000000 1.000000 0.000000
-0.931352 0.364120 0.000000 259.249704 -0.364120 -0.931352 0.000000 -62.457786 0.000000 0.000000 1.000000 0.000000
-0.930043 0.367451 0.000000 256.436199 -0.367451 -0.930043 0.000000 -63.603506 0.000000 0.000000 1.000000 0.000000
-0.929266 0.369412 0.000000 253.593511 -0.369412 -0.929266 0.000000 -64.720092 0.000000 0.000000 1.000000 0.000000
-0.928264 0.371922 0.000000 250.858273 -0.371922 -0.928264 0.000000 -65.806518 0.000000 0.000000 1.000000 0.000000
-0.928577 0.371140 0.000000 248.096854 -0.371140 -0.928577 0.000000 -66.855985 0.000000 0.000000 1.000000 0.000000
-0.927764 0.373168 0.000000 245.374202 -0.373168 -0.927764 0.000000 -67.965698 0.000000 0.000000 1.000000 0.000000
-0.926797 0.375562 0.000000 242.732649 -0.375562 -0.926797 0.000000 -69.074728 0.000000 0.000000 1.000000 0.000000
-0.925914 0.377735 0.000000 240.082713 -0.377735 -0.925914 0.000000 -70.194887 0.000000 0.000000 1.000000 0.000000
-0.924299 0.381669 0.000000 237.409889 -0.381669 -0.924299 0.000000 -71.232991 0.000000 0.000000 1.000000 0.000000
-0.922783 0.385319 0.000000 234.792520 -0.385319 -0.922783 0.000000 -72.331863 0.000000 0.000000 1.000000 0.000000
-0.921003 0.389556 0.000000 232.176072 -0.389556 -0.921003 0.000000 -73.365233 0.000000 0.000000 1.000000 0.000000
-0.919470 0.393160 0.000000 229.587374 -0.393160 -0.919470 0.000000 -74.431696 0.000000 0.000000 1.000000 0.000000
-0.919421 0.393274 0.000000 226.970553 -0.393274 -0.919421 0.000000 -75.583983 0.000000 0.000000 1.000000 0.000000
-0.919234 0.393711 0.000000 224.421477 -0.393711 -0.919234 0.000000 -76.687194 0.000000 0.000000 1.000000 0.000000
-0.919374 0.393385 0.000000 221.844989 -0.393385 -0.919374 0.000000 -77.814324 0.000000 0.000000 1.000000 0.000000
-0.919471 0.393158 0.000000 219.324647 -0.393158 -0.919471 0.000000 -78.917409 0.000000 0.000000 1.000000 0.000000
-0.919531 0.393017 0.000000 216.711848 -0.393017 -0.919531 0.000000 -80.020549 0.000000 0.000000 1.000000 0.000000
-0.918640 0.395095 0.000000 214.145431 -0.395095 -0.918640 0.000000 -81.064741 0.000000 0.000000 1.000000 0.000000
-0.917570 0.397574 0.000000 211.673712 -0.397574 -0.917570 0.000000 -82.127634 0.000000 0.000000 1.000000 0.000000
-0.916299 0.400495 0.000000 209.211639 -0.400495 -0.916299 0.000000 -83.266450 0.000000 0.000000 1.000000 0.000000
-0.916217 0.400682 0.000000 206.706431 -0.400682 -0.916217 0.000000 -84.356040 0.000000 0.000000 1.000000 0.000000
-0.917559 0.397599 0.000000 204.301777 -0.397599 -0.917559 0.000000 -85.411285 0.000000 0.000000 1.000000 0.000000
-0.918565 0.395271 0.000000 201.807629 -0.395271 -0.918565 0.000000 -86.490058 0.000000 0.000000 1.000000 0.000000
-0.920046 0.391811 0.000000 199.342098 -0.391811 -0.920046 0.000000 -87.547532 0.000000 0.000000 1.000000 0.000000
-0.921830 0.387594 0.000000 196.908539 -0.387594 -0.921830 0.000000 -88.553675 0.000000 0.000000 1.000000 0.000000
-0.923136 0.384473 0.000000 194.526641 -0.384473 -0.923136 0.000000 -89.504008 0.000000 0.000000 1.000000 0.000000
-0.923619 0.383311 0.000000 192.182321 -0.383311 -0.923619 0.000000 -90.514956 0.000000 0.000000 1.000000 0.000000
-0.924044 0.382286 0.000000 189.816331 -0.382286 -0.924044 0.000000 -91.440667 0.000000 0.000000 1.000000 0.000000
-0.925460 0.378844 0.000000 187.529827 -0.378844 -0.925460 0.000000 -92.407826 0.000000 0.000000 1.000000 0.000000
-0.926201 0.377031 0.000000 185.221223 -0.377031 -0.926201 0.000000 -93.295374 0.000000 0.000000 1.000000 0.000000
-0.926541 0.376194 0.000000 182.905173 -0.376194 -0.926541 0.000000 -94.287597 0.000000 0.000000 1.000000 0.000000
-0.926473 0.376361 0.000000 180.572753 -0.376361 -0.926473 0.000000 -95.233843 0.000000 0.000000 1.000000 0.000000
-0.926036 0.377435 0.000000 178.293119 -0.377435 -0.926036 0.000000 -96.171852 0.000000 0.000000 1.000000 0.000000
-0.923608 0.383339 0.000000 176.009589 -0.383339 -0.923608 0.000000 -97.142275 0.000000 0.000000 1.000000 0.000000
-0.921696 0.387914 0.000000 173.704460 -0.387914 -0.921696 0.000000 -98.051321 0.000000 0.000000 1.000000 0.000000
-0.919529 0.393023 0.000000 171.491212 -0.393023 -0.919529 0.000000 -99.053055 0.000000 0.000000 1.000000 0.000000
-0.917197 0.398433 0.000000 169.214944 -0.398433 -0.917197 0.000000 -99.930625 0.000000 0.000000 1.000000 0.000000
-0.915896 0.401415 0.000000 167.000810 -0.401415 -0.915896 0.000000 -100.885710 0.000000 0.000000 1.000000 0.000000
-0.915438 0.402459 0.000000 164.826688 -0.402459 -0.915438 0.000000 -101.892415 0.000000 0.000000 1.000000 0.000000
-0.915794 0.401648 0.000000 162.621806 -0.401648 -0.915794 0.000000 -102.796152 0.000000 0.000000 1.000000 0.000000
-0.916479 0.400083 0.000000 160.512786 -0.400083 -0.916479 0.000000 -103.717603 0.000000 0.000000 1.000000 0.000000
-0.917715 0.397240 0.000000 158.371221 -0.397240 -0.917715 0.000000 -104.632462 0.000000 0.000000 1.000000 0.000000
-0.919036 0.394172 0.000000 156.218533 -0.394172 -0.919036 0.000000 -105.565673 0.000000 0.000000 1.000000 0.000000
-0.919907 0.392136 0.000000 154.090053 -0.392136 -0.919907 0.000000 -106.447992 0.000000 0.000000 1.000000 0.000000
-0.920371 0.391047 0.000000 152.024935 -0.391047 -0.920371 0.000000 -107.333326 0.000000 0.000000 1.000000 0.000000
-0.920207 0.391433 0.000000 149.979736 -0.391433 -0.920207 0.000000 -108.181711 0.000000 0.000000 1.000000 0.000000
-0.920349 0.391098 0.000000 147.922635 -0.391098 -0.920349 0.000000 -109.029445 0.000000 0.000000 1.000000 0.000000
-0.921033 0.389484 0.000000 145.950050 -0.389484 -0.921033 0.000000 -109.876567 0.000000 0.000000 1.000000 0.000000
-0.922841 0.385182 0.000000 143.956215 -0.385182 -0.922841 0.000000 -110.634650 0.000000 0.000000 1.000000 0.000000
-0.925733 0.378177 0.000000 142.045556 -0.378177 -0.925733 0.000000 -111.385550 0.000000 0.000000 1.000000 0.000000
-0.927902 0.372825 0.000000 140.186065 -0.372825 -0.927902 0.000000 -112.129693 0.000000 0.000000 1.000000 0.000000
-0.928459 0.371434 0.000000 138.370957 -0.371434 -0.928459 0.000000 -112.848297 0.000000 0.000000 1.000000 0.000000
-0.929469 0.368900 0.000000 136.660004 -0.368900 -0.929469 0.000000 -113.560425 0.000000 0.000000 1.000000 0.000000
-0.929256 0.369436 0.000000 134.926330 -0.369436 -0.929256 0.000000 -114.224509 0.000000 0.000000 1.000000 0.000000
-0.930085 0.367345 0.000000 133.256762 -0.367345 -0.930085 0.000000 -114.902991 0.000000 0.000000 1.000000 0.000000
-0.931370 0.364074 0.000000 131.680260 -0.364074 -0.931370 0.000000 -115.564980 0.000000 0.000000 1.000000 0.000000
-0.931721 0.363176 0.000000 130.105585 -0.363176 -0.931721 0.000000 -116.107790 0.000000 0.000000 1.000000 0.000000
-0.932246 0.361825 0.000000 128.686094 -0.361825 -0.932246 0.000000 -116.691718 0.000000 0.000000 1.000000 0.000000
-0.932037 0.362364 0.000000 127.197649 -0.362364 -0.932037 0.000000 -117.205020 0.000000 0.000000 1.000000 0.000000
-0.931751 0.363098 0.000000 124.586996 -0.363098 -0.931751 0.000000 -118.232976 0.000000 0.000000 1.000000 0.000000
-0.931995 0.362470 0.000000 122.141820 -0.362470 -0.931995 0.000000 -119.210135 0.000000 0.000000 1.000000 0.000000
-0.933282 0.359145 0.000000 119.938522 -0.359145 -0.933282 0.000000 -120.029039 0.000000 0.000000 1.000000 0.000000
-0.935019 0.354598 0.000000 117.951542 -0.354598 -0.935019 0.000000 -120.757608 0.000000 0.000000 1.000000 0.000000
-0.935347 0.353732 0.000000 116.218300 -0.353732 -0.935347 0.000000 -121.418733 0.000000 0.000000 1.000000 0.000000
