1.000000 0.000773 0.000000 1.320432 -0.000773 1.000000 0.000000 0.036053 0.000000 0.000000 1.000000 0.000000
0.999999 0.001022 0.000000 1.692769 -0.001022 0.999999 0.000000 0.003439 0.000000 0.000000 1.000000 0.000000
1.000000 0.000284 0.000000 2.120199 -0.000284 1.000000 0.000000 0.002848 0.000000 0.000000 1.000000 0.000000
1.000000 0.000246 0.000000 2.564217 -0.000246 1.000000 0.000000 0.015186 0.000000 0.000000 1.000000 0.000000
1.000000 0.000605 0.000000 2.994079 -0.000605 1.000000 0.000000 0.017904 0.000000 0.000000 1.000000 0.000000
1.000000 0.000579 0.000000 3.548599 -0.000579 1.000000 0.000000 0.007111 0.000000 0.000000 1.000000 0.000000
1.000000 0.000771 0.000000 3.991649 -0.000771 1.000000 0.000000 -0.005334 0.000000 0.000000 1.000000 0.000000
1.000000 0.000825 0.000000 4.574806 -0.000825 1.000000 0.000000 -0.023202 0.000000 0.000000 1.000000 0.000000
0.999999 0.001162 0.000000 5.063398 -0.001162 0.999999 0.000000 0.000581 0.000000 0.000000 1.000000 0.000000
0.999999 0.001117 0.000000 5.595424 -0.001117 0.999999 0.000000 0.030870 0.000000 0.000000 1.000000 0.000000
1.000000 0.000782 0.000000 6.126909 -0.000782 1.000000 0.000000 0.034801 0.000000 0.000000 1.000000 0.000000
1.000000 0.000654 0.000000 6.689137 -0.000654 1.000000 0.000000 0.031799 0.000000 0.000000 1.000000 0.000000
1.000000 -0.000226 0.000000 7.233805 0.000226 1.000000 0.000000 0.041466 0.000000 0.000000 1.000000 0.000000
1.000000 -0.000613 0.000000 7.759915 0.000613 1.000000 0.000000 0.075681 0.000000 0.000000 1.000000 0.000000
0.999998 -0.002061 0.000000 8.296920 0.002061 0.999998 0.000000 0.096271 0.000000 0.000000 1.000000 0.000000
0.999988 -0.004886 0.000000 8.841364 0.004886 0.999988 0.000000 0.081346 0.000000 0.000000 1.000000 0.000000
0.999968 -0.008045 0.000000 9.365786 0.008045 0.999968 0.000000 0.089836 0.000000 0.000000 1.000000 0.000000
0.999942 -0.010740 0.000000 9.922224 0.010740 0.999942 0.000000 0.100447 0.000000 0.000000 1.000000 0.000000
0.999922 -0.012466 0.000000 10.459387 0.012466 0.999922 0.000000 0.116292 0.000000 0.000000 1.000000 0.000000
0.999881 -0.015435 0.000000 10.971530 0.015435 0.999881 0.000000 0.113245 0.000000 0.000000 1.000000 0.000000
0.999843 -0.017714 0.000000 11.493792 0.017714 0.999843 0.000000 0.120385 0.000000 0.000000 1.000000 0.000000
0.999817 -0.019141 0.000000 11.996517 0.019141 0.999817 0.000000 0.155645 0.000000 0.000000 1.000000 0.000000
0.999778 -0.021074 0.000000 12.541218 0.021074 0.999778 0.000000 0.167283 0.000000 0.000000 1.000000 0.000000
0.999730 -0.023245 0.000000 13.028257 0.023245 0.999730 0.000000 0.177815 0.000000 0.000000 1.000000 0.000000
0.999682 -0.025218 0.000000 13.535181 0.025218 0.999682 0.000000 0.206623 0.000000 0.000000 1.000000 0.000000
0.999582 -0.028923 0.000000 13.994773 0.028923 0.999582 0.000000 0.220831 0.000000 0.000000 1.000000 0.000000
0.999603 -0.028188 0.000000 14.491307 0.028188 0.999603 0.000000 0.242005 0.000000 0.000000 1.000000 0.000000
0.999581 -0.028933 0.000000 14.939781 0.028933 0.999581 0.000000 0.263336 0.000000 0.000000 1.000000 0.000000
0.999557 -0.029747 0.000000 15.395560 0.029747 0.999557 0.000000 0.273049 0.000000 0.000000 1.000000 0.000000
0.999553 -0.029913 0.000000 15.859455 0.029913 0.999553 0.000000 0.294989 0.000000 0.000000 1.000000 0.000000
0.999518 -0.031035 0.000000 16.286285 0.031035 0.999518 0.000000 0.315556 0.000000 0.000000 1.000000 0.000000
0.999500 -0.031631 0.000000 16.699259 0.031631 0.999500 0.000000 0.369882 0.000000 0.000000 1.000000 0.000000
0.999423 -0.033970 0.000000 17.056507 0.033970 0.999423 0.000000 0.350976 0.000000 0.000000 1.000000 0.000000
0.999291 -0.037655 0.000000 17.409135 0.037655 0.999291 0.000000 0.366783 0.000000 0.000000 1.000000 0.000000
0.999074 -0.043017 0.000000 17.720895 0.043017 0.999074 0.000000 0.423891 0.000000 0.000000 1.000000 0.000000
0.998840 -0.048160 0.000000 18.037176 0.048160 0.998840 0.000000 0.435203 0.000000 0.000000 1.000000 0.000000
0.998507 -0.054617 0.000000 18.328452 0.054617 0.998507 0.000000 0.457199 0.000000 0.000000 1.000000 0.000000
0.998064 -0.062200 0.000000 18.617487 0.062200 0.998064 0.000000 0.475391 0.000000 0.000000 1.000000 0.000000
0.997467 -0.071130 0.000000 18.939024 0.071130 0.997467 0.000000 0.518489 0.000000 0.000000 1.000000 0.000000
0.996800 -0.079932 0.000000 19.220818 0.079932 0.996800 0.000000 0.553095 0.000000 0.000000 1.000000 0.000000
0.995896 -0.090502 0.000000 19.539991 0.090502 0.995896 0.000000 0.587311 0.000000 0.000000 1.000000 0.000000
0.994735 -0.102482 0.000000 19.876173 0.102482 0.994735 0.000000 0.662219 0.000000 0.000000 1.000000 0.000000
0.993311 -0.115469 0.000000 20.255817 0.115469 0.993311 0.000000 0.719233 0.000000 0.000000 1.000000 0.000000
0.991461 -0.130404 0.000000 20.674717 0.130404 0.991461 0.000000 0.832341 0.000000 0.000000 1.000000 0.000000
0.989312 -0.145811 0.000000 21.171308 0.145811 0.989312 0.000000 0.888964 0.000000 0.000000 1.000000 0.000000
0.986558 -0.163411 0.000000 21.621620 0.163411 0.986558 0.000000 1.011262 0.000000 0.000000 1.000000 0.000000
0.983375 -0.181589 0.000000 22.179550 0.181589 0.983375 0.000000 1.139125 0.000000 0.000000 1.000000 0.000000
0.979262 -0.202598 0.000000 22.829456 0.202598 0.979262 0.000000 1.269865 0.000000 0.000000 1.000000 0.000000
0.974452 -0.224594 0.000000 23.485782 0.224594 0.974452 0.000000 1.489366 0.000000 0.000000 1.000000 0.000000
0.969054 -0.246847 0.000000 24.155532 0.246847 0.969054 0.000000 1.698072 0.000000 0.000000 1.000000 0.000000
0.962396 -0.271652 0.000000 24.906167 0.271652 0.962396 0.000000 1.888238 0.000000 0.000000 1.000000 0.000000
0.955091 -0.296312 0.000000 25.676968 0.296312 0.955091 0.000000 2.139968 0.000000 0.000000 1.000000 0.000000
0.948045 -0.318136 0.000000 26.462958 0.318136 0.948045 0.000000 2.440460 0.000000 0.000000 1.000000 0.000000
0.942724 -0.333574 0.000000 27.326688 0.333574 0.942724 0.000000 2.792970 0.000000 0.000000 1.000000 0.000000
0.939705 -0.341986 0.000000 28.203804 0.341986 0.939705 0.000000 3.081791 0.000000 0.000000 1.000000 0.000000
0.939001 -0.343913 0.000000 29.093337 0.343913 0.939001 0.000000 3.436255 0.000000 0.000000 1.000000 0.000000
0.940979 -0.338465 0.000000 30.002350 0.338465 0.940979 0.000000 3.782074 0.000000 0.000000 1.000000 0.000000
0.946431 -0.322907 0.000000 30.964627 0.322907 0.946431 0.000000 4.074544 0.000000 0.000000 1.000000 0.000000
0.952776 -0.303673 0.000000 31.962195 0.303673 0.952776 0.000000 4.386011 0.000000 0.000000 1.000000 0.000000
0.960045 -0.279847 0.000000 32.997414 0.279847 0.960045 0.000000 4.624267 0.000000 0.000000 1.000000 0.000000
0.967377 -0.253342 0.000000 34.083625 0.253342 0.967377 0.000000 4.915879 0.000000 0.000000 1.000000 0.000000
0.974314 -0.225194 0.000000 35.194841 0.225194 0.974314 0.000000 5.184642 0.000000 0.000000 1.000000 0.000000
0.980650 -0.195767 0.000000 36.328166 0.195767 0.980650 0.000000 5.306351 0.000000 0.000000 1.000000 0.000000
0.985935 -0.167128 0.000000 37.463362 0.167128 0.985935 0.000000 5.551612 0.000000 0.000000 1.000000 0.000000
0.990350 -0.138592 0.000000 38.720982 0.138592 0.990350 0.000000 5.672850 0.000000 0.000000 1.000000 0.000000
0.993643 -0.112579 0.000000 39.978774 0.112579 0.993643 0.000000 5.812769 0.000000 0.000000 1.000000 0.000000
0.995719 -0.092433 0.000000 41.261745 0.092433 0.995719 0.000000 5.924007 0.000000 0.000000 1.000000 0.000000
0.997182 -0.075026 0.000000 42.583712 0.075026 0.997182 0.000000 5.992026 0.000000 0.000000 1.000000 0.000000
0.997933 -0.064260 0.000000 43.960425 0.064260 0.997933 0.000000 6.075808 0.000000 0.000000 1.000000 0.000000
0.998530 -0.054196 0.000000 45.368693 0.054196 0.998530 0.000000 6.200458 0.000000 0.000000 1.000000 0.000000
0.998696 -0.051051 0.000000 46.740134 0.051051 0.998696 0.000000 6.244243 0.000000 0.000000 1.000000 0.000000
0.998726 -0.050456 0.000000 48.180914 0.050456 0.998726 0.000000 6.325126 0.000000 0.000000 1.000000 0.000000
0.998665 -0.051647 0.000000 49.618149 0.051647 0.998665 0.000000 6.399627 0.000000 0.000000 1.000000 0.000000
0.998656 -0.051825 0.000000 51.093722 0.051825 0.998656 0.000000 6.517872 0.000000 0.000000 1.000000 0.000000
0.998566 -0.053527 0.000000 52.493024 0.053527 0.998566 0.000000 6.594368 0.000000 0.000000 1.000000 0.000000
0.998491 -0.054916 0.000000 54.015537 0.054916 0.998491 0.000000 6.667205 0.000000 0.000000 1.000000 0.000000
0.998344 -0.057531 0.000000 55.469519 0.057531 0.998344 0.000000 6.772731 0.000000 0.000000 1.000000 0.000000
0.998278 -0.058654 0.000000 56.946699 0.058654 0.998278 0.000000 6.836565 0.000000 0.000000 1.000000 0.000000
0.998143 -0.060909 0.000000 58.448178 0.060909 0.998143 0.000000 6.957590 0.000000 0.000000 1.000000 0.000000
0.998095 -0.061698 0.000000 59.952470 0.061698 0.998095 0.000000 7.080850 0.000000 0.000000 1.000000 0.000000
0.998052 -0.062383 0.000000 61.491066 0.062383 0.998052 0.000000 7.168666 0.000000 0.000000 1.000000 0.000000
0.997851 -0.065523 0.000000 63.000647 0.065523 0.997851 0.000000 7.301649 0.000000 0.000000 1.000000 0.000000
0.997379 -0.072352 0.000000 64.555705 0.072352 0.997379 0.000000 7.460514 0.000000 0.000000 1.000000 0.000000
0.996609 -0.082280 0.000000 66.118422 0.082280 0.996609 0.000000 7.554136 0.000000 0.000000 1.000000 0.000000
0.995677 -0.092884 0.000000 67.672790 0.092884 0.995677 0.000000 7.725776 0.000000 0.000000 1.000000 0.000000
0.994615 -0.103635 0.000000 69.208010 0.103635 0.994615 0.000000 7.928625 0.000000 0.000000 1.000000 0.000000
0.993081 -0.117428 0.000000 70.775351 0.117428 0.993081 0.000000 8.121171 0.000000 0.000000 1.000000 0.000000
0.991216 -0.132254 0.000000 72.271667 0.132254 0.991216 0.000000 8.333162 0.000000 0.000000 1.000000 0.000000
0.989003 -0.147894 0.000000 73.738944 0.147894 0.989003 0.000000 8.586185 0.000000 0.000000 1.000000 0.000000
0.986354 -0.164636 0.000000 75.192670 0.164636 0.986354 0.000000 8.852708 0.000000 0.000000 1.000000 0.000000
0.983646 -0.180114 0.000000 76.701877 0.180114 0.983646 0.000000 9.101399 0.000000 0.000000 1.000000 0.000000
0.980234 -0.197839 0.000000 78.152691 0.197839 0.980234 0.000000 9.398877 0.000000 0.000000 1.000000 0.000000
0.976995 -0.213264 0.000000 79.582717 0.213264 0.976995 0.000000 9.715356 0.000000 0.000000 1.000000 0.000000
0.973623 -0.228163 0.000000 80.925631 0.228163 0.973623 0.000000 10.098362 0.000000 0.000000 1.000000 0.000000
0.970215 -0.242245 0.000000 82.346277 0.242245 0.970215 0.000000 10.449771 0.000000 0.000000 1.000000 0.000000
0.965866 -0.259041 0.000000 83.625434 0.259041 0.965866 0.000000 10.781333 0.000000 0.000000 1.000000 0.000000
0.961111 -0.276162 0.000000 84.939999 0.276162 0.961111 0.000000 11.198071 0.000000 0.000000 1.000000 0.000000
0.956614 -0.291359 0.000000 86.272803 0.291359 0.956614 0.000000 11.676936 0.000000 0.000000 1.000000 0.000000
0.951168 -0.308674 0.000000 87.489444 0.308674 0.951168 0.000000 12.058666 0.000000 0.000000 1.000000 0.000000
0.945355 -0.326043 0.000000 88.706880 0.326043 0.945355 0.000000 12.492362 0.000000 0.000000 1.000000 0.000000
0.939185 -0.343411 0.000000 89.942052 0.343411 0.939185 0.000000 13.011832 0.000000 0.000000 1.000000 0.000000
0.931182 -0.364555 0.000000 91.106635 0.364555 0.931182 0.000000 13.395876 0.000000 0.000000 1.000000 0.000000
0.923802 -0.382869 0.000000 92.246215 0.382869 0.923802 0.000000 13.974120 0.000000 0.000000 1.000000 0.000000
0.914911 -0.403656 0.000000 93.396007 0.403656 0.914911 0.000000 14.518495 0.000000 0.000000 1.000000 0.000000
0.905360 -0.424646 0.000000 94.543032 0.424646 0.905360 0.000000 15.095209 0.000000 0.000000 1.000000 0.000000
0.895239 -0.445586 0.000000 95.556600 0.445586 0.895239 0.000000 15.599382 0.000000 0.000000 1.000000 0.000000
0.884922 -0.465740 0.000000 96.566951 0.465740 0.884922 0.000000 16.173940 0.000000 0.000000 1.000000 0.000000
0.871857 -0.489760 0.000000 97.524086 0.489760 0.871857 0.000000 16.765767 0.000000 0.000000 1.000000 0.000000
0.859850 -0.510547 0.000000 98.488588 0.510547 0.859850 0.000000 17.369869 0.000000 0.000000 1.000000 0.000000
0.847618 -0.530607 0.000000 99.441567 0.530607 0.847618 0.000000 18.015963 0.000000 0.000000 1.000000 0.000000
0.832890 -0.553439 0.000000 100.340406 0.553439 0.832890 0.000000 18.633662 0.000000 0.000000 1.000000 0.000000
0.816924 -0.576745 0.000000 101.218277 0.576745 0.816924 0.000000 19.311313 0.000000 0.000000 1.000000 0.000000
0.798551 -0.601928 0.000000 102.089976 0.601928 0.798551 0.000000 20.019207 0.000000 0.000000 1.000000 0.000000
0.777712 -0.628621 0.000000 102.881682 0.628621 0.777712 0.000000 20.678144 0.000000 0.000000 1.000000 0.000000
0.758745 -0.651388 0.000000 103.679150 0.651388 0.758745 0.000000 21.377313 0.000000 0.000000 1.000000 0.000000
0.740029 -0.672575 0.000000 104.436709 0.672575 0.740029 0.000000 22.112470 0.000000 0.000000 1.000000 0.000000
0.728627 -0.684911 0.000000 105.223786 0.684911 0.728627 0.000000 22.922518 0.000000 0.000000 1.000000 0.000000
0.721139 -0.692790 0.000000 105.918356 0.692790 0.721139 0.000000 23.635939 0.000000 0.000000 1.000000 0.000000
0.714833 -0.699296 0.000000 106.573367 0.699296 0.714833 0.000000 24.227935 0.000000 0.000000 1.000000 0.000000
0.713045 -0.701119 0.000000 107.160826 0.701119 0.713045 0.000000 24.790320 0.000000 0.000000 1.000000 0.000000
0.713619 -0.700534 0.000000 107.631448 0.700534 0.713619 0.000000 25.304735 0.000000 0.000000 1.000000 0.000000
0.714039 -0.700106 0.000000 108.010846 0.700106 0.714039 0.000000 25.680555 0.000000 0.000000 1.000000 0.000000
0.715233 -0.698886 0.000000 108.428570 0.698886 0.715233 0.000000 26.066916 0.000000 0.000000 1.000000 0.000000
0.717344 -0.696719 0.000000 108.787526 0.696719 0.717344 0.000000 26.385111 0.000000 0.000000 1.000000 0.000000
0.718399 -0.695631 0.000000 109.101645 0.695631 0.718399 0.000000 26.668464 0.000000 0.000000 1.000000 0.000000
0.719426 -0.694569 0.000000 109.393426 0.694569 0.719426 0.000000 27.013994 0.000000 0.000000 1.000000 0.000000
0.721700 -0.692206 0.000000 109.736933 0.692206 0.721700 0.000000 27.333794 0.000000 0.000000 1.000000 0.000000
0.723502 -0.690322 0.000000 110.051035 0.690322 0.723502 0.000000 27.640911 0.000000 0.000000 1.000000 0.000000
0.725134 -0.688608 0.000000 110.385048 0.688608 0.725134 0.000000 27.967223 0.000000 0.000000 1.000000 0.000000
0.727352 -0.686264 0.000000 110.745623 0.686264 0.727352 0.000000 28.268809 0.000000 0.000000 1.000000 0.000000
0.729733 -0.683732 0.000000 111.101427 0.683732 0.729733 0.000000 28.637253 0.000000 0.000000 1.000000 0.000000
0.731559 -0.681778 0.000000 111.475671 0.681778 0.731559 0.000000 28.985896 0.000000 0.000000 1.000000 0.000000
0.732356 -0.680922 0.000000 111.817454 0.680922 0.732356 0.000000 29.297728 0.000000 0.000000 1.000000 0.000000
0.734832 -0.678249 0.000000 112.268018 0.678249 0.734832 0.000000 29.716435 0.000000 0.000000 1.000000 0.000000
0.736905 -0.675997 0.000000 112.762195 0.675997 0.736905 0.000000 30.128073 0.000000 0.000000 1.000000 0.000000
0.738500 -0.674253 0.000000 113.217593 0.674253 0.738500 0.000000 30.578466 0.000000 0.000000 1.000000 0.000000
0.739705 -0.672931 0.000000 113.711812 0.672931 0.739705 0.000000 31.031513 0.000000 0.000000 1.000000 0.000000
0.740201 -0.672386 0.000000 114.291607 0.672386 0.740201 0.000000 31.560383 0.000000 0.000000 1.000000 0.000000
0.741467 -0.670989 0.000000 114.894228 0.670989 0.741467 0.000000 32.082809 0.000000 0.000000 1.000000 0.000000
0.741427 -0.671033 0.000000 115.486452 0.671033 0.741427 0.000000 32.638485 0.000000 0.000000 1.000000 0.000000
0.742338 -0.670026 0.000000 116.075763 0.670026 0.742338 0.000000 33.144572 0.000000 0.000000 1.000000 0.000000
0.743165 -0.669108 0.000000 116.758025 0.669108 0.743165 0.000000 33.746572 0.000000 0.000000 1.000000 0.000000
0.742828 -0.669482 0.000000 117.316078 0.669482 0.742828 0.000000 34.307158 0.000000 0.000000 1.000000 0.000000
0.742414 -0.669941 0.000000 117.968960 0.669941 0.742414 0.000000 34.878666 0.000000 0.000000 1.000000 0.000000
0.741713 -0.670718 0.000000 118.597583 0.670718 0.741713 0.000000 35.492553 0.000000 0.000000 1.000000 0.000000
0.741047 -0.671454 0.000000 119.276561 0.671454 0.741047 0.000000 36.101625 0.000000 0.000000 1.000000 0.000000
0.740914 -0.671600 0.000000 119.990258 0.671600 0.740914 0.000000 36.756722 0.000000 0.000000 1.000000 0.000000
0.739494 -0.673163 0.000000 120.686061 0.673163 0.739494 0.000000 37.404095 0.000000 0.000000 1.000000 0.000000
0.739381 -0.673288 0.000000 121.423804 0.673288 0.739381 0.000000 38.060770 0.000000 0.000000 1.000000 0.000000
0.738602 -0.674141 0.000000 122.155622 0.674141 0.738602 0.000000 38.784449 0.000000 0.000000 1.000000 0.000000
0.737787 -0.675034 0.000000 122.919668 0.675034 0.737787 0.000000 39.492362 0.000000 0.000000 1.000000 0.000000
0.738592 -0.674153 0.000000 123.777749 0.674153 0.738592 0.000000 40.254553 0.000000 0.000000 1.000000 0.000000
0.739003 -0.673702 0.000000 124.552535 0.673702 0.739003 0.000000 40.997317 0.000000 0.000000 1.000000 0.000000
0.740508 -0.672047 0.000000 125.474296 0.672047 0.740508 0.000000 41.777941 0.000000 0.000000 1.000000 0.000000
0.742085 -0.670305 0.000000 126.277395 0.670305 0.742085 0.000000 42.565391 0.000000 0.000000 1.000000 0.000000
0.745501 -0.666505 0.000000 127.183240 0.666505 0.745501 0.000000 43.390494 0.000000 0.000000 1.000000 0.000000
0.748012 -0.663685 0.000000 128.031557 0.663685 0.748012 0.000000 44.159811 0.000000 0.000000 1.000000 0.000000
0.751469 -0.659768 0.000000 128.942045 0.659768 0.751469 0.000000 44.999188 0.000000 0.000000 1.000000 0.000000
0.754769 -0.655990 0.000000 129.881403 0.655990 0.754769 0.000000 45.730111 0.000000 0.000000 1.000000 0.000000
0.758945 -0.651154 0.000000 130.837228 0.651154 0.758945 0.000000 46.624981 0.000000 0.000000 1.000000 0.000000
0.763459 -0.645856 0.000000 131.701433 0.645856 0.763459 0.000000 47.361098 0.000000 0.000000 1.000000 0.000000
0.769476 -0.638676 0.000000 132.808860 0.638676 0.769476 0.000000 48.288000 0.000000 0.000000 1.000000 0.000000
0.775484 -0.631367 0.000000 133.717035 0.631367 0.775484 0.000000 49.058011 0.000000 0.000000 1.000000 0.000000
0.780973 -0.624565 0.000000 134.897396 0.624565 0.780973 0.000000 49.918209 0.000000 0.000000 1.000000 0.000000
0.787860 -0.615855 0.000000 135.907375 0.615855 0.787860 0.000000 50.719244 0.000000 0.000000 1.000000 0.000000
0.795030 -0.606571 0.000000 137.007341 0.606571 0.795030 0.000000 51.556431 0.000000 0.000000 1.000000 0.000000
0.803155 -0.595771 0.000000 138.103326 0.595771 0.803155 0.000000 52.343664 0.000000 0.000000 1.000000 0.000000
0.811228 -0.584730 0.000000 139.171896 0.584730 0.811228 0.000000 53.136540 0.000000 0.000000 1.000000 0.000000
0.819990 -0.572378 0.000000 140.268270 0.572378 0.819990 0.000000 53.897040 0.000000 0.000000 1.000000 0.000000
0.829836 -0.558008 0.000000 141.375767 0.558008 0.829836 0.000000 54.624340 0.000000 0.000000 1.000000 0.000000
0.840202 -0.542273 0.000000 142.521001 0.542273 0.840202 0.000000 55.333337 0.000000 0.000000 1.000000 0.000000
0.850852 -0.525405 0.000000 143.585178 0.525405 0.850852 0.000000 55.983958 0.000000 0.000000 1.000000 0.000000
0.860239 -0.509891 0.000000 144.697542 0.509891 0.860239 0.000000 56.630855 0.000000 0.000000 1.000000 0.000000
0.868133 -0.496332 0.000000 145.722889 0.496332 0.868133 0.000000 57.236243 0.000000 0.000000 1.000000 0.000000
0.876412 -0.481561 0.000000 146.798551 0.481561 0.876412 0.000000 57.787113 0.000000 0.000000 1.000000 0.000000
0.884798 -0.465976 0.000000 147.846993 0.465976 0.884798 0.000000 58.345469 0.000000 0.000000 1.000000 0.000000
0.892197 -0.451646 0.000000 148.791105 0.451646 0.892197 0.000000 58.822388 0.000000 0.000000 1.000000 0.000000
0.897187 -0.441650 0.000000 149.797257 0.441650 0.897187 0.000000 59.313878 0.000000 0.000000 1.000000 0.000000
0.900384 -0.435096 0.000000 150.669629 0.435096 0.900384 0.000000 59.741852 0.000000 0.000000 1.000000 0.000000
0.902834 -0.429989 0.000000 151.432441 0.429989 0.902834 0.000000 60.082596 0.000000 0.000000 1.000000 0.000000
0.904755 -0.425932 0.000000 152.133950 0.425932 0.904755 0.000000 60.408317 0.000000 0.000000 1.000000 0.000000
0.905386 -0.424589 0.000000 152.793039 0.424589 0.905386 0.000000 60.705472 0.000000 0.000000 1.000000 0.000000
0.906355 -0.422517 0.000000 153.348030 0.422517 0.906355 0.000000 60.971131 0.000000 0.000000 1.000000 0.000000
0.906217 -0.422813 0.000000 153.923357 0.422813 0.906217 0.000000 61.236321 0.000000 0.000000 1.000000 0.000000
0.906728 -0.421716 0.000000 154.488856 0.421716 0.906728 0.000000 61.514131 0.000000 0.000000 1.000000 0.000000
0.906487 -0.422234 0.000000 155.004365 0.422234 0.906487 0.000000 61.746399 0.000000 0.000000 1.000000 0.000000
0.904631 -0.426196 0.000000 155.477308 0.426196 0.904631 0.000000 62.007546 0.000000 0.000000 1.000000 0.000000
0.902050 -0.431631 0.000000 155.998734 0.431631 0.902050 0.000000 62.242540 0.000000 0.000000 1.000000 0.000000
0.896678 -0.442683 0.000000 156.429147 0.442683 0.896678 0.000000 62.484149 0.000000 0.000000 1.000000 0.000000
0.891876 -0.452279 0.000000 156.929836 0.452279 0.891876 0.000000 62.765543 0.000000 0.000000 1.000000 0.000000
0.888003 -0.459837 0.000000 157.485907 0.459837 0.888003 0.000000 63.067069 0.000000 0.000000 1.000000 0.000000
0.887693 -0.460436 0.000000 158.117321 0.460436 0.887693 0.000000 63.333473 0.000000 0.000000 1.000000 0.000000
0.889409 -0.457111 0.000000 158.715172 0.457111 0.889409 0.000000 63.671515 0.000000 0.000000 1.000000 0.000000
0.896135 -0.443781 0.000000 159.376774 0.443781 0.896135 0.000000 63.974364 0.000000 0.000000 1.000000 0.000000
0.904479 -0.426518 0.000000 160.104859 0.426518 0.904479 0.000000 64.337260 0.000000 0.000000 1.000000 0.000000
0.915243 -0.402902 0.000000 160.918596 0.402902 0.915243 0.000000 64.649081 0.000000 0.000000 1.000000 0.000000
0.925948 -0.377652 0.000000 161.747531 0.377652 0.925948 0.000000 64.986251 0.000000 0.000000 1.000000 0.000000
0.936515 -0.350628 0.000000 162.683396 0.350628 0.936515 0.000000 65.266003 0.000000 0.000000 1.000000 0.000000
0.947060 -0.321056 0.000000 163.724610 0.321056 0.947060 0.000000 65.612281 0.000000 0.000000 1.000000 0.000000
0.956913 -0.290373 0.000000 164.764500 0.290373 0.956913 0.000000 65.881121 0.000000 0.000000 1.000000 0.000000
0.965913 -0.258867 0.000000 165.894362 0.258867 0.965913 0.000000 66.188099 0.000000 0.000000 1.000000 0.000000
0.973421 -0.229024 0.000000 167.085342 0.229024 0.973421 0.000000 66.416627 0.000000 0.000000 1.000000 0.000000
0.980179 -0.198113 0.000000 168.401404 0.198113 0.980179 0.000000 66.664259 0.000000 0.000000 1.000000 0.000000
0.985325 -0.170689 0.000000 169.679642 0.170689 0.985325 0.000000 66.827782 0.000000 0.000000 1.000000 0.000000
0.988359 -0.152137 0.000000 171.023610 0.152137 0.988359 0.000000 66.944074 0.000000 0.000000 1.000000 0.000000
0.989664 -0.143407 0.000000 172.443555 0.143407 0.989664 0.000000 67.159397 0.000000 0.000000 1.000000 0.000000
0.990370 -0.138449 0.000000 173.925749 0.138449 0.990370 0.000000 67.462055 0.000000 0.000000 1.000000 0.000000
0.990672 -0.136266 0.000000 175.378754 0.136266 0.990672 0.000000 67.712735 0.000000 0.000000 1.000000 0.000000
0.990970 -0.134085 0.000000 176.860051 0.134085 0.990970 0.000000 67.872741 0.000000 0.000000 1.000000 0.000000
0.991439 -0.130569 0.000000 178.378067 0.130569 0.991439 0.000000 68.051299 0.000000 0.000000 1.000000 0.000000
0.991842 -0.127471 0.000000 179.976444 0.127471 0.991842 0.000000 68.286934 0.000000 0.000000 1.000000 0.000000
0.992230 -0.124415 0.000000 181.579543 0.124415 0.992230 0.000000 68.484004 0.000000 0.000000 1.000000 0.000000
0.992611 -0.121339 0.000000 183.229119 0.121339 0.992611 0.000000 68.683522 0.000000 0.000000 1.000000 0.000000
0.993315 -0.115439 0.000000 184.863832 0.115439 0.993315 0.000000 68.883356 0.000000 0.000000 1.000000 0.000000
0.994176 -0.107772 0.000000 186.590608 0.107772 0.994176 0.000000 69.078202 0.000000 0.000000 1.000000 0.000000
0.995029 -0.099588 0.000000 188.332674 0.099588 0.995029 0.000000 69.272218 0.000000 0.000000 1.000000 0.000000
0.995984 -0.089536 0.000000 190.146706 0.089536 0.995984 0.000000 69.443132 0.000000 0.000000 1.000000 0.000000
0.996935 -0.078237 0.000000 191.968990 0.078237 0.996935 0.000000 69.589837 0.000000 0.000000 1.000000 0.000000
0.997999 -0.063224 0.000000 193.829471 0.063224 0.997999 0.000000 69.728368 0.000000 0.000000 1.000000 0.000000
0.999043 -0.043731 0.000000 195.719180 0.043731 0.999043 0.000000 69.808516 0.000000 0.000000 1.000000 0.000000
0.999757 -0.022042 0.000000 197.567636 0.022042 0.999757 0.000000 69.838317 0.000000 0.000000 1.000000 0.000000
0.999996 -0.002691 0.000000 199.488797 0.002691 0.999996 0.000000 69.840216 0.000000 0.000000 1.000000 0.000000
0.999926 0.012166 0.000000 201.491177 -0.012166 0.999926 0.000000 69.811670 0.000000 0.000000 1.000000 0.000000
0.999700 0.024489 0.000000 203.417271 -0.024489 0.999700 0.000000 69.742993 0.000000 0.000000 1.000000 0.000000
0.999296 0.037526 0.000000 205.434721 -0.037526 0.999296 0.000000 69.626707 0.000000 0.000000 1.000000 0.000000
0.998697 0.051028 0.000000 207.405675 -0.051028 0.998697 0.000000 69.589371 0.000000 0.000000 1.000000 0.000000
0.997846 0.065601 0.000000 209.444299 -0.065601 0.997846 0.000000 69.440150 0.000000 0.000000 1.000000 0.000000
0.996897 0.078711 0.000000 211.480410 -0.078711 0.996897 0.000000 69.284778 0.000000 0.000000 1.000000 0.000000
0.995976 0.089620 0.000000 213.560533 -0.089620 0.995976 0.000000 69.098912 0.000000 0.000000 1.000000 0.000000
0.994880 0.101063 0.000000 215.679873 -0.101063 0.994880 0.000000 68.906768 0.000000 0.000000 1.000000 0.000000
0.993718 0.111909 0.000000 217.795646 -0.111909 0.993718 0.000000 68.672279 0.000000 0.000000 1.000000 0.000000
0.992479 0.122415 0.000000 219.908248 -0.122415 0.992479 0.000000 68.397056 0.000000 0.000000 1.000000 0.000000
0.991071 0.133332 0.000000 221.992427 -0.133332 0.991071 0.000000 68.132540 0.000000 0.000000 1.000000 0.000000
0.989314 0.145800 0.000000 224.090216 -0.145800 0.989314 0.000000 67.803997 0.000000 0.000000 1.000000 0.000000
0.987426 0.158084 0.000000 226.143515 -0.158084 0.987426 0.000000 67.504873 0.000000 0.000000 1.000000 0.000000
0.985019 0.172445 0.000000 228.203060 -0.172445 0.985019 0.000000 67.138267 0.000000 0.000000 1.000000 0.000000
0.982231 0.187676 0.000000 230.262796 -0.187676 0.982231 0.000000 66.743196 0.000000 0.000000 1.000000 0.000000
0.978999 0.203865 0.000000 232.256750 -0.203865 0.978999 0.000000 66.284290 0.000000 0.000000 1.000000 0.000000
0.974859 0.222821 0.000000 234.315069 -0.222821 0.974859 0.000000 65.844665 0.000000 0.000000 1.000000 0.000000
0.970029 0.242989 0.000000 236.320424 -0.242989 0.970029 0.000000 65.318678 0.000000 0.000000 1.000000 0.000000
0.964724 0.263265 0.000000 238.350889 -0.263265 0.964724 0.000000 64.739530 0.000000 0.000000 1.000000 0.000000
0.958511 0.285056 0.000000 240.423135 -0.285056 0.958511 0.000000 64.178369 0.000000 0.000000 1.000000 0.000000
0.951782 0.306776 0.000000 242.448410 -0.306776 0.951782 0.000000 63.503989 0.000000 0.000000 1.000000 0.000000
0.944418 0.328748 0.000000 244.406133 -0.328748 0.944418 0.000000 62.876484 0.000000 0.000000 1.000000 0.000000
0.935996 0.352010 0.000000 246.337551 -0.352010 0.935996 0.000000 62.126002 0.000000 0.000000 1.000000 0.000000
0.927020 0.375012 0.000000 248.295560 -0.375012 0.927020 0.000000 61.376435 0.000000 0.000000 1.000000 0.000000
0.918145 0.396245 0.000000 250.225916 -0.396245 0.918145 0.000000 60.522964 0.000000 0.000000 1.000000 0.000000
0.907192 0.420716 0.000000 252.128714 -0.420716 0.907192 0.000000 59.638473 0.000000 0.000000 1.000000 0.000000
0.895631 0.444798 0.000000 253.978869 -0.444798 0.895631 0.000000 58.722979 0.000000 0.000000 1.000000 0.000000
0.883083 0.469217 0.000000 255.852541 -0.469217 0.883083 0.000000 57.699104 0.000000 0.000000 1.000000 0.000000
0.870910 0.491442 0.000000 257.703029 -0.491442 0.870910 0.000000 56.657994 0.000000 0.000000 1.000000 0.000000
0.859936 0.510402 0.000000 259.509500 -0.510402 0.859936 0.000000 55.606771 0.000000 0.000000 1.000000 0.000000
0.847191 0.531288 0.000000 261.333015 -0.531288 0.847191 0.000000 54.487763 0.000000 0.000000 1.000000 0.000000
0.833933 0.551865 0.000000 263.104239 -0.551865 0.833933 0.000000 53.335693 0.000000 0.000000 1.000000 0.000000
0.821756 0.569840 0.000000 264.803186 -0.569840 0.821756 0.000000 52.128863 0.000000 0.000000 1.000000 0.000000
0.809901 0.586566 0.000000 266.556062 -0.586566 0.809901 0.000000 50.897332 0.000000 0.000000 1.000000 0.000000
0.798819 0.601572 0.000000 268.229326 -0.601572 0.798819 0.000000 49.602902 0.000000 0.000000 1.000000 0.000000
0.787747 0.615999 0.000000 269.941350 -0.615999 0.787747 0.000000 48.311090 0.000000 0.000000 1.000000 0.000000
0.776860 0.629673 0.000000 271.575632 -0.629673 0.776860 0.000000 46.954362 0.000000 0.000000 1.000000 0.000000
0.766045 0.642787 0.000000 273.183158 -0.642787 0.766045 0.000000 45.623536 0.000000 0.000000 1.000000 0.000000
0.755774 0.654833 0.000000 274.788462 -0.654833 0.755774 0.000000 44.214142 0.000000 0.000000 1.000000 0.000000
0.745907 0.666050 0.000000 276.411157 -0.666050 0.745907 0.000000 42.821305 0.000000 0.000000 1.000000 0.000000
0.735163 0.677891 0.000000 277.967924 -0.677891 0.735163 0.000000 41.360121 0.000000 0.000000 1.000000 0.000000
0.726023 0.687670 0.000000 279.550044 -0.687670 0.726023 0.000000 39.891019 0.000000 0.000000 1.000000 0.000000
0.717678 0.696375 0.000000 281.052647 -0.696375 0.717678 0.000000 38.398583 0.000000 0.000000 1.000000 0.000000
0.709038 0.705170 0.000000 282.602064 -0.705170 0.709038 0.000000 36.872995 0.000000 0.000000 1.000000 0.000000
0.700888 0.713272 0.000000 284.187031 -0.713272 0.700888 0.000000 35.366572 0.000000 0.000000 1.000000 0.000000
0.693549 0.720409 0.000000 285.700631 -0.720409 0.693549 0.000000 33.800182 0.000000 0.000000 1.000000 0.000000
0.690620 0.723218 0.000000 287.134629 -0.723218 0.690620 0.000000 32.320057 0.000000 0.000000 1.000000 0.000000
0.692424 0.721491 0.000000 288.629514 -0.721491 0.692424 0.000000 30.790702 0.000000 0.000000 1.000000 0.000000
0.698929 0.715191 0.000000 290.067742 -0.715191 0.698929 0.000000 29.277180 0.000000 0.000000 1.000000 0.000000
0.708187 0.706025 0.000000 291.618167 -0.706025 0.708187 0.000000 27.761682 0.000000 0.000000 1.000000 0.000000
0.720412 0.693546 0.000000 293.150009 -0.693546 0.720412 0.000000 26.346719 0.000000 0.000000 1.000000 0.000000
0.733230 0.679981 0.000000 294.687271 -0.679981 0.733230 0.000000 24.949916 0.000000 0.000000 1.000000 0.000000
0.747366 0.664412 0.000000 296.227306 -0.664412 0.747366 0.000000 23.590158 0.000000 0.000000 1.000000 0.000000
0.761951 0.647634 0.000000 297.865958 -0.647634 0.761951 0.000000 22.240162 0.000000 0.000000 1.000000 0.000000
0.779372 0.626562 0.000000 299.452071 -0.626562 0.779372 0.000000 20.949208 0.000000 0.000000 1.000000 0.000000
0.796750 0.604309 0.000000 301.141836 -0.604309 0.796750 0.000000 19.696259 0.000000 0.000000 1.000000 0.000000
0.815349 0.578969 0.000000 302.952768 -0.578969 0.815349 0.000000 18.564961 0.000000 0.000000 1.000000 0.000000
0.834682 0.550732 0.000000 304.697720 -0.550732 0.834682 0.000000 17.383066 0.000000 0.000000 1.000000 0.000000
0.853387 0.521277 0.000000 306.530929 -0.521277 0.853387 0.000000 16.305788 0.000000 0.000000 1.000000 0.000000
0.871356 0.490651 0.000000 308.427502 -0.490651 0.871356 0.000000 15.318299 0.000000 0.000000 1.000000 0.000000
0.890025 0.455912 0.000000 310.357307 -0.455912 0.890025 0.000000 14.344518 0.000000 0.000000 1.000000 0.000000
0.908101 0.418751 0.000000 312.350769 -0.418751 0.908101 0.000000 13.423631 0.000000 0.000000 1.000000 0.000000
0.925197 0.379488 0.000000 314.406440 -0.379488 0.925197 0.000000 12.599077 0.000000 0.000000 1.000000 0.000000
0.940980 0.338463 0.000000 316.511775 -0.338463 0.940980 0.000000 11.897849 0.000000 0.000000 1.000000 0.000000
0.954170 0.299265 0.000000 318.708747 -0.299265 0.954170 0.000000 11.188396 0.000000 0.000000 1.000000 0.000000
0.963966 0.266026 0.000000 320.866960 -0.266026 0.963966 0.000000 10.638081 0.000000 0.000000 1.000000 0.000000
0.971262 0.238011 0.000000 323.099222 -0.238011 0.971262 0.000000 10.120116 0.000000 0.000000 1.000000 0.000000
0.977249 0.212095 0.000000 325.343378 -0.212095 0.977249 0.000000 9.656840 0.000000 0.000000 1.000000 0.000000
0.981437 0.191787 0.000000 327.583371 -0.191787 0.981437 0.000000 9.263241 0.000000 0.000000 1.000000 0.000000
0.985137 0.171771 0.000000 329.895626 -0.171771 0.985137 0.000000 8.892959 0.000000 0.000000 1.000000 0.000000
0.987571 0.157172 0.000000 332.197895 -0.157172 0.987571 0.000000 8.533116 0.000000 0.000000 1.000000 0.000000
0.989738 0.142897 0.000000 334.521321 -0.142897 0.989738 0.000000 8.248734 0.000000 0.000000 1.000000 0.000000
0.991494 0.130151 0.000000 336.891659 -0.130151 0.991494 0.000000 7.988657 0.000000 0.000000 1.000000 0.000000
0.992742 0.120264 0.000000 339.230243 -0.120264 0.992742 0.000000 7.692270 0.000000 0.000000 1.000000 0.000000
0.994163 0.107889 0.000000 341.622221 -0.107889 0.994163 0.000000 7.486187 0.000000 0.000000 1.000000 0.000000
0.995188 0.097982 0.000000 344.049574 -0.097982 0.995188 0.000000 7.219135 0.000000 0.000000 1.000000 0.000000
0.996199 0.087112 0.000000 346.484938 -0.087112 0.996199 0.000000 6.995727 0.000000 0.000000 1.000000 0.000000
0.996810 0.079816 0.000000 348.919487 -0.079816 0.996810 0.000000 6.832091 0.000000 0.000000 1.000000 0.000000
0.997614 0.069033 0.000000 351.351584 -0.069033 0.997614 0.000000 6.662386 0.000000 0.000000 1.000000 0.000000
0.998091 0.061765 0.000000 353.789618 -0.061765 0.998091 0.000000 6.519914 0.000000 0.000000 1.000000 0.000000
0.998502 0.054723 0.000000 356.274307 -0.054723 0.998502 0.000000 6.457495 0.000000 0.000000 1.000000 0.000000
0.998995 0.044827 0.000000 358.766795 -0.044827 0.998995 0.000000 6.277685 0.000000 0.000000 1.000000 0.000000
0.999353 0.035979 0.000000 361.311645 -0.035979 0.999353 0.000000 6.290539 0.000000 0.000000 1.000000 0.000000
0.999530 0.030650 0.000000 363.734544 -0.030650 0.999530 0.000000 6.192340 0.000000 0.000000 1.000000 0.000000
0.999674 0.025542 0.000000 366.241582 -0.025542 0.999674 0.000000 6.106167 0.000000 0.000000 1.000000 0.000000
0.999766 0.021615 0.000000 368.666406 -0.021615 0.999766 0.000000 6.079643 0.000000 0.000000 1.000000 0.000000
0.999855 0.017020 0.000000 371.079491 -0.017020 0.999855 0.000000 6.088977 0.000000 0.000000 1.000000 0.000000
0.999919 0.012701 0.000000 373.513546 -0.012701 0.999919 0.000000 6.001385 0.000000 0.000000 1.000000 0.000000
0.999970 0.007730 0.000000 375.997228 -0.007730 0.999970 0.000000 6.033847 0.000000 0.000000 1.000000 0.000000
0.999969 0.007886 0.000000 378.474418 -0.007886 0.999969 0.000000 5.994347 0.000000 0.000000 1.000000 0.000000
0.999969 0.007871 0.000000 380.874852 -0.007871 0.999969 0.000000 5.949522 0.000000 0.000000 1.000000 0.000000
0.999965 0.008408 0.000000 383.344838 -0.008408 0.999965 0.000000 5.968520 0.000000 0.000000 1.000000 0.000000
0.999978 0.006704 0.000000 385.799167 -0.006704 0.999978 0.000000 5.985088 0.000000 0.000000 1.000000 0.000000
0.999990 0.004553 0.000000 388.296393 -0.004553 0.999990 0.000000 5.968834 0.000000 0.000000 1.000000 0.000000
0.999997 0.002503 0.000000 390.783826 -0.002503 0.999997 0.000000 5.952390 0.000000 0.000000 1.000000 0.000000
0.999999 0.001230 0.000000 393.242256 -0.001230 0.999999 0.000000 5.962843 0.000000 0.000000 1.000000 0.000000
1.000000 -0.000350 0.000000 395.695492 0.000350 1.000000 0.000000 5.969249 0.000000 0.000000 1.000000 0.000000
0.999999 -0.001112 0.000000 398.168817 0.001112 0.999999 0.000000 5.937036 0.000000 0.000000 1.000000 0.000000
0.999997 -0.002543 0.000000 400.632662 0.002543 0.999997 0.000000 5.943797 0.000000 0.000000 1.000000 0.000000
0.999998 -0.002137 0.000000 403.047471 0.002137 0.999998 0.000000 5.950265 0.000000 0.000000 1.000000 0.000000
0.999985 -0.005397 0.000000 405.459219 0.005397 0.999985 0.000000 6.016209 0.000000 0.000000 1.000000 0.000000
0.999983 -0.005884 0.000000 407.918787 0.005884 0.999983 0.000000 6.034224 0.000000 0.000000 1.000000 0.000000
0.999986 -0.005385 0.000000 410.284389 0.005385 0.999986 0.000000 6.066346 0.000000 0.000000 1.000000 0.000000
0.999979 -0.006512 0.000000 412.652377 0.006512 0.999979 0.000000 6.075030 0.000000 0.000000 1.000000 0.000000
0.999950 -0.010004 0.000000 415.052150 0.010004 0.999950 0.000000 6.091689 0.000000 0.000000 1.000000 0.000000
0.999950 -0.010021 0.000000 417.477420 0.010021 0.999950 0.000000 6.202182 0.000000 0.000000 1.000000 0.000000
0.999956 -0.009366 0.000000 419.834381 0.009366 0.999956 0.000000 6.230023 0.000000 0.000000 1.000000 0.000000
0.999978 -0.006645 0.000000 422.160102 0.006645 0.999978 0.000000 6.231670 0.000000 0.000000 1.000000 0.000000
0.999988 -0.004979 0.000000 424.472043 0.004979 0.999988 0.000000 6.210559 0.000000 0.000000 1.000000 0.000000
0.999986 -0.005262 0.000000 426.777464 0.005262 0.999986 0.000000 6.257451 0.000000 0.000000 1.000000 0.000000
0.999986 -0.005213 0.000000 429.084995 0.005213 0.999986 0.000000 6.274853 0.000000 0.000000 1.000000 0.000000
0.999991 -0.004189 0.000000 431.314369 0.004189 0.999991 0.000000 6.295519 0.000000 0.000000 1.000000 0.000000
0.999982 -0.005936 0.000000 433.605752 0.005936 0.999982 0.000000 6.302487 0.000000 0.000000 1.000000 0.000000
0.999987 -0.005034 0.000000 435.856737 0.005034 0.999987 0.000000 6.349236 0.000000 0.000000 1.000000 0.000000
0.999984 -0.005611 0.000000 438.084280 0.005611 0.999984 0.000000 6.330303 0.000000 0.000000 1.000000 0.000000
0.999992 -0.003887 0.000000 440.271016 0.003887 0.999992 0.000000 6.331367 0.000000 0.000000 1.000000 0.000000
1.000000 -0.000968 0.000000 442.464707 0.000968 1.000000 0.000000 6.358669 0.000000 0.000000 1.000000 0.000000
0.999999 -0.001297 0.000000 444.638150 0.001297 0.999999 0.000000 6.429548 0.000000 0.000000 1.000000 0.000000
1.000000 0.000801 0.000000 446.819954 -0.000801 1.000000 0.000000 6.406778 0.000000 0.000000 1.000000 0.000000
1.000000 0.000729 0.000000 448.936083 -0.000729 1.000000 0.000000 6.453191 0.000000 0.000000 1.000000 0.000000
0.999996 0.002835 0.000000 450.954856 -0.002835 0.999996 0.000000 6.441718 0.000000 0.000000 1.000000 0.000000
0.999989 0.004737 0.000000 452.880859 -0.004737 0.999989 0.000000 6.547898 0.000000 0.000000 1.000000 0.000000
0.999983 0.005884 0.000000 454.821391 -0.005884 0.999983 0.000000 6.559286 0.000000 0.000000 1.000000 0.000000
0.999992 0.004082 0.000000 456.642106 -0.004082 0.999992 0.000000 6.482022 0.000000 0.000000 1.000000 0.000000
0.999978 0.006658 0.000000 458.397645 -0.006658 0.999978 0.000000 6.511587 0.000000 0.000000 1.000000 0.000000
0.999963 0.008572 0.000000 460.138873 -0.008572 0.999963 0.000000 6.490007 0.000000 0.000000 1.000000 0.000000
0.999983 0.005801 0.000000 461.791627 -0.005801 0.999983 0.000000 6.504032 0.000000 0.000000 1.000000 0.000000
0.999965 0.008325 0.000000 463.351566 -0.008325 0.999965 0.000000 6.493466 0.000000 0.000000 1.000000 0.000000
0.999957 0.009280 0.000000 464.870169 -0.009280 0.999957 0.000000 6.552422 0.000000 0.000000 1.000000 0.000000
0.999877 0.015699 0.000000 466.299219 -0.015699 0.999877 0.000000 6.483232 0.000000 0.000000 1.000000 0.000000
0.999595 0.028475 0.000000 467.653041 -0.028475 0.999595 0.000000 6.486854 0.000000 0.000000 1.000000 0.000000
0.998837 0.048225 0.000000 469.028042 -0.048225 0.998837 0.000000 6.416733 0.000000 0.000000 1.000000 0.000000
0.996439 0.084321 0.000000 470.179213 -0.084321 0.996439 0.000000 6.210211 0.000000 0.000000 1.000000 0.000000
0.992031 0.125995 0.000000 471.421714 -0.125995 0.992031 0.000000 6.013020 0.000000 0.000000 1.000000 0.000000
0.985134 0.171787 0.000000 472.618282 -0.171787 0.985134 0.000000 5.749933 0.000000 0.000000 1.000000 0.000000
0.974434 0.224672 0.000000 473.856977 -0.224672 0.974434 0.000000 5.477193 0.000000 0.000000 1.000000 0.000000
0.958509 0.285062 0.000000 474.946348 -0.285062 0.958509 0.000000 5.049791 0.000000 0.000000 1.000000 0.000000
