1.000000 0.000000 0.000000 0.000000 0.000000 1.000000 0.000000 0.000000 0.000000 0.000000 1.000000 0.000000 1561000444438566669

0.999995 0.003040 0.000000 1.673462 -0.003040 0.999995 -0.000000 -0.055449 -0.000000 0.000000 1.000000 0.000000 1561000451216509319

0.999997 0.002294 0.000000 3.286424 -0.002294 0.999997 -0.000000 -0.028848 -0.000000 0.000000 1.000000 0.000000 1561000451969701727

0.999790 0.020510 0.000000 5.463058 -0.020510 0.999790 -0.000000 -0.103154 -0.000000 0.000000 1.000000 0.000000 1561000452723123416

0.999596 0.028419 0.000000 7.225493 -0.028419 0.999596 -0.000000 -0.157365 -0.000000 0.000000 1.000000 0.000000 1561000453225385748

0.999217 0.039558 0.000000 9.229661 -0.039558 0.999217 -0.000000 -0.238587 -0.000000 0.000000 1.000000 0.000000 1561000453727328862

0.998559 0.053671 0.000000 11.405312 -0.053671 0.998559 -0.000000 -0.411410 -0.000000 0.000000 1.000000 0.000000 1561000454228891445

0.998691 0.051155 0.000000 13.744380 -0.051155 0.998691 -0.000000 -0.496389 -0.000000 0.000000 1.000000 0.000000 1561000454730705305

0.998464 0.055409 0.000000 16.307459 -0.055409 0.998464 -0.000000 -0.666390 -0.000000 0.000000 1.000000 0.000000 1561000455232943146

0.998805 0.048874 0.000000 19.060494 -0.048874 0.998805 -0.000000 -0.784700 -0.000000 0.000000 1.000000 0.000000 1561000455733801228

0.999074 0.043020 0.000000 21.967637 -0.043020 0.999074 -0.000000 -0.944327 -0.000000 0.000000 1.000000 0.000000 1561000456235346935

0.998232 0.059442 0.000000 25.022385 -0.059442 0.998232 -0.000000 -1.187779 -0.000000 0.000000 1.000000 0.000000 1561000456733214441

0.998769 0.049607 0.000000 26.697493 -0.049607 0.998769 -0.000000 -1.195362 -0.000000 0.000000 1.000000 0.000000 1561000456983059299

0.998899 0.046921 0.000000 28.413722 -0.046921 0.998899 -0.000000 -1.280953 -0.000000 0.000000 1.000000 0.000000 1561000457232398842

0.999141 0.041451 0.000000 30.130994 -0.041451 0.999141 -0.000000 -1.392767 -0.000000 0.000000 1.000000 0.000000 1561000457481918695

0.999035 0.043928 0.000000 31.944695 -0.043928 0.999035 -0.000000 -1.444589 -0.000000 0.000000 1.000000 0.000000 1561000457731848049

0.999409 0.034385 0.000000 33.855248 -0.034385 0.999409 -0.000000 -1.458649 -0.000000 0.000000 1.000000 0.000000 1561000457981349830

0.999136 0.041552 0.000000 35.799875 -0.041552 0.999136 -0.000000 -1.606334 -0.000000 0.000000 1.000000 0.000000 1561000458230556467

0.999446 0.033267 0.000000 37.746396 -0.033267 0.999446 -0.000000 -1.681868 -0.000000 0.000000 1.000000 0.000000 1561000458480313167

0.999603 0.028160 0.000000 39.808756 -0.028160 0.999603 -0.000000 -1.723191 -0.000000 0.000000 1.000000 0.000000 1561000458730184974

0.999439 0.033498 0.000000 41.903148 -0.033498 0.999439 -0.000000 -1.796265 -0.000000 0.000000 1.000000 0.000000 1561000458979946031

0.999786 0.020682 0.000000 44.033707 -0.020682 0.999786 -0.000000 -1.819845 -0.000000 0.000000 1.000000 0.000000 1561000459230310958

0.999915 0.013054 0.000000 46.245285 -0.013054 0.999915 -0.000000 -1.848240 -0.000000 0.000000 1.000000 0.000000 1561000459478978852

0.999999 -0.001521 0.000000 48.487759 0.001521 0.999999 0.000000 -1.823456 0.000000 0.000000 1.000000 0.000000 1561000459728263184

0.999998 0.002084 0.000000 50.724478 -0.002084 0.999998 -0.000000 -1.852531 -0.000000 0.000000 1.000000 0.000000 1561000459976957555

0.999958 -0.009178 0.000000 52.934905 0.009178 0.999958 0.000000 -1.796517 0.000000 0.000000 1.000000 0.000000 1561000460228619483

0.999939 -0.011069 0.000000 55.135297 0.011069 0.999939 0.000000 -1.780988 0.000000 0.000000 1.000000 0.000000 1561000460479057802

0.999786 -0.020693 0.000000 57.284323 0.020693 0.999786 0.000000 -1.739599 0.000000 0.000000 1.000000 0.000000 1561000460725813233

0.999555 -0.029846 0.000000 59.459015 0.029846 0.999555 0.000000 -1.649195 0.000000 0.000000 1.000000 0.000000 1561000460974620300

0.999487 -0.032041 0.000000 61.612236 0.032041 0.999487 0.000000 -1.583594 0.000000 0.000000 1.000000 0.000000 1561000461223439348

0.999367 -0.035589 0.000000 63.704348 0.035589 0.999367 0.000000 -1.463496 0.000000 0.000000 1.000000 0.000000 1561000461472649374

0.999195 -0.040122 0.000000 65.828405 0.040122 0.999195 0.000000 -1.383923 0.000000 0.000000 1.000000 0.000000 1561000461722049139

0.999162 -0.040930 0.000000 67.975850 0.040930 0.999162 0.000000 -1.324938 0.000000 0.000000 1.000000 0.000000 1561000461972031965

0.999033 -0.043976 0.000000 70.048984 0.043976 0.999033 0.000000 -1.228580 0.000000 0.000000 1.000000 0.000000 1561000462221366733

0.998863 -0.047683 0.000000 72.110871 0.047683 0.998863 0.000000 -1.103028 0.000000 0.000000 1.000000 0.000000 1561000462470059442

0.998605 -0.052811 0.000000 74.124444 0.052811 0.998605 0.000000 -1.020792 0.000000 0.000000 1.000000 0.000000 1561000462719578359

0.998572 -0.053429 0.000000 76.215926 0.053429 0.998572 0.000000 -0.905624 0.000000 0.000000 1.000000 0.000000 1561000462968357222

0.997864 -0.065333 0.000000 78.280409 0.065333 0.997864 0.000000 -0.827577 0.000000 0.000000 1.000000 0.000000 1561000463216710753

0.997884 -0.065018 0.000000 80.421380 0.065018 0.997884 0.000000 -0.669605 0.000000 0.000000 1.000000 0.000000 1561000463465334463

0.997737 -0.067234 0.000000 82.415575 0.067234 0.997737 0.000000 -0.444838 0.000000 0.000000 1.000000 0.000000 1561000463713591526

0.997506 -0.070576 0.000000 84.519561 0.070576 0.997506 0.000000 -0.303955 0.000000 0.000000 1.000000 0.000000 1561000463960454576

0.997454 -0.071315 0.000000 86.665029 0.071315 0.997454 0.000000 -0.158807 0.000000 0.000000 1.000000 0.000000 1561000464208915034

0.996980 -0.077660 0.000000 88.805279 0.077660 0.996980 0.000000 0.017111 0.000000 0.000000 1.000000 0.000000 1561000464457911882

0.996626 -0.082082 0.000000 90.962215 0.082082 0.996626 0.000000 0.193787 0.000000 0.000000 1.000000 0.000000 1561000464706861642

0.996845 -0.079374 0.000000 93.128328 0.079374 0.996845 0.000000 0.401698 0.000000 0.000000 1.000000 0.000000 1561000464955386626

0.996899 -0.078686 0.000000 95.330537 0.078686 0.996899 0.000000 0.553673 0.000000 0.000000 1.000000 0.000000 1561000465204330866

0.997235 -0.074314 0.000000 97.482600 0.074314 0.997235 0.000000 0.731957 0.000000 0.000000 1.000000 0.000000 1561000465452887744

0.996571 -0.082740 0.000000 99.690475 0.082740 0.996571 0.000000 0.958944 0.000000 0.000000 1.000000 0.000000 1561000465702264721

0.996013 -0.089203 0.000000 101.916148 0.089203 0.996013 0.000000 1.177422 0.000000 0.000000 1.000000 0.000000 1561000465950620172

0.996123 -0.087970 0.000000 104.163428 0.087970 0.996123 0.000000 1.355668 0.000000 0.000000 1.000000 0.000000 1561000466198884484

0.995724 -0.092378 0.000000 106.414353 0.092378 0.995724 0.000000 1.607950 0.000000 0.000000 1.000000 0.000000 1561000466449565330

0.995691 -0.092728 0.000000 108.699980 0.092728 0.995691 0.000000 1.819261 0.000000 0.000000 1.000000 0.000000 1561000466701233001

0.995864 -0.090860 0.000000 110.969945 0.090860 0.995864 0.000000 2.024649 0.000000 0.000000 1.000000 0.000000 1561000466946421604

0.995601 -0.093693 0.000000 113.282678 0.093693 0.995601 0.000000 2.249636 0.000000 0.000000 1.000000 0.000000 1561000467195307603

0.996750 -0.080551 0.000000 115.556378 0.080551 0.996750 0.000000 2.435303 0.000000 0.000000 1.000000 0.000000 1561000467442628973

0.997067 -0.076535 0.000000 117.874030 0.076535 0.997067 0.000000 2.609647 0.000000 0.000000 1.000000 0.000000 1561000467692524480

0.997165 -0.075251 0.000000 120.189552 0.075251 0.997165 0.000000 2.817789 0.000000 0.000000 1.000000 0.000000 1561000467939932908

0.996915 -0.078495 0.000000 122.456556 0.078495 0.996915 0.000000 3.002142 0.000000 0.000000 1.000000 0.000000 1561000468188233326

0.997244 -0.074190 0.000000 124.700216 0.074190 0.997244 0.000000 3.172344 0.000000 0.000000 1.000000 0.000000 1561000468437391057

0.997517 -0.070431 0.000000 126.965270 0.070431 0.997517 0.000000 3.325811 0.000000 0.000000 1.000000 0.000000 1561000468685721928

0.997269 -0.073861 0.000000 129.146374 0.073861 0.997269 0.000000 3.496502 0.000000 0.000000 1.000000 0.000000 1561000468935357005

0.996974 -0.077730 0.000000 131.282009 0.077730 0.996974 0.000000 3.638478 0.000000 0.000000 1.000000 0.000000 1561000469184222805

0.997116 -0.075887 0.000000 133.380491 0.075887 0.997116 0.000000 3.791562 0.000000 0.000000 1.000000 0.000000 1561000469433306572

0.996751 -0.080550 0.000000 135.592542 0.080550 0.996751 0.000000 3.999361 0.000000 0.000000 1.000000 0.000000 1561000469681796888

0.997181 -0.075038 0.000000 137.816468 0.075038 0.997181 0.000000 4.254326 0.000000 0.000000 1.000000 0.000000 1561000469927877950

0.996027 -0.089047 0.000000 139.911915 0.089047 0.996027 0.000000 4.435271 0.000000 0.000000 1.000000 0.000000 1561000470178079023

0.995554 -0.094195 0.000000 142.177909 0.094195 0.995554 0.000000 4.658275 0.000000 0.000000 1.000000 0.000000 1561000470426619138

0.995257 -0.097285 0.000000 144.404423 0.097285 0.995257 0.000000 4.889707 0.000000 0.000000 1.000000 0.000000 1561000470675629711

0.995171 -0.098154 0.000000 146.626936 0.098154 0.995171 0.000000 5.073457 0.000000 0.000000 1.000000 0.000000 1561000470925518341

0.995435 -0.095442 0.000000 148.872911 0.095442 0.995435 0.000000 5.318928 0.000000 0.000000 1.000000 0.000000 1561000471173754633

0.994883 -0.101037 0.000000 151.121124 0.101037 0.994883 0.000000 5.528226 0.000000 0.000000 1.000000 0.000000 1561000471421537711

0.993879 -0.110478 0.000000 153.393445 0.110478 0.993879 0.000000 5.821537 0.000000 0.000000 1.000000 0.000000 1561000471670336328

0.993333 -0.115283 0.000000 155.660806 0.115283 0.993333 0.000000 6.087617 0.000000 0.000000 1.000000 0.000000 1561000471918821933

0.993786 -0.111311 0.000000 157.964422 0.111311 0.993786 0.000000 6.304430 0.000000 0.000000 1.000000 0.000000 1561000472167107719

0.993232 -0.116145 0.000000 160.239502 0.116145 0.993232 0.000000 6.561108 0.000000 0.000000 1.000000 0.000000 1561000472416228873

0.993418 -0.114549 0.000000 162.555634 0.114549 0.993418 0.000000 6.862234 0.000000 0.000000 1.000000 0.000000 1561000472666413572

0.992973 -0.118342 0.000000 164.868113 0.118342 0.992973 0.000000 7.122777 0.000000 0.000000 1.000000 0.000000 1561000472913322884

0.992854 -0.119334 0.000000 167.172060 0.119334 0.992854 0.000000 7.409325 0.000000 0.000000 1.000000 0.000000 1561000473162044198

0.992219 -0.124509 0.000000 169.498174 0.124509 0.992219 0.000000 7.734093 0.000000 0.000000 1.000000 0.000000 1561000473410540047

0.991158 -0.132687 0.000000 171.792845 0.132687 0.991158 0.000000 8.019691 0.000000 0.000000 1.000000 0.000000 1561000473659389274

0.990468 -0.137740 0.000000 174.156894 0.137740 0.990468 0.000000 8.363795 0.000000 0.000000 1.000000 0.000000 1561000473908074582

0.990488 -0.137597 0.000000 176.526644 0.137597 0.990488 0.000000 8.695991 0.000000 0.000000 1.000000 0.000000 1561000474156096260

0.989327 -0.145713 0.000000 178.818146 0.145713 0.989327 0.000000 9.025953 0.000000 0.000000 1.000000 0.000000 1561000474404915259

0.988209 -0.153110 0.000000 181.229161 0.153110 0.988209 0.000000 9.411417 0.000000 0.000000 1.000000 0.000000 1561000474653473031

0.987901 -0.155089 0.000000 183.618708 0.155089 0.987901 0.000000 9.817106 0.000000 0.000000 1.000000 0.000000 1561000474902028093

0.987227 -0.159319 0.000000 185.999833 0.159319 0.987227 0.000000 10.192103 0.000000 0.000000 1.000000 0.000000 1561000475152686482

0.987885 -0.155185 0.000000 188.445792 0.155185 0.987885 0.000000 10.573387 0.000000 0.000000 1.000000 0.000000 1561000475401664380

0.987197 -0.159507 0.000000 190.768768 0.159507 0.987197 0.000000 10.944614 0.000000 0.000000 1.000000 0.000000 1561000475650569462

0.986645 -0.162886 0.000000 193.181714 0.162886 0.986645 0.000000 11.376085 0.000000 0.000000 1.000000 0.000000 1561000475898137843

0.985179 -0.171527 0.000000 195.496786 0.171527 0.985179 0.000000 11.788693 0.000000 0.000000 1.000000 0.000000 1561000476146222277

0.984112 -0.177550 0.000000 197.806229 0.177550 0.984112 0.000000 12.207571 0.000000 0.000000 1.000000 0.000000 1561000476395683364

0.982984 -0.183693 0.000000 200.069318 0.183693 0.982984 0.000000 12.656202 0.000000 0.000000 1.000000 0.000000 1561000476643462396

0.981731 -0.190276 0.000000 202.308510 0.190276 0.981731 0.000000 13.074526 0.000000 0.000000 1.000000 0.000000 1561000476892166277

0.978596 -0.205793 0.000000 204.504979 0.205793 0.978596 0.000000 13.591799 0.000000 0.000000 1.000000 0.000000 1561000477139985342

0.977073 -0.212903 0.000000 206.627229 0.212903 0.977073 0.000000 13.982817 0.000000 0.000000 1.000000 0.000000 1561000477388986075

0.977490 -0.210983 0.000000 208.886674 0.210983 0.977490 0.000000 14.518671 0.000000 0.000000 1.000000 0.000000 1561000477638141015

0.977609 -0.210428 0.000000 211.097672 0.210428 0.977609 0.000000 14.961301 0.000000 0.000000 1.000000 0.000000 1561000477885064857

0.975474 -0.220114 0.000000 213.234105 0.220114 0.975474 0.000000 15.474245 0.000000 0.000000 1.000000 0.000000 1561000478134686216

0.974614 -0.223890 0.000000 215.504190 0.223890 0.974614 0.000000 15.970953 0.000000 0.000000 1.000000 0.000000 1561000478383453303

0.976274 -0.216540 0.000000 217.729461 0.216540 0.976274 0.000000 16.506376 0.000000 0.000000 1.000000 0.000000 1561000478631209710

0.977539 -0.210753 0.000000 219.984595 0.210753 0.977539 0.000000 17.032440 0.000000 0.000000 1.000000 0.000000 1561000478880766251

0.976294 -0.216448 0.000000 222.248688 0.216448 0.976294 0.000000 17.556332 0.000000 0.000000 1.000000 0.000000 1561000479129084322

0.975445 -0.220243 0.000000 224.530395 0.220243 0.975445 0.000000 18.067839 0.000000 0.000000 1.000000 0.000000 1561000479378844099

0.973634 -0.228114 0.000000 226.775692 0.228114 0.973634 0.000000 18.614637 0.000000 0.000000 1.000000 0.000000 1561000479627125424

0.974473 -0.224507 0.000000 229.055689 0.224507 0.974473 0.000000 19.144467 0.000000 0.000000 1.000000 0.000000 1561000479876716493

0.975016 -0.222136 0.000000 231.359386 0.222136 0.975016 0.000000 19.661004 0.000000 0.000000 1.000000 0.000000 1561000480125473297

0.974711 -0.223469 0.000000 233.646956 0.223469 0.974711 0.000000 20.193882 0.000000 0.000000 1.000000 0.000000 1561000480374775111

0.973107 -0.230355 0.000000 235.920938 0.230355 0.973107 0.000000 20.762148 0.000000 0.000000 1.000000 0.000000 1561000480623560022

0.974560 -0.224126 0.000000 238.234543 0.224126 0.974560 0.000000 21.231922 0.000000 0.000000 1.000000 0.000000 1561000480870641656

0.972239 -0.233991 0.000000 240.501329 0.233991 0.972239 0.000000 21.857016 0.000000 0.000000 1.000000 0.000000 1561000481120367429

0.969065 -0.246806 0.000000 242.816789 0.246806 0.969065 0.000000 22.450332 0.000000 0.000000 1.000000 0.000000 1561000481366978712

0.965469 -0.260520 0.000000 245.171460 0.260520 0.965469 0.000000 23.068644 0.000000 0.000000 1.000000 0.000000 1561000481616133647

0.964183 -0.265237 0.000000 247.531556 0.265237 0.964183 0.000000 23.750281 0.000000 0.000000 1.000000 0.000000 1561000481866421081

0.962147 -0.272530 0.000000 249.863530 0.272530 0.962147 0.000000 24.373552 0.000000 0.000000 1.000000 0.000000 1561000482112963669

0.960510 -0.278246 0.000000 252.234269 0.278246 0.960510 0.000000 25.112129 0.000000 0.000000 1.000000 0.000000 1561000482362365187

0.960454 -0.278437 0.000000 254.615215 0.278437 0.960454 0.000000 25.752687 0.000000 0.000000 1.000000 0.000000 1561000482611024444

0.961117 -0.276141 0.000000 256.999932 0.276141 0.961117 0.000000 26.452687 0.000000 0.000000 1.000000 0.000000 1561000482859436857

0.961439 -0.275017 0.000000 259.379405 0.275017 0.961439 0.000000 27.157263 0.000000 0.000000 1.000000 0.000000 1561000483108000784

0.962568 -0.271040 0.000000 261.796546 0.271040 0.962568 0.000000 27.802351 0.000000 0.000000 1.000000 0.000000 1561000483358185229

0.960951 -0.276720 0.000000 264.182527 0.276720 0.960951 0.000000 28.565113 0.000000 0.000000 1.000000 0.000000 1561000483607228492

0.959638 -0.281238 0.000000 266.550882 0.281238 0.959638 0.000000 29.252324 0.000000 0.000000 1.000000 0.000000 1561000483855459068

0.959300 -0.282389 0.000000 268.917603 0.282389 0.959300 0.000000 29.927849 0.000000 0.000000 1.000000 0.000000 1561000484105565258

0.958987 -0.283450 0.000000 271.200069 0.283450 0.958987 0.000000 30.627819 0.000000 0.000000 1.000000 0.000000 1561000484355879290

0.958771 -0.284180 0.000000 273.532972 0.284180 0.958771 0.000000 31.304162 0.000000 0.000000 1.000000 0.000000 1561000484607632004

0.959801 -0.280680 0.000000 275.803627 0.280680 0.959801 0.000000 31.994567 0.000000 0.000000 1.000000 0.000000 1561000484855670847

0.957165 -0.289542 0.000000 278.092447 0.289542 0.957165 0.000000 32.688887 0.000000 0.000000 1.000000 0.000000 1561000485107056663

0.956121 -0.292972 0.000000 280.332058 0.292972 0.956121 0.000000 33.329578 0.000000 0.000000 1.000000 0.000000 1561000485357265209

0.956138 -0.292917 0.000000 282.526273 0.292917 0.956138 0.000000 34.047369 0.000000 0.000000 1.000000 0.000000 1561000485606059693

0.959597 -0.281377 0.000000 284.679963 0.281377 0.959597 0.000000 34.676664 0.000000 0.000000 1.000000 0.000000 1561000485855914763

0.958123 -0.286358 0.000000 286.839834 0.286358 0.958123 0.000000 35.317611 0.000000 0.000000 1.000000 0.000000 1561000486105793978

0.957346 -0.288945 0.000000 288.883552 0.288945 0.957346 0.000000 35.958967 0.000000 0.000000 1.000000 0.000000 1561000486356023820

0.955177 -0.296034 0.000000 290.858530 0.296034 0.955177 0.000000 36.511762 0.000000 0.000000 1.000000 0.000000 1561000486605821531

0.954133 -0.299384 0.000000 292.765175 0.299384 0.954133 0.000000 37.164464 0.000000 0.000000 1.000000 0.000000 1561000486855034608

0.954530 -0.298116 0.000000 294.656167 0.298116 0.954530 0.000000 37.681182 0.000000 0.000000 1.000000 0.000000 1561000487104650739

0.949724 -0.313089 0.000000 296.515312 0.313089 0.949724 0.000000 38.329897 0.000000 0.000000 1.000000 0.000000 1561000487355764316

0.951889 -0.306443 0.000000 298.373311 0.306443 0.951889 0.000000 38.948145 0.000000 0.000000 1.000000 0.000000 1561000487604426734

0.949723 -0.313091 0.000000 300.154725 0.313091 0.949723 0.000000 39.470049 0.000000 0.000000 1.000000 0.000000 1561000487853333001

0.945178 -0.326556 0.000000 301.811489 0.326556 0.945178 0.000000 40.056215 0.000000 0.000000 1.000000 0.000000 1561000488102970394

0.946972 -0.321316 0.000000 303.634015 0.321316 0.946972 0.000000 40.661390 0.000000 0.000000 1.000000 0.000000 1561000488353303972

0.942319 -0.334717 0.000000 305.293149 0.334717 0.942319 0.000000 41.269752 0.000000 0.000000 1.000000 0.000000 1561000488601939546

0.943030 -0.332708 0.000000 306.974954 0.332708 0.943030 0.000000 41.862904 0.000000 0.000000 1.000000 0.000000 1561000488851590093

0.942514 -0.334166 0.000000 308.615331 0.334166 0.942514 0.000000 42.467155 0.000000 0.000000 1.000000 0.000000 1561000489100383681

0.943453 -0.331507 0.000000 310.234326 0.331507 0.943453 0.000000 43.031825 0.000000 0.000000 1.000000 0.000000 1561000489349993768

0.946225 -0.323509 0.000000 311.776108 0.323509 0.946225 0.000000 43.536594 0.000000 0.000000 1.000000 0.000000 1561000489598667546

0.950614 -0.310377 0.000000 313.218286 0.310377 0.950614 0.000000 43.988089 0.000000 0.000000 1.000000 0.000000 1561000489848267184

0.968031 -0.250830 0.000000 315.976855 0.250830 0.968031 0.000000 44.734599 0.000000 0.000000 1.000000 0.000000 1561000490346899723

0.992864 -0.119253 0.000000 318.488322 0.119253 0.992864 0.000000 44.893352 0.000000 0.000000 1.000000 0.000000 1561000490847327115

0.998991 0.044906 0.000000 320.728613 -0.044906 0.998991 -0.000000 44.732403 -0.000000 0.000000 1.000000 0.000000 1561000491346093027

0.989488 0.144617 0.000000 321.759179 -0.144617 0.989488 -0.000000 44.473097 -0.000000 0.000000 1.000000 0.000000 1561000491595361258

0.966497 0.256678 0.000000 322.801946 -0.256678 0.966497 -0.000000 44.079540 -0.000000 0.000000 1.000000 0.000000 1561000491844124496

0.927670 0.373400 0.000000 323.731547 -0.373400 0.927670 -0.000000 43.565008 -0.000000 0.000000 1.000000 0.000000 1561000492092937871

0.868626 0.495468 0.000000 324.569451 -0.495468 0.868626 -0.000000 42.862983 -0.000000 0.000000 1.000000 0.000000 1561000492343725443

0.792068 0.610432 0.000000 325.296838 -0.610432 0.792068 -0.000000 42.218231 -0.000000 0.000000 1.000000 0.000000 1561000492591695082

0.697888 0.716207 0.000000 325.922403 -0.716207 0.697888 -0.000000 41.323718 -0.000000 0.000000 1.000000 0.000000 1561000492841061213

0.586906 0.809655 0.000000 326.435553 -0.809655 0.586906 -0.000000 40.361751 -0.000000 0.000000 1.000000 0.000000 1561000493090115345

0.459389 0.888235 0.000000 326.758920 -0.888235 0.459389 -0.000000 39.358064 -0.000000 0.000000 1.000000 0.000000 1561000493339874333

0.333822 0.942636 0.000000 327.020617 -0.942636 0.333822 -0.000000 38.238347 -0.000000 0.000000 1.000000 0.000000 1561000493588818096

0.221831 0.975085 0.000000 327.139781 -0.975085 0.221831 -0.000000 37.129325 -0.000000 0.000000 1.000000 0.000000 1561000493837382355

0.125567 0.992085 0.000000 327.111803 -0.992085 0.125567 -0.000000 35.974254 -0.000000 0.000000 1.000000 0.000000 1561000494085943658

0.058943 0.998261 0.000000 327.382801 -0.998261 0.058943 -0.000000 33.262211 -0.000000 0.000000 1.000000 0.000000 1561000494583785232

0.026861 0.999639 0.000000 327.632306 -0.999639 0.026861 -0.000000 30.356260 -0.000000 0.000000 1.000000 0.000000 1561000495080401511

0.015752 0.999876 0.000000 327.627856 -0.999876 0.015752 -0.000000 27.385567 -0.000000 0.000000 1.000000 0.000000 1561000495578160195

0.022001 0.999758 0.000000 327.655995 -0.999758 0.022001 -0.000000 25.781314 -0.000000 0.000000 1.000000 0.000000 1561000495826671379

0.030798 0.999526 0.000000 327.745191 -0.999526 0.030798 -0.000000 24.125658 -0.000000 0.000000 1.000000 0.000000 1561000496077519535

0.036392 0.999338 0.000000 327.808350 -0.999338 0.036392 -0.000000 22.490739 -0.000000 0.000000 1.000000 0.000000 1561000496325382455

0.031466 0.999505 0.000000 327.861605 -0.999505 0.031466 -0.000000 20.738447 -0.000000 0.000000 1.000000 0.000000 1561000496574033016

0.032052 0.999486 0.000000 327.929396 -0.999486 0.032052 -0.000000 19.010392 -0.000000 0.000000 1.000000 0.000000 1561000496822812075

0.034640 0.999400 0.000000 327.984674 -0.999400 0.034640 -0.000000 17.187927 -0.000000 0.000000 1.000000 0.000000 1561000497071469316

0.036400 0.999337 0.000000 328.037696 -0.999337 0.036400 -0.000000 15.303471 -0.000000 0.000000 1.000000 0.000000 1561000497319987060

0.032906 0.999458 0.000000 328.099460 -0.999458 0.032906 -0.000000 13.402552 -0.000000 0.000000 1.000000 0.000000 1561000497569198486

0.032483 0.999472 0.000000 328.200451 -0.999472 0.032483 -0.000000 11.506242 -0.000000 0.000000 1.000000 0.000000 1561000497818140925

0.032167 0.999483 0.000000 328.258342 -0.999483 0.032167 -0.000000 9.523002 -0.000000 0.000000 1.000000 0.000000 1561000498067011431

0.032352 0.999477 0.000000 328.313159 -0.999477 0.032352 -0.000000 7.473588 -0.000000 0.000000 1.000000 0.000000 1561000498315736221

0.027508 0.999622 0.000000 328.351515 -0.999622 0.027508 -0.000000 5.397681 -0.000000 0.000000 1.000000 0.000000 1561000498564888275

0.028515 0.999593 0.000000 328.393063 -0.999593 0.028515 -0.000000 3.323228 -0.000000 0.000000 1.000000 0.000000 1561000498812965156

0.026200 0.999657 0.000000 328.481398 -0.999657 0.026200 -0.000000 1.181447 -0.000000 0.000000 1.000000 0.000000 1561000499062066435

0.022662 0.999743 0.000000 328.503710 -0.999743 0.022662 -0.000000 -0.963401 -0.000000 0.000000 1.000000 0.000000 1561000499311038698

0.031003 0.999519 0.000000 328.593944 -0.999519 0.031003 -0.000000 -3.170720 -0.000000 0.000000 1.000000 0.000000 1561000499559641210

0.027902 0.999611 0.000000 328.576403 -0.999611 0.027902 -0.000000 -5.485110 -0.000000 0.000000 1.000000 0.000000 1561000499808736423

0.043425 0.999057 0.000000 328.696138 -0.999057 0.043425 -0.000000 -7.697064 -0.000000 0.000000 1.000000 0.000000 1561000500058177115

0.028594 0.999591 0.000000 328.785349 -0.999591 0.028594 -0.000000 -9.941578 -0.000000 0.000000 1.000000 0.000000 1561000500306236061

0.036341 0.999339 0.000000 328.886487 -0.999339 0.036341 -0.000000 -12.177404 -0.000000 0.000000 1.000000 0.000000 1561000500554493277

0.033410 0.999442 0.000000 328.988525 -0.999442 0.033410 -0.000000 -14.418061 -0.000000 0.000000 1.000000 0.000000 1561000500803151084

0.030927 0.999522 0.000000 329.057809 -0.999522 0.030927 -0.000000 -16.619233 -0.000000 0.000000 1.000000 0.000000 1561000501052399243

0.029073 0.999577 0.000000 329.115749 -0.999577 0.029073 -0.000000 -18.772693 -0.000000 0.000000 1.000000 0.000000 1561000501300405184

0.033806 0.999428 0.000000 329.225160 -0.999428 0.033806 -0.000000 -20.967426 -0.000000 0.000000 1.000000 0.000000 1561000501548683635

0.035380 0.999374 0.000000 329.261887 -0.999374 0.035380 -0.000000 -23.105571 -0.000000 0.000000 1.000000 0.000000 1561000501797420421

0.032035 0.999487 0.000000 329.322967 -0.999487 0.032035 -0.000000 -25.175314 -0.000000 0.000000 1.000000 0.000000 1561000502045587767

0.036085 0.999349 0.000000 329.393938 -0.999349 0.036085 -0.000000 -27.225273 -0.000000 0.000000 1.000000 0.000000 1561000502294218346

0.027785 0.999614 0.000000 329.459962 -0.999614 0.027785 -0.000000 -29.154374 -0.000000 0.000000 1.000000 0.000000 1561000502542698188

0.030490 0.999535 0.000000 329.549954 -0.999535 0.030490 -0.000000 -30.970558 -0.000000 0.000000 1.000000 0.000000 1561000502791208816

0.025454 0.999676 0.000000 329.646062 -0.999676 0.025454 -0.000000 -32.807899 -0.000000 0.000000 1.000000 0.000000 1561000503039928675

0.030973 0.999520 0.000000 329.660516 -0.999520 0.030973 -0.000000 -34.619699 -0.000000 0.000000 1.000000 0.000000 1561000503288553634

0.035357 0.999375 0.000000 329.688282 -0.999375 0.035357 -0.000000 -36.419116 -0.000000 0.000000 1.000000 0.000000 1561000503536966810

0.039753 0.999210 0.000000 329.766518 -0.999210 0.039753 -0.000000 -38.138480 -0.000000 0.000000 1.000000 0.000000 1561000503785986193

0.040858 0.999165 0.000000 329.880644 -0.999165 0.040858 -0.000000 -39.897787 -0.000000 0.000000 1.000000 0.000000 1561000504035525353

0.046241 0.998930 0.000000 330.036350 -0.998930 0.046241 -0.000000 -41.799385 -0.000000 0.000000 1.000000 0.000000 1561000504283553513

0.046860 0.998901 0.000000 330.051655 -0.998901 0.046860 -0.000000 -43.483208 -0.000000 0.000000 1.000000 0.000000 1561000504532585127

0.046575 0.998915 0.000000 330.093368 -0.998915 0.046575 -0.000000 -45.228928 -0.000000 0.000000 1.000000 0.000000 1561000504782610191

0.044747 0.998998 0.000000 330.197038 -0.998998 0.044747 -0.000000 -47.071301 -0.000000 0.000000 1.000000 0.000000 1561000505030858590

0.042432 0.999099 0.000000 330.308600 -0.999099 0.042432 -0.000000 -48.808706 -0.000000 0.000000 1.000000 0.000000 1561000505279647765

0.048582 0.998819 0.000000 330.409765 -0.998819 0.048582 -0.000000 -50.604872 -0.000000 0.000000 1.000000 0.000000 1561000505528361442

0.048208 0.998837 0.000000 330.499943 -0.998837 0.048208 -0.000000 -52.416216 -0.000000 0.000000 1.000000 0.000000 1561000505776839176

0.038033 0.999276 0.000000 330.600384 -0.999276 0.038033 -0.000000 -54.214852 -0.000000 0.000000 1.000000 0.000000 1561000506026467983

0.043338 0.999060 0.000000 330.672584 -0.999060 0.043338 -0.000000 -56.004724 -0.000000 0.000000 1.000000 0.000000 1561000506274435638

0.041969 0.999119 0.000000 330.693503 -0.999119 0.041969 -0.000000 -57.763451 -0.000000 0.000000 1.000000 0.000000 1561000506522728679

0.043727 0.999044 0.000000 330.801271 -0.999044 0.043727 -0.000000 -59.505100 -0.000000 0.000000 1.000000 0.000000 1561000506771484530

0.042484 0.999097 0.000000 330.892233 -0.999097 0.042484 -0.000000 -61.308469 -0.000000 0.000000 1.000000 0.000000 1561000507019403186

0.041502 0.999138 0.000000 330.960738 -0.999138 0.041502 -0.000000 -63.013156 -0.000000 0.000000 1.000000 0.000000 1561000507267492574

0.038810 0.999247 0.000000 331.021646 -0.999247 0.038810 -0.000000 -64.716153 -0.000000 0.000000 1.000000 0.000000 1561000507518284890

0.038658 0.999252 0.000000 331.079578 -0.999252 0.038658 -0.000000 -66.321183 -0.000000 0.000000 1.000000 0.000000 1561000507766170041

0.036396 0.999337 0.000000 331.121408 -0.999337 0.036396 -0.000000 -67.983396 -0.000000 0.000000 1.000000 0.000000 1561000508013903375

0.045840 0.998949 0.000000 331.225521 -0.998949 0.045840 -0.000000 -69.736074 -0.000000 0.000000 1.000000 0.000000 1561000508262180418

0.038405 0.999262 0.000000 331.291428 -0.999262 0.038405 -0.000000 -71.308975 -0.000000 0.000000 1.000000 0.000000 1561000508509641339

0.034485 0.999405 0.000000 331.383496 -0.999405 0.034485 -0.000000 -72.844358 -0.000000 0.000000 1.000000 0.000000 1561000508758606197

0.032151 0.999483 0.000000 331.463093 -0.999483 0.032151 -0.000000 -74.467875 -0.000000 0.000000 1.000000 0.000000 1561000509007129632

0.023031 0.999735 0.000000 331.427649 -0.999735 0.023031 -0.000000 -76.089581 -0.000000 0.000000 1.000000 0.000000 1561000509255537146

0.029388 0.999568 0.000000 331.473377 -0.999568 0.029388 -0.000000 -77.685126 -0.000000 0.000000 1.000000 0.000000 1561000509504245508

0.027158 0.999631 0.000000 331.518102 -0.999631 0.027158 -0.000000 -79.281986 -0.000000 0.000000 1.000000 0.000000 1561000509752852744

0.028550 0.999592 0.000000 331.548063 -0.999592 0.028550 -0.000000 -80.824390 -0.000000 0.000000 1.000000 0.000000 1561000510002366139

0.029822 0.999555 0.000000 331.533484 -0.999555 0.029822 -0.000000 -82.314031 -0.000000 0.000000 1.000000 0.000000 1561000510249360542

0.034861 0.999392 0.000000 331.614398 -0.999392 0.034861 -0.000000 -84.927628 -0.000000 0.000000 1.000000 0.000000 1561000510745578156

0.033813 0.999428 0.000000 331.748712 -0.999428 0.033813 -0.000000 -87.356634 -0.000000 0.000000 1.000000 0.000000 1561000511243813461

0.026646 0.999645 0.000000 331.733594 -0.999645 0.026646 -0.000000 -89.338521 -0.000000 0.000000 1.000000 0.000000 1561000511740688645

0.018868 0.999822 0.000000 331.756511 -0.999822 0.018868 -0.000000 -91.108831 -0.000000 0.000000 1.000000 0.000000 1561000512237795007

0.019176 0.999816 0.000000 331.773762 -0.999816 0.019176 -0.000000 -92.634463 -0.000000 0.000000 1.000000 0.000000 1561000512735063577

0.018558 0.999828 0.000000 331.808015 -0.999828 0.018558 -0.000000 -94.549801 -0.000000 0.000000 1.000000 0.000000 1561000513480731800

0.020294 0.999794 0.000000 331.790327 -0.999794 0.020294 -0.000000 -96.499161 -0.000000 0.000000 1.000000 0.000000 1561000514227208872

0.030800 0.999526 0.000000 331.891852 -0.999526 0.030800 -0.000000 -98.311884 -0.000000 0.000000 1.000000 0.000000 1561000514972584195

0.028418 0.999596 0.000000 331.884986 -0.999596 0.028418 -0.000000 -100.043619 -0.000000 0.000000 1.000000 0.000000 1561000515718448310

0.033871 0.999426 0.000000 331.920369 -0.999426 0.033871 -0.000000 -101.639347 -0.000000 0.000000 1.000000 0.000000 1561000516464636475

0.029781 0.999556 0.000000 331.978925 -0.999556 0.029781 -0.000000 -103.522181 -0.000000 0.000000 1.000000 0.000000 1561000517211616078

-0.028999 0.999579 0.000000 331.882367 -0.999579 -0.028999 -0.000000 -105.693109 -0.000000 0.000000 1.000000 0.000000 1561000517957895958

-0.110411 0.993886 0.000000 331.638684 -0.993886 -0.110411 -0.000000 -107.334451 -0.000000 0.000000 1.000000 0.000000 1561000518456073976

-0.220480 0.975392 0.000000 331.222732 -0.975392 -0.220480 -0.000000 -109.140985 -0.000000 0.000000 1.000000 0.000000 1561000518952738427

-0.350335 0.936624 0.000000 330.548959 -0.936624 -0.350335 -0.000000 -111.093420 -0.000000 0.000000 1.000000 0.000000 1561000519450184056

-0.457950 0.888978 0.000000 329.506854 -0.888978 -0.457950 -0.000000 -112.954632 -0.000000 0.000000 1.000000 0.000000 1561000519946740036

-0.552124 0.833762 0.000000 328.176625 -0.833762 -0.552124 0.000000 -114.813178 0.000000 0.000000 1.000000 0.000000 1561000520443529083

-0.636958 0.770898 0.000000 326.695826 -0.770898 -0.636958 0.000000 -116.525871 0.000000 0.000000 1.000000 0.000000 1561000520941216764

-0.704636 0.709569 0.000000 324.839541 -0.709569 -0.704636 0.000000 -118.349724 0.000000 0.000000 1.000000 0.000000 1561000521438428361

-0.752136 0.659008 0.000000 322.759642 -0.659008 -0.752136 0.000000 -120.126809 0.000000 0.000000 1.000000 0.000000 1561000521936232802

-0.806102 0.591777 0.000000 320.399323 -0.591777 -0.806102 0.000000 -121.835029 0.000000 0.000000 1.000000 0.000000 1561000522434006678

-0.825514 0.564382 0.000000 319.111199 -0.564382 -0.825514 0.000000 -122.723074 0.000000 0.000000 1.000000 0.000000 1561000522682510252

-0.850803 0.525486 0.000000 317.753565 -0.525486 -0.850803 0.000000 -123.489057 0.000000 0.000000 1.000000 0.000000 1561000522930740169

-0.872632 0.488379 0.000000 316.293755 -0.488379 -0.872632 0.000000 -124.293586 0.000000 0.000000 1.000000 0.000000 1561000523179422892

-0.889517 0.456903 0.000000 314.752317 -0.456903 -0.889517 0.000000 -125.015497 0.000000 0.000000 1.000000 0.000000 1561000523427524951

-0.910164 0.414249 0.000000 313.229852 -0.414249 -0.910164 0.000000 -125.699342 0.000000 0.000000 1.000000 0.000000 1561000523677368658

-0.922499 0.386000 0.000000 311.727272 -0.386000 -0.922499 0.000000 -126.331344 0.000000 0.000000 1.000000 0.000000 1561000523925798848

-0.932983 0.359920 0.000000 310.110168 -0.359920 -0.932983 0.000000 -126.895503 0.000000 0.000000 1.000000 0.000000 1561000524172970356

-0.940369 0.340157 0.000000 308.501946 -0.340157 -0.940369 0.000000 -127.487313 0.000000 0.000000 1.000000 0.000000 1561000524421854476

-0.942497 0.334215 0.000000 306.910837 -0.334215 -0.942497 0.000000 -128.099420 0.000000 0.000000 1.000000 0.000000 1561000524670398209

-0.943922 0.330169 0.000000 305.187952 -0.330169 -0.943922 0.000000 -128.659769 0.000000 0.000000 1.000000 0.000000 1561000524918014523

-0.945398 0.325918 0.000000 303.499488 -0.325918 -0.945398 0.000000 -129.211922 0.000000 0.000000 1.000000 0.000000 1561000525167246810

-0.945542 0.325500 0.000000 301.758273 -0.325500 -0.945542 0.000000 -129.858715 0.000000 0.000000 1.000000 0.000000 1561000525415724833

-0.944851 0.327500 0.000000 300.037054 -0.327500 -0.944851 0.000000 -130.471466 0.000000 0.000000 1.000000 0.000000 1561000525663724262

-0.946097 0.323884 0.000000 298.293857 -0.323884 -0.946097 0.000000 -131.109662 0.000000 0.000000 1.000000 0.000000 1561000525913211622

-0.947350 0.320201 0.000000 296.491585 -0.320201 -0.947350 0.000000 -131.743751 0.000000 0.000000 1.000000 0.000000 1561000526163307013

-0.943991 0.329972 0.000000 294.593494 -0.329972 -0.943991 0.000000 -132.382733 0.000000 0.000000 1.000000 0.000000 1561000526414617035

-0.945306 0.326184 0.000000 292.709581 -0.326184 -0.945306 0.000000 -133.057047 0.000000 0.000000 1.000000 0.000000 1561000526665710508

-0.944451 0.328651 0.000000 290.797355 -0.328651 -0.944451 0.000000 -133.762087 0.000000 0.000000 1.000000 0.000000 1561000526916227163

-0.941490 0.337042 0.000000 288.843779 -0.337042 -0.941490 0.000000 -134.476557 0.000000 0.000000 1.000000 0.000000 1561000527166829297

-0.941600 0.336734 0.000000 286.866983 -0.336734 -0.941600 0.000000 -135.180703 0.000000 0.000000 1.000000 0.000000 1561000527417714559

-0.942594 0.333940 0.000000 284.898734 -0.333940 -0.942594 0.000000 -135.893876 0.000000 0.000000 1.000000 0.000000 1561000527668435974

-0.940788 0.338996 0.000000 282.885379 -0.338996 -0.940788 0.000000 -136.656939 0.000000 0.000000 1.000000 0.000000 1561000527918860969

-0.941510 0.336984 0.000000 280.834333 -0.336984 -0.941510 0.000000 -137.410806 0.000000 0.000000 1.000000 0.000000 1561000528169999537

-0.941179 0.337907 0.000000 278.718759 -0.337907 -0.941179 0.000000 -138.164212 0.000000 0.000000 1.000000 0.000000 1561000528420228802

-0.943815 0.330475 0.000000 276.622930 -0.330475 -0.943815 0.000000 -138.899762 0.000000 0.000000 1.000000 0.000000 1561000528670614008

-0.942929 0.332994 0.000000 274.479326 -0.332994 -0.942929 0.000000 -139.649203 0.000000 0.000000 1.000000 0.000000 1561000528921762195

-0.944275 0.329156 0.000000 272.260978 -0.329156 -0.944275 0.000000 -140.440683 0.000000 0.000000 1.000000 0.000000 1561000529172457356

-0.943643 0.330965 0.000000 270.065062 -0.330965 -0.943643 0.000000 -141.200787 0.000000 0.000000 1.000000 0.000000 1561000529422664101

-0.943564 0.331190 0.000000 267.844388 -0.331190 -0.943564 0.000000 -142.008056 0.000000 0.000000 1.000000 0.000000 1561000529673344890

-0.942384 0.334532 0.000000 265.656684 -0.334532 -0.942384 0.000000 -142.806105 0.000000 0.000000 1.000000 0.000000 1561000529924123272

-0.940479 0.339852 0.000000 263.388609 -0.339852 -0.940479 0.000000 -143.643976 0.000000 0.000000 1.000000 0.000000 1561000530174548431

-0.942017 0.335564 0.000000 261.111346 -0.335564 -0.942017 0.000000 -144.421439 0.000000 0.000000 1.000000 0.000000 1561000530425589403

-0.940282 0.340396 0.000000 258.867256 -0.340396 -0.940282 0.000000 -145.257579 0.000000 0.000000 1.000000 0.000000 1561000530675455268

-0.938660 0.344844 0.000000 256.635272 -0.344844 -0.938660 0.000000 -146.051261 0.000000 0.000000 1.000000 0.000000 1561000530927043264

-0.931303 0.364246 0.000000 254.324563 -0.364246 -0.931303 0.000000 -146.986123 0.000000 0.000000 1.000000 0.000000 1561000531177380291

-0.924803 0.380447 0.000000 252.091143 -0.380447 -0.924803 0.000000 -147.913008 0.000000 0.000000 1.000000 0.000000 1561000531427599385

-0.926828 0.375485 0.000000 249.892560 -0.375485 -0.926828 0.000000 -148.833406 0.000000 0.000000 1.000000 0.000000 1561000531678707721

-0.918305 0.395873 0.000000 247.630127 -0.395873 -0.918305 0.000000 -149.823826 0.000000 0.000000 1.000000 0.000000 1561000531929042225

-0.916118 0.400909 0.000000 245.433970 -0.400909 -0.916118 0.000000 -150.859089 0.000000 0.000000 1.000000 0.000000 1561000532183767073

-0.910218 0.414130 0.000000 243.178156 -0.414130 -0.910218 0.000000 -151.869654 0.000000 0.000000 1.000000 0.000000 1561000532430064431

-0.909136 0.416499 0.000000 240.956193 -0.416499 -0.909136 0.000000 -152.889799 0.000000 0.000000 1.000000 0.000000 1561000532680169912

-0.901484 0.432813 0.000000 238.752687 -0.432813 -0.901484 0.000000 -153.971419 0.000000 0.000000 1.000000 0.000000 1561000532931005685

-0.898085 0.439822 0.000000 236.562678 -0.439822 -0.898085 0.000000 -155.079198 0.000000 0.000000 1.000000 0.000000 1561000533181895768

-0.892373 0.451299 0.000000 234.325717 -0.451299 -0.892373 0.000000 -156.228520 0.000000 0.000000 1.000000 0.000000 1561000533430693695

-0.883752 0.467956 0.000000 232.149274 -0.467956 -0.883752 0.000000 -157.394639 0.000000 0.000000 1.000000 0.000000 1561000533679593592

-0.879582 0.475748 0.000000 229.989549 -0.475748 -0.879582 0.000000 -158.594065 0.000000 0.000000 1.000000 0.000000 1561000533927904904

-0.868305 0.496030 0.000000 227.847072 -0.496030 -0.868305 0.000000 -159.808082 0.000000 0.000000 1.000000 0.000000 1561000534176940882

-0.865156 0.501503 0.000000 225.679931 -0.501503 -0.865156 0.000000 -161.081697 0.000000 0.000000 1.000000 0.000000 1561000534425502465

-0.858416 0.512954 0.000000 223.516268 -0.512954 -0.858416 0.000000 -162.359204 0.000000 0.000000 1.000000 0.000000 1561000534674038531

-0.849081 0.528263 0.000000 221.432182 -0.528263 -0.849081 0.000000 -163.718352 0.000000 0.000000 1.000000 0.000000 1561000534922322950

-0.840224 0.542239 0.000000 219.349029 -0.542239 -0.840224 0.000000 -165.116027 0.000000 0.000000 1.000000 0.000000 1561000535170077198

-0.832479 0.554057 0.000000 217.220583 -0.554057 -0.832479 0.000000 -166.559112 0.000000 0.000000 1.000000 0.000000 1561000535418260723

-0.827933 0.560827 0.000000 215.095005 -0.560827 -0.827933 0.000000 -167.981193 0.000000 0.000000 1.000000 0.000000 1561000535666852790

-0.819337 0.573312 0.000000 213.040499 -0.573312 -0.819337 0.000000 -169.426864 0.000000 0.000000 1.000000 0.000000 1561000535915876024

-0.818630 0.574322 0.000000 210.949011 -0.574322 -0.818630 0.000000 -170.873142 0.000000 0.000000 1.000000 0.000000 1561000536164247830

