0.999989 0.004756 0.000000 -1.834007 -0.004756 0.999989 -0.000000 1.980115 -0.000000 0.000000 1.000000 0.000000 1566533803627239000

0.999983 0.005778 0.000000 -0.141241 -0.005778 0.999983 -0.000000 1.975503 -0.000000 0.000000 1.000000 0.000000 1566533812163785000

0.999986 0.005335 0.000000 1.714585 -0.005335 0.999986 -0.000000 1.970349 -0.000000 0.000000 1.000000 0.000000 1566533813167536000

0.999982 0.005919 0.000000 3.229337 -0.005919 0.999982 -0.000000 1.956613 -0.000000 0.000000 1.000000 0.000000 1566533813920578000

0.999985 0.005410 0.000000 4.855205 -0.005410 0.999985 -0.000000 1.980099 -0.000000 0.000000 1.000000 0.000000 1566533814673737000

0.999996 0.002696 0.000000 6.463277 -0.002696 0.999996 -0.000000 2.036922 -0.000000 0.000000 1.000000 0.000000 1566533815425113000

0.999982 -0.005983 0.000000 8.088583 0.005983 0.999982 0.000000 2.033367 0.000000 0.000000 1.000000 0.000000 1566533816177745000

0.999916 -0.012958 0.000000 9.660227 0.012958 0.999916 0.000000 2.045829 0.000000 0.000000 1.000000 0.000000 1566533816931605000

0.999829 -0.018488 0.000000 11.194949 0.018488 0.999829 0.000000 2.095958 0.000000 0.000000 1.000000 0.000000 1566533817684089000

0.999708 -0.024177 0.000000 13.106858 0.024177 0.999708 0.000000 2.172385 0.000000 0.000000 1.000000 0.000000 1566533818687182000

0.999639 -0.026875 0.000000 14.866823 0.026875 0.999639 0.000000 2.270558 0.000000 0.000000 1.000000 0.000000 1566533819691826000

0.998756 -0.049866 0.000000 16.496412 0.049866 0.998756 0.000000 2.350123 0.000000 0.000000 1.000000 0.000000 1566533820947074000

0.995211 -0.097748 0.000000 18.045091 0.097748 0.995211 0.000000 2.547777 0.000000 0.000000 1.000000 0.000000 1566533822201891000

0.987324 -0.158715 0.000000 19.792179 0.158715 0.987324 0.000000 2.888511 0.000000 0.000000 1.000000 0.000000 1566533823205655000

0.975510 -0.219955 0.000000 21.658596 0.219955 0.975510 0.000000 3.357739 0.000000 0.000000 1.000000 0.000000 1566533823960026000

0.956490 -0.291764 0.000000 23.852852 0.291764 0.956490 0.000000 3.997907 0.000000 0.000000 1.000000 0.000000 1566533824712720000

0.944301 -0.329084 0.000000 25.505661 0.329084 0.944301 0.000000 4.643052 0.000000 0.000000 1.000000 0.000000 1566533825215277000

0.940627 -0.339441 0.000000 27.275352 0.339441 0.940627 0.000000 5.277922 0.000000 0.000000 1.000000 0.000000 1566533825717016000

0.947957 -0.318399 0.000000 29.149658 0.318399 0.947957 0.000000 5.907298 0.000000 0.000000 1.000000 0.000000 1566533826218612000

0.961366 -0.275275 0.000000 31.185038 0.275275 0.961366 0.000000 6.447340 0.000000 0.000000 1.000000 0.000000 1566533826720808000

0.975375 -0.220555 0.000000 33.385107 0.220555 0.975375 0.000000 6.997251 0.000000 0.000000 1.000000 0.000000 1566533827222025000

0.986719 -0.162434 0.000000 35.655349 0.162434 0.986719 0.000000 7.353419 0.000000 0.000000 1.000000 0.000000 1566533827723153000

0.994167 -0.107848 0.000000 38.171975 0.107848 0.994167 0.000000 7.602601 0.000000 0.000000 1.000000 0.000000 1566533828225504000

0.997527 -0.070279 0.000000 40.777737 0.070279 0.997527 0.000000 7.769457 0.000000 0.000000 1.000000 0.000000 1566533828726694000

0.998777 -0.049443 0.000000 43.563679 0.049443 0.998777 0.000000 7.964630 0.000000 0.000000 1.000000 0.000000 1566533829229036000

0.998955 -0.045701 0.000000 46.376461 0.045701 0.998955 0.000000 8.075909 0.000000 0.000000 1.000000 0.000000 1566533829729889000

0.998892 -0.047070 0.000000 49.290154 0.047070 0.998892 0.000000 8.254787 0.000000 0.000000 1.000000 0.000000 1566533830231197000

0.998741 -0.050162 0.000000 52.212647 0.050162 0.998741 0.000000 8.390209 0.000000 0.000000 1.000000 0.000000 1566533830732078000

0.998546 -0.053901 0.000000 55.144582 0.053901 0.998546 0.000000 8.545613 0.000000 0.000000 1.000000 0.000000 1566533831233578000

0.998422 -0.056156 0.000000 56.646620 0.056156 0.998422 0.000000 8.659489 0.000000 0.000000 1.000000 0.000000 1566533831484455000

0.998377 -0.056945 0.000000 58.151482 0.056945 0.998377 0.000000 8.775585 0.000000 0.000000 1.000000 0.000000 1566533831734959000

0.998338 -0.057630 0.000000 59.690479 0.057630 0.998338 0.000000 8.856074 0.000000 0.000000 1.000000 0.000000 1566533831985723000

0.998152 -0.060771 0.000000 61.200675 0.060771 0.998152 0.000000 8.981868 0.000000 0.000000 1.000000 0.000000 1566533832236873000

0.997712 -0.067602 0.000000 62.756473 0.067602 0.997712 0.000000 9.133329 0.000000 0.000000 1.000000 0.000000 1566533832488106000

0.996990 -0.077533 0.000000 64.319619 0.077533 0.996990 0.000000 9.219511 0.000000 0.000000 1.000000 0.000000 1566533832739659000

0.996108 -0.088140 0.000000 65.874787 0.088140 0.996108 0.000000 9.383748 0.000000 0.000000 1.000000 0.000000 1566533833000067000

0.995098 -0.098894 0.000000 67.410957 0.098894 0.995098 0.000000 9.579282 0.000000 0.000000 1.000000 0.000000 1566533833240549000

0.993630 -0.112692 0.000000 68.979198 0.112692 0.993630 0.000000 9.764357 0.000000 0.000000 1.000000 0.000000 1566533833490745000

0.991835 -0.127524 0.000000 70.476510 0.127524 0.991835 0.000000 9.969211 0.000000 0.000000 1.000000 0.000000 1566533833741190000

0.987129 -0.159926 0.000000 73.399959 0.159926 0.987129 0.000000 10.474811 0.000000 0.000000 1.000000 0.000000 1566533834242664000

0.984495 -0.175412 0.000000 74.910338 0.175412 0.984495 0.000000 10.716292 0.000000 0.000000 1.000000 0.000000 1566533834493504000

0.978003 -0.208589 0.000000 77.794081 0.208589 0.978003 0.000000 11.316469 0.000000 0.000000 1.000000 0.000000 1566533834996649000

0.971364 -0.237597 0.000000 80.561126 0.237597 0.971364 0.000000 12.037649 0.000000 0.000000 1.000000 0.000000 1566533835496506000

0.962424 -0.271551 0.000000 83.158406 0.271551 0.962424 0.000000 12.773511 0.000000 0.000000 1.000000 0.000000 1566533836000654000

0.952639 -0.304104 0.000000 85.711953 0.304104 0.952639 0.000000 13.621860 0.000000 0.000000 1.000000 0.000000 1566533836499594000

0.940826 -0.338891 0.000000 88.169117 0.338891 0.940826 0.000000 14.563225 0.000000 0.000000 1.000000 0.000000 1566533837000610000

0.925636 -0.378415 0.000000 90.477889 0.378415 0.925636 0.000000 15.514405 0.000000 0.000000 1.000000 0.000000 1566533837501602000

0.907399 -0.420271 0.000000 92.780091 0.420271 0.907399 0.000000 16.624400 0.000000 0.000000 1.000000 0.000000 1566533838003604000

0.887164 -0.461455 0.000000 94.809203 0.461455 0.887164 0.000000 17.693333 0.000000 0.000000 1.000000 0.000000 1566533838504739000

0.862314 -0.506374 0.000000 96.736614 0.506374 0.862314 0.000000 18.879937 0.000000 0.000000 1.000000 0.000000 1566533839006351000

0.835568 -0.549386 0.000000 98.594551 0.549386 0.835568 0.000000 20.134723 0.000000 0.000000 1.000000 0.000000 1566533839507285000

0.801472 -0.598032 0.000000 100.350848 0.598032 0.801472 0.000000 21.511736 0.000000 0.000000 1.000000 0.000000 1566533840009451000

0.761916 -0.647676 0.000000 101.946635 0.647676 0.761916 0.000000 22.862074 0.000000 0.000000 1.000000 0.000000 1566533840510289000

0.731970 -0.681337 0.000000 103.498818 0.681337 0.731970 0.000000 24.399706 0.000000 0.000000 1.000000 0.000000 1566533841011815000

0.718256 -0.695779 0.000000 104.854793 0.695779 0.718256 0.000000 25.698491 0.000000 0.000000 1.000000 0.000000 1566533841513326000

0.717058 -0.697013 0.000000 105.918164 0.697013 0.717058 0.000000 26.770076 0.000000 0.000000 1.000000 0.000000 1566533842014181000

0.720775 -0.693169 0.000000 107.079566 0.693169 0.720775 0.000000 27.844741 0.000000 0.000000 1.000000 0.000000 1566533842766668000

0.726911 -0.686732 0.000000 108.349283 0.686732 0.726911 0.000000 29.094279 0.000000 0.000000 1.000000 0.000000 1566533843770453000

0.734936 -0.678136 0.000000 109.780587 0.678136 0.734936 0.000000 30.432181 0.000000 0.000000 1.000000 0.000000 1566533844773337000

0.740264 -0.672317 0.000000 111.072795 0.672317 0.740264 0.000000 31.567946 0.000000 0.000000 1.000000 0.000000 1566533845526513000

0.743553 -0.668678 0.000000 112.609360 0.668678 0.743553 0.000000 32.992606 0.000000 0.000000 1.000000 0.000000 1566533846278961000

0.744783 -0.667307 0.000000 113.809612 0.667307 0.744783 0.000000 34.064716 0.000000 0.000000 1.000000 0.000000 1566533846780862000

0.746522 -0.665360 0.000000 115.086763 0.665360 0.746522 0.000000 35.166406 0.000000 0.000000 1.000000 0.000000 1566533847282469000

0.745787 -0.666185 0.000000 116.303418 0.666185 0.745787 0.000000 36.292388 0.000000 0.000000 1.000000 0.000000 1566533847784146000

0.744437 -0.667692 0.000000 117.617220 0.667692 0.744437 0.000000 37.508726 0.000000 0.000000 1.000000 0.000000 1566533848285975000

0.742903 -0.669399 0.000000 119.033346 0.669399 0.742903 0.000000 38.804038 0.000000 0.000000 1.000000 0.000000 1566533848788097000

0.742026 -0.670371 0.000000 120.509946 0.670371 0.742026 0.000000 40.176907 0.000000 0.000000 1.000000 0.000000 1566533849290181000

0.742024 -0.670373 0.000000 122.139588 0.670373 0.742024 0.000000 41.638729 0.000000 0.000000 1.000000 0.000000 1566533849791366000

0.743937 -0.668250 0.000000 123.843937 0.668250 0.743937 0.000000 43.153435 0.000000 0.000000 1.000000 0.000000 1566533850293162000

0.748907 -0.662675 0.000000 125.561161 0.662675 0.748907 0.000000 44.757224 0.000000 0.000000 1.000000 0.000000 1566533850794131000

0.754846 -0.655902 0.000000 127.328237 0.655902 0.754846 0.000000 46.356888 0.000000 0.000000 1.000000 0.000000 1566533851295520000

0.762280 -0.647248 0.000000 129.231788 0.647248 0.762280 0.000000 47.972944 0.000000 0.000000 1.000000 0.000000 1566533851796953000

0.772746 -0.634716 0.000000 131.211978 0.634716 0.772746 0.000000 49.625832 0.000000 0.000000 1.000000 0.000000 1566533852298879000

0.784169 -0.620548 0.000000 133.308900 0.620548 0.784169 0.000000 51.245318 0.000000 0.000000 1.000000 0.000000 1566533852800850000

0.798129 -0.602487 0.000000 135.427263 0.602487 0.798129 0.000000 52.872720 0.000000 0.000000 1.000000 0.000000 1566533853302152000

0.814210 -0.580571 0.000000 137.599923 0.580571 0.814210 0.000000 54.441751 0.000000 0.000000 1.000000 0.000000 1566533853803467000

0.832673 -0.553766 0.000000 139.811408 0.553766 0.832673 0.000000 55.918303 0.000000 0.000000 1.000000 0.000000 1566533854305407000

0.853514 -0.521070 0.000000 142.027759 0.521070 0.853514 0.000000 57.266683 0.000000 0.000000 1.000000 0.000000 1566533854807192000

0.870637 -0.491926 0.000000 144.171841 0.491926 0.870637 0.000000 58.508136 0.000000 0.000000 1.000000 0.000000 1566533855308340000

0.887138 -0.461505 0.000000 146.301569 0.461505 0.887138 0.000000 59.606648 0.000000 0.000000 1.000000 0.000000 1566533855809785000

0.899394 -0.437138 0.000000 148.256727 0.437138 0.899394 0.000000 60.565268 0.000000 0.000000 1.000000 0.000000 1566533856310788000

0.904972 -0.425471 0.000000 149.895788 0.425471 0.904972 0.000000 61.325824 0.000000 0.000000 1.000000 0.000000 1566533856811616000

0.908445 -0.418005 0.000000 151.815828 0.418005 0.908445 0.000000 62.204844 0.000000 0.000000 1.000000 0.000000 1566533857564005000

0.908563 -0.417747 0.000000 153.476036 0.417747 0.908563 0.000000 62.971933 0.000000 0.000000 1.000000 0.000000 1566533858316499000

0.898843 -0.438270 0.000000 154.904487 0.438270 0.898843 0.000000 63.702691 0.000000 0.000000 1.000000 0.000000 1566533859069715000

0.889932 -0.456093 0.000000 156.596852 0.456093 0.889932 0.000000 64.543777 0.000000 0.000000 1.000000 0.000000 1566533859823312000

0.906539 -0.422122 0.000000 158.589300 0.422122 0.906539 0.000000 65.537924 0.000000 0.000000 1.000000 0.000000 1566533860576634000

0.927758 -0.373183 0.000000 160.235144 0.373183 0.927758 0.000000 66.179008 0.000000 0.000000 1.000000 0.000000 1566533861076533000

0.948586 -0.316518 0.000000 162.215262 0.316518 0.948586 0.000000 66.795586 0.000000 0.000000 1.000000 0.000000 1566533861579763000

0.967132 -0.254273 0.000000 164.387793 0.254273 0.967132 0.000000 67.361105 0.000000 0.000000 1.000000 0.000000 1566533862079955000

0.981103 -0.193485 0.000000 166.897121 0.193485 0.981103 0.000000 67.825446 0.000000 0.000000 1.000000 0.000000 1566533862581136000

0.989062 -0.147502 0.000000 169.520678 0.147502 0.989062 0.000000 68.092983 0.000000 0.000000 1.000000 0.000000 1566533863082738000

0.991004 -0.133833 0.000000 172.425266 0.133833 0.991004 0.000000 68.597455 0.000000 0.000000 1.000000 0.000000 1566533863583857000

0.991580 -0.129492 0.000000 175.361508 0.129492 0.991580 0.000000 68.994560 0.000000 0.000000 1.000000 0.000000 1566533864087242000

0.992030 -0.125998 0.000000 176.880400 0.125998 0.992030 0.000000 69.166137 0.000000 0.000000 1.000000 0.000000 1566533864338034000

0.992416 -0.122921 0.000000 178.479911 0.122921 0.992416 0.000000 69.394455 0.000000 0.000000 1.000000 0.000000 1566533864589145000

0.992788 -0.119886 0.000000 180.083962 0.119886 0.992788 0.000000 69.584221 0.000000 0.000000 1.000000 0.000000 1566533864839819000

0.993152 -0.116829 0.000000 181.734499 0.116829 0.993152 0.000000 69.776258 0.000000 0.000000 1.000000 0.000000 1566533865090911000

0.993826 -0.110947 0.000000 183.370173 0.110947 0.993826 0.000000 69.968708 0.000000 0.000000 1.000000 0.000000 1566533865341669000

0.994651 -0.103296 0.000000 185.097882 0.103296 0.994651 0.000000 70.155789 0.000000 0.000000 1.000000 0.000000 1566533865591741000

0.995465 -0.095129 0.000000 186.840874 0.095129 0.995465 0.000000 70.342007 0.000000 0.000000 1.000000 0.000000 1566533865842381000

0.996373 -0.085093 0.000000 188.655725 0.085093 0.996373 0.000000 70.504837 0.000000 0.000000 1.000000 0.000000 1566533866093355000

0.997272 -0.073810 0.000000 190.478717 0.073810 0.997272 0.000000 70.643457 0.000000 0.000000 1.000000 0.000000 1566533866344191000

0.998269 -0.058812 0.000000 192.339867 0.058812 0.998269 0.000000 70.773769 0.000000 0.000000 1.000000 0.000000 1566533866595422000

0.999226 -0.039335 0.000000 194.229985 0.039335 0.999226 0.000000 70.845608 0.000000 0.000000 1.000000 0.000000 1566533866846215000

0.999844 -0.017663 0.000000 196.078629 0.017663 0.999844 0.000000 70.867315 0.000000 0.000000 1.000000 0.000000 1566533867096263000

0.999999 0.001671 0.000000 197.999853 -0.001671 0.999999 -0.000000 70.860838 -0.000000 0.000000 1.000000 0.000000 1566533867347167000

0.999864 0.016509 0.000000 200.002163 -0.016509 0.999864 -0.000000 70.823596 -0.000000 0.000000 1.000000 0.000000 1566533867598236000

0.999585 0.028813 0.000000 201.928013 -0.028813 0.999585 -0.000000 70.746590 -0.000000 0.000000 1.000000 0.000000 1566533867848970000

0.999125 0.041831 0.000000 203.945015 -0.041831 0.999125 -0.000000 70.621613 -0.000000 0.000000 1.000000 0.000000 1566533868098803000

0.998469 0.055312 0.000000 205.915863 -0.055312 0.998469 -0.000000 70.575819 -0.000000 0.000000 1.000000 0.000000 1566533868349652000

0.997557 0.069864 0.000000 207.953902 -0.069864 0.997557 -0.000000 70.417883 -0.000000 0.000000 1.000000 0.000000 1566533868599885000

0.996553 0.082953 0.000000 209.989404 -0.082953 0.996553 -0.000000 70.253841 -0.000000 0.000000 1.000000 0.000000 1566533868850453000

0.995587 0.093841 0.000000 212.068792 -0.093841 0.995587 -0.000000 70.059152 -0.000000 0.000000 1.000000 0.000000 1566533869101021000

0.994444 0.105263 0.000000 214.187374 -0.105263 0.994444 -0.000000 69.858052 -0.000000 0.000000 1.000000 0.000000 1566533869351685000

0.993239 0.116086 0.000000 216.302212 -0.116086 0.993239 -0.000000 69.614658 -0.000000 0.000000 1.000000 0.000000 1566533869602754000

0.991958 0.126569 0.000000 218.413713 -0.126569 0.991958 -0.000000 69.330580 -0.000000 0.000000 1.000000 0.000000 1566533869853135000

0.990507 0.137462 0.000000 220.496843 -0.137462 0.990507 -0.000000 69.057367 -0.000000 0.000000 1.000000 0.000000 1566533870103359000

0.988701 0.149904 0.000000 222.593322 -0.149904 0.988701 -0.000000 68.720107 -0.000000 0.000000 1.000000 0.000000 1566533870353786000

0.986765 0.162160 0.000000 224.645439 -0.162160 0.986765 -0.000000 68.412492 -0.000000 0.000000 1.000000 0.000000 1566533870604053000

0.984302 0.176490 0.000000 226.703532 -0.176490 0.984302 -0.000000 68.037411 -0.000000 0.000000 1.000000 0.000000 1566533870855011000

0.981456 0.191688 0.000000 228.761708 -0.191688 0.981456 -0.000000 67.633907 -0.000000 0.000000 1.000000 0.000000 1566533871105466000

0.978162 0.207842 0.000000 230.753851 -0.207842 0.978162 -0.000000 67.166880 -0.000000 0.000000 1.000000 0.000000 1566533871356115000

0.973951 0.226757 0.000000 232.810448 -0.226757 0.973951 -0.000000 66.718920 -0.000000 0.000000 1.000000 0.000000 1566533871606515000

0.969046 0.246881 0.000000 234.813745 -0.246881 0.969046 -0.000000 66.184862 -0.000000 0.000000 1.000000 0.000000 1566533871856980000

0.963666 0.267111 0.000000 236.841955 -0.267111 0.963666 -0.000000 65.597596 -0.000000 0.000000 1.000000 0.000000 1566533872107814000

0.957374 0.288851 0.000000 238.912033 -0.288851 0.957374 -0.000000 65.028206 -0.000000 0.000000 1.000000 0.000000 1566533872357964000

0.950568 0.310517 0.000000 240.934712 -0.310517 0.950568 -0.000000 64.345841 -0.000000 0.000000 1.000000 0.000000 1566533872607661000

0.943127 0.332432 0.000000 242.890042 -0.332432 0.943127 -0.000000 63.710673 -0.000000 0.000000 1.000000 0.000000 1566533872857518000

0.934626 0.355633 0.000000 244.818609 -0.355633 0.934626 -0.000000 62.952686 -0.000000 0.000000 1.000000 0.000000 1566533873108051000

0.925572 0.378572 0.000000 246.773793 -0.378572 0.925572 -0.000000 62.195570 -0.000000 0.000000 1.000000 0.000000 1566533873357807000

0.916627 0.399743 0.000000 248.700951 -0.399743 0.916627 -0.000000 61.334714 -0.000000 0.000000 1.000000 0.000000 1566533873607811000

0.905594 0.424145 0.000000 250.600460 -0.424145 0.905594 -0.000000 60.443000 -0.000000 0.000000 1.000000 0.000000 1566533873858041000

0.893955 0.448157 0.000000 252.447236 -0.448157 0.893955 -0.000000 59.520536 -0.000000 0.000000 1.000000 0.000000 1566533874108382000

0.881329 0.472503 0.000000 254.317152 -0.472503 0.881329 -0.000000 58.489657 -0.000000 0.000000 1.000000 0.000000 1566533874358688000

0.869087 0.494659 0.000000 256.163848 -0.494659 0.869087 -0.000000 57.441680 -0.000000 0.000000 1.000000 0.000000 1566533874608707000

0.858057 0.513555 0.000000 257.966520 -0.513555 0.858057 -0.000000 56.383802 -0.000000 0.000000 1.000000 0.000000 1566533874858953000

0.845248 0.534374 0.000000 259.786013 -0.534374 0.845248 -0.000000 55.258120 -0.000000 0.000000 1.000000 0.000000 1566533875108577000

0.831928 0.554884 0.000000 261.553123 -0.554884 0.831928 -0.000000 54.099605 -0.000000 0.000000 1.000000 0.000000 1566533875358583000

0.819696 0.572799 0.000000 263.247781 -0.572799 0.819696 -0.000000 52.886625 -0.000000 0.000000 1.000000 0.000000 1566533875608261000

0.807791 0.589469 0.000000 264.996298 -0.589469 0.807791 -0.000000 51.648779 -0.000000 0.000000 1.000000 0.000000 1566533875858710000

0.796662 0.604425 0.000000 266.664996 -0.604425 0.796662 -0.000000 50.348340 -0.000000 0.000000 1.000000 0.000000 1566533876109162000

0.785545 0.618805 0.000000 268.372474 -0.618805 0.785545 -0.000000 49.050395 -0.000000 0.000000 1.000000 0.000000 1566533876359034000

0.774612 0.632436 0.000000 270.001986 -0.632436 0.774612 -0.000000 47.687821 -0.000000 0.000000 1.000000 0.000000 1566533876609621000

0.763750 0.645512 0.000000 271.604836 -0.645512 0.763750 -0.000000 46.351243 -0.000000 0.000000 1.000000 0.000000 1566533876859674000

0.753434 0.657524 0.000000 273.205179 -0.657524 0.753434 -0.000000 44.936099 -0.000000 0.000000 1.000000 0.000000 1566533877108833000

0.743521 0.668712 0.000000 274.822960 -0.668712 0.743521 -0.000000 43.537436 -0.000000 0.000000 1.000000 0.000000 1566533877359572000

0.732725 0.680525 0.000000 276.374548 -0.680525 0.732725 -0.000000 42.070640 -0.000000 0.000000 1.000000 0.000000 1566533877609023000

0.723537 0.690286 0.000000 277.951433 -0.690286 0.723537 -0.000000 40.595803 -0.000000 0.000000 1.000000 0.000000 1566533877859972000

0.715143 0.698978 0.000000 279.448680 -0.698978 0.715143 -0.000000 39.097882 -0.000000 0.000000 1.000000 0.000000 1566533878109000000

0.706448 0.707765 0.000000 280.992571 -0.707765 0.706448 -0.000000 37.566589 -0.000000 0.000000 1.000000 0.000000 1566533878358944000

0.698241 0.715863 0.000000 282.572024 -0.715863 0.698241 -0.000000 36.054272 -0.000000 0.000000 1.000000 0.000000 1566533878609673000

0.690845 0.723003 0.000000 284.079822 -0.723003 0.690845 -0.000000 34.482184 -0.000000 0.000000 1.000000 0.000000 1566533878859408000

0.687868 0.725836 0.000000 285.508266 -0.725836 0.687868 -0.000000 32.996588 -0.000000 0.000000 1.000000 0.000000 1566533879109234000

0.689637 0.724155 0.000000 286.997323 -0.724155 0.689637 -0.000000 31.461445 -0.000000 0.000000 1.000000 0.000000 1566533879359083000

0.696120 0.717925 0.000000 288.429688 -0.717925 0.696120 -0.000000 29.942262 -0.000000 0.000000 1.000000 0.000000 1566533879609192000

0.705364 0.708845 0.000000 289.974134 -0.708845 0.705364 -0.000000 28.420553 -0.000000 0.000000 1.000000 0.000000 1566533879859013000

0.717585 0.696471 0.000000 291.500289 -0.696471 0.717585 -0.000000 26.999334 -0.000000 0.000000 1.000000 0.000000 1566533880109047000

0.730401 0.683019 0.000000 293.031822 -0.683019 0.730401 -0.000000 25.596125 -0.000000 0.000000 1.000000 0.000000 1566533880359415000

0.744542 0.667576 0.000000 294.566161 -0.667576 0.744542 -0.000000 24.229812 -0.000000 0.000000 1.000000 0.000000 1566533880610752000

0.759136 0.650932 0.000000 296.199028 -0.650932 0.759136 -0.000000 22.872686 -0.000000 0.000000 1.000000 0.000000 1566533880860204000

0.776584 0.630013 0.000000 297.779483 -0.630013 0.776584 -0.000000 21.574670 -0.000000 0.000000 1.000000 0.000000 1566533881110790000

0.793997 0.607922 0.000000 299.463626 -0.607922 0.793997 -0.000000 20.314020 -0.000000 0.000000 1.000000 0.000000 1566533881360755000

0.812647 0.582757 0.000000 301.269361 -0.582757 0.812647 -0.000000 19.174269 -0.000000 0.000000 1.000000 0.000000 1566533881610703000

0.832048 0.554704 0.000000 303.008748 -0.554704 0.832048 -0.000000 17.984033 -0.000000 0.000000 1.000000 0.000000 1566533881860718000

0.850831 0.525439 0.000000 304.836763 -0.525439 0.850831 -0.000000 16.897777 -0.000000 0.000000 1.000000 0.000000 1566533882111733000

0.868890 0.495005 0.000000 306.728459 -0.495005 0.868890 -0.000000 15.900773 -0.000000 0.000000 1.000000 0.000000 1566533882361765000

0.887677 0.460468 0.000000 308.653339 -0.460468 0.887677 -0.000000 14.917076 -0.000000 0.000000 1.000000 0.000000 1566533882611615000

0.905891 0.423511 0.000000 310.642032 -0.423511 0.905891 -0.000000 13.985702 -0.000000 0.000000 1.000000 0.000000 1566533882861177000

0.923145 0.384452 0.000000 312.693335 -0.384452 0.923145 -0.000000 13.150078 -0.000000 0.000000 1.000000 0.000000 1566533883111621000

0.939105 0.343629 0.000000 314.794877 -0.343629 0.939105 -0.000000 12.437253 -0.000000 0.000000 1.000000 0.000000 1566533883362020000

0.952474 0.304621 0.000000 316.987923 -0.304621 0.952474 -0.000000 11.715429 -0.000000 0.000000 1.000000 0.000000 1566533883611938000

0.962423 0.271555 0.000000 319.143036 -0.271555 0.962423 -0.000000 11.152698 -0.000000 0.000000 1.000000 0.000000 1566533883862862000

0.969851 0.243697 0.000000 321.372321 -0.243697 0.969851 -0.000000 10.621628 -0.000000 0.000000 1.000000 0.000000 1566533884113474000

0.975965 0.217929 0.000000 323.613766 -0.217929 0.975965 -0.000000 10.144919 -0.000000 0.000000 1.000000 0.000000 1566533884363748000

0.980251 0.197756 0.000000 325.851419 -0.197756 0.980251 -0.000000 9.737660 -0.000000 0.000000 1.000000 0.000000 1566533884613341000

0.984054 0.177869 0.000000 328.161434 -0.177869 0.984054 -0.000000 9.353031 -0.000000 0.000000 1.000000 0.000000 1566533884863791000

0.986562 0.163386 0.000000 330.461489 -0.163386 0.986562 -0.000000 8.978665 -0.000000 0.000000 1.000000 0.000000 1566533885114793000

0.988804 0.149223 0.000000 332.783147 -0.149223 0.988804 -0.000000 8.679396 -0.000000 0.000000 1.000000 0.000000 1566533885364559000

0.990629 0.136582 0.000000 335.151847 -0.136582 0.990629 -0.000000 8.403913 -0.000000 0.000000 1.000000 0.000000 1566533885614504000

0.991930 0.126790 0.000000 337.488531 -0.126790 0.991930 -0.000000 8.092120 -0.000000 0.000000 1.000000 0.000000 1566533885865009000

0.993422 0.114507 0.000000 339.879183 -0.114507 0.993422 -0.000000 7.870080 -0.000000 0.000000 1.000000 0.000000 1566533886115518000

0.994505 0.104685 0.000000 342.304783 -0.104685 0.994505 -0.000000 7.586648 -0.000000 0.000000 1.000000 0.000000 1566533886365284000

0.995582 0.093896 0.000000 344.738671 -0.093896 0.995582 -0.000000 7.346626 -0.000000 0.000000 1.000000 0.000000 1566533886615014000

0.996237 0.086674 0.000000 347.172138 -0.086674 0.996237 -0.000000 7.166212 -0.000000 0.000000 1.000000 0.000000 1566533886865423000

0.997111 0.075961 0.000000 349.603101 -0.075961 0.997111 -0.000000 6.979590 -0.000000 0.000000 1.000000 0.000000 1566533887115446000

0.997633 0.068757 0.000000 352.040180 -0.068757 0.997633 -0.000000 6.820013 -0.000000 0.000000 1.000000 0.000000 1566533887365741000

0.998090 0.061773 0.000000 354.524469 -0.061773 0.998090 -0.000000 6.740024 -0.000000 0.000000 1.000000 0.000000 1566533887615637000

0.998651 0.051930 0.000000 357.015720 -0.051930 0.998651 -0.000000 6.542470 -0.000000 0.000000 1.000000 0.000000 1566533887865193000

0.999069 0.043130 0.000000 359.560702 -0.043130 0.999069 -0.000000 6.537086 -0.000000 0.000000 1.000000 0.000000 1566533888115321000

0.999284 0.037842 0.000000 361.982938 -0.037842 0.999284 -0.000000 6.421432 -0.000000 0.000000 1.000000 0.000000 1566533888366987000

0.999463 0.032770 0.000000 364.489395 -0.032770 0.999463 -0.000000 6.317110 -0.000000 0.000000 1.000000 0.000000 1566533888615121000

0.999583 0.028874 0.000000 366.914070 -0.028874 0.999583 -0.000000 6.272957 -0.000000 0.000000 1.000000 0.000000 1566533888866243000

0.999705 0.024305 0.000000 369.327268 -0.024305 0.999705 -0.000000 6.264685 -0.000000 0.000000 1.000000 0.000000 1566533889116503000

0.999800 0.020008 0.000000 371.760727 -0.020008 0.999800 -0.000000 6.159289 -0.000000 0.000000 1.000000 0.000000 1566533889366327000

0.999887 0.015054 0.000000 374.244690 -0.015054 0.999887 -0.000000 6.173538 -0.000000 0.000000 1.000000 0.000000 1566533889616173000

0.999884 0.015222 0.000000 376.721634 -0.015222 0.999884 -0.000000 6.115846 -0.000000 0.000000 1.000000 0.000000 1566533889866384000

0.999884 0.015215 0.000000 379.121786 -0.015215 0.999884 -0.000000 6.053375 -0.000000 0.000000 1.000000 0.000000 1566533890115573000

0.999876 0.015755 0.000000 381.591958 -0.015755 0.999876 -0.000000 6.054205 -0.000000 0.000000 1.000000 0.000000 1566533890365967000

0.999901 0.014051 0.000000 384.046455 -0.014051 0.999901 -0.000000 6.052721 -0.000000 0.000000 1.000000 0.000000 1566533890616160000

0.999929 0.011895 0.000000 386.543608 -0.011895 0.999929 -0.000000 6.018114 -0.000000 0.000000 1.000000 0.000000 1566533890866322000

0.999952 0.009836 0.000000 389.030969 -0.009836 0.999952 -0.000000 5.983412 -0.000000 0.000000 1.000000 0.000000 1566533891115856000

0.999963 0.008550 0.000000 391.489526 -0.008550 0.999963 -0.000000 5.975852 -0.000000 0.000000 1.000000 0.000000 1566533891365605000

0.999976 0.006952 0.000000 393.942859 -0.006952 0.999976 -0.000000 5.964325 -0.000000 0.000000 1.000000 0.000000 1566533891615588000

0.999981 0.006169 0.000000 396.416001 -0.006169 0.999981 -0.000000 5.914088 -0.000000 0.000000 1.000000 0.000000 1566533891865873000

0.999989 0.004713 0.000000 398.879948 -0.004713 0.999989 -0.000000 5.902954 -0.000000 0.000000 1.000000 0.000000 1566533892115818000

0.999987 0.005090 0.000000 401.294859 -0.005090 0.999987 -0.000000 5.891952 -0.000000 0.000000 1.000000 0.000000 1566533892365703000

0.999998 0.001798 0.000000 403.707139 -0.001798 0.999998 -0.000000 5.940526 -0.000000 0.000000 1.000000 0.000000 1566533892617682000

0.999999 0.001274 0.000000 406.166893 -0.001274 0.999999 -0.000000 5.940919 -0.000000 0.000000 1.000000 0.000000 1566533892867405000

0.999998 0.001732 0.000000 408.532783 -0.001732 0.999998 -0.000000 5.956189 -0.000000 0.000000 1.000000 0.000000 1566533893116933000

1.000000 0.000560 0.000000 410.900894 -0.000560 1.000000 -0.000000 5.948111 -0.000000 0.000000 1.000000 0.000000 1566533893365326000

0.999996 -0.002981 0.000000 413.300845 0.002981 0.999996 0.000000 5.947900 0.000000 0.000000 1.000000 0.000000 1566533893615926000

0.999995 -0.003050 0.000000 415.726947 0.003050 0.999995 0.000000 6.041468 0.000000 0.000000 1.000000 0.000000 1566533893866124000

0.999997 -0.002453 0.000000 418.084165 0.002453 0.999997 0.000000 6.052997 0.000000 0.000000 1.000000 0.000000 1566533894117313000

1.000000 0.000207 0.000000 420.409964 -0.000207 1.000000 -0.000000 6.038691 -0.000000 0.000000 1.000000 0.000000 1566533894367266000

0.999998 0.001808 0.000000 422.721828 -0.001808 0.999998 -0.000000 6.001871 -0.000000 0.000000 1.000000 0.000000 1566533894616661000

0.999999 0.001456 0.000000 425.027631 -0.001456 0.999999 -0.000000 6.033255 -0.000000 0.000000 1.000000 0.000000 1566533894867018000

0.999999 0.001433 0.000000 427.335345 -0.001433 0.999999 -0.000000 6.035303 -0.000000 0.000000 1.000000 0.000000 1566533895116796000

0.999997 0.002378 0.000000 429.564923 -0.002378 0.999997 -0.000000 6.041309 -0.000000 0.000000 1.000000 0.000000 1566533895367153000

1.000000 0.000549 0.000000 431.856419 -0.000549 1.000000 -0.000000 6.033396 -0.000000 0.000000 1.000000 0.000000 1566533895616734000

0.999999 0.001364 0.000000 434.107770 -0.001364 0.999999 -0.000000 6.065720 -0.000000 0.000000 1.000000 0.000000 1566533895866204000

1.000000 0.000695 0.000000 436.335264 -0.000695 1.000000 -0.000000 6.032718 -0.000000 0.000000 1.000000 0.000000 1566533896115350000

0.999997 0.002324 0.000000 438.522076 -0.002324 0.999997 -0.000000 6.020178 -0.000000 0.000000 1.000000 0.000000 1566533896365318000

0.999987 0.005142 0.000000 440.716004 -0.005142 0.999987 -0.000000 6.034055 -0.000000 0.000000 1.000000 0.000000 1566533896615024000

0.999989 0.004706 0.000000 442.889944 -0.004706 0.999989 -0.000000 6.091860 -0.000000 0.000000 1.000000 0.000000 1566533896864903000

0.999978 0.006693 0.000000 445.071684 -0.006693 0.999978 -0.000000 6.056210 -0.000000 0.000000 1.000000 0.000000 1566533897115155000

0.999979 0.006505 0.000000 447.188153 -0.006505 0.999979 -0.000000 6.090374 -0.000000 0.000000 1.000000 0.000000 1566533897364840000

0.999964 0.008488 0.000000 449.206936 -0.008488 0.999964 -0.000000 6.067462 -0.000000 0.000000 1.000000 0.000000 1566533897616178000

0.999947 0.010264 0.000000 451.133602 -0.010264 0.999947 -0.000000 6.162968 -0.000000 0.000000 1.000000 0.000000 1566533897865474000

0.999936 0.011277 0.000000 453.074269 -0.011277 0.999936 -0.000000 6.163862 -0.000000 0.000000 1.000000 0.000000 1566533898115004000

0.999956 0.009335 0.000000 454.894655 -0.009335 0.999956 -0.000000 6.077005 -0.000000 0.000000 1.000000 0.000000 1566533898364635000

0.999931 0.011768 0.000000 456.650423 -0.011768 0.999931 -0.000000 6.097569 -0.000000 0.000000 1.000000 0.000000 1566533898614940000

0.999908 0.013532 0.000000 458.391624 -0.013532 0.999908 -0.000000 6.067321 -0.000000 0.000000 1.000000 0.000000 1566533898863933000

0.999944 0.010607 0.000000 460.044524 -0.010607 0.999944 -0.000000 6.073372 -0.000000 0.000000 1.000000 0.000000 1566533899113244000

0.999916 0.012972 0.000000 461.604494 -0.012972 0.999916 -0.000000 6.055526 -0.000000 0.000000 1.000000 0.000000 1566533899363551000

0.999905 0.013763 0.000000 463.123442 -0.013763 0.999905 -0.000000 6.107642 -0.000000 0.000000 1.000000 0.000000 1566533899613739000

0.999462 0.032787 0.000000 465.906100 -0.032787 0.999462 -0.000000 6.030040 -0.000000 0.000000 1.000000 0.000000 1566533900112996000

0.996081 0.088442 0.000000 468.431197 -0.088442 0.996081 -0.000000 5.742919 -0.000000 0.000000 1.000000 0.000000 1566533900613161000

0.984447 0.175682 0.000000 470.868517 -0.175682 0.984447 -0.000000 5.272968 -0.000000 0.000000 1.000000 0.000000 1566533901113565000

0.957427 0.288675 0.000000 473.194013 -0.288675 0.957427 -0.000000 4.564023 -0.000000 0.000000 1.000000 0.000000 1566533901614236000

0.905805 0.423694 0.000000 475.398780 -0.423694 0.905805 -0.000000 3.583510 -0.000000 0.000000 1.000000 0.000000 1566533902114870000

0.813258 0.581903 0.000000 477.303978 -0.581903 0.813258 -0.000000 2.085612 -0.000000 0.000000 1.000000 0.000000 1566533902613990000

0.747589 0.664162 0.000000 478.069261 -0.664162 0.747589 -0.000000 1.179048 -0.000000 0.000000 1.000000 0.000000 1566533902864612000

0.672619 0.739989 0.000000 478.851020 -0.739989 0.672619 -0.000000 0.271678 -0.000000 0.000000 1.000000 0.000000 1566533903114511000

0.587462 0.809251 0.000000 479.500922 -0.809251 0.587462 -0.000000 -0.735092 -0.000000 0.000000 1.000000 0.000000 1566533903364582000

0.494497 0.869179 0.000000 480.001891 -0.869179 0.494497 -0.000000 -1.893098 -0.000000 0.000000 1.000000 0.000000 1566533903614057000

0.409618 0.912257 0.000000 480.371432 -0.912257 0.409618 -0.000000 -3.163269 -0.000000 0.000000 1.000000 0.000000 1566533903863671000

0.288522 0.957473 0.000000 481.273473 -0.957473 0.288522 -0.000000 -5.752425 -0.000000 0.000000 1.000000 0.000000 1566533904364325000

0.204179 0.978933 0.000000 481.912119 -0.978933 0.204179 -0.000000 -8.559008 -0.000000 0.000000 1.000000 0.000000 1566533904863725000

0.171486 0.985187 0.000000 482.138395 -0.985187 0.171486 -0.000000 -10.092124 -0.000000 0.000000 1.000000 0.000000 1566533905113932000

0.146289 0.989242 0.000000 482.340945 -0.989242 0.146289 -0.000000 -11.668402 -0.000000 0.000000 1.000000 0.000000 1566533905363745000

0.126410 0.991978 0.000000 482.523575 -0.991978 0.126410 -0.000000 -13.259578 -0.000000 0.000000 1.000000 0.000000 1566533905613586000

0.108804 0.994063 0.000000 482.721049 -0.994063 0.108804 -0.000000 -14.926609 -0.000000 0.000000 1.000000 0.000000 1566533905863858000

0.089747 0.995965 0.000000 482.841204 -0.995965 0.089747 -0.000000 -16.646356 -0.000000 0.000000 1.000000 0.000000 1566533906114805000

0.070153 0.997536 0.000000 482.945170 -0.997536 0.070153 -0.000000 -18.408438 -0.000000 0.000000 1.000000 0.000000 1566533906364469000

0.052665 0.998612 0.000000 483.029679 -0.998612 0.052665 -0.000000 -20.211003 -0.000000 0.000000 1.000000 0.000000 1566533906614761000

0.034586 0.999402 0.000000 483.118059 -0.999402 0.034586 -0.000000 -22.069570 -0.000000 0.000000 1.000000 0.000000 1566533906864912000

0.017308 0.999850 0.000000 483.178831 -0.999850 0.017308 -0.000000 -23.974126 -0.000000 0.000000 1.000000 0.000000 1566533907114811000

0.000911 1.000000 0.000000 483.173572 -1.000000 0.000911 -0.000000 -25.931426 -0.000000 0.000000 1.000000 0.000000 1566533907364683000

-0.012612 0.999920 0.000000 483.118080 -0.999920 -0.012612 -0.000000 -27.945060 -0.000000 0.000000 1.000000 0.000000 1566533907614645000

-0.022868 0.999739 0.000000 483.050463 -0.999739 -0.022868 -0.000000 -29.947203 -0.000000 0.000000 1.000000 0.000000 1566533907863725000

-0.034762 0.999396 0.000000 483.011027 -0.999396 -0.034762 -0.000000 -32.033193 -0.000000 0.000000 1.000000 0.000000 1566533908114393000

-0.047273 0.998882 0.000000 482.930630 -0.998882 -0.047273 -0.000000 -34.247873 -0.000000 0.000000 1.000000 0.000000 1566533908364427000

-0.057640 0.998337 0.000000 482.825047 -0.998337 -0.057640 -0.000000 -36.422218 -0.000000 0.000000 1.000000 0.000000 1566533908613882000

-0.066130 0.997811 0.000000 482.685610 -0.997811 -0.066130 -0.000000 -38.598642 -0.000000 0.000000 1.000000 0.000000 1566533908863944000

-0.066493 0.997787 0.000000 482.525430 -0.997787 -0.066493 -0.000000 -40.891841 -0.000000 0.000000 1.000000 0.000000 1566533909113570000

-0.064169 0.997939 0.000000 482.366889 -0.997939 -0.064169 -0.000000 -43.218687 -0.000000 0.000000 1.000000 0.000000 1566533909363758000

-0.062435 0.998049 0.000000 482.231184 -0.998049 -0.062435 -0.000000 -45.500926 -0.000000 0.000000 1.000000 0.000000 1566533909613090000

-0.060237 0.998184 0.000000 482.118617 -0.998184 -0.060237 -0.000000 -47.955412 -0.000000 0.000000 1.000000 0.000000 1566533909863266000

-0.058396 0.998293 0.000000 481.993332 -0.998293 -0.058396 -0.000000 -50.329147 -0.000000 0.000000 1.000000 0.000000 1566533910113306000

-0.056633 0.998395 0.000000 481.864608 -0.998395 -0.056633 -0.000000 -52.814777 -0.000000 0.000000 1.000000 0.000000 1566533910362969000

-0.053042 0.998592 0.000000 481.719255 -0.998592 -0.053042 -0.000000 -55.258717 -0.000000 0.000000 1.000000 0.000000 1566533910612534000

-0.051713 0.998662 0.000000 481.621484 -0.998662 -0.051713 -0.000000 -57.703079 -0.000000 0.000000 1.000000 0.000000 1566533910862623000

-0.049488 0.998775 0.000000 481.478507 -0.998775 -0.049488 -0.000000 -60.181908 -0.000000 0.000000 1.000000 0.000000 1566533911112264000

-0.046825 0.998903 0.000000 481.380789 -0.998903 -0.046825 -0.000000 -62.708046 -0.000000 0.000000 1.000000 0.000000 1566533911361749000

-0.045774 0.998952 0.000000 481.287469 -0.998952 -0.045774 -0.000000 -65.273726 -0.000000 0.000000 1.000000 0.000000 1566533911611742000

-0.043897 0.999036 0.000000 481.239352 -0.999036 -0.043897 -0.000000 -67.834617 -0.000000 0.000000 1.000000 0.000000 1566533911861848000

-0.041213 0.999150 0.000000 481.098075 -0.999150 -0.041213 -0.000000 -70.393073 -0.000000 0.000000 1.000000 0.000000 1566533912111839000

-0.039228 0.999230 0.000000 480.989256 -0.999230 -0.039228 -0.000000 -72.993457 -0.000000 0.000000 1.000000 0.000000 1566533912361687000

-0.039971 0.999201 0.000000 480.911734 -0.999201 -0.039971 -0.000000 -75.595921 -0.000000 0.000000 1.000000 0.000000 1566533912611681000

-0.045440 0.998967 0.000000 480.813932 -0.998967 -0.045440 -0.000000 -78.227546 -0.000000 0.000000 1.000000 0.000000 1566533912861880000

-0.051334 0.998682 0.000000 480.656206 -0.998682 -0.051334 -0.000000 -80.829453 -0.000000 0.000000 1.000000 0.000000 1566533913111968000

-0.055547 0.998456 0.000000 480.486909 -0.998456 -0.055547 -0.000000 -83.456691 -0.000000 0.000000 1.000000 0.000000 1566533913361754000

-0.059386 0.998235 0.000000 480.391926 -0.998235 -0.059386 -0.000000 -86.116897 -0.000000 0.000000 1.000000 0.000000 1566533913611323000

-0.063539 0.997979 0.000000 480.204993 -0.997979 -0.063539 -0.000000 -88.742173 -0.000000 0.000000 1.000000 0.000000 1566533913861243000

-0.069896 0.997554 0.000000 480.028053 -0.997554 -0.069896 -0.000000 -91.396543 -0.000000 0.000000 1.000000 0.000000 1566533914111320000

-0.077042 0.997028 0.000000 479.812247 -0.997028 -0.077042 -0.000000 -94.077323 -0.000000 0.000000 1.000000 0.000000 1566533914360803000

-0.085156 0.996368 0.000000 479.588981 -0.996368 -0.085156 -0.000000 -96.698075 -0.000000 0.000000 1.000000 0.000000 1566533914610714000

-0.097058 0.995279 0.000000 479.353823 -0.995279 -0.097058 -0.000000 -99.356603 -0.000000 0.000000 1.000000 0.000000 1566533914860722000

-0.109637 0.993972 0.000000 479.110031 -0.993972 -0.109637 -0.000000 -102.037855 -0.000000 0.000000 1.000000 0.000000 1566533915110532000

-0.123383 0.992359 0.000000 478.773047 -0.992359 -0.123383 -0.000000 -104.653839 -0.000000 0.000000 1.000000 0.000000 1566533915360338000

-0.137154 0.990550 0.000000 478.393140 -0.990550 -0.137154 -0.000000 -107.278808 -0.000000 0.000000 1.000000 0.000000 1566533915609951000

-0.148901 0.988852 0.000000 478.071461 -0.988852 -0.148901 -0.000000 -109.889625 -0.000000 0.000000 1.000000 0.000000 1566533915859828000

-0.158611 0.987341 0.000000 477.683714 -0.987341 -0.158611 -0.000000 -112.502051 -0.000000 0.000000 1.000000 0.000000 1566533916109094000

-0.169216 0.985579 0.000000 477.260324 -0.985579 -0.169216 -0.000000 -115.117556 -0.000000 0.000000 1.000000 0.000000 1566533916358874000

-0.180183 0.983633 0.000000 476.742223 -0.983633 -0.180183 -0.000000 -117.717667 -0.000000 0.000000 1.000000 0.000000 1566533916612573000

-0.191283 0.981535 0.000000 476.241299 -0.981535 -0.191283 -0.000000 -120.315335 -0.000000 0.000000 1.000000 0.000000 1566533916858314000

-0.202180 0.979348 0.000000 475.693888 -0.979348 -0.202180 -0.000000 -122.917639 -0.000000 0.000000 1.000000 0.000000 1566533917108664000

