1.000000 0.000000 0.000000 0.000000 0.000000 1.000000 0.000000 0.000000 0.000000 0.000000 1.000000 0.000000
0.997021 -0.077130 0.000000 1.637759 0.077130 0.997021 0.000000 0.109314 0.000000 0.000000 1.000000 0.000000
0.989072 -0.147435 0.000000 3.218008 0.147435 0.989072 0.000000 0.339030 0.000000 0.000000 1.000000 0.000000
0.979220 -0.202799 0.000000 5.386364 0.202799 0.979220 0.000000 0.765864 0.000000 0.000000 1.000000 0.000000
0.980489 -0.196573 0.000000 7.174246 0.196573 0.980489 0.000000 1.106528 0.000000 0.000000 1.000000 0.000000
0.984466 -0.175577 0.000000 9.237117 0.175577 0.984466 0.000000 1.452574 0.000000 0.000000 1.000000 0.000000
0.989300 -0.145893 0.000000 11.554377 0.145893 0.989300 0.000000 1.779900 0.000000 0.000000 1.000000 0.000000
0.993838 -0.110843 0.000000 14.114549 0.110843 0.993838 0.000000 2.061147 0.000000 0.000000 1.000000 0.000000
0.997606 -0.069159 0.000000 16.704978 0.069159 0.997606 0.000000 2.246307 0.000000 0.000000 1.000000 0.000000
0.999163 -0.040917 0.000000 19.309358 0.040917 0.999163 0.000000 2.334405 0.000000 0.000000 1.000000 0.000000
0.999540 -0.030343 0.000000 22.042690 0.030343 0.999540 0.000000 2.397625 0.000000 0.000000 1.000000 0.000000
0.999799 -0.020067 0.000000 24.745961 0.020067 0.999799 0.000000 2.440583 0.000000 0.000000 1.000000 0.000000
0.999950 -0.010019 0.000000 27.482629 0.010019 0.999950 0.000000 2.444815 0.000000 0.000000 1.000000 0.000000
1.000000 -0.000535 0.000000 30.370346 0.000535 1.000000 0.000000 2.419648 0.000000 0.000000 1.000000 0.000000
0.999986 0.005340 0.000000 33.243812 -0.005340 0.999986 -0.000000 2.396634 -0.000000 0.000000 1.000000 0.000000
0.999983 0.005912 0.000000 36.292669 -0.005912 0.999983 -0.000000 2.355433 -0.000000 0.000000 1.000000 0.000000
0.999978 0.006675 0.000000 37.876197 -0.006675 0.999978 -0.000000 2.334718 -0.000000 0.000000 1.000000 0.000000
0.999983 0.005858 0.000000 39.505090 -0.005858 0.999983 -0.000000 2.306024 -0.000000 0.000000 1.000000 0.000000
0.999985 0.005524 0.000000 41.150104 -0.005524 0.999985 -0.000000 2.287580 -0.000000 0.000000 1.000000 0.000000
0.999983 0.005911 0.000000 42.824680 -0.005911 0.999983 -0.000000 2.266831 -0.000000 0.000000 1.000000 0.000000
0.999985 0.005539 0.000000 44.436774 -0.005539 0.999985 -0.000000 2.243567 -0.000000 0.000000 1.000000 0.000000
0.999991 0.004222 0.000000 46.139347 -0.004222 0.999991 -0.000000 2.229864 -0.000000 0.000000 1.000000 0.000000
0.999999 0.001668 0.000000 47.930812 -0.001668 0.999999 -0.000000 2.220190 -0.000000 0.000000 1.000000 0.000000
0.999999 -0.001300 0.000000 49.695325 0.001300 0.999999 0.000000 2.207774 0.000000 0.000000 1.000000 0.000000
0.999993 -0.003626 0.000000 51.347785 0.003626 0.999993 0.000000 2.203268 0.000000 0.000000 1.000000 0.000000
0.999975 -0.007074 0.000000 52.975983 0.007074 0.999975 0.000000 2.200016 0.000000 0.000000 1.000000 0.000000
0.999955 -0.009526 0.000000 54.661679 0.009526 0.999955 0.000000 2.206023 0.000000 0.000000 1.000000 0.000000
0.999935 -0.011400 0.000000 56.386388 0.011400 0.999935 0.000000 2.214629 0.000000 0.000000 1.000000 0.000000
0.999932 -0.011651 0.000000 58.096502 0.011651 0.999932 0.000000 2.224797 0.000000 0.000000 1.000000 0.000000
0.999960 -0.008999 0.000000 59.718142 0.008999 0.999960 0.000000 2.234231 0.000000 0.000000 1.000000 0.000000
0.999980 -0.006320 0.000000 61.549380 0.006320 0.999980 0.000000 2.239150 0.000000 0.000000 1.000000 0.000000
0.999992 -0.003893 0.000000 63.260063 0.003893 0.999992 0.000000 2.242588 0.000000 0.000000 1.000000 0.000000
0.999999 -0.001668 0.000000 64.958487 0.001668 0.999999 0.000000 2.242190 0.000000 0.000000 1.000000 0.000000
1.000000 0.000183 0.000000 66.667736 -0.000183 1.000000 -0.000000 2.241162 -0.000000 0.000000 1.000000 0.000000
1.000000 0.000603 0.000000 68.404992 -0.000603 1.000000 -0.000000 2.233704 -0.000000 0.000000 1.000000 0.000000
0.999997 0.002311 0.000000 70.262857 -0.002311 0.999997 -0.000000 2.224643 -0.000000 0.000000 1.000000 0.000000
0.999995 0.003182 0.000000 72.116592 -0.003182 0.999995 -0.000000 2.210532 -0.000000 0.000000 1.000000 0.000000
0.999997 0.002525 0.000000 73.964902 -0.002525 0.999997 -0.000000 2.194926 -0.000000 0.000000 1.000000 0.000000
0.999995 0.003119 0.000000 75.797188 -0.003119 0.999995 -0.000000 2.183657 -0.000000 0.000000 1.000000 0.000000
0.999998 0.001792 0.000000 77.642130 -0.001792 0.999998 -0.000000 2.177556 -0.000000 0.000000 1.000000 0.000000
0.999999 0.001225 0.000000 79.320004 -0.001225 0.999999 -0.000000 2.169549 -0.000000 0.000000 1.000000 0.000000
0.999999 0.001716 0.000000 81.045319 -0.001716 0.999999 -0.000000 2.158302 -0.000000 0.000000 1.000000 0.000000
0.999992 0.003950 0.000000 82.756417 -0.003950 0.999992 -0.000000 2.150263 -0.000000 0.000000 1.000000 0.000000
0.999981 0.006235 0.000000 84.444860 -0.006235 0.999981 -0.000000 2.135798 -0.000000 0.000000 1.000000 0.000000
0.999963 0.008602 0.000000 86.142846 -0.008602 0.999963 -0.000000 2.119337 -0.000000 0.000000 1.000000 0.000000
0.999940 0.010956 0.000000 87.841373 -0.010956 0.999940 -0.000000 2.101060 -0.000000 0.000000 1.000000 0.000000
0.999936 0.011270 0.000000 89.467713 -0.011270 0.999936 -0.000000 2.076588 -0.000000 0.000000 1.000000 0.000000
0.999957 0.009243 0.000000 91.168926 -0.009243 0.999957 -0.000000 2.058035 -0.000000 0.000000 1.000000 0.000000
0.999976 0.006865 0.000000 92.936926 -0.006865 0.999976 -0.000000 2.040278 -0.000000 0.000000 1.000000 0.000000
0.999997 0.002343 0.000000 94.650133 -0.002343 0.999997 -0.000000 2.028293 -0.000000 0.000000 1.000000 0.000000
0.999997 -0.002462 0.000000 96.395321 0.002462 0.999997 0.000000 2.030201 0.000000 0.000000 1.000000 0.000000
0.999966 -0.008291 0.000000 98.091984 0.008291 0.999966 0.000000 2.038944 0.000000 0.000000 1.000000 0.000000
0.999891 -0.014783 0.000000 99.793085 0.014783 0.999891 0.000000 2.058488 0.000000 0.000000 1.000000 0.000000
0.999777 -0.021134 0.000000 101.514738 0.021134 0.999777 0.000000 2.092045 0.000000 0.000000 1.000000 0.000000
0.999615 -0.027736 0.000000 103.227072 0.027736 0.999615 0.000000 2.131671 0.000000 0.000000 1.000000 0.000000
0.999459 -0.032896 0.000000 104.909784 0.032896 0.999459 0.000000 2.180584 0.000000 0.000000 1.000000 0.000000
0.999277 -0.038027 0.000000 106.365484 0.038027 0.999277 0.000000 2.230635 0.000000 0.000000 1.000000 0.000000
0.999103 -0.042352 0.000000 107.889132 0.042352 0.999103 0.000000 2.292472 0.000000 0.000000 1.000000 0.000000
0.998932 -0.046205 0.000000 109.517509 0.046205 0.998932 0.000000 2.363265 0.000000 0.000000 1.000000 0.000000
0.998557 -0.053704 0.000000 112.662583 0.053704 0.998557 0.000000 2.510227 0.000000 0.000000 1.000000 0.000000
0.998347 -0.057474 0.000000 114.194808 0.057474 0.998347 0.000000 2.589360 0.000000 0.000000 1.000000 0.000000
0.997906 -0.064682 0.000000 117.214855 0.064682 0.997906 0.000000 2.766798 0.000000 0.000000 1.000000 0.000000
0.997817 -0.066044 0.000000 120.247498 0.066044 0.997817 0.000000 2.960126 0.000000 0.000000 1.000000 0.000000
0.998400 -0.056540 0.000000 122.867680 0.056540 0.998400 0.000000 3.111283 0.000000 0.000000 1.000000 0.000000
0.998696 -0.051044 0.000000 124.350267 0.051044 0.998696 0.000000 3.183475 0.000000 0.000000 1.000000 0.000000
0.999292 -0.037613 0.000000 127.293841 0.037613 0.999292 0.000000 3.292063 0.000000 0.000000 1.000000 0.000000
0.999732 -0.023132 0.000000 130.119743 0.023132 0.999732 0.000000 3.361584 0.000000 0.000000 1.000000 0.000000
0.999958 -0.009211 0.000000 132.971191 0.009211 0.999958 0.000000 3.394763 0.000000 0.000000 1.000000 0.000000
0.999990 -0.004396 0.000000 135.992617 0.004396 0.999990 0.000000 3.408575 0.000000 0.000000 1.000000 0.000000
0.999992 -0.004102 0.000000 139.050506 0.004102 0.999992 0.000000 3.420674 0.000000 0.000000 1.000000 0.000000
0.999988 -0.004814 0.000000 142.130622 0.004814 0.999988 0.000000 3.435966 0.000000 0.000000 1.000000 0.000000
0.999981 -0.006171 0.000000 143.652024 0.006171 0.999981 0.000000 3.441733 0.000000 0.000000 1.000000 0.000000
0.999976 -0.006918 0.000000 145.124106 0.006918 0.999976 0.000000 3.458392 0.000000 0.000000 1.000000 0.000000
0.999947 -0.010288 0.000000 147.994518 0.010288 0.999947 0.000000 3.481082 0.000000 0.000000 1.000000 0.000000
0.999914 -0.013138 0.000000 150.477034 0.013138 0.999914 0.000000 3.506687 0.000000 0.000000 1.000000 0.000000
0.999903 -0.013898 0.000000 153.327653 0.013898 0.999903 0.000000 3.536582 0.000000 0.000000 1.000000 0.000000
0.999922 -0.012516 0.000000 156.241041 0.012516 0.999922 0.000000 3.563009 0.000000 0.000000 1.000000 0.000000
0.999913 -0.013218 0.000000 159.298801 0.013218 0.999913 0.000000 3.603607 0.000000 0.000000 1.000000 0.000000
0.999898 -0.014274 0.000000 162.368656 0.014274 0.999898 0.000000 3.629275 0.000000 0.000000 1.000000 0.000000
0.999886 -0.015086 0.000000 164.000408 0.015086 0.999886 0.000000 3.654528 0.000000 0.000000 1.000000 0.000000
0.999846 -0.017555 0.000000 165.631743 0.017555 0.999846 0.000000 3.674735 0.000000 0.000000 1.000000 0.000000
0.999790 -0.020517 0.000000 167.269708 0.020517 0.999790 0.000000 3.698424 0.000000 0.000000 1.000000 0.000000
0.999734 -0.023073 0.000000 168.912243 0.023073 0.999734 0.000000 3.727374 0.000000 0.000000 1.000000 0.000000
0.999708 -0.024173 0.000000 170.589769 0.024173 0.999708 0.000000 3.766055 0.000000 0.000000 1.000000 0.000000
0.999672 -0.025595 0.000000 172.314412 0.025595 0.999672 0.000000 3.805645 0.000000 0.000000 1.000000 0.000000
0.999634 -0.027051 0.000000 174.031436 0.027051 0.999634 0.000000 3.842360 0.000000 0.000000 1.000000 0.000000
0.999586 -0.028764 0.000000 175.788176 0.028764 0.999586 0.000000 3.887986 0.000000 0.000000 1.000000 0.000000
0.999539 -0.030365 0.000000 177.509266 0.030365 0.999539 0.000000 3.933030 0.000000 0.000000 1.000000 0.000000
0.999493 -0.031848 0.000000 179.124979 0.031848 0.999493 0.000000 3.981753 0.000000 0.000000 1.000000 0.000000
0.999429 -0.033780 0.000000 180.976847 0.033780 0.999429 0.000000 4.037306 0.000000 0.000000 1.000000 0.000000
0.999389 -0.034945 0.000000 182.841795 0.034945 0.999389 0.000000 4.098468 0.000000 0.000000 1.000000 0.000000
0.999342 -0.036258 0.000000 184.725712 0.036258 0.999342 0.000000 4.157962 0.000000 0.000000 1.000000 0.000000
0.999311 -0.037111 0.000000 186.601734 0.037111 0.999311 0.000000 4.225325 0.000000 0.000000 1.000000 0.000000
0.999263 -0.038378 0.000000 188.464699 0.038378 0.999263 0.000000 4.291390 0.000000 0.000000 1.000000 0.000000
0.999234 -0.039134 0.000000 190.288083 0.039134 0.999234 0.000000 4.355643 0.000000 0.000000 1.000000 0.000000
0.999177 -0.040555 0.000000 192.116543 0.040555 0.999177 0.000000 4.416714 0.000000 0.000000 1.000000 0.000000
0.999134 -0.041607 0.000000 193.933772 0.041607 0.999134 0.000000 4.484138 0.000000 0.000000 1.000000 0.000000
0.999082 -0.042843 0.000000 195.718166 0.042843 0.999082 0.000000 4.551539 0.000000 0.000000 1.000000 0.000000
0.999029 -0.044067 0.000000 197.474807 0.044067 0.999029 0.000000 4.620763 0.000000 0.000000 1.000000 0.000000
0.998964 -0.045501 0.000000 199.183652 0.045501 0.998964 0.000000 4.682432 0.000000 0.000000 1.000000 0.000000
0.998917 -0.046519 0.000000 200.838572 0.046519 0.998917 0.000000 4.750300 0.000000 0.000000 1.000000 0.000000
0.998859 -0.047756 0.000000 202.443616 0.047756 0.998859 0.000000 4.823410 0.000000 0.000000 1.000000 0.000000
0.998739 -0.050203 0.000000 204.022217 0.050203 0.998739 0.000000 4.894397 0.000000 0.000000 1.000000 0.000000
0.998501 -0.054741 0.000000 207.115562 0.054741 0.998501 0.000000 5.054188 0.000000 0.000000 1.000000 0.000000
0.998407 -0.056416 0.000000 208.659682 0.056416 0.998407 0.000000 5.141730 0.000000 0.000000 1.000000 0.000000
0.998437 -0.055895 0.000000 210.226747 0.055895 0.998437 0.000000 5.227363 0.000000 0.000000 1.000000 0.000000
0.998596 -0.052973 0.000000 211.800262 0.052973 0.998596 0.000000 5.311674 0.000000 0.000000 1.000000 0.000000
0.998770 -0.049582 0.000000 213.381077 0.049582 0.998770 0.000000 5.385198 0.000000 0.000000 1.000000 0.000000
0.999030 -0.044024 0.000000 214.993981 0.044024 0.999030 0.000000 5.451538 0.000000 0.000000 1.000000 0.000000
0.999261 -0.038440 0.000000 216.627220 0.038440 0.999261 0.000000 5.510344 0.000000 0.000000 1.000000 0.000000
0.999504 -0.031506 0.000000 218.302883 0.031506 0.999504 0.000000 5.559808 0.000000 0.000000 1.000000 0.000000
0.999672 -0.025591 0.000000 219.990518 0.025591 0.999672 0.000000 5.605154 0.000000 0.000000 1.000000 0.000000
0.999779 -0.021017 0.000000 221.684629 0.021017 0.999779 0.000000 5.637983 0.000000 0.000000 1.000000 0.000000
0.999771 -0.021388 0.000000 223.388612 0.021388 0.999771 0.000000 5.672811 0.000000 0.000000 1.000000 0.000000
0.999518 -0.031045 0.000000 225.136800 0.031045 0.999518 0.000000 5.722389 0.000000 0.000000 1.000000 0.000000
0.998996 -0.044798 0.000000 226.875520 0.044798 0.998996 0.000000 5.792763 0.000000 0.000000 1.000000 0.000000
0.997948 -0.064025 0.000000 228.620461 0.064025 0.997948 0.000000 5.898986 0.000000 0.000000 1.000000 0.000000
0.996660 -0.081657 0.000000 230.430599 0.081657 0.996660 0.000000 6.043651 0.000000 0.000000 1.000000 0.000000
0.995033 -0.099550 0.000000 232.238176 0.099550 0.995033 0.000000 6.220993 0.000000 0.000000 1.000000 0.000000
0.993635 -0.112647 0.000000 234.048533 0.112647 0.993635 0.000000 6.423518 0.000000 0.000000 1.000000 0.000000
0.992634 -0.121155 0.000000 235.670948 0.121155 0.992634 0.000000 6.622058 0.000000 0.000000 1.000000 0.000000
0.991930 -0.126784 0.000000 237.270081 0.126784 0.991930 0.000000 6.828895 0.000000 0.000000 1.000000 0.000000
0.991238 -0.132087 0.000000 239.124768 0.132087 0.991238 0.000000 7.073544 0.000000 0.000000 1.000000 0.000000
0.990582 -0.136918 0.000000 241.002506 0.136918 0.990582 0.000000 7.329375 0.000000 0.000000 1.000000 0.000000
0.989893 -0.141818 0.000000 242.886431 0.141818 0.989893 0.000000 7.599542 0.000000 0.000000 1.000000 0.000000
0.989368 -0.145431 0.000000 244.802429 0.145431 0.989368 0.000000 7.876716 0.000000 0.000000 1.000000 0.000000
0.988803 -0.149229 0.000000 246.741730 0.149229 0.988803 0.000000 8.164894 0.000000 0.000000 1.000000 0.000000
0.988556 -0.150854 0.000000 248.719453 0.150854 0.988556 0.000000 8.461058 0.000000 0.000000 1.000000 0.000000
0.988783 -0.149356 0.000000 250.718575 0.149356 0.988783 0.000000 8.760831 0.000000 0.000000 1.000000 0.000000
0.989061 -0.147509 0.000000 252.718851 0.147509 0.989061 0.000000 9.055743 0.000000 0.000000 1.000000 0.000000
0.989252 -0.146218 0.000000 254.720918 0.146218 0.989252 0.000000 9.347071 0.000000 0.000000 1.000000 0.000000
0.989394 -0.145254 0.000000 256.759348 0.145254 0.989394 0.000000 9.640456 0.000000 0.000000 1.000000 0.000000
0.989488 -0.144616 0.000000 258.798264 0.144616 0.989488 0.000000 9.931777 0.000000 0.000000 1.000000 0.000000
0.989391 -0.145275 0.000000 260.798752 0.145275 0.989391 0.000000 10.216457 0.000000 0.000000 1.000000 0.000000
0.989582 -0.143970 0.000000 262.822022 0.143970 0.989582 0.000000 10.503041 0.000000 0.000000 1.000000 0.000000
0.989694 -0.143198 0.000000 264.849094 0.143198 0.989694 0.000000 10.797052 0.000000 0.000000 1.000000 0.000000
0.989752 -0.142798 0.000000 266.882349 0.142798 0.989752 0.000000 11.081868 0.000000 0.000000 1.000000 0.000000
0.989921 -0.141623 0.000000 268.907760 0.141623 0.989921 0.000000 11.367539 0.000000 0.000000 1.000000 0.000000
0.990119 -0.140227 0.000000 270.849786 0.140227 0.990119 0.000000 11.635615 0.000000 0.000000 1.000000 0.000000
0.990322 -0.138789 0.000000 272.786474 0.138789 0.990322 0.000000 11.900519 0.000000 0.000000 1.000000 0.000000
0.990349 -0.138599 0.000000 274.751852 0.138599 0.990349 0.000000 12.174955 0.000000 0.000000 1.000000 0.000000
0.990261 -0.139225 0.000000 276.744490 0.139225 0.990261 0.000000 12.451216 0.000000 0.000000 1.000000 0.000000
0.990071 -0.140568 0.000000 278.736461 0.140568 0.990071 0.000000 12.726265 0.000000 0.000000 1.000000 0.000000
0.989960 -0.141349 0.000000 280.716217 0.141349 0.989960 0.000000 13.001920 0.000000 0.000000 1.000000 0.000000
0.989912 -0.141681 0.000000 282.683004 0.141681 0.989912 0.000000 13.277218 0.000000 0.000000 1.000000 0.000000
0.989963 -0.141327 0.000000 284.670779 0.141327 0.989963 0.000000 13.557801 0.000000 0.000000 1.000000 0.000000
0.990035 -0.140821 0.000000 286.602375 0.140821 0.990035 0.000000 13.828754 0.000000 0.000000 1.000000 0.000000
0.990135 -0.140113 0.000000 288.418597 0.140113 0.990135 0.000000 14.078659 0.000000 0.000000 1.000000 0.000000
0.990162 -0.139927 0.000000 290.424970 0.139927 0.990162 0.000000 14.355833 0.000000 0.000000 1.000000 0.000000
0.990286 -0.139046 0.000000 292.486871 0.139046 0.990286 0.000000 14.643504 0.000000 0.000000 1.000000 0.000000
0.990391 -0.138296 0.000000 294.558814 0.138296 0.990391 0.000000 14.927511 0.000000 0.000000 1.000000 0.000000
0.990536 -0.137254 0.000000 296.571662 0.137254 0.990536 0.000000 15.195654 0.000000 0.000000 1.000000 0.000000
0.990653 -0.136405 0.000000 298.461917 0.136405 0.990653 0.000000 15.444233 0.000000 0.000000 1.000000 0.000000
0.990887 -0.134694 0.000000 300.607652 0.134694 0.990887 0.000000 15.727718 0.000000 0.000000 1.000000 0.000000
0.991167 -0.132619 0.000000 302.767234 0.132619 0.991167 0.000000 16.006846 0.000000 0.000000 1.000000 0.000000
0.991490 -0.130183 0.000000 304.928112 0.130183 0.991490 0.000000 16.282761 0.000000 0.000000 1.000000 0.000000
0.992006 -0.126190 0.000000 307.038616 0.126190 0.992006 0.000000 16.543806 0.000000 0.000000 1.000000 0.000000
0.992445 -0.122692 0.000000 309.048462 0.122692 0.992445 0.000000 16.781303 0.000000 0.000000 1.000000 0.000000
0.992845 -0.119409 0.000000 311.042693 0.119409 0.992845 0.000000 17.009601 0.000000 0.000000 1.000000 0.000000
0.993337 -0.115247 0.000000 313.213761 0.115247 0.993337 0.000000 17.258553 0.000000 0.000000 1.000000 0.000000
0.993745 -0.111676 0.000000 315.392094 0.111676 0.993745 0.000000 17.502475 0.000000 0.000000 1.000000 0.000000
0.994115 -0.108334 0.000000 317.587847 0.108334 0.994115 0.000000 17.737570 0.000000 0.000000 1.000000 0.000000
0.994523 -0.104521 0.000000 319.778793 0.104521 0.994523 0.000000 17.967756 0.000000 0.000000 1.000000 0.000000
0.994726 -0.102570 0.000000 321.930147 0.102570 0.994726 0.000000 18.184847 0.000000 0.000000 1.000000 0.000000
0.994994 -0.099930 0.000000 324.161089 0.099930 0.994994 0.000000 18.406089 0.000000 0.000000 1.000000 0.000000
0.995059 -0.099284 0.000000 326.389489 0.099284 0.995059 0.000000 18.622218 0.000000 0.000000 1.000000 0.000000
0.995375 -0.096067 0.000000 328.602679 0.096067 0.995375 0.000000 18.834759 0.000000 0.000000 1.000000 0.000000
0.995561 -0.094120 0.000000 330.828096 0.094120 0.995561 0.000000 19.042190 0.000000 0.000000 1.000000 0.000000
0.995753 -0.092068 0.000000 333.001996 0.092068 0.995753 0.000000 19.230717 0.000000 0.000000 1.000000 0.000000
0.995905 -0.090409 0.000000 335.185408 0.090409 0.995905 0.000000 19.424955 0.000000 0.000000 1.000000 0.000000
0.996049 -0.088803 0.000000 337.361293 0.088803 0.996049 0.000000 19.616347 0.000000 0.000000 1.000000 0.000000
0.996045 -0.088847 0.000000 339.545772 0.088847 0.996045 0.000000 19.808668 0.000000 0.000000 1.000000 0.000000
0.996093 -0.088306 0.000000 341.723992 0.088306 0.996093 0.000000 19.999100 0.000000 0.000000 1.000000 0.000000
0.995953 -0.089873 0.000000 343.821788 0.089873 0.995953 0.000000 20.185849 0.000000 0.000000 1.000000 0.000000
0.995950 -0.089910 0.000000 345.921886 0.089910 0.995950 0.000000 20.368955 0.000000 0.000000 1.000000 0.000000
0.995898 -0.090485 0.000000 348.101379 0.090485 0.995898 0.000000 20.557067 0.000000 0.000000 1.000000 0.000000
0.996116 -0.088052 0.000000 350.327746 0.088052 0.996116 0.000000 20.746833 0.000000 0.000000 1.000000 0.000000
0.996526 -0.083278 0.000000 352.549050 0.083278 0.996526 0.000000 20.929907 0.000000 0.000000 1.000000 0.000000
0.997061 -0.076617 0.000000 354.762347 0.076617 0.997061 0.000000 21.096513 0.000000 0.000000 1.000000 0.000000
0.997923 -0.064412 0.000000 356.995538 0.064412 0.997923 0.000000 21.245008 0.000000 0.000000 1.000000 0.000000
0.998665 -0.051652 0.000000 359.216720 0.051652 0.998665 0.000000 21.359464 0.000000 0.000000 1.000000 0.000000
0.999387 -0.035008 0.000000 361.397739 0.035008 0.999387 0.000000 21.435819 0.000000 0.000000 1.000000 0.000000
0.999869 -0.016196 0.000000 363.490772 0.016196 0.999869 0.000000 21.469915 0.000000 0.000000 1.000000 0.000000
0.999995 0.003061 0.000000 365.714970 -0.003061 0.999995 -0.000000 21.467879 -0.000000 0.000000 1.000000 0.000000
0.999769 0.021510 0.000000 367.929649 -0.021510 0.999769 -0.000000 21.425446 -0.000000 0.000000 1.000000 0.000000
0.999305 0.037280 0.000000 370.139626 -0.037280 0.999305 -0.000000 21.346869 -0.000000 0.000000 1.000000 0.000000
0.998650 0.051941 0.000000 372.307303 -0.051941 0.998650 -0.000000 21.235963 -0.000000 0.000000 1.000000 0.000000
0.998000 0.063221 0.000000 374.326320 -0.063221 0.998000 -0.000000 21.096366 -0.000000 0.000000 1.000000 0.000000
0.997486 0.070871 0.000000 376.453580 -0.070871 0.997486 -0.000000 20.936417 -0.000000 0.000000 1.000000 0.000000
0.997265 0.073903 0.000000 378.537203 -0.073903 0.997265 -0.000000 20.772867 -0.000000 0.000000 1.000000 0.000000
0.997535 0.070167 0.000000 380.606012 -0.070167 0.997535 -0.000000 20.610149 -0.000000 0.000000 1.000000 0.000000
0.997913 0.064575 0.000000 382.689388 -0.064575 0.997913 -0.000000 20.463144 -0.000000 0.000000 1.000000 0.000000
0.998313 0.058054 0.000000 384.795908 -0.058054 0.998313 -0.000000 20.327964 -0.000000 0.000000 1.000000 0.000000
0.998706 0.050853 0.000000 386.906193 -0.050853 0.998706 -0.000000 20.216470 -0.000000 0.000000 1.000000 0.000000
0.999144 0.041373 0.000000 389.034619 -0.041373 0.999144 -0.000000 20.119573 -0.000000 0.000000 1.000000 0.000000
0.999454 0.033026 0.000000 391.177040 -0.033026 0.999454 -0.000000 20.038898 -0.000000 0.000000 1.000000 0.000000
0.999708 0.024173 0.000000 393.311141 -0.024173 0.999708 -0.000000 19.976040 -0.000000 0.000000 1.000000 0.000000
0.999863 0.016565 0.000000 395.412019 -0.016565 0.999863 -0.000000 19.934797 -0.000000 0.000000 1.000000 0.000000
0.999958 0.009169 0.000000 397.584565 -0.009169 0.999958 -0.000000 19.903963 -0.000000 0.000000 1.000000 0.000000
0.999994 0.003540 0.000000 399.762885 -0.003540 0.999994 -0.000000 19.893696 -0.000000 0.000000 1.000000 0.000000
0.999998 -0.001819 0.000000 401.909424 0.001819 0.999998 0.000000 19.887211 0.000000 0.000000 1.000000 0.000000
0.999980 -0.006264 0.000000 404.018730 0.006264 0.999980 0.000000 19.888680 0.000000 0.000000 1.000000 0.000000
0.999932 -0.011634 0.000000 406.145210 0.011634 0.999932 0.000000 19.896192 0.000000 0.000000 1.000000 0.000000
0.999885 -0.015154 0.000000 408.416011 0.015154 0.999885 0.000000 19.919595 0.000000 0.000000 1.000000 0.000000
0.999824 -0.018739 0.000000 410.585064 0.018739 0.999824 0.000000 19.949685 0.000000 0.000000 1.000000 0.000000
0.999759 -0.021948 0.000000 412.735161 0.021948 0.999759 0.000000 19.983519 0.000000 0.000000 1.000000 0.000000
0.999687 -0.025012 0.000000 414.914365 0.025012 0.999687 0.000000 20.019545 0.000000 0.000000 1.000000 0.000000
0.999596 -0.028433 0.000000 417.099908 0.028433 0.999596 0.000000 20.062675 0.000000 0.000000 1.000000 0.000000
0.999503 -0.031526 0.000000 419.477151 0.031526 0.999503 0.000000 20.116475 0.000000 0.000000 1.000000 0.000000
0.999411 -0.034303 0.000000 421.789487 0.034303 0.999411 0.000000 20.175426 0.000000 0.000000 1.000000 0.000000
0.999320 -0.036872 0.000000 424.087629 0.036872 0.999320 0.000000 20.239595 0.000000 0.000000 1.000000 0.000000
0.999194 -0.040149 0.000000 426.383308 0.040149 0.999194 0.000000 20.314448 0.000000 0.000000 1.000000 0.000000
0.999098 -0.042463 0.000000 428.672084 0.042463 0.999098 0.000000 20.399410 0.000000 0.000000 1.000000 0.000000
0.998975 -0.045269 0.000000 430.772234 0.045269 0.998975 0.000000 20.475569 0.000000 0.000000 1.000000 0.000000
0.998912 -0.046625 0.000000 432.952436 0.046625 0.998912 0.000000 20.561769 0.000000 0.000000 1.000000 0.000000
0.998854 -0.047870 0.000000 435.169217 0.047870 0.998854 0.000000 20.653088 0.000000 0.000000 1.000000 0.000000
0.998793 -0.049127 0.000000 437.336459 0.049127 0.998793 0.000000 20.744515 0.000000 0.000000 1.000000 0.000000
0.998729 -0.050410 0.000000 439.306100 0.050410 0.998729 0.000000 20.829156 0.000000 0.000000 1.000000 0.000000
0.998615 -0.052606 0.000000 441.240613 0.052606 0.998615 0.000000 20.913426 0.000000 0.000000 1.000000 0.000000
0.998478 -0.055143 0.000000 443.256895 0.055143 0.998478 0.000000 21.002217 0.000000 0.000000 1.000000 0.000000
0.998364 -0.057180 0.000000 445.248750 0.057180 0.998364 0.000000 21.099788 0.000000 0.000000 1.000000 0.000000
0.998284 -0.058552 0.000000 447.196915 0.058552 0.998284 0.000000 21.198366 0.000000 0.000000 1.000000 0.000000
0.998219 -0.059656 0.000000 449.099398 0.059656 0.998219 0.000000 21.294774 0.000000 0.000000 1.000000 0.000000
0.998265 -0.058874 0.000000 450.958744 0.058874 0.998265 0.000000 21.393687 0.000000 0.000000 1.000000 0.000000
0.998367 -0.057119 0.000000 452.752752 0.057119 0.998367 0.000000 21.479959 0.000000 0.000000 1.000000 0.000000
0.998506 -0.054638 0.000000 454.452330 0.054638 0.998506 0.000000 21.558891 0.000000 0.000000 1.000000 0.000000
0.998697 -0.051028 0.000000 456.064479 0.051028 0.998697 0.000000 21.626577 0.000000 0.000000 1.000000 0.000000
0.999547 -0.030092 0.000000 459.039213 0.030092 0.999547 0.000000 21.729200 0.000000 0.000000 1.000000 0.000000
0.999969 0.007916 0.000000 461.761848 -0.007916 0.999969 -0.000000 21.711414 -0.000000 0.000000 1.000000 0.000000
0.997719 0.067508 0.000000 464.200195 -0.067508 0.997719 -0.000000 21.559363 -0.000000 0.000000 1.000000 0.000000
0.988220 0.153043 0.000000 466.362389 -0.153043 0.988220 -0.000000 21.234608 -0.000000 0.000000 1.000000 0.000000
0.966898 0.255163 0.000000 468.329564 -0.255163 0.966898 -0.000000 20.736579 -0.000000 0.000000 1.000000 0.000000
0.925897 0.377775 0.000000 470.101139 -0.377775 0.925897 -0.000000 20.025731 -0.000000 0.000000 1.000000 0.000000
0.849642 0.527360 0.000000 471.688106 -0.527360 0.849642 -0.000000 19.063972 -0.000000 0.000000 1.000000 0.000000
0.792822 0.609453 0.000000 472.399742 -0.609453 0.792822 -0.000000 18.467762 -0.000000 0.000000 1.000000 0.000000
0.722292 0.691589 0.000000 473.039664 -0.691589 0.722292 -0.000000 17.797571 -0.000000 0.000000 1.000000 0.000000
0.635713 0.771926 0.000000 473.588918 -0.771926 0.635713 -0.000000 17.063082 -0.000000 0.000000 1.000000 0.000000
0.535712 0.844401 0.000000 474.046759 -0.844401 0.535712 -0.000000 16.251339 -0.000000 0.000000 1.000000 0.000000
0.422504 0.906361 0.000000 474.387794 -0.906361 0.422504 -0.000000 15.389571 -0.000000 0.000000 1.000000 0.000000
0.293800 0.955867 0.000000 474.613116 -0.955867 0.293800 -0.000000 14.485270 -0.000000 0.000000 1.000000 0.000000
0.157375 0.987539 0.000000 474.715720 -0.987539 0.157375 -0.000000 13.526362 -0.000000 0.000000 1.000000 0.000000
0.012276 0.999925 0.000000 474.680924 -0.999925 0.012276 -0.000000 12.546790 -0.000000 0.000000 1.000000 0.000000
-0.134468 0.990918 0.000000 474.498816 -0.990918 -0.134468 -0.000000 11.552978 -0.000000 0.000000 1.000000 0.000000
-0.277756 0.960652 0.000000 474.160255 -0.960652 -0.277756 -0.000000 10.570428 -0.000000 0.000000 1.000000 0.000000
-0.411057 0.911609 0.000000 473.673387 -0.911609 -0.411057 -0.000000 9.598587 -0.000000 0.000000 1.000000 0.000000
-0.532084 0.846692 0.000000 473.024852 -0.846692 -0.532084 0.000000 8.652199 0.000000 0.000000 1.000000 0.000000
-0.634671 0.772782 0.000000 472.247984 -0.772782 -0.634671 0.000000 7.755224 0.000000 0.000000 1.000000 0.000000
-0.714251 0.699889 0.000000 471.345174 -0.699889 -0.714251 0.000000 6.915100 0.000000 0.000000 1.000000 0.000000
-0.812154 0.583443 0.000000 469.254707 -0.583443 -0.812154 0.000000 5.359647 0.000000 0.000000 1.000000 0.000000
-0.853924 0.520398 0.000000 466.834744 -0.520398 -0.853924 0.000000 3.857552 0.000000 0.000000 1.000000 0.000000
-0.875224 0.483718 0.000000 464.178544 -0.483718 -0.875224 0.000000 2.367878 0.000000 0.000000 1.000000 0.000000
-0.885424 0.464785 0.000000 462.760715 -0.464785 -0.885424 0.000000 1.620132 0.000000 0.000000 1.000000 0.000000
-0.893742 0.448582 0.000000 461.263438 -0.448582 -0.893742 0.000000 0.881465 0.000000 0.000000 1.000000 0.000000
-0.900146 0.435588 0.000000 459.681773 -0.435588 -0.900146 0.000000 0.121879 0.000000 0.000000 1.000000 0.000000
-0.905453 0.424446 0.000000 458.046018 -0.424446 -0.905453 0.000000 -0.635659 0.000000 0.000000 1.000000 0.000000
-0.909577 0.415535 0.000000 456.334250 -0.415535 -0.909577 0.000000 -1.409420 0.000000 0.000000 1.000000 0.000000
-0.911274 0.411801 0.000000 454.536946 -0.411801 -0.911274 0.000000 -2.206679 0.000000 0.000000 1.000000 0.000000
-0.911695 0.410867 0.000000 452.714890 -0.410867 -0.911695 0.000000 -3.019137 0.000000 0.000000 1.000000 0.000000
-0.911389 0.411546 0.000000 450.854391 -0.411546 -0.911389 0.000000 -3.848887 0.000000 0.000000 1.000000 0.000000
-0.911066 0.412259 0.000000 448.999040 -0.412259 -0.911066 0.000000 -4.677234 0.000000 0.000000 1.000000 0.000000
-0.910037 0.414528 0.000000 447.112887 -0.414528 -0.910037 0.000000 -5.526115 0.000000 0.000000 1.000000 0.000000
-0.908615 0.417635 0.000000 445.168253 -0.417635 -0.908615 0.000000 -6.406669 0.000000 0.000000 1.000000 0.000000
-0.907096 0.420924 0.000000 443.220198 -0.420924 -0.907096 0.000000 -7.296938 0.000000 0.000000 1.000000 0.000000
-0.905735 0.423845 0.000000 441.257999 -0.423845 -0.905735 0.000000 -8.200449 0.000000 0.000000 1.000000 0.000000
-0.905426 0.424504 0.000000 439.371517 -0.424504 -0.905426 0.000000 -9.075053 0.000000 0.000000 1.000000 0.000000
-0.904990 0.425432 0.000000 437.508138 -0.425432 -0.904990 0.000000 -9.942906 0.000000 0.000000 1.000000 0.000000
-0.904453 0.426572 0.000000 435.604588 -0.426572 -0.904453 0.000000 -10.825999 0.000000 0.000000 1.000000 0.000000
-0.904975 0.425465 0.000000 433.662870 -0.425465 -0.904975 0.000000 -11.726967 0.000000 0.000000 1.000000 0.000000
-0.905503 0.424341 0.000000 431.712760 -0.424341 -0.905503 0.000000 -12.621934 0.000000 0.000000 1.000000 0.000000
-0.906317 0.422598 0.000000 429.810907 -0.422598 -0.906317 0.000000 -13.507756 0.000000 0.000000 1.000000 0.000000
-0.906918 0.421307 0.000000 427.928254 -0.421307 -0.906918 0.000000 -14.378817 0.000000 0.000000 1.000000 0.000000
-0.907153 0.420801 0.000000 426.066373 -0.420801 -0.907153 0.000000 -15.233538 0.000000 0.000000 1.000000 0.000000
-0.907118 0.420877 0.000000 424.215541 -0.420877 -0.907118 0.000000 -16.082500 0.000000 0.000000 1.000000 0.000000
-0.906879 0.421392 0.000000 422.354954 -0.421392 -0.906879 0.000000 -16.935827 0.000000 0.000000 1.000000 0.000000
-0.906493 0.422222 0.000000 420.510452 -0.422222 -0.906493 0.000000 -17.786759 0.000000 0.000000 1.000000 0.000000
-0.906468 0.422274 0.000000 418.681573 -0.422274 -0.906468 0.000000 -18.637185 0.000000 0.000000 1.000000 0.000000
-0.906364 0.422497 0.000000 416.871064 -0.422497 -0.906364 0.000000 -19.479957 0.000000 0.000000 1.000000 0.000000
-0.906803 0.421554 0.000000 415.107352 -0.421554 -0.906803 0.000000 -20.296379 0.000000 0.000000 1.000000 0.000000
-0.907466 0.420125 0.000000 413.355583 -0.420125 -0.907466 0.000000 -21.100990 0.000000 0.000000 1.000000 0.000000
-0.908125 0.418698 0.000000 411.673498 -0.418698 -0.908125 0.000000 -21.870420 0.000000 0.000000 1.000000 0.000000
-0.908746 0.417349 0.000000 410.033755 -0.417349 -0.908746 0.000000 -22.620949 0.000000 0.000000 1.000000 0.000000
-0.909389 0.415947 0.000000 408.392582 -0.415947 -0.909389 0.000000 -23.366816 0.000000 0.000000 1.000000 0.000000
-0.910385 0.413761 0.000000 406.819260 -0.413761 -0.910385 0.000000 -24.082054 0.000000 0.000000 1.000000 0.000000
-0.910962 0.412491 0.000000 405.365381 -0.412491 -0.910962 0.000000 -24.736587 0.000000 0.000000 1.000000 0.000000
-0.911618 0.411039 0.000000 403.925432 -0.411039 -0.911618 0.000000 -25.386173 0.000000 0.000000 1.000000 0.000000
-0.912421 0.409252 0.000000 401.217963 -0.409252 -0.912421 0.000000 -26.593247 0.000000 0.000000 1.000000 0.000000
-0.913521 0.406791 0.000000 398.831979 -0.406791 -0.913521 0.000000 -27.652298 0.000000 0.000000 1.000000 0.000000
-0.914006 0.405700 0.000000 396.696543 -0.405700 -0.914006 0.000000 -28.593289 0.000000 0.000000 1.000000 0.000000
-0.914473 0.404647 0.000000 394.762491 -0.404647 -0.914473 0.000000 -29.444564 0.000000 0.000000 1.000000 0.000000
-0.915238 0.402913 0.000000 393.029468 -0.402913 -0.915238 0.000000 -30.204229 0.000000 0.000000 1.000000 0.000000
-0.917148 0.398548 0.000000 391.488753 -0.398548 -0.917148 0.000000 -30.872303 0.000000 0.000000 1.000000 0.000000
-0.919696 0.392631 0.000000 389.525901 -0.392631 -0.919696 0.000000 -31.703482 0.000000 0.000000 1.000000 0.000000
-0.921783 0.387706 0.000000 387.872717 -0.387706 -0.921783 0.000000 -32.394524 0.000000 0.000000 1.000000 0.000000
-0.923919 0.382587 0.000000 386.117675 -0.382587 -0.923919 0.000000 -33.112870 0.000000 0.000000 1.000000 0.000000
-0.925795 0.378026 0.000000 384.632177 -0.378026 -0.925795 0.000000 -33.711260 0.000000 0.000000 1.000000 0.000000
-0.927980 0.372630 0.000000 383.045074 -0.372630 -0.927980 0.000000 -34.349689 0.000000 0.000000 1.000000 0.000000
-0.929939 0.367714 0.000000 381.073236 -0.367714 -0.929939 0.000000 -35.123021 0.000000 0.000000 1.000000 0.000000
-0.930610 0.366014 0.000000 379.626707 -0.366014 -0.930610 0.000000 -35.681593 0.000000 0.000000 1.000000 0.000000
-0.930960 0.365120 0.000000 377.901883 -0.365120 -0.930960 0.000000 -36.347137 0.000000 0.000000 1.000000 0.000000
-0.932103 0.362193 0.000000 375.900268 -0.362193 -0.932103 0.000000 -37.117890 0.000000 0.000000 1.000000 0.000000
-0.933029 0.359801 0.000000 373.633921 -0.359801 -0.933029 0.000000 -37.978799 0.000000 0.000000 1.000000 0.000000
-0.935645 0.352943 0.000000 371.175202 -0.352943 -0.935645 0.000000 -38.897164 0.000000 0.000000 1.000000 0.000000
-0.939546 0.342422 0.000000 368.508997 -0.342422 -0.939546 0.000000 -39.859523 0.000000 0.000000 1.000000 0.000000
-0.941910 0.335866 0.000000 367.070416 -0.335866 -0.941910 0.000000 -40.367214 0.000000 0.000000 1.000000 0.000000
-0.943968 0.330037 0.000000 365.562727 -0.330037 -0.943968 0.000000 -40.889134 0.000000 0.000000 1.000000 0.000000
-0.945709 0.325013 0.000000 363.992859 -0.325013 -0.945709 0.000000 -41.421822 0.000000 0.000000 1.000000 0.000000
-0.947693 0.319182 0.000000 362.385328 -0.319182 -0.947693 0.000000 -41.959657 0.000000 0.000000 1.000000 0.000000
-0.949415 0.314024 0.000000 360.719839 -0.314024 -0.949415 0.000000 -42.501503 0.000000 0.000000 1.000000 0.000000
-0.950760 0.309927 0.000000 359.007213 -0.309927 -0.950760 0.000000 -43.054271 0.000000 0.000000 1.000000 0.000000
-0.952290 0.305194 0.000000 357.246250 -0.305194 -0.952290 0.000000 -43.612564 0.000000 0.000000 1.000000 0.000000
-0.953538 0.301273 0.000000 355.458003 -0.301273 -0.953538 0.000000 -44.170198 0.000000 0.000000 1.000000 0.000000
-0.955182 0.296018 0.000000 353.602303 -0.296018 -0.955182 0.000000 -44.739393 0.000000 0.000000 1.000000 0.000000
-0.956786 0.290794 0.000000 351.687644 -0.290794 -0.956786 0.000000 -45.311946 0.000000 0.000000 1.000000 0.000000
-0.958536 0.284972 0.000000 349.734787 -0.284972 -0.958536 0.000000 -45.890965 0.000000 0.000000 1.000000 0.000000
-0.960243 0.279164 0.000000 347.729782 -0.279164 -0.960243 0.000000 -46.464668 0.000000 0.000000 1.000000 0.000000
-0.961775 0.273840 0.000000 345.649864 -0.273840 -0.961775 0.000000 -47.043938 0.000000 0.000000 1.000000 0.000000
-0.963072 0.269244 0.000000 343.551209 -0.269244 -0.963072 0.000000 -47.623877 0.000000 0.000000 1.000000 0.000000
-0.963973 0.266000 0.000000 341.387056 -0.266000 -0.963973 0.000000 -48.219301 0.000000 0.000000 1.000000 0.000000
-0.963859 0.266414 0.000000 339.240876 -0.266414 -0.963859 0.000000 -48.804972 0.000000 0.000000 1.000000 0.000000
-0.962987 0.269546 0.000000 337.085404 -0.269546 -0.962987 0.000000 -49.403046 0.000000 0.000000 1.000000 0.000000
-0.962059 0.272842 0.000000 334.910062 -0.272842 -0.962059 0.000000 -50.013604 0.000000 0.000000 1.000000 0.000000
-0.961095 0.276217 0.000000 332.733157 -0.276217 -0.961095 0.000000 -50.632861 0.000000 0.000000 1.000000 0.000000
-0.959611 0.281331 0.000000 330.519150 -0.281331 -0.959611 0.000000 -51.274543 0.000000 0.000000 1.000000 0.000000
-0.957434 0.288651 0.000000 328.316329 -0.288651 -0.957434 0.000000 -51.929256 0.000000 0.000000 1.000000 0.000000
-0.954698 0.297578 0.000000 326.082164 -0.297578 -0.954698 0.000000 -52.613854 0.000000 0.000000 1.000000 0.000000
-0.952010 0.306067 0.000000 323.779304 -0.306067 -0.952010 0.000000 -53.341692 0.000000 0.000000 1.000000 0.000000
-0.949256 0.314505 0.000000 321.527115 -0.314505 -0.949256 0.000000 -54.080934 0.000000 0.000000 1.000000 0.000000
-0.947679 0.319224 0.000000 319.254118 -0.319224 -0.947679 0.000000 -54.835076 0.000000 0.000000 1.000000 0.000000
-0.946950 0.321381 0.000000 316.953856 -0.321381 -0.946950 0.000000 -55.607183 0.000000 0.000000 1.000000 0.000000
-0.946673 0.322196 0.000000 314.634735 -0.322196 -0.946673 0.000000 -56.385829 0.000000 0.000000 1.000000 0.000000
-0.945739 0.324926 0.000000 312.307391 -0.324926 -0.945739 0.000000 -57.174433 0.000000 0.000000 1.000000 0.000000
-0.944330 0.329000 0.000000 309.995442 -0.329000 -0.944330 0.000000 -57.967944 0.000000 0.000000 1.000000 0.000000
-0.943065 0.332610 0.000000 307.757080 -0.332610 -0.943065 0.000000 -58.754922 0.000000 0.000000 1.000000 0.000000
-0.941495 0.337027 0.000000 305.495599 -0.337027 -0.941495 0.000000 -59.556838 0.000000 0.000000 1.000000 0.000000
-0.940014 0.341135 0.000000 303.224314 -0.341135 -0.940014 0.000000 -60.371485 0.000000 0.000000 1.000000 0.000000
-0.937957 0.346752 0.000000 300.920469 -0.346752 -0.937957 0.000000 -61.213426 0.000000 0.000000 1.000000 0.000000
-0.936387 0.350970 0.000000 298.637857 -0.350970 -0.936387 0.000000 -62.056892 0.000000 0.000000 1.000000 0.000000
-0.934618 0.355652 0.000000 296.322410 -0.355652 -0.934618 0.000000 -62.926416 0.000000 0.000000 1.000000 0.000000
-0.933336 0.359004 0.000000 294.004260 -0.359004 -0.933336 0.000000 -63.809252 0.000000 0.000000 1.000000 0.000000
-0.932216 0.361901 0.000000 291.701745 -0.361901 -0.932216 0.000000 -64.698415 0.000000 0.000000 1.000000 0.000000
-0.932068 0.362284 0.000000 289.438471 -0.362284 -0.932068 0.000000 -65.575947 0.000000 0.000000 1.000000 0.000000
-0.932779 0.360449 0.000000 287.148503 -0.360449 -0.932779 0.000000 -66.454400 0.000000 0.000000 1.000000 0.000000
-0.933328 0.359026 0.000000 284.866657 -0.359026 -0.933328 0.000000 -67.324720 0.000000 0.000000 1.000000 0.000000
-0.934180 0.356803 0.000000 282.536449 -0.356803 -0.934180 0.000000 -68.209859 0.000000 0.000000 1.000000 0.000000
-0.934250 0.356619 0.000000 280.200267 -0.356619 -0.934250 0.000000 -69.090533 0.000000 0.000000 1.000000 0.000000
-0.934061 0.357112 0.000000 277.851077 -0.357112 -0.934061 0.000000 -69.973051 0.000000 0.000000 1.000000 0.000000
-0.933587 0.358351 0.000000 275.489674 -0.358351 -0.933587 0.000000 -70.869734 0.000000 0.000000 1.000000 0.000000
-0.933090 0.359643 0.000000 273.165188 -0.359643 -0.933090 0.000000 -71.752950 0.000000 0.000000 1.000000 0.000000
-0.932917 0.360092 0.000000 270.829219 -0.360092 -0.932917 0.000000 -72.651779 0.000000 0.000000 1.000000 0.000000
-0.932533 0.361085 0.000000 268.472515 -0.361085 -0.932533 0.000000 -73.556076 0.000000 0.000000 1.000000 0.000000
-0.932126 0.362134 0.000000 266.115029 -0.362134 -0.932126 0.000000 -74.467134 0.000000 0.000000 1.000000 0.000000
-0.931494 0.363758 0.000000 263.729054 -0.363758 -0.931494 0.000000 -75.393532 0.000000 0.000000 1.000000 0.000000
-0.931024 0.364957 0.000000 261.358492 -0.364957 -0.931024 0.000000 -76.316832 0.000000 0.000000 1.000000 0.000000
-0.930524 0.366231 0.000000 258.956058 -0.366231 -0.930524 0.000000 -77.247874 0.000000 0.000000 1.000000 0.000000
-0.929958 0.367665 0.000000 256.523223 -0.367665 -0.929958 0.000000 -78.201857 0.000000 0.000000 1.000000 0.000000
