1.000000 0.000000 0.000000 0.000000 0.000000 1.000000 0.000000 0.000000 0.000000 0.000000 1.000000 0.000000
1.000000 -0.000118 0.000000 -0.005434 0.000118 1.000000 0.000000 -0.002591 0.000000 0.000000 1.000000 0.000000
1.000000 0.000014 0.000000 0.000480 -0.000014 1.000000 0.000000 -0.004510 0.000000 0.000000 1.000000 0.000000
1.000000 0.000076 0.000000 -0.007758 -0.000076 1.000000 0.000000 0.000719 0.000000 0.000000 1.000000 0.000000
1.000000 0.000005 0.000000 -0.004179 -0.000005 1.000000 0.000000 0.008057 0.000000 0.000000 1.000000 0.000000
1.000000 0.000070 0.000000 0.001970 -0.000070 1.000000 0.000000 0.003810 0.000000 0.000000 1.000000 0.000000
1.000000 0.000156 0.000000 -0.002448 -0.000156 1.000000 0.000000 -0.001460 0.000000 0.000000 1.000000 0.000000
1.000000 0.000102 0.000000 -0.000640 -0.000102 1.000000 0.000000 -0.004911 0.000000 0.000000 1.000000 0.000000
1.000000 -0.000119 0.000000 0.001544 0.000119 1.000000 0.000000 0.000314 0.000000 0.000000 1.000000 0.000000
1.000000 -0.000021 0.000000 -0.009261 0.000021 1.000000 0.000000 -0.000458 0.000000 0.000000 1.000000 0.000000
1.000000 -0.000033 0.000000 0.003759 0.000033 1.000000 0.000000 -0.002716 0.000000 0.000000 1.000000 0.000000
1.000000 -0.000015 0.000000 0.000980 0.000015 1.000000 0.000000 -0.003938 0.000000 0.000000 1.000000 0.000000
1.000000 -0.000101 0.000000 0.001673 0.000101 1.000000 0.000000 -0.003486 0.000000 0.000000 1.000000 0.000000
1.000000 -0.000159 0.000000 0.008333 0.000159 1.000000 0.000000 0.003063 0.000000 0.000000 1.000000 0.000000
1.000000 -0.000019 0.000000 0.001484 0.000019 1.000000 0.000000 -0.010496 0.000000 0.000000 1.000000 0.000000
1.000000 0.000037 0.000000 0.001976 -0.000037 1.000000 0.000000 -0.009204 0.000000 0.000000 1.000000 0.000000
1.000000 -0.000088 0.000000 0.000090 0.000088 1.000000 0.000000 -0.001622 0.000000 0.000000 1.000000 0.000000
1.000000 -0.000128 0.000000 0.013041 0.000128 1.000000 0.000000 -0.004158 0.000000 0.000000 1.000000 0.000000
1.000000 -0.000055 0.000000 0.002450 0.000055 1.000000 0.000000 -0.002811 0.000000 0.000000 1.000000 0.000000
1.000000 0.000066 0.000000 0.002626 -0.000066 1.000000 0.000000 -0.000141 0.000000 0.000000 1.000000 0.000000
1.000000 0.000150 0.000000 -0.004682 -0.000150 1.000000 0.000000 -0.003226 0.000000 0.000000 1.000000 0.000000
1.000000 -0.000190 0.000000 0.004689 0.000190 1.000000 0.000000 -0.002297 0.000000 0.000000 1.000000 0.000000
1.000000 0.000044 0.000000 -0.000031 -0.000044 1.000000 0.000000 0.003381 0.000000 0.000000 1.000000 0.000000
1.000000 0.000045 0.000000 0.006624 -0.000045 1.000000 0.000000 -0.002463 0.000000 0.000000 1.000000 0.000000
1.000000 0.000072 0.000000 0.004548 -0.000072 1.000000 0.000000 -0.002562 0.000000 0.000000 1.000000 0.000000
1.000000 0.000155 0.000000 0.003214 -0.000155 1.000000 0.000000 -0.006391 0.000000 0.000000 1.000000 0.000000
1.000000 -0.000032 0.000000 0.001544 0.000032 1.000000 0.000000 0.006356 0.000000 0.000000 1.000000 0.000000
1.000000 0.000022 0.000000 0.004157 -0.000022 1.000000 0.000000 0.004724 0.000000 0.000000 1.000000 0.000000
1.000000 0.000176 0.000000 -0.000197 -0.000176 1.000000 0.000000 0.003729 0.000000 0.000000 1.000000 0.000000
1.000000 0.000343 0.000000 0.000393 -0.000343 1.000000 0.000000 0.001758 0.000000 0.000000 1.000000 0.000000
1.000000 0.000335 0.000000 -0.003536 -0.000335 1.000000 0.000000 0.003556 0.000000 0.000000 1.000000 0.000000
1.000000 -0.000204 0.000000 0.007573 0.000204 1.000000 0.000000 0.000050 0.000000 0.000000 1.000000 0.000000
1.000000 -0.000234 0.000000 0.007043 0.000234 1.000000 0.000000 -0.003709 0.000000 0.000000 1.000000 0.000000
1.000000 -0.000201 0.000000 0.006231 0.000201 1.000000 0.000000 0.008691 0.000000 0.000000 1.000000 0.000000
1.000000 -0.000165 0.000000 -0.004562 0.000165 1.000000 0.000000 0.006771 0.000000 0.000000 1.000000 0.000000
1.000000 -0.000017 0.000000 0.002058 0.000017 1.000000 0.000000 0.005665 0.000000 0.000000 1.000000 0.000000
1.000000 -0.000120 0.000000 0.003715 0.000120 1.000000 0.000000 -0.002580 0.000000 0.000000 1.000000 0.000000
1.000000 -0.000220 0.000000 0.006527 0.000220 1.000000 0.000000 -0.001867 0.000000 0.000000 1.000000 0.000000
1.000000 -0.000250 0.000000 0.001500 0.000250 1.000000 0.000000 -0.000197 0.000000 0.000000 1.000000 0.000000
1.000000 -0.000032 0.000000 0.010737 0.000032 1.000000 0.000000 0.001847 0.000000 0.000000 1.000000 0.000000
1.000000 0.000271 0.000000 -0.000176 -0.000271 1.000000 0.000000 0.000072 0.000000 0.000000 1.000000 0.000000
1.000000 0.000011 0.000000 -0.004032 -0.000011 1.000000 0.000000 -0.009915 0.000000 0.000000 1.000000 0.000000
1.000000 0.000065 0.000000 0.002702 -0.000065 1.000000 0.000000 0.001076 0.000000 0.000000 1.000000 0.000000
1.000000 0.000000 0.000000 0.001068 -0.000000 1.000000 0.000000 -0.000595 0.000000 0.000000 1.000000 0.000000
1.000000 -0.000031 0.000000 -0.005889 0.000031 1.000000 0.000000 -0.000687 0.000000 0.000000 1.000000 0.000000
1.000000 0.000017 0.000000 0.007073 -0.000017 1.000000 0.000000 0.009209 0.000000 0.000000 1.000000 0.000000
1.000000 -0.000088 0.000000 0.014250 0.000088 1.000000 0.000000 0.000835 0.000000 0.000000 1.000000 0.000000
1.000000 -0.000109 0.000000 0.012526 0.000109 1.000000 0.000000 -0.005615 0.000000 0.000000 1.000000 0.000000
1.000000 -0.000244 0.000000 0.011950 0.000244 1.000000 0.000000 0.003173 0.000000 0.000000 1.000000 0.000000
1.000000 -0.000126 0.000000 0.006815 0.000126 1.000000 0.000000 0.006316 0.000000 0.000000 1.000000 0.000000
1.000000 0.000122 0.000000 0.006160 -0.000122 1.000000 0.000000 -0.000307 0.000000 0.000000 1.000000 0.000000
1.000000 -0.000141 0.000000 0.003992 0.000141 1.000000 0.000000 0.000518 0.000000 0.000000 1.000000 0.000000
1.000000 -0.000231 0.000000 0.002118 0.000231 1.000000 0.000000 0.001312 0.000000 0.000000 1.000000 0.000000
1.000000 -0.000101 0.000000 0.009428 0.000101 1.000000 0.000000 0.003840 0.000000 0.000000 1.000000 0.000000
1.000000 -0.000156 0.000000 0.005237 0.000156 1.000000 0.000000 0.004399 0.000000 0.000000 1.000000 0.000000
1.000000 -0.000002 0.000000 0.009272 0.000002 1.000000 0.000000 0.002220 0.000000 0.000000 1.000000 0.000000
1.000000 -0.000099 0.000000 0.006520 0.000099 1.000000 0.000000 -0.002876 0.000000 0.000000 1.000000 0.000000
1.000000 -0.000095 0.000000 0.007558 0.000095 1.000000 0.000000 -0.008704 0.000000 0.000000 1.000000 0.000000
1.000000 0.000035 0.000000 0.002255 -0.000035 1.000000 0.000000 -0.006383 0.000000 0.000000 1.000000 0.000000
1.000000 0.000031 0.000000 0.012057 -0.000031 1.000000 0.000000 -0.007140 0.000000 0.000000 1.000000 0.000000
1.000000 0.000058 0.000000 0.005899 -0.000058 1.000000 0.000000 0.003469 0.000000 0.000000 1.000000 0.000000
1.000000 0.000005 0.000000 0.002572 -0.000005 1.000000 0.000000 -0.004888 0.000000 0.000000 1.000000 0.000000
1.000000 -0.000068 0.000000 0.007269 0.000068 1.000000 0.000000 -0.006981 0.000000 0.000000 1.000000 0.000000
1.000000 -0.000080 0.000000 0.001124 0.000080 1.000000 0.000000 -0.001997 0.000000 0.000000 1.000000 0.000000
1.000000 -0.000063 0.000000 -0.001120 0.000063 1.000000 0.000000 0.001701 0.000000 0.000000 1.000000 0.000000
1.000000 0.000046 0.000000 0.004584 -0.000046 1.000000 0.000000 -0.004514 0.000000 0.000000 1.000000 0.000000
1.000000 -0.000049 0.000000 0.007433 0.000049 1.000000 0.000000 -0.004834 0.000000 0.000000 1.000000 0.000000
1.000000 0.000075 0.000000 0.003528 -0.000075 1.000000 0.000000 -0.002258 0.000000 0.000000 1.000000 0.000000
1.000000 0.000001 0.000000 0.008160 -0.000001 1.000000 0.000000 -0.002133 0.000000 0.000000 1.000000 0.000000
1.000000 -0.000078 0.000000 0.007497 0.000078 1.000000 0.000000 0.001236 0.000000 0.000000 1.000000 0.000000
1.000000 0.000070 0.000000 0.022742 -0.000070 1.000000 0.000000 -0.016471 0.000000 0.000000 1.000000 0.000000
1.000000 -0.000126 0.000000 0.053818 0.000126 1.000000 0.000000 -0.023901 0.000000 0.000000 1.000000 0.000000
1.000000 -0.000671 0.000000 0.116644 0.000671 1.000000 0.000000 -0.004383 0.000000 0.000000 1.000000 0.000000
0.999997 -0.002277 0.000000 0.183771 0.002277 0.999997 0.000000 0.016838 0.000000 0.000000 1.000000 0.000000
0.999986 -0.005356 0.000000 0.313758 0.005356 0.999986 0.000000 0.038889 0.000000 0.000000 1.000000 0.000000
0.999900 -0.014123 0.000000 0.515876 0.014123 0.999900 0.000000 0.020420 0.000000 0.000000 1.000000 0.000000
0.999698 -0.024557 0.000000 0.801015 0.024557 0.999698 0.000000 0.051880 0.000000 0.000000 1.000000 0.000000
0.999241 -0.038949 0.000000 1.180946 0.038949 0.999241 0.000000 0.027637 0.000000 0.000000 1.000000 0.000000
0.998519 -0.054399 0.000000 1.663550 0.054399 0.998519 0.000000 0.085962 0.000000 0.000000 1.000000 0.000000
0.997134 -0.075653 0.000000 2.211786 0.075653 0.997134 0.000000 0.101731 0.000000 0.000000 1.000000 0.000000
0.995100 -0.098870 0.000000 2.968534 0.098870 0.995100 0.000000 0.194519 0.000000 0.000000 1.000000 0.000000
0.993305 -0.115518 0.000000 3.786347 0.115518 0.993305 0.000000 0.322732 0.000000 0.000000 1.000000 0.000000
0.992789 -0.119877 0.000000 4.727780 0.119877 0.992789 0.000000 0.357518 0.000000 0.000000 1.000000 0.000000
0.993219 -0.116257 0.000000 5.877600 0.116257 0.993219 0.000000 0.517457 0.000000 0.000000 1.000000 0.000000
0.993303 -0.115534 0.000000 7.076848 0.115534 0.993303 0.000000 0.740126 0.000000 0.000000 1.000000 0.000000
0.993168 -0.116692 0.000000 8.424872 0.116692 0.993168 0.000000 0.770397 0.000000 0.000000 1.000000 0.000000
0.993688 -0.112177 0.000000 9.878733 0.112177 0.993688 0.000000 0.995047 0.000000 0.000000 1.000000 0.000000
0.994448 -0.105228 0.000000 11.467888 0.105228 0.994448 0.000000 1.219689 0.000000 0.000000 1.000000 0.000000
0.994629 -0.103500 0.000000 13.176008 0.103500 0.994629 0.000000 1.408984 0.000000 0.000000 1.000000 0.000000
0.994917 -0.100699 0.000000 14.914955 0.100699 0.994917 0.000000 1.479845 0.000000 0.000000 1.000000 0.000000
0.995365 -0.096165 0.000000 16.768117 0.096165 0.995365 0.000000 1.736691 0.000000 0.000000 1.000000 0.000000
0.995582 -0.093898 0.000000 18.723311 0.093898 0.995582 0.000000 1.852475 0.000000 0.000000 1.000000 0.000000
0.995951 -0.089897 0.000000 20.639487 0.089897 0.995951 0.000000 1.982312 0.000000 0.000000 1.000000 0.000000
0.996243 -0.086601 0.000000 22.605078 0.086601 0.996243 0.000000 2.138523 0.000000 0.000000 1.000000 0.000000
0.996586 -0.082558 0.000000 24.603455 0.082558 0.996586 0.000000 2.265433 0.000000 0.000000 1.000000 0.000000
0.996913 -0.078515 0.000000 26.634923 0.078515 0.996913 0.000000 2.402037 0.000000 0.000000 1.000000 0.000000
0.997171 -0.075168 0.000000 28.694874 0.075168 0.997171 0.000000 2.503179 0.000000 0.000000 1.000000 0.000000
0.997532 -0.070214 0.000000 30.807386 0.070214 0.997532 0.000000 2.629681 0.000000 0.000000 1.000000 0.000000
0.997795 -0.066366 0.000000 32.957434 0.066366 0.997795 0.000000 2.738396 0.000000 0.000000 1.000000 0.000000
0.997943 -0.064109 0.000000 35.129702 0.064109 0.997943 0.000000 2.859687 0.000000 0.000000 1.000000 0.000000
0.998106 -0.061524 0.000000 37.352865 0.061524 0.998106 0.000000 3.002839 0.000000 0.000000 1.000000 0.000000
0.998189 -0.060161 0.000000 39.597446 0.060161 0.998189 0.000000 3.075684 0.000000 0.000000 1.000000 0.000000
0.998305 -0.058196 0.000000 41.823849 0.058196 0.998305 0.000000 3.148033 0.000000 0.000000 1.000000 0.000000
0.998426 -0.056077 0.000000 44.106833 0.056077 0.998426 0.000000 3.315322 0.000000 0.000000 1.000000 0.000000
0.998442 -0.055797 0.000000 46.373471 0.055797 0.998442 0.000000 3.384865 0.000000 0.000000 1.000000 0.000000
0.998449 -0.055668 0.000000 48.624130 0.055668 0.998449 0.000000 3.482396 0.000000 0.000000 1.000000 0.000000
0.998421 -0.056167 0.000000 50.928842 0.056167 0.998421 0.000000 3.561345 0.000000 0.000000 1.000000 0.000000
0.998434 -0.055944 0.000000 53.217275 0.055944 0.998434 0.000000 3.665038 0.000000 0.000000 1.000000 0.000000
0.998499 -0.054770 0.000000 55.468192 0.054770 0.998499 0.000000 3.751318 0.000000 0.000000 1.000000 0.000000
0.998663 -0.051697 0.000000 57.736757 0.051697 0.998663 0.000000 3.864730 0.000000 0.000000 1.000000 0.000000
0.998793 -0.049126 0.000000 60.084080 0.049126 0.998793 0.000000 3.957353 0.000000 0.000000 1.000000 0.000000
0.998893 -0.047034 0.000000 62.376638 0.047034 0.998893 0.000000 3.993578 0.000000 0.000000 1.000000 0.000000
0.999004 -0.044616 0.000000 64.632007 0.044616 0.999004 0.000000 4.076577 0.000000 0.000000 1.000000 0.000000
0.999100 -0.042427 0.000000 66.942684 0.042427 0.999100 0.000000 4.152876 0.000000 0.000000 1.000000 0.000000
0.999266 -0.038295 0.000000 69.175744 0.038295 0.999266 0.000000 4.216419 0.000000 0.000000 1.000000 0.000000
0.999408 -0.034394 0.000000 71.411816 0.034394 0.999408 0.000000 4.224271 0.000000 0.000000 1.000000 0.000000
0.999469 -0.032572 0.000000 73.662558 0.032572 0.999469 0.000000 4.294922 0.000000 0.000000 1.000000 0.000000
0.999472 -0.032480 0.000000 75.966581 0.032480 0.999472 0.000000 4.387252 0.000000 0.000000 1.000000 0.000000
0.999469 -0.032586 0.000000 78.246759 0.032586 0.999469 0.000000 4.447722 0.000000 0.000000 1.000000 0.000000
0.999404 -0.034533 0.000000 80.503783 0.034533 0.999404 0.000000 4.454144 0.000000 0.000000 1.000000 0.000000
0.999311 -0.037103 0.000000 82.788286 0.037103 0.999311 0.000000 4.475321 0.000000 0.000000 1.000000 0.000000
0.999123 -0.041874 0.000000 85.134242 0.041874 0.999123 0.000000 4.552108 0.000000 0.000000 1.000000 0.000000
0.998903 -0.046837 0.000000 87.462869 0.046837 0.998903 0.000000 4.585029 0.000000 0.000000 1.000000 0.000000
0.998503 -0.054704 0.000000 89.852323 0.054704 0.998503 0.000000 4.745732 0.000000 0.000000 1.000000 0.000000
0.998098 -0.061647 0.000000 92.185049 0.061647 0.998098 0.000000 4.870187 0.000000 0.000000 1.000000 0.000000
0.997860 -0.065392 0.000000 94.591230 0.065392 0.997860 0.000000 4.980859 0.000000 0.000000 1.000000 0.000000
0.997776 -0.066663 0.000000 96.987060 0.066663 0.997776 0.000000 5.057589 0.000000 0.000000 1.000000 0.000000
0.997742 -0.067160 0.000000 99.369932 0.067160 0.997742 0.000000 5.180181 0.000000 0.000000 1.000000 0.000000
0.997707 -0.067685 0.000000 101.821585 0.067685 0.997707 0.000000 5.314493 0.000000 0.000000 1.000000 0.000000
0.997625 -0.068876 0.000000 104.306475 0.068876 0.997625 0.000000 5.467897 0.000000 0.000000 1.000000 0.000000
0.997557 -0.069853 0.000000 106.763671 0.069853 0.997557 0.000000 5.613742 0.000000 0.000000 1.000000 0.000000
0.997532 -0.070219 0.000000 109.243943 0.070219 0.997532 0.000000 5.756972 0.000000 0.000000 1.000000 0.000000
0.997482 -0.070914 0.000000 111.743543 0.070914 0.997482 0.000000 5.900258 0.000000 0.000000 1.000000 0.000000
0.997378 -0.072367 0.000000 114.187148 0.072367 0.997378 0.000000 6.027524 0.000000 0.000000 1.000000 0.000000
0.997406 -0.071982 0.000000 116.657673 0.071982 0.997406 0.000000 6.214918 0.000000 0.000000 1.000000 0.000000
0.997381 -0.072326 0.000000 119.148669 0.072326 0.997381 0.000000 6.323814 0.000000 0.000000 1.000000 0.000000
0.997436 -0.071564 0.000000 121.595734 0.071564 0.997436 0.000000 6.504633 0.000000 0.000000 1.000000 0.000000
0.997360 -0.072615 0.000000 124.078282 0.072615 0.997360 0.000000 6.670449 0.000000 0.000000 1.000000 0.000000
0.997341 -0.072874 0.000000 126.610483 0.072874 0.997341 0.000000 6.782866 0.000000 0.000000 1.000000 0.000000
0.997415 -0.071856 0.000000 129.123267 0.071856 0.997415 0.000000 6.982502 0.000000 0.000000 1.000000 0.000000
0.997446 -0.071421 0.000000 131.733891 0.071421 0.997446 0.000000 7.124874 0.000000 0.000000 1.000000 0.000000
0.997482 -0.070916 0.000000 134.224426 0.070916 0.997482 0.000000 7.256040 0.000000 0.000000 1.000000 0.000000
0.997460 -0.071227 0.000000 136.859614 0.071227 0.997460 0.000000 7.374859 0.000000 0.000000 1.000000 0.000000
0.997397 -0.072107 0.000000 139.401471 0.072107 0.997397 0.000000 7.536263 0.000000 0.000000 1.000000 0.000000
0.997315 -0.073229 0.000000 141.914479 0.073229 0.997315 0.000000 7.690990 0.000000 0.000000 1.000000 0.000000
0.997315 -0.073237 0.000000 144.428772 0.073237 0.997315 0.000000 7.895711 0.000000 0.000000 1.000000 0.000000
0.997250 -0.074106 0.000000 147.067144 0.074106 0.997250 0.000000 8.045673 0.000000 0.000000 1.000000 0.000000
0.997208 -0.074675 0.000000 149.575824 0.074675 0.997208 0.000000 8.235149 0.000000 0.000000 1.000000 0.000000
0.997163 -0.075266 0.000000 152.158177 0.075266 0.997163 0.000000 8.431008 0.000000 0.000000 1.000000 0.000000
0.997186 -0.074963 0.000000 154.718135 0.074963 0.997186 0.000000 8.579491 0.000000 0.000000 1.000000 0.000000
0.997150 -0.075438 0.000000 157.185778 0.075438 0.997150 0.000000 8.765622 0.000000 0.000000 1.000000 0.000000
0.997172 -0.075154 0.000000 159.618536 0.075154 0.997172 0.000000 8.904955 0.000000 0.000000 1.000000 0.000000
0.997202 -0.074760 0.000000 162.080916 0.074760 0.997202 0.000000 9.104125 0.000000 0.000000 1.000000 0.000000
0.997228 -0.074407 0.000000 164.531695 0.074407 0.997228 0.000000 9.268511 0.000000 0.000000 1.000000 0.000000
0.997266 -0.073896 0.000000 166.949312 0.073896 0.997266 0.000000 9.438848 0.000000 0.000000 1.000000 0.000000
0.997294 -0.073512 0.000000 169.360907 0.073512 0.997294 0.000000 9.560787 0.000000 0.000000 1.000000 0.000000
0.997166 -0.075237 0.000000 171.798758 0.075237 0.997166 0.000000 9.705092 0.000000 0.000000 1.000000 0.000000
0.997029 -0.077033 0.000000 174.226421 0.077033 0.997029 0.000000 9.909585 0.000000 0.000000 1.000000 0.000000
0.996809 -0.079821 0.000000 176.654469 0.079821 0.996809 0.000000 10.056196 0.000000 0.000000 1.000000 0.000000
0.996625 -0.082090 0.000000 179.025232 0.082090 0.996625 0.000000 10.207710 0.000000 0.000000 1.000000 0.000000
0.996416 -0.084583 0.000000 181.455450 0.084583 0.996416 0.000000 10.408366 0.000000 0.000000 1.000000 0.000000
0.996173 -0.087403 0.000000 183.856152 0.087403 0.996173 0.000000 10.583392 0.000000 0.000000 1.000000 0.000000
0.996083 -0.088423 0.000000 186.260392 0.088423 0.996083 0.000000 10.759371 0.000000 0.000000 1.000000 0.000000
0.995989 -0.089477 0.000000 188.701235 0.089477 0.995989 0.000000 10.972578 0.000000 0.000000 1.000000 0.000000
0.995887 -0.090604 0.000000 191.148452 0.090604 0.995887 0.000000 11.197424 0.000000 0.000000 1.000000 0.000000
0.995937 -0.090050 0.000000 193.581618 0.090050 0.995937 0.000000 11.410328 0.000000 0.000000 1.000000 0.000000
0.996071 -0.088554 0.000000 195.908582 0.088554 0.996071 0.000000 11.597791 0.000000 0.000000 1.000000 0.000000
0.996182 -0.087297 0.000000 198.258762 0.087297 0.996182 0.000000 11.783420 0.000000 0.000000 1.000000 0.000000
0.996383 -0.084971 0.000000 200.634966 0.084971 0.996383 0.000000 11.987593 0.000000 0.000000 1.000000 0.000000
0.996615 -0.082216 0.000000 202.953117 0.082216 0.996615 0.000000 12.164492 0.000000 0.000000 1.000000 0.000000
0.996911 -0.078546 0.000000 205.266283 0.078546 0.996911 0.000000 12.277272 0.000000 0.000000 1.000000 0.000000
0.997019 -0.077155 0.000000 207.548814 0.077155 0.997019 0.000000 12.415084 0.000000 0.000000 1.000000 0.000000
0.997014 -0.077217 0.000000 209.829650 0.077217 0.997014 0.000000 12.596440 0.000000 0.000000 1.000000 0.000000
0.996753 -0.080521 0.000000 212.091303 0.080521 0.996753 0.000000 12.695391 0.000000 0.000000 1.000000 0.000000
0.996208 -0.087006 0.000000 214.343649 0.087006 0.996208 0.000000 12.860582 0.000000 0.000000 1.000000 0.000000
0.995230 -0.097553 0.000000 216.572313 0.097553 0.995230 0.000000 13.000429 0.000000 0.000000 1.000000 0.000000
0.993730 -0.111810 0.000000 218.884384 0.111810 0.993730 0.000000 13.254463 0.000000 0.000000 1.000000 0.000000
0.992323 -0.123671 0.000000 221.178567 0.123671 0.992323 0.000000 13.518504 0.000000 0.000000 1.000000 0.000000
0.990739 -0.135781 0.000000 223.420294 0.135781 0.990739 0.000000 13.791526 0.000000 0.000000 1.000000 0.000000
0.989351 -0.145547 0.000000 225.588517 0.145547 0.989351 0.000000 14.038785 0.000000 0.000000 1.000000 0.000000
0.988065 -0.154039 0.000000 227.829986 0.154039 0.988065 0.000000 14.431291 0.000000 0.000000 1.000000 0.000000
0.987176 -0.159633 0.000000 230.195341 0.159633 0.987176 0.000000 14.789538 0.000000 0.000000 1.000000 0.000000
0.986627 -0.162994 0.000000 232.502901 0.162994 0.986627 0.000000 15.212698 0.000000 0.000000 1.000000 0.000000
0.985894 -0.167372 0.000000 234.701851 0.167372 0.985894 0.000000 15.501486 0.000000 0.000000 1.000000 0.000000
0.985100 -0.171980 0.000000 237.008411 0.171980 0.985100 0.000000 15.877737 0.000000 0.000000 1.000000 0.000000
0.984486 -0.175464 0.000000 239.363978 0.175464 0.984486 0.000000 16.247224 0.000000 0.000000 1.000000 0.000000
0.984007 -0.178131 0.000000 241.658229 0.178131 0.984007 0.000000 16.671525 0.000000 0.000000 1.000000 0.000000
0.983690 -0.179872 0.000000 243.966981 0.179872 0.983690 0.000000 17.040634 0.000000 0.000000 1.000000 0.000000
0.983445 -0.181209 0.000000 246.267508 0.181209 0.983445 0.000000 17.480819 0.000000 0.000000 1.000000 0.000000
0.982938 -0.183935 0.000000 248.563235 0.183935 0.982938 0.000000 17.884864 0.000000 0.000000 1.000000 0.000000
0.982657 -0.185431 0.000000 250.840912 0.185431 0.982657 0.000000 18.291501 0.000000 0.000000 1.000000 0.000000
0.982473 -0.186407 0.000000 253.111012 0.186407 0.982473 0.000000 18.675407 0.000000 0.000000 1.000000 0.000000
0.982120 -0.188258 0.000000 255.415227 0.188258 0.982120 0.000000 19.068285 0.000000 0.000000 1.000000 0.000000
0.981789 -0.189973 0.000000 257.732207 0.189973 0.981789 0.000000 19.531865 0.000000 0.000000 1.000000 0.000000
0.981288 -0.192546 0.000000 260.030603 0.192546 0.981288 0.000000 19.955764 0.000000 0.000000 1.000000 0.000000
0.980529 -0.196373 0.000000 262.312359 0.196373 0.980529 0.000000 20.396275 0.000000 0.000000 1.000000 0.000000
0.979440 -0.201738 0.000000 264.674268 0.201738 0.979440 0.000000 20.883445 0.000000 0.000000 1.000000 0.000000
0.978266 -0.207356 0.000000 266.891398 0.207356 0.978266 0.000000 21.393850 0.000000 0.000000 1.000000 0.000000
0.977709 -0.209966 0.000000 269.304573 0.209966 0.977709 0.000000 21.879862 0.000000 0.000000 1.000000 0.000000
0.976903 -0.213683 0.000000 271.711854 0.213683 0.976903 0.000000 22.358554 0.000000 0.000000 1.000000 0.000000
0.975944 -0.218022 0.000000 273.961657 0.218022 0.975944 0.000000 22.851368 0.000000 0.000000 1.000000 0.000000
0.975014 -0.222142 0.000000 276.304437 0.222142 0.975014 0.000000 23.394165 0.000000 0.000000 1.000000 0.000000
0.974439 -0.224654 0.000000 278.613205 0.224654 0.974439 0.000000 23.837278 0.000000 0.000000 1.000000 0.000000
0.973961 -0.226717 0.000000 280.895267 0.226717 0.973961 0.000000 24.407021 0.000000 0.000000 1.000000 0.000000
0.974716 -0.223446 0.000000 283.246720 0.223446 0.974716 0.000000 24.862358 0.000000 0.000000 1.000000 0.000000
0.976749 -0.214384 0.000000 285.582210 0.214384 0.976749 0.000000 25.322481 0.000000 0.000000 1.000000 0.000000
0.979489 -0.201500 0.000000 287.888720 0.201500 0.979489 0.000000 25.813113 0.000000 0.000000 1.000000 0.000000
0.981238 -0.192801 0.000000 290.242833 0.192801 0.981238 0.000000 26.195878 0.000000 0.000000 1.000000 0.000000
0.982917 -0.184052 0.000000 292.623906 0.184052 0.982917 0.000000 26.636992 0.000000 0.000000 1.000000 0.000000
0.984629 -0.174657 0.000000 295.013976 0.174657 0.984629 0.000000 27.030466 0.000000 0.000000 1.000000 0.000000
0.985772 -0.168087 0.000000 297.333095 0.168087 0.985772 0.000000 27.377948 0.000000 0.000000 1.000000 0.000000
0.986875 -0.161485 0.000000 299.678820 0.161485 0.986875 0.000000 27.741697 0.000000 0.000000 1.000000 0.000000
0.987753 -0.156029 0.000000 302.035432 0.156029 0.987753 0.000000 28.047518 0.000000 0.000000 1.000000 0.000000
0.988542 -0.150947 0.000000 304.413534 0.150947 0.988542 0.000000 28.392808 0.000000 0.000000 1.000000 0.000000
0.988900 -0.148585 0.000000 306.817622 0.148585 0.988900 0.000000 28.717720 0.000000 0.000000 1.000000 0.000000
0.989037 -0.147670 0.000000 309.254037 0.147670 0.989037 0.000000 29.082920 0.000000 0.000000 1.000000 0.000000
0.989159 -0.146849 0.000000 311.708635 0.146849 0.989159 0.000000 29.418800 0.000000 0.000000 1.000000 0.000000
0.989560 -0.144123 0.000000 314.246164 0.144123 0.989560 0.000000 29.731341 0.000000 0.000000 1.000000 0.000000
0.990065 -0.140613 0.000000 316.700093 0.140613 0.990065 0.000000 29.991103 0.000000 0.000000 1.000000 0.000000
0.990688 -0.136152 0.000000 319.228142 0.136152 0.990688 0.000000 30.293759 0.000000 0.000000 1.000000 0.000000
0.991343 -0.131301 0.000000 321.636862 0.131301 0.991343 0.000000 30.654520 0.000000 0.000000 1.000000 0.000000
0.992156 -0.125004 0.000000 324.104346 0.125004 0.992156 0.000000 30.894807 0.000000 0.000000 1.000000 0.000000
0.992919 -0.118793 0.000000 326.560766 0.118793 0.992919 0.000000 31.169279 0.000000 0.000000 1.000000 0.000000
0.993625 -0.112733 0.000000 328.935921 0.112733 0.993625 0.000000 31.432085 0.000000 0.000000 1.000000 0.000000
0.994246 -0.107117 0.000000 331.427157 0.107117 0.994246 0.000000 31.671937 0.000000 0.000000 1.000000 0.000000
0.994940 -0.100475 0.000000 333.782323 0.100475 0.994940 0.000000 31.848082 0.000000 0.000000 1.000000 0.000000
0.995583 -0.093884 0.000000 336.215376 0.093884 0.995583 0.000000 32.009841 0.000000 0.000000 1.000000 0.000000
0.996273 -0.086259 0.000000 338.647572 0.086259 0.996273 0.000000 32.179231 0.000000 0.000000 1.000000 0.000000
0.996749 -0.080573 0.000000 341.078554 0.080573 0.996749 0.000000 32.384372 0.000000 0.000000 1.000000 0.000000
0.997235 -0.074319 0.000000 343.497538 0.074319 0.997235 0.000000 32.570307 0.000000 0.000000 1.000000 0.000000
0.997592 -0.069358 0.000000 345.959132 0.069358 0.997592 0.000000 32.657892 0.000000 0.000000 1.000000 0.000000
0.998051 -0.062409 0.000000 348.363528 0.062409 0.998051 0.000000 32.779982 0.000000 0.000000 1.000000 0.000000
0.998334 -0.057697 0.000000 350.727334 0.057697 0.998334 0.000000 32.840592 0.000000 0.000000 1.000000 0.000000
0.998615 -0.052614 0.000000 353.081552 0.052614 0.998615 0.000000 32.923178 0.000000 0.000000 1.000000 0.000000
0.999009 -0.044501 0.000000 355.494420 0.044501 0.999009 0.000000 32.974581 0.000000 0.000000 1.000000 0.000000
0.999263 -0.038382 0.000000 357.898486 0.038382 0.999263 0.000000 33.015635 0.000000 0.000000 1.000000 0.000000
0.999475 -0.032401 0.000000 360.345042 0.032401 0.999475 0.000000 33.046263 0.000000 0.000000 1.000000 0.000000
0.999578 -0.029035 0.000000 362.811901 0.029035 0.999578 0.000000 33.134220 0.000000 0.000000 1.000000 0.000000
0.999657 -0.026176 0.000000 365.233020 0.026176 0.999657 0.000000 33.142773 0.000000 0.000000 1.000000 0.000000
0.999717 -0.023788 0.000000 367.670680 0.023788 0.999717 0.000000 33.114951 0.000000 0.000000 1.000000 0.000000
0.999736 -0.022983 0.000000 370.157260 0.022983 0.999736 0.000000 33.165722 0.000000 0.000000 1.000000 0.000000
0.999772 -0.021357 0.000000 372.580979 0.021357 0.999772 0.000000 33.168885 0.000000 0.000000 1.000000 0.000000
0.999764 -0.021705 0.000000 375.034077 0.021705 0.999764 0.000000 33.220847 0.000000 0.000000 1.000000 0.000000
0.999759 -0.021933 0.000000 377.497959 0.021933 0.999759 0.000000 33.267318 0.000000 0.000000 1.000000 0.000000
0.999749 -0.022421 0.000000 379.977438 0.022421 0.999749 0.000000 33.245574 0.000000 0.000000 1.000000 0.000000
0.999733 -0.023120 0.000000 382.396472 0.023120 0.999733 0.000000 33.311505 0.000000 0.000000 1.000000 0.000000
0.999674 -0.025549 0.000000 384.835470 0.025549 0.999674 0.000000 33.338734 0.000000 0.000000 1.000000 0.000000
0.999630 -0.027194 0.000000 387.280848 0.027194 0.999630 0.000000 33.374567 0.000000 0.000000 1.000000 0.000000
0.999540 -0.030342 0.000000 389.715749 0.030342 0.999540 0.000000 33.406618 0.000000 0.000000 1.000000 0.000000
0.999353 -0.035957 0.000000 392.177683 0.035957 0.999353 0.000000 33.486882 0.000000 0.000000 1.000000 0.000000
0.999135 -0.041592 0.000000 394.616266 0.041592 0.999135 0.000000 33.528899 0.000000 0.000000 1.000000 0.000000
0.998819 -0.048595 0.000000 397.086573 0.048595 0.998819 0.000000 33.544773 0.000000 0.000000 1.000000 0.000000
0.998588 -0.053119 0.000000 399.588745 0.053119 0.998588 0.000000 33.672553 0.000000 0.000000 1.000000 0.000000
0.998251 -0.059123 0.000000 402.116315 0.059123 0.998251 0.000000 33.807121 0.000000 0.000000 1.000000 0.000000
0.997923 -0.064414 0.000000 404.615448 0.064414 0.997923 0.000000 33.985552 0.000000 0.000000 1.000000 0.000000
0.997395 -0.072140 0.000000 407.115804 0.072140 0.997395 0.000000 34.113815 0.000000 0.000000 1.000000 0.000000
0.996900 -0.078681 0.000000 409.659755 0.078681 0.996900 0.000000 34.286520 0.000000 0.000000 1.000000 0.000000
0.996375 -0.085072 0.000000 412.185302 0.085072 0.996375 0.000000 34.467182 0.000000 0.000000 1.000000 0.000000
0.995850 -0.091012 0.000000 414.699003 0.091012 0.995850 0.000000 34.647985 0.000000 0.000000 1.000000 0.000000
0.995501 -0.094755 0.000000 417.270960 0.094755 0.995501 0.000000 34.858924 0.000000 0.000000 1.000000 0.000000
0.995186 -0.098004 0.000000 419.817317 0.098004 0.995186 0.000000 35.087991 0.000000 0.000000 1.000000 0.000000
0.995052 -0.099360 0.000000 422.325913 0.099360 0.995052 0.000000 35.283341 0.000000 0.000000 1.000000 0.000000
0.994928 -0.100591 0.000000 424.866987 0.100591 0.994928 0.000000 35.478719 0.000000 0.000000 1.000000 0.000000
0.994855 -0.101310 0.000000 427.455999 0.101310 0.994855 0.000000 35.724362 0.000000 0.000000 1.000000 0.000000
0.994885 -0.101017 0.000000 429.911821 0.101017 0.994885 0.000000 35.949917 0.000000 0.000000 1.000000 0.000000
0.994772 -0.102121 0.000000 432.363679 0.102121 0.994772 0.000000 36.152657 0.000000 0.000000 1.000000 0.000000
0.994898 -0.100890 0.000000 434.719910 0.100890 0.994898 0.000000 36.348822 0.000000 0.000000 1.000000 0.000000
0.994877 -0.101093 0.000000 437.074744 0.101093 0.994877 0.000000 36.553378 0.000000 0.000000 1.000000 0.000000
0.994867 -0.101195 0.000000 439.341757 0.101195 0.994867 0.000000 36.702618 0.000000 0.000000 1.000000 0.000000
0.994901 -0.100861 0.000000 441.536364 0.100861 0.994901 0.000000 36.924580 0.000000 0.000000 1.000000 0.000000
0.994948 -0.100394 0.000000 443.657074 0.100394 0.994948 0.000000 37.101149 0.000000 0.000000 1.000000 0.000000
0.995212 -0.097737 0.000000 445.710548 0.097737 0.995212 0.000000 37.273744 0.000000 0.000000 1.000000 0.000000
0.995482 -0.094953 0.000000 447.686469 0.094953 0.995482 0.000000 37.430603 0.000000 0.000000 1.000000 0.000000
0.996028 -0.089043 0.000000 449.559340 0.089043 0.996028 0.000000 37.547790 0.000000 0.000000 1.000000 0.000000
0.996766 -0.080361 0.000000 451.334650 0.080361 0.996766 0.000000 37.681368 0.000000 0.000000 1.000000 0.000000
0.997512 -0.070499 0.000000 453.044178 0.070499 0.997512 0.000000 37.759837 0.000000 0.000000 1.000000 0.000000
0.998626 -0.052406 0.000000 454.606336 0.052406 0.998626 0.000000 37.844186 0.000000 0.000000 1.000000 0.000000
0.999696 -0.024647 0.000000 456.169526 0.024647 0.999696 0.000000 37.840379 0.000000 0.000000 1.000000 0.000000
0.999854 0.017077 0.000000 457.633721 -0.017077 0.999854 0.000000 37.815224 0.000000 0.000000 1.000000 0.000000
0.997840 0.065687 0.000000 458.989778 -0.065687 0.997840 0.000000 37.640799 0.000000 0.000000 1.000000 0.000000
0.992901 0.118942 0.000000 460.270866 -0.118942 0.992901 0.000000 37.450207 0.000000 0.000000 1.000000 0.000000
0.983468 0.181083 0.000000 461.441628 -0.181083 0.983468 0.000000 37.241320 0.000000 0.000000 1.000000 0.000000
0.967819 0.251648 0.000000 462.622004 -0.251648 0.967819 0.000000 36.889291 0.000000 0.000000 1.000000 0.000000
0.943189 0.332257 0.000000 463.706388 -0.332257 0.943189 0.000000 36.503898 0.000000 0.000000 1.000000 0.000000
0.907878 0.419235 0.000000 464.668605 -0.419235 0.907878 0.000000 35.951354 0.000000 0.000000 1.000000 0.000000
0.860909 0.508759 0.000000 465.549340 -0.508759 0.860909 0.000000 35.299742 0.000000 0.000000 1.000000 0.000000
0.799608 0.600523 0.000000 466.289240 -0.600523 0.799608 0.000000 34.673673 0.000000 0.000000 1.000000 0.000000
0.721756 0.692147 0.000000 466.973657 -0.692147 0.721756 0.000000 33.882043 0.000000 0.000000 1.000000 0.000000
0.630556 0.776143 0.000000 467.536974 -0.776143 0.630556 0.000000 33.094681 0.000000 0.000000 1.000000 0.000000
0.523797 0.851843 0.000000 467.954467 -0.851843 0.523797 0.000000 32.224083 0.000000 0.000000 1.000000 0.000000
0.406675 0.913573 0.000000 468.224516 -0.913573 0.406675 0.000000 31.306529 0.000000 0.000000 1.000000 0.000000
0.276854 0.960912 0.000000 468.385267 -0.960912 0.276854 0.000000 30.382959 0.000000 0.000000 1.000000 0.000000
0.135891 0.990724 0.000000 468.469942 -0.990724 0.135891 0.000000 29.460363 0.000000 0.000000 1.000000 0.000000
-0.010523 0.999945 0.000000 468.339689 -0.999945 -0.010523 0.000000 28.447995 0.000000 0.000000 1.000000 0.000000
-0.158521 0.987356 0.000000 468.125406 -0.987356 -0.158521 0.000000 27.484389 0.000000 0.000000 1.000000 0.000000
-0.302888 0.953026 0.000000 467.714976 -0.953026 -0.302888 0.000000 26.424378 0.000000 0.000000 1.000000 0.000000
-0.436964 0.899479 0.000000 467.167637 -0.899479 -0.436964 0.000000 25.474677 0.000000 0.000000 1.000000 0.000000
-0.551439 0.834216 0.000000 466.463827 -0.834216 -0.551439 0.000000 24.531888 0.000000 0.000000 1.000000 0.000000
-0.653012 0.757348 0.000000 465.612617 -0.757348 -0.653012 0.000000 23.780261 0.000000 0.000000 1.000000 0.000000
-0.740422 0.672142 0.000000 464.637754 -0.672142 -0.740422 0.000000 22.921438 0.000000 0.000000 1.000000 0.000000
-0.800348 0.599536 0.000000 463.622954 -0.599536 -0.800348 0.000000 22.061156 0.000000 0.000000 1.000000 0.000000
-0.836553 0.547886 0.000000 462.336601 -0.547886 -0.836553 0.000000 21.321470 0.000000 0.000000 1.000000 0.000000
-0.856690 0.515831 0.000000 461.101189 -0.515831 -0.856690 0.000000 20.682731 0.000000 0.000000 1.000000 0.000000
-0.862429 0.506177 0.000000 459.731708 -0.506177 -0.862429 0.000000 20.017296 0.000000 0.000000 1.000000 0.000000
-0.866231 0.499644 0.000000 458.332670 -0.499644 -0.866231 0.000000 19.364029 0.000000 0.000000 1.000000 0.000000
-0.866526 0.499132 0.000000 456.864736 -0.499132 -0.866526 0.000000 18.556064 0.000000 0.000000 1.000000 0.000000
-0.867621 0.497227 0.000000 455.314767 -0.497227 -0.867621 0.000000 17.771200 0.000000 0.000000 1.000000 0.000000
-0.868467 0.495748 0.000000 453.722427 -0.495748 -0.868467 0.000000 16.926972 0.000000 0.000000 1.000000 0.000000
-0.869100 0.494637 0.000000 452.017967 -0.494637 -0.869100 0.000000 16.031930 0.000000 0.000000 1.000000 0.000000
-0.869195 0.494470 0.000000 450.341000 -0.494470 -0.869195 0.000000 15.084874 0.000000 0.000000 1.000000 0.000000
-0.869929 0.493177 0.000000 448.566445 -0.493177 -0.869929 0.000000 14.084918 0.000000 0.000000 1.000000 0.000000
-0.870693 0.491827 0.000000 446.683036 -0.491827 -0.870693 0.000000 13.074349 0.000000 0.000000 1.000000 0.000000
-0.871196 0.490936 0.000000 444.766205 -0.490936 -0.871196 0.000000 12.049005 0.000000 0.000000 1.000000 0.000000
-0.871426 0.490528 0.000000 442.835025 -0.490528 -0.871426 0.000000 10.960002 0.000000 0.000000 1.000000 0.000000
-0.872239 0.489079 0.000000 440.816539 -0.489079 -0.872239 0.000000 9.861551 0.000000 0.000000 1.000000 0.000000
-0.873113 0.487518 0.000000 438.769961 -0.487518 -0.873113 0.000000 8.778371 0.000000 0.000000 1.000000 0.000000
-0.874424 0.485162 0.000000 436.655824 -0.485162 -0.874424 0.000000 7.639653 0.000000 0.000000 1.000000 0.000000
-0.875630 0.482983 0.000000 434.548150 -0.482983 -0.875630 0.000000 6.533374 0.000000 0.000000 1.000000 0.000000
-0.878480 0.477779 0.000000 432.379555 -0.477779 -0.878480 0.000000 5.356167 0.000000 0.000000 1.000000 0.000000
-0.880179 0.474642 0.000000 430.186490 -0.474642 -0.880179 0.000000 4.190835 0.000000 0.000000 1.000000 0.000000
-0.881925 0.471391 0.000000 427.952798 -0.471391 -0.881925 0.000000 3.008410 0.000000 0.000000 1.000000 0.000000
-0.884190 0.467127 0.000000 425.685840 -0.467127 -0.884190 0.000000 1.846012 0.000000 0.000000 1.000000 0.000000
-0.885601 0.464447 0.000000 423.406740 -0.464447 -0.885601 0.000000 0.652890 0.000000 0.000000 1.000000 0.000000
-0.886287 0.463136 0.000000 421.128530 -0.463136 -0.886287 0.000000 -0.498098 0.000000 0.000000 1.000000 0.000000
-0.886686 0.462372 0.000000 418.821949 -0.462372 -0.886686 0.000000 -1.665609 0.000000 0.000000 1.000000 0.000000
-0.887416 0.460969 0.000000 416.534955 -0.460969 -0.887416 0.000000 -2.831401 0.000000 0.000000 1.000000 0.000000
-0.888265 0.459331 0.000000 414.262847 -0.459331 -0.888265 0.000000 -3.984898 0.000000 0.000000 1.000000 0.000000
-0.888905 0.458092 0.000000 411.986057 -0.458092 -0.888905 0.000000 -5.129223 0.000000 0.000000 1.000000 0.000000
-0.889430 0.457072 0.000000 409.659807 -0.457072 -0.889430 0.000000 -6.251469 0.000000 0.000000 1.000000 0.000000
-0.890245 0.455482 0.000000 407.374577 -0.455482 -0.890245 0.000000 -7.435574 0.000000 0.000000 1.000000 0.000000
-0.891043 0.453919 0.000000 405.047652 -0.453919 -0.891043 0.000000 -8.603691 0.000000 0.000000 1.000000 0.000000
-0.891465 0.453089 0.000000 402.673052 -0.453089 -0.891465 0.000000 -9.772225 0.000000 0.000000 1.000000 0.000000
-0.891415 0.453187 0.000000 400.377720 -0.453187 -0.891415 0.000000 -10.926633 0.000000 0.000000 1.000000 0.000000
-0.891509 0.453002 0.000000 398.047751 -0.453002 -0.891509 0.000000 -12.095976 0.000000 0.000000 1.000000 0.000000
-0.891908 0.452217 0.000000 395.733462 -0.452217 -0.891908 0.000000 -13.211882 0.000000 0.000000 1.000000 0.000000
-0.892230 0.451581 0.000000 393.421937 -0.451581 -0.892230 0.000000 -14.357389 0.000000 0.000000 1.000000 0.000000
-0.892695 0.450662 0.000000 391.120712 -0.450662 -0.892695 0.000000 -15.518772 0.000000 0.000000 1.000000 0.000000
-0.893423 0.449216 0.000000 388.811411 -0.449216 -0.893423 0.000000 -16.670463 0.000000 0.000000 1.000000 0.000000
-0.893923 0.448221 0.000000 386.485138 -0.448221 -0.893923 0.000000 -17.826287 0.000000 0.000000 1.000000 0.000000
-0.894368 0.447332 0.000000 384.162152 -0.447332 -0.894368 0.000000 -18.942701 0.000000 0.000000 1.000000 0.000000
-0.895686 0.444688 0.000000 381.858505 -0.444688 -0.895686 0.000000 -20.044367 0.000000 0.000000 1.000000 0.000000
-0.896813 0.442410 0.000000 379.526027 -0.442410 -0.896813 0.000000 -21.114045 0.000000 0.000000 1.000000 0.000000
-0.899324 0.437283 0.000000 377.252826 -0.437283 -0.899324 0.000000 -22.189140 0.000000 0.000000 1.000000 0.000000
-0.902333 0.431040 0.000000 374.964363 -0.431040 -0.902333 0.000000 -23.251318 0.000000 0.000000 1.000000 0.000000
-0.906307 0.422621 0.000000 372.719783 -0.422621 -0.906307 0.000000 -24.279135 0.000000 0.000000 1.000000 0.000000
-0.909403 0.415916 0.000000 370.425774 -0.415916 -0.909403 0.000000 -25.262331 0.000000 0.000000 1.000000 0.000000
-0.912974 0.408018 0.000000 368.132274 -0.408018 -0.912974 0.000000 -26.306129 0.000000 0.000000 1.000000 0.000000
-0.916517 0.399997 0.000000 365.821164 -0.399997 -0.916517 0.000000 -27.276414 0.000000 0.000000 1.000000 0.000000
-0.919710 0.392599 0.000000 363.486622 -0.392599 -0.919710 0.000000 -28.223217 0.000000 0.000000 1.000000 0.000000
-0.922695 0.385530 0.000000 361.168266 -0.385530 -0.922695 0.000000 -29.127638 0.000000 0.000000 1.000000 0.000000
-0.926293 0.376804 0.000000 358.840795 -0.376804 -0.926293 0.000000 -30.069578 0.000000 0.000000 1.000000 0.000000
-0.930101 0.367305 0.000000 356.507639 -0.367305 -0.930101 0.000000 -30.969353 0.000000 0.000000 1.000000 0.000000
-0.933502 0.358571 0.000000 354.153296 -0.358571 -0.933502 0.000000 -31.841740 0.000000 0.000000 1.000000 0.000000
-0.936465 0.350762 0.000000 351.798521 -0.350762 -0.936465 0.000000 -32.659933 0.000000 0.000000 1.000000 0.000000
-0.938851 0.344324 0.000000 349.437101 -0.344324 -0.938851 0.000000 -33.534319 0.000000 0.000000 1.000000 0.000000
-0.939371 0.342902 0.000000 347.059832 -0.342902 -0.939371 0.000000 -34.292504 0.000000 0.000000 1.000000 0.000000
-0.939835 0.341628 0.000000 344.725171 -0.341628 -0.939835 0.000000 -35.083006 0.000000 0.000000 1.000000 0.000000
-0.939116 0.343601 0.000000 342.394759 -0.343601 -0.939116 0.000000 -35.916416 0.000000 0.000000 1.000000 0.000000
