0.999954 0.009565 0.000000 1.606646 -0.009565 0.999954 -0.000000 -0.002266 -0.000000 0.000000 1.000000 0.000000
0.999802 0.019901 0.000000 3.601070 -0.019901 0.999802 -0.000000 -0.027940 -0.000000 0.000000 1.000000 0.000000
0.999610 0.027940 0.000000 5.790662 -0.027940 0.999610 -0.000000 -0.080290 -0.000000 0.000000 1.000000 0.000000
0.999512 0.031240 0.000000 8.172581 -0.031240 0.999512 -0.000000 -0.153664 -0.000000 0.000000 1.000000 0.000000
0.999570 0.029316 0.000000 10.753836 -0.029316 0.999570 -0.000000 -0.230290 -0.000000 0.000000 1.000000 0.000000
0.999627 0.027319 0.000000 13.509489 -0.027319 0.999627 -0.000000 -0.309031 -0.000000 0.000000 1.000000 0.000000
0.999653 0.026353 0.000000 16.477839 -0.026353 0.999653 -0.000000 -0.387517 -0.000000 0.000000 1.000000 0.000000
0.999628 0.027290 0.000000 19.557139 -0.027290 0.999628 -0.000000 -0.474538 -0.000000 0.000000 1.000000 0.000000
0.999731 0.023200 0.000000 21.185459 -0.023200 0.999731 -0.000000 -0.514743 -0.000000 0.000000 1.000000 0.000000
0.999787 0.020633 0.000000 22.892987 -0.020633 0.999787 -0.000000 -0.550851 -0.000000 0.000000 1.000000 0.000000
0.999852 0.017189 0.000000 24.673549 -0.017189 0.999852 -0.000000 -0.584936 -0.000000 0.000000 1.000000 0.000000
0.999888 0.014986 0.000000 26.509509 -0.014986 0.999888 -0.000000 -0.614568 -0.000000 0.000000 1.000000 0.000000
0.999870 0.016145 0.000000 28.400911 -0.016145 0.999870 -0.000000 -0.640353 -0.000000 0.000000 1.000000 0.000000
0.999854 0.017059 0.000000 30.335120 -0.017059 0.999854 -0.000000 -0.668472 -0.000000 0.000000 1.000000 0.000000
0.999871 0.016085 0.000000 32.336454 -0.016085 0.999871 -0.000000 -0.699568 -0.000000 0.000000 1.000000 0.000000
0.999926 0.012127 0.000000 34.384482 -0.012127 0.999926 -0.000000 -0.726422 -0.000000 0.000000 1.000000 0.000000
0.999966 0.008290 0.000000 36.478733 -0.008290 0.999966 -0.000000 -0.747652 -0.000000 0.000000 1.000000 0.000000
0.999989 0.004742 0.000000 38.624177 -0.004742 0.999989 -0.000000 -0.761624 -0.000000 0.000000 1.000000 0.000000
0.999999 0.001456 0.000000 40.809648 -0.001456 0.999999 -0.000000 -0.768516 -0.000000 0.000000 1.000000 0.000000
0.999997 -0.002308 0.000000 43.029306 0.002308 0.999997 0.000000 -0.767754 0.000000 0.000000 1.000000 0.000000
0.999977 -0.006760 0.000000 45.246006 0.006760 0.999977 0.000000 -0.757706 0.000000 0.000000 1.000000 0.000000
0.999934 -0.011507 0.000000 47.467404 0.011507 0.999934 0.000000 -0.737327 0.000000 0.000000 1.000000 0.000000
0.999864 -0.016491 0.000000 49.656097 0.016491 0.999864 0.000000 -0.706672 0.000000 0.000000 1.000000 0.000000
0.999763 -0.021764 0.000000 51.797127 0.021764 0.999763 0.000000 -0.665816 0.000000 0.000000 1.000000 0.000000
0.999655 -0.026252 0.000000 53.944233 0.026252 0.999655 0.000000 -0.613316 0.000000 0.000000 1.000000 0.000000
0.999540 -0.030332 0.000000 56.081132 0.030332 0.999540 0.000000 -0.551422 0.000000 0.000000 1.000000 0.000000
0.999466 -0.032691 0.000000 58.209543 0.032691 0.999466 0.000000 -0.483000 0.000000 0.000000 1.000000 0.000000
0.999391 -0.034885 0.000000 60.328771 0.034885 0.999391 0.000000 -0.409857 0.000000 0.000000 1.000000 0.000000
0.999318 -0.036928 0.000000 62.439620 0.036928 0.999318 0.000000 -0.335127 0.000000 0.000000 1.000000 0.000000
0.999239 -0.038994 0.000000 64.538762 0.038994 0.999239 0.000000 -0.256575 0.000000 0.000000 1.000000 0.000000
0.999099 -0.042440 0.000000 66.622510 0.042440 0.999099 0.000000 -0.172831 0.000000 0.000000 1.000000 0.000000
0.998978 -0.045200 0.000000 68.710989 0.045200 0.998978 0.000000 -0.081785 0.000000 0.000000 1.000000 0.000000
0.998788 -0.049214 0.000000 70.738547 0.049214 0.998788 0.000000 0.012104 0.000000 0.000000 1.000000 0.000000
0.998497 -0.054798 0.000000 72.784505 0.054798 0.998497 0.000000 0.119185 0.000000 0.000000 1.000000 0.000000
0.998309 -0.058128 0.000000 74.870962 0.058128 0.998309 0.000000 0.237972 0.000000 0.000000 1.000000 0.000000
0.998051 -0.062404 0.000000 76.962735 0.062404 0.998051 0.000000 0.364192 0.000000 0.000000 1.000000 0.000000
0.997783 -0.066558 0.000000 79.064993 0.066558 0.997783 0.000000 0.500483 0.000000 0.000000 1.000000 0.000000
0.997522 -0.070349 0.000000 81.172687 0.070349 0.997522 0.000000 0.646033 0.000000 0.000000 1.000000 0.000000
0.997288 -0.073594 0.000000 83.310945 0.073594 0.997288 0.000000 0.801146 0.000000 0.000000 1.000000 0.000000
0.997084 -0.076312 0.000000 85.463741 0.076312 0.997084 0.000000 0.963727 0.000000 0.000000 1.000000 0.000000
0.997097 -0.076145 0.000000 87.629877 0.076145 0.997097 0.000000 1.128758 0.000000 0.000000 1.000000 0.000000
0.996969 -0.077801 0.000000 89.826496 0.077801 0.996969 0.000000 1.296271 0.000000 0.000000 1.000000 0.000000
0.996683 -0.081387 0.000000 92.026635 0.081387 0.996683 0.000000 1.470485 0.000000 0.000000 1.000000 0.000000
0.996400 -0.084775 0.000000 94.244131 0.084775 0.996400 0.000000 1.654245 0.000000 0.000000 1.000000 0.000000
0.996123 -0.087970 0.000000 96.463643 0.087970 0.996123 0.000000 1.846359 0.000000 0.000000 1.000000 0.000000
0.995873 -0.090754 0.000000 98.697509 0.090754 0.995873 0.000000 2.046267 0.000000 0.000000 1.000000 0.000000
0.995610 -0.093600 0.000000 100.970392 0.093600 0.995610 0.000000 2.256577 0.000000 0.000000 1.000000 0.000000
0.995527 -0.094477 0.000000 103.261488 0.094477 0.995527 0.000000 2.473728 0.000000 0.000000 1.000000 0.000000
0.995689 -0.092759 0.000000 105.506531 0.092759 0.995689 0.000000 2.683137 0.000000 0.000000 1.000000 0.000000
0.995848 -0.091035 0.000000 107.808312 0.091035 0.995848 0.000000 2.893095 0.000000 0.000000 1.000000 0.000000
0.996015 -0.089191 0.000000 110.104850 0.089191 0.996015 0.000000 3.098995 0.000000 0.000000 1.000000 0.000000
0.996186 -0.087255 0.000000 112.426822 0.087255 0.996186 0.000000 3.303326 0.000000 0.000000 1.000000 0.000000
0.996375 -0.085069 0.000000 114.702329 0.085069 0.996375 0.000000 3.501528 0.000000 0.000000 1.000000 0.000000
0.996429 -0.084429 0.000000 116.964351 0.084429 0.996429 0.000000 3.694750 0.000000 0.000000 1.000000 0.000000
0.996470 -0.083946 0.000000 119.203605 0.083946 0.996470 0.000000 3.884651 0.000000 0.000000 1.000000 0.000000
0.996534 -0.083190 0.000000 121.409473 0.083190 0.996534 0.000000 4.069539 0.000000 0.000000 1.000000 0.000000
0.996565 -0.082815 0.000000 123.602727 0.082815 0.996565 0.000000 4.253013 0.000000 0.000000 1.000000 0.000000
0.996582 -0.082606 0.000000 125.783602 0.082606 0.996582 0.000000 4.434773 0.000000 0.000000 1.000000 0.000000
0.996529 -0.083242 0.000000 127.920200 0.083242 0.996529 0.000000 4.611814 0.000000 0.000000 1.000000 0.000000
0.996251 -0.086510 0.000000 130.048702 0.086510 0.996251 0.000000 4.792623 0.000000 0.000000 1.000000 0.000000
0.996050 -0.088798 0.000000 132.191234 0.088798 0.996050 0.000000 4.982187 0.000000 0.000000 1.000000 0.000000
0.995736 -0.092252 0.000000 134.396931 0.092252 0.995736 0.000000 5.182351 0.000000 0.000000 1.000000 0.000000
0.995514 -0.094614 0.000000 136.612848 0.094614 0.995514 0.000000 5.390396 0.000000 0.000000 1.000000 0.000000
0.995229 -0.097564 0.000000 138.826812 0.097564 0.995229 0.000000 5.603645 0.000000 0.000000 1.000000 0.000000
0.994893 -0.100932 0.000000 141.060801 0.100932 0.994893 0.000000 5.826613 0.000000 0.000000 1.000000 0.000000
0.994526 -0.104485 0.000000 143.300499 0.104485 0.994526 0.000000 6.057777 0.000000 0.000000 1.000000 0.000000
0.994036 -0.109048 0.000000 145.537863 0.109048 0.994036 0.000000 6.298050 0.000000 0.000000 1.000000 0.000000
0.993527 -0.113594 0.000000 147.797575 0.113594 0.993527 0.000000 6.550910 0.000000 0.000000 1.000000 0.000000
0.993001 -0.118110 0.000000 150.061974 0.118110 0.993001 0.000000 6.814990 0.000000 0.000000 1.000000 0.000000
0.992527 -0.122022 0.000000 152.332776 0.122022 0.992527 0.000000 7.089977 0.000000 0.000000 1.000000 0.000000
0.992208 -0.124595 0.000000 154.622448 0.124595 0.992208 0.000000 7.374333 0.000000 0.000000 1.000000 0.000000
0.991916 -0.126892 0.000000 156.932393 0.126892 0.991916 0.000000 7.666808 0.000000 0.000000 1.000000 0.000000
0.991534 -0.129848 0.000000 159.214591 0.129848 0.991534 0.000000 7.961447 0.000000 0.000000 1.000000 0.000000
0.990841 -0.135032 0.000000 161.524423 0.135032 0.990841 0.000000 8.270133 0.000000 0.000000 1.000000 0.000000
0.990204 -0.139628 0.000000 163.845723 0.139628 0.990204 0.000000 8.591620 0.000000 0.000000 1.000000 0.000000
0.989743 -0.142860 0.000000 166.163683 0.142860 0.989743 0.000000 8.921696 0.000000 0.000000 1.000000 0.000000
0.988752 -0.149564 0.000000 168.481030 0.149564 0.988752 0.000000 9.264183 0.000000 0.000000 1.000000 0.000000
0.988298 -0.152533 0.000000 170.819638 0.152533 0.988298 0.000000 9.622294 0.000000 0.000000 1.000000 0.000000
0.987621 -0.156862 0.000000 173.167849 0.156862 0.987621 0.000000 9.989472 0.000000 0.000000 1.000000 0.000000
0.987044 -0.160450 0.000000 175.531362 0.160450 0.987044 0.000000 10.369311 0.000000 0.000000 1.000000 0.000000
0.986414 -0.164278 0.000000 177.895310 0.164278 0.986414 0.000000 10.758752 0.000000 0.000000 1.000000 0.000000
0.985804 -0.167898 0.000000 180.296081 0.167898 0.985804 0.000000 11.163208 0.000000 0.000000 1.000000 0.000000
0.985053 -0.172250 0.000000 182.702404 0.172250 0.985053 0.000000 11.578519 0.000000 0.000000 1.000000 0.000000
0.984026 -0.178025 0.000000 185.077230 0.178025 0.984026 0.000000 12.000685 0.000000 0.000000 1.000000 0.000000
0.982927 -0.183997 0.000000 187.414543 0.183997 0.982927 0.000000 12.430563 0.000000 0.000000 1.000000 0.000000
0.981839 -0.189715 0.000000 189.721629 0.189715 0.981839 0.000000 12.870295 0.000000 0.000000 1.000000 0.000000
0.980842 -0.194805 0.000000 192.014823 0.194805 0.980842 0.000000 13.319412 0.000000 0.000000 1.000000 0.000000
0.979767 -0.200143 0.000000 194.269385 0.200143 0.979767 0.000000 13.773692 0.000000 0.000000 1.000000 0.000000
0.978718 -0.205208 0.000000 196.489393 0.205208 0.978718 0.000000 14.232974 0.000000 0.000000 1.000000 0.000000
0.977716 -0.209933 0.000000 198.691939 0.209933 0.977716 0.000000 14.701011 0.000000 0.000000 1.000000 0.000000
0.976811 -0.214105 0.000000 200.857729 0.214105 0.976811 0.000000 15.170811 0.000000 0.000000 1.000000 0.000000
0.975135 -0.221613 0.000000 203.019744 0.221613 0.975135 0.000000 15.653386 0.000000 0.000000 1.000000 0.000000
0.974049 -0.226339 0.000000 205.187405 0.226339 0.974049 0.000000 16.153458 0.000000 0.000000 1.000000 0.000000
0.973185 -0.230024 0.000000 207.393101 0.230024 0.973185 0.000000 16.670489 0.000000 0.000000 1.000000 0.000000
0.972473 -0.233015 0.000000 209.616858 0.233015 0.972473 0.000000 17.200308 0.000000 0.000000 1.000000 0.000000
0.971702 -0.236209 0.000000 211.820530 0.236209 0.971702 0.000000 17.732614 0.000000 0.000000 1.000000 0.000000
0.971224 -0.238168 0.000000 214.060900 0.238168 0.971224 0.000000 18.279748 0.000000 0.000000 1.000000 0.000000
0.970578 -0.240788 0.000000 216.303252 0.240788 0.970578 0.000000 18.833774 0.000000 0.000000 1.000000 0.000000
0.969973 -0.243212 0.000000 218.558165 0.243212 0.969973 0.000000 19.396825 0.000000 0.000000 1.000000 0.000000
0.969311 -0.245837 0.000000 220.812711 0.245837 0.969311 0.000000 19.965850 0.000000 0.000000 1.000000 0.000000
0.968377 -0.249493 0.000000 223.076041 0.249493 0.968377 0.000000 20.544798 0.000000 0.000000 1.000000 0.000000
0.967388 -0.253298 0.000000 225.340975 0.253298 0.967388 0.000000 21.134244 0.000000 0.000000 1.000000 0.000000
0.966305 -0.257401 0.000000 227.619088 0.257401 0.966305 0.000000 21.736077 0.000000 0.000000 1.000000 0.000000
0.965001 -0.262245 0.000000 229.901019 0.262245 0.965001 0.000000 22.350368 0.000000 0.000000 1.000000 0.000000
0.963966 -0.266025 0.000000 232.139966 0.266025 0.963966 0.000000 22.962355 0.000000 0.000000 1.000000 0.000000
0.962097 -0.272707 0.000000 234.420899 0.272707 0.962097 0.000000 23.602245 0.000000 0.000000 1.000000 0.000000
0.961286 -0.275552 0.000000 236.684417 0.275552 0.961286 0.000000 24.250027 0.000000 0.000000 1.000000 0.000000
0.959842 -0.280542 0.000000 239.017882 0.280542 0.959842 0.000000 24.924883 0.000000 0.000000 1.000000 0.000000
0.958379 -0.285500 0.000000 241.357651 0.285500 0.958379 0.000000 25.615884 0.000000 0.000000 1.000000 0.000000
0.957038 -0.289962 0.000000 243.666188 0.289962 0.957038 0.000000 26.309736 0.000000 0.000000 1.000000 0.000000
0.955663 -0.294464 0.000000 246.017206 0.294464 0.955663 0.000000 27.028144 0.000000 0.000000 1.000000 0.000000
0.954228 -0.299079 0.000000 248.367494 0.299079 0.954228 0.000000 27.758143 0.000000 0.000000 1.000000 0.000000
0.952841 -0.303468 0.000000 250.714971 0.303468 0.952841 0.000000 28.499843 0.000000 0.000000 1.000000 0.000000
0.952131 -0.305691 0.000000 253.083532 0.305691 0.952131 0.000000 29.257808 0.000000 0.000000 1.000000 0.000000
0.951288 -0.308304 0.000000 255.465400 0.308304 0.951288 0.000000 30.025713 0.000000 0.000000 1.000000 0.000000
0.950326 -0.311256 0.000000 257.812505 0.311256 0.950326 0.000000 30.790565 0.000000 0.000000 1.000000 0.000000
0.949261 -0.314489 0.000000 260.130641 0.314489 0.949261 0.000000 31.554138 0.000000 0.000000 1.000000 0.000000
0.948336 -0.317267 0.000000 262.442930 0.317267 0.948336 0.000000 32.323303 0.000000 0.000000 1.000000 0.000000
0.947559 -0.319580 0.000000 264.732697 0.319580 0.947559 0.000000 33.092392 0.000000 0.000000 1.000000 0.000000
0.946731 -0.322027 0.000000 267.009068 0.322027 0.946731 0.000000 33.863543 0.000000 0.000000 1.000000 0.000000
0.945924 -0.324388 0.000000 269.227630 0.324388 0.945924 0.000000 34.620777 0.000000 0.000000 1.000000 0.000000
0.945170 -0.326579 0.000000 271.455115 0.326579 0.945170 0.000000 35.386797 0.000000 0.000000 1.000000 0.000000
0.944514 -0.328470 0.000000 273.652113 0.328470 0.944514 0.000000 36.147851 0.000000 0.000000 1.000000 0.000000
0.943662 -0.330911 0.000000 275.814010 0.330911 0.943662 0.000000 36.903248 0.000000 0.000000 1.000000 0.000000
0.942599 -0.333926 0.000000 277.937301 0.333926 0.942599 0.000000 37.650212 0.000000 0.000000 1.000000 0.000000
0.941527 -0.336938 0.000000 279.980297 0.336938 0.941527 0.000000 38.376511 0.000000 0.000000 1.000000 0.000000
0.940262 -0.340451 0.000000 281.968731 0.340451 0.940262 0.000000 39.090061 0.000000 0.000000 1.000000 0.000000
0.939031 -0.343833 0.000000 283.889717 0.343833 0.939031 0.000000 39.789001 0.000000 0.000000 1.000000 0.000000
0.937338 -0.348422 0.000000 285.781026 0.348422 0.937338 0.000000 40.484588 0.000000 0.000000 1.000000 0.000000
0.935301 -0.353852 0.000000 287.628377 0.353852 0.935301 0.000000 41.173734 0.000000 0.000000 1.000000 0.000000
0.932499 -0.361172 0.000000 289.409384 0.361172 0.932499 0.000000 41.851036 0.000000 0.000000 1.000000 0.000000
0.929630 -0.368494 0.000000 291.154588 0.368494 0.929630 0.000000 42.535375 0.000000 0.000000 1.000000 0.000000
0.927687 -0.373359 0.000000 292.888128 0.373359 0.927687 0.000000 43.226135 0.000000 0.000000 1.000000 0.000000
0.925457 -0.378854 0.000000 294.602998 0.378854 0.925457 0.000000 43.918221 0.000000 0.000000 1.000000 0.000000
0.923161 -0.384413 0.000000 296.301133 0.384413 0.923161 0.000000 44.616165 0.000000 0.000000 1.000000 0.000000
0.921767 -0.387744 0.000000 297.952280 0.387744 0.921767 0.000000 45.305821 0.000000 0.000000 1.000000 0.000000
0.920986 -0.389595 0.000000 299.579604 0.389595 0.920986 0.000000 45.990011 0.000000 0.000000 1.000000 0.000000
0.920535 -0.390660 0.000000 301.150557 0.390660 0.920535 0.000000 46.651695 0.000000 0.000000 1.000000 0.000000
0.921922 -0.387375 0.000000 302.665389 0.387375 0.921922 0.000000 47.288662 0.000000 0.000000 1.000000 0.000000
0.926017 -0.377481 0.000000 304.112306 0.377481 0.926017 0.000000 47.887393 0.000000 0.000000 1.000000 0.000000
0.932735 -0.360563 0.000000 305.510029 0.360563 0.932735 0.000000 48.441788 0.000000 0.000000 1.000000 0.000000
0.957141 -0.289623 0.000000 308.125809 0.289623 0.957141 0.000000 49.356972 0.000000 0.000000 1.000000 0.000000
0.988623 -0.150412 0.000000 310.512343 0.150412 0.988623 0.000000 49.913646 0.000000 0.000000 1.000000 0.000000
0.999569 0.029348 0.000000 312.740692 -0.029348 0.999569 -0.000000 50.062888 -0.000000 0.000000 1.000000 0.000000
0.990267 0.139184 0.000000 313.817817 -0.139184 0.990267 -0.000000 49.975243 -0.000000 0.000000 1.000000 0.000000
0.966328 0.257313 0.000000 314.861535 -0.257313 0.966328 -0.000000 49.766795 -0.000000 0.000000 1.000000 0.000000
0.924267 0.381747 0.000000 315.859713 -0.381747 0.924267 -0.000000 49.433258 -0.000000 0.000000 1.000000 0.000000
0.860201 0.509956 0.000000 316.803744 -0.509956 0.860201 -0.000000 48.965857 -0.000000 0.000000 1.000000 0.000000
0.777971 0.628300 0.000000 317.666383 -0.628300 0.777971 -0.000000 48.369351 -0.000000 0.000000 1.000000 0.000000
0.677149 0.735846 0.000000 318.455532 -0.735846 0.677149 -0.000000 47.634011 -0.000000 0.000000 1.000000 0.000000
0.560452 0.828187 0.000000 319.140871 -0.828187 0.560452 -0.000000 46.770648 -0.000000 0.000000 1.000000 0.000000
0.440025 0.897985 0.000000 319.715274 -0.897985 0.440025 -0.000000 45.782076 -0.000000 0.000000 1.000000 0.000000
0.321719 0.946835 0.000000 320.169077 -0.946835 0.321719 -0.000000 44.688285 -0.000000 0.000000 1.000000 0.000000
0.225383 0.974270 0.000000 320.505092 -0.974270 0.225383 -0.000000 43.502652 -0.000000 0.000000 1.000000 0.000000
0.165765 0.986165 0.000000 320.756192 -0.986165 0.165765 -0.000000 42.243270 -0.000000 0.000000 1.000000 0.000000
0.107664 0.994187 0.000000 321.108626 -0.994187 0.107664 -0.000000 39.617944 -0.000000 0.000000 1.000000 0.000000
0.083351 0.996520 0.000000 321.380347 -0.996520 0.083351 -0.000000 36.790172 -0.000000 0.000000 1.000000 0.000000
0.078908 0.996882 0.000000 321.621468 -0.996882 0.078908 -0.000000 33.761310 -0.000000 0.000000 1.000000 0.000000
0.083561 0.996503 0.000000 321.751887 -0.996503 0.083561 -0.000000 32.182698 -0.000000 0.000000 1.000000 0.000000
0.086162 0.996281 0.000000 321.894334 -0.996281 0.086162 -0.000000 30.547060 -0.000000 0.000000 1.000000 0.000000
0.086056 0.996290 0.000000 322.040199 -0.996290 0.086056 -0.000000 28.881890 -0.000000 0.000000 1.000000 0.000000
0.086130 0.996284 0.000000 322.190507 -0.996284 0.086130 -0.000000 27.165868 -0.000000 0.000000 1.000000 0.000000
0.085978 0.996297 0.000000 322.343151 -0.996297 0.085978 -0.000000 25.408043 -0.000000 0.000000 1.000000 0.000000
0.085198 0.996364 0.000000 322.500309 -0.996364 0.085198 -0.000000 23.604082 -0.000000 0.000000 1.000000 0.000000
0.084183 0.996450 0.000000 322.657711 -0.996450 0.084183 -0.000000 21.757028 -0.000000 0.000000 1.000000 0.000000
0.082845 0.996562 0.000000 322.817346 -0.996562 0.082845 -0.000000 19.862422 -0.000000 0.000000 1.000000 0.000000
0.081804 0.996648 0.000000 322.977383 -0.996648 0.081804 -0.000000 17.923432 -0.000000 0.000000 1.000000 0.000000
0.080711 0.996738 0.000000 323.138522 -0.996738 0.080711 -0.000000 15.946271 -0.000000 0.000000 1.000000 0.000000
0.079532 0.996832 0.000000 323.299783 -0.996832 0.079532 -0.000000 13.930736 -0.000000 0.000000 1.000000 0.000000
0.079544 0.996831 0.000000 323.462840 -0.996831 0.079544 -0.000000 11.873724 -0.000000 0.000000 1.000000 0.000000
0.082308 0.996607 0.000000 323.630403 -0.996607 0.082308 -0.000000 9.790786 -0.000000 0.000000 1.000000 0.000000
0.084856 0.996393 0.000000 323.807890 -0.996393 0.084856 -0.000000 7.658237 -0.000000 0.000000 1.000000 0.000000
0.086292 0.996270 0.000000 323.992258 -0.996270 0.086292 -0.000000 5.492947 -0.000000 0.000000 1.000000 0.000000
0.086174 0.996280 0.000000 324.179147 -0.996280 0.086174 -0.000000 3.300085 -0.000000 0.000000 1.000000 0.000000
0.085836 0.996309 0.000000 324.368217 -0.996309 0.085836 -0.000000 1.073803 -0.000000 0.000000 1.000000 0.000000
0.086136 0.996283 0.000000 324.559482 -0.996283 0.086136 -0.000000 -1.181888 -0.000000 0.000000 1.000000 0.000000
0.086445 0.996257 0.000000 324.749441 -0.996257 0.086445 -0.000000 -3.412028 -0.000000 0.000000 1.000000 0.000000
0.087296 0.996182 0.000000 324.940353 -0.996182 0.087296 -0.000000 -5.623594 -0.000000 0.000000 1.000000 0.000000
0.088212 0.996102 0.000000 325.132826 -0.996102 0.088212 -0.000000 -7.820902 -0.000000 0.000000 1.000000 0.000000
0.088026 0.996118 0.000000 325.324277 -0.996118 0.088026 -0.000000 -10.008618 -0.000000 0.000000 1.000000 0.000000
0.087433 0.996170 0.000000 325.513343 -0.996170 0.087433 -0.000000 -12.171632 -0.000000 0.000000 1.000000 0.000000
0.086974 0.996211 0.000000 325.700527 -0.996211 0.086974 -0.000000 -14.315778 -0.000000 0.000000 1.000000 0.000000
0.086382 0.996262 0.000000 325.883035 -0.996262 0.086382 -0.000000 -16.426468 -0.000000 0.000000 1.000000 0.000000
0.086296 0.996270 0.000000 326.059537 -0.996270 0.086296 -0.000000 -18.467763 -0.000000 0.000000 1.000000 0.000000
0.086024 0.996293 0.000000 326.229959 -0.996293 0.086024 -0.000000 -20.438982 -0.000000 0.000000 1.000000 0.000000
0.083968 0.996468 0.000000 326.393004 -0.996468 0.083968 -0.000000 -22.352446 -0.000000 0.000000 1.000000 0.000000
0.083091 0.996542 0.000000 326.546459 -0.996542 0.083091 -0.000000 -24.184308 -0.000000 0.000000 1.000000 0.000000
0.082053 0.996628 0.000000 326.697778 -0.996628 0.082053 -0.000000 -26.004357 -0.000000 0.000000 1.000000 0.000000
0.085993 0.996296 0.000000 326.848805 -0.996296 0.085993 -0.000000 -27.794595 -0.000000 0.000000 1.000000 0.000000
0.088968 0.996034 0.000000 327.004479 -0.996034 0.088968 -0.000000 -29.561586 -0.000000 0.000000 1.000000 0.000000
0.091577 0.995798 0.000000 327.163682 -0.995798 0.091577 -0.000000 -31.329123 -0.000000 0.000000 1.000000 0.000000
0.093191 0.995648 0.000000 327.321310 -0.995648 0.093191 -0.000000 -33.040607 -0.000000 0.000000 1.000000 0.000000
0.094360 0.995538 0.000000 327.486596 -0.995538 0.094360 -0.000000 -34.785054 -0.000000 0.000000 1.000000 0.000000
0.093640 0.995606 0.000000 327.650398 -0.995606 0.093640 -0.000000 -36.531746 -0.000000 0.000000 1.000000 0.000000
0.093451 0.995624 0.000000 327.816046 -0.995624 0.093451 -0.000000 -38.304472 -0.000000 0.000000 1.000000 0.000000
0.093296 0.995638 0.000000 327.982121 -0.995638 0.093296 -0.000000 -40.066989 -0.000000 0.000000 1.000000 0.000000
0.093244 0.995643 0.000000 328.148416 -0.995643 0.093244 -0.000000 -41.836214 -0.000000 0.000000 1.000000 0.000000
0.092968 0.995669 0.000000 328.315803 -0.995669 0.092968 -0.000000 -43.622695 -0.000000 0.000000 1.000000 0.000000
0.092996 0.995666 0.000000 328.483023 -0.995666 0.092996 -0.000000 -45.408510 -0.000000 0.000000 1.000000 0.000000
0.092884 0.995677 0.000000 328.650833 -0.995677 0.092884 -0.000000 -47.195736 -0.000000 0.000000 1.000000 0.000000
0.092150 0.995745 0.000000 328.815008 -0.995745 0.092150 -0.000000 -48.954500 -0.000000 0.000000 1.000000 0.000000
0.092014 0.995758 0.000000 328.976017 -0.995758 0.092014 -0.000000 -50.695517 -0.000000 0.000000 1.000000 0.000000
0.091516 0.995804 0.000000 329.134962 -0.995804 0.091516 -0.000000 -52.423341 -0.000000 0.000000 1.000000 0.000000
0.091329 0.995821 0.000000 329.292519 -0.995821 0.091329 -0.000000 -54.130046 -0.000000 0.000000 1.000000 0.000000
0.090654 0.995882 0.000000 329.447795 -0.995882 0.090654 -0.000000 -55.818418 -0.000000 0.000000 1.000000 0.000000
0.089151 0.996018 0.000000 329.601558 -0.996018 0.089151 -0.000000 -57.512462 -0.000000 0.000000 1.000000 0.000000
0.087522 0.996163 0.000000 329.749487 -0.996163 0.087522 -0.000000 -59.173849 -0.000000 0.000000 1.000000 0.000000
0.085809 0.996312 0.000000 329.888865 -0.996312 0.085809 -0.000000 -60.779465 -0.000000 0.000000 1.000000 0.000000
0.086036 0.996292 0.000000 330.026097 -0.996292 0.086036 -0.000000 -62.380881 -0.000000 0.000000 1.000000 0.000000
0.081595 0.996666 0.000000 330.164584 -0.996666 0.081595 -0.000000 -64.017651 -0.000000 0.000000 1.000000 0.000000
0.079870 0.996805 0.000000 330.293789 -0.996805 0.079870 -0.000000 -65.605879 -0.000000 0.000000 1.000000 0.000000
0.077596 0.996985 0.000000 330.422123 -0.996985 0.077596 -0.000000 -67.218867 -0.000000 0.000000 1.000000 0.000000
0.077705 0.996976 0.000000 330.544394 -0.996976 0.077705 -0.000000 -68.799546 -0.000000 0.000000 1.000000 0.000000
0.078935 0.996880 0.000000 330.666813 -0.996880 0.078935 -0.000000 -70.361142 -0.000000 0.000000 1.000000 0.000000
0.079087 0.996868 0.000000 330.788588 -0.996868 0.079087 -0.000000 -71.906733 -0.000000 0.000000 1.000000 0.000000
0.078984 0.996876 0.000000 330.906201 -0.996876 0.078984 -0.000000 -73.412048 -0.000000 0.000000 1.000000 0.000000
0.078714 0.996897 0.000000 331.018108 -0.996897 0.078714 -0.000000 -74.834490 -0.000000 0.000000 1.000000 0.000000
0.078597 0.996906 0.000000 331.218881 -0.996906 0.078597 -0.000000 -77.423829 -0.000000 0.000000 1.000000 0.000000
0.079944 0.996799 0.000000 331.390222 -0.996799 0.079944 -0.000000 -79.630270 -0.000000 0.000000 1.000000 0.000000
0.078781 0.996892 0.000000 331.543978 -0.996892 0.078781 -0.000000 -81.586031 -0.000000 0.000000 1.000000 0.000000
0.080336 0.996768 0.000000 331.677685 -0.996768 0.080336 -0.000000 -83.306247 -0.000000 0.000000 1.000000 0.000000
0.081873 0.996643 0.000000 331.794580 -0.996643 0.081873 -0.000000 -84.780002 -0.000000 0.000000 1.000000 0.000000
0.083529 0.996505 0.000000 331.950241 -0.996505 0.083529 -0.000000 -86.724479 -0.000000 0.000000 1.000000 0.000000
0.086119 0.996285 0.000000 332.103882 -0.996285 0.086119 -0.000000 -88.601025 -0.000000 0.000000 1.000000 0.000000
0.090445 0.995901 0.000000 332.254861 -0.995901 0.090445 -0.000000 -90.392903 -0.000000 0.000000 1.000000 0.000000
0.095566 0.995423 0.000000 332.402805 -0.995423 0.095566 -0.000000 -92.095630 -0.000000 0.000000 1.000000 0.000000
0.099134 0.995074 0.000000 332.553793 -0.995074 0.099134 -0.000000 -93.707662 -0.000000 0.000000 1.000000 0.000000
0.088297 0.996094 0.000000 332.721122 -0.996094 0.088297 -0.000000 -95.562866 -0.000000 0.000000 1.000000 0.000000
0.017788 0.999842 0.000000 332.838134 -0.999842 0.017788 -0.000000 -97.778722 -0.000000 0.000000 1.000000 0.000000
-0.071965 0.997407 0.000000 332.783346 -0.997407 -0.071965 -0.000000 -99.492774 -0.000000 0.000000 1.000000 0.000000
-0.193389 0.981122 0.000000 332.519791 -0.981122 -0.193389 -0.000000 -101.394788 -0.000000 0.000000 1.000000 0.000000
-0.317929 0.948115 0.000000 331.963374 -0.948115 -0.317929 -0.000000 -103.472120 -0.000000 0.000000 1.000000 0.000000
-0.435234 0.900317 0.000000 331.139370 -0.900317 -0.435234 -0.000000 -105.481060 -0.000000 0.000000 1.000000 0.000000
-0.539025 0.842290 0.000000 330.066323 -0.842290 -0.539025 0.000000 -107.401381 0.000000 0.000000 1.000000 0.000000
-0.625801 0.779982 0.000000 328.670866 -0.779982 -0.625801 0.000000 -109.341297 0.000000 0.000000 1.000000 0.000000
-0.693508 0.720449 0.000000 326.974280 -0.720449 -0.693508 0.000000 -111.270210 0.000000 0.000000 1.000000 0.000000
-0.752741 0.658317 0.000000 324.970332 -0.658317 -0.752741 0.000000 -113.178652 0.000000 0.000000 1.000000 0.000000
-0.803974 0.594665 0.000000 322.655985 -0.594665 -0.803974 0.000000 -115.039458 0.000000 0.000000 1.000000 0.000000
-0.826047 0.563602 0.000000 321.382696 -0.563602 -0.826047 0.000000 -115.945917 0.000000 0.000000 1.000000 0.000000
-0.847370 0.531003 0.000000 320.041341 -0.531003 -0.847370 0.000000 -116.823373 0.000000 0.000000 1.000000 0.000000
-0.867356 0.497688 0.000000 318.632829 -0.497688 -0.867356 0.000000 -117.668725 0.000000 0.000000 1.000000 0.000000
-0.886763 0.462224 0.000000 317.185382 -0.462224 -0.886763 0.000000 -118.462950 0.000000 0.000000 1.000000 0.000000
-0.902572 0.430539 0.000000 315.680739 -0.430539 -0.902572 0.000000 -119.214306 0.000000 0.000000 1.000000 0.000000
-0.914887 0.403711 0.000000 314.146021 -0.403711 -0.914887 0.000000 -119.918302 0.000000 0.000000 1.000000 0.000000
-0.924109 0.382128 0.000000 312.580023 -0.382128 -0.924109 0.000000 -120.587191 0.000000 0.000000 1.000000 0.000000
-0.929984 0.367600 0.000000 310.973698 -0.367600 -0.929984 0.000000 -121.235173 0.000000 0.000000 1.000000 0.000000
-0.931989 0.362487 0.000000 309.344349 -0.362487 -0.931989 0.000000 -121.874216 0.000000 0.000000 1.000000 0.000000
-0.933066 0.359705 0.000000 307.692909 -0.359705 -0.933066 0.000000 -122.513324 0.000000 0.000000 1.000000 0.000000
-0.933825 0.357729 0.000000 306.031612 -0.357729 -0.933825 0.000000 -123.151435 0.000000 0.000000 1.000000 0.000000
-0.933453 0.358700 0.000000 304.346872 -0.358700 -0.933453 0.000000 -123.798561 0.000000 0.000000 1.000000 0.000000
-0.933622 0.358259 0.000000 302.620226 -0.358259 -0.933622 0.000000 -124.462568 0.000000 0.000000 1.000000 0.000000
-0.933810 0.357769 0.000000 300.852613 -0.357769 -0.933810 0.000000 -125.140823 0.000000 0.000000 1.000000 0.000000
-0.933415 0.358799 0.000000 299.050534 -0.358799 -0.933415 0.000000 -125.833209 0.000000 0.000000 1.000000 0.000000
-0.932643 0.360801 0.000000 297.215227 -0.360801 -0.932643 0.000000 -126.541162 0.000000 0.000000 1.000000 0.000000
-0.931715 0.363190 0.000000 295.347817 -0.363190 -0.931715 0.000000 -127.268231 0.000000 0.000000 1.000000 0.000000
-0.930771 0.365603 0.000000 293.460638 -0.365603 -0.930771 0.000000 -128.007108 0.000000 0.000000 1.000000 0.000000
-0.930300 0.366799 0.000000 291.543082 -0.366799 -0.930300 0.000000 -128.762209 0.000000 0.000000 1.000000 0.000000
-0.930269 0.366878 0.000000 289.594241 -0.366878 -0.930269 0.000000 -129.531124 0.000000 0.000000 1.000000 0.000000
-0.930293 0.366818 0.000000 287.618780 -0.366818 -0.930293 0.000000 -130.310087 0.000000 0.000000 1.000000 0.000000
-0.930151 0.367176 0.000000 285.615417 -0.367176 -0.930151 0.000000 -131.101651 0.000000 0.000000 1.000000 0.000000
-0.930381 0.366593 0.000000 283.572951 -0.366593 -0.930381 0.000000 -131.907818 0.000000 0.000000 1.000000 0.000000
-0.931019 0.364971 0.000000 281.504825 -0.364971 -0.931019 0.000000 -132.720133 0.000000 0.000000 1.000000 0.000000
-0.931326 0.364187 0.000000 279.401998 -0.364187 -0.931326 0.000000 -133.542312 0.000000 0.000000 1.000000 0.000000
-0.931475 0.363806 0.000000 277.266370 -0.363806 -0.931475 0.000000 -134.378657 0.000000 0.000000 1.000000 0.000000
-0.931366 0.364083 0.000000 275.107066 -0.364083 -0.931366 0.000000 -135.223713 0.000000 0.000000 1.000000 0.000000
-0.931197 0.364517 0.000000 272.938356 -0.364517 -0.931197 0.000000 -136.072499 0.000000 0.000000 1.000000 0.000000
-0.930319 0.366751 0.000000 270.760662 -0.366751 -0.930319 0.000000 -136.927310 0.000000 0.000000 1.000000 0.000000
-0.928857 0.370438 0.000000 268.574294 -0.370438 -0.928857 0.000000 -137.796045 0.000000 0.000000 1.000000 0.000000
-0.927356 0.374180 0.000000 266.380559 -0.374180 -0.927356 0.000000 -138.677745 0.000000 0.000000 1.000000 0.000000
-0.925330 0.379163 0.000000 264.177184 -0.379163 -0.925330 0.000000 -139.574502 0.000000 0.000000 1.000000 0.000000
-0.922566 0.385839 0.000000 261.974580 -0.385839 -0.922566 0.000000 -140.486463 0.000000 0.000000 1.000000 0.000000
-0.919304 0.393548 0.000000 259.758627 -0.393548 -0.919304 0.000000 -141.424084 0.000000 0.000000 1.000000 0.000000
-0.915893 0.401422 0.000000 257.550927 -0.401422 -0.915893 0.000000 -142.380012 0.000000 0.000000 1.000000 0.000000
-0.912064 0.410048 0.000000 255.348809 -0.410048 -0.912064 0.000000 -143.357602 0.000000 0.000000 1.000000 0.000000
-0.907712 0.419593 0.000000 253.144282 -0.419593 -0.907712 0.000000 -144.362649 0.000000 0.000000 1.000000 0.000000
-0.903380 0.428841 0.000000 250.950788 -0.428841 -0.903380 0.000000 -145.392344 0.000000 0.000000 1.000000 0.000000
-0.899583 0.436751 0.000000 248.721766 -0.436751 -0.899583 0.000000 -146.464561 0.000000 0.000000 1.000000 0.000000
-0.895758 0.444541 0.000000 246.565888 -0.444541 -0.895758 0.000000 -147.523560 0.000000 0.000000 1.000000 0.000000
-0.891181 0.453648 0.000000 244.382852 -0.453648 -0.891181 0.000000 -148.620927 0.000000 0.000000 1.000000 0.000000
-0.885803 0.464061 0.000000 242.199874 -0.464061 -0.885803 0.000000 -149.750899 0.000000 0.000000 1.000000 0.000000
-0.880373 0.474283 0.000000 240.023548 -0.474283 -0.880373 0.000000 -150.910346 0.000000 0.000000 1.000000 0.000000
-0.874133 0.485686 0.000000 237.869702 -0.485686 -0.874133 0.000000 -152.090540 0.000000 0.000000 1.000000 0.000000
-0.866873 0.498529 0.000000 235.726852 -0.498529 -0.866873 0.000000 -153.301322 0.000000 0.000000 1.000000 0.000000
-0.859064 0.511868 0.000000 233.597572 -0.511868 -0.859064 0.000000 -154.548699 0.000000 0.000000 1.000000 0.000000
-0.851290 0.524696 0.000000 231.476612 -0.524696 -0.851290 0.000000 -155.834382 0.000000 0.000000 1.000000 0.000000
-0.843375 0.537326 0.000000 229.366221 -0.537326 -0.843375 0.000000 -157.155852 0.000000 0.000000 1.000000 0.000000
-0.835625 0.549300 0.000000 227.271951 -0.549300 -0.835625 0.000000 -158.510890 0.000000 0.000000 1.000000 0.000000
-0.828229 0.560389 0.000000 225.193811 -0.560389 -0.828229 0.000000 -159.896899 0.000000 0.000000 1.000000 0.000000
-0.821242 0.570580 0.000000 223.128486 -0.570580 -0.821242 0.000000 -161.312891 0.000000 0.000000 1.000000 0.000000
-0.814633 0.579976 0.000000 221.071223 -0.579976 -0.814633 0.000000 -162.758336 0.000000 0.000000 1.000000 0.000000
-0.808015 0.589162 0.000000 219.020616 -0.589162 -0.808015 0.000000 -164.234837 0.000000 0.000000 1.000000 0.000000
-0.801315 0.598242 0.000000 216.986596 -0.598242 -0.801315 0.000000 -165.736879 0.000000 0.000000 1.000000 0.000000
-0.794581 0.607158 0.000000 214.986178 -0.607158 -0.794581 0.000000 -167.249681 0.000000 0.000000 1.000000 0.000000
-0.787785 0.615951 0.000000 213.017533 -0.615951 -0.787785 0.000000 -168.773636 0.000000 0.000000 1.000000 0.000000
-0.780360 0.625331 0.000000 211.074965 -0.625331 -0.780360 0.000000 -170.310360 0.000000 0.000000 1.000000 0.000000
-0.771196 0.636597 0.000000 209.168774 -0.636597 -0.771196 0.000000 -171.860790 0.000000 0.000000 1.000000 0.000000
-0.762159 0.647390 0.000000 207.287180 -0.647390 -0.762159 0.000000 -173.437251 0.000000 0.000000 1.000000 0.000000
-0.753260 0.657722 0.000000 205.433762 -0.657722 -0.753260 0.000000 -175.032682 0.000000 0.000000 1.000000 0.000000
-0.744234 0.667919 0.000000 203.601965 -0.667919 -0.744234 0.000000 -176.653283 0.000000 0.000000 1.000000 0.000000
-0.735110 0.677948 0.000000 201.794455 -0.677948 -0.735110 0.000000 -178.295846 0.000000 0.000000 1.000000 0.000000
-0.727894 0.685690 0.000000 200.010110 -0.685690 -0.727894 0.000000 -179.957141 0.000000 0.000000 1.000000 0.000000
-0.721523 0.692390 0.000000 198.244622 -0.692390 -0.721523 0.000000 -181.632532 0.000000 0.000000 1.000000 0.000000
-0.714626 0.699507 0.000000 196.495374 -0.699507 -0.714626 0.000000 -183.325889 0.000000 0.000000 1.000000 0.000000
-0.707273 0.706941 0.000000 194.767512 -0.706941 -0.707273 0.000000 -185.035303 0.000000 0.000000 1.000000 0.000000
-0.699788 0.714350 0.000000 193.071021 -0.714350 -0.699788 0.000000 -186.748634 0.000000 0.000000 1.000000 0.000000
-0.691092 0.722767 0.000000 191.395106 -0.722767 -0.691092 0.000000 -188.478638 0.000000 0.000000 1.000000 0.000000
-0.681364 0.731945 0.000000 189.752765 -0.731945 -0.681364 0.000000 -190.217565 0.000000 0.000000 1.000000 0.000000
-0.669617 0.742706 0.000000 188.166128 -0.742706 -0.669617 0.000000 -191.948407 0.000000 0.000000 1.000000 0.000000
-0.657603 0.753365 0.000000 186.647366 -0.753365 -0.657603 0.000000 -193.659666 0.000000 0.000000 1.000000 0.000000
-0.645694 0.763596 0.000000 185.197877 -0.763596 -0.645694 0.000000 -195.344554 0.000000 0.000000 1.000000 0.000000
-0.636035 0.771660 0.000000 183.817904 -0.771660 -0.636035 0.000000 -196.997144 0.000000 0.000000 1.000000 0.000000
-0.628455 0.777846 0.000000 182.506456 -0.777846 -0.628455 0.000000 -198.605022 0.000000 0.000000 1.000000 0.000000
-0.621663 0.783285 0.000000 181.257663 -0.783285 -0.621663 0.000000 -200.166302 0.000000 0.000000 1.000000 0.000000
-0.616445 0.787398 0.000000 180.072574 -0.787398 -0.616445 0.000000 -201.672547 0.000000 0.000000 1.000000 0.000000
-0.611980 0.790873 0.000000 178.947034 -0.790873 -0.611980 0.000000 -203.120133 0.000000 0.000000 1.000000 0.000000
-0.606970 0.794724 0.000000 177.828433 -0.794724 -0.606970 0.000000 -204.574826 0.000000 0.000000 1.000000 0.000000
-0.598099 0.801422 0.000000 176.724791 -0.801422 -0.598099 0.000000 -206.035182 0.000000 0.000000 1.000000 0.000000
-0.591195 0.806529 0.000000 175.661693 -0.806529 -0.591195 0.000000 -207.471676 0.000000 0.000000 1.000000 0.000000
-0.583969 0.811776 0.000000 174.578077 -0.811776 -0.583969 0.000000 -208.964788 0.000000 0.000000 1.000000 0.000000
-0.573316 0.819335 0.000000 173.487037 -0.819335 -0.573316 0.000000 -210.502684 0.000000 0.000000 1.000000 0.000000
-0.562294 0.826938 0.000000 172.399738 -0.826938 -0.562294 0.000000 -212.078161 0.000000 0.000000 1.000000 0.000000
-0.548058 0.836441 0.000000 171.325167 -0.836441 -0.548058 0.000000 -213.687525 0.000000 0.000000 1.000000 0.000000
-0.534383 0.845243 0.000000 170.257817 -0.845243 -0.534383 0.000000 -215.345421 0.000000 0.000000 1.000000 0.000000
-0.525092 0.851045 0.000000 169.200284 -0.851045 -0.525092 0.000000 -217.038605 0.000000 0.000000 1.000000 0.000000
-0.517725 0.855547 0.000000 168.146321 -0.855547 -0.517725 0.000000 -218.763409 0.000000 0.000000 1.000000 0.000000
-0.512084 0.858935 0.000000 167.083738 -0.858935 -0.512084 0.000000 -220.532244 0.000000 0.000000 1.000000 0.000000
-0.508165 0.861260 0.000000 166.022540 -0.861260 -0.508165 0.000000 -222.322033 0.000000 0.000000 1.000000 0.000000
-0.504394 0.863474 0.000000 164.952627 -0.863474 -0.504394 0.000000 -224.145213 0.000000 0.000000 1.000000 0.000000
-0.502184 0.864761 0.000000 163.874786 -0.864761 -0.502184 0.000000 -226.001579 0.000000 0.000000 1.000000 0.000000
-0.501363 0.865237 0.000000 162.784404 -0.865237 -0.501363 0.000000 -227.884088 0.000000 0.000000 1.000000 0.000000
-0.500235 0.865889 0.000000 161.684437 -0.865889 -0.500235 0.000000 -229.790111 0.000000 0.000000 1.000000 0.000000
-0.498969 0.866620 0.000000 160.566622 -0.866620 -0.498969 -0.000000 -231.730748 -0.000000 0.000000 1.000000 0.000000
-0.494169 0.869366 0.000000 159.443663 -0.869366 -0.494169 -0.000000 -233.699357 -0.000000 0.000000 1.000000 0.000000
-0.489458 0.872027 0.000000 158.315804 -0.872027 -0.489458 -0.000000 -235.701711 -0.000000 0.000000 1.000000 0.000000
-0.485600 0.874181 0.000000 157.179939 -0.874181 -0.485600 -0.000000 -237.741889 -0.000000 0.000000 1.000000 0.000000
-0.482257 0.876030 0.000000 156.036921 -0.876030 -0.482257 -0.000000 -239.811179 -0.000000 0.000000 1.000000 0.000000
-0.477739 0.878502 0.000000 154.881732 -0.878502 -0.477739 -0.000000 -241.923492 -0.000000 0.000000 1.000000 0.000000
-0.469359 0.883007 0.000000 153.726189 -0.883007 -0.469359 -0.000000 -244.069734 -0.000000 0.000000 1.000000 0.000000
-0.457366 0.889279 0.000000 152.586051 -0.889279 -0.457366 -0.000000 -246.244927 -0.000000 0.000000 1.000000 0.000000
-0.444478 0.895790 0.000000 151.463802 -0.895790 -0.444478 -0.000000 -248.462555 -0.000000 0.000000 1.000000 0.000000
-0.431376 0.902172 0.000000 150.362915 -0.902172 -0.431376 -0.000000 -250.725545 -0.000000 0.000000 1.000000 0.000000
-0.417929 0.908480 0.000000 149.279517 -0.908480 -0.417929 -0.000000 -253.037576 -0.000000 0.000000 1.000000 0.000000
-0.404217 0.914663 0.000000 148.223546 -0.914663 -0.404217 -0.000000 -255.383994 -0.000000 0.000000 1.000000 0.000000
-0.390204 0.920728 0.000000 147.193465 -0.920728 -0.390204 -0.000000 -257.769288 -0.000000 0.000000 1.000000 0.000000
-0.376816 0.926288 0.000000 146.192676 -0.926288 -0.376816 -0.000000 -260.188515 -0.000000 0.000000 1.000000 0.000000
-0.363325 0.931663 0.000000 145.215496 -0.931663 -0.363325 -0.000000 -262.647661 -0.000000 0.000000 1.000000 0.000000
-0.350676 0.936497 0.000000 144.260528 -0.936497 -0.350676 -0.000000 -265.146211 -0.000000 0.000000 1.000000 0.000000
-0.340050 0.940407 0.000000 143.334434 -0.940407 -0.340050 -0.000000 -267.664572 -0.000000 0.000000 1.000000 0.000000
-0.330567 0.943783 0.000000 142.436858 -0.943783 -0.330567 -0.000000 -270.192043 -0.000000 0.000000 1.000000 0.000000
-0.320555 0.947230 0.000000 141.568664 -0.947230 -0.320555 -0.000000 -272.720363 -0.000000 0.000000 1.000000 0.000000
