1.000000 0.000000 0.000000 0.000000 0.000000 1.000000 0.000000 0.000000 0.000000 0.000000 1.000000 0.000000
0.997957 -0.063887 0.000000 1.308888 0.063887 0.997957 0.000000 0.062757 0.000000 0.000000 1.000000 0.000000
0.994231 -0.107263 0.000000 2.933289 0.107263 0.994231 0.000000 0.223313 0.000000 0.000000 1.000000 0.000000
0.991953 -0.126609 0.000000 4.429945 0.126609 0.991953 0.000000 0.403315 0.000000 0.000000 1.000000 0.000000
0.991442 -0.130547 0.000000 6.167077 0.130547 0.991442 0.000000 0.633691 0.000000 0.000000 1.000000 0.000000
0.991786 -0.127907 0.000000 8.168243 0.127907 0.991786 0.000000 0.887272 0.000000 0.000000 1.000000 0.000000
0.992177 -0.124837 0.000000 10.462670 0.124837 0.992177 0.000000 1.155865 0.000000 0.000000 1.000000 0.000000
0.992916 -0.118817 0.000000 12.913607 0.118817 0.992916 0.000000 1.437368 0.000000 0.000000 1.000000 0.000000
0.993787 -0.111303 0.000000 15.453794 0.111303 0.993787 0.000000 1.706107 0.000000 0.000000 1.000000 0.000000
0.994815 -0.101701 0.000000 17.980487 0.101701 0.994815 0.000000 1.960839 0.000000 0.000000 1.000000 0.000000
0.996101 -0.088216 0.000000 20.715782 0.088216 0.996101 0.000000 2.189420 0.000000 0.000000 1.000000 0.000000
0.997310 -0.073295 0.000000 23.388908 0.073295 0.997310 0.000000 2.378933 0.000000 0.000000 1.000000 0.000000
0.997691 -0.067921 0.000000 25.948774 0.067921 0.997691 0.000000 2.536740 0.000000 0.000000 1.000000 0.000000
0.997934 -0.064241 0.000000 28.718069 0.064241 0.997934 0.000000 2.705328 0.000000 0.000000 1.000000 0.000000
0.997979 -0.063544 0.000000 30.178537 0.063544 0.997979 0.000000 2.787910 0.000000 0.000000 1.000000 0.000000
0.998089 -0.061791 0.000000 31.686855 0.061791 0.998089 0.000000 2.878878 0.000000 0.000000 1.000000 0.000000
0.998218 -0.059673 0.000000 33.266054 0.059673 0.998218 0.000000 2.968972 0.000000 0.000000 1.000000 0.000000
0.998352 -0.057378 0.000000 34.897545 0.057378 0.998352 0.000000 3.059621 0.000000 0.000000 1.000000 0.000000
0.998455 -0.055571 0.000000 36.555193 0.055571 0.998455 0.000000 3.149038 0.000000 0.000000 1.000000 0.000000
0.998656 -0.051826 0.000000 38.247321 0.051826 0.998656 0.000000 3.233547 0.000000 0.000000 1.000000 0.000000
0.998933 -0.046182 0.000000 40.000009 0.046182 0.998933 0.000000 3.311092 0.000000 0.000000 1.000000 0.000000
0.999113 -0.042099 0.000000 41.787985 0.042099 0.999113 0.000000 3.378344 0.000000 0.000000 1.000000 0.000000
0.999343 -0.036230 0.000000 43.665421 0.036230 0.999343 0.000000 3.438016 0.000000 0.000000 1.000000 0.000000
0.999539 -0.030369 0.000000 45.533209 0.030369 0.999539 0.000000 3.487578 0.000000 0.000000 1.000000 0.000000
0.999693 -0.024776 0.000000 47.431354 0.024776 0.999693 0.000000 3.523597 0.000000 0.000000 1.000000 0.000000
0.999848 -0.017409 0.000000 49.346047 0.017409 0.999848 0.000000 3.547438 0.000000 0.000000 1.000000 0.000000
0.999956 -0.009368 0.000000 51.264670 0.009368 0.999956 0.000000 3.559892 0.000000 0.000000 1.000000 0.000000
1.000000 0.000220 0.000000 53.208431 -0.000220 1.000000 -0.000000 3.561532 -0.000000 0.000000 1.000000 0.000000
0.999932 0.011681 0.000000 55.153387 -0.011681 0.999932 -0.000000 3.539144 -0.000000 0.000000 1.000000 0.000000
0.999749 0.022390 0.000000 57.067847 -0.022390 0.999749 -0.000000 3.495732 -0.000000 0.000000 1.000000 0.000000
0.999593 0.028533 0.000000 58.963588 -0.028533 0.999593 -0.000000 3.434264 -0.000000 0.000000 1.000000 0.000000
0.999654 0.026321 0.000000 60.842760 -0.026321 0.999654 -0.000000 3.375602 -0.000000 0.000000 1.000000 0.000000
0.999849 0.017389 0.000000 62.765862 -0.017389 0.999849 -0.000000 3.334732 -0.000000 0.000000 1.000000 0.000000
0.999978 0.006660 0.000000 64.776383 -0.006660 0.999978 -0.000000 3.313081 -0.000000 0.000000 1.000000 0.000000
0.999991 -0.004312 0.000000 66.816531 0.004312 0.999991 0.000000 3.309362 0.000000 0.000000 1.000000 0.000000
0.999907 -0.013607 0.000000 68.857159 0.013607 0.999907 0.000000 3.326602 0.000000 0.000000 1.000000 0.000000
0.999708 -0.024176 0.000000 70.946992 0.024176 0.999708 0.000000 3.366872 0.000000 0.000000 1.000000 0.000000
0.999379 -0.035223 0.000000 73.107555 0.035223 0.999379 0.000000 3.436400 0.000000 0.000000 1.000000 0.000000
0.998920 -0.046453 0.000000 75.241803 0.046453 0.998920 0.000000 3.525746 0.000000 0.000000 1.000000 0.000000
0.998405 -0.056462 0.000000 77.346852 0.056462 0.998405 0.000000 3.632008 0.000000 0.000000 1.000000 0.000000
0.998195 -0.060062 0.000000 79.488159 0.060062 0.998195 0.000000 3.763012 0.000000 0.000000 1.000000 0.000000
0.998208 -0.059846 0.000000 81.516702 0.059846 0.998208 0.000000 3.867186 0.000000 0.000000 1.000000 0.000000
0.998249 -0.059147 0.000000 83.738137 0.059147 0.998249 0.000000 3.999517 0.000000 0.000000 1.000000 0.000000
0.998296 -0.058354 0.000000 85.978752 0.058354 0.998296 0.000000 4.123053 0.000000 0.000000 1.000000 0.000000
0.998287 -0.058499 0.000000 88.238989 0.058499 0.998287 0.000000 4.232930 0.000000 0.000000 1.000000 0.000000
0.998286 -0.058521 0.000000 90.457112 0.058521 0.998286 0.000000 4.351062 0.000000 0.000000 1.000000 0.000000
0.998355 -0.057334 0.000000 92.671961 0.057334 0.998355 0.000000 4.468209 0.000000 0.000000 1.000000 0.000000
0.998655 -0.051854 0.000000 94.782034 0.051854 0.998655 0.000000 4.571394 0.000000 0.000000 1.000000 0.000000
0.998850 -0.047941 0.000000 97.066716 0.047941 0.998850 0.000000 4.665496 0.000000 0.000000 1.000000 0.000000
0.999022 -0.044220 0.000000 99.412694 0.044220 0.999022 0.000000 4.761798 0.000000 0.000000 1.000000 0.000000
0.999191 -0.040212 0.000000 101.742345 0.040212 0.999191 0.000000 4.852479 0.000000 0.000000 1.000000 0.000000
0.999352 -0.035996 0.000000 103.959653 0.035996 0.999352 0.000000 4.935259 0.000000 0.000000 1.000000 0.000000
0.999480 -0.032244 0.000000 106.349604 0.032244 0.999480 0.000000 5.005616 0.000000 0.000000 1.000000 0.000000
0.999596 -0.028421 0.000000 108.771145 0.028421 0.999596 0.000000 5.085713 0.000000 0.000000 1.000000 0.000000
0.999598 -0.028352 0.000000 111.259169 0.028352 0.999598 0.000000 5.151269 0.000000 0.000000 1.000000 0.000000
0.999618 -0.027637 0.000000 113.778188 0.027637 0.999618 0.000000 5.223187 0.000000 0.000000 1.000000 0.000000
0.999613 -0.027815 0.000000 116.269904 0.027815 0.999613 0.000000 5.287123 0.000000 0.000000 1.000000 0.000000
0.999589 -0.028657 0.000000 118.727787 0.028657 0.999589 0.000000 5.357794 0.000000 0.000000 1.000000 0.000000
0.999575 -0.029136 0.000000 120.978088 0.029136 0.999575 0.000000 5.428067 0.000000 0.000000 1.000000 0.000000
0.999568 -0.029381 0.000000 123.301141 0.029381 0.999568 0.000000 5.486357 0.000000 0.000000 1.000000 0.000000
0.999579 -0.029012 0.000000 125.857370 0.029012 0.999579 0.000000 5.557674 0.000000 0.000000 1.000000 0.000000
0.999552 -0.029937 0.000000 128.441814 0.029937 0.999552 0.000000 5.611866 0.000000 0.000000 1.000000 0.000000
0.999551 -0.029957 0.000000 131.022951 0.029957 0.999551 0.000000 5.672910 0.000000 0.000000 1.000000 0.000000
0.999550 -0.030002 0.000000 133.565408 0.030002 0.999550 0.000000 5.747530 0.000000 0.000000 1.000000 0.000000
0.999549 -0.030013 0.000000 136.157117 0.030013 0.999549 0.000000 5.819821 0.000000 0.000000 1.000000 0.000000
0.999540 -0.030327 0.000000 138.773941 0.030327 0.999540 0.000000 5.894292 0.000000 0.000000 1.000000 0.000000
0.999491 -0.031901 0.000000 141.400322 0.031901 0.999491 0.000000 5.958624 0.000000 0.000000 1.000000 0.000000
0.999472 -0.032495 0.000000 144.007127 0.032495 0.999472 0.000000 6.042379 0.000000 0.000000 1.000000 0.000000
0.999413 -0.034269 0.000000 146.568619 0.034269 0.999413 0.000000 6.111435 0.000000 0.000000 1.000000 0.000000
0.999378 -0.035278 0.000000 149.032381 0.035278 0.999378 0.000000 6.184772 0.000000 0.000000 1.000000 0.000000
0.999344 -0.036207 0.000000 151.411472 0.036207 0.999344 0.000000 6.261232 0.000000 0.000000 1.000000 0.000000
0.999283 -0.037866 0.000000 153.967869 0.037866 0.999283 0.000000 6.335268 0.000000 0.000000 1.000000 0.000000
0.999251 -0.038695 0.000000 156.477452 0.038695 0.999251 0.000000 6.427430 0.000000 0.000000 1.000000 0.000000
0.999211 -0.039714 0.000000 158.940863 0.039714 0.999211 0.000000 6.525801 0.000000 0.000000 1.000000 0.000000
0.999182 -0.040441 0.000000 161.380692 0.040441 0.999182 0.000000 6.617677 0.000000 0.000000 1.000000 0.000000
0.999129 -0.041723 0.000000 163.818900 0.041723 0.999129 0.000000 6.705240 0.000000 0.000000 1.000000 0.000000
0.999082 -0.042841 0.000000 166.163692 0.042841 0.999082 0.000000 6.792230 0.000000 0.000000 1.000000 0.000000
0.999031 -0.044002 0.000000 168.491699 0.044002 0.999031 0.000000 6.882849 0.000000 0.000000 1.000000 0.000000
0.998961 -0.045581 0.000000 170.793790 0.045581 0.998961 0.000000 6.977407 0.000000 0.000000 1.000000 0.000000
0.998835 -0.048254 0.000000 173.054538 0.048254 0.998835 0.000000 7.068528 0.000000 0.000000 1.000000 0.000000
0.998682 -0.051333 0.000000 175.315885 0.051333 0.998682 0.000000 7.175802 0.000000 0.000000 1.000000 0.000000
0.998549 -0.053846 0.000000 177.523571 0.053846 0.998549 0.000000 7.287872 0.000000 0.000000 1.000000 0.000000
0.998362 -0.057214 0.000000 179.729306 0.057214 0.998362 0.000000 7.403161 0.000000 0.000000 1.000000 0.000000
0.998207 -0.059861 0.000000 181.901425 0.059861 0.998207 0.000000 7.528794 0.000000 0.000000 1.000000 0.000000
0.998030 -0.062742 0.000000 184.063403 0.062742 0.998030 0.000000 7.664507 0.000000 0.000000 1.000000 0.000000
0.997849 -0.065557 0.000000 186.191240 0.065557 0.997849 0.000000 7.799064 0.000000 0.000000 1.000000 0.000000
0.997622 -0.068926 0.000000 188.275515 0.068926 0.997622 0.000000 7.936316 0.000000 0.000000 1.000000 0.000000
0.997319 -0.073178 0.000000 190.302894 0.073178 0.997319 0.000000 8.080179 0.000000 0.000000 1.000000 0.000000
0.996875 -0.079000 0.000000 192.294142 0.079000 0.996875 0.000000 8.236251 0.000000 0.000000 1.000000 0.000000
0.996140 -0.087777 0.000000 194.234499 0.087777 0.996140 0.000000 8.398917 0.000000 0.000000 1.000000 0.000000
0.995336 -0.096464 0.000000 196.122047 0.096464 0.995336 0.000000 8.577588 0.000000 0.000000 1.000000 0.000000
0.994263 -0.106963 0.000000 197.958554 0.106963 0.994263 0.000000 8.764252 0.000000 0.000000 1.000000 0.000000
0.993007 -0.118055 0.000000 199.770614 0.118055 0.993007 0.000000 8.973394 0.000000 0.000000 1.000000 0.000000
0.991902 -0.127002 0.000000 201.580816 0.127002 0.991902 0.000000 9.201523 0.000000 0.000000 1.000000 0.000000
0.991148 -0.132760 0.000000 203.368378 0.132760 0.991148 0.000000 9.437398 0.000000 0.000000 1.000000 0.000000
0.990608 -0.136730 0.000000 205.132297 0.136730 0.990608 0.000000 9.672894 0.000000 0.000000 1.000000 0.000000
0.990179 -0.139805 0.000000 206.869302 0.139805 0.990179 0.000000 9.917221 0.000000 0.000000 1.000000 0.000000
0.989746 -0.142839 0.000000 208.598833 0.142839 0.989746 0.000000 10.165019 0.000000 0.000000 1.000000 0.000000
0.989512 -0.144449 0.000000 210.010268 0.144449 0.989512 0.000000 10.372349 0.000000 0.000000 1.000000 0.000000
0.988985 -0.148018 0.000000 211.506221 0.148018 0.988985 0.000000 10.593749 0.000000 0.000000 1.000000 0.000000
0.988597 -0.150586 0.000000 213.174825 0.150586 0.988597 0.000000 10.842504 0.000000 0.000000 1.000000 0.000000
0.988272 -0.152706 0.000000 214.837797 0.152706 0.988272 0.000000 11.100776 0.000000 0.000000 1.000000 0.000000
0.987792 -0.155777 0.000000 216.463870 0.155777 0.987792 0.000000 11.348377 0.000000 0.000000 1.000000 0.000000
0.987104 -0.160081 0.000000 218.070260 0.160081 0.987104 0.000000 11.607151 0.000000 0.000000 1.000000 0.000000
0.986190 -0.165619 0.000000 219.667054 0.165619 0.986190 0.000000 11.866883 0.000000 0.000000 1.000000 0.000000
0.985685 -0.168597 0.000000 221.230010 0.168597 0.985685 0.000000 12.125582 0.000000 0.000000 1.000000 0.000000
0.985721 -0.168386 0.000000 222.742632 0.168386 0.985721 0.000000 12.380652 0.000000 0.000000 1.000000 0.000000
0.986055 -0.166420 0.000000 225.635964 0.166420 0.986055 0.000000 12.861856 0.000000 0.000000 1.000000 0.000000
0.986415 -0.164275 0.000000 228.402038 0.164275 0.986415 0.000000 13.316396 0.000000 0.000000 1.000000 0.000000
0.986198 -0.165571 0.000000 231.051321 0.165571 0.986198 0.000000 13.747388 0.000000 0.000000 1.000000 0.000000
0.985944 -0.167076 0.000000 233.543588 0.167076 0.985944 0.000000 14.155998 0.000000 0.000000 1.000000 0.000000
0.984856 -0.173372 0.000000 235.983236 0.173372 0.984856 0.000000 14.575343 0.000000 0.000000 1.000000 0.000000
0.984188 -0.177125 0.000000 238.359767 0.177125 0.984188 0.000000 14.992279 0.000000 0.000000 1.000000 0.000000
0.984794 -0.173728 0.000000 240.707444 0.173728 0.984794 0.000000 15.394950 0.000000 0.000000 1.000000 0.000000
0.986082 -0.166257 0.000000 243.049202 0.166257 0.986082 0.000000 15.780512 0.000000 0.000000 1.000000 0.000000
0.987532 -0.157418 0.000000 245.522104 0.157418 0.987532 0.000000 16.172247 0.000000 0.000000 1.000000 0.000000
0.988281 -0.152648 0.000000 248.287647 0.152648 0.988281 0.000000 16.591110 0.000000 0.000000 1.000000 0.000000
0.987391 -0.158299 0.000000 251.252992 0.158299 0.987391 0.000000 17.045679 0.000000 0.000000 1.000000 0.000000
0.986580 -0.163278 0.000000 252.824790 0.163278 0.986580 0.000000 17.303067 0.000000 0.000000 1.000000 0.000000
0.985702 -0.168497 0.000000 254.422713 0.168497 0.985702 0.000000 17.574045 0.000000 0.000000 1.000000 0.000000
0.985471 -0.169846 0.000000 256.051794 0.169846 0.985471 0.000000 17.851652 0.000000 0.000000 1.000000 0.000000
0.985214 -0.171331 0.000000 257.719224 0.171331 0.985214 0.000000 18.137127 0.000000 0.000000 1.000000 0.000000
0.985387 -0.170332 0.000000 259.228808 0.170332 0.985387 0.000000 18.395543 0.000000 0.000000 1.000000 0.000000
0.985668 -0.168695 0.000000 260.834780 0.168695 0.985668 0.000000 18.669979 0.000000 0.000000 1.000000 0.000000
0.985799 -0.167928 0.000000 262.557450 0.167928 0.985799 0.000000 18.958478 0.000000 0.000000 1.000000 0.000000
0.986223 -0.165422 0.000000 264.363735 0.165422 0.986223 0.000000 19.257377 0.000000 0.000000 1.000000 0.000000
0.986603 -0.163139 0.000000 266.217707 0.163139 0.986603 0.000000 19.551658 0.000000 0.000000 1.000000 0.000000
0.987183 -0.159591 0.000000 268.027183 0.159591 0.987183 0.000000 19.829246 0.000000 0.000000 1.000000 0.000000
0.987272 -0.159042 0.000000 269.707765 0.159042 0.987272 0.000000 20.081098 0.000000 0.000000 1.000000 0.000000
0.987782 -0.155843 0.000000 271.405691 0.155843 0.987782 0.000000 20.336483 0.000000 0.000000 1.000000 0.000000
0.988371 -0.152063 0.000000 273.297631 0.152063 0.988371 0.000000 20.613890 0.000000 0.000000 1.000000 0.000000
0.989113 -0.147160 0.000000 275.186336 0.147160 0.989113 0.000000 20.879735 0.000000 0.000000 1.000000 0.000000
0.990113 -0.140270 0.000000 277.117873 0.140270 0.990113 0.000000 21.142188 0.000000 0.000000 1.000000 0.000000
0.991036 -0.133597 0.000000 278.946900 0.133597 0.991036 0.000000 21.380301 0.000000 0.000000 1.000000 0.000000
0.991716 -0.128447 0.000000 280.765770 0.128447 0.991716 0.000000 21.600463 0.000000 0.000000 1.000000 0.000000
0.992335 -0.123578 0.000000 282.716122 0.123578 0.992335 0.000000 21.836486 0.000000 0.000000 1.000000 0.000000
0.993065 -0.117565 0.000000 284.472467 0.117565 0.993065 0.000000 22.041264 0.000000 0.000000 1.000000 0.000000
0.993709 -0.111994 0.000000 286.394162 0.111994 0.993709 0.000000 22.253407 0.000000 0.000000 1.000000 0.000000
0.994330 -0.106341 0.000000 288.358511 0.106341 0.994330 0.000000 22.457899 0.000000 0.000000 1.000000 0.000000
0.994653 -0.103272 0.000000 290.344531 0.103272 0.994653 0.000000 22.657642 0.000000 0.000000 1.000000 0.000000
0.994816 -0.101689 0.000000 292.351011 0.101689 0.994816 0.000000 22.859600 0.000000 0.000000 1.000000 0.000000
0.995102 -0.098851 0.000000 294.330880 0.098851 0.995102 0.000000 23.052234 0.000000 0.000000 1.000000 0.000000
0.995244 -0.097415 0.000000 296.351459 0.097415 0.995244 0.000000 23.246196 0.000000 0.000000 1.000000 0.000000
0.995471 -0.095065 0.000000 298.377212 0.095065 0.995471 0.000000 23.434605 0.000000 0.000000 1.000000 0.000000
0.995666 -0.093003 0.000000 300.373885 0.093003 0.995666 0.000000 23.613667 0.000000 0.000000 1.000000 0.000000
0.995760 -0.091986 0.000000 302.350133 0.091986 0.995760 0.000000 23.789873 0.000000 0.000000 1.000000 0.000000
0.995967 -0.089723 0.000000 304.291113 0.089723 0.995967 0.000000 23.959751 0.000000 0.000000 1.000000 0.000000
0.996216 -0.086909 0.000000 306.195443 0.086909 0.996216 0.000000 24.119902 0.000000 0.000000 1.000000 0.000000
0.996257 -0.086437 0.000000 307.979634 0.086437 0.996257 0.000000 24.260933 0.000000 0.000000 1.000000 0.000000
0.996503 -0.083558 0.000000 309.701762 0.083558 0.996503 0.000000 24.401348 0.000000 0.000000 1.000000 0.000000
0.996613 -0.082235 0.000000 311.506068 0.082235 0.996613 0.000000 24.548581 0.000000 0.000000 1.000000 0.000000
0.996834 -0.079514 0.000000 313.237008 0.079514 0.996834 0.000000 24.682720 0.000000 0.000000 1.000000 0.000000
0.996898 -0.078708 0.000000 314.970119 0.078708 0.996898 0.000000 24.820144 0.000000 0.000000 1.000000 0.000000
0.996890 -0.078810 0.000000 316.631774 0.078810 0.996890 0.000000 24.949475 0.000000 0.000000 1.000000 0.000000
0.996952 -0.078019 0.000000 318.249881 0.078019 0.996952 0.000000 25.067784 0.000000 0.000000 1.000000 0.000000
0.997084 -0.076317 0.000000 320.087832 0.076317 0.997084 0.000000 25.196305 0.000000 0.000000 1.000000 0.000000
0.997382 -0.072318 0.000000 321.913615 0.072318 0.997382 0.000000 25.316884 0.000000 0.000000 1.000000 0.000000
0.997717 -0.067538 0.000000 323.747921 0.067538 0.997717 0.000000 25.435490 0.000000 0.000000 1.000000 0.000000
0.998076 -0.062002 0.000000 325.586788 0.062002 0.998076 0.000000 25.546705 0.000000 0.000000 1.000000 0.000000
0.998529 -0.054217 0.000000 327.458442 0.054217 0.998529 0.000000 25.646271 0.000000 0.000000 1.000000 0.000000
0.998921 -0.046438 0.000000 329.390999 0.046438 0.998921 0.000000 25.733406 0.000000 0.000000 1.000000 0.000000
0.999164 -0.040882 0.000000 331.327242 0.040882 0.999164 0.000000 25.813087 0.000000 0.000000 1.000000 0.000000
0.999401 -0.034602 0.000000 333.292377 0.034602 0.999401 0.000000 25.874821 0.000000 0.000000 1.000000 0.000000
0.999599 -0.028321 0.000000 335.226484 0.028321 0.999599 0.000000 25.923736 0.000000 0.000000 1.000000 0.000000
0.999746 -0.022544 0.000000 337.166156 0.022544 0.999746 0.000000 25.961612 0.000000 0.000000 1.000000 0.000000
0.999830 -0.018426 0.000000 339.203953 0.018426 0.999830 0.000000 25.994916 0.000000 0.000000 1.000000 0.000000
0.999894 -0.014547 0.000000 341.310714 0.014547 0.999894 0.000000 26.020537 0.000000 0.000000 1.000000 0.000000
0.999935 -0.011383 0.000000 343.430973 0.011383 0.999935 0.000000 26.044594 0.000000 0.000000 1.000000 0.000000
0.999978 -0.006622 0.000000 345.435055 0.006622 0.999978 0.000000 26.058252 0.000000 0.000000 1.000000 0.000000
0.999990 -0.004513 0.000000 347.401778 0.004513 0.999990 0.000000 26.059235 0.000000 0.000000 1.000000 0.000000
1.000000 -0.000941 0.000000 349.449686 0.000941 1.000000 0.000000 26.057010 0.000000 0.000000 1.000000 0.000000
1.000000 0.000478 0.000000 351.447821 -0.000478 1.000000 -0.000000 26.050438 -0.000000 0.000000 1.000000 0.000000
0.999999 0.001296 0.000000 353.466251 -0.001296 0.999999 -0.000000 26.044937 -0.000000 0.000000 1.000000 0.000000
0.999998 0.002083 0.000000 355.515800 -0.002083 0.999998 -0.000000 26.041930 -0.000000 0.000000 1.000000 0.000000
0.999998 0.002016 0.000000 357.551298 -0.002016 0.999998 -0.000000 26.036286 -0.000000 0.000000 1.000000 0.000000
0.999994 0.003558 0.000000 359.664981 -0.003558 0.999994 -0.000000 26.026309 -0.000000 0.000000 1.000000 0.000000
0.999995 0.003198 0.000000 361.748212 -0.003198 0.999995 -0.000000 26.010767 -0.000000 0.000000 1.000000 0.000000
0.999995 0.003172 0.000000 363.847045 -0.003172 0.999995 -0.000000 25.999003 -0.000000 0.000000 1.000000 0.000000
0.999998 0.002163 0.000000 365.930810 -0.002163 0.999998 -0.000000 25.987298 -0.000000 0.000000 1.000000 0.000000
0.999999 0.001080 0.000000 367.999246 -0.001080 0.999999 -0.000000 25.980653 -0.000000 0.000000 1.000000 0.000000
0.999998 -0.001747 0.000000 370.062999 0.001747 0.999998 0.000000 25.977383 0.000000 0.000000 1.000000 0.000000
0.999990 -0.004544 0.000000 372.168751 0.004544 0.999990 0.000000 25.980245 0.000000 0.000000 1.000000 0.000000
0.999970 -0.007770 0.000000 374.278978 0.007770 0.999970 0.000000 25.984274 0.000000 0.000000 1.000000 0.000000
0.999947 -0.010299 0.000000 376.406133 0.010299 0.999947 0.000000 25.994622 0.000000 0.000000 1.000000 0.000000
0.999910 -0.013395 0.000000 378.564717 0.013395 0.999910 0.000000 26.005277 0.000000 0.000000 1.000000 0.000000
0.999843 -0.017729 0.000000 380.717036 0.017729 0.999843 0.000000 26.025683 0.000000 0.000000 1.000000 0.000000
0.999760 -0.021888 0.000000 382.808164 0.021888 0.999760 0.000000 26.056897 0.000000 0.000000 1.000000 0.000000
0.999657 -0.026175 0.000000 384.865533 0.026175 0.999657 0.000000 26.094384 0.000000 0.000000 1.000000 0.000000
0.999510 -0.031306 0.000000 386.940883 0.031306 0.999510 0.000000 26.134362 0.000000 0.000000 1.000000 0.000000
0.999354 -0.035940 0.000000 389.068808 0.035940 0.999354 0.000000 26.188476 0.000000 0.000000 1.000000 0.000000
0.999164 -0.040885 0.000000 391.257497 0.040885 0.999164 0.000000 26.259641 0.000000 0.000000 1.000000 0.000000
0.998938 -0.046065 0.000000 393.422300 0.046065 0.998938 0.000000 26.337675 0.000000 0.000000 1.000000 0.000000
0.998702 -0.050932 0.000000 395.542018 0.050932 0.998702 0.000000 26.422853 0.000000 0.000000 1.000000 0.000000
0.998409 -0.056387 0.000000 397.631074 0.056387 0.998409 0.000000 26.521804 0.000000 0.000000 1.000000 0.000000
0.998178 -0.060334 0.000000 399.689233 0.060334 0.998178 0.000000 26.633590 0.000000 0.000000 1.000000 0.000000
0.997914 -0.064552 0.000000 401.754525 0.064552 0.997914 0.000000 26.746506 0.000000 0.000000 1.000000 0.000000
0.997809 -0.066157 0.000000 403.614326 0.066157 0.997809 0.000000 26.851272 0.000000 0.000000 1.000000 0.000000
0.997815 -0.066071 0.000000 405.597937 0.066071 0.997815 0.000000 26.966978 0.000000 0.000000 1.000000 0.000000
0.997791 -0.066425 0.000000 407.627053 0.066425 0.997791 0.000000 27.085816 0.000000 0.000000 1.000000 0.000000
0.997739 -0.067210 0.000000 409.592439 0.067210 0.997739 0.000000 27.200889 0.000000 0.000000 1.000000 0.000000
0.997686 -0.067988 0.000000 411.429285 0.067988 0.997686 0.000000 27.311770 0.000000 0.000000 1.000000 0.000000
0.997695 -0.067855 0.000000 413.241784 0.067855 0.997695 0.000000 27.418748 0.000000 0.000000 1.000000 0.000000
0.997470 -0.071089 0.000000 415.140280 0.071089 0.997470 0.000000 27.532828 0.000000 0.000000 1.000000 0.000000
0.997323 -0.073120 0.000000 417.052279 0.073120 0.997323 0.000000 27.657172 0.000000 0.000000 1.000000 0.000000
0.997285 -0.073632 0.000000 418.929650 0.073632 0.997285 0.000000 27.780207 0.000000 0.000000 1.000000 0.000000
0.997169 -0.075187 0.000000 420.801840 0.075187 0.997169 0.000000 27.901470 0.000000 0.000000 1.000000 0.000000
0.997079 -0.076381 0.000000 422.658064 0.076381 0.997079 0.000000 28.026953 0.000000 0.000000 1.000000 0.000000
0.997153 -0.075409 0.000000 424.453894 0.075409 0.997153 0.000000 28.152242 0.000000 0.000000 1.000000 0.000000
0.997382 -0.072311 0.000000 426.238228 0.072311 0.997382 0.000000 28.264764 0.000000 0.000000 1.000000 0.000000
0.997831 -0.065835 0.000000 427.946199 0.065835 0.997831 0.000000 28.366338 0.000000 0.000000 1.000000 0.000000
0.998690 -0.051176 0.000000 429.592562 0.051176 0.998690 0.000000 28.445258 0.000000 0.000000 1.000000 0.000000
0.999619 -0.027608 0.000000 431.172977 0.027608 0.999619 0.000000 28.483060 0.000000 0.000000 1.000000 0.000000
0.999576 0.029121 0.000000 434.104519 -0.029121 0.999576 -0.000000 28.427969 -0.000000 0.000000 1.000000 0.000000
0.993422 0.114512 0.000000 436.761658 -0.114512 0.993422 -0.000000 28.163421 -0.000000 0.000000 1.000000 0.000000
0.973773 0.227523 0.000000 439.033223 -0.227523 0.973773 -0.000000 27.662059 -0.000000 0.000000 1.000000 0.000000
0.943299 0.331945 0.000000 440.926919 -0.331945 0.943299 -0.000000 27.013710 -0.000000 0.000000 1.000000 0.000000
0.897434 0.441149 0.000000 442.486282 -0.441149 0.897434 -0.000000 26.253522 -0.000000 0.000000 1.000000 0.000000
0.832414 0.554154 0.000000 443.696958 -0.554154 0.832414 -0.000000 25.439752 -0.000000 0.000000 1.000000 0.000000
0.754320 0.656506 0.000000 444.612950 -0.656506 0.754320 -0.000000 24.604618 -0.000000 0.000000 1.000000 0.000000
0.683573 0.729882 0.000000 445.154922 -0.729882 0.683573 -0.000000 23.958217 -0.000000 0.000000 1.000000 0.000000
0.617073 0.786906 0.000000 445.494687 -0.786906 0.617073 -0.000000 23.451782 -0.000000 0.000000 1.000000 0.000000
0.544271 0.838910 0.000000 445.831492 -0.838910 0.544271 -0.000000 22.849337 -0.000000 0.000000 1.000000 0.000000
0.462761 0.886483 0.000000 446.081636 -0.886483 0.462761 -0.000000 22.264850 -0.000000 0.000000 1.000000 0.000000
0.342678 0.939453 0.000000 446.297059 -0.939453 0.342678 -0.000000 21.517840 -0.000000 0.000000 1.000000 0.000000
0.212599 0.977139 0.000000 446.386002 -0.977139 0.212599 -0.000000 20.707700 -0.000000 0.000000 1.000000 0.000000
0.038143 0.999272 0.000000 446.410420 -0.999272 0.038143 -0.000000 19.518705 -0.000000 0.000000 1.000000 0.000000
-0.061736 0.998092 0.000000 446.333217 -0.998092 -0.061736 -0.000000 18.813761 -0.000000 0.000000 1.000000 0.000000
-0.170753 0.985314 0.000000 446.164729 -0.985314 -0.170753 -0.000000 18.083604 -0.000000 0.000000 1.000000 0.000000
-0.283514 0.958968 0.000000 445.897966 -0.958968 -0.283514 -0.000000 17.314068 -0.000000 0.000000 1.000000 0.000000
-0.391256 0.920282 0.000000 445.504333 -0.920282 -0.391256 -0.000000 16.492837 -0.000000 0.000000 1.000000 0.000000
-0.493084 0.869982 0.000000 444.960607 -0.869982 -0.493084 -0.000000 15.610837 -0.000000 0.000000 1.000000 0.000000
-0.590728 0.806871 0.000000 444.288470 -0.806871 -0.590728 0.000000 14.762523 0.000000 0.000000 1.000000 0.000000
-0.675765 0.737117 0.000000 443.483241 -0.737117 -0.675765 0.000000 13.911464 0.000000 0.000000 1.000000 0.000000
-0.743358 0.668894 0.000000 442.542277 -0.668894 -0.743358 0.000000 13.096675 0.000000 0.000000 1.000000 0.000000
-0.822614 0.568601 0.000000 440.318112 -0.568601 -0.822614 0.000000 11.513836 0.000000 0.000000 1.000000 0.000000
-0.848072 0.529881 0.000000 437.789362 -0.529881 -0.848072 0.000000 9.912275 0.000000 0.000000 1.000000 0.000000
-0.851925 0.523664 0.000000 436.410337 -0.523664 -0.851925 0.000000 9.078063 0.000000 0.000000 1.000000 0.000000
-0.854413 0.519595 0.000000 434.938878 -0.519595 -0.854413 0.000000 8.187576 0.000000 0.000000 1.000000 0.000000
-0.859111 0.511790 0.000000 433.348892 -0.511790 -0.859111 0.000000 7.240782 0.000000 0.000000 1.000000 0.000000
-0.865922 0.500178 0.000000 431.674634 -0.500178 -0.865922 0.000000 6.279240 0.000000 0.000000 1.000000 0.000000
-0.872835 0.488015 0.000000 430.022569 -0.488015 -0.872835 0.000000 5.363219 0.000000 0.000000 1.000000 0.000000
-0.879234 0.476389 0.000000 428.302122 -0.476389 -0.879234 0.000000 4.439491 0.000000 0.000000 1.000000 0.000000
-0.884590 0.466370 0.000000 426.531662 -0.466370 -0.884590 0.000000 3.517138 0.000000 0.000000 1.000000 0.000000
-0.888749 0.458394 0.000000 424.733190 -0.458394 -0.888749 0.000000 2.598636 0.000000 0.000000 1.000000 0.000000
-0.891959 0.452117 0.000000 422.944996 -0.452117 -0.891959 0.000000 1.703713 0.000000 0.000000 1.000000 0.000000
-0.893727 0.448611 0.000000 421.153486 -0.448611 -0.893727 0.000000 0.820026 0.000000 0.000000 1.000000 0.000000
-0.895317 0.445429 0.000000 419.372717 -0.445429 -0.895317 0.000000 -0.059921 0.000000 0.000000 1.000000 0.000000
-0.895990 0.444075 0.000000 417.612843 -0.444075 -0.895990 0.000000 -0.921557 0.000000 0.000000 1.000000 0.000000
-0.896310 0.443427 0.000000 415.873400 -0.443427 -0.896310 0.000000 -1.772932 0.000000 0.000000 1.000000 0.000000
-0.896425 0.443195 0.000000 414.115452 -0.443195 -0.896425 0.000000 -2.625001 0.000000 0.000000 1.000000 0.000000
-0.896340 0.443368 0.000000 412.471724 -0.443368 -0.896340 0.000000 -3.423074 0.000000 0.000000 1.000000 0.000000
-0.896070 0.443914 0.000000 410.816538 -0.443914 -0.896070 0.000000 -4.232324 0.000000 0.000000 1.000000 0.000000
-0.896135 0.443781 0.000000 409.154253 -0.443781 -0.896135 0.000000 -5.043816 0.000000 0.000000 1.000000 0.000000
-0.896324 0.443399 0.000000 407.495552 -0.443399 -0.896324 0.000000 -5.855664 0.000000 0.000000 1.000000 0.000000
-0.896450 0.443145 0.000000 405.795949 -0.443145 -0.896450 0.000000 -6.684766 0.000000 0.000000 1.000000 0.000000
-0.896789 0.442458 0.000000 404.158022 -0.442458 -0.896789 0.000000 -7.483698 0.000000 0.000000 1.000000 0.000000
-0.896861 0.442312 0.000000 402.537206 -0.442312 -0.896861 0.000000 -8.274082 0.000000 0.000000 1.000000 0.000000
-0.896407 0.443233 0.000000 400.936389 -0.443233 -0.896407 0.000000 -9.055964 0.000000 0.000000 1.000000 0.000000
-0.896097 0.443859 0.000000 399.357272 -0.443859 -0.896097 0.000000 -9.831202 0.000000 0.000000 1.000000 0.000000
-0.895531 0.444999 0.000000 397.771965 -0.444999 -0.895531 0.000000 -10.600474 0.000000 0.000000 1.000000 0.000000
-0.895589 0.444882 0.000000 396.198575 -0.444882 -0.895589 0.000000 -11.377538 0.000000 0.000000 1.000000 0.000000
-0.895800 0.444458 0.000000 394.665475 -0.444458 -0.895800 0.000000 -12.129872 0.000000 0.000000 1.000000 0.000000
-0.897177 0.441671 0.000000 393.156926 -0.441671 -0.897177 0.000000 -12.867973 0.000000 0.000000 1.000000 0.000000
-0.898424 0.439129 0.000000 391.645566 -0.439129 -0.898424 0.000000 -13.600128 0.000000 0.000000 1.000000 0.000000
-0.899478 0.436967 0.000000 390.245021 -0.436967 -0.899478 0.000000 -14.274952 0.000000 0.000000 1.000000 0.000000
-0.899553 0.436811 0.000000 388.778719 -0.436811 -0.899553 0.000000 -14.978307 0.000000 0.000000 1.000000 0.000000
-0.899781 0.436342 0.000000 387.341724 -0.436342 -0.899781 0.000000 -15.670429 0.000000 0.000000 1.000000 0.000000
-0.900442 0.434975 0.000000 385.993967 -0.434975 -0.900442 0.000000 -16.315800 0.000000 0.000000 1.000000 0.000000
-0.902652 0.430371 0.000000 383.472669 -0.430371 -0.902652 0.000000 -17.517450 0.000000 0.000000 1.000000 0.000000
-0.905307 0.424758 0.000000 381.133186 -0.424758 -0.905307 0.000000 -18.607056 0.000000 0.000000 1.000000 0.000000
-0.905987 0.423306 0.000000 379.077031 -0.423306 -0.905987 0.000000 -19.560139 0.000000 0.000000 1.000000 0.000000
-0.907480 0.420095 0.000000 377.264367 -0.420095 -0.907480 0.000000 -20.397776 0.000000 0.000000 1.000000 0.000000
-0.908753 0.417335 0.000000 375.710262 -0.417335 -0.908753 0.000000 -21.102008 0.000000 0.000000 1.000000 0.000000
-0.909614 0.415454 0.000000 373.815392 -0.415454 -0.909614 0.000000 -21.959999 0.000000 0.000000 1.000000 0.000000
-0.910628 0.413228 0.000000 372.149131 -0.413228 -0.910628 0.000000 -22.716221 0.000000 0.000000 1.000000 0.000000
-0.911095 0.412197 0.000000 370.675411 -0.412197 -0.911095 0.000000 -23.377533 0.000000 0.000000 1.000000 0.000000
-0.913193 0.407526 0.000000 369.262327 -0.407526 -0.913193 0.000000 -24.000622 0.000000 0.000000 1.000000 0.000000
-0.914989 0.403479 0.000000 367.389553 -0.403479 -0.914989 0.000000 -24.821508 0.000000 0.000000 1.000000 0.000000
-0.917501 0.397733 0.000000 365.301582 -0.397733 -0.917501 0.000000 -25.719376 0.000000 0.000000 1.000000 0.000000
-0.919798 0.392393 0.000000 363.525361 -0.392393 -0.919798 0.000000 -26.471782 0.000000 0.000000 1.000000 0.000000
-0.921607 0.388125 0.000000 361.439468 -0.388125 -0.921607 0.000000 -27.348718 0.000000 0.000000 1.000000 0.000000
-0.923565 0.383442 0.000000 359.008665 -0.383442 -0.923565 0.000000 -28.353171 0.000000 0.000000 1.000000 0.000000
-0.925842 0.377910 0.000000 356.415184 -0.377910 -0.925842 0.000000 -29.404339 0.000000 0.000000 1.000000 0.000000
-0.927084 0.374853 0.000000 353.560310 -0.374853 -0.927084 0.000000 -30.544829 0.000000 0.000000 1.000000 0.000000
-0.927249 0.374445 0.000000 352.028469 -0.374445 -0.927249 0.000000 -31.151614 0.000000 0.000000 1.000000 0.000000
-0.927310 0.374294 0.000000 350.495537 -0.374294 -0.927310 0.000000 -31.762188 0.000000 0.000000 1.000000 0.000000
-0.927816 0.373038 0.000000 348.923610 -0.373038 -0.927816 0.000000 -32.387660 0.000000 0.000000 1.000000 0.000000
-0.928152 0.372200 0.000000 347.333930 -0.372200 -0.928152 0.000000 -33.019593 0.000000 0.000000 1.000000 0.000000
-0.929336 0.369236 0.000000 345.770621 -0.369236 -0.929336 0.000000 -33.630169 0.000000 0.000000 1.000000 0.000000
-0.931236 0.364418 0.000000 344.174008 -0.364418 -0.931236 0.000000 -34.244253 0.000000 0.000000 1.000000 0.000000
-0.934173 0.356820 0.000000 342.490632 -0.356820 -0.934173 0.000000 -34.884381 0.000000 0.000000 1.000000 0.000000
-0.937621 0.347660 0.000000 340.738965 -0.347660 -0.937621 0.000000 -35.525320 0.000000 0.000000 1.000000 0.000000
-0.940317 0.340301 0.000000 338.978974 -0.340301 -0.940317 0.000000 -36.162429 0.000000 0.000000 1.000000 0.000000
-0.943209 0.332199 0.000000 337.165113 -0.332199 -0.943209 0.000000 -36.793601 0.000000 0.000000 1.000000 0.000000
-0.945997 0.324174 0.000000 335.157310 -0.324174 -0.945997 0.000000 -37.475758 0.000000 0.000000 1.000000 0.000000
-0.948716 0.316131 0.000000 333.214279 -0.316131 -0.948716 0.000000 -38.122221 0.000000 0.000000 1.000000 0.000000
-0.950342 0.311209 0.000000 331.260904 -0.311209 -0.950342 0.000000 -38.755455 0.000000 0.000000 1.000000 0.000000
-0.951018 0.309134 0.000000 329.200608 -0.309134 -0.951018 0.000000 -39.415081 0.000000 0.000000 1.000000 0.000000
-0.952005 0.306081 0.000000 327.114670 -0.306081 -0.952005 0.000000 -40.074909 0.000000 0.000000 1.000000 0.000000
-0.952818 0.303543 0.000000 325.018672 -0.303543 -0.952818 0.000000 -40.731338 0.000000 0.000000 1.000000 0.000000
-0.953870 0.300220 0.000000 322.956103 -0.300220 -0.953870 0.000000 -41.371366 0.000000 0.000000 1.000000 0.000000
-0.954916 0.296876 0.000000 320.885952 -0.296876 -0.954916 0.000000 -41.999799 0.000000 0.000000 1.000000 0.000000
-0.955464 0.295108 0.000000 318.737943 -0.295108 -0.955464 0.000000 -42.650134 0.000000 0.000000 1.000000 0.000000
-0.956128 0.292950 0.000000 316.472360 -0.292950 -0.956128 0.000000 -43.347097 0.000000 0.000000 1.000000 0.000000
-0.956348 0.292230 0.000000 314.265503 -0.292230 -0.956348 0.000000 -44.014836 0.000000 0.000000 1.000000 0.000000
-0.955748 0.294188 0.000000 312.145591 -0.294188 -0.955748 0.000000 -44.659441 0.000000 0.000000 1.000000 0.000000
-0.955071 0.296376 0.000000 309.966142 -0.296376 -0.955071 0.000000 -45.333176 0.000000 0.000000 1.000000 0.000000
-0.954177 0.299243 0.000000 307.689710 -0.299243 -0.954177 0.000000 -46.039244 0.000000 0.000000 1.000000 0.000000
-0.953042 0.302837 0.000000 305.552643 -0.302837 -0.953042 0.000000 -46.713860 0.000000 0.000000 1.000000 0.000000
-0.951648 0.307190 0.000000 303.317575 -0.307190 -0.951648 0.000000 -47.422432 0.000000 0.000000 1.000000 0.000000
-0.950417 0.310978 0.000000 301.068313 -0.310978 -0.950417 0.000000 -48.151016 0.000000 0.000000 1.000000 0.000000
-0.949207 0.314653 0.000000 298.816406 -0.314653 -0.949207 0.000000 -48.888590 0.000000 0.000000 1.000000 0.000000
-0.947865 0.318673 0.000000 296.607711 -0.318673 -0.947865 0.000000 -49.622178 0.000000 0.000000 1.000000 0.000000
-0.946595 0.322425 0.000000 294.460150 -0.322425 -0.946595 0.000000 -50.339350 0.000000 0.000000 1.000000 0.000000
-0.945104 0.326769 0.000000 292.071279 -0.326769 -0.945104 0.000000 -51.149876 0.000000 0.000000 1.000000 0.000000
-0.944077 0.329725 0.000000 289.720585 -0.329725 -0.944077 0.000000 -51.969662 0.000000 0.000000 1.000000 0.000000
-0.942917 0.333027 0.000000 287.363898 -0.333027 -0.942917 0.000000 -52.795430 0.000000 0.000000 1.000000 0.000000
-0.941740 0.336342 0.000000 285.031177 -0.336342 -0.941740 0.000000 -53.616655 0.000000 0.000000 1.000000 0.000000
-0.939998 0.341181 0.000000 282.807266 -0.341181 -0.939998 0.000000 -54.410598 0.000000 0.000000 1.000000 0.000000
-0.938848 0.344332 0.000000 280.580428 -0.344332 -0.938848 0.000000 -55.220075 0.000000 0.000000 1.000000 0.000000
-0.937390 0.348281 0.000000 278.374716 -0.348281 -0.937390 0.000000 -56.031859 0.000000 0.000000 1.000000 0.000000
-0.935999 0.352002 0.000000 276.130797 -0.352002 -0.935999 0.000000 -56.868225 0.000000 0.000000 1.000000 0.000000
-0.934790 0.355200 0.000000 273.834338 -0.355200 -0.934790 0.000000 -57.733120 0.000000 0.000000 1.000000 0.000000
-0.933620 0.358266 0.000000 271.555940 -0.358266 -0.933620 0.000000 -58.601534 0.000000 0.000000 1.000000 0.000000
-0.932459 0.361275 0.000000 269.292879 -0.361275 -0.932459 0.000000 -59.472950 0.000000 0.000000 1.000000 0.000000
-0.930568 0.366120 0.000000 267.034594 -0.366120 -0.930568 0.000000 -60.351647 0.000000 0.000000 1.000000 0.000000
-0.929259 0.369429 0.000000 264.799032 -0.369429 -0.929259 0.000000 -61.234970 0.000000 0.000000 1.000000 0.000000
-0.928936 0.370239 0.000000 262.587056 -0.370239 -0.928936 0.000000 -62.115515 0.000000 0.000000 1.000000 0.000000
-0.928460 0.371432 0.000000 260.359587 -0.371432 -0.928460 0.000000 -62.990847 0.000000 0.000000 1.000000 0.000000
-0.928459 0.371435 0.000000 258.101955 -0.371435 -0.928459 0.000000 -63.887589 0.000000 0.000000 1.000000 0.000000
-0.928811 0.370554 0.000000 255.855251 -0.370554 -0.928811 0.000000 -64.779621 0.000000 0.000000 1.000000 0.000000
-0.927686 0.373360 0.000000 253.594842 -0.373360 -0.927686 0.000000 -65.669947 0.000000 0.000000 1.000000 0.000000
-0.926288 0.376815 0.000000 251.324137 -0.376815 -0.926288 0.000000 -66.575584 0.000000 0.000000 1.000000 0.000000
-0.925174 0.379544 0.000000 248.994824 -0.379544 -0.925174 0.000000 -67.521276 0.000000 0.000000 1.000000 0.000000
-0.923753 0.382990 0.000000 246.712207 -0.382990 -0.923753 0.000000 -68.459657 0.000000 0.000000 1.000000 0.000000
-0.923005 0.384788 0.000000 244.417941 -0.384788 -0.923005 0.000000 -69.417200 0.000000 0.000000 1.000000 0.000000
-0.921590 0.388164 0.000000 242.108127 -0.388164 -0.921590 0.000000 -70.377253 0.000000 0.000000 1.000000 0.000000
-0.920812 0.390007 0.000000 239.736513 -0.390007 -0.920812 0.000000 -71.374950 0.000000 0.000000 1.000000 0.000000
-0.920085 0.391719 0.000000 237.468886 -0.391719 -0.920085 0.000000 -72.329162 0.000000 0.000000 1.000000 0.000000
-0.919822 0.392337 0.000000 235.143816 -0.392337 -0.919822 0.000000 -73.313918 0.000000 0.000000 1.000000 0.000000
-0.919456 0.393194 0.000000 232.714532 -0.393194 -0.919456 0.000000 -74.339437 0.000000 0.000000 1.000000 0.000000
-0.919172 0.393856 0.000000 230.289183 -0.393856 -0.919172 0.000000 -75.372385 0.000000 0.000000 1.000000 0.000000
-0.918643 0.395089 0.000000 227.894018 -0.395089 -0.918643 0.000000 -76.391406 0.000000 0.000000 1.000000 0.000000
-0.918395 0.395666 0.000000 225.495034 -0.395666 -0.918395 0.000000 -77.413212 0.000000 0.000000 1.000000 0.000000
-0.918270 0.395956 0.000000 223.078202 -0.395956 -0.918270 0.000000 -78.440993 0.000000 0.000000 1.000000 0.000000
-0.918171 0.396184 0.000000 220.659335 -0.396184 -0.918171 0.000000 -79.467969 0.000000 0.000000 1.000000 0.000000
-0.918880 0.394537 0.000000 218.266706 -0.394537 -0.918880 0.000000 -80.488474 0.000000 0.000000 1.000000 0.000000
-0.919102 0.394020 0.000000 215.895047 -0.394020 -0.919102 0.000000 -81.494521 0.000000 0.000000 1.000000 0.000000
-0.919493 0.393107 0.000000 213.496906 -0.393107 -0.919493 0.000000 -82.502525 0.000000 0.000000 1.000000 0.000000
-0.919986 0.391950 0.000000 211.093040 -0.391950 -0.919986 0.000000 -83.509763 0.000000 0.000000 1.000000 0.000000
-0.920626 0.390446 0.000000 208.745155 -0.390446 -0.920626 0.000000 -84.494441 0.000000 0.000000 1.000000 0.000000
-0.921626 0.388079 0.000000 206.383382 -0.388079 -0.921626 0.000000 -85.478014 0.000000 0.000000 1.000000 0.000000
-0.922315 0.386438 0.000000 203.969515 -0.386438 -0.922315 0.000000 -86.476153 0.000000 0.000000 1.000000 0.000000
-0.923090 0.384584 0.000000 201.541869 -0.384584 -0.923090 0.000000 -87.480356 0.000000 0.000000 1.000000 0.000000
