0.999995 -0.003306 0.000000 -3.885520 0.003306 0.999995 0.000000 1.519177 0.000000 0.000000 1.000000 0.000000 1547120787769098000

0.994916 -0.100709 0.000000 -3.074358 0.100709 0.994916 0.000000 1.637687 0.000000 0.000000 1.000000 0.000000 1547120854808518000

0.977579 -0.210569 0.000000 -2.119577 0.210569 0.977579 0.000000 1.876164 0.000000 0.000000 1.000000 0.000000 1547120855557955000

0.956168 -0.292818 0.000000 -0.586804 0.292818 0.956168 0.000000 2.218886 0.000000 0.000000 1.000000 0.000000 1547120856305224000

0.963901 -0.266260 0.000000 1.576094 0.266260 0.963901 0.000000 2.842677 0.000000 0.000000 1.000000 0.000000 1547120857051166000

0.976377 -0.216075 0.000000 3.398497 0.216075 0.976377 0.000000 3.300724 0.000000 0.000000 1.000000 0.000000 1547120857550653000

0.985188 -0.171477 0.000000 5.584430 0.171477 0.985188 0.000000 3.611673 0.000000 0.000000 1.000000 0.000000 1547120858050213000

0.991814 -0.127692 0.000000 8.103147 0.127692 0.991814 0.000000 3.873401 0.000000 0.000000 1.000000 0.000000 1547120858549837000

0.995079 -0.099080 0.000000 10.889354 0.099080 0.995079 0.000000 4.132165 0.000000 0.000000 1.000000 0.000000 1547120859051930000

0.996832 -0.079535 0.000000 13.835491 0.079535 0.996832 0.000000 4.331227 0.000000 0.000000 1.000000 0.000000 1547120859554126000

0.997653 -0.068468 0.000000 15.417620 0.068468 0.997653 0.000000 4.413116 0.000000 0.000000 1.000000 0.000000 1547120859805212000

0.998117 -0.061346 0.000000 17.064508 0.061346 0.998117 0.000000 4.441061 0.000000 0.000000 1.000000 0.000000 1547120860055582000

0.998377 -0.056954 0.000000 18.724772 0.056954 0.998377 0.000000 4.541331 0.000000 0.000000 1.000000 0.000000 1547120860305586000

0.998580 -0.053267 0.000000 20.396756 0.053267 0.998580 0.000000 4.630059 0.000000 0.000000 1.000000 0.000000 1547120860555428000

0.998835 -0.048254 0.000000 22.116576 0.048254 0.998835 0.000000 4.711519 0.000000 0.000000 1.000000 0.000000 1547120860804440000

0.999017 -0.044333 0.000000 23.857889 0.044333 0.999017 0.000000 4.740041 0.000000 0.000000 1.000000 0.000000 1547120861053940000

0.998991 -0.044915 0.000000 25.576071 0.044915 0.998991 0.000000 4.829616 0.000000 0.000000 1.000000 0.000000 1547120861302992000

0.998723 -0.050530 0.000000 27.326420 0.050530 0.998723 0.000000 4.858005 0.000000 0.000000 1.000000 0.000000 1547120861551517000

0.998428 -0.056050 0.000000 29.097103 0.056050 0.998428 0.000000 4.982682 0.000000 0.000000 1.000000 0.000000 1547120861799957000

0.998067 -0.062142 0.000000 30.949049 0.062142 0.998067 0.000000 5.059614 0.000000 0.000000 1.000000 0.000000 1547120862048022000

0.997915 -0.064535 0.000000 32.715418 0.064535 0.997915 0.000000 5.159813 0.000000 0.000000 1.000000 0.000000 1547120862297013000

0.997906 -0.064680 0.000000 34.603369 0.064680 0.997906 0.000000 5.244016 0.000000 0.000000 1.000000 0.000000 1547120862547596000

0.998018 -0.062929 0.000000 36.487719 0.062929 0.998018 0.000000 5.318427 0.000000 0.000000 1.000000 0.000000 1547120862797755000

0.997932 -0.064283 0.000000 38.334314 0.064283 0.997932 0.000000 5.445824 0.000000 0.000000 1.000000 0.000000 1547120863047278000

0.997656 -0.068422 0.000000 40.277749 0.068422 0.997656 0.000000 5.538574 0.000000 0.000000 1.000000 0.000000 1547120863296520000

0.997408 -0.071957 0.000000 42.209760 0.071957 0.997408 0.000000 5.624754 0.000000 0.000000 1.000000 0.000000 1547120863547696000

0.997038 -0.076905 0.000000 44.162297 0.076905 0.997038 0.000000 5.801028 0.000000 0.000000 1.000000 0.000000 1547120863799870000

0.996659 -0.081681 0.000000 46.129693 0.081681 0.996659 0.000000 5.993210 0.000000 0.000000 1.000000 0.000000 1547120864050982000

0.996453 -0.084147 0.000000 48.085386 0.084147 0.996453 0.000000 6.119524 0.000000 0.000000 1.000000 0.000000 1547120864301986000

0.996504 -0.083546 0.000000 50.084179 0.083546 0.996504 0.000000 6.267700 0.000000 0.000000 1.000000 0.000000 1547120864552855000

0.996818 -0.079707 0.000000 52.077694 0.079707 0.996818 0.000000 6.375056 0.000000 0.000000 1.000000 0.000000 1547120864803556000

0.997124 -0.075793 0.000000 54.156342 0.075793 0.997124 0.000000 6.488130 0.000000 0.000000 1.000000 0.000000 1547120865053725000

0.997460 -0.071229 0.000000 56.180600 0.071229 0.997460 0.000000 6.626722 0.000000 0.000000 1.000000 0.000000 1547120865303443000

0.997585 -0.069452 0.000000 58.235970 0.069452 0.997585 0.000000 6.702423 0.000000 0.000000 1.000000 0.000000 1547120865553008000

0.997786 -0.066505 0.000000 60.242875 0.066505 0.997786 0.000000 6.782251 0.000000 0.000000 1.000000 0.000000 1547120865802141000

0.998017 -0.062943 0.000000 62.328582 0.062943 0.998017 0.000000 6.882983 0.000000 0.000000 1.000000 0.000000 1547120866050895000

0.998290 -0.058453 0.000000 64.396275 0.058453 0.998290 0.000000 6.977118 0.000000 0.000000 1.000000 0.000000 1547120866299413000

0.998558 -0.053677 0.000000 66.428501 0.053677 0.998558 0.000000 7.050995 0.000000 0.000000 1.000000 0.000000 1547120866547889000

0.998960 -0.045586 0.000000 68.457033 0.045586 0.998960 0.000000 7.144126 0.000000 0.000000 1.000000 0.000000 1547120866796493000

0.999215 -0.039627 0.000000 70.583778 0.039627 0.999215 0.000000 7.204593 0.000000 0.000000 1.000000 0.000000 1547120867046439000

0.999353 -0.035976 0.000000 72.635249 0.035976 0.999353 0.000000 7.219791 0.000000 0.000000 1.000000 0.000000 1547120867296638000

0.999579 -0.029000 0.000000 74.683708 0.029000 0.999579 0.000000 7.229799 0.000000 0.000000 1.000000 0.000000 1547120867546159000

0.999687 -0.025029 0.000000 76.781998 0.025029 0.999687 0.000000 7.208781 0.000000 0.000000 1.000000 0.000000 1547120867796056000

0.999766 -0.021623 0.000000 78.828499 0.021623 0.999766 0.000000 7.239527 0.000000 0.000000 1.000000 0.000000 1547120868047187000

0.999813 -0.019332 0.000000 80.926506 0.019332 0.999813 0.000000 7.342022 0.000000 0.000000 1.000000 0.000000 1547120868299103000

0.999784 -0.020773 0.000000 83.062980 0.020773 0.999784 0.000000 7.304498 0.000000 0.000000 1.000000 0.000000 1547120868550316000

0.999682 -0.025220 0.000000 85.114369 0.025220 0.999682 0.000000 7.291636 0.000000 0.000000 1.000000 0.000000 1547120868801013000

0.999543 -0.030220 0.000000 87.241059 0.030220 0.999543 0.000000 7.314181 0.000000 0.000000 1.000000 0.000000 1547120869051543000

0.999375 -0.035342 0.000000 89.326964 0.035342 0.999375 0.000000 7.363380 0.000000 0.000000 1.000000 0.000000 1547120869301605000

0.999217 -0.039576 0.000000 91.397071 0.039576 0.999217 0.000000 7.426902 0.000000 0.000000 1.000000 0.000000 1547120869551398000

0.998837 -0.048216 0.000000 93.513258 0.048216 0.998837 0.000000 7.447915 0.000000 0.000000 1.000000 0.000000 1547120869801162000

0.998439 -0.055854 0.000000 95.619485 0.055854 0.998439 0.000000 7.628645 0.000000 0.000000 1.000000 0.000000 1547120870050426000

0.997909 -0.064642 0.000000 97.668636 0.064642 0.997909 0.000000 7.664451 0.000000 0.000000 1.000000 0.000000 1547120870299556000

0.997430 -0.071652 0.000000 99.758822 0.071652 0.997430 0.000000 7.731841 0.000000 0.000000 1.000000 0.000000 1547120870548510000

0.996914 -0.078501 0.000000 101.832283 0.078501 0.996914 0.000000 7.927233 0.000000 0.000000 1.000000 0.000000 1547120870797225000

0.996501 -0.083585 0.000000 103.853726 0.083585 0.996501 0.000000 8.053601 0.000000 0.000000 1.000000 0.000000 1547120871045838000

0.995965 -0.089740 0.000000 105.904829 0.089740 0.995965 0.000000 8.159926 0.000000 0.000000 1.000000 0.000000 1547120871294076000

0.995517 -0.094582 0.000000 107.934962 0.094582 0.995517 0.000000 8.327933 0.000000 0.000000 1.000000 0.000000 1547120871542891000

0.995159 -0.098279 0.000000 110.018003 0.098279 0.995159 0.000000 8.519285 0.000000 0.000000 1.000000 0.000000 1547120871792444000

0.994734 -0.102490 0.000000 112.067452 0.102490 0.994734 0.000000 8.716494 0.000000 0.000000 1.000000 0.000000 1547120872042355000

0.994468 -0.105041 0.000000 114.072655 0.105041 0.994468 0.000000 8.905633 0.000000 0.000000 1.000000 0.000000 1547120872292140000

0.994264 -0.106950 0.000000 116.073784 0.106950 0.994264 0.000000 9.122929 0.000000 0.000000 1.000000 0.000000 1547120872541909000

0.994048 -0.108945 0.000000 118.020255 0.108945 0.994048 0.000000 9.299034 0.000000 0.000000 1.000000 0.000000 1547120872791603000

0.993833 -0.110887 0.000000 120.109700 0.110887 0.993833 0.000000 9.502441 0.000000 0.000000 1.000000 0.000000 1547120873042222000

0.993991 -0.109465 0.000000 122.119354 0.109465 0.993991 0.000000 9.681295 0.000000 0.000000 1.000000 0.000000 1547120873293821000

0.994320 -0.106431 0.000000 124.192718 0.106431 0.994320 0.000000 9.887856 0.000000 0.000000 1.000000 0.000000 1547120873545449000

0.994479 -0.104936 0.000000 126.220941 0.104936 0.994479 0.000000 10.058653 0.000000 0.000000 1.000000 0.000000 1547120873796001000

0.994948 -0.100392 0.000000 128.324434 0.100392 0.994948 0.000000 10.222573 0.000000 0.000000 1.000000 0.000000 1547120874047472000

0.995489 -0.094878 0.000000 130.382055 0.094878 0.995489 0.000000 10.426250 0.000000 0.000000 1.000000 0.000000 1547120874298679000

0.995955 -0.089851 0.000000 132.435849 0.089851 0.995955 0.000000 10.580661 0.000000 0.000000 1.000000 0.000000 1547120874549154000

0.996357 -0.085284 0.000000 134.544198 0.085284 0.996357 0.000000 10.762516 0.000000 0.000000 1.000000 0.000000 1547120874799562000

0.996320 -0.085709 0.000000 136.627648 0.085709 0.996320 0.000000 10.867109 0.000000 0.000000 1.000000 0.000000 1547120875049765000

0.996288 -0.086082 0.000000 138.677622 0.086082 0.996288 0.000000 11.049457 0.000000 0.000000 1.000000 0.000000 1547120875299561000

0.996191 -0.087200 0.000000 140.808202 0.087200 0.996191 0.000000 11.171335 0.000000 0.000000 1.000000 0.000000 1547120875549135000

0.996088 -0.088370 0.000000 142.908720 0.088370 0.996088 0.000000 11.306657 0.000000 0.000000 1.000000 0.000000 1547120875798232000

0.996070 -0.088566 0.000000 145.032520 0.088566 0.996070 0.000000 11.444046 0.000000 0.000000 1.000000 0.000000 1547120876047296000

0.996207 -0.087019 0.000000 147.100569 0.087019 0.996207 0.000000 11.627968 0.000000 0.000000 1.000000 0.000000 1547120876296403000

0.996230 -0.086751 0.000000 149.274959 0.086751 0.996230 0.000000 11.830699 0.000000 0.000000 1.000000 0.000000 1547120876544941000

0.996192 -0.087182 0.000000 151.400775 0.087182 0.996192 0.000000 11.984339 0.000000 0.000000 1.000000 0.000000 1547120876794244000

0.996168 -0.087461 0.000000 153.556198 0.087461 0.996168 0.000000 12.181762 0.000000 0.000000 1.000000 0.000000 1547120877044315000

0.995990 -0.089464 0.000000 155.714308 0.089464 0.995990 0.000000 12.331435 0.000000 0.000000 1.000000 0.000000 1547120877294907000

0.995846 -0.091051 0.000000 157.903551 0.091051 0.995846 0.000000 12.512299 0.000000 0.000000 1.000000 0.000000 1547120877544658000

0.995601 -0.093694 0.000000 160.076242 0.093694 0.995601 0.000000 12.674331 0.000000 0.000000 1.000000 0.000000 1547120877793665000

0.995378 -0.096034 0.000000 162.282574 0.096034 0.995378 0.000000 12.862591 0.000000 0.000000 1.000000 0.000000 1547120878043498000

0.995199 -0.097872 0.000000 164.474319 0.097872 0.995199 0.000000 13.064538 0.000000 0.000000 1.000000 0.000000 1547120878294171000

0.995143 -0.098438 0.000000 166.680947 0.098438 0.995143 0.000000 13.251633 0.000000 0.000000 1.000000 0.000000 1547120878546081000

0.995017 -0.099708 0.000000 168.946982 0.099708 0.995017 0.000000 13.417341 0.000000 0.000000 1.000000 0.000000 1547120878797696000

0.994970 -0.100173 0.000000 171.179924 0.100173 0.994970 0.000000 13.646312 0.000000 0.000000 1.000000 0.000000 1547120879048866000

0.994877 -0.101096 0.000000 173.383555 0.101096 0.994877 0.000000 13.859057 0.000000 0.000000 1.000000 0.000000 1547120879299957000

0.994762 -0.102218 0.000000 175.534351 0.102218 0.994762 0.000000 14.075210 0.000000 0.000000 1.000000 0.000000 1547120879550642000

0.994614 -0.103652 0.000000 177.714680 0.103652 0.994614 0.000000 14.339653 0.000000 0.000000 1.000000 0.000000 1547120879801131000

0.994550 -0.104265 0.000000 179.898878 0.104265 0.994550 0.000000 14.531414 0.000000 0.000000 1.000000 0.000000 1547120880051448000

0.994464 -0.105079 0.000000 182.030734 0.105079 0.994464 0.000000 14.741121 0.000000 0.000000 1.000000 0.000000 1547120880301615000

0.994361 -0.106044 0.000000 184.202709 0.106044 0.994361 0.000000 14.937820 0.000000 0.000000 1.000000 0.000000 1547120880550965000

0.994292 -0.106694 0.000000 186.307579 0.106694 0.994292 0.000000 15.126679 0.000000 0.000000 1.000000 0.000000 1547120880799736000

0.994202 -0.107527 0.000000 188.380160 0.107527 0.994202 0.000000 15.313458 0.000000 0.000000 1.000000 0.000000 1547120881048599000

0.994235 -0.107227 0.000000 190.463018 0.107227 0.994235 0.000000 15.526676 0.000000 0.000000 1.000000 0.000000 1547120881297511000

0.994222 -0.107347 0.000000 192.534024 0.107347 0.994222 0.000000 15.710357 0.000000 0.000000 1.000000 0.000000 1547120881545974000

0.994242 -0.107160 0.000000 194.532331 0.107160 0.994242 0.000000 15.901113 0.000000 0.000000 1.000000 0.000000 1547120881794162000

0.994248 -0.107100 0.000000 196.484413 0.107100 0.994248 0.000000 16.083898 0.000000 0.000000 1.000000 0.000000 1547120882042958000

0.994261 -0.106986 0.000000 198.416254 0.106986 0.994261 0.000000 16.327740 0.000000 0.000000 1.000000 0.000000 1547120882292983000

0.994194 -0.107599 0.000000 200.293782 0.107599 0.994194 0.000000 16.517383 0.000000 0.000000 1.000000 0.000000 1547120882542503000

0.994171 -0.107811 0.000000 202.155331 0.107811 0.994171 0.000000 16.709616 0.000000 0.000000 1.000000 0.000000 1547120882791975000

0.994110 -0.108380 0.000000 203.952461 0.108380 0.994110 0.000000 16.894740 0.000000 0.000000 1.000000 0.000000 1547120883042007000

0.994101 -0.108454 0.000000 205.683949 0.108454 0.994101 0.000000 17.088578 0.000000 0.000000 1.000000 0.000000 1547120883293041000

0.994118 -0.108303 0.000000 207.401859 0.108303 0.994118 0.000000 17.244825 0.000000 0.000000 1.000000 0.000000 1547120883545408000

0.994298 -0.106641 0.000000 209.076390 0.106641 0.994298 0.000000 17.408332 0.000000 0.000000 1.000000 0.000000 1547120883797626000

0.994526 -0.104488 0.000000 210.581766 0.104488 0.994526 0.000000 17.566888 0.000000 0.000000 1.000000 0.000000 1547120884049413000

0.994575 -0.104026 0.000000 212.081699 0.104026 0.994575 0.000000 17.692588 0.000000 0.000000 1.000000 0.000000 1547120884300702000

0.994908 -0.100790 0.000000 214.791268 0.100790 0.994908 0.000000 17.898182 0.000000 0.000000 1.000000 0.000000 1547120884799870000

0.995137 -0.098505 0.000000 217.270659 0.098505 0.995137 0.000000 18.098220 0.000000 0.000000 1.000000 0.000000 1547120885297583000

0.994971 -0.100166 0.000000 219.356285 0.100166 0.994971 0.000000 18.255064 0.000000 0.000000 1.000000 0.000000 1547120885793066000

0.994269 -0.106906 0.000000 221.290629 0.106906 0.994269 0.000000 18.436481 0.000000 0.000000 1.000000 0.000000 1547120886289499000

0.993085 -0.117397 0.000000 223.205350 0.117397 0.993085 0.000000 18.604638 0.000000 0.000000 1.000000 0.000000 1547120886789187000

0.992258 -0.124191 0.000000 224.951337 0.124191 0.992258 0.000000 18.835819 0.000000 0.000000 1.000000 0.000000 1547120887290041000

0.991042 -0.133548 0.000000 226.611253 0.133548 0.991042 0.000000 19.093346 0.000000 0.000000 1.000000 0.000000 1547120887792824000

0.989564 -0.144091 0.000000 228.318930 0.144091 0.989564 0.000000 19.256710 0.000000 0.000000 1.000000 0.000000 1547120888294967000

0.987817 -0.155620 0.000000 230.185009 0.155620 0.987817 0.000000 19.524950 0.000000 0.000000 1.000000 0.000000 1547120888800348000

0.986508 -0.163715 0.000000 232.045579 0.163715 0.986508 0.000000 19.888974 0.000000 0.000000 1.000000 0.000000 1547120889304872000

0.984467 -0.175572 0.000000 234.081741 0.175572 0.984467 0.000000 20.178269 0.000000 0.000000 1.000000 0.000000 1547120889804228000

0.982860 -0.184353 0.000000 236.076228 0.184353 0.982860 0.000000 20.514293 0.000000 0.000000 1.000000 0.000000 1547120890299320000

0.981507 -0.191428 0.000000 238.136163 0.191428 0.981507 0.000000 20.895263 0.000000 0.000000 1.000000 0.000000 1547120890794377000

0.981490 -0.191514 0.000000 240.323615 0.191514 0.981490 0.000000 21.324113 0.000000 0.000000 1.000000 0.000000 1547120891290854000

0.981728 -0.190287 0.000000 242.686820 0.190287 0.981728 0.000000 21.769987 0.000000 0.000000 1.000000 0.000000 1547120891791775000

0.981779 -0.190029 0.000000 245.177667 0.190029 0.981779 0.000000 22.202209 0.000000 0.000000 1.000000 0.000000 1547120892295378000

0.982075 -0.188489 0.000000 247.820942 0.188489 0.982075 0.000000 22.684503 0.000000 0.000000 1.000000 0.000000 1547120892800395000

0.982007 -0.188842 0.000000 250.549857 0.188842 0.982007 0.000000 23.203074 0.000000 0.000000 1.000000 0.000000 1547120893299345000

0.981742 -0.190220 0.000000 253.370645 0.190220 0.981742 0.000000 23.718204 0.000000 0.000000 1.000000 0.000000 1547120893796969000

0.981368 -0.192137 0.000000 256.318818 0.192137 0.981368 0.000000 24.284823 0.000000 0.000000 1.000000 0.000000 1547120894298053000

0.980684 -0.195601 0.000000 257.968505 0.195601 0.980684 0.000000 24.561625 0.000000 0.000000 1.000000 0.000000 1547120894548145000

0.980210 -0.197963 0.000000 259.527228 0.197963 0.980210 0.000000 24.822432 0.000000 0.000000 1.000000 0.000000 1547120894797332000

0.980115 -0.198430 0.000000 261.094691 0.198430 0.980115 0.000000 25.176236 0.000000 0.000000 1.000000 0.000000 1547120895046554000

0.980148 -0.198266 0.000000 262.639405 0.198266 0.980148 0.000000 25.450137 0.000000 0.000000 1.000000 0.000000 1547120895295823000

0.980119 -0.198412 0.000000 264.253701 0.198412 0.980119 0.000000 25.780766 0.000000 0.000000 1.000000 0.000000 1547120895544579000

0.980079 -0.198609 0.000000 265.855689 0.198609 0.980079 0.000000 26.105496 0.000000 0.000000 1.000000 0.000000 1547120895793066000

0.980156 -0.198226 0.000000 267.510292 0.198226 0.980156 0.000000 26.400964 0.000000 0.000000 1.000000 0.000000 1547120896041202000

0.980198 -0.198018 0.000000 269.151413 0.198018 0.980198 0.000000 26.762585 0.000000 0.000000 1.000000 0.000000 1547120896288893000

0.980342 -0.197307 0.000000 270.839059 0.197307 0.980342 0.000000 27.062893 0.000000 0.000000 1.000000 0.000000 1547120896536856000

0.980412 -0.196960 0.000000 272.560678 0.196960 0.980412 0.000000 27.417985 0.000000 0.000000 1.000000 0.000000 1547120896785069000

0.980200 -0.198009 0.000000 274.416755 0.198009 0.980200 0.000000 27.762438 0.000000 0.000000 1.000000 0.000000 1547120897034193000

0.979624 -0.200841 0.000000 276.232092 0.200841 0.979624 0.000000 28.107566 0.000000 0.000000 1.000000 0.000000 1547120897284993000

0.978960 -0.204051 0.000000 277.990822 0.204051 0.978960 0.000000 28.501036 0.000000 0.000000 1.000000 0.000000 1547120897536341000

0.978895 -0.204363 0.000000 279.763544 0.204363 0.978895 0.000000 28.825186 0.000000 0.000000 1.000000 0.000000 1547120897787292000

0.978838 -0.204639 0.000000 281.563298 0.204639 0.978838 0.000000 29.191602 0.000000 0.000000 1.000000 0.000000 1547120898038588000

0.978750 -0.205059 0.000000 283.379902 0.205059 0.978750 0.000000 29.513035 0.000000 0.000000 1.000000 0.000000 1547120898290023000

0.978939 -0.204154 0.000000 285.151051 0.204154 0.978939 0.000000 29.879200 0.000000 0.000000 1.000000 0.000000 1547120898541023000

0.978762 -0.204998 0.000000 287.014075 0.204998 0.978762 0.000000 30.186071 0.000000 0.000000 1.000000 0.000000 1547120898792773000

0.978355 -0.206934 0.000000 288.770438 0.206934 0.978355 0.000000 30.521892 0.000000 0.000000 1.000000 0.000000 1547120899046094000

0.978068 -0.208285 0.000000 290.617138 0.208285 0.978068 0.000000 30.887937 0.000000 0.000000 1.000000 0.000000 1547120899299180000

0.977907 -0.209042 0.000000 292.387678 0.209042 0.977907 0.000000 31.248027 0.000000 0.000000 1.000000 0.000000 1547120899550973000

0.977670 -0.210146 0.000000 294.158775 0.210146 0.977670 0.000000 31.577664 0.000000 0.000000 1.000000 0.000000 1547120899800883000

0.977456 -0.211138 0.000000 295.871189 0.211138 0.977456 0.000000 31.981797 0.000000 0.000000 1.000000 0.000000 1547120900049416000

0.977284 -0.211932 0.000000 297.637241 0.211932 0.977284 0.000000 32.302649 0.000000 0.000000 1.000000 0.000000 1547120900297053000

0.977380 -0.211493 0.000000 299.427829 0.211493 0.977380 0.000000 32.675741 0.000000 0.000000 1.000000 0.000000 1547120900544199000

0.977539 -0.210756 0.000000 301.113603 0.210756 0.977539 0.000000 33.027391 0.000000 0.000000 1.000000 0.000000 1547120900792089000

0.978084 -0.208213 0.000000 302.885770 0.208213 0.978084 0.000000 33.356673 0.000000 0.000000 1.000000 0.000000 1547120901040321000

0.978682 -0.205381 0.000000 304.643047 0.205381 0.978682 0.000000 33.697657 0.000000 0.000000 1.000000 0.000000 1547120901289433000

0.979237 -0.202717 0.000000 306.472473 0.202717 0.979237 0.000000 34.066448 0.000000 0.000000 1.000000 0.000000 1547120901539721000

0.979851 -0.199729 0.000000 308.317843 0.199729 0.979851 0.000000 34.382456 0.000000 0.000000 1.000000 0.000000 1547120901790131000

0.980781 -0.195114 0.000000 310.128844 0.195114 0.980781 0.000000 34.751185 0.000000 0.000000 1.000000 0.000000 1547120902040283000

0.981193 -0.193028 0.000000 311.986018 0.193028 0.981193 0.000000 35.047391 0.000000 0.000000 1.000000 0.000000 1547120902289849000

0.981475 -0.191588 0.000000 313.818054 0.191588 0.981475 0.000000 35.398124 0.000000 0.000000 1.000000 0.000000 1547120902540354000

0.981511 -0.191407 0.000000 315.754813 0.191407 0.981511 0.000000 35.697431 0.000000 0.000000 1.000000 0.000000 1547120902791654000

0.981679 -0.190542 0.000000 317.683492 0.190542 0.981679 0.000000 36.059218 0.000000 0.000000 1.000000 0.000000 1547120903042484000

0.981740 -0.190229 0.000000 319.620890 0.190229 0.981740 0.000000 36.424420 0.000000 0.000000 1.000000 0.000000 1547120903293548000

0.981924 -0.189273 0.000000 321.494857 0.189273 0.981924 0.000000 36.766740 0.000000 0.000000 1.000000 0.000000 1547120903544415000

0.982598 -0.185744 0.000000 323.364071 0.185744 0.982598 0.000000 37.117652 0.000000 0.000000 1.000000 0.000000 1547120903795639000

0.983724 -0.179685 0.000000 325.222992 0.179685 0.983724 0.000000 37.384229 0.000000 0.000000 1.000000 0.000000 1547120904047405000

0.984625 -0.174682 0.000000 327.042886 0.174682 0.984625 0.000000 37.680555 0.000000 0.000000 1.000000 0.000000 1547120904300589000

0.984863 -0.173337 0.000000 328.804328 0.173337 0.984863 0.000000 37.952072 0.000000 0.000000 1.000000 0.000000 1547120904553785000

0.985373 -0.170410 0.000000 330.466466 0.170410 0.985373 0.000000 38.225281 0.000000 0.000000 1.000000 0.000000 1547120904805871000

0.985542 -0.169434 0.000000 332.034201 0.169434 0.985542 0.000000 38.495482 0.000000 0.000000 1.000000 0.000000 1547120905055974000

0.986148 -0.165865 0.000000 333.537733 0.165865 0.986148 0.000000 38.793964 0.000000 0.000000 1.000000 0.000000 1547120905303968000

0.986922 -0.161200 0.000000 336.375796 0.161200 0.986922 0.000000 39.168250 0.000000 0.000000 1.000000 0.000000 1547120905799313000

0.988174 -0.153334 0.000000 338.999218 0.153334 0.988174 0.000000 39.511982 0.000000 0.000000 1.000000 0.000000 1547120906294179000

0.988836 -0.149008 0.000000 341.299596 0.149008 0.988836 0.000000 39.826987 0.000000 0.000000 1.000000 0.000000 1547120906792757000

0.989604 -0.143817 0.000000 343.426653 0.143817 0.989604 0.000000 40.105955 0.000000 0.000000 1.000000 0.000000 1547120907295571000

0.990296 -0.138976 0.000000 345.221573 0.138976 0.990296 0.000000 40.354512 0.000000 0.000000 1.000000 0.000000 1547120907799320000

0.991097 -0.133142 0.000000 346.869078 0.133142 0.991097 0.000000 40.558665 0.000000 0.000000 1.000000 0.000000 1547120908305619000

0.992374 -0.123260 0.000000 348.948452 0.123260 0.992374 0.000000 40.775745 0.000000 0.000000 1.000000 0.000000 1547120909056658000

0.993559 -0.113314 0.000000 350.631185 0.113314 0.993559 0.000000 40.920782 0.000000 0.000000 1.000000 0.000000 1547120909808139000

0.994218 -0.107376 0.000000 352.163681 0.107376 0.994218 0.000000 41.046916 0.000000 0.000000 1.000000 0.000000 1547120910806992000

0.993902 -0.110271 0.000000 353.745676 0.110271 0.993902 0.000000 41.160587 0.000000 0.000000 1.000000 0.000000 1547120930322820000

0.994244 -0.107143 0.000000 355.774982 0.107143 0.994244 0.000000 41.316347 0.000000 0.000000 1.000000 0.000000 1547120931314750000

0.995372 -0.096100 0.000000 357.317075 0.096100 0.995372 0.000000 41.432191 0.000000 0.000000 1.000000 0.000000 1547120931811788000

0.997016 -0.077194 0.000000 359.275241 0.077194 0.997016 0.000000 41.543222 0.000000 0.000000 1.000000 0.000000 1547120932312131000

0.998128 -0.061160 0.000000 361.563760 0.061160 0.998128 0.000000 41.624271 0.000000 0.000000 1.000000 0.000000 1547120932812190000

0.998730 -0.050374 0.000000 364.212030 0.050374 0.998730 0.000000 41.716210 0.000000 0.000000 1.000000 0.000000 1547120933312561000

0.999106 -0.042284 0.000000 367.095453 0.042284 0.999106 0.000000 41.812907 0.000000 0.000000 1.000000 0.000000 1547120933814742000

0.999261 -0.038443 0.000000 368.693471 0.038443 0.999261 0.000000 41.867183 0.000000 0.000000 1.000000 0.000000 1547120934066118000

0.999439 -0.033499 0.000000 370.292907 0.033499 0.999439 0.000000 41.854786 0.000000 0.000000 1.000000 0.000000 1547120934316911000

0.999550 -0.029994 0.000000 372.028241 0.029994 0.999550 0.000000 41.895427 0.000000 0.000000 1.000000 0.000000 1547120934568532000

0.999613 -0.027819 0.000000 373.778819 0.027819 0.999613 0.000000 41.907856 0.000000 0.000000 1.000000 0.000000 1547120934821280000

0.999623 -0.027442 0.000000 375.537326 0.027442 0.999623 0.000000 41.962538 0.000000 0.000000 1.000000 0.000000 1547120935073770000

0.999600 -0.028271 0.000000 377.326168 0.028271 0.999600 0.000000 41.993050 0.000000 0.000000 1.000000 0.000000 1547120935326200000

0.999577 -0.029088 0.000000 379.191420 0.029088 0.999577 0.000000 42.044076 0.000000 0.000000 1.000000 0.000000 1547120935577658000

0.999461 -0.032820 0.000000 381.076931 0.032820 0.999461 0.000000 42.074314 0.000000 0.000000 1.000000 0.000000 1547120935827044000

0.999300 -0.037416 0.000000 382.936172 0.037416 0.999300 0.000000 42.086298 0.000000 0.000000 1.000000 0.000000 1547120936075707000

0.999220 -0.039501 0.000000 384.896235 0.039501 0.999220 0.000000 42.182191 0.000000 0.000000 1.000000 0.000000 1547120936324248000

0.999173 -0.040665 0.000000 386.826252 0.040665 0.999173 0.000000 42.224753 0.000000 0.000000 1.000000 0.000000 1547120936572400000

0.999114 -0.042080 0.000000 388.833501 0.042080 0.999114 0.000000 42.282578 0.000000 0.000000 1.000000 0.000000 1547120936820195000

0.999013 -0.044426 0.000000 390.841914 0.044426 0.999013 0.000000 42.332416 0.000000 0.000000 1.000000 0.000000 1547120937068229000

0.998761 -0.049762 0.000000 392.861586 0.049762 0.998761 0.000000 42.435373 0.000000 0.000000 1.000000 0.000000 1547120937316787000

0.998546 -0.053911 0.000000 394.929130 0.053911 0.998546 0.000000 42.585784 0.000000 0.000000 1.000000 0.000000 1547120937566248000

0.998267 -0.058854 0.000000 397.019382 0.058854 0.998267 0.000000 42.652268 0.000000 0.000000 1.000000 0.000000 1547120937815829000

0.997996 -0.063272 0.000000 399.106234 0.063272 0.997996 0.000000 42.758859 0.000000 0.000000 1.000000 0.000000 1547120938065471000

0.997641 -0.068644 0.000000 401.243593 0.068644 0.997641 0.000000 42.838631 0.000000 0.000000 1.000000 0.000000 1547120938316579000

0.997373 -0.072436 0.000000 403.392522 0.072436 0.997373 0.000000 42.993361 0.000000 0.000000 1.000000 0.000000 1547120938567512000

0.997059 -0.076642 0.000000 405.480435 0.076642 0.997059 0.000000 43.148323 0.000000 0.000000 1.000000 0.000000 1547120938818027000

0.996792 -0.080034 0.000000 407.570587 0.080034 0.996792 0.000000 43.251999 0.000000 0.000000 1.000000 0.000000 1547120939068780000

0.996637 -0.081941 0.000000 409.694960 0.081941 0.996637 0.000000 43.427542 0.000000 0.000000 1.000000 0.000000 1547120939319811000

0.996449 -0.084202 0.000000 411.773488 0.084202 0.996449 0.000000 43.590109 0.000000 0.000000 1.000000 0.000000 1547120939570805000

0.996175 -0.087382 0.000000 413.926953 0.087382 0.996175 0.000000 43.723636 0.000000 0.000000 1.000000 0.000000 1547120939821974000

0.995950 -0.089905 0.000000 415.994952 0.089905 0.995950 0.000000 43.898935 0.000000 0.000000 1.000000 0.000000 1547120940073729000

0.995802 -0.091535 0.000000 418.131015 0.091535 0.995802 0.000000 44.052043 0.000000 0.000000 1.000000 0.000000 1547120940326476000

0.995516 -0.094598 0.000000 420.263905 0.094598 0.995516 0.000000 44.258918 0.000000 0.000000 1.000000 0.000000 1547120940579452000

0.995375 -0.096067 0.000000 422.375891 0.096067 0.995375 0.000000 44.430605 0.000000 0.000000 1.000000 0.000000 1547120940830544000

0.995195 -0.097910 0.000000 424.475504 0.097910 0.995195 0.000000 44.587528 0.000000 0.000000 1.000000 0.000000 1547120941080311000

0.994974 -0.100131 0.000000 426.545050 0.100131 0.994974 0.000000 44.781284 0.000000 0.000000 1.000000 0.000000 1547120941329386000

0.994764 -0.102199 0.000000 428.623421 0.102199 0.994764 0.000000 44.953501 0.000000 0.000000 1.000000 0.000000 1547120941578186000

0.994581 -0.103966 0.000000 430.730219 0.103966 0.994581 0.000000 45.131527 0.000000 0.000000 1.000000 0.000000 1547120941826700000

0.994682 -0.102996 0.000000 432.753290 0.102996 0.994682 0.000000 45.302621 0.000000 0.000000 1.000000 0.000000 1547120942074563000

0.994696 -0.102859 0.000000 434.846151 0.102859 0.994696 0.000000 45.521598 0.000000 0.000000 1.000000 0.000000 1547120942322717000

0.994611 -0.103675 0.000000 436.930695 0.103675 0.994611 0.000000 45.681181 0.000000 0.000000 1.000000 0.000000 1547120942570413000

0.994466 -0.105055 0.000000 439.037785 0.105055 0.994466 0.000000 45.874962 0.000000 0.000000 1.000000 0.000000 1547120942817964000

0.994359 -0.106069 0.000000 441.071138 0.106069 0.994359 0.000000 46.034071 0.000000 0.000000 1.000000 0.000000 1547120943066222000

0.994338 -0.106265 0.000000 443.094471 0.106265 0.994338 0.000000 46.217011 0.000000 0.000000 1.000000 0.000000 1547120943316179000

0.994317 -0.106463 0.000000 445.116023 0.106463 0.994317 0.000000 46.397092 0.000000 0.000000 1.000000 0.000000 1547120943566926000

0.994404 -0.105645 0.000000 447.030828 0.105645 0.994404 0.000000 46.574779 0.000000 0.000000 1.000000 0.000000 1547120943818403000

0.994507 -0.104672 0.000000 448.982922 0.104672 0.994507 0.000000 46.694200 0.000000 0.000000 1.000000 0.000000 1547120944070931000

0.994678 -0.103028 0.000000 450.854764 0.103028 0.994678 0.000000 46.935215 0.000000 0.000000 1.000000 0.000000 1547120944323842000

0.994762 -0.102220 0.000000 452.667022 0.102220 0.994762 0.000000 47.101496 0.000000 0.000000 1.000000 0.000000 1547120944575961000

0.994864 -0.101219 0.000000 454.350199 0.101219 0.994864 0.000000 47.205014 0.000000 0.000000 1.000000 0.000000 1547120944826299000

0.995103 -0.098846 0.000000 455.948002 0.098846 0.995103 0.000000 47.374092 0.000000 0.000000 1.000000 0.000000 1547120945075939000

0.995601 -0.093691 0.000000 457.485975 0.093691 0.995601 0.000000 47.486716 0.000000 0.000000 1.000000 0.000000 1547120945326221000

0.997746 -0.067103 0.000000 460.305983 0.067103 0.997746 0.000000 47.611501 0.000000 0.000000 1.000000 0.000000 1547120945827496000

0.999935 -0.011385 0.000000 462.785591 0.011385 0.999935 0.000000 47.644959 0.000000 0.000000 1.000000 0.000000 1547120946327140000

0.997590 0.069391 0.000000 464.866377 -0.069391 0.997590 -0.000000 47.474311 -0.000000 0.000000 1.000000 0.000000 1547120946826051000

0.983943 0.178485 0.000000 466.639347 -0.178485 0.983943 -0.000000 47.112384 -0.000000 0.000000 1.000000 0.000000 1547120947323267000

0.956670 0.291174 0.000000 468.058951 -0.291174 0.956670 -0.000000 46.629015 -0.000000 0.000000 1.000000 0.000000 1547120947819015000

0.918678 0.395008 0.000000 469.095488 -0.395008 0.918678 -0.000000 45.957825 -0.000000 0.000000 1.000000 0.000000 1547120948314785000

0.880556 0.473942 0.000000 470.001866 -0.473942 0.880556 -0.000000 45.454174 -0.000000 0.000000 1.000000 0.000000 1547120948816587000

0.831174 0.556012 0.000000 470.734333 -0.556012 0.831174 -0.000000 44.787570 -0.000000 0.000000 1.000000 0.000000 1547120949575400000

0.778332 0.627853 0.000000 471.393811 -0.627853 0.778332 -0.000000 44.237832 -0.000000 0.000000 1.000000 0.000000 1547120950577759000

0.693424 0.720529 0.000000 472.035395 -0.720529 0.693424 -0.000000 43.571364 -0.000000 0.000000 1.000000 0.000000 1547120951327188000

0.570301 0.821436 0.000000 472.557331 -0.821436 0.570301 -0.000000 42.688495 -0.000000 0.000000 1.000000 0.000000 1547120951826816000

0.488994 0.872287 0.000000 472.709001 -0.872287 0.488994 -0.000000 42.128242 -0.000000 0.000000 1.000000 0.000000 1547120952074867000

0.389327 0.921099 0.000000 472.905401 -0.921099 0.389327 -0.000000 41.510077 -0.000000 0.000000 1.000000 0.000000 1547120952322448000

0.278950 0.960306 0.000000 473.052786 -0.960306 0.278950 -0.000000 40.729114 -0.000000 0.000000 1.000000 0.000000 1547120952570277000

0.157983 0.987442 0.000000 473.121809 -0.987442 0.157983 -0.000000 40.026621 -0.000000 0.000000 1.000000 0.000000 1547120952817445000

0.026441 0.999650 0.000000 473.026916 -0.999650 0.026441 -0.000000 39.189603 -0.000000 0.000000 1.000000 0.000000 1547120953066368000

-0.118279 0.992980 0.000000 472.790521 -0.992980 -0.118279 -0.000000 38.319868 -0.000000 0.000000 1.000000 0.000000 1547120953318455000

-0.262386 0.964963 0.000000 472.484582 -0.964963 -0.262386 -0.000000 37.293219 -0.000000 0.000000 1.000000 0.000000 1547120953571027000

-0.395049 0.918660 0.000000 471.963316 -0.918660 -0.395049 -0.000000 36.266320 -0.000000 0.000000 1.000000 0.000000 1547120953823172000

-0.510206 0.860052 0.000000 471.349779 -0.860052 -0.510206 0.000000 35.387786 0.000000 0.000000 1.000000 0.000000 1547120954075226000

-0.610401 0.792093 0.000000 470.595789 -0.792093 -0.610401 0.000000 34.498448 0.000000 0.000000 1.000000 0.000000 1547120954325984000

-0.688610 0.725132 0.000000 469.746954 -0.725132 -0.688610 0.000000 33.593939 0.000000 0.000000 1.000000 0.000000 1547120954576987000

-0.785811 0.618467 0.000000 467.598879 -0.618467 -0.785811 0.000000 31.938636 0.000000 0.000000 1.000000 0.000000 1547120955078593000

-0.826938 0.562293 0.000000 465.141948 -0.562293 -0.826938 0.000000 30.426868 0.000000 0.000000 1.000000 0.000000 1547120955578792000

-0.838249 0.545287 0.000000 463.825431 -0.545287 -0.838249 0.000000 29.699847 0.000000 0.000000 1.000000 0.000000 1547120955828454000

-0.847520 0.530763 0.000000 462.457983 -0.530763 -0.847520 0.000000 28.892093 0.000000 0.000000 1.000000 0.000000 1547120956077850000

-0.852359 0.522957 0.000000 461.001208 -0.522957 -0.852359 0.000000 28.044023 0.000000 0.000000 1.000000 0.000000 1547120956326837000

-0.856369 0.516364 0.000000 459.497914 -0.516364 -0.856369 0.000000 27.245104 0.000000 0.000000 1.000000 0.000000 1547120956574809000

-0.859037 0.511913 0.000000 457.967158 -0.511913 -0.859037 0.000000 26.381114 0.000000 0.000000 1.000000 0.000000 1547120956822232000

-0.861747 0.507339 0.000000 456.415621 -0.507339 -0.861747 0.000000 25.564370 0.000000 0.000000 1.000000 0.000000 1547120957069943000

-0.863929 0.503614 0.000000 454.778640 -0.503614 -0.863929 0.000000 24.659267 0.000000 0.000000 1.000000 0.000000 1547120957318259000

-0.866979 0.498344 0.000000 453.131637 -0.498344 -0.866979 0.000000 23.755237 0.000000 0.000000 1.000000 0.000000 1547120957567980000

-0.870397 0.492350 0.000000 451.407337 -0.492350 -0.870397 0.000000 22.786583 0.000000 0.000000 1.000000 0.000000 1547120957819633000

-0.873184 0.487391 0.000000 449.624698 -0.487391 -0.873184 0.000000 21.842668 0.000000 0.000000 1.000000 0.000000 1547120958072693000

-0.873712 0.486443 0.000000 447.812848 -0.486443 -0.873712 0.000000 20.842004 0.000000 0.000000 1.000000 0.000000 1547120958325289000

-0.873506 0.486814 0.000000 445.984123 -0.486814 -0.873506 0.000000 19.839630 0.000000 0.000000 1.000000 0.000000 1547120958577359000

-0.873264 0.487247 0.000000 444.127970 -0.487247 -0.873264 0.000000 18.903107 0.000000 0.000000 1.000000 0.000000 1547120958828469000

-0.873409 0.486987 0.000000 442.274728 -0.486987 -0.873409 0.000000 17.860942 0.000000 0.000000 1.000000 0.000000 1547120959078022000

-0.873495 0.486832 0.000000 440.372964 -0.486832 -0.873495 0.000000 16.852564 0.000000 0.000000 1.000000 0.000000 1547120959327338000

-0.874743 0.484587 0.000000 438.476942 -0.484587 -0.874743 0.000000 15.808194 0.000000 0.000000 1.000000 0.000000 1547120959577548000

-0.875420 0.483364 0.000000 436.529138 -0.483364 -0.875420 0.000000 14.786368 0.000000 0.000000 1.000000 0.000000 1547120959829199000

-0.876702 0.481034 0.000000 434.569982 -0.481034 -0.876702 0.000000 13.761924 0.000000 0.000000 1.000000 0.000000 1547120960081293000

-0.877936 0.478778 0.000000 432.636816 -0.478778 -0.877936 0.000000 12.688962 0.000000 0.000000 1.000000 0.000000 1547120960332485000

-0.878969 0.476878 0.000000 430.745459 -0.476878 -0.878969 0.000000 11.704844 0.000000 0.000000 1.000000 0.000000 1547120960583642000

-0.878987 0.476846 0.000000 428.863849 -0.476846 -0.878987 0.000000 10.672523 0.000000 0.000000 1.000000 0.000000 1547120960834511000

-0.879260 0.476341 0.000000 426.997611 -0.476341 -0.879260 0.000000 9.693674 0.000000 0.000000 1.000000 0.000000 1547120961084974000

-0.879392 0.476099 0.000000 425.172183 -0.476099 -0.879392 0.000000 8.743952 0.000000 0.000000 1.000000 0.000000 1547120961335567000

-0.879388 0.476107 0.000000 423.367769 -0.476107 -0.879388 0.000000 7.822331 0.000000 0.000000 1.000000 0.000000 1547120961584393000

-0.879805 0.475334 0.000000 421.628510 -0.475334 -0.879805 0.000000 6.889807 0.000000 0.000000 1.000000 0.000000 1547120961833895000

-0.880994 0.473127 0.000000 419.917975 -0.473127 -0.880994 0.000000 5.953283 0.000000 0.000000 1.000000 0.000000 1547120962083061000

-0.881376 0.472415 0.000000 418.228351 -0.472415 -0.881376 0.000000 5.093006 0.000000 0.000000 1.000000 0.000000 1547120962331335000

-0.882412 0.470478 0.000000 416.613071 -0.470478 -0.882412 0.000000 4.300380 0.000000 0.000000 1.000000 0.000000 1547120962579790000

-0.883004 0.469365 0.000000 415.023271 -0.469365 -0.883004 0.000000 3.455431 0.000000 0.000000 1.000000 0.000000 1547120962828181000

-0.883633 0.468181 0.000000 413.499017 -0.468181 -0.883633 0.000000 2.618535 0.000000 0.000000 1.000000 0.000000 1547120963077366000

-0.883752 0.467956 0.000000 412.038358 -0.467956 -0.883752 0.000000 1.862140 0.000000 0.000000 1.000000 0.000000 1547120963327182000

-0.883727 0.468003 0.000000 410.536754 -0.468003 -0.883727 0.000000 1.101553 0.000000 0.000000 1.000000 0.000000 1547120963577004000

-0.884442 0.466650 0.000000 409.034899 -0.466650 -0.884442 0.000000 0.288455 0.000000 0.000000 1.000000 0.000000 1547120963826711000

-0.884719 0.466125 0.000000 407.546026 -0.466125 -0.884719 0.000000 -0.475833 0.000000 0.000000 1.000000 0.000000 1547120964076740000

-0.885110 0.465382 0.000000 406.013015 -0.465382 -0.885110 0.000000 -1.249499 0.000000 0.000000 1.000000 0.000000 1547120964326761000

-0.885737 0.464187 0.000000 404.508126 -0.464187 -0.885737 0.000000 -2.051036 0.000000 0.000000 1.000000 0.000000 1547120964577580000

-0.886524 0.462682 0.000000 402.925545 -0.462682 -0.886524 0.000000 -2.857090 0.000000 0.000000 1.000000 0.000000 1547120964829531000

-0.886995 0.461779 0.000000 401.353690 -0.461779 -0.886995 0.000000 -3.650934 0.000000 0.000000 1.000000 0.000000 1547120965081286000

-0.887973 0.459895 0.000000 399.751173 -0.459895 -0.887973 0.000000 -4.445791 0.000000 0.000000 1.000000 0.000000 1547120965332811000

-0.888673 0.458541 0.000000 398.077319 -0.458541 -0.888673 0.000000 -5.278041 0.000000 0.000000 1.000000 0.000000 1547120965584080000

-0.889831 0.456291 0.000000 396.428622 -0.456291 -0.889831 0.000000 -6.102812 0.000000 0.000000 1.000000 0.000000 1547120965835019000

