1.000000 0.000000 0.000000 0.000000 0.000000 1.000000 0.000000 0.000000 0.000000 0.000000 1.000000 0.000000 1547639597671717882

0.998519 -0.054402 0.000000 1.663547 0.054402 0.998519 0.000000 0.085968 0.000000 0.000000 1.000000 0.000000 1547639617194241046

0.993305 -0.115525 0.000000 3.786341 0.115525 0.993305 0.000000 0.322754 0.000000 0.000000 1.000000 0.000000 1547639617948474884

0.993218 -0.116268 0.000000 5.877589 0.116268 0.993218 0.000000 0.517502 0.000000 0.000000 1.000000 0.000000 1547639618450186014

0.993167 -0.116705 0.000000 8.424851 0.116705 0.993167 0.000000 0.770478 0.000000 0.000000 1.000000 0.000000 1547639618952615976

0.994446 -0.105243 0.000000 11.467854 0.105243 0.994446 0.000000 1.219820 0.000000 0.000000 1.000000 0.000000 1547639619456861019

0.994628 -0.103516 0.000000 13.175962 0.103516 0.994628 0.000000 1.409147 0.000000 0.000000 1.000000 0.000000 1547639619709996938

0.994915 -0.100714 0.000000 14.914896 0.100714 0.994915 0.000000 1.480040 0.000000 0.000000 1.000000 0.000000 1547639619961839914

0.995364 -0.096178 0.000000 16.768042 0.096178 0.995364 0.000000 1.736918 0.000000 0.000000 1.000000 0.000000 1547639620211774110

0.995581 -0.093908 0.000000 18.723220 0.093908 0.995581 0.000000 1.852728 0.000000 0.000000 1.000000 0.000000 1547639620460216999

0.995951 -0.089902 0.000000 20.639381 0.089902 0.995951 0.000000 1.982581 0.000000 0.000000 1.000000 0.000000 1547639620708077907

0.996243 -0.086600 0.000000 22.604957 0.086600 0.996243 0.000000 2.138796 0.000000 0.000000 1.000000 0.000000 1547639620955224990

0.996587 -0.082549 0.000000 24.603320 0.082549 0.996587 0.000000 2.265695 0.000000 0.000000 1.000000 0.000000 1547639621202347040

0.996914 -0.078496 0.000000 26.634774 0.078496 0.996914 0.000000 2.402267 0.000000 0.000000 1.000000 0.000000 1547639621450882911

0.997173 -0.075139 0.000000 28.694736 0.075139 0.997173 0.000000 2.503355 0.000000 0.000000 1.000000 0.000000 1547639621700305938

0.997535 -0.070173 0.000000 30.807263 0.070173 0.997535 0.000000 2.629776 0.000000 0.000000 1.000000 0.000000 1547639621950237035

0.997799 -0.066311 0.000000 32.957324 0.066311 0.997799 0.000000 2.738378 0.000000 0.000000 1.000000 0.000000 1547639622200634002

0.997947 -0.064039 0.000000 35.129605 0.064039 0.997947 0.000000 2.859523 0.000000 0.000000 1.000000 0.000000 1547639622451231956

0.998111 -0.061439 0.000000 37.352782 0.061439 0.998111 0.000000 3.002488 0.000000 0.000000 1.000000 0.000000 1547639622702532052

0.998195 -0.060058 0.000000 39.597373 0.060058 0.998195 0.000000 3.075107 0.000000 0.000000 1.000000 0.000000 1547639622954252958

0.998312 -0.058076 0.000000 41.823782 0.058076 0.998312 0.000000 3.147190 0.000000 0.000000 1.000000 0.000000 1547639623205735921

0.998434 -0.055938 0.000000 44.106788 0.055938 0.998434 0.000000 3.314164 0.000000 0.000000 1.000000 0.000000 1547639623457545042

0.998451 -0.055639 0.000000 46.373434 0.055639 0.998451 0.000000 3.383351 0.000000 0.000000 1.000000 0.000000 1547639623708672046

0.998459 -0.055491 0.000000 48.624106 0.055491 0.998459 0.000000 3.480484 0.000000 0.000000 1.000000 0.000000 1547639623959956884

0.998432 -0.055969 0.000000 50.928831 0.055969 0.998432 0.000000 3.558980 0.000000 0.000000 1.000000 0.000000 1547639624211229085

0.998446 -0.055727 0.000000 53.217282 0.055727 0.998446 0.000000 3.662176 0.000000 0.000000 1.000000 0.000000 1547639624462301969

0.998512 -0.054532 0.000000 55.468216 0.054532 0.998512 0.000000 3.747921 0.000000 0.000000 1.000000 0.000000 1547639624713670015

0.998676 -0.051438 0.000000 57.736808 0.051438 0.998676 0.000000 3.860746 0.000000 0.000000 1.000000 0.000000 1547639624965956926

0.998806 -0.048845 0.000000 60.084153 0.048845 0.998806 0.000000 3.952709 0.000000 0.000000 1.000000 0.000000 1547639625219089984

0.998908 -0.046731 0.000000 62.376719 0.046731 0.998908 0.000000 3.988239 0.000000 0.000000 1.000000 0.000000 1547639625471364974

0.999019 -0.044290 0.000000 64.632111 0.044290 0.999019 0.000000 4.070503 0.000000 0.000000 1.000000 0.000000 1547639625721477031

0.999114 -0.042078 0.000000 66.942811 0.042078 0.999114 0.000000 4.145996 0.000000 0.000000 1.000000 0.000000 1547639625969630956

0.999281 -0.037922 0.000000 69.175891 0.037922 0.999281 0.000000 4.208707 0.000000 0.000000 1.000000 0.000000 1547639626217145919

0.999422 -0.033997 0.000000 71.411963 0.033997 0.999422 0.000000 4.215673 0.000000 0.000000 1.000000 0.000000 1547639626464524984

0.999483 -0.032150 0.000000 73.662732 0.032150 0.999483 0.000000 4.285376 0.000000 0.000000 1.000000 0.000000 1547639626711744070

0.999487 -0.032034 0.000000 75.966792 0.032034 0.999487 0.000000 4.376679 0.000000 0.000000 1.000000 0.000000 1547639626959777116

0.999484 -0.032115 0.000000 78.246995 0.032115 0.999484 0.000000 4.436074 0.000000 0.000000 1.000000 0.000000 1547639627208728075

0.999421 -0.034036 0.000000 80.504018 0.034036 0.999421 0.000000 4.441375 0.000000 0.000000 1.000000 0.000000 1547639627458748102

0.999331 -0.036579 0.000000 82.788529 0.036579 0.999331 0.000000 4.461356 0.000000 0.000000 1.000000 0.000000 1547639627709289073

0.999146 -0.041323 0.000000 85.134524 0.041323 0.999146 0.000000 4.536853 0.000000 0.000000 1.000000 0.000000 1547639627960438966

0.998929 -0.046260 0.000000 87.463166 0.046260 0.998929 0.000000 4.568430 0.000000 0.000000 1.000000 0.000000 1547639628212358951

0.998536 -0.054100 0.000000 89.852714 0.054100 0.998536 0.000000 4.727689 0.000000 0.000000 1.000000 0.000000 1547639628463340044

0.998137 -0.061015 0.000000 92.185515 0.061015 0.998137 0.000000 4.850667 0.000000 0.000000 1.000000 0.000000 1547639628714257955

0.997903 -0.064731 0.000000 94.591765 0.064731 0.997903 0.000000 4.959747 0.000000 0.000000 1.000000 0.000000 1547639628965991020

0.997821 -0.065973 0.000000 96.987645 0.065973 0.997821 0.000000 5.034824 0.000000 0.000000 1.000000 0.000000 1547639629217477083

0.997790 -0.066441 0.000000 99.370601 0.066441 0.997790 0.000000 5.155700 0.000000 0.000000 1.000000 0.000000 1547639629468193054

0.997757 -0.066936 0.000000 101.822351 0.066936 0.997757 0.000000 5.288174 0.000000 0.000000 1.000000 0.000000 1547639629719866037

0.997679 -0.068097 0.000000 104.307358 0.068097 0.997679 0.000000 5.439638 0.000000 0.000000 1.000000 0.000000 1547639629972717046

0.997614 -0.069043 0.000000 106.764668 0.069043 0.997614 0.000000 5.583489 0.000000 0.000000 1.000000 0.000000 1547639630226108074

0.997590 -0.069378 0.000000 109.245056 0.069378 0.997590 0.000000 5.724627 0.000000 0.000000 1.000000 0.000000 1547639630478450059

0.997544 -0.070041 0.000000 111.744778 0.070041 0.997544 0.000000 5.865725 0.000000 0.000000 1.000000 0.000000 1547639630728859901

0.997443 -0.071461 0.000000 114.188494 0.071461 0.997443 0.000000 5.990773 0.000000 0.000000 1.000000 0.000000 1547639630977691888

0.997473 -0.071043 0.000000 116.659192 0.071043 0.997473 0.000000 6.175842 0.000000 0.000000 1.000000 0.000000 1547639631225439071

0.997451 -0.071353 0.000000 119.150290 0.071353 0.997451 0.000000 6.282311 0.000000 0.000000 1.000000 0.000000 1547639631472640991

0.997508 -0.070557 0.000000 121.597533 0.070557 0.997508 0.000000 6.460662 0.000000 0.000000 1.000000 0.000000 1547639631719933032

0.997435 -0.071574 0.000000 124.080249 0.071574 0.997435 0.000000 6.623887 0.000000 0.000000 1.000000 0.000000 1547639631968168973

0.997419 -0.071798 0.000000 126.612568 0.071798 0.997419 0.000000 6.733573 0.000000 0.000000 1.000000 0.000000 1547639632217519044

0.997494 -0.070744 0.000000 129.125569 0.070744 0.997494 0.000000 6.930409 0.000000 0.000000 1.000000 0.000000 1547639632467793941

0.997528 -0.070273 0.000000 131.736353 0.070273 0.997528 0.000000 7.069778 0.000000 0.000000 1.000000 0.000000 1547639632718126058

0.997566 -0.069731 0.000000 134.227039 0.069731 0.997566 0.000000 7.197986 0.000000 0.000000 1.000000 0.000000 1547639632968594074

0.997547 -0.070005 0.000000 136.862368 0.070005 0.997547 0.000000 7.313579 0.000000 0.000000 1.000000 0.000000 1547639633220573902

0.997487 -0.070847 0.000000 139.404423 0.070847 0.997487 0.000000 7.471773 0.000000 0.000000 1.000000 0.000000 1547639633472693920

0.997410 -0.071931 0.000000 141.917628 0.071931 0.997410 0.000000 7.623231 0.000000 0.000000 1.000000 0.000000 1547639633723802089

0.997412 -0.071900 0.000000 144.432190 0.071900 0.997412 0.000000 7.824584 0.000000 0.000000 1.000000 0.000000 1547639633975161075

0.997352 -0.072730 0.000000 147.070764 0.072730 0.997352 0.000000 7.970907 0.000000 0.000000 1.000000 0.000000 1547639634227500915

0.997313 -0.073259 0.000000 149.579708 0.073259 0.997313 0.000000 8.156823 0.000000 0.000000 1.000000 0.000000 1547639634480714082

0.997272 -0.073810 0.000000 152.162342 0.073810 0.997272 0.000000 8.348913 0.000000 0.000000 1.000000 0.000000 1547639634734170913

0.997298 -0.073466 0.000000 154.722517 0.073466 0.997298 0.000000 8.493554 0.000000 0.000000 1.000000 0.000000 1547639634985708951

0.997266 -0.073899 0.000000 157.190442 0.073899 0.997266 0.000000 8.675879 0.000000 0.000000 1.000000 0.000000 1547639635235538005

0.997290 -0.073573 0.000000 159.623414 0.073573 0.997290 0.000000 8.811358 0.000000 0.000000 1.000000 0.000000 1547639635483899116

0.997322 -0.073136 0.000000 162.086113 0.073136 0.997322 0.000000 9.006522 0.000000 0.000000 1.000000 0.000000 1547639635731448888

0.997351 -0.072741 0.000000 164.537159 0.072741 0.997351 0.000000 9.166814 0.000000 0.000000 1.000000 0.000000 1547639635978856086

0.997391 -0.072186 0.000000 166.955063 0.072186 0.997391 0.000000 9.333008 0.000000 0.000000 1.000000 0.000000 1547639636226056098

0.997422 -0.071758 0.000000 169.366866 0.071758 0.997422 0.000000 9.450707 0.000000 0.000000 1.000000 0.000000 1547639636473975896

0.997300 -0.073438 0.000000 171.804970 0.073438 0.997300 0.000000 9.590616 0.000000 0.000000 1.000000 0.000000 1547639636722997903

0.997169 -0.075189 0.000000 174.233005 0.075189 0.997169 0.000000 9.790624 0.000000 0.000000 1.000000 0.000000 1547639636972979068

0.996959 -0.077933 0.000000 176.661323 0.077933 0.996959 0.000000 9.932636 0.000000 0.000000 1.000000 0.000000 1547639637223706007

0.996782 -0.080156 0.000000 179.032373 0.080156 0.996782 0.000000 10.079551 0.000000 0.000000 1.000000 0.000000 1547639637475714921

0.996583 -0.082602 0.000000 181.462983 0.082602 0.996583 0.000000 10.275379 0.000000 0.000000 1.000000 0.000000 1547639637727900981

0.996349 -0.085376 0.000000 183.864033 0.085376 0.996349 0.000000 10.445521 0.000000 0.000000 1.000000 0.000000 1547639637978770017

0.996265 -0.086349 0.000000 186.268632 0.086349 0.996265 0.000000 10.616496 0.000000 0.000000 1.000000 0.000000 1547639638229785919

0.996177 -0.087355 0.000000 188.709921 0.087355 0.996177 0.000000 10.824503 0.000000 0.000000 1.000000 0.000000 1547639638482341051

0.996082 -0.088433 0.000000 191.157619 0.088433 0.996082 0.000000 11.044016 0.000000 0.000000 1.000000 0.000000 1547639638735959053

0.996135 -0.087830 0.000000 193.591252 0.087830 0.996135 0.000000 11.251498 0.000000 0.000000 1.000000 0.000000 1547639638989485025

0.996271 -0.086284 0.000000 195.918634 0.086284 0.996271 0.000000 11.433661 0.000000 0.000000 1.000000 0.000000 1547639639241195917

0.996383 -0.084976 0.000000 198.269237 0.084976 0.996383 0.000000 11.613818 0.000000 0.000000 1.000000 0.000000 1547639639491070985

0.996583 -0.082599 0.000000 200.645919 0.082599 0.996583 0.000000 11.812336 0.000000 0.000000 1.000000 0.000000 1547639639739597082

0.996812 -0.079792 0.000000 202.964490 0.079792 0.996812 0.000000 11.983600 0.000000 0.000000 1.000000 0.000000 1547639639987641096

0.997102 -0.076070 0.000000 205.277926 0.076070 0.997102 0.000000 12.090637 0.000000 0.000000 1.000000 0.000000 1547639640235173940

0.997212 -0.074626 0.000000 207.560797 0.074626 0.997212 0.000000 12.222662 0.000000 0.000000 1.000000 0.000000 1547639640482491970

0.997211 -0.074636 0.000000 209.842092 0.074636 0.997211 0.000000 12.398116 0.000000 0.000000 1.000000 0.000000 1547639640730726957

0.996962 -0.077888 0.000000 212.103996 0.077888 0.996962 0.000000 12.491094 0.000000 0.000000 1.000000 0.000000 1547639640979640007

0.996439 -0.084320 0.000000 214.356776 0.084320 0.996439 0.000000 12.650214 0.000000 0.000000 1.000000 0.000000 1547639641229516029

0.995495 -0.094816 0.000000 216.585815 0.094816 0.995495 0.000000 12.783933 0.000000 0.000000 1.000000 0.000000 1547639641480393886

0.994039 -0.109022 0.000000 218.898586 0.109022 0.994039 0.000000 13.031484 0.000000 0.000000 1.000000 0.000000 1547639641731012105

0.992673 -0.120833 0.000000 221.193513 0.120833 0.992673 0.000000 13.288964 0.000000 0.000000 1.000000 0.000000 1547639641982841014

0.991131 -0.132891 0.000000 223.436024 0.132891 0.991131 0.000000 13.555450 0.000000 0.000000 1.000000 0.000000 1547639642234983921

0.989780 -0.142605 0.000000 225.604970 0.142605 0.989780 0.000000 13.796266 0.000000 0.000000 1.000000 0.000000 1547639642485871076

0.988527 -0.151045 0.000000 227.847615 0.151045 0.988527 0.000000 14.181983 0.000000 0.000000 1.000000 0.000000 1547639642736886024

0.987664 -0.156586 0.000000 230.214062 0.156586 0.987664 0.000000 14.532930 0.000000 0.000000 1.000000 0.000000 1547639642988184928

0.987135 -0.159891 0.000000 232.522939 0.159891 0.987135 0.000000 14.948835 0.000000 0.000000 1.000000 0.000000 1547639643239418983

0.986425 -0.164213 0.000000 234.722800 0.164213 0.986425 0.000000 15.230580 0.000000 0.000000 1.000000 0.000000 1547639643490521907

0.985656 -0.168766 0.000000 237.030572 0.168766 0.985656 0.000000 15.599307 0.000000 0.000000 1.000000 0.000000 1547639643742007970

0.985063 -0.172193 0.000000 239.387352 0.172193 0.985063 0.000000 15.960971 0.000000 0.000000 1.000000 0.000000 1547639643994860887

0.984603 -0.174803 0.000000 241.683022 0.174803 0.984603 0.000000 16.377513 0.000000 0.000000 1.000000 0.000000 1547639644248291969

0.984303 -0.176485 0.000000 243.993028 0.176485 0.984303 0.000000 16.738675 0.000000 0.000000 1.000000 0.000000 1547639644500092983

0.984073 -0.177762 0.000000 246.295082 0.177762 0.984073 0.000000 17.170799 0.000000 0.000000 1.000000 0.000000 1547639644750009059

0.983588 -0.180430 0.000000 248.592232 0.180430 0.983588 0.000000 17.566658 0.000000 0.000000 1.000000 0.000000 1547639644998706102

0.983324 -0.181865 0.000000 250.871367 0.181865 0.983324 0.000000 17.965031 0.000000 0.000000 1.000000 0.000000 1547639645246694087

0.983154 -0.182779 0.000000 253.142867 0.182779 0.983154 0.000000 18.340557 0.000000 0.000000 1.000000 0.000000 1547639645494427919

0.982820 -0.184569 0.000000 255.448539 0.184569 0.982820 0.000000 18.724783 0.000000 0.000000 1.000000 0.000000 1547639645741090059

0.982508 -0.186223 0.000000 257.767270 0.186223 0.982508 0.000000 19.179513 0.000000 0.000000 1.000000 0.000000 1547639645988532066

0.982028 -0.188733 0.000000 260.067292 0.188733 0.982028 0.000000 19.594485 0.000000 0.000000 1.000000 0.000000 1547639646237766981

0.981297 -0.192499 0.000000 262.350768 0.192499 0.981297 0.000000 20.025984 0.000000 0.000000 1.000000 0.000000 1547639646488240003

0.980242 -0.197803 0.000000 264.714612 0.197803 0.980242 0.000000 20.503668 0.000000 0.000000 1.000000 0.000000 1547639646738854885

0.979104 -0.203362 0.000000 266.933805 0.203362 0.979104 0.000000 21.005022 0.000000 0.000000 1.000000 0.000000 1547639646989084959

0.978571 -0.205908 0.000000 269.348973 0.205908 0.978571 0.000000 21.481021 0.000000 0.000000 1.000000 0.000000 1547639647240466117

0.977795 -0.209562 0.000000 271.758249 0.209562 0.977795 0.000000 21.949560 0.000000 0.000000 1.000000 0.000000 1547639647492357969

0.976869 -0.213838 0.000000 274.010141 0.213838 0.976869 0.000000 22.432732 0.000000 0.000000 1.000000 0.000000 1547639647743406057

0.975972 -0.217895 0.000000 276.355260 0.217895 0.975972 0.000000 22.965325 0.000000 0.000000 1.000000 0.000000 1547639647994329929

0.975423 -0.220341 0.000000 278.665963 0.220341 0.975423 0.000000 23.398223 0.000000 0.000000 1.000000 0.000000 1547639648245759010

0.974970 -0.222338 0.000000 280.950560 0.222338 0.974970 0.000000 23.957708 0.000000 0.000000 1.000000 0.000000 1547639648497055053

0.975726 -0.218995 0.000000 283.304065 0.218995 0.975726 0.000000 24.402309 0.000000 0.000000 1.000000 0.000000 1547639648748099088

0.977733 -0.209853 0.000000 285.641661 0.209853 0.977733 0.000000 24.851601 0.000000 0.000000 1.000000 0.000000 1547639649000502109

0.980426 -0.196886 0.000000 287.950454 0.196886 0.980426 0.000000 25.331370 0.000000 0.000000 1.000000 0.000000 1547639649254215002

0.982148 -0.188107 0.000000 290.306367 0.188107 0.982148 0.000000 25.702878 0.000000 0.000000 1.000000 0.000000 1547639649506833076

0.983798 -0.179279 0.000000 292.689552 0.179279 0.983798 0.000000 26.132430 0.000000 0.000000 1.000000 0.000000 1547639649757503032

0.985478 -0.169803 0.000000 295.081530 0.169803 0.985478 0.000000 26.514124 0.000000 0.000000 1.000000 0.000000 1547639650006385087

0.986601 -0.163154 0.000000 297.402356 0.163154 0.986601 0.000000 26.850003 0.000000 0.000000 1.000000 0.000000 1547639650253581047

0.987682 -0.156473 0.000000 299.749896 0.156473 0.987682 0.000000 27.201839 0.000000 0.000000 1.000000 0.000000 1547639650499970912

0.988543 -0.150937 0.000000 302.108050 0.150937 0.988543 0.000000 27.495514 0.000000 0.000000 1.000000 0.000000 1547639650746179103

0.989318 -0.145776 0.000000 304.487923 0.145776 0.989318 0.000000 27.828366 0.000000 0.000000 1.000000 0.000000 1547639650992603063

0.989674 -0.143336 0.000000 306.893699 0.143336 0.989674 0.000000 28.140520 0.000000 0.000000 1.000000 0.000000 1547639651240276098

0.989817 -0.142344 0.000000 309.332043 0.142344 0.989817 0.000000 28.492602 0.000000 0.000000 1.000000 0.000000 1547639651489424943

0.989946 -0.141445 0.000000 311.788437 0.141445 0.989946 0.000000 28.815074 0.000000 0.000000 1.000000 0.000000 1547639651739696025

0.990343 -0.138639 0.000000 314.327656 0.138639 0.990343 0.000000 29.113557 0.000000 0.000000 1.000000 0.000000 1547639651992011070

0.990839 -0.135048 0.000000 316.783004 0.135048 0.990839 0.000000 29.359530 0.000000 0.000000 1.000000 0.000000 1547639652245865106

0.991448 -0.130505 0.000000 319.312734 0.130505 0.991448 0.000000 29.647779 0.000000 0.000000 1.000000 0.000000 1547639652498508930

0.992085 -0.125571 0.000000 321.723497 0.125571 0.992085 0.000000 29.994619 0.000000 0.000000 1.000000 0.000000 1547639652750190973

0.992872 -0.119189 0.000000 324.192344 0.119189 0.992872 0.000000 30.220447 0.000000 0.000000 1.000000 0.000000 1547639653000575065

0.993607 -0.112893 0.000000 326.650350 0.112893 0.993607 0.000000 30.480326 0.000000 0.000000 1.000000 0.000000 1547639653249001979

0.994286 -0.106747 0.000000 329.027042 0.106747 0.994286 0.000000 30.728827 0.000000 0.000000 1.000000 0.000000 1547639653497723102

0.994882 -0.101046 0.000000 331.519694 0.101046 0.994882 0.000000 30.953471 0.000000 0.000000 1.000000 0.000000 1547639653748276948

0.995542 -0.094318 0.000000 333.875903 0.094318 0.995542 0.000000 31.115043 0.000000 0.000000 1.000000 0.000000 1547639653998982906

0.996152 -0.087640 0.000000 336.309920 0.087640 0.996152 0.000000 31.261546 0.000000 0.000000 1.000000 0.000000 1547639654248925924

0.996801 -0.079927 0.000000 338.743141 0.079927 0.996801 0.000000 31.415480 0.000000 0.000000 1.000000 0.000000 1547639654498668909

0.997247 -0.074154 0.000000 341.175392 0.074154 0.997247 0.000000 31.604967 0.000000 0.000000 1.000000 0.000000 1547639654748194932

0.997698 -0.067812 0.000000 343.595536 0.067812 0.997698 0.000000 31.775120 0.000000 0.000000 1.000000 0.000000 1547639654997345924

0.998028 -0.062764 0.000000 346.057653 0.062764 0.998028 0.000000 31.846436 0.000000 0.000000 1.000000 0.000000 1547639655246490955

0.998446 -0.055726 0.000000 348.462811 0.055726 0.998446 0.000000 31.952428 0.000000 0.000000 1.000000 0.000000 1547639655495143890

0.998702 -0.050925 0.000000 350.826971 0.050925 0.998702 0.000000 31.997009 0.000000 0.000000 1.000000 0.000000 1547639655743688106

0.998953 -0.045754 0.000000 353.181700 0.045754 0.998953 0.000000 32.063427 0.000000 0.000000 1.000000 0.000000 1547639655991414070

0.999295 -0.037552 0.000000 355.594865 0.037552 0.999295 0.000000 32.098048 0.000000 0.000000 1.000000 0.000000 1547639656238784074

0.999509 -0.031343 0.000000 357.999158 0.031343 0.999509 0.000000 32.122170 0.000000 0.000000 1.000000 0.000000 1547639656486653089

0.999681 -0.025273 0.000000 360.445868 0.025273 0.999681 0.000000 32.135352 0.000000 0.000000 1.000000 0.000000 1547639656736424922

0.999762 -0.021817 0.000000 362.913297 0.021817 0.999762 0.000000 32.205498 0.000000 0.000000 1.000000 0.000000 1547639656988064050

0.999822 -0.018868 0.000000 365.334411 0.018868 0.999822 0.000000 32.196356 0.000000 0.000000 1.000000 0.000000 1547639657239662885

0.999866 -0.016391 0.000000 367.771797 0.016391 0.999866 0.000000 32.150500 0.000000 0.000000 1.000000 0.000000 1547639657490452051

0.999880 -0.015496 0.000000 370.258686 0.015496 0.999880 0.000000 32.182649 0.000000 0.000000 1.000000 0.000000 1547639657741947889

0.999905 -0.013779 0.000000 372.682358 0.013779 0.999905 0.000000 32.167442 0.000000 0.000000 1.000000 0.000000 1547639657995296001

0.999901 -0.014035 0.000000 375.135780 0.014035 0.999901 0.000000 32.200587 0.000000 0.000000 1.000000 0.000000 1547639658248867034

0.999900 -0.014172 0.000000 377.599946 0.014172 0.999900 0.000000 32.227934 0.000000 0.000000 1.000000 0.000000 1547639658500715970

0.999894 -0.014568 0.000000 380.079177 0.014568 0.999894 0.000000 32.186718 0.000000 0.000000 1.000000 0.000000 1547639658750351905

0.999885 -0.015174 0.000000 382.498656 0.015174 0.999885 0.000000 32.233426 0.000000 0.000000 1.000000 0.000000 1547639658998322010

0.999847 -0.017511 0.000000 384.937793 0.017511 0.999847 0.000000 32.241046 0.000000 0.000000 1.000000 0.000000 1547639659245496034

0.999818 -0.019063 0.000000 387.383380 0.019063 0.999818 0.000000 32.256993 0.000000 0.000000 1.000000 0.000000 1547639659492669105

0.999755 -0.022118 0.000000 389.818460 0.022118 0.999755 0.000000 32.269013 0.000000 0.000000 1.000000 0.000000 1547639659739845037

0.999618 -0.027640 0.000000 392.280975 0.027640 0.999618 0.000000 32.328790 0.000000 0.000000 1.000000 0.000000 1547639659987746953

0.999449 -0.033182 0.000000 394.719823 0.033182 0.999449 0.000000 32.350285 0.000000 0.000000 1.000000 0.000000 1547639660237205982

0.999196 -0.040093 0.000000 397.190174 0.040093 0.999196 0.000000 32.345136 0.000000 0.000000 1.000000 0.000000 1547639660487495899

0.999008 -0.044523 0.000000 399.693351 0.044523 0.999008 0.000000 32.451377 0.000000 0.000000 1.000000 0.000000 1547639660738066911

0.998727 -0.050433 0.000000 402.221994 0.050433 0.998727 0.000000 32.563945 0.000000 0.000000 1.000000 0.000000 1547639660988401889

0.998451 -0.055631 0.000000 404.722599 0.055631 0.998451 0.000000 32.720379 0.000000 0.000000 1.000000 0.000000 1547639661239403963

0.997997 -0.063263 0.000000 407.223995 0.063263 0.997997 0.000000 32.826394 0.000000 0.000000 1.000000 0.000000 1547639661491451025

0.997567 -0.069712 0.000000 409.769395 0.069712 0.997567 0.000000 32.976213 0.000000 0.000000 1.000000 0.000000 1547639661743058919

0.997107 -0.076009 0.000000 412.296479 0.076009 0.997107 0.000000 33.133904 0.000000 0.000000 1.000000 0.000000 1547639661994255065

0.996644 -0.081854 0.000000 414.811734 0.081854 0.996644 0.000000 33.291596 0.000000 0.000000 1.000000 0.000000 1547639662245520114

0.996338 -0.085502 0.000000 417.385538 0.085502 0.996338 0.000000 33.478632 0.000000 0.000000 1.000000 0.000000 1547639662497021913

0.996062 -0.088654 0.000000 419.933932 0.088654 0.996062 0.000000 33.683779 0.000000 0.000000 1.000000 0.000000 1547639662748745918

0.995950 -0.089911 0.000000 422.444267 0.089911 0.995950 0.000000 33.855312 0.000000 0.000000 1.000000 0.000000 1547639663000368118

0.995847 -0.091043 0.000000 424.987097 0.091043 0.995847 0.000000 34.026308 0.000000 0.000000 1.000000 0.000000 1547639663252595901

0.995790 -0.091662 0.000000 427.578366 0.091662 0.995790 0.000000 34.246845 0.000000 0.000000 1.000000 0.000000 1547639663505867958

0.995827 -0.091266 0.000000 430.036279 0.091266 0.995827 0.000000 34.448333 0.000000 0.000000 1.000000 0.000000 1547639663758366107

0.995734 -0.092270 0.000000 432.490021 0.092270 0.995734 0.000000 34.626796 0.000000 0.000000 1.000000 0.000000 1547639664008671045

0.995857 -0.090935 0.000000 434.848095 0.090935 0.995857 0.000000 34.799387 0.000000 0.000000 1.000000 0.000000 1547639664257628917

0.995848 -0.091034 0.000000 437.204873 0.091034 0.995848 0.000000 34.980139 0.000000 0.000000 1.000000 0.000000 1547639664505342006

0.995848 -0.091032 0.000000 439.473290 0.091032 0.995848 0.000000 35.106228 0.000000 0.000000 1.000000 0.000000 1547639664752877950

0.995888 -0.090594 0.000000 441.670067 0.090594 0.995888 0.000000 35.305545 0.000000 0.000000 1.000000 0.000000 1547639665000296115

0.995940 -0.090022 0.000000 443.792500 0.090022 0.995940 0.000000 35.460010 0.000000 0.000000 1.000000 0.000000 1547639665248130083

0.996186 -0.087257 0.000000 445.847674 0.087257 0.996186 0.000000 35.610985 0.000000 0.000000 1.000000 0.000000 1547639665497400999

0.996435 -0.084365 0.000000 447.825149 0.084365 0.996435 0.000000 35.746832 0.000000 0.000000 1.000000 0.000000 1547639665748186111

0.996926 -0.078344 0.000000 449.699167 0.078344 0.996926 0.000000 35.843905 0.000000 0.000000 1.000000 0.000000 1547639665999283075

0.997579 -0.069547 0.000000 451.475819 0.069547 0.997579 0.000000 35.958226 0.000000 0.000000 1.000000 0.000000 1547639666249586105

0.998224 -0.059571 0.000000 453.186101 0.059571 0.998224 0.000000 36.017971 0.000000 0.000000 1.000000 0.000000 1547639666499663114

0.999144 -0.041359 0.000000 454.749095 0.041359 0.999144 0.000000 36.085042 0.000000 0.000000 1.000000 0.000000 1547639666750442981

0.999909 -0.013483 0.000000 456.312142 0.013483 0.999909 0.000000 36.063782 0.000000 0.000000 1.000000 0.000000 1547639667002782106

0.997036 0.076933 0.000000 459.129963 -0.076933 0.997036 -0.000000 35.832419 -0.000000 0.000000 1.000000 0.000000 1547639667506722927

0.981343 0.192266 0.000000 461.577104 -0.192266 0.981343 -0.000000 35.405058 -0.000000 0.000000 1.000000 0.000000 1547639668011286020

0.939308 0.343074 0.000000 463.833238 -0.343074 0.939308 -0.000000 34.641659 -0.000000 0.000000 1.000000 0.000000 1547639668512907028

0.902953 0.429739 0.000000 464.788978 -0.429739 0.902953 -0.000000 34.077992 -0.000000 0.000000 1.000000 0.000000 1547639668760917901

0.854893 0.518805 0.000000 465.662019 -0.518805 0.854893 -0.000000 33.416112 -0.000000 0.000000 1.000000 0.000000 1547639669008398056

0.792454 0.609931 0.000000 466.394465 -0.609931 0.792454 -0.000000 32.781344 -0.000000 0.000000 1.000000 0.000000 1547639669255588054

0.713449 0.700707 0.000000 467.069388 -0.700707 0.713449 -0.000000 31.981608 -0.000000 0.000000 1.000000 0.000000 1547639669502007961

0.621169 0.783677 0.000000 467.623183 -0.783677 0.621169 -0.000000 31.187524 -0.000000 0.000000 1.000000 0.000000 1547639669748872041

0.513413 0.858141 0.000000 468.030069 -0.858141 0.513413 -0.000000 30.311921 -0.000000 0.000000 1.000000 0.000000 1547639669997247934

0.395451 0.918487 0.000000 468.288852 -0.918487 0.395451 -0.000000 29.391129 -0.000000 0.000000 1.000000 0.000000 1547639670245992898

0.264956 0.964261 0.000000 468.438171 -0.964261 0.264956 -0.000000 28.465644 -0.000000 0.000000 1.000000 0.000000 1547639670495951890

0.123527 0.992341 0.000000 468.511332 -0.992341 0.123527 -0.000000 27.542065 -0.000000 0.000000 1.000000 0.000000 1547639670748986959

-0.023097 0.999733 0.000000 468.368354 -0.999733 -0.023097 -0.000000 26.531417 -0.000000 0.000000 1.000000 0.000000 1547639671003499984

-0.171030 0.985266 0.000000 468.141864 -0.985266 -0.171030 -0.000000 25.570606 -0.000000 0.000000 1.000000 0.000000 1547639671256850004

-0.315052 0.949074 0.000000 467.717907 -0.949074 -0.315052 -0.000000 24.515933 -0.000000 0.000000 1.000000 0.000000 1547639671509242057

-0.448527 0.893769 0.000000 467.158347 -0.893769 -0.448527 -0.000000 23.573368 -0.000000 0.000000 1.000000 0.000000 1547639671760905027

-0.562236 0.826977 0.000000 466.442319 -0.826977 -0.562236 0.000000 22.639804 0.000000 0.000000 1.000000 0.000000 1547639672010519027

-0.662879 0.748727 0.000000 465.581312 -0.748727 -0.662879 0.000000 21.899390 0.000000 0.000000 1.000000 0.000000 1547639672258981943

-0.749232 0.662307 0.000000 464.595169 -0.662307 -0.749232 0.000000 21.053508 0.000000 0.000000 1.000000 0.000000 1547639672508753061

-0.808253 0.588836 0.000000 463.568987 -0.588836 -0.808253 0.000000 20.206794 0.000000 0.000000 1.000000 0.000000 1547639672758822917

-0.863526 0.504304 0.000000 461.028946 -0.504304 -0.863526 0.000000 18.862275 0.000000 0.000000 1.000000 0.000000 1547639673257131099

-0.869183 0.494490 0.000000 459.650576 -0.494490 -0.869183 0.000000 18.215372 0.000000 0.000000 1.000000 0.000000 1547639673505698919

-0.872943 0.487822 0.000000 458.242753 -0.487822 -0.872943 0.000000 17.581169 0.000000 0.000000 1.000000 0.000000 1547639673753521919

-0.873278 0.487221 0.000000 456.763860 -0.487221 -0.873278 0.000000 16.793360 0.000000 0.000000 1.000000 0.000000 1547639674001326084

-0.874394 0.485216 0.000000 455.203179 -0.485216 -0.874394 0.000000 16.029923 0.000000 0.000000 1.000000 0.000000 1547639674248846054

-0.875266 0.483641 0.000000 453.599231 -0.483641 -0.875266 0.000000 15.207867 0.000000 0.000000 1.000000 0.000000 1547639674496495008

-0.875931 0.482437 0.000000 451.882382 -0.482437 -0.875931 0.000000 14.336723 0.000000 0.000000 1.000000 0.000000 1547639674745398998

-0.876070 0.482183 0.000000 450.192203 -0.482183 -0.876070 0.000000 13.413349 0.000000 0.000000 1.000000 0.000000 1547639674995099067

-0.876833 0.480796 0.000000 448.403604 -0.480796 -0.876833 0.000000 12.438626 0.000000 0.000000 1.000000 0.000000 1547639675245275020

-0.877623 0.479351 0.000000 446.505917 -0.479351 -0.877623 0.000000 11.455014 0.000000 0.000000 1.000000 0.000000 1547639675496342897

-0.878159 0.478369 0.000000 444.574500 -0.478369 -0.878159 0.000000 10.457291 0.000000 0.000000 1.000000 0.000000 1547639675748491048

-0.878429 0.477873 0.000000 442.627718 -0.477873 -0.878429 0.000000 9.396306 0.000000 0.000000 1.000000 0.000000 1547639676000332117

-0.879267 0.476330 0.000000 440.593401 -0.476330 -0.879267 0.000000 8.327329 0.000000 0.000000 1.000000 0.000000 1547639676251715898

-0.880162 0.474674 0.000000 438.531116 -0.474674 -0.880162 0.000000 7.274224 0.000000 0.000000 1.000000 0.000000 1547639676503346920

-0.881483 0.472216 0.000000 436.400360 -0.472216 -0.881483 0.000000 6.166775 0.000000 0.000000 1.000000 0.000000 1547639676754966974

-0.882700 0.469938 0.000000 434.276446 -0.469938 -0.882700 0.000000 5.091862 0.000000 0.000000 1.000000 0.000000 1547639677005908012

-0.885515 0.464611 0.000000 432.090455 -0.464611 -0.885515 0.000000 3.947134 0.000000 0.000000 1.000000 0.000000 1547639677257534027

-0.887209 0.461368 0.000000 429.880071 -0.461368 -0.887209 0.000000 2.814847 0.000000 0.000000 1.000000 0.000000 1547639677509676933

-0.888947 0.458010 0.000000 427.628703 -0.458010 -0.888947 0.000000 1.666281 0.000000 0.000000 1.000000 0.000000 1547639677762876987

-0.891188 0.453634 0.000000 425.344273 -0.453634 -0.891188 0.000000 0.538446 0.000000 0.000000 1.000000 0.000000 1547639678016448020

-0.892598 0.450853 0.000000 423.047132 -0.450853 -0.892598 0.000000 -0.619722 0.000000 0.000000 1.000000 0.000000 1547639678268160104

-0.893303 0.449454 0.000000 420.751425 -0.449454 -0.893303 0.000000 -1.735576 0.000000 0.000000 1.000000 0.000000 1547639678517848968

-0.893729 0.448607 0.000000 418.426999 -0.448607 -0.893729 0.000000 -2.867314 0.000000 0.000000 1.000000 0.000000 1547639678766340017

-0.894476 0.447116 0.000000 416.122084 -0.447116 -0.894476 0.000000 -3.997438 0.000000 0.000000 1.000000 0.000000 1547639679014225006

-0.895337 0.445389 0.000000 413.832150 -0.445389 -0.895337 0.000000 -5.115307 0.000000 0.000000 1.000000 0.000000 1547639679261522054

-0.895994 0.444066 0.000000 411.537584 -0.444066 -0.895994 0.000000 -6.223741 0.000000 0.000000 1.000000 0.000000 1547639679508491992

-0.896540 0.442964 0.000000 409.193821 -0.442964 -0.896540 0.000000 -7.309129 0.000000 0.000000 1.000000 0.000000 1547639679755892992

-0.897365 0.441288 0.000000 406.890001 -0.441288 -0.897365 0.000000 -8.456828 0.000000 0.000000 1.000000 0.000000 1547639680004669904

-0.898173 0.439642 0.000000 404.544656 -0.439642 -0.898173 0.000000 -9.587693 0.000000 0.000000 1.000000 0.000000 1547639680254755973

-0.898617 0.438735 0.000000 402.151545 -0.438735 -0.898617 0.000000 -10.718029 0.000000 0.000000 1.000000 0.000000 1547639680506289958

-0.898602 0.438765 0.000000 399.837832 -0.438765 -0.898602 0.000000 -11.835334 0.000000 0.000000 1.000000 0.000000 1547639680758454084

-0.898725 0.438512 0.000000 397.489162 -0.438512 -0.898725 0.000000 -12.966839 0.000000 0.000000 1.000000 0.000000 1547639681009689092

-0.899144 0.437654 0.000000 395.156956 -0.437654 -0.899144 0.000000 -14.044997 0.000000 0.000000 1.000000 0.000000 1547639681260561943

-0.899487 0.436948 0.000000 392.826952 -0.436948 -0.899487 0.000000 -15.152628 0.000000 0.000000 1.000000 0.000000 1547639681511796951

-0.899967 0.435958 0.000000 390.506908 -0.435958 -0.899967 0.000000 -16.276137 0.000000 0.000000 1.000000 0.000000 1547639681762896060

-0.900702 0.434438 0.000000 388.178870 -0.434438 -0.900702 0.000000 -17.389662 0.000000 0.000000 1.000000 0.000000 1547639682014941930

-0.901214 0.433374 0.000000 385.833721 -0.433374 -0.901214 0.000000 -18.506882 0.000000 0.000000 1.000000 0.000000 1547639682268433094

-0.901673 0.432418 0.000000 383.492438 -0.432418 -0.901673 0.000000 -19.584596 0.000000 0.000000 1.000000 0.000000 1547639682521156072

-0.902975 0.429694 0.000000 381.170666 -0.429694 -0.902975 0.000000 -20.647734 0.000000 0.000000 1.000000 0.000000 1547639682771889925

-0.904091 0.427339 0.000000 378.820535 -0.427339 -0.904091 0.000000 -21.678258 0.000000 0.000000 1.000000 0.000000 1547639683020248889

-0.906543 0.422114 0.000000 376.529515 -0.422114 -0.906543 0.000000 -22.715047 0.000000 0.000000 1.000000 0.000000 1547639683267812013

-0.909472 0.415765 0.000000 374.223387 -0.415765 -0.909472 0.000000 -23.738519 0.000000 0.000000 1.000000 0.000000 1547639683515465021

-0.913328 0.407224 0.000000 371.961654 -0.407224 -0.913328 0.000000 -24.728239 0.000000 0.000000 1.000000 0.000000 1547639683762854099

-0.916335 0.400413 0.000000 369.651197 -0.400413 -0.916335 0.000000 -25.672368 0.000000 0.000000 1.000000 0.000000 1547639684011002063

-0.919794 0.392401 0.000000 367.340159 -0.392401 -0.919794 0.000000 -26.676963 0.000000 0.000000 1.000000 0.000000 1547639684260159015

-0.923222 0.384267 0.000000 365.012713 -0.384267 -0.923222 0.000000 -27.607619 0.000000 0.000000 1.000000 0.000000 1547639684510236024

-0.926310 0.376762 0.000000 362.662187 -0.376762 -0.926310 0.000000 -28.514261 0.000000 0.000000 1.000000 0.000000 1547639684760709047

-0.929195 0.369590 0.000000 360.328522 -0.369590 -0.929195 0.000000 -29.378673 0.000000 0.000000 1.000000 0.000000 1547639685011724948

-0.932662 0.360751 0.000000 357.985046 -0.360751 -0.932662 0.000000 -30.280307 0.000000 0.000000 1.000000 0.000000 1547639685263552904

-0.936325 0.351134 0.000000 355.636565 -0.351134 -0.936325 0.000000 -31.139551 0.000000 0.000000 1.000000 0.000000 1547639685515613079

-0.939594 0.342290 0.000000 353.267328 -0.342290 -0.939594 0.000000 -31.970910 0.000000 0.000000 1.000000 0.000000 1547639685767164945

-0.942439 0.334377 0.000000 350.898557 -0.334377 -0.942439 0.000000 -32.747943 0.000000 0.000000 1.000000 0.000000 1547639686018599033

-0.944732 0.327845 0.000000 348.522114 -0.327845 -0.944732 0.000000 -33.580909 0.000000 0.000000 1.000000 0.000000 1547639686270500898

-0.945245 0.326361 0.000000 346.131818 -0.326361 -0.945245 0.000000 -34.297279 0.000000 0.000000 1.000000 0.000000 1547639686521703004

-0.945705 0.325025 0.000000 343.783511 -0.325025 -0.945705 0.000000 -35.046575 0.000000 0.000000 1.000000 0.000000 1547639686772680997

-0.945040 0.326956 0.000000 341.438653 -0.326956 -0.945040 0.000000 -35.838711 0.000000 0.000000 1.000000 0.000000 1547639687024947881

-0.944963 0.327176 0.000000 339.059835 -0.327176 -0.944963 0.000000 -36.641515 0.000000 0.000000 1.000000 0.000000 1547639687278217077

-0.944748 0.327799 0.000000 336.709963 -0.327799 -0.944748 0.000000 -37.461012 0.000000 0.000000 1.000000 0.000000 1547639687530771017

-0.943830 0.330430 0.000000 334.349150 -0.330430 -0.943830 0.000000 -38.221928 0.000000 0.000000 1.000000 0.000000 1547639687781095981

-0.942096 0.335344 0.000000 332.045221 -0.335344 -0.942096 0.000000 -39.063627 0.000000 0.000000 1.000000 0.000000 1547639688029067993

-0.940448 0.339937 0.000000 329.742270 -0.339937 -0.940448 0.000000 -39.843122 0.000000 0.000000 1.000000 0.000000 1547639688276568889

-0.938770 0.344544 0.000000 327.373575 -0.344544 -0.938770 0.000000 -40.676203 0.000000 0.000000 1.000000 0.000000 1547639688523901939

-0.936989 0.349358 0.000000 325.080852 -0.349358 -0.936989 0.000000 -41.528373 0.000000 0.000000 1.000000 0.000000 1547639688771090984

-0.935396 0.353602 0.000000 322.711268 -0.353602 -0.935396 0.000000 -42.386542 0.000000 0.000000 1.000000 0.000000 1547639689019335985

-0.933781 0.357845 0.000000 320.340081 -0.357845 -0.933781 0.000000 -43.273822 0.000000 0.000000 1.000000 0.000000 1547639689268956899

-0.932175 0.362007 0.000000 317.984938 -0.362007 -0.932175 0.000000 -44.172171 0.000000 0.000000 1.000000 0.000000 1547639689519212007

-0.930395 0.366558 0.000000 315.602899 -0.366558 -0.930395 0.000000 -45.065830 0.000000 0.000000 1.000000 0.000000 1547639689769515991

-0.928679 0.370886 0.000000 313.222758 -0.370886 -0.928679 0.000000 -45.942580 0.000000 0.000000 1.000000 0.000000 1547639690019814014

-0.927974 0.372645 0.000000 310.816401 -0.372645 -0.927974 0.000000 -46.881840 0.000000 0.000000 1.000000 0.000000 1547639690271493911

-0.926833 0.375473 0.000000 308.404721 -0.375473 -0.926833 0.000000 -47.838811 0.000000 0.000000 1.000000 0.000000 1547639690523420095

-0.926706 0.375787 0.000000 306.094906 -0.375787 -0.926706 0.000000 -48.769217 0.000000 0.000000 1.000000 0.000000 1547639690774611949

-0.926574 0.376111 0.000000 303.718647 -0.376111 -0.926574 0.000000 -49.751009 0.000000 0.000000 1.000000 0.000000 1547639691026324987

-0.925852 0.377887 0.000000 301.325927 -0.377887 -0.925852 0.000000 -50.683266 0.000000 0.000000 1.000000 0.000000 1547639691278789043

-0.925503 0.378741 0.000000 298.926214 -0.378741 -0.925503 0.000000 -51.632375 0.000000 0.000000 1.000000 0.000000 1547639691531090021

-0.924002 0.382387 0.000000 296.608904 -0.382387 -0.924002 0.000000 -52.576625 0.000000 0.000000 1.000000 0.000000 1547639691782660007

-0.922640 0.385661 0.000000 294.267129 -0.385661 -0.922640 0.000000 -53.535640 0.000000 0.000000 1.000000 0.000000 1547639692032810926

-0.921687 0.387934 0.000000 291.954277 -0.387934 -0.921687 0.000000 -54.460899 0.000000 0.000000 1.000000 0.000000 1547639692281891107

-0.920871 0.389866 0.000000 289.666211 -0.389866 -0.920871 0.000000 -55.375798 0.000000 0.000000 1.000000 0.000000 1547639692530888080

-0.919622 0.392806 0.000000 287.376321 -0.392806 -0.919622 0.000000 -56.338232 0.000000 0.000000 1.000000 0.000000 1547639692780257940

-0.918430 0.395583 0.000000 284.988105 -0.395583 -0.918430 0.000000 -57.226331 0.000000 0.000000 1.000000 0.000000 1547639693029459953

-0.918050 0.396464 0.000000 282.786615 -0.396464 -0.918050 0.000000 -58.138415 0.000000 0.000000 1.000000 0.000000 1547639693277637004

-0.917074 0.398717 0.000000 280.478117 -0.398717 -0.917074 0.000000 -59.168568 0.000000 0.000000 1.000000 0.000000 1547639693525711059

-0.916499 0.400037 0.000000 278.182303 -0.400037 -0.916499 0.000000 -60.128723 0.000000 0.000000 1.000000 0.000000 1547639693774090051

