0.999909 0.013518 0.000000 -3.755056 -0.013518 0.999909 -0.000000 2.638983 -0.000000 0.000000 1.000000 0.000000 1547822825867784000

0.997022 -0.077111 0.000000 -1.842719 0.077111 0.997022 0.000000 2.781380 0.000000 0.000000 1.000000 0.000000 1547822857342175000

0.989453 -0.144853 0.000000 0.235116 0.144853 0.989453 0.000000 3.095827 0.000000 0.000000 1.000000 0.000000 1547822858096357000

0.985614 -0.169014 0.000000 2.102478 0.169014 0.985614 0.000000 3.339232 0.000000 0.000000 1.000000 0.000000 1547822858596569000

0.984789 -0.173756 0.000000 4.240139 0.173756 0.984789 0.000000 3.761387 0.000000 0.000000 1.000000 0.000000 1547822859097138000

0.985537 -0.169460 0.000000 6.710491 0.169460 0.985537 0.000000 4.190195 0.000000 0.000000 1.000000 0.000000 1547822859596178000

0.986759 -0.162195 0.000000 9.535700 0.162195 0.986759 0.000000 4.668492 0.000000 0.000000 1.000000 0.000000 1547822860095386000

0.987456 -0.157896 0.000000 11.030845 0.157896 0.987456 0.000000 4.859261 0.000000 0.000000 1.000000 0.000000 1547822860345041000

0.988318 -0.152409 0.000000 12.609318 0.152409 0.988318 0.000000 5.060808 0.000000 0.000000 1.000000 0.000000 1547822860594219000

0.989428 -0.145023 0.000000 14.202485 0.145023 0.989428 0.000000 5.323370 0.000000 0.000000 1.000000 0.000000 1547822860842856000

0.990828 -0.135130 0.000000 15.858115 0.135130 0.990828 0.000000 5.563175 0.000000 0.000000 1.000000 0.000000 1547822861091613000

0.992175 -0.124856 0.000000 17.567226 0.124856 0.992175 0.000000 5.740274 0.000000 0.000000 1.000000 0.000000 1547822861340210000

0.993796 -0.111216 0.000000 19.308420 0.111216 0.993796 0.000000 5.927374 0.000000 0.000000 1.000000 0.000000 1547822861588404000

0.995347 -0.096355 0.000000 21.133746 0.096355 0.995347 0.000000 6.090181 0.000000 0.000000 1.000000 0.000000 1547822861837080000

0.996679 -0.081434 0.000000 22.927248 0.081434 0.996679 0.000000 6.219072 0.000000 0.000000 1.000000 0.000000 1547822862087317000

0.997690 -0.067934 0.000000 24.838291 0.067934 0.997690 0.000000 6.341024 0.000000 0.000000 1.000000 0.000000 1547822862337836000

0.998493 -0.054887 0.000000 26.728395 0.054887 0.998493 0.000000 6.448896 0.000000 0.000000 1.000000 0.000000 1547822862587707000

0.999167 -0.040820 0.000000 28.644121 0.040820 0.999167 0.000000 6.511635 0.000000 0.000000 1.000000 0.000000 1547822862837555000

0.999663 -0.025953 0.000000 30.576674 0.025953 0.999663 0.000000 6.541630 0.000000 0.000000 1.000000 0.000000 1547822863087376000

0.999928 -0.012017 0.000000 32.541790 0.012017 0.999928 0.000000 6.540019 0.000000 0.000000 1.000000 0.000000 1547822863337331000

1.000000 -0.000952 0.000000 34.528938 0.000952 1.000000 0.000000 6.497527 0.000000 0.000000 1.000000 0.000000 1547822863587126000

0.999963 0.008595 0.000000 36.556286 -0.008595 0.999963 -0.000000 6.510829 -0.000000 0.000000 1.000000 0.000000 1547822863836532000

0.999907 0.013605 0.000000 38.583686 -0.013605 0.999907 -0.000000 6.435604 -0.000000 0.000000 1.000000 0.000000 1547822864086051000

0.999836 0.018126 0.000000 40.663009 -0.018126 0.999836 -0.000000 6.379947 -0.000000 0.000000 1.000000 0.000000 1547822864335351000

0.999754 0.022193 0.000000 42.769330 -0.022193 0.999754 -0.000000 6.324156 -0.000000 0.000000 1.000000 0.000000 1547822864584851000

0.999652 0.026365 0.000000 44.893594 -0.026365 0.999652 -0.000000 6.302675 -0.000000 0.000000 1.000000 0.000000 1547822864835526000

0.999510 0.031311 0.000000 47.018344 -0.031311 0.999510 -0.000000 6.155633 -0.000000 0.000000 1.000000 0.000000 1547822865087739000

0.999330 0.036593 0.000000 49.137065 -0.036593 0.999330 -0.000000 6.054969 -0.000000 0.000000 1.000000 0.000000 1547822865340078000

0.998959 0.045617 0.000000 51.324051 -0.045617 0.998959 -0.000000 5.986443 -0.000000 0.000000 1.000000 0.000000 1547822865591662000

0.998655 0.051853 0.000000 53.465525 -0.051853 0.998655 -0.000000 5.838302 -0.000000 0.000000 1.000000 0.000000 1547822865842576000

0.998745 0.050087 0.000000 55.626829 -0.050087 0.998745 -0.000000 5.696973 -0.000000 0.000000 1.000000 0.000000 1547822866092925000

0.999018 0.044308 0.000000 57.796666 -0.044308 0.999018 -0.000000 5.575986 -0.000000 0.000000 1.000000 0.000000 1547822866343178000

0.999367 0.035564 0.000000 60.009729 -0.035564 0.999367 -0.000000 5.468437 -0.000000 0.000000 1.000000 0.000000 1547822866593271000

0.999757 0.022036 0.000000 62.213717 -0.022036 0.999757 -0.000000 5.390688 -0.000000 0.000000 1.000000 0.000000 1547822866843046000

0.999970 0.007749 0.000000 64.417943 -0.007749 0.999970 -0.000000 5.358081 -0.000000 0.000000 1.000000 0.000000 1547822867092688000

0.999951 -0.009934 0.000000 66.708721 0.009934 0.999951 0.000000 5.322081 0.000000 0.000000 1.000000 0.000000 1547822867341777000

0.999612 -0.027869 0.000000 68.916611 0.027869 0.999612 0.000000 5.518646 0.000000 0.000000 1.000000 0.000000 1547822867591099000

0.998926 -0.046330 0.000000 71.087500 0.046330 0.998926 0.000000 5.609415 0.000000 0.000000 1.000000 0.000000 1547822867840559000

0.998132 -0.061100 0.000000 73.319337 0.061100 0.998132 0.000000 5.723594 0.000000 0.000000 1.000000 0.000000 1547822868089660000

0.997439 -0.071520 0.000000 75.483903 0.071520 0.997439 0.000000 5.827263 0.000000 0.000000 1.000000 0.000000 1547822868338534000

0.996808 -0.079840 0.000000 77.690752 0.079840 0.996808 0.000000 6.020476 0.000000 0.000000 1.000000 0.000000 1547822868587630000

0.996441 -0.084296 0.000000 79.946064 0.084296 0.996441 0.000000 6.205790 0.000000 0.000000 1.000000 0.000000 1547822868836457000

0.996230 -0.086756 0.000000 82.105467 0.086756 0.996230 0.000000 6.399469 0.000000 0.000000 1.000000 0.000000 1547822869085166000

0.996150 -0.087668 0.000000 84.378984 0.087668 0.996150 0.000000 6.589019 0.000000 0.000000 1.000000 0.000000 1547822869333798000

0.996295 -0.086002 0.000000 86.548400 0.086002 0.996295 0.000000 6.737125 0.000000 0.000000 1.000000 0.000000 1547822869582340000

0.996498 -0.083618 0.000000 88.783171 0.083618 0.996498 0.000000 6.911687 0.000000 0.000000 1.000000 0.000000 1547822869831341000

0.996781 -0.080169 0.000000 90.995015 0.080169 0.996781 0.000000 7.113123 0.000000 0.000000 1.000000 0.000000 1547822870081818000

0.996973 -0.077744 0.000000 93.329471 0.077744 0.996973 0.000000 7.265979 0.000000 0.000000 1.000000 0.000000 1547822870332320000

0.996934 -0.078245 0.000000 95.571593 0.078245 0.996934 0.000000 7.386702 0.000000 0.000000 1.000000 0.000000 1547822870582694000

0.996927 -0.078341 0.000000 97.814934 0.078341 0.996927 0.000000 7.553276 0.000000 0.000000 1.000000 0.000000 1547822870832406000

0.997264 -0.073916 0.000000 100.028235 0.073916 0.997264 0.000000 7.761686 0.000000 0.000000 1.000000 0.000000 1547822871082242000

0.997919 -0.064479 0.000000 102.237134 0.064479 0.997919 0.000000 7.936072 0.000000 0.000000 1.000000 0.000000 1547822871332707000

0.998633 -0.052274 0.000000 104.582901 0.052274 0.998633 0.000000 8.037711 0.000000 0.000000 1.000000 0.000000 1547822871583086000

0.999268 -0.038259 0.000000 106.912409 0.038259 0.999268 0.000000 8.114087 0.000000 0.000000 1.000000 0.000000 1547822871833110000

0.999633 -0.027089 0.000000 109.206724 0.027089 0.999633 0.000000 8.135337 0.000000 0.000000 1.000000 0.000000 1547822872083012000

0.999854 -0.017114 0.000000 111.581233 0.017114 0.999854 0.000000 8.158109 0.000000 0.000000 1.000000 0.000000 1547822872333281000

0.999906 -0.013740 0.000000 113.986012 0.013740 0.999906 0.000000 8.203623 0.000000 0.000000 1.000000 0.000000 1547822872584161000

0.999928 -0.012027 0.000000 116.442865 0.012027 0.999928 0.000000 8.210461 0.000000 0.000000 1.000000 0.000000 1547822872836256000

0.999932 -0.011624 0.000000 118.968913 0.011624 0.999932 0.000000 8.243556 0.000000 0.000000 1.000000 0.000000 1547822873088556000

0.999942 -0.010730 0.000000 121.369631 0.010730 0.999942 0.000000 8.276788 0.000000 0.000000 1.000000 0.000000 1547822873339952000

0.999954 -0.009577 0.000000 123.860221 0.009577 0.999954 0.000000 8.289974 0.000000 0.000000 1.000000 0.000000 1547822873590573000

0.999937 -0.011238 0.000000 126.277955 0.011238 0.999937 0.000000 8.344996 0.000000 0.000000 1.000000 0.000000 1547822873839946000

0.999895 -0.014476 0.000000 128.686558 0.014476 0.999895 0.000000 8.402401 0.000000 0.000000 1.000000 0.000000 1547822874089162000

0.999853 -0.017132 0.000000 131.082900 0.017132 0.999853 0.000000 8.446661 0.000000 0.000000 1.000000 0.000000 1547822874337961000

0.999826 -0.018647 0.000000 133.494972 0.018647 0.999826 0.000000 8.455100 0.000000 0.000000 1.000000 0.000000 1547822874586347000

0.999769 -0.021494 0.000000 135.900204 0.021494 0.999769 0.000000 8.492927 0.000000 0.000000 1.000000 0.000000 1547822874834690000

0.999713 -0.023953 0.000000 138.291775 0.023953 0.999713 0.000000 8.559684 0.000000 0.000000 1.000000 0.000000 1547822875082834000

0.999644 -0.026679 0.000000 140.654903 0.026679 0.999644 0.000000 8.630465 0.000000 0.000000 1.000000 0.000000 1547822875331031000

0.999580 -0.028996 0.000000 143.027517 0.028996 0.999580 0.000000 8.706548 0.000000 0.000000 1.000000 0.000000 1547822875579277000

0.999560 -0.029657 0.000000 145.397802 0.029657 0.999560 0.000000 8.725211 0.000000 0.000000 1.000000 0.000000 1547822875827580000

0.999566 -0.029473 0.000000 147.803766 0.029473 0.999566 0.000000 8.798074 0.000000 0.000000 1.000000 0.000000 1547822876076730000

0.999588 -0.028708 0.000000 150.166434 0.028708 0.999588 0.000000 8.868409 0.000000 0.000000 1.000000 0.000000 1547822876326504000

0.999619 -0.027615 0.000000 152.559921 0.027615 0.999619 0.000000 8.916318 0.000000 0.000000 1.000000 0.000000 1547822876576888000

0.999629 -0.027246 0.000000 154.925990 0.027246 0.999629 0.000000 8.960577 0.000000 0.000000 1.000000 0.000000 1547822876826865000

0.999617 -0.027684 0.000000 157.322407 0.027684 0.999617 0.000000 9.007248 0.000000 0.000000 1.000000 0.000000 1547822877076528000

0.999583 -0.028867 0.000000 159.723817 0.028867 0.999583 0.000000 9.074668 0.000000 0.000000 1.000000 0.000000 1547822877327567000

0.999516 -0.031122 0.000000 162.015127 0.031122 0.999516 0.000000 9.121836 0.000000 0.000000 1.000000 0.000000 1547822877579617000

0.999454 -0.033045 0.000000 164.373154 0.033045 0.999454 0.000000 9.220022 0.000000 0.000000 1.000000 0.000000 1547822877832011000

0.999402 -0.034584 0.000000 166.703440 0.034584 0.999402 0.000000 9.295668 0.000000 0.000000 1.000000 0.000000 1547822878083834000

0.999352 -0.035983 0.000000 168.985755 0.035983 0.999352 0.000000 9.393212 0.000000 0.000000 1.000000 0.000000 1547822878335366000

0.999259 -0.038486 0.000000 171.202071 0.038486 0.999259 0.000000 9.493253 0.000000 0.000000 1.000000 0.000000 1547822878585629000

0.999117 -0.042016 0.000000 173.392374 0.042016 0.999117 0.000000 9.601991 0.000000 0.000000 1.000000 0.000000 1547822878835273000

0.999002 -0.044660 0.000000 175.576032 0.044660 0.999002 0.000000 9.698729 0.000000 0.000000 1.000000 0.000000 1547822879085362000

0.998858 -0.047787 0.000000 177.779483 0.047787 0.998858 0.000000 9.803075 0.000000 0.000000 1.000000 0.000000 1547822879335136000

0.998762 -0.049746 0.000000 179.935125 0.049746 0.998762 0.000000 9.890034 0.000000 0.000000 1.000000 0.000000 1547822879584774000

0.998663 -0.051702 0.000000 182.112924 0.051702 0.998663 0.000000 10.033291 0.000000 0.000000 1.000000 0.000000 1547822879834446000

0.998516 -0.054459 0.000000 184.222538 0.054459 0.998516 0.000000 10.124745 0.000000 0.000000 1.000000 0.000000 1547822880084157000

0.998339 -0.057614 0.000000 186.344300 0.057614 0.998339 0.000000 10.247404 0.000000 0.000000 1.000000 0.000000 1547822880334868000

0.997937 -0.064196 0.000000 188.524830 0.064196 0.997937 0.000000 10.409550 0.000000 0.000000 1.000000 0.000000 1547822880586935000

0.997496 -0.070724 0.000000 190.696765 0.070724 0.997496 0.000000 10.516224 0.000000 0.000000 1.000000 0.000000 1547822880839126000

0.996730 -0.080802 0.000000 192.727891 0.080802 0.996730 0.000000 10.615903 0.000000 0.000000 1.000000 0.000000 1547822881090919000

0.996065 -0.088622 0.000000 194.805146 0.088622 0.996065 0.000000 10.823342 0.000000 0.000000 1.000000 0.000000 1547822881341747000

0.995211 -0.097752 0.000000 196.966305 0.097752 0.995211 0.000000 10.976220 0.000000 0.000000 1.000000 0.000000 1547822881590941000

0.994529 -0.104458 0.000000 199.014423 0.104458 0.994529 0.000000 11.203718 0.000000 0.000000 1.000000 0.000000 1547822881840007000

0.993744 -0.111683 0.000000 201.047356 0.111683 0.993744 0.000000 11.457687 0.000000 0.000000 1.000000 0.000000 1547822882089257000

0.992871 -0.119194 0.000000 203.030214 0.119194 0.992871 0.000000 11.683977 0.000000 0.000000 1.000000 0.000000 1547822882337515000

0.992174 -0.124866 0.000000 205.042808 0.124866 0.992174 0.000000 11.906020 0.000000 0.000000 1.000000 0.000000 1547822882585764000

0.991272 -0.131833 0.000000 207.138563 0.131833 0.991272 0.000000 12.223099 0.000000 0.000000 1.000000 0.000000 1547822882834182000

0.990483 -0.137633 0.000000 209.244505 0.137633 0.990483 0.000000 12.532414 0.000000 0.000000 1.000000 0.000000 1547822883082047000

0.990167 -0.139887 0.000000 211.273052 0.139887 0.990167 0.000000 12.853379 0.000000 0.000000 1.000000 0.000000 1547822883330993000

0.990506 -0.137471 0.000000 213.306358 0.137471 0.990506 0.000000 13.112862 0.000000 0.000000 1.000000 0.000000 1547822883581903000

0.990805 -0.135296 0.000000 215.396273 0.135296 0.990805 0.000000 13.414969 0.000000 0.000000 1.000000 0.000000 1547822883832525000

0.990977 -0.134033 0.000000 217.487517 0.134033 0.990977 0.000000 13.669863 0.000000 0.000000 1.000000 0.000000 1547822884082926000

0.990767 -0.135573 0.000000 219.524670 0.135573 0.990767 0.000000 13.949116 0.000000 0.000000 1.000000 0.000000 1547822884333178000

0.990890 -0.134677 0.000000 221.574393 0.134677 0.990890 0.000000 14.266286 0.000000 0.000000 1.000000 0.000000 1547822884582873000

0.990829 -0.135122 0.000000 223.590431 0.135122 0.990829 0.000000 14.495843 0.000000 0.000000 1.000000 0.000000 1547822884832921000

0.990660 -0.136358 0.000000 225.618296 0.136358 0.990660 0.000000 14.801926 0.000000 0.000000 1.000000 0.000000 1547822885083277000

0.990441 -0.137935 0.000000 227.617698 0.137935 0.990441 0.000000 15.111739 0.000000 0.000000 1.000000 0.000000 1547822885334811000

0.990256 -0.139262 0.000000 229.648034 0.139262 0.990256 0.000000 15.372411 0.000000 0.000000 1.000000 0.000000 1547822885587146000

0.989733 -0.142929 0.000000 231.622523 0.142929 0.989733 0.000000 15.597725 0.000000 0.000000 1.000000 0.000000 1547822885838562000

0.989280 -0.146031 0.000000 233.634326 0.146031 0.989280 0.000000 15.889772 0.000000 0.000000 1.000000 0.000000 1547822886089875000

0.988880 -0.148718 0.000000 235.583470 0.148718 0.988880 0.000000 16.217164 0.000000 0.000000 1.000000 0.000000 1547822886341685000

0.988440 -0.151611 0.000000 237.557786 0.151611 0.988440 0.000000 16.502531 0.000000 0.000000 1.000000 0.000000 1547822886593195000

0.987985 -0.154550 0.000000 239.524280 0.154550 0.987985 0.000000 16.794916 0.000000 0.000000 1.000000 0.000000 1547822886844532000

0.987793 -0.155773 0.000000 241.392292 0.155773 0.987793 0.000000 17.134645 0.000000 0.000000 1.000000 0.000000 1547822887095942000

0.987493 -0.157662 0.000000 243.351601 0.157662 0.987493 0.000000 17.446689 0.000000 0.000000 1.000000 0.000000 1547822887347225000

0.987055 -0.160381 0.000000 245.078731 0.160381 0.987055 0.000000 17.764209 0.000000 0.000000 1.000000 0.000000 1547822887598431000

0.986729 -0.162376 0.000000 246.987442 0.162376 0.986729 0.000000 18.059283 0.000000 0.000000 1.000000 0.000000 1547822887849560000

0.986404 -0.164336 0.000000 248.898255 0.164336 0.986404 0.000000 18.337795 0.000000 0.000000 1.000000 0.000000 1547822888101207000

0.986115 -0.166066 0.000000 250.810981 0.166066 0.986115 0.000000 18.614247 0.000000 0.000000 1.000000 0.000000 1547822888354216000

0.985836 -0.167711 0.000000 252.670665 0.167711 0.985836 0.000000 18.977028 0.000000 0.000000 1.000000 0.000000 1547822888608062000

0.985595 -0.169121 0.000000 254.550437 0.169121 0.985595 0.000000 19.310363 0.000000 0.000000 1.000000 0.000000 1547822888860194000

0.985445 -0.169996 0.000000 256.369596 0.169996 0.985445 0.000000 19.628134 0.000000 0.000000 1.000000 0.000000 1547822889109930000

0.985372 -0.170419 0.000000 258.186373 0.170419 0.985372 0.000000 19.915082 0.000000 0.000000 1.000000 0.000000 1547822889358159000

0.985201 -0.171401 0.000000 260.099112 0.171401 0.985201 0.000000 20.240962 0.000000 0.000000 1.000000 0.000000 1547822889605993000

0.985145 -0.171723 0.000000 261.874843 0.171723 0.985145 0.000000 20.525683 0.000000 0.000000 1.000000 0.000000 1547822889853368000

0.985273 -0.170991 0.000000 263.709277 0.170991 0.985273 0.000000 20.837742 0.000000 0.000000 1.000000 0.000000 1547822890100730000

0.985490 -0.169735 0.000000 265.510544 0.169735 0.985490 0.000000 21.152880 0.000000 0.000000 1.000000 0.000000 1547822890348458000

0.986033 -0.166548 0.000000 267.320151 0.166548 0.986033 0.000000 21.466435 0.000000 0.000000 1.000000 0.000000 1547822890597356000

0.986937 -0.161109 0.000000 269.138567 0.161109 0.986937 0.000000 21.772110 0.000000 0.000000 1.000000 0.000000 1547822890847899000

0.987792 -0.155779 0.000000 271.020808 0.155779 0.987792 0.000000 22.083777 0.000000 0.000000 1.000000 0.000000 1547822891098185000

0.988558 -0.150838 0.000000 272.880367 0.150838 0.988558 0.000000 22.272504 0.000000 0.000000 1.000000 0.000000 1547822891348124000

0.989397 -0.145237 0.000000 274.710154 0.145237 0.989397 0.000000 22.561537 0.000000 0.000000 1.000000 0.000000 1547822891598232000

0.990142 -0.140064 0.000000 276.574388 0.140064 0.990142 0.000000 22.809840 0.000000 0.000000 1.000000 0.000000 1547822891848298000

0.990840 -0.135042 0.000000 278.459434 0.135042 0.990840 0.000000 23.072739 0.000000 0.000000 1.000000 0.000000 1547822892097928000

0.991271 -0.131837 0.000000 280.339162 0.131837 0.991271 0.000000 23.286959 0.000000 0.000000 1.000000 0.000000 1547822892347706000

0.992065 -0.125728 0.000000 282.208500 0.125728 0.992065 0.000000 23.531376 0.000000 0.000000 1.000000 0.000000 1547822892597961000

0.992621 -0.121260 0.000000 284.145883 0.121260 0.992621 0.000000 23.757672 0.000000 0.000000 1.000000 0.000000 1547822892849081000

0.992960 -0.118454 0.000000 286.009774 0.118454 0.992960 0.000000 23.968639 0.000000 0.000000 1.000000 0.000000 1547822893101113000

0.993362 -0.115032 0.000000 287.900889 0.115032 0.993362 0.000000 24.168394 0.000000 0.000000 1.000000 0.000000 1547822893352876000

0.993812 -0.111075 0.000000 289.818669 0.111075 0.993812 0.000000 24.361492 0.000000 0.000000 1.000000 0.000000 1547822893604326000

0.994306 -0.106561 0.000000 291.789877 0.106561 0.994306 0.000000 24.576880 0.000000 0.000000 1.000000 0.000000 1547822893856162000

0.995040 -0.099473 0.000000 293.776993 0.099473 0.995040 0.000000 24.751045 0.000000 0.000000 1.000000 0.000000 1547822894107378000

0.995486 -0.094908 0.000000 295.780409 0.094908 0.995486 0.000000 24.894958 0.000000 0.000000 1.000000 0.000000 1547822894358345000

0.995890 -0.090576 0.000000 297.812013 0.090576 0.995890 0.000000 25.067269 0.000000 0.000000 1.000000 0.000000 1547822894609791000

0.996194 -0.087163 0.000000 299.923864 0.087163 0.996194 0.000000 25.266444 0.000000 0.000000 1.000000 0.000000 1547822894860873000

0.996404 -0.084730 0.000000 301.985945 0.084730 0.996404 0.000000 25.441146 0.000000 0.000000 1.000000 0.000000 1547822895111948000

0.996523 -0.083319 0.000000 304.037982 0.083319 0.996523 0.000000 25.605885 0.000000 0.000000 1.000000 0.000000 1547822895362967000

0.996429 -0.084432 0.000000 306.098946 0.084432 0.996429 0.000000 25.754854 0.000000 0.000000 1.000000 0.000000 1547822895614109000

0.996371 -0.085117 0.000000 308.279304 0.085117 0.996371 0.000000 25.950107 0.000000 0.000000 1.000000 0.000000 1547822895866460000

0.996279 -0.086188 0.000000 310.356341 0.086188 0.996279 0.000000 26.122377 0.000000 0.000000 1.000000 0.000000 1547822896120057000

0.996315 -0.085768 0.000000 312.485517 0.085768 0.996315 0.000000 26.313660 0.000000 0.000000 1.000000 0.000000 1547822896373645000

0.996452 -0.084158 0.000000 314.558940 0.084158 0.996452 0.000000 26.457664 0.000000 0.000000 1.000000 0.000000 1547822896625304000

0.996641 -0.081893 0.000000 316.678934 0.081893 0.996641 0.000000 26.568859 0.000000 0.000000 1.000000 0.000000 1547822896875010000

0.996838 -0.079463 0.000000 318.777495 0.079463 0.996838 0.000000 26.736872 0.000000 0.000000 1.000000 0.000000 1547822897122986000

0.997260 -0.073979 0.000000 320.839880 0.073979 0.997260 0.000000 26.913796 0.000000 0.000000 1.000000 0.000000 1547822897370330000

0.997854 -0.065485 0.000000 322.884144 0.065485 0.997854 0.000000 27.002143 0.000000 0.000000 1.000000 0.000000 1547822897617820000

0.998444 -0.055772 0.000000 325.008157 0.055772 0.998444 0.000000 27.111865 0.000000 0.000000 1.000000 0.000000 1547822897865134000

0.998989 -0.044956 0.000000 327.071523 0.044956 0.998989 0.000000 27.159816 0.000000 0.000000 1.000000 0.000000 1547822898112813000

0.999356 -0.035882 0.000000 329.121627 0.035882 0.999356 0.000000 27.264980 0.000000 0.000000 1.000000 0.000000 1547822898361967000

0.999675 -0.025512 0.000000 331.256993 0.025512 0.999675 0.000000 27.286982 0.000000 0.000000 1.000000 0.000000 1547822898612159000

0.999896 -0.014397 0.000000 333.376337 0.014397 0.999896 0.000000 27.274786 0.000000 0.000000 1.000000 0.000000 1547822898862492000

0.999984 -0.005704 0.000000 335.551884 0.005704 0.999984 0.000000 27.265042 0.000000 0.000000 1.000000 0.000000 1547822899113018000

0.999997 0.002411 0.000000 337.664066 -0.002411 0.999997 -0.000000 27.306409 -0.000000 0.000000 1.000000 0.000000 1547822899363096000

0.999974 0.007157 0.000000 339.820266 -0.007157 0.999974 -0.000000 27.261641 -0.000000 0.000000 1.000000 0.000000 1547822899612893000

0.999946 0.010413 0.000000 341.979285 -0.010413 0.999946 -0.000000 27.204711 -0.000000 0.000000 1.000000 0.000000 1547822899863046000

0.999888 0.014975 0.000000 344.164696 -0.014975 0.999888 -0.000000 27.147459 -0.000000 0.000000 1.000000 0.000000 1547822900112950000

0.999877 0.015703 0.000000 346.263092 -0.015703 0.999877 -0.000000 27.115204 -0.000000 0.000000 1.000000 0.000000 1547822900363497000

0.999892 0.014680 0.000000 348.467012 -0.014680 0.999892 -0.000000 27.046089 -0.000000 0.000000 1.000000 0.000000 1547822900615876000

0.999891 0.014778 0.000000 350.664941 -0.014778 0.999891 -0.000000 27.035746 -0.000000 0.000000 1.000000 0.000000 1547822900867937000

0.999905 0.013810 0.000000 352.829951 -0.013810 0.999905 -0.000000 27.005631 -0.000000 0.000000 1.000000 0.000000 1547822901118896000

0.999923 0.012395 0.000000 355.024061 -0.012395 0.999923 -0.000000 27.005887 -0.000000 0.000000 1.000000 0.000000 1547822901370397000

0.999946 0.010395 0.000000 357.186058 -0.010395 0.999946 -0.000000 26.955116 -0.000000 0.000000 1.000000 0.000000 1547822901621520000

0.999975 0.007087 0.000000 359.450351 -0.007087 0.999975 -0.000000 26.908254 -0.000000 0.000000 1.000000 0.000000 1547822901872881000

0.999992 0.003994 0.000000 361.590358 -0.003994 0.999992 -0.000000 26.883435 -0.000000 0.000000 1.000000 0.000000 1547822902124658000

1.000000 -0.000623 0.000000 363.805560 0.000623 1.000000 0.000000 26.907760 0.000000 0.000000 1.000000 0.000000 1547822902375703000

0.999976 -0.006875 0.000000 365.957587 0.006875 0.999976 0.000000 26.908395 0.000000 0.000000 1.000000 0.000000 1547822902626543000

0.999952 -0.009847 0.000000 368.186743 0.009847 0.999952 0.000000 26.938105 0.000000 0.000000 1.000000 0.000000 1547822902877640000

0.999902 -0.013969 0.000000 370.410576 0.013969 0.999902 0.000000 26.987960 0.000000 0.000000 1.000000 0.000000 1547822903128741000

0.999822 -0.018866 0.000000 372.575522 0.018866 0.999822 0.000000 27.014998 0.000000 0.000000 1.000000 0.000000 1547822903380836000

0.999723 -0.023548 0.000000 374.807812 0.023548 0.999723 0.000000 27.026308 0.000000 0.000000 1.000000 0.000000 1547822903634228000

0.999638 -0.026917 0.000000 377.026418 0.026917 0.999638 0.000000 27.093816 0.000000 0.000000 1.000000 0.000000 1547822903887650000

0.999515 -0.031146 0.000000 379.253449 0.031146 0.999515 0.000000 27.161329 0.000000 0.000000 1.000000 0.000000 1547822904139465000

0.999383 -0.035126 0.000000 381.376140 0.035126 0.999383 0.000000 27.232209 0.000000 0.000000 1.000000 0.000000 1547822904389372000

0.999355 -0.035921 0.000000 383.511973 0.035921 0.999355 0.000000 27.293213 0.000000 0.000000 1.000000 0.000000 1547822904637934000

0.999385 -0.035078 0.000000 385.683391 0.035078 0.999385 0.000000 27.394693 0.000000 0.000000 1.000000 0.000000 1547822904885339000

0.999380 -0.035219 0.000000 387.804162 0.035219 0.999380 0.000000 27.434235 0.000000 0.000000 1.000000 0.000000 1547822905132818000

0.999391 -0.034896 0.000000 389.923209 0.034896 0.999391 0.000000 27.521066 0.000000 0.000000 1.000000 0.000000 1547822905380229000

0.999371 -0.035457 0.000000 392.038922 0.035457 0.999371 0.000000 27.592594 0.000000 0.000000 1.000000 0.000000 1547822905627873000

0.999357 -0.035846 0.000000 394.179769 0.035846 0.999357 0.000000 27.632718 0.000000 0.000000 1.000000 0.000000 1547822905877249000

0.999338 -0.036370 0.000000 396.303173 0.036370 0.999338 0.000000 27.687769 0.000000 0.000000 1.000000 0.000000 1547822906127705000

0.999256 -0.038576 0.000000 398.454600 0.038576 0.999256 0.000000 27.751203 0.000000 0.000000 1.000000 0.000000 1547822906378076000

0.999144 -0.041378 0.000000 400.513025 0.041378 0.999144 0.000000 27.845177 0.000000 0.000000 1.000000 0.000000 1547822906628765000

0.999031 -0.044004 0.000000 402.561128 0.044004 0.999031 0.000000 27.914373 0.000000 0.000000 1.000000 0.000000 1547822906878978000

0.998991 -0.044915 0.000000 404.668631 0.044915 0.998991 0.000000 28.009159 0.000000 0.000000 1.000000 0.000000 1547822907129179000

0.998814 -0.048682 0.000000 406.652147 0.048682 0.998814 0.000000 28.088631 0.000000 0.000000 1.000000 0.000000 1547822907379250000

0.998765 -0.049678 0.000000 408.655321 0.049678 0.998765 0.000000 28.191780 0.000000 0.000000 1.000000 0.000000 1547822907628452000

0.998703 -0.050919 0.000000 410.675418 0.050919 0.998703 0.000000 28.243130 0.000000 0.000000 1.000000 0.000000 1547822907878273000

0.998665 -0.051655 0.000000 412.641100 0.051655 0.998665 0.000000 28.337602 0.000000 0.000000 1.000000 0.000000 1547822908129256000

0.998637 -0.052189 0.000000 414.568430 0.052189 0.998637 0.000000 28.446570 0.000000 0.000000 1.000000 0.000000 1547822908380901000

0.998633 -0.052275 0.000000 416.377596 0.052275 0.998633 0.000000 28.556998 0.000000 0.000000 1.000000 0.000000 1547822908632677000

0.998723 -0.050518 0.000000 418.174479 0.050518 0.998723 0.000000 28.601084 0.000000 0.000000 1.000000 0.000000 1547822908883766000

0.998779 -0.049396 0.000000 419.936082 0.049396 0.998779 0.000000 28.653254 0.000000 0.000000 1.000000 0.000000 1547822909134820000

0.998813 -0.048704 0.000000 421.571545 0.048704 0.998813 0.000000 28.732901 0.000000 0.000000 1.000000 0.000000 1547822909386235000

0.998782 -0.049342 0.000000 423.212491 0.049342 0.998782 0.000000 28.803025 0.000000 0.000000 1.000000 0.000000 1547822909637943000

0.998702 -0.050933 0.000000 424.774445 0.050933 0.998702 0.000000 28.851676 0.000000 0.000000 1.000000 0.000000 1547822909889357000

0.998630 -0.052326 0.000000 427.749623 0.052326 0.998630 0.000000 28.989380 0.000000 0.000000 1.000000 0.000000 1547822910392442000

0.998856 -0.047820 0.000000 430.426281 0.047820 0.998856 0.000000 29.129011 0.000000 0.000000 1.000000 0.000000 1547822910894752000

0.999340 -0.036320 0.000000 432.769077 0.036320 0.999340 0.000000 29.167136 0.000000 0.000000 1.000000 0.000000 1547822911400517000

0.999959 -0.009076 0.000000 434.836087 0.009076 0.999959 0.000000 29.156916 0.000000 0.000000 1.000000 0.000000 1547822911904269000

0.998194 0.060080 0.000000 436.726521 -0.060080 0.998194 -0.000000 28.973126 -0.000000 0.000000 1.000000 0.000000 1547822912400902000

0.987740 0.156109 0.000000 438.600357 -0.156109 0.987740 -0.000000 28.707536 -0.000000 0.000000 1.000000 0.000000 1547822912894455000

0.960041 0.279859 0.000000 440.383441 -0.279859 0.960041 -0.000000 28.198905 -0.000000 0.000000 1.000000 0.000000 1547822913390599000

0.909186 0.416389 0.000000 442.037865 -0.416389 0.909186 -0.000000 27.341285 -0.000000 0.000000 1.000000 0.000000 1547822913890427000

0.836788 0.547526 0.000000 443.436997 -0.547526 0.836788 -0.000000 26.292786 -0.000000 0.000000 1.000000 0.000000 1547822914390628000

0.752844 0.658199 0.000000 444.611764 -0.658199 0.752844 -0.000000 25.269387 -0.000000 0.000000 1.000000 0.000000 1547822914891356000

0.664365 0.747409 0.000000 445.291865 -0.747409 0.664365 -0.000000 24.275363 -0.000000 0.000000 1.000000 0.000000 1547822915396428000

0.594468 0.804119 0.000000 445.726978 -0.804119 0.594468 -0.000000 23.609497 -0.000000 0.000000 1.000000 0.000000 1547822915899204000

0.519216 0.854643 0.000000 445.987695 -0.854643 0.519216 -0.000000 23.070173 -0.000000 0.000000 1.000000 0.000000 1547822920140858000

0.441886 0.897071 0.000000 446.217600 -0.897071 0.441886 -0.000000 22.526788 -0.000000 0.000000 1.000000 0.000000 1547822921380513000

0.321418 0.946937 0.000000 446.375210 -0.946937 0.321418 -0.000000 21.745601 -0.000000 0.000000 1.000000 0.000000 1547822922129837000

0.182166 0.983268 0.000000 446.493280 -0.983268 0.182166 -0.000000 20.815861 -0.000000 0.000000 1.000000 0.000000 1547822922636847000

0.003061 0.999995 0.000000 446.442542 -0.999995 0.003061 -0.000000 19.641720 -0.000000 0.000000 1.000000 0.000000 1547822923141091000

-0.096608 0.995323 0.000000 446.297948 -0.995323 -0.096608 -0.000000 19.028788 -0.000000 0.000000 1.000000 0.000000 1547822923391150000

-0.199588 0.979880 0.000000 446.082118 -0.979880 -0.199588 -0.000000 18.307724 -0.000000 0.000000 1.000000 0.000000 1547822923638746000

-0.302057 0.953290 0.000000 445.745673 -0.953290 -0.302057 -0.000000 17.544587 -0.000000 0.000000 1.000000 0.000000 1547822923886077000

-0.400843 0.916147 0.000000 445.365783 -0.916147 -0.400843 -0.000000 16.809882 -0.000000 0.000000 1.000000 0.000000 1547822924134361000

-0.493876 0.869533 0.000000 444.824668 -0.869533 -0.493876 -0.000000 16.051751 -0.000000 0.000000 1.000000 0.000000 1547822924382791000

-0.577587 0.816329 0.000000 444.212551 -0.816329 -0.577587 0.000000 15.191296 0.000000 0.000000 1.000000 0.000000 1547822924632714000

-0.651221 0.758888 0.000000 443.468936 -0.758888 -0.651221 0.000000 14.425340 0.000000 0.000000 1.000000 0.000000 1547822924883678000

-0.764510 0.644611 0.000000 441.671494 -0.644611 -0.764510 0.000000 12.919383 0.000000 0.000000 1.000000 0.000000 1547822925384660000

-0.831279 0.555856 0.000000 439.469915 -0.555856 -0.831279 0.000000 11.424364 0.000000 0.000000 1.000000 0.000000 1547822925884640000

-0.863447 0.504439 0.000000 436.990871 -0.504439 -0.863447 0.000000 10.071608 0.000000 0.000000 1.000000 0.000000 1547822926383228000

-0.873058 0.487616 0.000000 435.603590 -0.487616 -0.873058 0.000000 9.419207 0.000000 0.000000 1.000000 0.000000 1547822926631304000

-0.879485 0.475927 0.000000 434.217552 -0.475927 -0.879485 0.000000 8.656610 0.000000 0.000000 1.000000 0.000000 1547822926879024000

-0.886111 0.463474 0.000000 432.756804 -0.463474 -0.886111 0.000000 7.966853 0.000000 0.000000 1.000000 0.000000 1547822927126401000

-0.890171 0.455627 0.000000 431.249731 -0.455627 -0.890171 0.000000 7.197020 0.000000 0.000000 1.000000 0.000000 1547822927374228000

-0.892661 0.450729 0.000000 429.653396 -0.450729 -0.892661 0.000000 6.428230 0.000000 0.000000 1.000000 0.000000 1547822927622955000

-0.894318 0.447432 0.000000 428.013787 -0.447432 -0.894318 0.000000 5.660782 0.000000 0.000000 1.000000 0.000000 1547822927872411000

-0.894344 0.447380 0.000000 426.366445 -0.447380 -0.894344 0.000000 4.838306 0.000000 0.000000 1.000000 0.000000 1547822928122450000

-0.894523 0.447022 0.000000 424.680986 -0.447022 -0.894523 0.000000 4.026331 0.000000 0.000000 1.000000 0.000000 1547822928372848000

-0.895110 0.445844 0.000000 422.962481 -0.445844 -0.895110 0.000000 3.179231 0.000000 0.000000 1.000000 0.000000 1547822928622687000

-0.895200 0.445664 0.000000 421.222945 -0.445664 -0.895200 0.000000 2.306313 0.000000 0.000000 1.000000 0.000000 1547822928871990000

-0.895531 0.444999 0.000000 419.469621 -0.444999 -0.895531 0.000000 1.398690 0.000000 0.000000 1.000000 0.000000 1547822929121845000

-0.895984 0.444086 0.000000 417.661305 -0.444086 -0.895984 0.000000 0.539468 0.000000 0.000000 1.000000 0.000000 1547822929372709000

-0.897103 0.441822 0.000000 415.881705 -0.441822 -0.897103 0.000000 -0.337783 0.000000 0.000000 1.000000 0.000000 1547822929624322000

-0.898436 0.439105 0.000000 414.026332 -0.439105 -0.898436 0.000000 -1.247078 0.000000 0.000000 1.000000 0.000000 1547822929876149000

-0.900163 0.435553 0.000000 412.238298 -0.435553 -0.900163 0.000000 -2.116788 0.000000 0.000000 1.000000 0.000000 1547822930127707000

-0.902070 0.431590 0.000000 410.408433 -0.431590 -0.902070 0.000000 -2.957073 0.000000 0.000000 1.000000 0.000000 1547822930379117000

-0.904200 0.427110 0.000000 408.600312 -0.427110 -0.904200 0.000000 -3.826155 0.000000 0.000000 1.000000 0.000000 1547822930630795000

-0.905519 0.424306 0.000000 406.791832 -0.424306 -0.905519 0.000000 -4.661324 0.000000 0.000000 1.000000 0.000000 1547822930882379000

-0.907046 0.421032 0.000000 404.990216 -0.421032 -0.907046 0.000000 -5.488471 0.000000 0.000000 1.000000 0.000000 1547822931133639000

-0.907988 0.418995 0.000000 403.219700 -0.418995 -0.907988 0.000000 -6.276493 0.000000 0.000000 1.000000 0.000000 1547822931384704000

-0.907651 0.419726 0.000000 401.485716 -0.419726 -0.907651 0.000000 -7.108540 0.000000 0.000000 1.000000 0.000000 1547822931635634000

-0.906537 0.422126 0.000000 399.741920 -0.422126 -0.906537 0.000000 -7.887610 0.000000 0.000000 1.000000 0.000000 1547822931887367000

-0.905324 0.424722 0.000000 398.072879 -0.424722 -0.905324 0.000000 -8.701631 0.000000 0.000000 1.000000 0.000000 1547822932140341000

-0.903777 0.428003 0.000000 396.403629 -0.428003 -0.903777 0.000000 -9.462397 0.000000 0.000000 1.000000 0.000000 1547822932394613000

-0.903163 0.429298 0.000000 394.841364 -0.429298 -0.903163 0.000000 -10.219035 0.000000 0.000000 1.000000 0.000000 1547822932647653000

-0.902996 0.429649 0.000000 393.285372 -0.429649 -0.902996 0.000000 -10.927038 0.000000 0.000000 1.000000 0.000000 1547822932897793000

-0.902706 0.430258 0.000000 391.821269 -0.430258 -0.902706 0.000000 -11.631182 0.000000 0.000000 1.000000 0.000000 1547822933146375000

-0.902821 0.430016 0.000000 390.388321 -0.430016 -0.902821 0.000000 -12.285625 0.000000 0.000000 1.000000 0.000000 1547822933394315000

-0.902716 0.430237 0.000000 389.031257 -0.430237 -0.902716 0.000000 -12.952316 0.000000 0.000000 1.000000 0.000000 1547822933642034000

-0.902900 0.429850 0.000000 386.534816 -0.429850 -0.902900 0.000000 -14.151189 0.000000 0.000000 1.000000 0.000000 1547822934137541000

-0.903674 0.428222 0.000000 384.340868 -0.428222 -0.903674 0.000000 -15.205908 0.000000 0.000000 1.000000 0.000000 1547822934636388000

-0.904028 0.427474 0.000000 382.396900 -0.427474 -0.904028 0.000000 -16.084588 0.000000 0.000000 1.000000 0.000000 1547822935138009000

-0.904610 0.426241 0.000000 380.800602 -0.426241 -0.904610 0.000000 -16.851906 0.000000 0.000000 1.000000 0.000000 1547822935638547000

-0.905681 0.423959 0.000000 379.446370 -0.423959 -0.905681 0.000000 -17.511048 0.000000 0.000000 1.000000 0.000000 1547822936140564000

-0.907326 0.420428 0.000000 377.743053 -0.420428 -0.907326 0.000000 -18.270084 0.000000 0.000000 1.000000 0.000000 1547822936896809000

-0.908736 0.417371 0.000000 376.289563 -0.417371 -0.908736 0.000000 -18.939720 0.000000 0.000000 1.000000 0.000000 1547822937648777000

-0.910503 0.413503 0.000000 374.754389 -0.413503 -0.910503 0.000000 -19.635814 0.000000 0.000000 1.000000 0.000000 1547822938399029000

-0.912007 0.410174 0.000000 372.761734 -0.410174 -0.912007 0.000000 -20.505546 0.000000 0.000000 1.000000 0.000000 1547822939151839000

-0.913012 0.407932 0.000000 371.154864 -0.407932 -0.913012 0.000000 -21.208245 0.000000 0.000000 1.000000 0.000000 1547822939654676000

-0.914255 0.405139 0.000000 369.409061 -0.405139 -0.914255 0.000000 -22.005488 0.000000 0.000000 1.000000 0.000000 1547822940155755000

-0.914796 0.403916 0.000000 367.426292 -0.403916 -0.914796 0.000000 -22.857169 0.000000 0.000000 1.000000 0.000000 1547822940654603000

-0.915999 0.401180 0.000000 365.212471 -0.401180 -0.915999 0.000000 -23.814702 0.000000 0.000000 1.000000 0.000000 1547822941151015000

-0.917144 0.398555 0.000000 362.828658 -0.398555 -0.917144 0.000000 -24.871410 0.000000 0.000000 1.000000 0.000000 1547822941647975000

-0.917767 0.397120 0.000000 360.263833 -0.397120 -0.917767 0.000000 -25.936964 0.000000 0.000000 1.000000 0.000000 1547822942143868000

-0.919717 0.392581 0.000000 357.486742 -0.392581 -0.919717 0.000000 -27.086314 0.000000 0.000000 1.000000 0.000000 1547822942641495000

-0.919676 0.392677 0.000000 356.012059 -0.392677 -0.919676 0.000000 -27.705996 0.000000 0.000000 1.000000 0.000000 1547822942890099000

-0.920340 0.391118 0.000000 354.532876 -0.391118 -0.920340 0.000000 -28.343178 0.000000 0.000000 1.000000 0.000000 1547822943138329000

-0.921445 0.388508 0.000000 353.005281 -0.388508 -0.921445 0.000000 -29.005901 0.000000 0.000000 1.000000 0.000000 1547822943387073000

-0.922031 0.387116 0.000000 351.414118 -0.387116 -0.922031 0.000000 -29.685663 0.000000 0.000000 1.000000 0.000000 1547822943637025000

-0.922418 0.386192 0.000000 349.810728 -0.386192 -0.922418 0.000000 -30.312972 0.000000 0.000000 1.000000 0.000000 1547822943887016000

-0.923899 0.382637 0.000000 348.178376 -0.382637 -0.923899 0.000000 -30.982292 0.000000 0.000000 1.000000 0.000000 1547822944136934000

-0.925217 0.379439 0.000000 346.452582 -0.379439 -0.925217 0.000000 -31.663322 0.000000 0.000000 1.000000 0.000000 1547822944387067000

-0.927192 0.374586 0.000000 344.715203 -0.374586 -0.927192 0.000000 -32.343145 0.000000 0.000000 1.000000 0.000000 1547822944636764000

-0.929620 0.368519 0.000000 342.943706 -0.368519 -0.929620 0.000000 -33.075468 0.000000 0.000000 1.000000 0.000000 1547822944886759000

-0.932062 0.362298 0.000000 341.066438 -0.362298 -0.932062 0.000000 -33.704677 0.000000 0.000000 1.000000 0.000000 1547822945136341000

-0.935282 0.353904 0.000000 339.248336 -0.353904 -0.935282 0.000000 -34.418883 0.000000 0.000000 1.000000 0.000000 1547822945386122000

-0.937620 0.347662 0.000000 337.326387 -0.347662 -0.937620 0.000000 -35.092278 0.000000 0.000000 1.000000 0.000000 1547822945636317000

-0.940101 0.340896 0.000000 335.402737 -0.340896 -0.940101 0.000000 -35.769521 0.000000 0.000000 1.000000 0.000000 1547822945885796000

-0.942803 0.333349 0.000000 333.524638 -0.333349 -0.942803 0.000000 -36.446987 0.000000 0.000000 1.000000 0.000000 1547822946134804000

-0.945458 0.325745 0.000000 331.526577 -0.325745 -0.945458 0.000000 -37.102612 0.000000 0.000000 1.000000 0.000000 1547822946384221000

-0.948062 0.318086 0.000000 329.531929 -0.318086 -0.948062 0.000000 -37.807544 0.000000 0.000000 1.000000 0.000000 1547822946634918000

-0.950379 0.311093 0.000000 327.498152 -0.311093 -0.950379 0.000000 -38.445278 0.000000 0.000000 1.000000 0.000000 1547822946886717000

-0.951431 0.307861 0.000000 325.437620 -0.307861 -0.951431 0.000000 -39.120819 0.000000 0.000000 1.000000 0.000000 1547822947139091000

-0.951257 0.308399 0.000000 323.387209 -0.308399 -0.951257 0.000000 -39.772200 0.000000 0.000000 1.000000 0.000000 1547822947391045000

-0.950982 0.309246 0.000000 321.308645 -0.309246 -0.950982 0.000000 -40.410993 0.000000 0.000000 1.000000 0.000000 1547822947641761000

-0.951453 0.307794 0.000000 319.236890 -0.307794 -0.951453 0.000000 -41.071875 0.000000 0.000000 1.000000 0.000000 1547822947891877000

