0.999583 -0.028871 0.000000 -3.434300 0.028871 0.999583 0.000000 1.082626 0.000000 0.000000 1.000000 0.000000
0.997215 -0.074579 0.000000 -0.984088 0.074579 0.997215 0.000000 1.276779 0.000000 0.000000 1.000000 0.000000
0.995812 -0.091424 0.000000 1.193332 0.091424 0.995812 0.000000 1.417568 0.000000 0.000000 1.000000 0.000000
0.995841 -0.091106 0.000000 3.796818 0.091106 0.995841 0.000000 1.688179 0.000000 0.000000 1.000000 0.000000
0.996285 -0.086119 0.000000 6.837861 0.086119 0.996285 0.000000 1.945985 0.000000 0.000000 1.000000 0.000000
0.996613 -0.082241 0.000000 8.709922 0.082241 0.996613 0.000000 2.120307 0.000000 0.000000 1.000000 0.000000
0.996955 -0.077975 0.000000 10.480587 0.077975 0.996955 0.000000 2.249344 0.000000 0.000000 1.000000 0.000000
0.997199 -0.074799 0.000000 12.395887 0.074799 0.997199 0.000000 2.340050 0.000000 0.000000 1.000000 0.000000
0.997572 -0.069645 0.000000 14.407985 0.069645 0.997572 0.000000 2.482763 0.000000 0.000000 1.000000 0.000000
0.997977 -0.063574 0.000000 16.475618 0.063574 0.997977 0.000000 2.634113 0.000000 0.000000 1.000000 0.000000
0.998355 -0.057338 0.000000 18.658157 0.057338 0.998355 0.000000 2.749799 0.000000 0.000000 1.000000 0.000000
0.998721 -0.050556 0.000000 20.763313 0.050556 0.998721 0.000000 2.877020 0.000000 0.000000 1.000000 0.000000
0.998998 -0.044745 0.000000 23.025934 0.044745 0.998998 0.000000 2.939803 0.000000 0.000000 1.000000 0.000000
0.999152 -0.041164 0.000000 25.297571 0.041164 0.999152 0.000000 3.046376 0.000000 0.000000 1.000000 0.000000
0.999201 -0.039962 0.000000 27.620466 0.039962 0.999201 0.000000 3.098140 0.000000 0.000000 1.000000 0.000000
0.999257 -0.038548 0.000000 29.951868 0.038548 0.999257 0.000000 3.191457 0.000000 0.000000 1.000000 0.000000
0.999339 -0.036345 0.000000 32.365895 0.036345 0.999339 0.000000 3.287374 0.000000 0.000000 1.000000 0.000000
0.999420 -0.034040 0.000000 34.745759 0.034040 0.999420 0.000000 3.324513 0.000000 0.000000 1.000000 0.000000
0.999577 -0.029097 0.000000 37.148319 0.029097 0.999577 0.000000 3.386401 0.000000 0.000000 1.000000 0.000000
0.999723 -0.023551 0.000000 39.467175 0.023551 0.999723 0.000000 3.410565 0.000000 0.000000 1.000000 0.000000
0.999872 -0.015981 0.000000 41.768361 0.015981 0.999872 0.000000 3.454140 0.000000 0.000000 1.000000 0.000000
0.999948 -0.010242 0.000000 44.050691 0.010242 0.999948 0.000000 3.462212 0.000000 0.000000 1.000000 0.000000
0.999979 -0.006470 0.000000 46.271131 0.006470 0.999979 0.000000 3.482658 0.000000 0.000000 1.000000 0.000000
0.999970 -0.007778 0.000000 48.523277 0.007778 0.999970 0.000000 3.453982 0.000000 0.000000 1.000000 0.000000
0.999958 -0.009186 0.000000 50.832928 0.009186 0.999958 0.000000 3.509292 0.000000 0.000000 1.000000 0.000000
0.999940 -0.010983 0.000000 53.124083 0.010983 0.999940 0.000000 3.534379 0.000000 0.000000 1.000000 0.000000
0.999869 -0.016193 0.000000 55.429522 0.016193 0.999869 0.000000 3.573647 0.000000 0.000000 1.000000 0.000000
0.999746 -0.022556 0.000000 57.684878 0.022556 0.999746 0.000000 3.596291 0.000000 0.000000 1.000000 0.000000
0.999581 -0.028933 0.000000 59.947482 0.028933 0.999581 0.000000 3.619727 0.000000 0.000000 1.000000 0.000000
0.999400 -0.034645 0.000000 62.143860 0.034645 0.999400 0.000000 3.693513 0.000000 0.000000 1.000000 0.000000
0.999144 -0.041364 0.000000 64.443923 0.041364 0.999144 0.000000 3.770532 0.000000 0.000000 1.000000 0.000000
0.998822 -0.048526 0.000000 66.765036 0.048526 0.998822 0.000000 3.919217 0.000000 0.000000 1.000000 0.000000
0.998358 -0.057285 0.000000 69.026861 0.057285 0.998358 0.000000 4.057053 0.000000 0.000000 1.000000 0.000000
0.997829 -0.065865 0.000000 71.308211 0.065865 0.997829 0.000000 4.127172 0.000000 0.000000 1.000000 0.000000
0.997270 -0.073840 0.000000 73.630468 0.073840 0.997270 0.000000 4.257212 0.000000 0.000000 1.000000 0.000000
0.996916 -0.078473 0.000000 75.967958 0.078473 0.996916 0.000000 4.421885 0.000000 0.000000 1.000000 0.000000
0.997015 -0.077203 0.000000 78.295665 0.077203 0.997015 0.000000 4.607018 0.000000 0.000000 1.000000 0.000000
0.997464 -0.071167 0.000000 80.683222 0.071167 0.997464 0.000000 4.773491 0.000000 0.000000 1.000000 0.000000
0.998463 -0.055419 0.000000 83.161511 0.055419 0.998463 0.000000 4.917901 0.000000 0.000000 1.000000 0.000000
0.999234 -0.039139 0.000000 85.554158 0.039139 0.999234 0.000000 5.025668 0.000000 0.000000 1.000000 0.000000
0.999729 -0.023267 0.000000 88.106586 0.023267 0.999729 0.000000 5.065964 0.000000 0.000000 1.000000 0.000000
0.999903 -0.013958 0.000000 90.686930 0.013958 0.999903 0.000000 5.063260 0.000000 0.000000 1.000000 0.000000
0.999955 -0.009487 0.000000 93.332986 0.009487 0.999955 0.000000 5.069225 0.000000 0.000000 1.000000 0.000000
0.999955 -0.009436 0.000000 95.978486 0.009436 0.999955 0.000000 5.070630 0.000000 0.000000 1.000000 0.000000
0.999942 -0.010793 0.000000 98.630990 0.010793 0.999942 0.000000 5.126183 0.000000 0.000000 1.000000 0.000000
0.999924 -0.012357 0.000000 101.373464 0.012357 0.999924 0.000000 5.145567 0.000000 0.000000 1.000000 0.000000
0.999903 -0.013895 0.000000 104.117841 0.013895 0.999903 0.000000 5.143967 0.000000 0.000000 1.000000 0.000000
0.999872 -0.015982 0.000000 106.840979 0.015982 0.999872 0.000000 5.198649 0.000000 0.000000 1.000000 0.000000
0.999817 -0.019112 0.000000 109.600612 0.019112 0.999817 0.000000 5.234498 0.000000 0.000000 1.000000 0.000000
0.999751 -0.022307 0.000000 112.306910 0.022307 0.999751 0.000000 5.260795 0.000000 0.000000 1.000000 0.000000
0.999672 -0.025616 0.000000 115.029786 0.025616 0.999672 0.000000 5.310593 0.000000 0.000000 1.000000 0.000000
0.999637 -0.026940 0.000000 117.688806 0.026940 0.999637 0.000000 5.376138 0.000000 0.000000 1.000000 0.000000
0.999601 -0.028245 0.000000 120.348068 0.028245 0.999601 0.000000 5.470556 0.000000 0.000000 1.000000 0.000000
0.999551 -0.029957 0.000000 123.068119 0.029957 0.999551 0.000000 5.561454 0.000000 0.000000 1.000000 0.000000
0.999485 -0.032091 0.000000 125.667789 0.032091 0.999485 0.000000 5.648193 0.000000 0.000000 1.000000 0.000000
0.999388 -0.034992 0.000000 128.370391 0.034992 0.999388 0.000000 5.710206 0.000000 0.000000 1.000000 0.000000
0.999369 -0.035511 0.000000 131.070921 0.035511 0.999369 0.000000 5.843057 0.000000 0.000000 1.000000 0.000000
0.999332 -0.036539 0.000000 133.763079 0.036539 0.999332 0.000000 5.948813 0.000000 0.000000 1.000000 0.000000
0.999277 -0.038015 0.000000 136.378628 0.038015 0.999277 0.000000 6.041882 0.000000 0.000000 1.000000 0.000000
0.999186 -0.040338 0.000000 139.136538 0.040338 0.999186 0.000000 6.177580 0.000000 0.000000 1.000000 0.000000
0.999095 -0.042538 0.000000 141.827747 0.042538 0.999095 0.000000 6.273177 0.000000 0.000000 1.000000 0.000000
0.999012 -0.044451 0.000000 144.475861 0.044451 0.999012 0.000000 6.342118 0.000000 0.000000 1.000000 0.000000
0.998933 -0.046187 0.000000 147.207392 0.046187 0.998933 0.000000 6.462691 0.000000 0.000000 1.000000 0.000000
0.998779 -0.049399 0.000000 149.840717 0.049399 0.998779 0.000000 6.561029 0.000000 0.000000 1.000000 0.000000
0.998659 -0.051772 0.000000 152.509176 0.051772 0.998659 0.000000 6.681748 0.000000 0.000000 1.000000 0.000000
0.998572 -0.053418 0.000000 155.153663 0.053418 0.998572 0.000000 6.829358 0.000000 0.000000 1.000000 0.000000
0.998487 -0.054981 0.000000 157.850217 0.054981 0.998487 0.000000 6.972141 0.000000 0.000000 1.000000 0.000000
0.998402 -0.056508 0.000000 160.470761 0.056508 0.998402 0.000000 7.151550 0.000000 0.000000 1.000000 0.000000
0.998262 -0.058935 0.000000 163.132748 0.058935 0.998262 0.000000 7.263452 0.000000 0.000000 1.000000 0.000000
0.998177 -0.060360 0.000000 165.797990 0.060360 0.998177 0.000000 7.421294 0.000000 0.000000 1.000000 0.000000
0.998038 -0.062615 0.000000 168.400743 0.062615 0.998038 0.000000 7.592210 0.000000 0.000000 1.000000 0.000000
0.997857 -0.065427 0.000000 171.031497 0.065427 0.997857 0.000000 7.755738 0.000000 0.000000 1.000000 0.000000
0.997719 -0.067508 0.000000 173.599314 0.067508 0.997719 0.000000 7.931715 0.000000 0.000000 1.000000 0.000000
0.997667 -0.068261 0.000000 176.198218 0.068261 0.997667 0.000000 8.152454 0.000000 0.000000 1.000000 0.000000
0.997502 -0.070635 0.000000 178.821029 0.070635 0.997502 0.000000 8.329855 0.000000 0.000000 1.000000 0.000000
0.997373 -0.072435 0.000000 181.341517 0.072435 0.997373 0.000000 8.503797 0.000000 0.000000 1.000000 0.000000
0.997322 -0.073134 0.000000 183.943627 0.073134 0.997322 0.000000 8.684420 0.000000 0.000000 1.000000 0.000000
0.997163 -0.075266 0.000000 186.501441 0.075266 0.997163 0.000000 8.843571 0.000000 0.000000 1.000000 0.000000
0.996696 -0.081226 0.000000 188.986105 0.081226 0.996696 0.000000 9.012300 0.000000 0.000000 1.000000 0.000000
0.996113 -0.088079 0.000000 191.511362 0.088079 0.996113 0.000000 9.231292 0.000000 0.000000 1.000000 0.000000
0.995291 -0.096929 0.000000 193.905390 0.096929 0.995291 0.000000 9.418940 0.000000 0.000000 1.000000 0.000000
0.994128 -0.108211 0.000000 196.357524 0.108211 0.994128 0.000000 9.620891 0.000000 0.000000 1.000000 0.000000
0.992708 -0.120546 0.000000 198.736892 0.120546 0.992708 0.000000 9.935790 0.000000 0.000000 1.000000 0.000000
0.991629 -0.129117 0.000000 201.098243 0.129117 0.991629 0.000000 10.234546 0.000000 0.000000 1.000000 0.000000
0.990712 -0.135979 0.000000 203.382870 0.135979 0.990712 0.000000 10.504119 0.000000 0.000000 1.000000 0.000000
0.989662 -0.143417 0.000000 205.581498 0.143417 0.989662 0.000000 10.812479 0.000000 0.000000 1.000000 0.000000
0.988663 -0.150153 0.000000 207.872462 0.150153 0.988663 0.000000 11.226089 0.000000 0.000000 1.000000 0.000000
0.987879 -0.155227 0.000000 210.135417 0.155227 0.987879 0.000000 11.592941 0.000000 0.000000 1.000000 0.000000
0.987368 -0.158442 0.000000 212.283965 0.158442 0.987368 0.000000 11.926687 0.000000 0.000000 1.000000 0.000000
0.987031 -0.160532 0.000000 214.511279 0.160532 0.987031 0.000000 12.277492 0.000000 0.000000 1.000000 0.000000
0.986634 -0.162951 0.000000 216.707763 0.162951 0.986634 0.000000 12.655609 0.000000 0.000000 1.000000 0.000000
0.985870 -0.167511 0.000000 218.873011 0.167511 0.985870 0.000000 12.952121 0.000000 0.000000 1.000000 0.000000
0.985162 -0.171629 0.000000 221.022359 0.171629 0.985162 0.000000 13.365954 0.000000 0.000000 1.000000 0.000000
0.983725 -0.179679 0.000000 223.237211 0.179679 0.983725 0.000000 13.743029 0.000000 0.000000 1.000000 0.000000
0.982332 -0.187146 0.000000 225.269904 0.187146 0.982332 0.000000 14.175455 0.000000 0.000000 1.000000 0.000000
0.981105 -0.193476 0.000000 227.358737 0.193476 0.981105 0.000000 14.606069 0.000000 0.000000 1.000000 0.000000
0.979941 -0.199289 0.000000 229.446773 0.199289 0.979941 0.000000 15.034553 0.000000 0.000000 1.000000 0.000000
0.979268 -0.202568 0.000000 231.547570 0.202568 0.979268 0.000000 15.480820 0.000000 0.000000 1.000000 0.000000
0.978998 -0.203871 0.000000 233.578054 0.203871 0.978998 0.000000 15.905373 0.000000 0.000000 1.000000 0.000000
0.979075 -0.203502 0.000000 235.612141 0.203502 0.979075 0.000000 16.341499 0.000000 0.000000 1.000000 0.000000
0.979589 -0.201011 0.000000 237.620195 0.201011 0.979589 0.000000 16.753342 0.000000 0.000000 1.000000 0.000000
0.981275 -0.192613 0.000000 239.624151 0.192613 0.981275 0.000000 17.227780 0.000000 0.000000 1.000000 0.000000
0.983890 -0.178773 0.000000 241.714279 0.178773 0.983890 0.000000 17.544231 0.000000 0.000000 1.000000 0.000000
0.986508 -0.163710 0.000000 243.776588 0.163710 0.986508 0.000000 17.909714 0.000000 0.000000 1.000000 0.000000
0.988114 -0.153726 0.000000 245.898598 0.153726 0.988114 0.000000 18.249725 0.000000 0.000000 1.000000 0.000000
0.989905 -0.141730 0.000000 247.970397 0.141730 0.989905 0.000000 18.537567 0.000000 0.000000 1.000000 0.000000
0.990946 -0.134262 0.000000 250.087564 0.134262 0.990946 0.000000 18.754293 0.000000 0.000000 1.000000 0.000000
0.991514 -0.129999 0.000000 252.162715 0.129999 0.991514 0.000000 19.055459 0.000000 0.000000 1.000000 0.000000
0.991955 -0.126591 0.000000 254.367302 0.126591 0.991955 0.000000 19.314974 0.000000 0.000000 1.000000 0.000000
0.992146 -0.125089 0.000000 256.547522 0.125089 0.992146 0.000000 19.552176 0.000000 0.000000 1.000000 0.000000
0.992032 -0.125986 0.000000 258.675706 0.125986 0.992032 0.000000 19.866999 0.000000 0.000000 1.000000 0.000000
0.992023 -0.126054 0.000000 260.943127 0.126054 0.992023 0.000000 20.132954 0.000000 0.000000 1.000000 0.000000
0.991925 -0.126824 0.000000 263.210664 0.126824 0.991925 0.000000 20.418159 0.000000 0.000000 1.000000 0.000000
0.991826 -0.127595 0.000000 265.499203 0.127595 0.991826 0.000000 20.694546 0.000000 0.000000 1.000000 0.000000
0.991764 -0.128081 0.000000 267.762895 0.128081 0.991764 0.000000 20.937693 0.000000 0.000000 1.000000 0.000000
0.991728 -0.128361 0.000000 270.046580 0.128361 0.991728 0.000000 21.239762 0.000000 0.000000 1.000000 0.000000
0.991473 -0.130309 0.000000 272.356091 0.130309 0.991473 0.000000 21.555055 0.000000 0.000000 1.000000 0.000000
0.991692 -0.128635 0.000000 274.651427 0.128635 0.991692 0.000000 21.853497 0.000000 0.000000 1.000000 0.000000
0.992074 -0.125659 0.000000 276.937702 0.125659 0.992074 0.000000 22.084785 0.000000 0.000000 1.000000 0.000000
0.992368 -0.123312 0.000000 279.186768 0.123312 0.992368 0.000000 22.384538 0.000000 0.000000 1.000000 0.000000
0.992697 -0.120632 0.000000 281.425992 0.120632 0.992697 0.000000 22.644791 0.000000 0.000000 1.000000 0.000000
0.993091 -0.117343 0.000000 283.701636 0.117343 0.993091 0.000000 22.941672 0.000000 0.000000 1.000000 0.000000
0.993444 -0.114319 0.000000 285.926955 0.114319 0.993444 0.000000 23.159493 0.000000 0.000000 1.000000 0.000000
0.993761 -0.111527 0.000000 288.129506 0.111527 0.993761 0.000000 23.422545 0.000000 0.000000 1.000000 0.000000
0.994184 -0.107692 0.000000 290.334833 0.107692 0.994184 0.000000 23.648821 0.000000 0.000000 1.000000 0.000000
0.994583 -0.103943 0.000000 292.574932 0.103943 0.994583 0.000000 23.854812 0.000000 0.000000 1.000000 0.000000
0.994883 -0.101030 0.000000 294.765003 0.101030 0.994883 0.000000 23.979226 0.000000 0.000000 1.000000 0.000000
0.995219 -0.097667 0.000000 296.911361 0.097667 0.995219 0.000000 24.212476 0.000000 0.000000 1.000000 0.000000
0.995473 -0.095044 0.000000 299.103186 0.095044 0.995473 0.000000 24.445437 0.000000 0.000000 1.000000 0.000000
0.995588 -0.093830 0.000000 301.247244 0.093830 0.995588 0.000000 24.658042 0.000000 0.000000 1.000000 0.000000
0.995866 -0.090839 0.000000 303.393968 0.090839 0.995866 0.000000 24.808268 0.000000 0.000000 1.000000 0.000000
0.996255 -0.086469 0.000000 305.560320 0.086469 0.996255 0.000000 24.944853 0.000000 0.000000 1.000000 0.000000
0.996285 -0.086118 0.000000 307.728710 0.086118 0.996285 0.000000 25.197945 0.000000 0.000000 1.000000 0.000000
0.996474 -0.083906 0.000000 309.873381 0.083906 0.996474 0.000000 25.340575 0.000000 0.000000 1.000000 0.000000
0.996637 -0.081939 0.000000 312.029082 0.081939 0.996637 0.000000 25.494383 0.000000 0.000000 1.000000 0.000000
0.996834 -0.079509 0.000000 314.171360 0.079509 0.996834 0.000000 25.648703 0.000000 0.000000 1.000000 0.000000
0.997075 -0.076431 0.000000 316.350453 0.076431 0.997075 0.000000 25.728489 0.000000 0.000000 1.000000 0.000000
0.997189 -0.074932 0.000000 318.561977 0.074932 0.997189 0.000000 25.912882 0.000000 0.000000 1.000000 0.000000
0.997361 -0.072607 0.000000 320.752162 0.072607 0.997361 0.000000 26.033035 0.000000 0.000000 1.000000 0.000000
0.997495 -0.070741 0.000000 322.921057 0.070741 0.997495 0.000000 26.171153 0.000000 0.000000 1.000000 0.000000
0.997535 -0.070173 0.000000 325.096505 0.070173 0.997535 0.000000 26.305637 0.000000 0.000000 1.000000 0.000000
0.997493 -0.070765 0.000000 327.357632 0.070765 0.997493 0.000000 26.442381 0.000000 0.000000 1.000000 0.000000
0.997587 -0.069433 0.000000 329.600710 0.069433 0.997587 0.000000 26.620218 0.000000 0.000000 1.000000 0.000000
0.997577 -0.069574 0.000000 331.883779 0.069574 0.997577 0.000000 26.772982 0.000000 0.000000 1.000000 0.000000
0.997598 -0.069269 0.000000 334.176271 0.069269 0.997598 0.000000 26.894958 0.000000 0.000000 1.000000 0.000000
0.997542 -0.070070 0.000000 336.480457 0.070070 0.997542 0.000000 26.999773 0.000000 0.000000 1.000000 0.000000
0.997594 -0.069324 0.000000 338.760851 0.069324 0.997594 0.000000 27.173497 0.000000 0.000000 1.000000 0.000000
0.997592 -0.069357 0.000000 341.108460 0.069357 0.997592 0.000000 27.320204 0.000000 0.000000 1.000000 0.000000
0.997772 -0.066710 0.000000 343.414490 0.066710 0.997772 0.000000 27.463702 0.000000 0.000000 1.000000 0.000000
0.997884 -0.065027 0.000000 345.736758 0.065027 0.997884 0.000000 27.620523 0.000000 0.000000 1.000000 0.000000
0.997972 -0.063648 0.000000 348.088101 0.063648 0.997972 0.000000 27.756156 0.000000 0.000000 1.000000 0.000000
0.998320 -0.057943 0.000000 350.435216 0.057943 0.998320 0.000000 27.865586 0.000000 0.000000 1.000000 0.000000
0.998690 -0.051174 0.000000 352.773423 0.051174 0.998690 0.000000 27.993227 0.000000 0.000000 1.000000 0.000000
0.999123 -0.041870 0.000000 355.213206 0.041870 0.999123 0.000000 28.102850 0.000000 0.000000 1.000000 0.000000
0.999511 -0.031270 0.000000 357.621633 0.031270 0.999511 0.000000 28.187399 0.000000 0.000000 1.000000 0.000000
0.999807 -0.019637 0.000000 360.068811 0.019637 0.999807 0.000000 28.211804 0.000000 0.000000 1.000000 0.000000
0.999941 -0.010874 0.000000 362.482995 0.010874 0.999941 0.000000 28.229662 0.000000 0.000000 1.000000 0.000000
0.999993 -0.003621 0.000000 364.968067 0.003621 0.999993 0.000000 28.249924 0.000000 0.000000 1.000000 0.000000
0.999993 0.003671 0.000000 367.365850 -0.003671 0.999993 -0.000000 28.228163 -0.000000 0.000000 1.000000 0.000000
0.999965 0.008336 0.000000 369.832786 -0.008336 0.999965 -0.000000 28.204814 -0.000000 0.000000 1.000000 0.000000
0.999943 0.010689 0.000000 372.290865 -0.010689 0.999943 -0.000000 28.157452 -0.000000 0.000000 1.000000 0.000000
0.999923 0.012440 0.000000 374.701575 -0.012440 0.999923 -0.000000 28.125204 -0.000000 0.000000 1.000000 0.000000
0.999930 0.011855 0.000000 377.218298 -0.011855 0.999930 -0.000000 28.055855 -0.000000 0.000000 1.000000 0.000000
0.999949 0.010089 0.000000 379.725856 -0.010089 0.999949 -0.000000 28.029301 -0.000000 0.000000 1.000000 0.000000
0.999977 0.006769 0.000000 382.215415 -0.006769 0.999977 -0.000000 28.019702 -0.000000 0.000000 1.000000 0.000000
1.000000 0.000687 0.000000 384.768237 -0.000687 1.000000 -0.000000 28.032243 -0.000000 0.000000 1.000000 0.000000
0.999958 -0.009149 0.000000 387.241013 0.009149 0.999958 0.000000 28.017699 0.000000 0.000000 1.000000 0.000000
0.999848 -0.017433 0.000000 389.688758 0.017433 0.999848 0.000000 28.039348 0.000000 0.000000 1.000000 0.000000
0.999662 -0.026007 0.000000 392.215411 0.026007 0.999662 0.000000 28.116025 0.000000 0.000000 1.000000 0.000000
0.999464 -0.032750 0.000000 394.690690 0.032750 0.999464 0.000000 28.177335 0.000000 0.000000 1.000000 0.000000
0.999293 -0.037590 0.000000 397.136605 0.037590 0.999293 0.000000 28.230899 0.000000 0.000000 1.000000 0.000000
0.999170 -0.040724 0.000000 399.568305 0.040724 0.999170 0.000000 28.301704 0.000000 0.000000 1.000000 0.000000
0.999162 -0.040932 0.000000 401.963449 0.040932 0.999162 0.000000 28.385886 0.000000 0.000000 1.000000 0.000000
0.999197 -0.040066 0.000000 404.358199 0.040066 0.999197 0.000000 28.489830 0.000000 0.000000 1.000000 0.000000
0.999232 -0.039194 0.000000 406.732827 0.039194 0.999232 0.000000 28.562617 0.000000 0.000000 1.000000 0.000000
0.999198 -0.040052 0.000000 408.980813 0.040052 0.999198 0.000000 28.637817 0.000000 0.000000 1.000000 0.000000
0.999029 -0.044059 0.000000 411.204067 0.044059 0.999029 0.000000 28.715609 0.000000 0.000000 1.000000 0.000000
0.998832 -0.048310 0.000000 413.372302 0.048310 0.998832 0.000000 28.775913 0.000000 0.000000 1.000000 0.000000
0.998540 -0.054014 0.000000 415.457609 0.054014 0.998540 0.000000 28.894265 0.000000 0.000000 1.000000 0.000000
0.998268 -0.058837 0.000000 417.508847 0.058837 0.998268 0.000000 28.951703 0.000000 0.000000 1.000000 0.000000
0.997931 -0.064294 0.000000 419.525458 0.064294 0.997931 0.000000 29.091667 0.000000 0.000000 1.000000 0.000000
0.997659 -0.068391 0.000000 421.464791 0.068391 0.997659 0.000000 29.249675 0.000000 0.000000 1.000000 0.000000
0.997473 -0.071043 0.000000 423.415743 0.071043 0.997473 0.000000 29.333453 0.000000 0.000000 1.000000 0.000000
0.997425 -0.071721 0.000000 425.222839 0.071721 0.997425 0.000000 29.488001 0.000000 0.000000 1.000000 0.000000
0.997662 -0.068338 0.000000 426.995201 0.068338 0.997662 0.000000 29.611534 0.000000 0.000000 1.000000 0.000000
0.998056 -0.062319 0.000000 428.724589 0.062319 0.998056 0.000000 29.686518 0.000000 0.000000 1.000000 0.000000
0.998553 -0.053775 0.000000 430.333051 0.053775 0.998553 0.000000 29.755713 0.000000 0.000000 1.000000 0.000000
0.999897 -0.014367 0.000000 433.262556 0.014367 0.999897 0.000000 29.865362 0.000000 0.000000 1.000000 0.000000
0.996234 0.086700 0.000000 435.849121 -0.086700 0.996234 -0.000000 29.653126 -0.000000 0.000000 1.000000 0.000000
0.976119 0.217235 0.000000 438.189530 -0.217235 0.976119 -0.000000 29.019650 -0.000000 0.000000 1.000000 0.000000
0.936599 0.350403 0.000000 440.125231 -0.350403 0.936599 -0.000000 28.294327 -0.000000 0.000000 1.000000 0.000000
0.879015 0.476795 0.000000 441.750164 -0.476795 0.879015 -0.000000 27.357341 -0.000000 0.000000 1.000000 0.000000
0.801327 0.598227 0.000000 443.088459 -0.598227 0.801327 -0.000000 26.323256 -0.000000 0.000000 1.000000 0.000000
0.687475 0.726208 0.000000 444.120391 -0.726208 0.687475 -0.000000 25.093285 -0.000000 0.000000 1.000000 0.000000
0.617204 0.786803 0.000000 444.638841 -0.786803 0.617204 -0.000000 24.384133 -0.000000 0.000000 1.000000 0.000000
0.537748 0.843106 0.000000 445.008672 -0.843106 0.537748 -0.000000 23.688551 -0.000000 0.000000 1.000000 0.000000
0.451063 0.892492 0.000000 445.287375 -0.892492 0.451063 -0.000000 22.957241 -0.000000 0.000000 1.000000 0.000000
0.355386 0.934719 0.000000 445.475333 -0.934719 0.355386 -0.000000 22.188500 -0.000000 0.000000 1.000000 0.000000
0.248273 0.968690 0.000000 445.597470 -0.968690 0.248273 -0.000000 21.370950 -0.000000 0.000000 1.000000 0.000000
0.131569 0.991307 0.000000 445.648173 -0.991307 0.131569 -0.000000 20.466429 -0.000000 0.000000 1.000000 0.000000
0.010024 0.999950 0.000000 445.577685 -0.999950 0.010024 -0.000000 19.587531 -0.000000 0.000000 1.000000 0.000000
-0.114121 0.993467 0.000000 445.402024 -0.993467 -0.114121 -0.000000 18.635013 -0.000000 0.000000 1.000000 0.000000
-0.236509 0.971629 0.000000 445.107190 -0.971629 -0.236509 -0.000000 17.642884 -0.000000 0.000000 1.000000 0.000000
-0.352296 0.935889 0.000000 444.647565 -0.935889 -0.352296 -0.000000 16.730153 -0.000000 0.000000 1.000000 0.000000
-0.463246 0.886230 0.000000 444.090701 -0.886230 -0.463246 -0.000000 15.810861 -0.000000 0.000000 1.000000 0.000000
-0.561459 0.827505 0.000000 443.423708 -0.827505 -0.561459 0.000000 14.832664 0.000000 0.000000 1.000000 0.000000
-0.650354 0.759632 0.000000 442.593095 -0.759632 -0.650354 0.000000 14.011558 0.000000 0.000000 1.000000 0.000000
-0.724385 0.689396 0.000000 441.669990 -0.689396 -0.724385 0.000000 13.067986 0.000000 0.000000 1.000000 0.000000
-0.785217 0.619221 0.000000 440.539628 -0.619221 -0.785217 0.000000 12.265812 0.000000 0.000000 1.000000 0.000000
-0.827905 0.560869 0.000000 439.253124 -0.560869 -0.827905 0.000000 11.380343 0.000000 0.000000 1.000000 0.000000
-0.852582 0.522594 0.000000 437.829530 -0.522594 -0.852582 0.000000 10.656928 0.000000 0.000000 1.000000 0.000000
-0.868699 0.495340 0.000000 436.362832 -0.495340 -0.868699 0.000000 9.917805 0.000000 0.000000 1.000000 0.000000
-0.878332 0.478050 0.000000 434.781013 -0.478050 -0.878332 0.000000 9.064099 0.000000 0.000000 1.000000 0.000000
-0.884814 0.465944 0.000000 433.037905 -0.465944 -0.884814 0.000000 8.260405 0.000000 0.000000 1.000000 0.000000
-0.888068 0.459711 0.000000 431.270867 -0.459711 -0.888068 0.000000 7.371787 0.000000 0.000000 1.000000 0.000000
-0.891275 0.453462 0.000000 429.422658 -0.453462 -0.891275 0.000000 6.469420 0.000000 0.000000 1.000000 0.000000
-0.892532 0.450984 0.000000 427.472336 -0.450984 -0.892532 0.000000 5.486376 0.000000 0.000000 1.000000 0.000000
-0.894130 0.447808 0.000000 425.394937 -0.447808 -0.894130 0.000000 4.527724 0.000000 0.000000 1.000000 0.000000
-0.894269 0.447529 0.000000 423.300031 -0.447529 -0.894269 0.000000 3.446052 0.000000 0.000000 1.000000 0.000000
-0.894521 0.447026 0.000000 421.150038 -0.447026 -0.894521 0.000000 2.369920 0.000000 0.000000 1.000000 0.000000
-0.894710 0.446648 0.000000 418.923992 -0.446648 -0.894710 0.000000 1.264829 0.000000 0.000000 1.000000 0.000000
-0.895281 0.445501 0.000000 416.664472 -0.445501 -0.895281 0.000000 0.178780 0.000000 0.000000 1.000000 0.000000
-0.895991 0.444072 0.000000 414.354387 -0.444072 -0.895991 0.000000 -0.977042 0.000000 0.000000 1.000000 0.000000
-0.896674 0.442692 0.000000 412.032950 -0.442692 -0.896674 0.000000 -2.131082 0.000000 0.000000 1.000000 0.000000
-0.897709 0.440588 0.000000 409.631132 -0.440588 -0.897709 0.000000 -3.284205 0.000000 0.000000 1.000000 0.000000
-0.898449 0.439078 0.000000 407.220196 -0.439078 -0.898449 0.000000 -4.482042 0.000000 0.000000 1.000000 0.000000
-0.900121 0.435639 0.000000 404.801829 -0.435639 -0.900121 0.000000 -5.675007 0.000000 0.000000 1.000000 0.000000
-0.901152 0.433503 0.000000 402.470489 -0.433503 -0.901152 0.000000 -6.832476 0.000000 0.000000 1.000000 0.000000
-0.902970 0.429704 0.000000 400.116749 -0.429704 -0.902970 0.000000 -7.942216 0.000000 0.000000 1.000000 0.000000
-0.903995 0.427544 0.000000 397.811536 -0.427544 -0.903995 0.000000 -9.018992 0.000000 0.000000 1.000000 0.000000
-0.904351 0.426790 0.000000 395.505166 -0.426790 -0.904351 0.000000 -10.105418 0.000000 0.000000 1.000000 0.000000
-0.904572 0.426321 0.000000 393.221724 -0.426321 -0.904572 0.000000 -11.145120 0.000000 0.000000 1.000000 0.000000
-0.904560 0.426346 0.000000 391.060140 -0.426346 -0.904560 0.000000 -12.189418 0.000000 0.000000 1.000000 0.000000
-0.904953 0.425511 0.000000 388.874426 -0.425511 -0.904953 0.000000 -13.220926 0.000000 0.000000 1.000000 0.000000
-0.904784 0.425872 0.000000 386.766228 -0.425872 -0.904784 0.000000 -14.222755 0.000000 0.000000 1.000000 0.000000
-0.904416 0.426651 0.000000 384.737427 -0.426651 -0.904416 0.000000 -15.172218 0.000000 0.000000 1.000000 0.000000
-0.904078 0.427368 0.000000 382.746460 -0.427368 -0.904078 0.000000 -16.086491 0.000000 0.000000 1.000000 0.000000
-0.904009 0.427512 0.000000 380.851899 -0.427512 -0.904009 0.000000 -16.998865 0.000000 0.000000 1.000000 0.000000
-0.904036 0.427456 0.000000 379.023997 -0.427456 -0.904036 0.000000 -17.879637 0.000000 0.000000 1.000000 0.000000
-0.904699 0.426051 0.000000 377.312658 -0.426051 -0.904699 0.000000 -18.719623 0.000000 0.000000 1.000000 0.000000
-0.905705 0.423908 0.000000 375.588633 -0.423908 -0.905705 0.000000 -19.497324 0.000000 0.000000 1.000000 0.000000
-0.906415 0.422388 0.000000 373.941573 -0.422388 -0.906415 0.000000 -20.201919 0.000000 0.000000 1.000000 0.000000
-0.907378 0.420315 0.000000 372.425740 -0.420315 -0.907378 0.000000 -20.895440 0.000000 0.000000 1.000000 0.000000
-0.908432 0.418033 0.000000 371.024033 -0.418033 -0.908432 0.000000 -21.607242 0.000000 0.000000 1.000000 0.000000
-0.909806 0.415035 0.000000 368.399373 -0.415035 -0.909806 0.000000 -22.781954 0.000000 0.000000 1.000000 0.000000
-0.910977 0.412458 0.000000 365.839699 -0.412458 -0.910977 0.000000 -23.935169 0.000000 0.000000 1.000000 0.000000
-0.911708 0.410838 0.000000 363.190452 -0.410838 -0.911708 0.000000 -25.071577 0.000000 0.000000 1.000000 0.000000
-0.912082 0.410008 0.000000 360.433278 -0.410008 -0.912082 0.000000 -26.343706 0.000000 0.000000 1.000000 0.000000
-0.912531 0.409007 0.000000 358.857473 -0.409007 -0.912531 0.000000 -27.034136 0.000000 0.000000 1.000000 0.000000
-0.912488 0.409103 0.000000 357.292086 -0.409103 -0.912488 0.000000 -27.686412 0.000000 0.000000 1.000000 0.000000
-0.912118 0.409928 0.000000 355.621831 -0.409928 -0.912118 0.000000 -28.432064 0.000000 0.000000 1.000000 0.000000
-0.911668 0.410928 0.000000 353.985204 -0.410928 -0.911668 0.000000 -29.226212 0.000000 0.000000 1.000000 0.000000
-0.911888 0.410438 0.000000 352.205281 -0.410438 -0.911888 0.000000 -29.996162 0.000000 0.000000 1.000000 0.000000
-0.912060 0.410057 0.000000 350.351022 -0.410057 -0.912060 0.000000 -30.773433 0.000000 0.000000 1.000000 0.000000
-0.912195 0.409757 0.000000 348.513987 -0.409757 -0.912195 0.000000 -31.609483 0.000000 0.000000 1.000000 0.000000
-0.912448 0.409193 0.000000 346.616173 -0.409193 -0.912448 0.000000 -32.460130 0.000000 0.000000 1.000000 0.000000
-0.914010 0.405692 0.000000 344.628874 -0.405692 -0.914010 0.000000 -33.323411 0.000000 0.000000 1.000000 0.000000
-0.916018 0.401137 0.000000 342.616521 -0.401137 -0.916018 0.000000 -34.215362 0.000000 0.000000 1.000000 0.000000
-0.918159 0.396212 0.000000 340.564840 -0.396212 -0.918159 0.000000 -35.061646 0.000000 0.000000 1.000000 0.000000
-0.920940 0.389705 0.000000 338.492683 -0.389705 -0.920940 0.000000 -35.922305 0.000000 0.000000 1.000000 0.000000
-0.925037 0.379877 0.000000 336.405671 -0.379877 -0.925037 0.000000 -36.791965 0.000000 0.000000 1.000000 0.000000
-0.929707 0.368301 0.000000 334.153275 -0.368301 -0.929707 0.000000 -37.628345 0.000000 0.000000 1.000000 0.000000
-0.934296 0.356499 0.000000 331.930629 -0.356499 -0.934296 0.000000 -38.497810 0.000000 0.000000 1.000000 0.000000
-0.938183 0.346138 0.000000 329.636709 -0.346138 -0.938183 0.000000 -39.346617 0.000000 0.000000 1.000000 0.000000
-0.941836 0.336072 0.000000 327.318807 -0.336072 -0.941836 0.000000 -40.139454 0.000000 0.000000 1.000000 0.000000
-0.946838 0.321712 0.000000 324.949486 -0.321712 -0.946838 0.000000 -40.985073 0.000000 0.000000 1.000000 0.000000
-0.952126 0.305706 0.000000 322.558115 -0.305706 -0.952126 0.000000 -41.762140 0.000000 0.000000 1.000000 0.000000
-0.957757 0.287580 0.000000 320.069928 -0.287580 -0.957757 0.000000 -42.460003 0.000000 0.000000 1.000000 0.000000
-0.962332 0.271876 0.000000 317.525585 -0.271876 -0.962332 0.000000 -43.156987 0.000000 0.000000 1.000000 0.000000
-0.964308 0.264782 0.000000 314.935885 -0.264782 -0.964308 0.000000 -43.876166 0.000000 0.000000 1.000000 0.000000
-0.965011 0.262208 0.000000 312.287204 -0.262208 -0.965011 0.000000 -44.612470 0.000000 0.000000 1.000000 0.000000
-0.964847 0.262811 0.000000 309.632234 -0.262811 -0.964847 0.000000 -45.248298 0.000000 0.000000 1.000000 0.000000
-0.964107 0.265514 0.000000 306.998252 -0.265514 -0.964107 0.000000 -46.008761 0.000000 0.000000 1.000000 0.000000
-0.962221 0.272270 0.000000 304.266679 -0.272270 -0.962221 0.000000 -46.788466 0.000000 0.000000 1.000000 0.000000
-0.960259 0.279110 0.000000 301.563926 -0.279110 -0.960259 0.000000 -47.576620 0.000000 0.000000 1.000000 0.000000
-0.957175 0.289509 0.000000 298.791967 -0.289509 -0.957175 0.000000 -48.358040 0.000000 0.000000 1.000000 0.000000
-0.953718 0.300702 0.000000 295.993380 -0.300702 -0.953718 0.000000 -49.212932 0.000000 0.000000 1.000000 0.000000
-0.950020 0.312189 0.000000 293.226124 -0.312189 -0.950020 0.000000 -50.111588 0.000000 0.000000 1.000000 0.000000
-0.946898 0.321534 0.000000 290.444102 -0.321534 -0.946898 0.000000 -51.025851 0.000000 0.000000 1.000000 0.000000
-0.944755 0.327776 0.000000 287.608685 -0.327776 -0.944755 0.000000 -52.032006 0.000000 0.000000 1.000000 0.000000
-0.943194 0.332242 0.000000 284.770162 -0.332242 -0.943194 0.000000 -53.107716 0.000000 0.000000 1.000000 0.000000
-0.942583 0.333971 0.000000 281.873341 -0.333971 -0.942583 0.000000 -54.095764 0.000000 0.000000 1.000000 0.000000
-0.941779 0.336232 0.000000 278.994528 -0.336232 -0.941779 0.000000 -55.177352 0.000000 0.000000 1.000000 0.000000
-0.940365 0.340166 0.000000 276.111385 -0.340166 -0.940365 0.000000 -56.231092 0.000000 0.000000 1.000000 0.000000
-0.938675 0.344802 0.000000 273.301635 -0.344802 -0.938675 0.000000 -57.254927 0.000000 0.000000 1.000000 0.000000
-0.936875 0.349664 0.000000 270.417978 -0.349664 -0.936875 0.000000 -58.277289 0.000000 0.000000 1.000000 0.000000
-0.934913 0.354877 0.000000 267.575183 -0.354877 -0.934913 0.000000 -59.388641 0.000000 0.000000 1.000000 0.000000
-0.932871 0.360212 0.000000 264.696126 -0.360212 -0.932871 0.000000 -60.394960 0.000000 0.000000 1.000000 0.000000
-0.931689 0.363258 0.000000 261.843304 -0.363258 -0.931689 0.000000 -61.465786 0.000000 0.000000 1.000000 0.000000
-0.930965 0.365109 0.000000 259.005010 -0.365109 -0.930965 0.000000 -62.522765 0.000000 0.000000 1.000000 0.000000
-0.929652 0.368439 0.000000 256.192706 -0.368439 -0.929652 0.000000 -63.671480 0.000000 0.000000 1.000000 0.000000
-0.928873 0.370398 0.000000 253.351189 -0.370398 -0.928873 0.000000 -64.791093 0.000000 0.000000 1.000000 0.000000
-0.927869 0.372907 0.000000 250.617087 -0.372907 -0.927869 0.000000 -65.880429 0.000000 0.000000 1.000000 0.000000
-0.928183 0.372125 0.000000 247.856765 -0.372125 -0.928183 0.000000 -66.932832 0.000000 0.000000 1.000000 0.000000
-0.927368 0.374150 0.000000 245.135271 -0.374150 -0.927368 0.000000 -68.045436 0.000000 0.000000 1.000000 0.000000
-0.926400 0.376541 0.000000 242.494873 -0.376541 -0.926400 0.000000 -69.157265 0.000000 0.000000 1.000000 0.000000
-0.925515 0.378711 0.000000 239.846100 -0.378711 -0.925515 0.000000 -70.280227 0.000000 0.000000 1.000000 0.000000
-0.923897 0.382641 0.000000 237.174350 -0.382641 -0.923897 0.000000 -71.321151 0.000000 0.000000 1.000000 0.000000
-0.922378 0.386288 0.000000 234.558116 -0.386288 -0.922378 0.000000 -72.422779 0.000000 0.000000 1.000000 0.000000
-0.920594 0.390521 0.000000 231.942731 -0.390521 -0.920594 0.000000 -73.458898 0.000000 0.000000 1.000000 0.000000
-0.919059 0.394121 0.000000 229.355127 -0.394121 -0.919059 0.000000 -74.528076 0.000000 0.000000 1.000000 0.000000
-0.919010 0.394233 0.000000 226.739486 -0.394233 -0.919010 0.000000 -75.683102 0.000000 0.000000 1.000000 0.000000
-0.918824 0.394668 0.000000 224.191538 -0.394668 -0.918824 0.000000 -76.788977 0.000000 0.000000 1.000000 0.000000
-0.918964 0.394341 0.000000 221.616199 -0.394341 -0.918964 0.000000 -77.918797 0.000000 0.000000 1.000000 0.000000
-0.919062 0.394113 0.000000 219.096979 -0.394113 -0.919062 0.000000 -79.024509 0.000000 0.000000 1.000000 0.000000
-0.919123 0.393971 0.000000 216.485302 -0.393971 -0.919123 0.000000 -80.130371 0.000000 0.000000 1.000000 0.000000
-0.918230 0.396048 0.000000 213.919943 -0.396048 -0.918230 0.000000 -81.177236 0.000000 0.000000 1.000000 0.000000
-0.917157 0.398526 0.000000 211.449302 -0.398526 -0.917157 0.000000 -82.242702 0.000000 0.000000 1.000000 0.000000
-0.915883 0.401446 0.000000 208.988385 -0.401446 -0.915883 0.000000 -83.384083 0.000000 0.000000 1.000000 0.000000
-0.915800 0.401634 0.000000 206.484283 -0.401634 -0.915800 0.000000 -84.476286 0.000000 0.000000 1.000000 0.000000
-0.917145 0.398554 0.000000 204.080701 -0.398554 -0.917145 0.000000 -85.534043 0.000000 0.000000 1.000000 0.000000
-0.918152 0.396228 0.000000 201.587651 -0.396228 -0.918152 0.000000 -86.615427 0.000000 0.000000 1.000000 0.000000
-0.919635 0.392773 0.000000 199.123200 -0.392773 -0.919635 0.000000 -87.675489 0.000000 0.000000 1.000000 0.000000
-0.921423 0.388561 0.000000 196.690669 -0.388561 -0.921423 0.000000 -88.684195 0.000000 0.000000 1.000000 0.000000
-0.922731 0.385445 0.000000 194.309744 -0.385445 -0.922731 0.000000 -89.637046 0.000000 0.000000 1.000000 0.000000
-0.923214 0.384286 0.000000 191.966464 -0.384286 -0.923214 0.000000 -90.650480 0.000000 0.000000 1.000000 0.000000
-0.923638 0.383265 0.000000 189.601428 -0.383265 -0.923638 0.000000 -91.578710 0.000000 0.000000 1.000000 0.000000
-0.925057 0.379828 0.000000 187.315925 -0.379828 -0.925057 0.000000 -92.548311 0.000000 0.000000 1.000000 0.000000
-0.925798 0.378018 0.000000 185.008240 -0.378018 -0.925798 0.000000 -93.438333 0.000000 0.000000 1.000000 0.000000
-0.926138 0.377185 0.000000 182.693225 -0.377185 -0.926138 0.000000 -94.433047 0.000000 0.000000 1.000000 0.000000
-0.926069 0.377355 0.000000 180.361794 -0.377355 -0.926069 0.000000 -95.381809 0.000000 0.000000 1.000000 0.000000
-0.925630 0.378431 0.000000 178.083142 -0.378431 -0.925630 0.000000 -96.322282 0.000000 0.000000 1.000000 0.000000
-0.923194 0.384335 0.000000 175.800631 -0.384335 -0.923194 0.000000 -97.295180 0.000000 0.000000 1.000000 0.000000
-0.921275 0.388911 0.000000 173.496458 -0.388911 -0.921275 0.000000 -98.206731 0.000000 0.000000 1.000000 0.000000
-0.919102 0.394020 0.000000 171.284269 -0.394020 -0.919102 0.000000 -99.210877 0.000000 0.000000 1.000000 0.000000
-0.916763 0.399431 0.000000 169.008928 -0.399431 -0.916763 0.000000 -100.090933 0.000000 0.000000 1.000000 0.000000
-0.915458 0.402414 0.000000 166.795808 -0.402414 -0.915458 0.000000 -101.048445 0.000000 0.000000 1.000000 0.000000
-0.914997 0.403460 0.000000 164.622760 -0.403460 -0.914997 0.000000 -102.057539 0.000000 0.000000 1.000000 0.000000
-0.915352 0.402654 0.000000 162.418842 -0.402654 -0.915352 0.000000 -102.963707 0.000000 0.000000 1.000000 0.000000
-0.916037 0.401093 0.000000 160.310810 -0.401093 -0.916037 0.000000 -103.887494 0.000000 0.000000 1.000000 0.000000
-0.917275 0.398255 0.000000 158.170230 -0.398255 -0.917275 0.000000 -104.804736 0.000000 0.000000 1.000000 0.000000
-0.918598 0.395194 0.000000 156.018551 -0.395194 -0.918598 0.000000 -105.740351 0.000000 0.000000 1.000000 0.000000
-0.919468 0.393164 0.000000 153.891029 -0.393164 -0.919468 0.000000 -106.625060 0.000000 0.000000 1.000000 0.000000
-0.919931 0.392079 0.000000 151.826876 -0.392079 -0.919931 0.000000 -107.512723 0.000000 0.000000 1.000000 0.000000
-0.919765 0.392470 0.000000 149.782605 -0.392470 -0.919765 0.000000 -108.363426 0.000000 0.000000 1.000000 0.000000
-0.919906 0.392140 0.000000 147.726436 -0.392140 -0.919906 0.000000 -109.213501 0.000000 0.000000 1.000000 0.000000
-0.920590 0.390530 0.000000 145.754785 -0.390530 -0.920590 0.000000 -110.062877 0.000000 0.000000 1.000000 0.000000
-0.922401 0.386234 0.000000 143.761788 -0.386234 -0.922401 0.000000 -110.823247 0.000000 0.000000 1.000000 0.000000
-0.925300 0.379236 0.000000 141.851961 -0.379236 -0.925300 0.000000 -111.576348 0.000000 0.000000 1.000000 0.000000
-0.927473 0.373891 0.000000 139.993298 -0.373891 -0.927473 0.000000 -112.322640 0.000000 0.000000 1.000000 0.000000
-0.928031 0.372503 0.000000 138.178990 -0.372503 -0.928031 0.000000 -113.043349 0.000000 0.000000 1.000000 0.000000
-0.929043 0.369973 0.000000 136.468833 -0.369973 -0.929043 0.000000 -113.757465 0.000000 0.000000 1.000000 0.000000
-0.928829 0.370510 0.000000 134.735900 -0.370510 -0.928829 0.000000 -114.423567 0.000000 0.000000 1.000000 0.000000
-0.929659 0.368421 0.000000 133.067091 -0.368421 -0.929659 0.000000 -115.103996 0.000000 0.000000 1.000000 0.000000
-0.930948 0.365151 0.000000 131.491330 -0.365151 -0.930948 0.000000 -115.767825 0.000000 0.000000 1.000000 0.000000
-0.931300 0.364253 0.000000 129.917259 -0.364253 -0.931300 0.000000 -116.312472 0.000000 0.000000 1.000000 0.000000
-0.931828 0.362901 0.000000 128.498417 -0.362901 -0.931828 0.000000 -116.898055 0.000000 0.000000 1.000000 0.000000
-0.931619 0.363437 0.000000 127.010539 -0.363437 -0.931619 0.000000 -117.413088 0.000000 0.000000 1.000000 0.000000
-0.931334 0.364167 0.000000 124.401043 -0.364167 -0.931334 0.000000 -118.444058 0.000000 0.000000 1.000000 0.000000
-0.931581 0.363535 0.000000 121.956960 -0.363535 -0.931581 0.000000 -119.424027 0.000000 0.000000 1.000000 0.000000
-0.932874 0.360204 0.000000 119.754568 -0.360204 -0.932874 0.000000 -120.245449 0.000000 0.000000 1.000000 0.000000
-0.934619 0.355650 0.000000 117.768385 -0.355650 -0.934619 0.000000 -120.976271 0.000000 0.000000 1.000000 0.000000
-0.934952 0.354774 0.000000 116.035857 -0.354774 -0.934952 0.000000 -121.639343 0.000000 0.000000 1.000000 0.000000
