1.000000 0.000000 0.000000 0.000000 0.000000 1.000000 0.000000 0.000000 0.000000 0.000000 1.000000 0.000000
1.000000 -0.000001 0.000000 -0.001674 0.000001 1.000000 0.000000 0.015794 0.000000 0.000000 1.000000 0.000000
1.000000 -0.000099 0.000000 0.001743 0.000099 1.000000 0.000000 0.010519 0.000000 0.000000 1.000000 0.000000
1.000000 -0.000122 0.000000 -0.002616 0.000122 1.000000 0.000000 0.006458 0.000000 0.000000 1.000000 0.000000
1.000000 -0.000175 0.000000 0.001082 0.000175 1.000000 0.000000 0.013925 0.000000 0.000000 1.000000 0.000000
1.000000 -0.000210 0.000000 -0.002043 0.000210 1.000000 0.000000 0.008801 0.000000 0.000000 1.000000 0.000000
1.000000 -0.000113 0.000000 -0.002693 0.000113 1.000000 0.000000 0.007783 0.000000 0.000000 1.000000 0.000000
1.000000 -0.000079 0.000000 -0.001067 0.000079 1.000000 0.000000 0.012027 0.000000 0.000000 1.000000 0.000000
1.000000 -0.000020 0.000000 -0.006954 0.000020 1.000000 0.000000 0.010386 0.000000 0.000000 1.000000 0.000000
1.000000 -0.000126 0.000000 0.000705 0.000126 1.000000 0.000000 0.009654 0.000000 0.000000 1.000000 0.000000
1.000000 -0.000162 0.000000 0.003141 0.000162 1.000000 0.000000 0.008021 0.000000 0.000000 1.000000 0.000000
1.000000 -0.000067 0.000000 0.007936 0.000067 1.000000 0.000000 0.008098 0.000000 0.000000 1.000000 0.000000
1.000000 0.000052 0.000000 0.003547 -0.000052 1.000000 0.000000 0.010378 0.000000 0.000000 1.000000 0.000000
1.000000 -0.000076 0.000000 -0.001034 0.000076 1.000000 0.000000 0.007586 0.000000 0.000000 1.000000 0.000000
1.000000 -0.000152 0.000000 -0.001088 0.000152 1.000000 0.000000 0.011614 0.000000 0.000000 1.000000 0.000000
1.000000 0.000161 0.000000 -0.003491 -0.000161 1.000000 0.000000 0.012125 0.000000 0.000000 1.000000 0.000000
1.000000 0.000095 0.000000 -0.007428 -0.000095 1.000000 0.000000 0.008255 0.000000 0.000000 1.000000 0.000000
1.000000 0.000003 0.000000 -0.002846 -0.000003 1.000000 0.000000 0.006496 0.000000 0.000000 1.000000 0.000000
1.000000 -0.000168 0.000000 0.002148 0.000168 1.000000 0.000000 0.009510 0.000000 0.000000 1.000000 0.000000
1.000000 -0.000172 0.000000 0.005408 0.000172 1.000000 0.000000 0.000912 0.000000 0.000000 1.000000 0.000000
1.000000 -0.000218 0.000000 0.004968 0.000218 1.000000 0.000000 0.003004 0.000000 0.000000 1.000000 0.000000
1.000000 -0.000168 0.000000 0.002269 0.000168 1.000000 0.000000 0.002251 0.000000 0.000000 1.000000 0.000000
1.000000 -0.000118 0.000000 -0.000454 0.000118 1.000000 0.000000 -0.004096 0.000000 0.000000 1.000000 0.000000
1.000000 -0.000273 0.000000 -0.000783 0.000273 1.000000 0.000000 -0.003889 0.000000 0.000000 1.000000 0.000000
1.000000 -0.000337 0.000000 -0.004016 0.000337 1.000000 0.000000 0.001302 0.000000 0.000000 1.000000 0.000000
1.000000 -0.000180 0.000000 -0.000636 0.000180 1.000000 0.000000 0.005946 0.000000 0.000000 1.000000 0.000000
1.000000 -0.000321 0.000000 -0.000519 0.000321 1.000000 0.000000 -0.006365 0.000000 0.000000 1.000000 0.000000
1.000000 -0.000252 0.000000 -0.004479 0.000252 1.000000 0.000000 0.006649 0.000000 0.000000 1.000000 0.000000
1.000000 -0.000236 0.000000 -0.003146 0.000236 1.000000 0.000000 0.009484 0.000000 0.000000 1.000000 0.000000
1.000000 -0.000115 0.000000 -0.004286 0.000115 1.000000 0.000000 0.003995 0.000000 0.000000 1.000000 0.000000
1.000000 -0.000248 0.000000 0.000704 0.000248 1.000000 0.000000 0.011435 0.000000 0.000000 1.000000 0.000000
1.000000 -0.000295 0.000000 -0.001336 0.000295 1.000000 0.000000 0.010289 0.000000 0.000000 1.000000 0.000000
1.000000 -0.000399 0.000000 -0.002889 0.000399 1.000000 0.000000 0.005063 0.000000 0.000000 1.000000 0.000000
1.000000 -0.000111 0.000000 -0.000908 0.000111 1.000000 0.000000 0.001315 0.000000 0.000000 1.000000 0.000000
1.000000 -0.000049 0.000000 -0.003850 0.000049 1.000000 0.000000 0.005351 0.000000 0.000000 1.000000 0.000000
1.000000 -0.000183 0.000000 -0.001481 0.000183 1.000000 0.000000 0.002581 0.000000 0.000000 1.000000 0.000000
1.000000 -0.000149 0.000000 -0.003812 0.000149 1.000000 0.000000 0.003677 0.000000 0.000000 1.000000 0.000000
1.000000 -0.000159 0.000000 -0.004638 0.000159 1.000000 0.000000 0.008119 0.000000 0.000000 1.000000 0.000000
1.000000 -0.000237 0.000000 -0.003287 0.000237 1.000000 0.000000 0.010724 0.000000 0.000000 1.000000 0.000000
1.000000 -0.000180 0.000000 0.005350 0.000180 1.000000 0.000000 0.008496 0.000000 0.000000 1.000000 0.000000
1.000000 -0.000046 0.000000 -0.002198 0.000046 1.000000 0.000000 0.005208 0.000000 0.000000 1.000000 0.000000
1.000000 0.000084 0.000000 -0.009251 -0.000084 1.000000 0.000000 0.006486 0.000000 0.000000 1.000000 0.000000
1.000000 0.000011 0.000000 0.000541 -0.000011 1.000000 0.000000 0.009213 0.000000 0.000000 1.000000 0.000000
1.000000 -0.000092 0.000000 -0.001793 0.000092 1.000000 0.000000 0.006745 0.000000 0.000000 1.000000 0.000000
1.000000 -0.000286 0.000000 -0.001819 0.000286 1.000000 0.000000 0.010210 0.000000 0.000000 1.000000 0.000000
1.000000 -0.000278 0.000000 -0.002216 0.000278 1.000000 0.000000 0.010435 0.000000 0.000000 1.000000 0.000000
1.000000 -0.000236 0.000000 -0.002338 0.000236 1.000000 0.000000 0.005941 0.000000 0.000000 1.000000 0.000000
1.000000 -0.000198 0.000000 0.002054 0.000198 1.000000 0.000000 0.004132 0.000000 0.000000 1.000000 0.000000
1.000000 -0.000130 0.000000 0.009926 0.000130 1.000000 0.000000 0.001812 0.000000 0.000000 1.000000 0.000000
1.000000 0.000029 0.000000 -0.003371 -0.000029 1.000000 0.000000 -0.006475 0.000000 0.000000 1.000000 0.000000
1.000000 -0.000128 0.000000 0.001570 0.000128 1.000000 0.000000 0.004592 0.000000 0.000000 1.000000 0.000000
1.000000 -0.000016 0.000000 0.007917 0.000016 1.000000 0.000000 0.002025 0.000000 0.000000 1.000000 0.000000
1.000000 0.000020 0.000000 -0.000080 -0.000020 1.000000 0.000000 -0.000949 0.000000 0.000000 1.000000 0.000000
1.000000 -0.000112 0.000000 0.000552 0.000112 1.000000 0.000000 -0.001841 0.000000 0.000000 1.000000 0.000000
1.000000 -0.000008 0.000000 0.000594 0.000008 1.000000 0.000000 -0.000245 0.000000 0.000000 1.000000 0.000000
1.000000 -0.000046 0.000000 0.002560 0.000046 1.000000 0.000000 0.007377 0.000000 0.000000 1.000000 0.000000
1.000000 0.000039 0.000000 0.000092 -0.000039 1.000000 0.000000 0.008756 0.000000 0.000000 1.000000 0.000000
1.000000 0.000080 0.000000 0.000116 -0.000080 1.000000 0.000000 0.002788 0.000000 0.000000 1.000000 0.000000
1.000000 -0.000088 0.000000 -0.006258 0.000088 1.000000 0.000000 0.007481 0.000000 0.000000 1.000000 0.000000
1.000000 -0.000247 0.000000 -0.005734 0.000247 1.000000 0.000000 0.009116 0.000000 0.000000 1.000000 0.000000
1.000000 0.000025 0.000000 -0.003129 -0.000025 1.000000 0.000000 0.000329 0.000000 0.000000 1.000000 0.000000
1.000000 -0.000039 0.000000 -0.001160 0.000039 1.000000 0.000000 0.004915 0.000000 0.000000 1.000000 0.000000
1.000000 -0.000175 0.000000 -0.002550 0.000175 1.000000 0.000000 0.000798 0.000000 0.000000 1.000000 0.000000
1.000000 -0.000114 0.000000 0.003711 0.000114 1.000000 0.000000 0.011623 0.000000 0.000000 1.000000 0.000000
1.000000 -0.000278 0.000000 -0.000489 0.000278 1.000000 0.000000 0.008252 0.000000 0.000000 1.000000 0.000000
1.000000 -0.000237 0.000000 0.000206 0.000237 1.000000 0.000000 0.008355 0.000000 0.000000 1.000000 0.000000
1.000000 -0.000057 0.000000 -0.005927 0.000057 1.000000 0.000000 0.014091 0.000000 0.000000 1.000000 0.000000
1.000000 -0.000022 0.000000 0.000205 0.000022 1.000000 0.000000 0.001940 0.000000 0.000000 1.000000 0.000000
1.000000 0.000038 0.000000 0.005623 -0.000038 1.000000 0.000000 0.008731 0.000000 0.000000 1.000000 0.000000
1.000000 0.000089 0.000000 -0.001533 -0.000089 1.000000 0.000000 0.009005 0.000000 0.000000 1.000000 0.000000
1.000000 -0.000065 0.000000 0.003301 0.000065 1.000000 0.000000 0.007699 0.000000 0.000000 1.000000 0.000000
1.000000 0.000033 0.000000 0.002987 -0.000033 1.000000 0.000000 0.004272 0.000000 0.000000 1.000000 0.000000
1.000000 -0.000045 0.000000 -0.002320 0.000045 1.000000 0.000000 0.006480 0.000000 0.000000 1.000000 0.000000
1.000000 0.000072 0.000000 0.000710 -0.000072 1.000000 0.000000 0.007706 0.000000 0.000000 1.000000 0.000000
1.000000 -0.000208 0.000000 0.003938 0.000208 1.000000 0.000000 -0.002123 0.000000 0.000000 1.000000 0.000000
1.000000 -0.000245 0.000000 0.005890 0.000245 1.000000 0.000000 0.000968 0.000000 0.000000 1.000000 0.000000
1.000000 -0.000334 0.000000 0.003243 0.000334 1.000000 0.000000 0.002195 0.000000 0.000000 1.000000 0.000000
1.000000 -0.000312 0.000000 0.006909 0.000312 1.000000 0.000000 -0.005746 0.000000 0.000000 1.000000 0.000000
1.000000 -0.000192 0.000000 0.008413 0.000192 1.000000 0.000000 -0.002529 0.000000 0.000000 1.000000 0.000000
1.000000 -0.000378 0.000000 -0.001900 0.000378 1.000000 0.000000 -0.004786 0.000000 0.000000 1.000000 0.000000
1.000000 -0.000270 0.000000 0.003441 0.000270 1.000000 0.000000 0.000667 0.000000 0.000000 1.000000 0.000000
1.000000 -0.000133 0.000000 0.003435 0.000133 1.000000 0.000000 0.001613 0.000000 0.000000 1.000000 0.000000
1.000000 -0.000131 0.000000 -0.000451 0.000131 1.000000 0.000000 -0.001752 0.000000 0.000000 1.000000 0.000000
1.000000 -0.000170 0.000000 0.003588 0.000170 1.000000 0.000000 0.004110 0.000000 0.000000 1.000000 0.000000
1.000000 -0.000079 0.000000 -0.000049 0.000079 1.000000 0.000000 0.005561 0.000000 0.000000 1.000000 0.000000
1.000000 -0.000010 0.000000 -0.004551 0.000010 1.000000 0.000000 -0.000474 0.000000 0.000000 1.000000 0.000000
1.000000 -0.000185 0.000000 0.006569 0.000185 1.000000 0.000000 0.010697 0.000000 0.000000 1.000000 0.000000
1.000000 -0.000119 0.000000 0.002092 0.000119 1.000000 0.000000 -0.002079 0.000000 0.000000 1.000000 0.000000
1.000000 -0.000145 0.000000 -0.010671 0.000145 1.000000 0.000000 -0.001122 0.000000 0.000000 1.000000 0.000000
1.000000 -0.000150 0.000000 -0.006218 0.000150 1.000000 0.000000 0.003245 0.000000 0.000000 1.000000 0.000000
1.000000 -0.000083 0.000000 0.001605 0.000083 1.000000 0.000000 0.001611 0.000000 0.000000 1.000000 0.000000
1.000000 0.000031 0.000000 -0.001566 -0.000031 1.000000 0.000000 -0.001582 0.000000 0.000000 1.000000 0.000000
1.000000 0.000052 0.000000 0.000311 -0.000052 1.000000 0.000000 -0.007074 0.000000 0.000000 1.000000 0.000000
1.000000 0.000110 0.000000 0.003441 -0.000110 1.000000 0.000000 -0.002926 0.000000 0.000000 1.000000 0.000000
1.000000 -0.000043 0.000000 0.001287 0.000043 1.000000 0.000000 0.006048 0.000000 0.000000 1.000000 0.000000
1.000000 -0.000078 0.000000 -0.003410 0.000078 1.000000 0.000000 0.003590 0.000000 0.000000 1.000000 0.000000
1.000000 -0.000000 0.000000 -0.004103 0.000000 1.000000 0.000000 0.000253 0.000000 0.000000 1.000000 0.000000
1.000000 -0.000012 0.000000 -0.008816 0.000012 1.000000 0.000000 -0.002114 0.000000 0.000000 1.000000 0.000000
1.000000 -0.000026 0.000000 -0.005747 0.000026 1.000000 0.000000 0.003701 0.000000 0.000000 1.000000 0.000000
1.000000 -0.000016 0.000000 -0.000687 0.000016 1.000000 0.000000 0.008826 0.000000 0.000000 1.000000 0.000000
1.000000 -0.000076 0.000000 -0.007439 0.000076 1.000000 0.000000 0.010752 0.000000 0.000000 1.000000 0.000000
1.000000 -0.000214 0.000000 -0.010558 0.000214 1.000000 0.000000 0.000627 0.000000 0.000000 1.000000 0.000000
1.000000 -0.000343 0.000000 -0.004618 0.000343 1.000000 0.000000 0.009333 0.000000 0.000000 1.000000 0.000000
1.000000 -0.000309 0.000000 -0.002530 0.000309 1.000000 0.000000 0.007510 0.000000 0.000000 1.000000 0.000000
1.000000 -0.000058 0.000000 0.002669 0.000058 1.000000 0.000000 0.000751 0.000000 0.000000 1.000000 0.000000
1.000000 -0.000219 0.000000 0.003302 0.000219 1.000000 0.000000 0.000996 0.000000 0.000000 1.000000 0.000000
1.000000 -0.000166 0.000000 0.003078 0.000166 1.000000 0.000000 0.001055 0.000000 0.000000 1.000000 0.000000
1.000000 -0.000133 0.000000 -0.006604 0.000133 1.000000 0.000000 -0.002107 0.000000 0.000000 1.000000 0.000000
1.000000 -0.000114 0.000000 -0.004728 0.000114 1.000000 0.000000 -0.009441 0.000000 0.000000 1.000000 0.000000
1.000000 -0.000135 0.000000 -0.000889 0.000135 1.000000 0.000000 -0.011407 0.000000 0.000000 1.000000 0.000000
1.000000 -0.000227 0.000000 0.007864 0.000227 1.000000 0.000000 -0.015509 0.000000 0.000000 1.000000 0.000000
1.000000 -0.000220 0.000000 0.001019 0.000220 1.000000 0.000000 -0.005994 0.000000 0.000000 1.000000 0.000000
1.000000 -0.000228 0.000000 0.001311 0.000228 1.000000 0.000000 -0.001265 0.000000 0.000000 1.000000 0.000000
1.000000 -0.000114 0.000000 0.002164 0.000114 1.000000 0.000000 -0.001179 0.000000 0.000000 1.000000 0.000000
1.000000 -0.000118 0.000000 0.005830 0.000118 1.000000 0.000000 -0.000407 0.000000 0.000000 1.000000 0.000000
1.000000 -0.000003 0.000000 0.004672 0.000003 1.000000 0.000000 0.009512 0.000000 0.000000 1.000000 0.000000
1.000000 -0.000131 0.000000 0.015052 0.000131 1.000000 0.000000 -0.003806 0.000000 0.000000 1.000000 0.000000
1.000000 -0.000715 0.000000 0.044030 0.000715 1.000000 0.000000 0.001794 0.000000 0.000000 1.000000 0.000000
0.999999 -0.001341 0.000000 0.070178 0.001341 0.999999 0.000000 -0.000300 0.000000 0.000000 1.000000 0.000000
0.999998 -0.002165 0.000000 0.116697 0.002165 0.999998 0.000000 -0.013070 0.000000 0.000000 1.000000 0.000000
0.999994 -0.003544 0.000000 0.222808 0.003544 0.999994 0.000000 0.004231 0.000000 0.000000 1.000000 0.000000
0.999976 -0.006893 0.000000 0.276232 0.006893 0.999976 0.000000 -0.023131 0.000000 0.000000 1.000000 0.000000
0.999873 -0.015940 0.000000 0.413564 0.015940 0.999873 0.000000 -0.026999 0.000000 0.000000 1.000000 0.000000
0.999588 -0.028714 0.000000 0.629124 0.028714 0.999588 0.000000 -0.026585 0.000000 0.000000 1.000000 0.000000
0.998915 -0.046578 0.000000 1.007337 0.046578 0.998915 0.000000 -0.004264 0.000000 0.000000 1.000000 0.000000
0.997772 -0.066719 0.000000 1.449279 0.066719 0.997772 0.000000 0.081517 0.000000 0.000000 1.000000 0.000000
0.995889 -0.090582 0.000000 1.910238 0.090582 0.995889 0.000000 0.168234 0.000000 0.000000 1.000000 0.000000
0.993318 -0.115408 0.000000 2.489542 0.115408 0.993318 0.000000 0.259113 0.000000 0.000000 1.000000 0.000000
0.990434 -0.137985 0.000000 3.181083 0.137985 0.990434 0.000000 0.310709 0.000000 0.000000 1.000000 0.000000
0.987405 -0.158215 0.000000 3.983633 0.158215 0.987405 0.000000 0.510740 0.000000 0.000000 1.000000 0.000000
0.985031 -0.172375 0.000000 4.795154 0.172375 0.985031 0.000000 0.623851 0.000000 0.000000 1.000000 0.000000
0.983239 -0.182322 0.000000 5.847535 0.182322 0.983239 0.000000 0.779364 0.000000 0.000000 1.000000 0.000000
0.982467 -0.186437 0.000000 6.846906 0.186437 0.982467 0.000000 0.967818 0.000000 0.000000 1.000000 0.000000
0.982350 -0.187052 0.000000 7.979295 0.187052 0.982350 0.000000 1.230376 0.000000 0.000000 1.000000 0.000000
0.982827 -0.184530 0.000000 9.171171 0.184530 0.982827 0.000000 1.462530 0.000000 0.000000 1.000000 0.000000
0.983156 -0.182768 0.000000 10.443624 0.182768 0.983156 0.000000 1.692541 0.000000 0.000000 1.000000 0.000000
0.983857 -0.178957 0.000000 11.807149 0.178957 0.983857 0.000000 1.965724 0.000000 0.000000 1.000000 0.000000
0.984476 -0.175520 0.000000 13.262110 0.175520 0.984476 0.000000 2.208989 0.000000 0.000000 1.000000 0.000000
0.985231 -0.171233 0.000000 14.754539 0.171233 0.985231 0.000000 2.419955 0.000000 0.000000 1.000000 0.000000
0.986166 -0.165759 0.000000 16.330143 0.165759 0.986166 0.000000 2.642827 0.000000 0.000000 1.000000 0.000000
0.987377 -0.158390 0.000000 17.919614 0.158390 0.987377 0.000000 2.926910 0.000000 0.000000 1.000000 0.000000
0.988910 -0.148519 0.000000 19.571850 0.148519 0.988910 0.000000 3.189086 0.000000 0.000000 1.000000 0.000000
0.990395 -0.138266 0.000000 21.278409 0.138266 0.990395 0.000000 3.389287 0.000000 0.000000 1.000000 0.000000
0.992201 -0.124651 0.000000 23.016913 0.124651 0.992201 0.000000 3.599926 0.000000 0.000000 1.000000 0.000000
0.993952 -0.109815 0.000000 24.839870 0.109815 0.993952 0.000000 3.787418 0.000000 0.000000 1.000000 0.000000
0.995485 -0.094916 0.000000 26.631463 0.094916 0.995485 0.000000 3.940570 0.000000 0.000000 1.000000 0.000000
0.996679 -0.081434 0.000000 28.540681 0.081434 0.996679 0.000000 4.088379 0.000000 0.000000 1.000000 0.000000
0.997658 -0.068401 0.000000 30.429152 0.068401 0.997658 0.000000 4.221831 0.000000 0.000000 1.000000 0.000000
0.998522 -0.054348 0.000000 32.343854 0.054348 0.998522 0.000000 4.310508 0.000000 0.000000 1.000000 0.000000
0.999220 -0.039492 0.000000 34.275823 0.039492 0.999220 0.000000 4.366676 0.000000 0.000000 1.000000 0.000000
0.999673 -0.025564 0.000000 36.240781 0.025564 0.999673 0.000000 4.391691 0.000000 0.000000 1.000000 0.000000
0.999895 -0.014505 0.000000 38.228323 0.014505 0.999895 0.000000 4.376133 0.000000 0.000000 1.000000 0.000000
0.999988 -0.004963 0.000000 40.255306 0.004963 0.999988 0.000000 4.416918 0.000000 0.000000 1.000000 0.000000
1.000000 0.000044 0.000000 42.283540 -0.000044 1.000000 0.000000 4.369191 0.000000 0.000000 1.000000 0.000000
0.999990 0.004562 0.000000 44.363427 -0.004562 0.999990 0.000000 4.341744 0.000000 0.000000 1.000000 0.000000
0.999963 0.008625 0.000000 46.470313 -0.008625 0.999963 0.000000 4.314539 0.000000 0.000000 1.000000 0.000000
0.999918 0.012793 0.000000 48.594673 -0.012793 0.999918 0.000000 4.321894 0.000000 0.000000 1.000000 0.000000
0.999843 0.017736 0.000000 50.721224 -0.017736 0.999843 0.000000 4.203715 0.000000 0.000000 1.000000 0.000000
0.999735 0.023014 0.000000 52.841118 -0.023014 0.999735 0.000000 4.131840 0.000000 0.000000 1.000000 0.000000
0.999487 0.032038 0.000000 55.028833 -0.032038 0.999487 0.000000 4.093039 0.000000 0.000000 1.000000 0.000000
0.999267 0.038272 0.000000 57.172124 -0.038272 0.999267 0.000000 3.974022 0.000000 0.000000 1.000000 0.000000
0.999334 0.036500 0.000000 59.335151 -0.036500 0.999334 0.000000 3.862099 0.000000 0.000000 1.000000 0.000000
0.999528 0.030711 0.000000 61.506434 -0.030711 0.999528 0.000000 3.770645 0.000000 0.000000 1.000000 0.000000
0.999759 0.021957 0.000000 63.720756 -0.021957 0.999759 0.000000 3.693229 0.000000 0.000000 1.000000 0.000000
0.999965 0.008419 0.000000 65.925600 -0.008419 0.999965 0.000000 3.645501 0.000000 0.000000 1.000000 0.000000
0.999983 -0.005876 0.000000 68.130066 0.005876 0.999983 0.000000 3.642927 0.000000 0.000000 1.000000 0.000000
0.999722 -0.023564 0.000000 70.421122 0.023564 0.999722 0.000000 3.638156 0.000000 0.000000 1.000000 0.000000
0.999139 -0.041500 0.000000 72.626127 0.041500 0.999139 0.000000 3.864814 0.000000 0.000000 1.000000 0.000000
0.998201 -0.059956 0.000000 74.795576 0.059956 0.998201 0.000000 3.985196 0.000000 0.000000 1.000000 0.000000
0.997204 -0.074721 0.000000 77.025646 0.074721 0.997204 0.000000 4.129835 0.000000 0.000000 1.000000 0.000000
0.996369 -0.085139 0.000000 79.188595 0.085139 0.996369 0.000000 4.263061 0.000000 0.000000 1.000000 0.000000
0.995623 -0.093457 0.000000 81.392598 0.093457 0.995623 0.000000 4.486420 0.000000 0.000000 1.000000 0.000000
0.995195 -0.097916 0.000000 83.645165 0.097916 0.995195 0.000000 4.702559 0.000000 0.000000 1.000000 0.000000
0.994949 -0.100381 0.000000 85.801717 0.100381 0.994949 0.000000 4.925769 0.000000 0.000000 1.000000 0.000000
0.994856 -0.101300 0.000000 88.072426 0.101300 0.994856 0.000000 5.146432 0.000000 0.000000 1.000000 0.000000
0.995023 -0.099645 0.000000 90.239609 0.099645 0.995023 0.000000 5.324248 0.000000 0.000000 1.000000 0.000000
0.995258 -0.097272 0.000000 92.471777 0.097272 0.995258 0.000000 5.529433 0.000000 0.000000 1.000000 0.000000
0.995588 -0.093837 0.000000 94.680650 0.093837 0.995588 0.000000 5.761195 0.000000 0.000000 1.000000 0.000000
0.995812 -0.091425 0.000000 97.012788 0.091425 0.995812 0.000000 5.946087 0.000000 0.000000 1.000000 0.000000
0.995765 -0.091934 0.000000 99.253041 0.091934 0.995765 0.000000 6.097602 0.000000 0.000000 1.000000 0.000000
0.995755 -0.092040 0.000000 101.493879 0.092040 0.995755 0.000000 6.295003 0.000000 0.000000 1.000000 0.000000
0.996153 -0.087630 0.000000 103.704104 0.087630 0.996153 0.000000 6.533846 0.000000 0.000000 1.000000 0.000000
0.996937 -0.078214 0.000000 105.910394 0.078214 0.996937 0.000000 6.738629 0.000000 0.000000 1.000000 0.000000
0.997818 -0.066031 0.000000 108.254538 0.066031 0.997818 0.000000 6.872583 0.000000 0.000000 1.000000 0.000000
0.998645 -0.052036 0.000000 110.582771 0.052036 0.998645 0.000000 6.981076 0.000000 0.000000 1.000000 0.000000
0.999164 -0.040884 0.000000 112.876576 0.040884 0.999164 0.000000 7.033989 0.000000 0.000000 1.000000 0.000000
0.999522 -0.030924 0.000000 115.250544 0.030924 0.999522 0.000000 7.089558 0.000000 0.000000 1.000000 0.000000
0.999620 -0.027562 0.000000 117.654465 0.027562 0.999620 0.000000 7.168313 0.000000 0.000000 1.000000 0.000000
0.999666 -0.025862 0.000000 120.110989 0.025862 0.999666 0.000000 7.209143 0.000000 0.000000 1.000000 0.000000
0.999676 -0.025470 0.000000 122.636337 0.025470 0.999676 0.000000 7.277216 0.000000 0.000000 1.000000 0.000000
0.999698 -0.024589 0.000000 125.036364 0.024589 0.999698 0.000000 7.343720 0.000000 0.000000 1.000000 0.000000
0.999725 -0.023449 0.000000 127.526532 0.023449 0.999725 0.000000 7.391457 0.000000 0.000000 1.000000 0.000000
0.999684 -0.025123 0.000000 129.943269 0.025123 0.999684 0.000000 7.480046 0.000000 0.000000 1.000000 0.000000
0.999597 -0.028372 0.000000 132.350843 0.028372 0.999597 0.000000 7.570923 0.000000 0.000000 1.000000 0.000000
0.999518 -0.031040 0.000000 134.746338 0.031040 0.999518 0.000000 7.648516 0.000000 0.000000 1.000000 0.000000
0.999470 -0.032569 0.000000 137.158059 0.032569 0.999470 0.000000 7.690545 0.000000 0.000000 1.000000 0.000000
0.999372 -0.035429 0.000000 139.562530 0.035429 0.999372 0.000000 7.761895 0.000000 0.000000 1.000000 0.000000
0.999282 -0.037901 0.000000 141.952938 0.037901 0.999282 0.000000 7.862016 0.000000 0.000000 1.000000 0.000000
0.999174 -0.040639 0.000000 144.314847 0.040639 0.999174 0.000000 7.965797 0.000000 0.000000 1.000000 0.000000
0.999076 -0.042969 0.000000 146.686166 0.042969 0.999076 0.000000 8.075046 0.000000 0.000000 1.000000 0.000000
0.999047 -0.043645 0.000000 149.055959 0.043645 0.999047 0.000000 8.126883 0.000000 0.000000 1.000000 0.000000
0.999054 -0.043476 0.000000 151.460666 0.043476 0.999054 0.000000 8.233450 0.000000 0.000000 1.000000 0.000000
0.999087 -0.042727 0.000000 153.822116 0.042727 0.999087 0.000000 8.336919 0.000000 0.000000 1.000000 0.000000
0.999132 -0.041650 0.000000 156.214694 0.041650 0.999132 0.000000 8.418433 0.000000 0.000000 1.000000 0.000000
0.999147 -0.041296 0.000000 158.579908 0.041296 0.999147 0.000000 8.495950 0.000000 0.000000 1.000000 0.000000
0.999128 -0.041750 0.000000 160.975432 0.041750 0.999128 0.000000 8.576342 0.000000 0.000000 1.000000 0.000000
0.999077 -0.042949 0.000000 163.375654 0.042949 0.999077 0.000000 8.677591 0.000000 0.000000 1.000000 0.000000
0.998977 -0.045219 0.000000 165.666071 0.045219 0.998977 0.000000 8.757076 0.000000 0.000000 1.000000 0.000000
0.998887 -0.047158 0.000000 168.022476 0.047158 0.998887 0.000000 8.888554 0.000000 0.000000 1.000000 0.000000
0.998813 -0.048712 0.000000 170.351461 0.048712 0.998813 0.000000 8.997142 0.000000 0.000000 1.000000 0.000000
0.998743 -0.050128 0.000000 172.632167 0.050128 0.998743 0.000000 9.126986 0.000000 0.000000 1.000000 0.000000
0.998613 -0.052646 0.000000 174.846843 0.052646 0.998613 0.000000 9.258431 0.000000 0.000000 1.000000 0.000000
0.998420 -0.056191 0.000000 177.035382 0.056191 0.998420 0.000000 9.398242 0.000000 0.000000 1.000000 0.000000
0.998267 -0.058851 0.000000 179.217446 0.058851 0.998267 0.000000 9.525998 0.000000 0.000000 1.000000 0.000000
0.998077 -0.061993 0.000000 181.419190 0.061993 0.998077 0.000000 9.661682 0.000000 0.000000 1.000000 0.000000
0.997952 -0.063970 0.000000 183.573376 0.063970 0.997952 0.000000 9.779341 0.000000 0.000000 1.000000 0.000000
0.997823 -0.065942 0.000000 185.748910 0.065942 0.997823 0.000000 9.953648 0.000000 0.000000 1.000000 0.000000
0.997636 -0.068715 0.000000 187.857003 0.068715 0.997636 0.000000 10.075222 0.000000 0.000000 1.000000 0.000000
0.997413 -0.071886 0.000000 189.976794 0.071886 0.997413 0.000000 10.228213 0.000000 0.000000 1.000000 0.000000
0.996916 -0.078481 0.000000 192.154779 0.078481 0.996916 0.000000 10.421569 0.000000 0.000000 1.000000 0.000000
0.996379 -0.085021 0.000000 194.324962 0.085021 0.996379 0.000000 10.559377 0.000000 0.000000 1.000000 0.000000
0.995467 -0.095107 0.000000 196.354448 0.095107 0.995467 0.000000 10.688212 0.000000 0.000000 1.000000 0.000000
0.994688 -0.102935 0.000000 198.428506 0.102935 0.994688 0.000000 10.925498 0.000000 0.000000 1.000000 0.000000
0.993700 -0.112072 0.000000 200.587241 0.112072 0.993700 0.000000 11.109479 0.000000 0.000000 1.000000 0.000000
0.992920 -0.118788 0.000000 202.631866 0.118788 0.992920 0.000000 11.366485 0.000000 0.000000 1.000000 0.000000
0.992028 -0.126021 0.000000 204.660920 0.126021 0.992028 0.000000 11.649783 0.000000 0.000000 1.000000 0.000000
0.991044 -0.133539 0.000000 206.640299 0.133539 0.991044 0.000000 11.904721 0.000000 0.000000 1.000000 0.000000
0.990261 -0.139221 0.000000 208.649467 0.139221 0.990261 0.000000 12.155885 0.000000 0.000000 1.000000 0.000000
0.989256 -0.146195 0.000000 210.740404 0.146195 0.989256 0.000000 12.503324 0.000000 0.000000 1.000000 0.000000
0.988380 -0.152004 0.000000 212.841632 0.152004 0.988380 0.000000 12.843192 0.000000 0.000000 1.000000 0.000000
0.988028 -0.154275 0.000000 214.865297 0.154275 0.988028 0.000000 13.193628 0.000000 0.000000 1.000000 0.000000
0.988398 -0.151885 0.000000 216.894608 0.151885 0.988398 0.000000 13.482701 0.000000 0.000000 1.000000 0.000000
0.988726 -0.149737 0.000000 218.979893 0.149737 0.988726 0.000000 13.815265 0.000000 0.000000 1.000000 0.000000
0.988913 -0.148498 0.000000 221.067190 0.148498 0.988913 0.000000 14.100686 0.000000 0.000000 1.000000 0.000000
0.988677 -0.150057 0.000000 223.100039 0.150057 0.988677 0.000000 14.409719 0.000000 0.000000 1.000000 0.000000
0.988809 -0.149185 0.000000 225.144894 0.149185 0.988809 0.000000 14.756895 0.000000 0.000000 1.000000 0.000000
0.988739 -0.149652 0.000000 227.157346 0.149652 0.988739 0.000000 15.016020 0.000000 0.000000 1.000000 0.000000
0.988548 -0.150908 0.000000 229.180493 0.150908 0.988548 0.000000 15.351883 0.000000 0.000000 1.000000 0.000000
0.988303 -0.152505 0.000000 231.175117 0.152505 0.988303 0.000000 15.691103 0.000000 0.000000 1.000000 0.000000
0.988094 -0.153852 0.000000 233.201388 0.153852 0.988094 0.000000 15.981690 0.000000 0.000000 1.000000 0.000000
0.987513 -0.157535 0.000000 235.172333 0.157535 0.987513 0.000000 16.236147 0.000000 0.000000 1.000000 0.000000
0.987011 -0.160653 0.000000 237.179595 0.160653 0.987011 0.000000 16.557929 0.000000 0.000000 1.000000 0.000000
0.986567 -0.163358 0.000000 239.123674 0.163358 0.986567 0.000000 16.914171 0.000000 0.000000 1.000000 0.000000
0.986081 -0.166268 0.000000 241.093537 0.166268 0.986081 0.000000 17.228815 0.000000 0.000000 1.000000 0.000000
0.985578 -0.169224 0.000000 243.055467 0.169224 0.985578 0.000000 17.550407 0.000000 0.000000 1.000000 0.000000
0.985363 -0.170468 0.000000 244.918212 0.170468 0.985363 0.000000 17.917920 0.000000 0.000000 1.000000 0.000000
0.985031 -0.172377 0.000000 246.872647 0.172377 0.985031 0.000000 18.259159 0.000000 0.000000 1.000000 0.000000
0.984548 -0.175114 0.000000 248.594841 0.175114 0.984548 0.000000 18.602454 0.000000 0.000000 1.000000 0.000000
0.984188 -0.177129 0.000000 250.498921 0.177129 0.984188 0.000000 18.926067 0.000000 0.000000 1.000000 0.000000
0.983829 -0.179109 0.000000 252.405343 0.179109 0.983829 0.000000 19.233200 0.000000 0.000000 1.000000 0.000000
0.983509 -0.180860 0.000000 254.313702 0.180860 0.983509 0.000000 19.538351 0.000000 0.000000 1.000000 0.000000
0.983201 -0.182526 0.000000 256.167718 0.182526 0.983201 0.000000 19.929074 0.000000 0.000000 1.000000 0.000000
0.982934 -0.183958 0.000000 258.042251 0.183958 0.982934 0.000000 20.290704 0.000000 0.000000 1.000000 0.000000
0.982766 -0.184856 0.000000 259.856406 0.184856 0.982766 0.000000 20.635907 0.000000 0.000000 1.000000 0.000000
0.982681 -0.185305 0.000000 261.668635 0.185305 0.982681 0.000000 20.950303 0.000000 0.000000 1.000000 0.000000
0.982491 -0.186310 0.000000 263.576217 0.186310 0.982491 0.000000 21.305129 0.000000 0.000000 1.000000 0.000000
0.982425 -0.186658 0.000000 265.347421 0.186658 0.982425 0.000000 21.616771 0.000000 0.000000 1.000000 0.000000
0.982558 -0.185955 0.000000 267.176899 0.185955 0.982558 0.000000 21.956691 0.000000 0.000000 1.000000 0.000000
0.982789 -0.184729 0.000000 268.973156 0.184729 0.982789 0.000000 22.299234 0.000000 0.000000 1.000000 0.000000
0.983377 -0.181578 0.000000 270.777767 0.181578 0.983377 0.000000 22.640371 0.000000 0.000000 1.000000 0.000000
0.984358 -0.176181 0.000000 272.591297 0.176181 0.984358 0.000000 22.973813 0.000000 0.000000 1.000000 0.000000
0.985290 -0.170893 0.000000 274.468544 0.170893 0.985290 0.000000 23.314276 0.000000 0.000000 1.000000 0.000000
0.986127 -0.165992 0.000000 276.324989 0.165992 0.986127 0.000000 23.531518 0.000000 0.000000 1.000000 0.000000
0.987047 -0.160432 0.000000 278.150116 0.160432 0.987047 0.000000 23.848649 0.000000 0.000000 1.000000 0.000000
0.987867 -0.155300 0.000000 280.010304 0.155300 0.987867 0.000000 24.125638 0.000000 0.000000 1.000000 0.000000
0.988638 -0.150317 0.000000 281.891069 0.150317 0.988638 0.000000 24.417596 0.000000 0.000000 1.000000 0.000000
0.989114 -0.147148 0.000000 283.767261 0.147148 0.989114 0.000000 24.660853 0.000000 0.000000 1.000000 0.000000
0.989998 -0.141081 0.000000 285.632589 0.141081 0.989998 0.000000 24.934198 0.000000 0.000000 1.000000 0.000000
0.990619 -0.136651 0.000000 287.566228 0.136651 0.990619 0.000000 25.190534 0.000000 0.000000 1.000000 0.000000
0.990998 -0.133880 0.000000 289.426613 0.133880 0.990998 0.000000 25.430458 0.000000 0.000000 1.000000 0.000000
0.991449 -0.130494 0.000000 291.314387 0.130494 0.991449 0.000000 25.659651 0.000000 0.000000 1.000000 0.000000
0.991957 -0.126575 0.000000 293.228919 0.126575 0.991957 0.000000 25.882661 0.000000 0.000000 1.000000 0.000000
0.992518 -0.122099 0.000000 295.196518 0.122099 0.992518 0.000000 26.128852 0.000000 0.000000 1.000000 0.000000
0.993359 -0.115054 0.000000 297.180662 0.115054 0.993359 0.000000 26.334133 0.000000 0.000000 1.000000 0.000000
0.993873 -0.110527 0.000000 299.181572 0.110527 0.993873 0.000000 26.509483 0.000000 0.000000 1.000000 0.000000
0.994341 -0.106232 0.000000 301.210214 0.106232 0.994341 0.000000 26.713734 0.000000 0.000000 1.000000 0.000000
0.994696 -0.102856 0.000000 303.318664 0.102856 0.994696 0.000000 26.946173 0.000000 0.000000 1.000000 0.000000
0.994941 -0.100458 0.000000 305.377729 0.100458 0.994941 0.000000 27.153421 0.000000 0.000000 1.000000 0.000000
0.995080 -0.099079 0.000000 307.426903 0.099079 0.995080 0.000000 27.350614 0.000000 0.000000 1.000000 0.000000
0.994965 -0.100222 0.000000 309.485246 0.100222 0.994965 0.000000 27.532246 0.000000 0.000000 1.000000 0.000000
0.994893 -0.100938 0.000000 311.662227 0.100938 0.994893 0.000000 27.762119 0.000000 0.000000 1.000000 0.000000
0.994780 -0.102039 0.000000 313.736258 0.102039 0.994780 0.000000 27.967436 0.000000 0.000000 1.000000 0.000000
0.994820 -0.101652 0.000000 315.862112 0.101652 0.994820 0.000000 28.192663 0.000000 0.000000 1.000000 0.000000
0.994980 -0.100078 0.000000 317.932969 0.100078 0.994980 0.000000 28.369795 0.000000 0.000000 1.000000 0.000000
0.995201 -0.097849 0.000000 320.050910 0.097849 0.995201 0.000000 28.514937 0.000000 0.000000 1.000000 0.000000
0.995434 -0.095455 0.000000 322.146504 0.095455 0.995434 0.000000 28.716615 0.000000 0.000000 1.000000 0.000000
0.995941 -0.090011 0.000000 324.205777 0.090011 0.995941 0.000000 28.926690 0.000000 0.000000 1.000000 0.000000
0.996668 -0.081562 0.000000 326.248352 0.081562 0.996668 0.000000 29.047978 0.000000 0.000000 1.000000 0.000000
0.997412 -0.071893 0.000000 328.370316 0.071893 0.997412 0.000000 29.191994 0.000000 0.000000 1.000000 0.000000
0.998130 -0.061121 0.000000 330.432636 0.061121 0.998130 0.000000 29.273337 0.000000 0.000000 1.000000 0.000000
0.998643 -0.052088 0.000000 332.480765 0.052088 0.998643 0.000000 29.411742 0.000000 0.000000 1.000000 0.000000
0.999128 -0.041759 0.000000 334.615492 0.041759 0.999128 0.000000 29.468451 0.000000 0.000000 1.000000 0.000000
0.999529 -0.030684 0.000000 336.734754 0.030684 0.999529 0.000000 29.490781 0.000000 0.000000 1.000000 0.000000
0.999757 -0.022027 0.000000 338.910171 0.022027 0.999757 0.000000 29.516553 0.000000 0.000000 1.000000 0.000000
0.999903 -0.013949 0.000000 341.021394 0.013949 0.999903 0.000000 29.592468 0.000000 0.000000 1.000000 0.000000
0.999957 -0.009239 0.000000 343.178039 0.009239 0.999957 0.000000 29.583055 0.000000 0.000000 1.000000 0.000000
0.999982 -0.006018 0.000000 345.337702 0.006018 0.999982 0.000000 29.561606 0.000000 0.000000 1.000000 0.000000
0.999999 -0.001491 0.000000 347.523761 0.001491 0.999999 0.000000 29.540346 0.000000 0.000000 1.000000 0.000000
1.000000 -0.000799 0.000000 349.622404 0.000799 1.000000 0.000000 29.542721 0.000000 0.000000 1.000000 0.000000
0.999998 -0.001858 0.000000 351.827167 0.001858 0.999998 0.000000 29.510063 0.000000 0.000000 1.000000 0.000000
0.999998 -0.001796 0.000000 354.024965 0.001796 0.999998 0.000000 29.536149 0.000000 0.000000 1.000000 0.000000
0.999996 -0.002801 0.000000 356.190178 0.002801 0.999996 0.000000 29.541999 0.000000 0.000000 1.000000 0.000000
0.999991 -0.004252 0.000000 358.383979 0.004252 0.999991 0.000000 29.578780 0.000000 0.000000 1.000000 0.000000
0.999980 -0.006290 0.000000 360.546523 0.006290 0.999980 0.000000 29.564085 0.000000 0.000000 1.000000 0.000000
0.999954 -0.009635 0.000000 362.811285 0.009635 0.999954 0.000000 29.555090 0.000000 0.000000 1.000000 0.000000
0.999919 -0.012765 0.000000 364.951408 0.012765 0.999919 0.000000 29.566137 0.000000 0.000000 1.000000 0.000000
0.999848 -0.017419 0.000000 367.165889 0.017419 0.999848 0.000000 29.627664 0.000000 0.000000 1.000000 0.000000
0.999719 -0.023707 0.000000 369.317601 0.023707 0.999719 0.000000 29.664524 0.000000 0.000000 1.000000 0.000000
0.999643 -0.026717 0.000000 371.545939 0.026717 0.999643 0.000000 29.731838 0.000000 0.000000 1.000000 0.000000
0.999523 -0.030875 0.000000 373.768612 0.030875 0.999523 0.000000 29.819290 0.000000 0.000000 1.000000 0.000000
0.999359 -0.035809 0.000000 375.932789 0.035809 0.999359 0.000000 29.883015 0.000000 0.000000 1.000000 0.000000
0.999178 -0.040527 0.000000 378.164566 0.040527 0.999178 0.000000 29.932242 0.000000 0.000000 1.000000 0.000000
0.999034 -0.043933 0.000000 380.381702 0.043933 0.999034 0.000000 30.037512 0.000000 0.000000 1.000000 0.000000
0.998838 -0.048198 0.000000 382.607256 0.048198 0.998838 0.000000 30.143018 0.000000 0.000000 1.000000 0.000000
0.998636 -0.052214 0.000000 384.728425 0.052214 0.998636 0.000000 30.250193 0.000000 0.000000 1.000000 0.000000
0.998592 -0.053048 0.000000 386.862899 0.053048 0.998592 0.000000 30.347802 0.000000 0.000000 1.000000 0.000000
0.998634 -0.052245 0.000000 389.032253 0.052245 0.998634 0.000000 30.486578 0.000000 0.000000 1.000000 0.000000
0.998625 -0.052426 0.000000 391.152030 0.052426 0.998625 0.000000 30.562640 0.000000 0.000000 1.000000 0.000000
0.998640 -0.052144 0.000000 393.269263 0.052144 0.998640 0.000000 30.686038 0.000000 0.000000 1.000000 0.000000
0.998608 -0.052744 0.000000 395.383422 0.052744 0.998608 0.000000 30.794165 0.000000 0.000000 1.000000 0.000000
0.998585 -0.053173 0.000000 397.523252 0.053173 0.998585 0.000000 30.871413 0.000000 0.000000 1.000000 0.000000
0.998555 -0.053738 0.000000 399.645378 0.053738 0.998555 0.000000 30.963370 0.000000 0.000000 1.000000 0.000000
0.998432 -0.055983 0.000000 401.795374 0.055983 0.998432 0.000000 31.064285 0.000000 0.000000 1.000000 0.000000
0.998268 -0.058824 0.000000 403.851844 0.058824 0.998268 0.000000 31.194198 0.000000 0.000000 1.000000 0.000000
0.998108 -0.061489 0.000000 405.898422 0.061489 0.998108 0.000000 31.299242 0.000000 0.000000 1.000000 0.000000
0.998049 -0.062441 0.000000 408.003937 0.062441 0.998049 0.000000 31.431000 0.000000 0.000000 1.000000 0.000000
0.997803 -0.066246 0.000000 409.985750 0.066246 0.997803 0.000000 31.545353 0.000000 0.000000 1.000000 0.000000
0.997734 -0.067283 0.000000 411.986794 0.067283 0.997734 0.000000 31.683810 0.000000 0.000000 1.000000 0.000000
0.997647 -0.068565 0.000000 414.005668 0.068565 0.997647 0.000000 31.770858 0.000000 0.000000 1.000000 0.000000
0.997593 -0.069342 0.000000 415.969368 0.069342 0.997593 0.000000 31.900145 0.000000 0.000000 1.000000 0.000000
0.997553 -0.069918 0.000000 417.894459 0.069918 0.997553 0.000000 32.043327 0.000000 0.000000 1.000000 0.000000
0.997544 -0.070047 0.000000 419.701373 0.070047 0.997544 0.000000 32.185948 0.000000 0.000000 1.000000 0.000000
0.997662 -0.068335 0.000000 421.497184 0.068335 0.997662 0.000000 32.262096 0.000000 0.000000 1.000000 0.000000
0.997736 -0.067257 0.000000 423.257572 0.067257 0.997736 0.000000 32.345773 0.000000 0.000000 1.000000 0.000000
0.997779 -0.066609 0.000000 424.891345 0.066609 0.997779 0.000000 32.454737 0.000000 0.000000 1.000000 0.000000
0.997733 -0.067290 0.000000 426.530765 0.067290 0.997733 0.000000 32.554349 0.000000 0.000000 1.000000 0.000000
0.997622 -0.068923 0.000000 428.091589 0.068923 0.997622 0.000000 32.631140 0.000000 0.000000 1.000000 0.000000
0.997584 -0.069470 0.000000 429.584405 0.069470 0.997584 0.000000 32.718641 0.000000 0.000000 1.000000 0.000000
0.997522 -0.070358 0.000000 431.063794 0.070358 0.997522 0.000000 32.822569 0.000000 0.000000 1.000000 0.000000
0.997663 -0.068331 0.000000 432.424024 0.068331 0.997663 0.000000 32.910318 0.000000 0.000000 1.000000 0.000000
0.997826 -0.065901 0.000000 433.737485 0.065901 0.997826 0.000000 33.010650 0.000000 0.000000 1.000000 0.000000
0.998068 -0.062125 0.000000 434.944337 0.062125 0.998068 0.000000 33.057249 0.000000 0.000000 1.000000 0.000000
0.998516 -0.054456 0.000000 436.079204 0.054456 0.998516 0.000000 33.091299 0.000000 0.000000 1.000000 0.000000
0.998947 -0.045871 0.000000 437.093465 0.045871 0.998947 0.000000 33.115912 0.000000 0.000000 1.000000 0.000000
0.999628 -0.027272 0.000000 438.146058 0.027272 0.999628 0.000000 33.118697 0.000000 0.000000 1.000000 0.000000
0.999992 0.003977 0.000000 439.081855 -0.003977 0.999992 0.000000 33.080498 0.000000 0.000000 1.000000 0.000000
0.999124 0.041859 0.000000 440.039531 -0.041859 0.999124 0.000000 32.969425 0.000000 0.000000 1.000000 0.000000
0.996306 0.085873 0.000000 441.002042 -0.085873 0.996306 0.000000 32.901426 0.000000 0.000000 1.000000 0.000000
0.990430 0.138019 0.000000 441.917912 -0.138019 0.990430 0.000000 32.738148 0.000000 0.000000 1.000000 0.000000
0.980268 0.197674 0.000000 442.802345 -0.197674 0.980268 0.000000 32.531508 0.000000 0.000000 1.000000 0.000000
0.965011 0.262211 0.000000 443.710022 -0.262211 0.965011 0.000000 32.262293 0.000000 0.000000 1.000000 0.000000
0.943815 0.330474 0.000000 444.548760 -0.330474 0.943815 0.000000 31.895873 0.000000 0.000000 1.000000 0.000000
0.916686 0.399608 0.000000 445.379930 -0.399608 0.916686 0.000000 31.435225 0.000000 0.000000 1.000000 0.000000
0.883369 0.468678 0.000000 446.113018 -0.468678 0.883369 0.000000 30.949035 0.000000 0.000000 1.000000 0.000000
0.846735 0.532016 0.000000 446.798143 -0.532016 0.846735 0.000000 30.412682 0.000000 0.000000 1.000000 0.000000
0.806974 0.590586 0.000000 447.419242 -0.590586 0.806974 0.000000 29.895601 0.000000 0.000000 1.000000 0.000000
0.764873 0.644181 0.000000 447.991614 -0.644181 0.764873 0.000000 29.411155 0.000000 0.000000 1.000000 0.000000
0.720766 0.693178 0.000000 448.374678 -0.693178 0.720766 0.000000 28.923908 0.000000 0.000000 1.000000 0.000000
0.678090 0.734979 0.000000 448.690005 -0.734979 0.678090 0.000000 28.429894 0.000000 0.000000 1.000000 0.000000
0.640730 0.767766 0.000000 448.945563 -0.767766 0.640730 0.000000 28.033856 0.000000 0.000000 1.000000 0.000000
0.609291 0.792946 0.000000 449.137403 -0.792946 0.609291 0.000000 27.772218 0.000000 0.000000 1.000000 0.000000
