0.999970 -0.007786 0.000000 1.393113 0.007786 0.999970 0.000000 -0.405827 0.000000 0.000000 1.000000 0.000000
0.999913 -0.013212 0.000000 3.712214 0.013212 0.999913 0.000000 -0.310134 0.000000 0.000000 1.000000 0.000000
0.999839 -0.017937 0.000000 5.606710 0.017937 0.999839 0.000000 -0.219717 0.000000 0.000000 1.000000 0.000000
0.999706 -0.024245 0.000000 7.812535 0.024245 0.999706 0.000000 -0.163221 0.000000 0.000000 1.000000 0.000000
0.999532 -0.030582 0.000000 10.312432 0.030582 0.999532 0.000000 -0.086796 0.000000 0.000000 1.000000 0.000000
0.999390 -0.034928 0.000000 13.001628 0.034928 0.999390 0.000000 0.029403 0.000000 0.000000 1.000000 0.000000
0.999344 -0.036226 0.000000 14.552748 0.036226 0.999344 0.000000 0.069074 0.000000 0.000000 1.000000 0.000000
0.999272 -0.038141 0.000000 16.128351 0.038141 0.999272 0.000000 0.168883 0.000000 0.000000 1.000000 0.000000
0.999201 -0.039972 0.000000 17.706797 0.039972 0.999201 0.000000 0.250070 0.000000 0.000000 1.000000 0.000000
0.999298 -0.037460 0.000000 19.418795 0.037460 0.999298 0.000000 0.374635 0.000000 0.000000 1.000000 0.000000
0.999338 -0.036372 0.000000 21.219928 0.036372 0.999338 0.000000 0.381848 0.000000 0.000000 1.000000 0.000000
0.999500 -0.031631 0.000000 23.019034 0.031631 0.999500 0.000000 0.471000 0.000000 0.000000 1.000000 0.000000
0.999587 -0.028722 0.000000 24.903222 0.028722 0.999587 0.000000 0.504130 0.000000 0.000000 1.000000 0.000000
0.999738 -0.022906 0.000000 26.871971 0.022906 0.999738 0.000000 0.588248 0.000000 0.000000 1.000000 0.000000
0.999795 -0.020267 0.000000 28.862602 0.020267 0.999795 0.000000 0.605771 0.000000 0.000000 1.000000 0.000000
0.999806 -0.019700 0.000000 30.958004 0.019700 0.999806 0.000000 0.631890 0.000000 0.000000 1.000000 0.000000
0.999796 -0.020220 0.000000 33.133979 0.020220 0.999796 0.000000 0.698506 0.000000 0.000000 1.000000 0.000000
0.999773 -0.021301 0.000000 35.308056 0.021301 0.999773 0.000000 0.693353 0.000000 0.000000 1.000000 0.000000
0.999738 -0.022898 0.000000 37.556039 0.022898 0.999738 0.000000 0.762975 0.000000 0.000000 1.000000 0.000000
0.999649 -0.026485 0.000000 39.853970 0.026485 0.999649 0.000000 0.814019 0.000000 0.000000 1.000000 0.000000
0.999508 -0.031374 0.000000 42.195937 0.031374 0.999508 0.000000 0.902458 0.000000 0.000000 1.000000 0.000000
0.999281 -0.037915 0.000000 44.612122 0.037915 0.999281 0.000000 0.959347 0.000000 0.000000 1.000000 0.000000
0.998913 -0.046622 0.000000 47.091577 0.046622 0.998913 0.000000 1.080489 0.000000 0.000000 1.000000 0.000000
0.998383 -0.056848 0.000000 49.545021 0.056848 0.998383 0.000000 1.194333 0.000000 0.000000 1.000000 0.000000
0.997724 -0.067433 0.000000 52.106933 0.067433 0.997724 0.000000 1.411128 0.000000 0.000000 1.000000 0.000000
0.996682 -0.081392 0.000000 54.735008 0.081392 0.996682 0.000000 1.585299 0.000000 0.000000 1.000000 0.000000
0.995583 -0.093882 0.000000 57.414572 0.093882 0.995583 0.000000 1.894103 0.000000 0.000000 1.000000 0.000000
0.994237 -0.107200 0.000000 60.087034 0.107200 0.994237 0.000000 2.142575 0.000000 0.000000 1.000000 0.000000
0.992998 -0.118129 0.000000 62.811096 0.118129 0.992998 0.000000 2.505314 0.000000 0.000000 1.000000 0.000000
0.992218 -0.124514 0.000000 65.603420 0.124514 0.992218 0.000000 2.883776 0.000000 0.000000 1.000000 0.000000
0.991589 -0.129425 0.000000 68.447438 0.129425 0.991589 0.000000 3.204956 0.000000 0.000000 1.000000 0.000000
0.991276 -0.131800 0.000000 71.314716 0.131800 0.991276 0.000000 3.605814 0.000000 0.000000 1.000000 0.000000
0.991423 -0.130696 0.000000 74.247856 0.130696 0.991423 0.000000 4.003045 0.000000 0.000000 1.000000 0.000000
0.992180 -0.124813 0.000000 77.241985 0.124813 0.992180 0.000000 4.367946 0.000000 0.000000 1.000000 0.000000
0.992737 -0.120307 0.000000 80.207859 0.120307 0.992737 0.000000 4.606786 0.000000 0.000000 1.000000 0.000000
0.993500 -0.113831 0.000000 83.382378 0.113831 0.993500 0.000000 5.036704 0.000000 0.000000 1.000000 0.000000
0.994135 -0.108147 0.000000 86.432704 0.108147 0.994135 0.000000 5.371426 0.000000 0.000000 1.000000 0.000000
0.994754 -0.102298 0.000000 89.478523 0.102298 0.994754 0.000000 5.674117 0.000000 0.000000 1.000000 0.000000
0.995229 -0.097563 0.000000 92.702369 0.097563 0.995229 0.000000 5.963130 0.000000 0.000000 1.000000 0.000000
0.995367 -0.096148 0.000000 95.888903 0.096148 0.995367 0.000000 6.284768 0.000000 0.000000 1.000000 0.000000
0.995701 -0.092622 0.000000 99.046507 0.092622 0.995701 0.000000 6.560519 0.000000 0.000000 1.000000 0.000000
0.995777 -0.091807 0.000000 102.189391 0.091807 0.995777 0.000000 6.845881 0.000000 0.000000 1.000000 0.000000
0.995992 -0.089447 0.000000 105.487326 0.089447 0.995992 0.000000 7.234279 0.000000 0.000000 1.000000 0.000000
0.995956 -0.089838 0.000000 108.583774 0.089838 0.995956 0.000000 7.464477 0.000000 0.000000 1.000000 0.000000
0.996195 -0.087152 0.000000 111.778947 0.087152 0.996195 0.000000 7.775127 0.000000 0.000000 1.000000 0.000000
0.996364 -0.085196 0.000000 114.936672 0.085196 0.996364 0.000000 7.983937 0.000000 0.000000 1.000000 0.000000
0.996664 -0.081612 0.000000 118.031565 0.081612 0.996664 0.000000 8.310476 0.000000 0.000000 1.000000 0.000000
0.996749 -0.080571 0.000000 121.159803 0.080571 0.996749 0.000000 8.586751 0.000000 0.000000 1.000000 0.000000
0.996620 -0.082149 0.000000 124.285628 0.082149 0.996620 0.000000 8.799584 0.000000 0.000000 1.000000 0.000000
0.996513 -0.083434 0.000000 127.431266 0.083434 0.996513 0.000000 9.117557 0.000000 0.000000 1.000000 0.000000
0.996370 -0.085128 0.000000 130.555382 0.085128 0.996370 0.000000 9.366645 0.000000 0.000000 1.000000 0.000000
0.996366 -0.085178 0.000000 133.633484 0.085178 0.996366 0.000000 9.629515 0.000000 0.000000 1.000000 0.000000
0.996385 -0.084955 0.000000 136.780965 0.084955 0.996385 0.000000 9.945959 0.000000 0.000000 1.000000 0.000000
0.996595 -0.082450 0.000000 139.908191 0.082450 0.996595 0.000000 10.171410 0.000000 0.000000 1.000000 0.000000
0.996769 -0.080322 0.000000 142.994520 0.080322 0.996769 0.000000 10.460949 0.000000 0.000000 1.000000 0.000000
0.996749 -0.080568 0.000000 146.047137 0.080568 0.996749 0.000000 10.754808 0.000000 0.000000 1.000000 0.000000
0.996648 -0.081808 0.000000 149.203684 0.081808 0.996648 0.000000 10.959266 0.000000 0.000000 1.000000 0.000000
0.996671 -0.081526 0.000000 152.308863 0.081526 0.996671 0.000000 11.253646 0.000000 0.000000 1.000000 0.000000
0.996701 -0.081159 0.000000 155.438487 0.081159 0.996701 0.000000 11.514433 0.000000 0.000000 1.000000 0.000000
0.996979 -0.077670 0.000000 158.524365 0.077670 0.996979 0.000000 11.727650 0.000000 0.000000 1.000000 0.000000
0.997021 -0.077133 0.000000 161.601743 0.077133 0.997021 0.000000 12.039770 0.000000 0.000000 1.000000 0.000000
0.997012 -0.077241 0.000000 164.634255 0.077241 0.997012 0.000000 12.288147 0.000000 0.000000 1.000000 0.000000
0.996826 -0.079611 0.000000 167.778850 0.079611 0.996826 0.000000 12.505985 0.000000 0.000000 1.000000 0.000000
0.996792 -0.080040 0.000000 170.809221 0.080040 0.996792 0.000000 12.769153 0.000000 0.000000 1.000000 0.000000
0.996702 -0.081152 0.000000 173.906955 0.081152 0.996702 0.000000 13.045916 0.000000 0.000000 1.000000 0.000000
0.996732 -0.080775 0.000000 177.020409 0.080775 0.996732 0.000000 13.344411 0.000000 0.000000 1.000000 0.000000
0.996612 -0.082243 0.000000 180.088211 0.082243 0.996612 0.000000 13.595512 0.000000 0.000000 1.000000 0.000000
0.996633 -0.081997 0.000000 183.174266 0.081997 0.996633 0.000000 13.916022 0.000000 0.000000 1.000000 0.000000
0.996604 -0.082339 0.000000 186.286833 0.082339 0.996604 0.000000 14.124309 0.000000 0.000000 1.000000 0.000000
0.996690 -0.081297 0.000000 189.439066 0.081297 0.996690 0.000000 14.430881 0.000000 0.000000 1.000000 0.000000
0.996835 -0.079501 0.000000 192.495183 0.079501 0.996835 0.000000 14.728212 0.000000 0.000000 1.000000 0.000000
0.996890 -0.078804 0.000000 195.635993 0.078804 0.996890 0.000000 14.967551 0.000000 0.000000 1.000000 0.000000
0.997038 -0.076908 0.000000 198.742935 0.076908 0.997038 0.000000 15.218571 0.000000 0.000000 1.000000 0.000000
0.997094 -0.076185 0.000000 201.865922 0.076185 0.997094 0.000000 15.478435 0.000000 0.000000 1.000000 0.000000
0.996836 -0.079482 0.000000 205.006430 0.079482 0.996836 0.000000 15.789858 0.000000 0.000000 1.000000 0.000000
0.996618 -0.082169 0.000000 208.143958 0.082169 0.996618 0.000000 16.061907 0.000000 0.000000 1.000000 0.000000
0.996618 -0.082173 0.000000 211.273695 0.082173 0.996618 0.000000 16.338214 0.000000 0.000000 1.000000 0.000000
0.996628 -0.082047 0.000000 214.410421 0.082047 0.996628 0.000000 16.622516 0.000000 0.000000 1.000000 0.000000
0.996701 -0.081157 0.000000 217.523615 0.081157 0.996701 0.000000 16.876555 0.000000 0.000000 1.000000 0.000000
0.996749 -0.080574 0.000000 220.633204 0.080574 0.996749 0.000000 17.147718 0.000000 0.000000 1.000000 0.000000
0.996889 -0.078820 0.000000 223.735446 0.078820 0.996889 0.000000 17.411233 0.000000 0.000000 1.000000 0.000000
0.997149 -0.075457 0.000000 226.832887 0.075457 0.997149 0.000000 17.735424 0.000000 0.000000 1.000000 0.000000
0.997506 -0.070585 0.000000 229.935908 0.070585 0.997506 0.000000 17.936705 0.000000 0.000000 1.000000 0.000000
0.997639 -0.068680 0.000000 232.892659 0.068680 0.997639 0.000000 18.155711 0.000000 0.000000 1.000000 0.000000
0.997641 -0.068648 0.000000 235.907263 0.068648 0.997641 0.000000 18.372447 0.000000 0.000000 1.000000 0.000000
0.997745 -0.067118 0.000000 238.947138 0.067118 0.997745 0.000000 18.583309 0.000000 0.000000 1.000000 0.000000
0.997559 -0.069831 0.000000 241.958543 0.069831 0.997559 0.000000 18.835288 0.000000 0.000000 1.000000 0.000000
0.997507 -0.070571 0.000000 245.026462 0.070571 0.997507 0.000000 19.052633 0.000000 0.000000 1.000000 0.000000
0.997418 -0.071810 0.000000 248.085090 0.071810 0.997418 0.000000 19.293112 0.000000 0.000000 1.000000 0.000000
0.997412 -0.071893 0.000000 251.104448 0.071893 0.997412 0.000000 19.559476 0.000000 0.000000 1.000000 0.000000
0.997097 -0.076136 0.000000 254.160088 0.076136 0.997097 0.000000 19.809853 0.000000 0.000000 1.000000 0.000000
0.996741 -0.080674 0.000000 257.227915 0.080674 0.996741 0.000000 20.029240 0.000000 0.000000 1.000000 0.000000
0.996370 -0.085125 0.000000 260.336871 0.085125 0.996370 0.000000 20.230467 0.000000 0.000000 1.000000 0.000000
0.996185 -0.087270 0.000000 263.344141 0.087270 0.996185 0.000000 20.582053 0.000000 0.000000 1.000000 0.000000
0.996133 -0.087854 0.000000 266.361635 0.087854 0.996133 0.000000 20.807476 0.000000 0.000000 1.000000 0.000000
0.996377 -0.085046 0.000000 269.397175 0.085046 0.996377 0.000000 21.031183 0.000000 0.000000 1.000000 0.000000
0.996615 -0.082213 0.000000 272.315684 0.082213 0.996615 0.000000 21.300327 0.000000 0.000000 1.000000 0.000000
0.996854 -0.079265 0.000000 275.255435 0.079265 0.996854 0.000000 21.546403 0.000000 0.000000 1.000000 0.000000
0.996962 -0.077893 0.000000 278.197929 0.077893 0.996962 0.000000 21.789157 0.000000 0.000000 1.000000 0.000000
0.997037 -0.076918 0.000000 281.115840 0.076918 0.997037 0.000000 21.958657 0.000000 0.000000 1.000000 0.000000
0.997008 -0.077301 0.000000 284.050655 0.077301 0.997008 0.000000 22.245615 0.000000 0.000000 1.000000 0.000000
0.997071 -0.076479 0.000000 286.986976 0.076479 0.997071 0.000000 22.474165 0.000000 0.000000 1.000000 0.000000
0.997116 -0.075896 0.000000 289.936087 0.075896 0.997116 0.000000 22.707428 0.000000 0.000000 1.000000 0.000000
0.997140 -0.075578 0.000000 292.871405 0.075578 0.997140 0.000000 22.897476 0.000000 0.000000 1.000000 0.000000
0.997284 -0.073650 0.000000 295.767517 0.073650 0.997284 0.000000 23.175380 0.000000 0.000000 1.000000 0.000000
0.997294 -0.073520 0.000000 298.673094 0.073520 0.997294 0.000000 23.362517 0.000000 0.000000 1.000000 0.000000
0.997334 -0.072976 0.000000 301.606600 0.072976 0.997334 0.000000 23.635898 0.000000 0.000000 1.000000 0.000000
0.997318 -0.073185 0.000000 304.558853 0.073185 0.997318 0.000000 23.871993 0.000000 0.000000 1.000000 0.000000
0.997414 -0.071865 0.000000 307.493482 0.071865 0.997414 0.000000 24.035174 0.000000 0.000000 1.000000 0.000000
0.997443 -0.071460 0.000000 310.547808 0.071460 0.997443 0.000000 24.356902 0.000000 0.000000 1.000000 0.000000
0.997379 -0.072350 0.000000 313.571428 0.072350 0.997379 0.000000 24.568330 0.000000 0.000000 1.000000 0.000000
0.997247 -0.074147 0.000000 316.620984 0.074147 0.997247 0.000000 24.865790 0.000000 0.000000 1.000000 0.000000
0.997209 -0.074656 0.000000 319.690380 0.074656 0.997209 0.000000 25.068309 0.000000 0.000000 1.000000 0.000000
0.997232 -0.074357 0.000000 322.824108 0.074357 0.997232 0.000000 25.299205 0.000000 0.000000 1.000000 0.000000
0.997169 -0.075199 0.000000 325.921988 0.075199 0.997169 0.000000 25.615329 0.000000 0.000000 1.000000 0.000000
0.997174 -0.075133 0.000000 329.065602 0.075133 0.997174 0.000000 25.936165 0.000000 0.000000 1.000000 0.000000
0.997198 -0.074801 0.000000 332.224401 0.074801 0.997198 0.000000 26.138906 0.000000 0.000000 1.000000 0.000000
0.997216 -0.074561 0.000000 335.467835 0.074561 0.997216 0.000000 26.370276 0.000000 0.000000 1.000000 0.000000
0.997174 -0.075124 0.000000 338.754373 0.075124 0.997174 0.000000 26.637005 0.000000 0.000000 1.000000 0.000000
0.997152 -0.075416 0.000000 342.023298 0.075416 0.997152 0.000000 26.887579 0.000000 0.000000 1.000000 0.000000
0.997062 -0.076605 0.000000 345.319541 0.076605 0.997062 0.000000 27.105829 0.000000 0.000000 1.000000 0.000000
0.997052 -0.076726 0.000000 348.609793 0.076726 0.997052 0.000000 27.412927 0.000000 0.000000 1.000000 0.000000
0.997002 -0.077381 0.000000 351.992989 0.077381 0.997002 0.000000 27.675824 0.000000 0.000000 1.000000 0.000000
0.996925 -0.078367 0.000000 355.355733 0.078367 0.996925 0.000000 27.953489 0.000000 0.000000 1.000000 0.000000
0.996940 -0.078165 0.000000 358.788602 0.078165 0.996940 0.000000 28.224140 0.000000 0.000000 1.000000 0.000000
0.996949 -0.078055 0.000000 362.238232 0.078055 0.996949 0.000000 28.490689 0.000000 0.000000 1.000000 0.000000
0.996978 -0.077690 0.000000 365.723895 0.077690 0.996978 0.000000 28.804345 0.000000 0.000000 1.000000 0.000000
0.997075 -0.076431 0.000000 369.171872 0.076431 0.997075 0.000000 29.068544 0.000000 0.000000 1.000000 0.000000
0.997126 -0.075764 0.000000 372.739033 0.075764 0.997126 0.000000 29.291295 0.000000 0.000000 1.000000 0.000000
0.997211 -0.074635 0.000000 376.258196 0.074635 0.997211 0.000000 29.685366 0.000000 0.000000 1.000000 0.000000
0.997282 -0.073681 0.000000 379.831555 0.073681 0.997282 0.000000 29.989253 0.000000 0.000000 1.000000 0.000000
0.997340 -0.072895 0.000000 383.401529 0.072895 0.997340 0.000000 30.227266 0.000000 0.000000 1.000000 0.000000
0.997422 -0.071762 0.000000 387.047995 0.071762 0.997422 0.000000 30.539422 0.000000 0.000000 1.000000 0.000000
0.997435 -0.071581 0.000000 390.620980 0.071581 0.997435 0.000000 30.763540 0.000000 0.000000 1.000000 0.000000
0.997359 -0.072628 0.000000 394.248756 0.072628 0.997359 0.000000 31.074362 0.000000 0.000000 1.000000 0.000000
0.997363 -0.072578 0.000000 397.898781 0.072578 0.997363 0.000000 31.299088 0.000000 0.000000 1.000000 0.000000
0.997314 -0.073249 0.000000 401.459886 0.073249 0.997314 0.000000 31.607888 0.000000 0.000000 1.000000 0.000000
0.997345 -0.072816 0.000000 405.098262 0.072816 0.997345 0.000000 31.944034 0.000000 0.000000 1.000000 0.000000
0.997329 -0.073042 0.000000 408.686753 0.073042 0.997329 0.000000 32.215449 0.000000 0.000000 1.000000 0.000000
0.997190 -0.074914 0.000000 412.289459 0.074914 0.997190 0.000000 32.453839 0.000000 0.000000 1.000000 0.000000
0.996973 -0.077754 0.000000 415.885330 0.077754 0.996973 0.000000 32.761067 0.000000 0.000000 1.000000 0.000000
0.996776 -0.080239 0.000000 419.537748 0.080239 0.996776 0.000000 33.067956 0.000000 0.000000 1.000000 0.000000
0.996764 -0.080381 0.000000 423.177933 0.080381 0.996764 0.000000 33.368645 0.000000 0.000000 1.000000 0.000000
0.996880 -0.078931 0.000000 426.802048 0.078931 0.996880 0.000000 33.661748 0.000000 0.000000 1.000000 0.000000
0.996893 -0.078767 0.000000 430.451977 0.078767 0.996893 0.000000 33.908222 0.000000 0.000000 1.000000 0.000000
0.996924 -0.078370 0.000000 434.135092 0.078370 0.996924 0.000000 34.225179 0.000000 0.000000 1.000000 0.000000
0.996958 -0.077940 0.000000 437.749748 0.077940 0.996958 0.000000 34.504885 0.000000 0.000000 1.000000 0.000000
0.996961 -0.077898 0.000000 441.399990 0.077898 0.996961 0.000000 34.860980 0.000000 0.000000 1.000000 0.000000
0.997037 -0.076925 0.000000 445.094568 0.076925 0.997037 0.000000 35.099163 0.000000 0.000000 1.000000 0.000000
0.997066 -0.076541 0.000000 448.738378 0.076541 0.997066 0.000000 35.347163 0.000000 0.000000 1.000000 0.000000
0.997137 -0.075613 0.000000 452.434090 0.075613 0.997137 0.000000 35.663330 0.000000 0.000000 1.000000 0.000000
0.997246 -0.074158 0.000000 456.174079 0.074158 0.997246 0.000000 35.997008 0.000000 0.000000 1.000000 0.000000
0.997332 -0.073000 0.000000 459.845385 0.073000 0.997332 0.000000 36.245625 0.000000 0.000000 1.000000 0.000000
0.997195 -0.074845 0.000000 463.610294 0.074845 0.997195 0.000000 36.517760 0.000000 0.000000 1.000000 0.000000
0.997280 -0.073705 0.000000 467.309269 0.073705 0.997280 0.000000 36.845579 0.000000 0.000000 1.000000 0.000000
0.997177 -0.075089 0.000000 471.021757 0.075089 0.997177 0.000000 37.100621 0.000000 0.000000 1.000000 0.000000
0.997076 -0.076417 0.000000 474.788165 0.076417 0.997076 0.000000 37.446775 0.000000 0.000000 1.000000 0.000000
0.996947 -0.078083 0.000000 478.512492 0.078083 0.996947 0.000000 37.713095 0.000000 0.000000 1.000000 0.000000
0.996812 -0.079789 0.000000 482.260541 0.079789 0.996812 0.000000 38.048813 0.000000 0.000000 1.000000 0.000000
0.996663 -0.081630 0.000000 486.034014 0.081630 0.996663 0.000000 38.294383 0.000000 0.000000 1.000000 0.000000
0.996583 -0.082596 0.000000 489.765005 0.082596 0.996583 0.000000 38.688342 0.000000 0.000000 1.000000 0.000000
0.996558 -0.082893 0.000000 493.493909 0.082893 0.996558 0.000000 38.961933 0.000000 0.000000 1.000000 0.000000
0.996578 -0.082663 0.000000 497.144797 0.082663 0.996578 0.000000 39.352874 0.000000 0.000000 1.000000 0.000000
0.996792 -0.080030 0.000000 500.814997 0.080030 0.996792 0.000000 39.634062 0.000000 0.000000 1.000000 0.000000
0.996841 -0.079423 0.000000 504.442312 0.079423 0.996841 0.000000 39.935707 0.000000 0.000000 1.000000 0.000000
0.996855 -0.079247 0.000000 508.096327 0.079247 0.996855 0.000000 40.252176 0.000000 0.000000 1.000000 0.000000
0.996811 -0.079804 0.000000 511.718842 0.079804 0.996811 0.000000 40.581815 0.000000 0.000000 1.000000 0.000000
0.996861 -0.079175 0.000000 515.368283 0.079175 0.996861 0.000000 40.926939 0.000000 0.000000 1.000000 0.000000
0.996898 -0.078707 0.000000 518.937781 0.078707 0.996898 0.000000 41.202708 0.000000 0.000000 1.000000 0.000000
0.996839 -0.079448 0.000000 522.523428 0.079448 0.996839 0.000000 41.508867 0.000000 0.000000 1.000000 0.000000
0.996752 -0.080531 0.000000 526.146899 0.080531 0.996752 0.000000 41.858817 0.000000 0.000000 1.000000 0.000000
0.996664 -0.081618 0.000000 529.771508 0.081618 0.996664 0.000000 42.211842 0.000000 0.000000 1.000000 0.000000
0.996632 -0.082008 0.000000 533.368632 0.082008 0.996632 0.000000 42.498109 0.000000 0.000000 1.000000 0.000000
0.996587 -0.082546 0.000000 536.989010 0.082546 0.996587 0.000000 42.836627 0.000000 0.000000 1.000000 0.000000
0.996455 -0.084126 0.000000 540.599050 0.084126 0.996455 0.000000 43.122183 0.000000 0.000000 1.000000 0.000000
0.996582 -0.082614 0.000000 544.167334 0.082614 0.996582 0.000000 43.507140 0.000000 0.000000 1.000000 0.000000
0.996494 -0.083662 0.000000 547.808578 0.083662 0.996494 0.000000 43.801599 0.000000 0.000000 1.000000 0.000000
0.996394 -0.084845 0.000000 551.450106 0.084845 0.996394 0.000000 44.101624 0.000000 0.000000 1.000000 0.000000
0.996462 -0.084045 0.000000 555.067029 0.084045 0.996462 0.000000 44.402564 0.000000 0.000000 1.000000 0.000000
0.996583 -0.082602 0.000000 558.708505 0.082602 0.996583 0.000000 44.719005 0.000000 0.000000 1.000000 0.000000
0.996610 -0.082275 0.000000 562.299996 0.082275 0.996610 0.000000 45.045915 0.000000 0.000000 1.000000 0.000000
0.996663 -0.081621 0.000000 565.986466 0.081621 0.996663 0.000000 45.365300 0.000000 0.000000 1.000000 0.000000
0.996672 -0.081517 0.000000 569.595394 0.081517 0.996672 0.000000 45.634400 0.000000 0.000000 1.000000 0.000000
0.996608 -0.082297 0.000000 573.214438 0.082297 0.996608 0.000000 45.966308 0.000000 0.000000 1.000000 0.000000
0.996574 -0.082711 0.000000 576.852939 0.082711 0.996574 0.000000 46.249533 0.000000 0.000000 1.000000 0.000000
0.996497 -0.083625 0.000000 580.569379 0.083625 0.996497 0.000000 46.571666 0.000000 0.000000 1.000000 0.000000
0.996463 -0.084034 0.000000 584.231412 0.084034 0.996463 0.000000 46.885191 0.000000 0.000000 1.000000 0.000000
0.996472 -0.083927 0.000000 587.900178 0.083927 0.996472 0.000000 47.234819 0.000000 0.000000 1.000000 0.000000
0.996687 -0.081338 0.000000 591.632821 0.081338 0.996687 0.000000 47.585520 0.000000 0.000000 1.000000 0.000000
0.996674 -0.081494 0.000000 595.349391 0.081494 0.996674 0.000000 47.906521 0.000000 0.000000 1.000000 0.000000
0.997134 -0.075657 0.000000 599.089466 0.075657 0.997134 0.000000 48.207070 0.000000 0.000000 1.000000 0.000000
0.997136 -0.075633 0.000000 602.831673 0.075633 0.997136 0.000000 48.520560 0.000000 0.000000 1.000000 0.000000
0.997104 -0.076049 0.000000 606.572705 0.076049 0.997104 0.000000 48.773366 0.000000 0.000000 1.000000 0.000000
0.996982 -0.077634 0.000000 610.331416 0.077634 0.996982 0.000000 49.111192 0.000000 0.000000 1.000000 0.000000
0.996816 -0.079735 0.000000 614.077606 0.079735 0.996816 0.000000 49.399541 0.000000 0.000000 1.000000 0.000000
0.996732 -0.080780 0.000000 617.860959 0.080780 0.996732 0.000000 49.693393 0.000000 0.000000 1.000000 0.000000
0.996589 -0.082530 0.000000 621.583208 0.082530 0.996589 0.000000 49.930695 0.000000 0.000000 1.000000 0.000000
0.996480 -0.083835 0.000000 625.324765 0.083835 0.996480 0.000000 50.273214 0.000000 0.000000 1.000000 0.000000
0.996586 -0.082556 0.000000 629.105423 0.082556 0.996586 0.000000 50.619592 0.000000 0.000000 1.000000 0.000000
0.996736 -0.080724 0.000000 632.927797 0.080724 0.996736 0.000000 50.886646 0.000000 0.000000 1.000000 0.000000
0.996808 -0.079836 0.000000 636.667494 0.079836 0.996808 0.000000 51.183213 0.000000 0.000000 1.000000 0.000000
0.996864 -0.079134 0.000000 640.484159 0.079134 0.996864 0.000000 51.486169 0.000000 0.000000 1.000000 0.000000
0.996833 -0.079528 0.000000 644.252965 0.079528 0.996833 0.000000 51.790745 0.000000 0.000000 1.000000 0.000000
0.996887 -0.078838 0.000000 648.078388 0.078838 0.996887 0.000000 52.107131 0.000000 0.000000 1.000000 0.000000
0.996636 -0.081961 0.000000 651.803940 0.081961 0.996636 0.000000 52.370883 0.000000 0.000000 1.000000 0.000000
0.996524 -0.083310 0.000000 655.542436 0.083310 0.996524 0.000000 52.679110 0.000000 0.000000 1.000000 0.000000
0.996506 -0.083524 0.000000 659.319247 0.083524 0.996506 0.000000 53.075942 0.000000 0.000000 1.000000 0.000000
0.996389 -0.084905 0.000000 662.991937 0.084905 0.996389 0.000000 53.422208 0.000000 0.000000 1.000000 0.000000
0.996249 -0.086532 0.000000 666.719688 0.086532 0.996249 0.000000 53.778831 0.000000 0.000000 1.000000 0.000000
0.996266 -0.086332 0.000000 670.367189 0.086332 0.996266 0.000000 54.110026 0.000000 0.000000 1.000000 0.000000
0.996438 -0.084324 0.000000 674.084747 0.084324 0.996438 0.000000 54.492954 0.000000 0.000000 1.000000 0.000000
0.996502 -0.083569 0.000000 677.835868 0.083569 0.996502 0.000000 54.824338 0.000000 0.000000 1.000000 0.000000
0.996532 -0.083210 0.000000 681.579907 0.083210 0.996532 0.000000 55.151955 0.000000 0.000000 1.000000 0.000000
0.996574 -0.082708 0.000000 685.294082 0.082708 0.996574 0.000000 55.409417 0.000000 0.000000 1.000000 0.000000
0.996593 -0.082471 0.000000 689.022226 0.082471 0.996593 0.000000 55.735252 0.000000 0.000000 1.000000 0.000000
0.996457 -0.084101 0.000000 692.822138 0.084101 0.996457 0.000000 56.000795 0.000000 0.000000 1.000000 0.000000
0.996551 -0.082978 0.000000 696.602191 0.082978 0.996551 0.000000 56.323155 0.000000 0.000000 1.000000 0.000000
0.996682 -0.081399 0.000000 700.287266 0.081399 0.996682 0.000000 56.608488 0.000000 0.000000 1.000000 0.000000
0.996685 -0.081352 0.000000 703.980175 0.081352 0.996685 0.000000 57.002232 0.000000 0.000000 1.000000 0.000000
0.996650 -0.081789 0.000000 707.739972 0.081789 0.996650 0.000000 57.240355 0.000000 0.000000 1.000000 0.000000
0.996669 -0.081552 0.000000 711.402681 0.081552 0.996669 0.000000 57.571733 0.000000 0.000000 1.000000 0.000000
0.996640 -0.081910 0.000000 715.129080 0.081910 0.996640 0.000000 57.861400 0.000000 0.000000 1.000000 0.000000
0.996559 -0.082885 0.000000 718.884687 0.082885 0.996559 0.000000 58.170031 0.000000 0.000000 1.000000 0.000000
0.996472 -0.083927 0.000000 722.625380 0.083927 0.996472 0.000000 58.473280 0.000000 0.000000 1.000000 0.000000
0.996416 -0.084588 0.000000 726.349090 0.084588 0.996416 0.000000 58.768431 0.000000 0.000000 1.000000 0.000000
0.996388 -0.084919 0.000000 730.015460 0.084919 0.996388 0.000000 59.135377 0.000000 0.000000 1.000000 0.000000
0.996532 -0.083208 0.000000 733.753236 0.083208 0.996532 0.000000 59.464132 0.000000 0.000000 1.000000 0.000000
0.996596 -0.082440 0.000000 737.463025 0.082440 0.996596 0.000000 59.712949 0.000000 0.000000 1.000000 0.000000
0.996620 -0.082151 0.000000 741.182303 0.082151 0.996620 0.000000 60.047211 0.000000 0.000000 1.000000 0.000000
0.996562 -0.082847 0.000000 744.865497 0.082847 0.996562 0.000000 60.362737 0.000000 0.000000 1.000000 0.000000
0.996473 -0.083919 0.000000 748.637469 0.083919 0.996473 0.000000 60.691903 0.000000 0.000000 1.000000 0.000000
0.996421 -0.084534 0.000000 752.321820 0.084534 0.996421 0.000000 60.997745 0.000000 0.000000 1.000000 0.000000
0.996391 -0.084880 0.000000 756.055267 0.084880 0.996391 0.000000 61.306705 0.000000 0.000000 1.000000 0.000000
0.996394 -0.084852 0.000000 759.705808 0.084852 0.996394 0.000000 61.697829 0.000000 0.000000 1.000000 0.000000
0.996493 -0.083674 0.000000 763.455518 0.083674 0.996493 0.000000 62.011435 0.000000 0.000000 1.000000 0.000000
0.996429 -0.084435 0.000000 767.236653 0.084435 0.996429 0.000000 62.327651 0.000000 0.000000 1.000000 0.000000
0.996416 -0.084594 0.000000 770.913017 0.084594 0.996416 0.000000 62.645996 0.000000 0.000000 1.000000 0.000000
0.996366 -0.085180 0.000000 774.662786 0.085180 0.996366 0.000000 62.865135 0.000000 0.000000 1.000000 0.000000
0.996347 -0.085399 0.000000 778.397158 0.085399 0.996347 0.000000 63.249604 0.000000 0.000000 1.000000 0.000000
0.996325 -0.085656 0.000000 782.204036 0.085656 0.996325 0.000000 63.510063 0.000000 0.000000 1.000000 0.000000
0.996460 -0.084070 0.000000 785.854471 0.084070 0.996460 0.000000 63.919531 0.000000 0.000000 1.000000 0.000000
0.996252 -0.086498 0.000000 789.567914 0.086498 0.996252 0.000000 64.137888 0.000000 0.000000 1.000000 0.000000
0.996181 -0.087312 0.000000 793.385596 0.087312 0.996181 0.000000 64.436132 0.000000 0.000000 1.000000 0.000000
0.996317 -0.085742 0.000000 797.083079 0.085742 0.996317 0.000000 64.797242 0.000000 0.000000 1.000000 0.000000
0.996497 -0.083625 0.000000 800.759518 0.083625 0.996497 0.000000 65.099827 0.000000 0.000000 1.000000 0.000000
0.996519 -0.083364 0.000000 804.515918 0.083364 0.996519 0.000000 65.411119 0.000000 0.000000 1.000000 0.000000
0.996436 -0.084353 0.000000 808.271793 0.084353 0.996436 0.000000 65.626450 0.000000 0.000000 1.000000 0.000000
0.996508 -0.083500 0.000000 811.976686 0.083500 0.996508 0.000000 66.038340 0.000000 0.000000 1.000000 0.000000
0.996587 -0.082552 0.000000 815.676424 0.082552 0.996587 0.000000 66.368028 0.000000 0.000000 1.000000 0.000000
0.996612 -0.082241 0.000000 819.448574 0.082241 0.996612 0.000000 66.678539 0.000000 0.000000 1.000000 0.000000
0.996636 -0.081958 0.000000 823.196439 0.081958 0.996636 0.000000 66.944835 0.000000 0.000000 1.000000 0.000000
0.996599 -0.082398 0.000000 826.958239 0.082398 0.996599 0.000000 67.316124 0.000000 0.000000 1.000000 0.000000
0.996464 -0.084026 0.000000 830.713689 0.084026 0.996464 0.000000 67.556555 0.000000 0.000000 1.000000 0.000000
0.996389 -0.084910 0.000000 834.483750 0.084910 0.996389 0.000000 67.886049 0.000000 0.000000 1.000000 0.000000
0.996428 -0.084447 0.000000 838.184740 0.084447 0.996428 0.000000 68.247769 0.000000 0.000000 1.000000 0.000000
0.996410 -0.084656 0.000000 841.926257 0.084656 0.996410 0.000000 68.535264 0.000000 0.000000 1.000000 0.000000
0.996359 -0.085260 0.000000 845.651736 0.085260 0.996359 0.000000 68.928936 0.000000 0.000000 1.000000 0.000000
0.996429 -0.084437 0.000000 849.343918 0.084437 0.996429 0.000000 69.157596 0.000000 0.000000 1.000000 0.000000
0.996259 -0.086416 0.000000 853.020487 0.086416 0.996259 0.000000 69.508631 0.000000 0.000000 1.000000 0.000000
0.996285 -0.086115 0.000000 856.810580 0.086115 0.996285 0.000000 69.820064 0.000000 0.000000 1.000000 0.000000
0.995937 -0.090049 0.000000 860.585040 0.090049 0.995937 0.000000 70.132945 0.000000 0.000000 1.000000 0.000000
0.996181 -0.087318 0.000000 864.352231 0.087318 0.996181 0.000000 70.439175 0.000000 0.000000 1.000000 0.000000
0.995848 -0.091029 0.000000 868.020984 0.091029 0.995848 0.000000 70.764898 0.000000 0.000000 1.000000 0.000000
0.996146 -0.087710 0.000000 871.687339 0.087710 0.996146 0.000000 71.045181 0.000000 0.000000 1.000000 0.000000
0.995906 -0.090391 0.000000 875.490476 0.090391 0.995906 0.000000 71.357765 0.000000 0.000000 1.000000 0.000000
0.995884 -0.090637 0.000000 879.140515 0.090637 0.995884 0.000000 71.752853 0.000000 0.000000 1.000000 0.000000
0.995961 -0.089791 0.000000 882.767649 0.089791 0.995961 0.000000 72.099249 0.000000 0.000000 1.000000 0.000000
0.996125 -0.087949 0.000000 886.453506 0.087949 0.996125 0.000000 72.428951 0.000000 0.000000 1.000000 0.000000
0.996457 -0.084105 0.000000 890.065216 0.084105 0.996457 0.000000 72.809588 0.000000 0.000000 1.000000 0.000000
0.996296 -0.085987 0.000000 893.837549 0.085987 0.996296 0.000000 73.138553 0.000000 0.000000 1.000000 0.000000
0.996366 -0.085174 0.000000 897.508973 0.085174 0.996366 0.000000 73.512852 0.000000 0.000000 1.000000 0.000000
0.996258 -0.086425 0.000000 901.124817 0.086425 0.996258 0.000000 73.809496 0.000000 0.000000 1.000000 0.000000
0.996148 -0.087687 0.000000 904.882843 0.087687 0.996148 0.000000 74.131101 0.000000 0.000000 1.000000 0.000000
0.996308 -0.085856 0.000000 908.512156 0.085856 0.996308 0.000000 74.463575 0.000000 0.000000 1.000000 0.000000
0.996402 -0.084758 0.000000 912.257264 0.084758 0.996402 0.000000 74.750324 0.000000 0.000000 1.000000 0.000000
0.996470 -0.083955 0.000000 915.918400 0.083955 0.996470 0.000000 75.146901 0.000000 0.000000 1.000000 0.000000
0.996823 -0.079649 0.000000 919.613118 0.079649 0.996823 0.000000 75.393175 0.000000 0.000000 1.000000 0.000000
0.996671 -0.081528 0.000000 923.291926 0.081528 0.996671 0.000000 75.756238 0.000000 0.000000 1.000000 0.000000
0.996668 -0.081571 0.000000 926.940793 0.081571 0.996668 0.000000 75.928218 0.000000 0.000000 1.000000 0.000000
0.996521 -0.083338 0.000000 930.645826 0.083338 0.996521 0.000000 76.275908 0.000000 0.000000 1.000000 0.000000
0.996435 -0.084361 0.000000 934.320813 0.084361 0.996435 0.000000 76.508545 0.000000 0.000000 1.000000 0.000000
0.996439 -0.084317 0.000000 937.988814 0.084317 0.996439 0.000000 76.865925 0.000000 0.000000 1.000000 0.000000
0.996581 -0.082625 0.000000 941.621853 0.082625 0.996581 0.000000 77.224380 0.000000 0.000000 1.000000 0.000000
0.996649 -0.081796 0.000000 945.303236 0.081796 0.996649 0.000000 77.499893 0.000000 0.000000 1.000000 0.000000
0.996708 -0.081080 0.000000 949.053527 0.081080 0.996708 0.000000 77.819319 0.000000 0.000000 1.000000 0.000000
0.996784 -0.080141 0.000000 952.648333 0.080141 0.996784 0.000000 78.102405 0.000000 0.000000 1.000000 0.000000
0.996845 -0.079370 0.000000 956.326718 0.079370 0.996845 0.000000 78.364561 0.000000 0.000000 1.000000 0.000000
0.996976 -0.077716 0.000000 959.919097 0.077716 0.996976 0.000000 78.700771 0.000000 0.000000 1.000000 0.000000
0.997058 -0.076655 0.000000 963.637819 0.076655 0.997058 0.000000 78.970616 0.000000 0.000000 1.000000 0.000000
0.997525 -0.070310 0.000000 967.324673 0.070310 0.997525 0.000000 79.238320 0.000000 0.000000 1.000000 0.000000
0.997847 -0.065592 0.000000 970.988153 0.065592 0.997847 0.000000 79.454591 0.000000 0.000000 1.000000 0.000000
0.998205 -0.059883 0.000000 974.644935 0.059883 0.998205 0.000000 79.714410 0.000000 0.000000 1.000000 0.000000
0.998650 -0.051952 0.000000 978.300909 0.051952 0.998650 0.000000 79.940109 0.000000 0.000000 1.000000 0.000000
0.998960 -0.045591 0.000000 981.897474 0.045591 0.998960 0.000000 80.121096 0.000000 0.000000 1.000000 0.000000
0.999227 -0.039317 0.000000 985.561242 0.039317 0.999227 0.000000 80.227704 0.000000 0.000000 1.000000 0.000000
0.999544 -0.030199 0.000000 989.227513 0.030199 0.999544 0.000000 80.433435 0.000000 0.000000 1.000000 0.000000
0.999800 -0.019993 0.000000 992.915540 0.019993 0.999800 0.000000 80.547788 0.000000 0.000000 1.000000 0.000000
0.999923 -0.012377 0.000000 996.531192 0.012377 0.999923 0.000000 80.555573 0.000000 0.000000 1.000000 0.000000
0.999996 -0.002947 0.000000 1000.222940 0.002947 0.999996 0.000000 80.592809 0.000000 0.000000 1.000000 0.000000
0.999996 0.002666 0.000000 1003.875329 -0.002666 0.999996 -0.000000 80.622639 -0.000000 0.000000 1.000000 0.000000
0.999997 0.002297 0.000000 1007.539504 -0.002297 0.999997 -0.000000 80.566360 -0.000000 0.000000 1.000000 0.000000
0.999996 0.002673 0.000000 1011.230462 -0.002673 0.999996 -0.000000 80.574358 -0.000000 0.000000 1.000000 0.000000
0.999997 0.002411 0.000000 1014.814483 -0.002411 0.999997 -0.000000 80.563563 -0.000000 0.000000 1.000000 0.000000
0.999987 0.005007 0.000000 1018.454057 -0.005007 0.999987 -0.000000 80.645731 -0.000000 0.000000 1.000000 0.000000
0.999961 0.008823 0.000000 1022.102255 -0.008823 0.999961 -0.000000 80.563664 -0.000000 0.000000 1.000000 0.000000
0.999895 0.014463 0.000000 1025.790941 -0.014463 0.999895 -0.000000 80.543372 -0.000000 0.000000 1.000000 0.000000
0.999837 0.018036 0.000000 1029.433643 -0.018036 0.999837 -0.000000 80.494926 -0.000000 0.000000 1.000000 0.000000
0.999816 0.019161 0.000000 1033.038992 -0.019161 0.999816 -0.000000 80.386796 -0.000000 0.000000 1.000000 0.000000
0.999819 0.019002 0.000000 1036.663626 -0.019002 0.999819 -0.000000 80.331048 -0.000000 0.000000 1.000000 0.000000
0.999818 0.019097 0.000000 1040.344743 -0.019097 0.999818 -0.000000 80.271093 -0.000000 0.000000 1.000000 0.000000
0.999823 0.018802 0.000000 1043.950357 -0.018802 0.999823 -0.000000 80.227260 -0.000000 0.000000 1.000000 0.000000
0.999851 0.017258 0.000000 1047.596660 -0.017258 0.999851 -0.000000 80.136629 -0.000000 0.000000 1.000000 0.000000
0.999886 0.015074 0.000000 1051.223797 -0.015074 0.999886 -0.000000 80.080336 -0.000000 0.000000 1.000000 0.000000
0.999887 0.015020 0.000000 1054.787767 -0.015020 0.999887 -0.000000 80.047426 -0.000000 0.000000 1.000000 0.000000
0.999910 0.013422 0.000000 1058.473592 -0.013422 0.999910 -0.000000 80.015206 -0.000000 0.000000 1.000000 0.000000
0.999931 0.011729 0.000000 1062.036452 -0.011729 0.999931 -0.000000 79.999109 -0.000000 0.000000 1.000000 0.000000
0.999936 0.011310 0.000000 1065.708001 -0.011310 0.999936 -0.000000 79.933645 -0.000000 0.000000 1.000000 0.000000
0.999913 0.013207 0.000000 1069.280333 -0.013207 0.999913 -0.000000 79.871095 -0.000000 0.000000 1.000000 0.000000
0.999852 0.017185 0.000000 1072.878498 -0.017185 0.999852 -0.000000 79.838735 -0.000000 0.000000 1.000000 0.000000
0.999814 0.019288 0.000000 1076.529878 -0.019288 0.999814 -0.000000 79.770684 -0.000000 0.000000 1.000000 0.000000
0.999750 0.022353 0.000000 1080.109385 -0.022353 0.999750 -0.000000 79.703882 -0.000000 0.000000 1.000000 0.000000
0.999640 0.026815 0.000000 1083.736830 -0.026815 0.999640 -0.000000 79.654540 -0.000000 0.000000 1.000000 0.000000
0.999614 0.027795 0.000000 1087.346198 -0.027795 0.999614 -0.000000 79.554763 -0.000000 0.000000 1.000000 0.000000
0.999660 0.026085 0.000000 1090.947468 -0.026085 0.999660 -0.000000 79.502747 -0.000000 0.000000 1.000000 0.000000
0.999675 0.025505 0.000000 1094.512219 -0.025505 0.999675 -0.000000 79.449660 -0.000000 0.000000 1.000000 0.000000
0.999723 0.023549 0.000000 1098.111691 -0.023549 0.999723 -0.000000 79.309704 -0.000000 0.000000 1.000000 0.000000
0.999780 0.020969 0.000000 1101.712675 -0.020969 0.999780 -0.000000 79.251478 -0.000000 0.000000 1.000000 0.000000
0.999804 0.019818 0.000000 1105.343511 -0.019818 0.999804 -0.000000 79.186400 -0.000000 0.000000 1.000000 0.000000
0.999826 0.018653 0.000000 1108.926539 -0.018653 0.999826 -0.000000 79.147825 -0.000000 0.000000 1.000000 0.000000
0.999835 0.018147 0.000000 1112.471584 -0.018147 0.999835 -0.000000 79.095251 -0.000000 0.000000 1.000000 0.000000
0.999837 0.018069 0.000000 1116.090758 -0.018069 0.999837 -0.000000 79.060719 -0.000000 0.000000 1.000000 0.000000
0.999846 0.017557 0.000000 1119.704508 -0.017557 0.999846 -0.000000 79.002125 -0.000000 0.000000 1.000000 0.000000
0.999845 0.017632 0.000000 1123.255409 -0.017632 0.999845 -0.000000 78.965573 -0.000000 0.000000 1.000000 0.000000
0.999865 0.016441 0.000000 1126.794937 -0.016441 0.999865 -0.000000 78.861533 -0.000000 0.000000 1.000000 0.000000
0.999881 0.015437 0.000000 1130.407774 -0.015437 0.999881 -0.000000 78.829143 -0.000000 0.000000 1.000000 0.000000
0.999893 0.014657 0.000000 1133.973835 -0.014657 0.999893 -0.000000 78.764708 -0.000000 0.000000 1.000000 0.000000
0.999925 0.012269 0.000000 1137.536021 -0.012269 0.999925 -0.000000 78.715497 -0.000000 0.000000 1.000000 0.000000
0.999932 0.011667 0.000000 1141.083300 -0.011667 0.999932 -0.000000 78.694630 -0.000000 0.000000 1.000000 0.000000
0.999922 0.012530 0.000000 1144.648322 -0.012530 0.999922 -0.000000 78.676615 -0.000000 0.000000 1.000000 0.000000
0.999855 0.017037 0.000000 1148.232623 -0.017037 0.999855 -0.000000 78.637285 -0.000000 0.000000 1.000000 0.000000
0.999833 0.018293 0.000000 1151.775276 -0.018293 0.999833 -0.000000 78.525799 -0.000000 0.000000 1.000000 0.000000
0.999823 0.018801 0.000000 1155.323032 -0.018801 0.999823 -0.000000 78.507973 -0.000000 0.000000 1.000000 0.000000
0.999844 0.017675 0.000000 1158.838285 -0.017675 0.999844 -0.000000 78.457682 -0.000000 0.000000 1.000000 0.000000
0.999821 0.018908 0.000000 1162.390150 -0.018908 0.999821 -0.000000 78.367143 -0.000000 0.000000 1.000000 0.000000
0.999761 0.021864 0.000000 1165.889573 -0.021864 0.999761 -0.000000 78.297197 -0.000000 0.000000 1.000000 0.000000
0.999772 0.021361 0.000000 1169.426770 -0.021361 0.999772 -0.000000 78.206727 -0.000000 0.000000 1.000000 0.000000
0.999757 0.022025 0.000000 1172.986903 -0.022025 0.999757 -0.000000 78.137047 -0.000000 0.000000 1.000000 0.000000
0.999711 0.024050 0.000000 1176.552654 -0.024050 0.999711 -0.000000 78.075394 -0.000000 0.000000 1.000000 0.000000
0.999706 0.024243 0.000000 1180.075853 -0.024243 0.999706 -0.000000 77.955666 -0.000000 0.000000 1.000000 0.000000
0.999681 0.025274 0.000000 1183.608828 -0.025274 0.999681 -0.000000 77.913026 -0.000000 0.000000 1.000000 0.000000
0.999694 0.024748 0.000000 1187.137278 -0.024748 0.999694 -0.000000 77.804880 -0.000000 0.000000 1.000000 0.000000
0.999679 0.025328 0.000000 1190.623874 -0.025328 0.999679 -0.000000 77.739083 -0.000000 0.000000 1.000000 0.000000
0.999640 0.026843 0.000000 1194.227656 -0.026843 0.999640 -0.000000 77.666301 -0.000000 0.000000 1.000000 0.000000
0.999697 0.024617 0.000000 1197.705054 -0.024617 0.999697 -0.000000 77.628091 -0.000000 0.000000 1.000000 0.000000
0.999735 0.023014 0.000000 1201.217548 -0.023014 0.999735 -0.000000 77.576578 -0.000000 0.000000 1.000000 0.000000
0.999695 0.024707 0.000000 1204.695676 -0.024707 0.999695 -0.000000 77.439374 -0.000000 0.000000 1.000000 0.000000
