0.999925 0.012210 0.000000 -4.280876 -0.012210 0.999925 -0.000000 5.872565 -0.000000 0.000000 1.000000 0.000000 1547644183119935035

0.996027 -0.089050 0.000000 -2.517591 0.089050 0.996027 0.000000 5.997111 0.000000 0.000000 1.000000 0.000000 1547644203367811918

0.988958 -0.148194 0.000000 -0.747723 0.148194 0.988958 0.000000 6.256152 0.000000 0.000000 1.000000 0.000000 1547644204116427898

0.988049 -0.154142 0.000000 0.780062 0.154142 0.988049 0.000000 6.493333 0.000000 0.000000 1.000000 0.000000 1547644204615387916

0.989117 -0.147133 0.000000 2.663263 0.147133 0.989117 0.000000 6.692949 0.000000 0.000000 1.000000 0.000000 1547644205117986917

0.991778 -0.127966 0.000000 4.884354 0.127966 0.991778 0.000000 6.913856 0.000000 0.000000 1.000000 0.000000 1547644205619524955

0.995253 -0.097318 0.000000 7.378976 0.097318 0.995253 0.000000 7.166829 0.000000 0.000000 1.000000 0.000000 1547644206120997905

0.998439 -0.055853 0.000000 10.113148 0.055853 0.998439 0.000000 7.282049 0.000000 0.000000 1.000000 0.000000 1547644206621450901

0.999957 -0.009324 0.000000 13.032965 0.009324 0.999957 0.000000 7.281747 0.000000 0.000000 1.000000 0.000000 1547644207119359970

0.999786 0.020704 0.000000 16.027215 -0.020704 0.999786 -0.000000 7.091867 -0.000000 0.000000 1.000000 0.000000 1547644207616528034

0.999754 0.022200 0.000000 17.646439 -0.022200 0.999754 -0.000000 7.098841 -0.000000 0.000000 1.000000 0.000000 1547644207865180969

0.999818 0.019056 0.000000 19.224877 -0.019056 0.999818 -0.000000 7.029098 -0.000000 0.000000 1.000000 0.000000 1547644208115036964

0.999842 0.017754 0.000000 20.925459 -0.017754 0.999842 -0.000000 6.985628 -0.000000 0.000000 1.000000 0.000000 1547644208365072011

0.999861 0.016657 0.000000 22.569559 -0.016657 0.999861 -0.000000 6.955370 -0.000000 0.000000 1.000000 0.000000 1547644208615077972

0.999871 0.016092 0.000000 24.245956 -0.016092 0.999871 -0.000000 6.912853 -0.000000 0.000000 1.000000 0.000000 1547644208864320039

0.999878 0.015629 0.000000 25.933706 -0.015629 0.999878 -0.000000 6.894053 -0.000000 0.000000 1.000000 0.000000 1547644209113512039

0.999856 0.016964 0.000000 27.693564 -0.016964 0.999856 -0.000000 6.829643 -0.000000 0.000000 1.000000 0.000000 1547644209363364934

0.999862 0.016594 0.000000 29.445570 -0.016594 0.999862 -0.000000 6.787611 -0.000000 0.000000 1.000000 0.000000 1547644209613257884

0.999877 0.015668 0.000000 31.243450 -0.015668 0.999877 -0.000000 6.739343 -0.000000 0.000000 1.000000 0.000000 1547644209862865924

0.999859 0.016789 0.000000 33.104579 -0.016789 0.999859 -0.000000 6.695763 -0.000000 0.000000 1.000000 0.000000 1547644210112725019

0.999850 0.017295 0.000000 34.939602 -0.017295 0.999850 -0.000000 6.618604 -0.000000 0.000000 1.000000 0.000000 1547644210363410949

0.999821 0.018941 0.000000 36.862081 -0.018941 0.999821 -0.000000 6.544288 -0.000000 0.000000 1.000000 0.000000 1547644210615351915

0.999795 0.020250 0.000000 38.790269 -0.020250 0.999795 -0.000000 6.485038 -0.000000 0.000000 1.000000 0.000000 1547644210867117881

0.999782 0.020857 0.000000 40.737513 -0.020857 0.999782 -0.000000 6.424033 -0.000000 0.000000 1.000000 0.000000 1547644211117868900

0.999749 0.022403 0.000000 42.719371 -0.022403 0.999749 -0.000000 6.377281 -0.000000 0.000000 1.000000 0.000000 1547644211367883920

0.999733 0.023110 0.000000 44.737005 -0.023110 0.999733 -0.000000 6.321800 -0.000000 0.000000 1.000000 0.000000 1547644211618346929

0.999678 0.025364 0.000000 46.752727 -0.025364 0.999678 -0.000000 6.235031 -0.000000 0.000000 1.000000 0.000000 1547644211868854999

0.999643 0.026715 0.000000 48.792240 -0.026715 0.999643 -0.000000 6.161555 -0.000000 0.000000 1.000000 0.000000 1547644212118447065

0.999609 0.027955 0.000000 50.791390 -0.027955 0.999609 -0.000000 6.037987 -0.000000 0.000000 1.000000 0.000000 1547644212367770910

0.999564 0.029539 0.000000 52.941339 -0.029539 0.999564 -0.000000 5.992029 -0.000000 0.000000 1.000000 0.000000 1547644212616916894

0.999540 0.030331 0.000000 55.107920 -0.030331 0.999540 -0.000000 5.888799 -0.000000 0.000000 1.000000 0.000000 1547644212865835905

0.999494 0.031807 0.000000 57.225562 -0.031807 0.999494 -0.000000 5.769978 -0.000000 0.000000 1.000000 0.000000 1547644213114948034

0.999471 0.032530 0.000000 59.429793 -0.032530 0.999471 -0.000000 5.684647 -0.000000 0.000000 1.000000 0.000000 1547644213363579988

0.999438 0.033525 0.000000 61.704485 -0.033525 0.999438 -0.000000 5.567625 -0.000000 0.000000 1.000000 0.000000 1547644213612061977

0.999400 0.034641 0.000000 63.953699 -0.034641 0.999400 -0.000000 5.461988 -0.000000 0.000000 1.000000 0.000000 1547644213861630916

0.999397 0.034727 0.000000 66.207946 -0.034727 0.999397 -0.000000 5.343501 -0.000000 0.000000 1.000000 0.000000 1547644214111778974

0.999367 0.035564 0.000000 68.476527 -0.035564 0.999367 -0.000000 5.213761 -0.000000 0.000000 1.000000 0.000000 1547644214361677885

0.999368 0.035550 0.000000 70.813302 -0.035550 0.999368 -0.000000 5.087079 -0.000000 0.000000 1.000000 0.000000 1547644214611639022

0.999403 0.034557 0.000000 73.091738 -0.034557 0.999403 -0.000000 4.980657 -0.000000 0.000000 1.000000 0.000000 1547644214862739086

0.999393 0.034848 0.000000 75.463560 -0.034848 0.999393 -0.000000 4.828184 -0.000000 0.000000 1.000000 0.000000 1547644215114350080

0.999368 0.035540 0.000000 77.830188 -0.035540 0.999368 -0.000000 4.783317 -0.000000 0.000000 1.000000 0.000000 1547644215365495920

0.999368 0.035561 0.000000 80.266888 -0.035561 0.999368 -0.000000 4.634454 -0.000000 0.000000 1.000000 0.000000 1547644215616343021

0.999400 0.034640 0.000000 82.663420 -0.034640 0.999400 -0.000000 4.504369 -0.000000 0.000000 1.000000 0.000000 1547644215866777896

0.999468 0.032615 0.000000 84.979606 -0.032615 0.999468 -0.000000 4.394733 -0.000000 0.000000 1.000000 0.000000 1547644216116790056

0.999560 0.029665 0.000000 87.345999 -0.029665 0.999560 -0.000000 4.280173 -0.000000 0.000000 1.000000 0.000000 1547644216366565942

0.999663 0.025965 0.000000 89.738150 -0.025965 0.999663 -0.000000 4.188744 -0.000000 0.000000 1.000000 0.000000 1547644216616096973

0.999804 0.019796 0.000000 92.195851 -0.019796 0.999804 -0.000000 4.093935 -0.000000 0.000000 1.000000 0.000000 1547644216865292072

0.999933 0.011538 0.000000 94.643211 -0.011538 0.999933 -0.000000 4.045003 -0.000000 0.000000 1.000000 0.000000 1547644217114310979

0.999995 0.003212 0.000000 97.023956 -0.003212 0.999995 -0.000000 3.969699 -0.000000 0.000000 1.000000 0.000000 1547644217363368988

0.999998 -0.002032 0.000000 99.477103 0.002032 0.999998 0.000000 3.952753 0.000000 0.000000 1.000000 0.000000 1547644217612399101

0.999973 -0.007337 0.000000 101.868586 0.007337 0.999973 0.000000 3.894433 0.000000 0.000000 1.000000 0.000000 1547644217860843896

0.999934 -0.011479 0.000000 104.315710 0.011479 0.999934 0.000000 3.918349 0.000000 0.000000 1.000000 0.000000 1547644218109308958

0.999921 -0.012550 0.000000 106.785772 0.012550 0.999921 0.000000 3.886761 0.000000 0.000000 1.000000 0.000000 1547644218357974052

0.999939 -0.011063 0.000000 109.245378 0.011063 0.999939 0.000000 3.895343 0.000000 0.000000 1.000000 0.000000 1547644218607521057

0.999944 -0.010597 0.000000 111.717249 0.010597 0.999944 0.000000 3.851376 0.000000 0.000000 1.000000 0.000000 1547644218857661962

0.999954 -0.009565 0.000000 114.145485 0.009565 0.999954 0.000000 3.847439 0.000000 0.000000 1.000000 0.000000 1547644219107635974

0.999955 -0.009498 0.000000 116.573233 0.009498 0.999955 0.000000 3.845149 0.000000 0.000000 1.000000 0.000000 1547644219357393026

0.999966 -0.008219 0.000000 118.965763 0.008219 0.999966 0.000000 3.836252 0.000000 0.000000 1.000000 0.000000 1547644219606961965

0.999976 -0.006877 0.000000 121.334898 0.006877 0.999976 0.000000 3.812993 0.000000 0.000000 1.000000 0.000000 1547644219856543064

0.999972 -0.007483 0.000000 123.666024 0.007483 0.999972 0.000000 3.818656 0.000000 0.000000 1.000000 0.000000 1547644220106107950

0.999979 -0.006458 0.000000 125.976329 0.006458 0.999979 0.000000 3.852139 0.000000 0.000000 1.000000 0.000000 1547644220356658935

0.999979 -0.006440 0.000000 128.328538 0.006440 0.999979 0.000000 3.802303 0.000000 0.000000 1.000000 0.000000 1547644220608577013

0.999980 -0.006392 0.000000 130.585532 0.006392 0.999980 0.000000 3.780004 0.000000 0.000000 1.000000 0.000000 1547644220860341072

0.999982 -0.005978 0.000000 132.825359 0.005978 0.999982 0.000000 3.792210 0.000000 0.000000 1.000000 0.000000 1547644221111129999

0.999981 -0.006148 0.000000 135.019001 0.006148 0.999981 0.000000 3.740239 0.000000 0.000000 1.000000 0.000000 1547644221361654043

0.999979 -0.006476 0.000000 137.140869 0.006476 0.999979 0.000000 3.728192 0.000000 0.000000 1.000000 0.000000 1547644221612112998

0.999985 -0.005520 0.000000 139.219382 0.005520 0.999985 0.000000 3.733596 0.000000 0.000000 1.000000 0.000000 1547644221862543106

0.999983 -0.005822 0.000000 141.271519 0.005822 0.999983 0.000000 3.676759 0.000000 0.000000 1.000000 0.000000 1547644222112328052

0.999984 -0.005654 0.000000 143.286649 0.005654 0.999984 0.000000 3.636606 0.000000 0.000000 1.000000 0.000000 1547644222361484050

0.999983 -0.005802 0.000000 145.178732 0.005802 0.999983 0.000000 3.610337 0.000000 0.000000 1.000000 0.000000 1547644222610738039

0.999985 -0.005414 0.000000 147.044347 0.005414 0.999985 0.000000 3.604707 0.000000 0.000000 1.000000 0.000000 1547644222859759092

0.999986 -0.005250 0.000000 148.882316 0.005250 0.999986 0.000000 3.575318 0.000000 0.000000 1.000000 0.000000 1547644223108660936

0.999990 -0.004375 0.000000 150.657799 0.004375 0.999990 0.000000 3.602598 0.000000 0.000000 1.000000 0.000000 1547644223357600927

0.999992 -0.003886 0.000000 152.379388 0.003886 0.999992 0.000000 3.571163 0.000000 0.000000 1.000000 0.000000 1547644223605777025

0.999993 -0.003794 0.000000 153.997595 0.003794 0.999993 0.000000 3.550585 0.000000 0.000000 1.000000 0.000000 1547644223854677915

0.999994 -0.003322 0.000000 155.614821 0.003322 0.999994 0.000000 3.569946 0.000000 0.000000 1.000000 0.000000 1547644224105587005

0.999992 -0.003922 0.000000 157.144915 0.003922 0.999992 0.000000 3.574645 0.000000 0.000000 1.000000 0.000000 1547644224356200933

0.999988 -0.004836 0.000000 160.028990 0.004836 0.999988 0.000000 3.542280 0.000000 0.000000 1.000000 0.000000 1547644224856292963

0.999966 -0.008228 0.000000 162.677810 0.008228 0.999966 0.000000 3.525597 0.000000 0.000000 1.000000 0.000000 1547644225357832908

0.999929 -0.011934 0.000000 165.077845 0.011934 0.999929 0.000000 3.512006 0.000000 0.000000 1.000000 0.000000 1547644225862124919

0.999891 -0.014735 0.000000 167.168650 0.014735 0.999891 0.000000 3.506008 0.000000 0.000000 1.000000 0.000000 1547644226363831043

0.999858 -0.016827 0.000000 168.955435 0.016827 0.999858 0.000000 3.535006 0.000000 0.000000 1.000000 0.000000 1547644226864299058

0.999842 -0.017761 0.000000 170.523183 0.017761 0.999842 0.000000 3.538297 0.000000 0.000000 1.000000 0.000000 1547644227363511085

0.999846 -0.017574 0.000000 172.390517 0.017574 0.999846 0.000000 3.559418 0.000000 0.000000 1.000000 0.000000 1547644228111027956

0.999839 -0.017950 0.000000 174.127959 0.017950 0.999839 0.000000 3.586130 0.000000 0.000000 1.000000 0.000000 1547644229356268882

0.999805 -0.019735 0.000000 175.694237 0.019735 0.999805 0.000000 3.628706 0.000000 0.000000 1.000000 0.000000 1547644232615971088

0.999834 -0.018196 0.000000 177.293753 0.018196 0.999834 0.000000 3.603891 0.000000 0.000000 1.000000 0.000000 1547644234110791921

0.999870 -0.016114 0.000000 178.932294 0.016114 0.999870 0.000000 3.618230 0.000000 0.000000 1.000000 0.000000 1547644234860287904

0.999898 -0.014316 0.000000 181.184516 0.014316 0.999898 0.000000 3.622538 0.000000 0.000000 1.000000 0.000000 1547644235610017061

0.999928 -0.012007 0.000000 183.203681 0.012007 0.999928 0.000000 3.624588 0.000000 0.000000 1.000000 0.000000 1547644236109158992

0.999955 -0.009516 0.000000 185.541001 0.009516 0.999955 0.000000 3.597455 0.000000 0.000000 1.000000 0.000000 1547644236609500885

0.999969 -0.007921 0.000000 188.279576 0.007921 0.999969 0.000000 3.590359 0.000000 0.000000 1.000000 0.000000 1547644237112525939

0.999977 -0.006850 0.000000 191.339176 0.006850 0.999977 0.000000 3.567927 0.000000 0.000000 1.000000 0.000000 1547644237613912105

0.999979 -0.006525 0.000000 192.943127 0.006525 0.999979 0.000000 3.538897 0.000000 0.000000 1.000000 0.000000 1547644237864330053

0.999981 -0.006123 0.000000 194.614841 0.006123 0.999981 0.000000 3.549799 0.000000 0.000000 1.000000 0.000000 1547644238114435911

0.999976 -0.006890 0.000000 196.358531 0.006890 0.999976 0.000000 3.542890 0.000000 0.000000 1.000000 0.000000 1547644238364348888

0.999974 -0.007165 0.000000 198.150383 0.007165 0.999974 0.000000 3.534540 0.000000 0.000000 1.000000 0.000000 1547644238613576889

0.999976 -0.006864 0.000000 199.928304 0.006864 0.999976 0.000000 3.528289 0.000000 0.000000 1.000000 0.000000 1547644238862852096

0.999968 -0.007953 0.000000 201.769650 0.007953 0.999968 0.000000 3.517077 0.000000 0.000000 1.000000 0.000000 1547644239112149953

0.999951 -0.009904 0.000000 203.711685 0.009904 0.999951 0.000000 3.549518 0.000000 0.000000 1.000000 0.000000 1547644239360750913

0.999932 -0.011675 0.000000 205.666769 0.011675 0.999932 0.000000 3.545229 0.000000 0.000000 1.000000 0.000000 1547644239609306097

0.999900 -0.014130 0.000000 207.566655 0.014130 0.999900 0.000000 3.544370 0.000000 0.000000 1.000000 0.000000 1547644239857943058

0.999836 -0.018108 0.000000 209.558104 0.018108 0.999836 0.000000 3.580106 0.000000 0.000000 1.000000 0.000000 1547644240107088088

0.999752 -0.022291 0.000000 211.543791 0.022291 0.999752 0.000000 3.600336 0.000000 0.000000 1.000000 0.000000 1547644240357019901

0.999601 -0.028263 0.000000 213.590949 0.028263 0.999601 0.000000 3.581588 0.000000 0.000000 1.000000 0.000000 1547644240607443094

0.999429 -0.033775 0.000000 215.569705 0.033775 0.999429 0.000000 3.607001 0.000000 0.000000 1.000000 0.000000 1547644240857165098

0.999154 -0.041137 0.000000 217.647890 0.041137 0.999154 0.000000 3.680219 0.000000 0.000000 1.000000 0.000000 1547644241106877088

0.998799 -0.049004 0.000000 219.621792 0.049004 0.998799 0.000000 3.734676 0.000000 0.000000 1.000000 0.000000 1547644241356547117

0.998349 -0.057437 0.000000 221.711551 0.057437 0.998349 0.000000 3.796127 0.000000 0.000000 1.000000 0.000000 1547644241605974912

0.997650 -0.068524 0.000000 223.833233 0.068524 0.997650 0.000000 3.920499 0.000000 0.000000 1.000000 0.000000 1547644241855324983

0.996841 -0.079419 0.000000 225.813141 0.079419 0.996841 0.000000 4.068913 0.000000 0.000000 1.000000 0.000000 1547644242105246067

0.995917 -0.090272 0.000000 227.766527 0.090272 0.995917 0.000000 4.243234 0.000000 0.000000 1.000000 0.000000 1547644242356019020

0.995102 -0.098854 0.000000 229.865156 0.098854 0.995102 0.000000 4.418984 0.000000 0.000000 1.000000 0.000000 1547644242607381105

0.994405 -0.105637 0.000000 231.933200 0.105637 0.994405 0.000000 4.634635 0.000000 0.000000 1.000000 0.000000 1547644242859167098

0.993498 -0.113850 0.000000 234.030598 0.113850 0.993498 0.000000 4.876487 0.000000 0.000000 1.000000 0.000000 1547644243109695911

0.992840 -0.119455 0.000000 236.110270 0.119455 0.992840 0.000000 5.132014 0.000000 0.000000 1.000000 0.000000 1547644243360167980

0.992495 -0.122285 0.000000 238.120832 0.122285 0.992495 0.000000 5.340679 0.000000 0.000000 1.000000 0.000000 1547644243610804080

0.992453 -0.122626 0.000000 240.262867 0.122626 0.992453 0.000000 5.627652 0.000000 0.000000 1.000000 0.000000 1547644243861217975

0.992437 -0.122752 0.000000 242.429968 0.122752 0.992437 0.000000 5.883838 0.000000 0.000000 1.000000 0.000000 1547644244110831975

0.992409 -0.122982 0.000000 244.470127 0.122982 0.992409 0.000000 6.061055 0.000000 0.000000 1.000000 0.000000 1547644244360169887

0.992235 -0.124380 0.000000 246.548103 0.124380 0.992235 0.000000 6.356781 0.000000 0.000000 1.000000 0.000000 1547644244609550952

0.992276 -0.124050 0.000000 248.715994 0.124050 0.992276 0.000000 6.601425 0.000000 0.000000 1.000000 0.000000 1547644244858321905

0.992343 -0.123510 0.000000 250.839081 0.123510 0.992343 0.000000 6.847619 0.000000 0.000000 1.000000 0.000000 1547644245107322931

0.992497 -0.122272 0.000000 253.000954 0.122272 0.992497 0.000000 7.052237 0.000000 0.000000 1.000000 0.000000 1547644245355956077

0.992580 -0.121595 0.000000 255.100078 0.121595 0.992580 0.000000 7.313666 0.000000 0.000000 1.000000 0.000000 1547644245604222059

0.992568 -0.121695 0.000000 257.360568 0.121695 0.992568 0.000000 7.537539 0.000000 0.000000 1.000000 0.000000 1547644245853535890

0.992484 -0.122377 0.000000 259.607314 0.122377 0.992484 0.000000 7.787099 0.000000 0.000000 1.000000 0.000000 1547644246103724002

0.992666 -0.120892 0.000000 261.859323 0.120892 0.992666 0.000000 8.079130 0.000000 0.000000 1.000000 0.000000 1547644246353415012

0.992690 -0.120693 0.000000 264.063337 0.120693 0.992690 0.000000 8.309674 0.000000 0.000000 1.000000 0.000000 1547644246603049993

0.992760 -0.120116 0.000000 266.336933 0.120116 0.992760 0.000000 8.544100 0.000000 0.000000 1.000000 0.000000 1547644246853089094

0.992653 -0.120997 0.000000 268.578677 0.120997 0.992653 0.000000 8.838308 0.000000 0.000000 1.000000 0.000000 1547644247103097915

0.992731 -0.120351 0.000000 270.817312 0.120351 0.992731 0.000000 9.108796 0.000000 0.000000 1.000000 0.000000 1547644247352693080

0.992676 -0.120803 0.000000 273.045853 0.120803 0.992676 0.000000 9.368539 0.000000 0.000000 1.000000 0.000000 1547644247602042913

0.992642 -0.121089 0.000000 275.339601 0.121089 0.992642 0.000000 9.597888 0.000000 0.000000 1.000000 0.000000 1547644247852333068

0.992809 -0.119709 0.000000 277.683649 0.119709 0.992809 0.000000 9.822499 0.000000 0.000000 1.000000 0.000000 1547644248104500055

0.992921 -0.118778 0.000000 279.984597 0.118778 0.992921 0.000000 10.115894 0.000000 0.000000 1.000000 0.000000 1547644248356131076

0.992809 -0.119712 0.000000 282.327597 0.119712 0.992809 0.000000 10.350159 0.000000 0.000000 1.000000 0.000000 1547644248606518030

0.992718 -0.120457 0.000000 284.682591 0.120457 0.992718 0.000000 10.634730 0.000000 0.000000 1.000000 0.000000 1547644248856995105

0.992491 -0.122315 0.000000 287.059500 0.122315 0.992491 0.000000 10.865555 0.000000 0.000000 1.000000 0.000000 1547644249107361078

0.991930 -0.126786 0.000000 289.425774 0.126786 0.991930 0.000000 11.147250 0.000000 0.000000 1.000000 0.000000 1547644249357387065

0.991205 -0.132332 0.000000 291.747847 0.132332 0.991205 0.000000 11.456117 0.000000 0.000000 1.000000 0.000000 1547644249607310056

0.990603 -0.136768 0.000000 294.113426 0.136768 0.990603 0.000000 11.717352 0.000000 0.000000 1.000000 0.000000 1547644249856698036

0.990449 -0.137877 0.000000 296.423236 0.137877 0.990449 0.000000 11.994716 0.000000 0.000000 1.000000 0.000000 1547644250105763912

0.990637 -0.136523 0.000000 298.719138 0.136523 0.990637 0.000000 12.304994 0.000000 0.000000 1.000000 0.000000 1547644250355176925

0.991130 -0.132893 0.000000 300.971893 0.132893 0.991130 0.000000 12.566514 0.000000 0.000000 1.000000 0.000000 1547644250604167938

0.991484 -0.130229 0.000000 303.252115 0.130229 0.991484 0.000000 12.808051 0.000000 0.000000 1.000000 0.000000 1547644250852798938

0.991619 -0.129198 0.000000 305.472728 0.129198 0.991619 0.000000 13.035331 0.000000 0.000000 1.000000 0.000000 1547644251101798057

0.991702 -0.128556 0.000000 307.647520 0.128556 0.991702 0.000000 13.325013 0.000000 0.000000 1.000000 0.000000 1547644251351206064

0.991806 -0.127756 0.000000 309.747174 0.127756 0.991806 0.000000 13.537126 0.000000 0.000000 1.000000 0.000000 1547644251601207017

0.991957 -0.126578 0.000000 311.818613 0.126578 0.991957 0.000000 13.794282 0.000000 0.000000 1.000000 0.000000 1547644251851182937

0.992101 -0.125445 0.000000 313.871024 0.125445 0.992101 0.000000 14.041551 0.000000 0.000000 1.000000 0.000000 1547644252101269960

0.992275 -0.124055 0.000000 315.842881 0.124055 0.992275 0.000000 14.264663 0.000000 0.000000 1.000000 0.000000 1547644252351119995

0.992340 -0.123538 0.000000 317.777352 0.123538 0.992340 0.000000 14.475049 0.000000 0.000000 1.000000 0.000000 1547644252601066112

0.992754 -0.120167 0.000000 319.685227 0.120167 0.992754 0.000000 14.632494 0.000000 0.000000 1.000000 0.000000 1547644252850910902

0.992850 -0.119367 0.000000 321.514677 0.119367 0.992850 0.000000 14.799575 0.000000 0.000000 1.000000 0.000000 1547644253100564002

0.992976 -0.118313 0.000000 323.288926 0.118313 0.992976 0.000000 15.023764 0.000000 0.000000 1.000000 0.000000 1547644253350369930

0.993135 -0.116972 0.000000 325.050007 0.116972 0.993135 0.000000 15.188168 0.000000 0.000000 1.000000 0.000000 1547644253601028919

0.993489 -0.113926 0.000000 326.733769 0.113926 0.993489 0.000000 15.405471 0.000000 0.000000 1.000000 0.000000 1547644253852931022

0.993675 -0.112298 0.000000 328.370544 0.112298 0.993675 0.000000 15.518455 0.000000 0.000000 1.000000 0.000000 1547644254104614973

0.993830 -0.110917 0.000000 330.007245 0.110917 0.993830 0.000000 15.688423 0.000000 0.000000 1.000000 0.000000 1547644254355113983

0.994262 -0.106976 0.000000 331.552295 0.106976 0.994262 0.000000 15.873876 0.000000 0.000000 1.000000 0.000000 1547644254605743885

0.995162 -0.098244 0.000000 334.514423 0.098244 0.995162 0.000000 16.138055 0.000000 0.000000 1.000000 0.000000 1547644255106395959

0.995794 -0.091622 0.000000 337.275515 0.091622 0.995794 0.000000 16.344755 0.000000 0.000000 1.000000 0.000000 1547644255606178998

0.996303 -0.085904 0.000000 339.900718 0.085904 0.996303 0.000000 16.496573 0.000000 0.000000 1.000000 0.000000 1547644256104105949

0.996639 -0.081919 0.000000 342.201645 0.081919 0.996639 0.000000 16.649736 0.000000 0.000000 1.000000 0.000000 1547644256601597070

0.996932 -0.078269 0.000000 344.292343 0.078269 0.996932 0.000000 16.763530 0.000000 0.000000 1.000000 0.000000 1547644257099699974

0.997477 -0.070988 0.000000 346.173083 0.070988 0.997477 0.000000 16.884164 0.000000 0.000000 1.000000 0.000000 1547644257599956989

0.998628 -0.052371 0.000000 347.745477 0.052371 0.998628 0.000000 16.980716 0.000000 0.000000 1.000000 0.000000 1547644258099848031

0.999715 -0.023857 0.000000 349.761356 0.023857 0.999715 0.000000 16.965763 0.000000 0.000000 1.000000 0.000000 1547644258852441072

0.999961 -0.008885 0.000000 351.358281 0.008885 0.999961 0.000000 16.915300 0.000000 0.000000 1.000000 0.000000 1547644259606933116

0.999998 -0.001867 0.000000 352.965706 0.001867 0.999998 0.000000 16.907751 0.000000 0.000000 1.000000 0.000000 1547644261605468034

0.999542 0.030266 0.000000 354.754489 -0.030266 0.999542 -0.000000 16.811398 -0.000000 0.000000 1.000000 0.000000 1547644263101402997

0.998604 0.052824 0.000000 356.301509 -0.052824 0.998604 -0.000000 16.684848 -0.000000 0.000000 1.000000 0.000000 1547644263851210117

0.998171 0.060452 0.000000 358.309362 -0.060452 0.998171 -0.000000 16.549526 -0.000000 0.000000 1.000000 0.000000 1547644264603708028

0.997943 0.064106 0.000000 359.923131 -0.064106 0.997943 -0.000000 16.401400 -0.000000 0.000000 1.000000 0.000000 1547644265105573892

0.997814 0.066083 0.000000 361.830112 -0.066083 0.997814 -0.000000 16.173616 -0.000000 0.000000 1.000000 0.000000 1547644265606702089

0.997856 0.065444 0.000000 364.147992 -0.065444 0.997856 -0.000000 16.058619 -0.000000 0.000000 1.000000 0.000000 1547644266106420040

0.998242 0.059269 0.000000 366.795705 -0.059269 0.998242 -0.000000 15.790744 -0.000000 0.000000 1.000000 0.000000 1547644266604512929

0.998524 0.054307 0.000000 369.689713 -0.054307 0.998524 -0.000000 15.570496 -0.000000 0.000000 1.000000 0.000000 1547644267102267980

0.998592 0.053054 0.000000 371.242124 -0.053054 0.998592 -0.000000 15.446106 -0.000000 0.000000 1.000000 0.000000 1547644267350733041

0.998586 0.053166 0.000000 372.917980 -0.053166 0.998586 -0.000000 15.398551 -0.000000 0.000000 1.000000 0.000000 1547644267600115060

0.998635 0.052239 0.000000 374.602854 -0.052239 0.998635 -0.000000 15.284681 -0.000000 0.000000 1.000000 0.000000 1547644267849792003

0.998615 0.052604 0.000000 376.342729 -0.052604 0.998615 -0.000000 15.187611 -0.000000 0.000000 1.000000 0.000000 1547644268099481105

0.998612 0.052666 0.000000 378.143337 -0.052666 0.998612 -0.000000 15.139199 -0.000000 0.000000 1.000000 0.000000 1547644268349138975

0.998665 0.051654 0.000000 379.930297 -0.051654 0.998665 -0.000000 15.000640 -0.000000 0.000000 1.000000 0.000000 1547644268598529100

0.998720 0.050588 0.000000 381.819881 -0.050588 0.998720 -0.000000 14.927579 -0.000000 0.000000 1.000000 0.000000 1547644268847764015

0.998774 0.049500 0.000000 383.773108 -0.049500 0.998774 -0.000000 14.842319 -0.000000 0.000000 1.000000 0.000000 1547644269097357988

0.998848 0.047991 0.000000 385.654337 -0.047991 0.998848 -0.000000 14.717390 -0.000000 0.000000 1.000000 0.000000 1547644269346784114

0.998946 0.045909 0.000000 387.596790 -0.045909 0.998946 -0.000000 14.593890 -0.000000 0.000000 1.000000 0.000000 1547644269596365928

0.999089 0.042683 0.000000 389.550133 -0.042683 0.999089 -0.000000 14.456943 -0.000000 0.000000 1.000000 0.000000 1547644269846649885

0.999194 0.040148 0.000000 391.571206 -0.040148 0.999194 -0.000000 14.365190 -0.000000 0.000000 1.000000 0.000000 1547644270098036050

0.999282 0.037888 0.000000 393.468591 -0.037888 0.999282 -0.000000 14.258056 -0.000000 0.000000 1.000000 0.000000 1547644270349976062

0.999419 0.034092 0.000000 395.448203 -0.034092 0.999419 -0.000000 14.163111 -0.000000 0.000000 1.000000 0.000000 1547644270601244926

0.999513 0.031221 0.000000 397.341472 -0.031221 0.999513 -0.000000 14.098270 -0.000000 0.000000 1.000000 0.000000 1547644270852140903

0.999560 0.029655 0.000000 399.205280 -0.029655 0.999560 -0.000000 14.051812 -0.000000 0.000000 1.000000 0.000000 1547644271102293968

0.999650 0.026457 0.000000 401.074930 -0.026457 0.999650 -0.000000 13.944789 -0.000000 0.000000 1.000000 0.000000 1547644271351936101

0.999717 0.023776 0.000000 402.898915 -0.023776 0.999717 -0.000000 13.871914 -0.000000 0.000000 1.000000 0.000000 1547644271601807117

0.999775 0.021216 0.000000 404.702912 -0.021216 0.999775 -0.000000 13.805528 -0.000000 0.000000 1.000000 0.000000 1547644271851313114

0.999816 0.019194 0.000000 406.474399 -0.019194 0.999816 -0.000000 13.730570 -0.000000 0.000000 1.000000 0.000000 1547644272100393056

0.999876 0.015764 0.000000 408.203124 -0.015764 0.999876 -0.000000 13.688154 -0.000000 0.000000 1.000000 0.000000 1547644272349123001

0.999907 0.013638 0.000000 409.928845 -0.013638 0.999907 -0.000000 13.672846 -0.000000 0.000000 1.000000 0.000000 1547644272597937107

0.999929 0.011940 0.000000 411.655872 -0.011940 0.999929 -0.000000 13.642823 -0.000000 0.000000 1.000000 0.000000 1547644272846862077

0.999955 0.009457 0.000000 413.359826 -0.009457 0.999955 -0.000000 13.614708 -0.000000 0.000000 1.000000 0.000000 1547644273095571994

0.999969 0.007891 0.000000 415.041269 -0.007891 0.999969 -0.000000 13.556866 -0.000000 0.000000 1.000000 0.000000 1547644273344871044

0.999981 0.006113 0.000000 416.696366 -0.006113 0.999981 -0.000000 13.548015 -0.000000 0.000000 1.000000 0.000000 1547644273595372915

0.999993 0.003654 0.000000 418.377625 -0.003654 0.999993 -0.000000 13.536700 -0.000000 0.000000 1.000000 0.000000 1547644273845722913

0.999997 0.002281 0.000000 419.971183 -0.002281 0.999997 -0.000000 13.500128 -0.000000 0.000000 1.000000 0.000000 1547644274095345020

1.000000 0.000335 0.000000 421.628821 -0.000335 1.000000 -0.000000 13.492985 -0.000000 0.000000 1.000000 0.000000 1547644274345276117

0.999999 -0.001391 0.000000 423.218499 0.001391 0.999999 0.000000 13.466778 0.000000 0.000000 1.000000 0.000000 1547644274595037937

0.999996 -0.002726 0.000000 424.830145 0.002726 0.999996 0.000000 13.403988 0.000000 0.000000 1.000000 0.000000 1547644274844600915

0.999996 -0.002949 0.000000 426.392645 0.002949 0.999996 0.000000 13.377380 0.000000 0.000000 1.000000 0.000000 1547644275094403982

0.999988 -0.004806 0.000000 429.500925 0.004806 0.999988 0.000000 13.293976 0.000000 0.000000 1.000000 0.000000 1547644275594044923

0.999982 -0.005958 0.000000 431.044316 0.005958 0.999982 0.000000 13.274789 0.000000 0.000000 1.000000 0.000000 1547644275846045970

0.999971 -0.007666 0.000000 432.552558 0.007666 0.999971 0.000000 13.273223 0.000000 0.000000 1.000000 0.000000 1547644276097589969

0.999959 -0.009017 0.000000 434.063301 0.009017 0.999959 0.000000 13.270252 0.000000 0.000000 1.000000 0.000000 1547644276347831010

0.999948 -0.010226 0.000000 435.612261 0.010226 0.999948 0.000000 13.265216 0.000000 0.000000 1.000000 0.000000 1547644276598345041

0.999939 -0.011004 0.000000 437.203427 0.011004 0.999939 0.000000 13.239971 0.000000 0.000000 1.000000 0.000000 1547644276848654985

0.999932 -0.011648 0.000000 438.801049 0.011648 0.999932 0.000000 13.222541 0.000000 0.000000 1.000000 0.000000 1547644277098485946

0.999896 -0.014429 0.000000 440.407883 0.014429 0.999896 0.000000 13.246888 0.000000 0.000000 1.000000 0.000000 1547644277348468065

0.999846 -0.017553 0.000000 442.046194 0.017553 0.999846 0.000000 13.202633 0.000000 0.000000 1.000000 0.000000 1547644277598125934

0.999776 -0.021163 0.000000 443.659586 0.021163 0.999776 0.000000 13.248539 0.000000 0.000000 1.000000 0.000000 1547644277847090005

0.999716 -0.023824 0.000000 445.251927 0.023824 0.999716 0.000000 13.248897 0.000000 0.000000 1.000000 0.000000 1547644278096209049

0.999641 -0.026806 0.000000 446.809398 0.026806 0.999641 0.000000 13.283803 0.000000 0.000000 1.000000 0.000000 1547644278345120906

0.999540 -0.030312 0.000000 448.404965 0.030312 0.999540 0.000000 13.290205 0.000000 0.000000 1.000000 0.000000 1547644278593656063

0.999359 -0.035808 0.000000 451.383036 0.035808 0.999359 0.000000 13.329334 0.000000 0.000000 1.000000 0.000000 1547644279090775966

0.999150 -0.041220 0.000000 454.247853 0.041220 0.999150 0.000000 13.411075 0.000000 0.000000 1.000000 0.000000 1547644279588701963

0.999271 -0.038168 0.000000 456.967360 0.038168 0.999271 0.000000 13.483995 0.000000 0.000000 1.000000 0.000000 1547644280088648080

0.999643 -0.026704 0.000000 459.579520 0.026704 0.999643 0.000000 13.509876 0.000000 0.000000 1.000000 0.000000 1547644280588263988

0.999982 0.005949 0.000000 461.937489 -0.005949 0.999982 -0.000000 13.403026 -0.000000 0.000000 1.000000 0.000000 1547644281088423967

0.997223 0.074469 0.000000 464.113155 -0.074469 0.997223 -0.000000 13.266039 -0.000000 0.000000 1.000000 0.000000 1547644281590476989

0.985996 0.166771 0.000000 466.181243 -0.166771 0.985996 -0.000000 12.888781 -0.000000 0.000000 1.000000 0.000000 1547644282094281911

0.959183 0.282786 0.000000 467.956949 -0.282786 0.959183 -0.000000 12.384234 -0.000000 0.000000 1.000000 0.000000 1547644282596694946

0.904199 0.427112 0.000000 469.487899 -0.427112 0.904199 -0.000000 11.572769 -0.000000 0.000000 1.000000 0.000000 1547644283097492933

0.816953 0.576705 0.000000 470.695033 -0.576705 0.816953 -0.000000 10.525978 -0.000000 0.000000 1.000000 0.000000 1547644283596704959

0.709868 0.704335 0.000000 471.507638 -0.704335 0.709868 -0.000000 9.542448 -0.000000 0.000000 1.000000 0.000000 1547644284094417095

0.591211 0.806517 0.000000 472.115788 -0.806517 0.591211 -0.000000 8.500779 -0.000000 0.000000 1.000000 0.000000 1547644284593744039

0.472113 0.881538 0.000000 472.626132 -0.881538 0.472113 -0.000000 7.515148 -0.000000 0.000000 1.000000 0.000000 1547644285095417976

0.343406 0.939187 0.000000 472.807117 -0.939187 0.343406 -0.000000 6.532129 -0.000000 0.000000 1.000000 0.000000 1547644285595572948

0.186319 0.982489 0.000000 472.979145 -0.982489 0.186319 -0.000000 5.445743 -0.000000 0.000000 1.000000 0.000000 1547644286095948934

0.091018 0.995849 0.000000 472.951387 -0.995849 0.091018 -0.000000 4.827845 -0.000000 0.000000 1.000000 0.000000 1547644286347831964

-0.016715 0.999860 0.000000 472.880979 -0.999860 -0.016715 -0.000000 4.093962 -0.000000 0.000000 1.000000 0.000000 1547644286599970102

-0.133446 0.991056 0.000000 472.690359 -0.991056 -0.133446 -0.000000 3.276759 -0.000000 0.000000 1.000000 0.000000 1547644286851566076

-0.256131 0.966642 0.000000 472.397249 -0.966642 -0.256131 -0.000000 2.420949 -0.000000 0.000000 1.000000 0.000000 1547644287102751016

-0.379482 0.925199 0.000000 471.893186 -0.925199 -0.379482 -0.000000 1.481060 -0.000000 0.000000 1.000000 0.000000 1547644287354094028

-0.497958 0.867201 0.000000 471.295720 -0.867201 -0.497958 -0.000000 0.540251 -0.000000 0.000000 1.000000 0.000000 1547644287605350017

-0.605822 0.795600 0.000000 470.512899 -0.795600 -0.605822 0.000000 -0.372698 0.000000 0.000000 1.000000 0.000000 1547644287855616092

-0.695949 0.718091 0.000000 469.646632 -0.718091 -0.695949 0.000000 -1.294902 0.000000 0.000000 1.000000 0.000000 1547644288105566024

-0.769475 0.638677 0.000000 468.549705 -0.638677 -0.769475 0.000000 -2.069062 0.000000 0.000000 1.000000 0.000000 1547644288354981899

-0.823045 0.567976 0.000000 467.379923 -0.567976 -0.823045 0.000000 -2.952073 0.000000 0.000000 1.000000 0.000000 1547644288603740930

-0.856813 0.515627 0.000000 465.969643 -0.515627 -0.856813 0.000000 -3.719451 0.000000 0.000000 1.000000 0.000000 1547644288853384971

-0.877541 0.479502 0.000000 464.468843 -0.479502 -0.877541 0.000000 -4.452055 0.000000 0.000000 1.000000 0.000000 1547644289104052066

-0.890721 0.454550 0.000000 462.810582 -0.454550 -0.890721 0.000000 -5.147861 0.000000 0.000000 1.000000 0.000000 1547644289354429960

-0.898207 0.439572 0.000000 461.052096 -0.439572 -0.898207 0.000000 -5.937942 0.000000 0.000000 1.000000 0.000000 1547644289603883981

-0.901389 0.433009 0.000000 459.191250 -0.433009 -0.901389 0.000000 -6.698653 0.000000 0.000000 1.000000 0.000000 1547644289853595018

-0.904040 0.427448 0.000000 457.271525 -0.427448 -0.904040 0.000000 -7.523834 0.000000 0.000000 1.000000 0.000000 1547644290103512048

-0.905896 0.423500 0.000000 455.225959 -0.423500 -0.905896 0.000000 -8.434904 0.000000 0.000000 1.000000 0.000000 1547644290353133916

-0.907474 0.420107 0.000000 453.055698 -0.420107 -0.907474 0.000000 -9.335081 0.000000 0.000000 1.000000 0.000000 1547644290602396965

-0.908861 0.417098 0.000000 450.841131 -0.417098 -0.908861 0.000000 -10.326519 0.000000 0.000000 1.000000 0.000000 1547644290852524995

-0.909713 0.415238 0.000000 448.524226 -0.415238 -0.909713 0.000000 -11.355221 0.000000 0.000000 1.000000 0.000000 1547644291103974103

-0.910531 0.413441 0.000000 446.155018 -0.413441 -0.910531 0.000000 -12.410649 0.000000 0.000000 1.000000 0.000000 1547644291355281114

-0.911400 0.411523 0.000000 443.699717 -0.411523 -0.911400 0.000000 -13.414562 0.000000 0.000000 1.000000 0.000000 1547644291606282949

-0.912863 0.408266 0.000000 441.279597 -0.408266 -0.912863 0.000000 -14.484563 0.000000 0.000000 1.000000 0.000000 1547644291857115983

-0.912712 0.408602 0.000000 438.819986 -0.408602 -0.912712 0.000000 -15.516009 0.000000 0.000000 1.000000 0.000000 1547644292107176065

-0.912274 0.409582 0.000000 436.491533 -0.409582 -0.912274 0.000000 -16.559854 0.000000 0.000000 1.000000 0.000000 1547644292356707096

-0.911951 0.410299 0.000000 434.100552 -0.410299 -0.911951 0.000000 -17.610661 0.000000 0.000000 1.000000 0.000000 1547644292606482982

-0.911902 0.410408 0.000000 431.787190 -0.410408 -0.911902 0.000000 -18.642485 0.000000 0.000000 1.000000 0.000000 1547644292856259107

-0.912039 0.410104 0.000000 429.467535 -0.410104 -0.912039 0.000000 -19.645458 0.000000 0.000000 1.000000 0.000000 1547644293105668067

-0.911968 0.410261 0.000000 427.147703 -0.410261 -0.911968 0.000000 -20.681221 0.000000 0.000000 1.000000 0.000000 1547644293354628086

-0.912387 0.409329 0.000000 424.892214 -0.409329 -0.912387 0.000000 -21.719668 0.000000 0.000000 1.000000 0.000000 1547644293603373050

-0.912347 0.409418 0.000000 422.632688 -0.409418 -0.912347 0.000000 -22.663558 0.000000 0.000000 1.000000 0.000000 1547644293852119922

-0.912561 0.408940 0.000000 420.399063 -0.408940 -0.912561 0.000000 -23.645328 0.000000 0.000000 1.000000 0.000000 1547644294101161956

-0.913589 0.406638 0.000000 418.182484 -0.406638 -0.913589 0.000000 -24.609082 0.000000 0.000000 1.000000 0.000000 1547644294351113080

-0.914381 0.404855 0.000000 416.028383 -0.404855 -0.914381 0.000000 -25.562819 0.000000 0.000000 1.000000 0.000000 1547644294601439952

-0.915428 0.402482 0.000000 413.921202 -0.402482 -0.915428 0.000000 -26.451881 0.000000 0.000000 1.000000 0.000000 1547644294851125955

-0.916628 0.399740 0.000000 411.858924 -0.399740 -0.916628 0.000000 -27.263950 0.000000 0.000000 1.000000 0.000000 1547644295100759983

-0.917410 0.397944 0.000000 409.874793 -0.397944 -0.917410 0.000000 -28.165312 0.000000 0.000000 1.000000 0.000000 1547644295350522994

-0.918287 0.395916 0.000000 407.910689 -0.395916 -0.918287 0.000000 -28.960153 0.000000 0.000000 1.000000 0.000000 1547644295600378036

-0.919557 0.392957 0.000000 406.027830 -0.392957 -0.919557 0.000000 -29.806477 0.000000 0.000000 1.000000 0.000000 1547644295850950002

-0.920511 0.390716 0.000000 404.163682 -0.390716 -0.920511 0.000000 -30.514813 0.000000 0.000000 1.000000 0.000000 1547644296102020025

-0.921557 0.388243 0.000000 402.403934 -0.388243 -0.921557 0.000000 -31.256296 0.000000 0.000000 1.000000 0.000000 1547644296353455066

-0.922454 0.386106 0.000000 400.689912 -0.386106 -0.922454 0.000000 -31.969630 0.000000 0.000000 1.000000 0.000000 1547644296605456113

-0.923273 0.384144 0.000000 399.081419 -0.384144 -0.923273 0.000000 -32.629157 0.000000 0.000000 1.000000 0.000000 1547644296856637954

-0.923448 0.383725 0.000000 397.501934 -0.383725 -0.923448 0.000000 -33.240877 0.000000 0.000000 1.000000 0.000000 1547644297106977939

-0.923929 0.382565 0.000000 396.024304 -0.382565 -0.923929 0.000000 -33.841307 0.000000 0.000000 1.000000 0.000000 1547644297357228040

-0.924256 0.381773 0.000000 393.345975 -0.381773 -0.924256 0.000000 -34.907504 0.000000 0.000000 1.000000 0.000000 1547644297857505083

-0.924309 0.381645 0.000000 390.971059 -0.381645 -0.924309 0.000000 -35.858739 0.000000 0.000000 1.000000 0.000000 1547644298356065988

-0.923678 0.383171 0.000000 388.934632 -0.383171 -0.923678 0.000000 -36.710235 0.000000 0.000000 1.000000 0.000000 1547644298854715108

-0.923931 0.382559 0.000000 387.222750 -0.382559 -0.923931 0.000000 -37.369831 0.000000 0.000000 1.000000 0.000000 1547644299351897001

-0.923832 0.382799 0.000000 385.243456 -0.382799 -0.923832 0.000000 -38.151676 0.000000 0.000000 1.000000 0.000000 1547644300102431058

-0.924146 0.382040 0.000000 383.786849 -0.382040 -0.924146 0.000000 -38.731383 0.000000 0.000000 1.000000 0.000000 1547644301103432893

-0.924449 0.381305 0.000000 382.332067 -0.381305 -0.924449 0.000000 -39.281290 0.000000 0.000000 1.000000 0.000000 1547644303110479116

-0.924270 0.381740 0.000000 380.916434 -0.381740 -0.924270 0.000000 -39.823332 0.000000 0.000000 1.000000 0.000000 1547644311610867977

-0.924244 0.381803 0.000000 379.315466 -0.381803 -0.924244 0.000000 -40.472203 0.000000 0.000000 1.000000 0.000000 1547644314859565973

-0.924204 0.381900 0.000000 377.655480 -0.381900 -0.924204 0.000000 -41.111136 0.000000 0.000000 1.000000 0.000000 1547644315858607053

-0.923883 0.382675 0.000000 376.139440 -0.382675 -0.923883 0.000000 -41.749405 0.000000 0.000000 1.000000 0.000000 1547644316357065916

-0.924032 0.382316 0.000000 374.159029 -0.382316 -0.924032 0.000000 -42.517619 0.000000 0.000000 1.000000 0.000000 1547644316855444908

-0.926301 0.376783 0.000000 371.645055 -0.376783 -0.926301 0.000000 -43.528352 0.000000 0.000000 1.000000 0.000000 1547644317357321023

-0.927947 0.372712 0.000000 370.233342 -0.372712 -0.927947 0.000000 -44.072909 0.000000 0.000000 1.000000 0.000000 1547644317608659029

-0.930153 0.367172 0.000000 368.676371 -0.367172 -0.930153 0.000000 -44.689874 0.000000 0.000000 1.000000 0.000000 1547644317859232902

