0.983603 -0.180346 0.000000 7.486768 0.180346 0.983603 0.000000 0.890986 0.000000 0.000000 1.000000 0.000000
0.970926 -0.239378 0.000000 9.298821 0.239378 0.970926 0.000000 1.356793 0.000000 0.000000 1.000000 0.000000
0.956650 -0.291239 0.000000 11.183959 0.291239 0.956650 0.000000 2.018350 0.000000 0.000000 1.000000 0.000000
0.946240 -0.323466 0.000000 13.271122 0.323466 0.946240 0.000000 2.744556 0.000000 0.000000 1.000000 0.000000
0.943134 -0.332412 0.000000 15.431105 0.332412 0.943134 0.000000 3.522552 0.000000 0.000000 1.000000 0.000000
0.943301 -0.331940 0.000000 17.745513 0.331940 0.943301 0.000000 4.338725 0.000000 0.000000 1.000000 0.000000
0.944017 -0.329897 0.000000 20.242977 0.329897 0.944017 0.000000 5.200490 0.000000 0.000000 1.000000 0.000000
0.942944 -0.332952 0.000000 22.795428 0.332952 0.942944 0.000000 6.149577 0.000000 0.000000 1.000000 0.000000
0.938902 -0.344186 0.000000 25.547747 0.344186 0.938902 0.000000 7.221611 0.000000 0.000000 1.000000 0.000000
0.932792 -0.360415 0.000000 28.279840 0.360415 0.932792 0.000000 8.330776 0.000000 0.000000 1.000000 0.000000
0.927806 -0.373063 0.000000 29.752605 0.373063 0.927806 0.000000 8.876866 0.000000 0.000000 1.000000 0.000000
0.922466 -0.386078 0.000000 31.228271 0.386078 0.922466 0.000000 9.558601 0.000000 0.000000 1.000000 0.000000
0.915291 -0.402793 0.000000 32.684453 0.402793 0.915291 0.000000 10.275006 0.000000 0.000000 1.000000 0.000000
0.906133 -0.422993 0.000000 34.229611 0.422993 0.906133 0.000000 11.012224 0.000000 0.000000 1.000000 0.000000
0.894720 -0.446628 0.000000 35.732987 0.446628 0.894720 0.000000 11.815468 0.000000 0.000000 1.000000 0.000000
0.881215 -0.472715 0.000000 37.315429 0.472715 0.881215 0.000000 12.684281 0.000000 0.000000 1.000000 0.000000
0.866305 -0.499515 0.000000 38.872061 0.499515 0.866305 0.000000 13.635636 0.000000 0.000000 1.000000 0.000000
0.850191 -0.526474 0.000000 40.421968 0.526474 0.850191 0.000000 14.618132 0.000000 0.000000 1.000000 0.000000
0.833516 -0.552496 0.000000 41.934628 0.552496 0.833516 0.000000 15.683487 0.000000 0.000000 1.000000 0.000000
0.816575 -0.577239 0.000000 43.476082 0.577239 0.816575 0.000000 16.824338 0.000000 0.000000 1.000000 0.000000
0.800696 -0.599071 0.000000 45.085524 0.599071 0.800696 0.000000 18.023707 0.000000 0.000000 1.000000 0.000000
0.789542 -0.613696 0.000000 46.638943 0.613696 0.789542 0.000000 19.296752 0.000000 0.000000 1.000000 0.000000
0.780272 -0.625441 0.000000 48.108529 0.625441 0.780272 0.000000 20.503119 0.000000 0.000000 1.000000 0.000000
0.770544 -0.637387 0.000000 49.638078 0.637387 0.770544 0.000000 21.813830 0.000000 0.000000 1.000000 0.000000
0.763340 -0.645997 0.000000 51.197357 0.645997 0.763340 0.000000 23.172474 0.000000 0.000000 1.000000 0.000000
0.756988 -0.653429 0.000000 52.730417 0.653429 0.756988 0.000000 24.483955 0.000000 0.000000 1.000000 0.000000
0.753045 -0.657969 0.000000 54.286713 0.657969 0.753045 0.000000 25.881358 0.000000 0.000000 1.000000 0.000000
0.758726 -0.651410 0.000000 55.873751 0.651410 0.758726 0.000000 27.239128 0.000000 0.000000 1.000000 0.000000
0.761140 -0.648587 0.000000 57.433360 0.648587 0.761140 0.000000 28.601038 0.000000 0.000000 1.000000 0.000000
0.756683 -0.653782 0.000000 58.961672 0.653782 0.756683 0.000000 29.973211 0.000000 0.000000 1.000000 0.000000
0.774028 -0.633152 0.000000 60.547828 0.633152 0.774028 0.000000 31.276555 0.000000 0.000000 1.000000 0.000000
0.769813 -0.638269 0.000000 62.135779 0.638269 0.769813 0.000000 32.572583 0.000000 0.000000 1.000000 0.000000
0.774387 -0.632712 0.000000 63.679663 0.632712 0.774387 0.000000 33.854313 0.000000 0.000000 1.000000 0.000000
0.773908 -0.633299 0.000000 65.252139 0.633299 0.773908 0.000000 35.150562 0.000000 0.000000 1.000000 0.000000
0.780951 -0.624593 0.000000 66.800003 0.624593 0.780951 0.000000 36.420390 0.000000 0.000000 1.000000 0.000000
0.795820 -0.605534 0.000000 68.423082 0.605534 0.795820 0.000000 37.654240 0.000000 0.000000 1.000000 0.000000
0.797126 -0.603813 0.000000 69.996310 0.603813 0.797126 0.000000 38.918103 0.000000 0.000000 1.000000 0.000000
0.813919 -0.580978 0.000000 71.660266 0.580978 0.813919 0.000000 40.079395 0.000000 0.000000 1.000000 0.000000
0.822320 -0.569025 0.000000 73.365531 0.569025 0.822320 0.000000 41.238024 0.000000 0.000000 1.000000 0.000000
0.831315 -0.555801 0.000000 75.087084 0.555801 0.831315 0.000000 42.350551 0.000000 0.000000 1.000000 0.000000
0.842470 -0.538743 0.000000 76.763107 0.538743 0.842470 0.000000 43.464457 0.000000 0.000000 1.000000 0.000000
0.853552 -0.521008 0.000000 78.447994 0.521008 0.853552 0.000000 44.534110 0.000000 0.000000 1.000000 0.000000
0.865755 -0.500467 0.000000 80.224353 0.500467 0.865755 0.000000 45.550798 0.000000 0.000000 1.000000 0.000000
0.877171 -0.480178 0.000000 82.048244 0.480178 0.877171 0.000000 46.531897 0.000000 0.000000 1.000000 0.000000
0.887233 -0.461321 0.000000 83.835825 0.461321 0.887233 0.000000 47.470844 0.000000 0.000000 1.000000 0.000000
0.899170 -0.437600 0.000000 85.721680 0.437600 0.899170 0.000000 48.380033 0.000000 0.000000 1.000000 0.000000
0.911491 -0.411320 0.000000 87.610520 0.411320 0.911491 0.000000 49.264189 0.000000 0.000000 1.000000 0.000000
0.919175 -0.393849 0.000000 89.522966 0.393849 0.919175 0.000000 50.054162 0.000000 0.000000 1.000000 0.000000
0.929094 -0.369845 0.000000 91.421377 0.369845 0.929094 0.000000 50.845849 0.000000 0.000000 1.000000 0.000000
0.937986 -0.346673 0.000000 93.396823 0.346673 0.937986 0.000000 51.574209 0.000000 0.000000 1.000000 0.000000
0.946009 -0.324139 0.000000 95.369856 0.324139 0.946009 0.000000 52.271555 0.000000 0.000000 1.000000 0.000000
0.951746 -0.306888 0.000000 97.389849 0.306888 0.951746 0.000000 52.909880 0.000000 0.000000 1.000000 0.000000
0.957122 -0.289685 0.000000 99.397012 0.289685 0.957122 0.000000 53.530260 0.000000 0.000000 1.000000 0.000000
0.964929 -0.262509 0.000000 101.452516 0.262509 0.964929 0.000000 54.081879 0.000000 0.000000 1.000000 0.000000
0.966439 -0.256896 0.000000 103.486292 0.256896 0.966439 0.000000 54.654531 0.000000 0.000000 1.000000 0.000000
0.972411 -0.233275 0.000000 105.557462 0.233275 0.972411 0.000000 55.149268 0.000000 0.000000 1.000000 0.000000
0.976487 -0.215576 0.000000 107.688333 0.215576 0.976487 0.000000 55.651547 0.000000 0.000000 1.000000 0.000000
0.980892 -0.194552 0.000000 109.779791 0.194552 0.980892 0.000000 56.070669 0.000000 0.000000 1.000000 0.000000
0.983944 -0.178478 0.000000 111.872244 0.178478 0.983944 0.000000 56.457239 0.000000 0.000000 1.000000 0.000000
0.987137 -0.159877 0.000000 113.982055 0.159877 0.987137 0.000000 56.819369 0.000000 0.000000 1.000000 0.000000
0.989887 -0.141855 0.000000 116.129779 0.141855 0.989887 0.000000 57.136038 0.000000 0.000000 1.000000 0.000000
0.992651 -0.121009 0.000000 118.285367 0.121009 0.992651 0.000000 57.421828 0.000000 0.000000 1.000000 0.000000
0.994966 -0.100214 0.000000 120.476649 0.100214 0.994966 0.000000 57.667463 0.000000 0.000000 1.000000 0.000000
0.997072 -0.076468 0.000000 122.666529 0.076468 0.997072 0.000000 57.833602 0.000000 0.000000 1.000000 0.000000
0.998171 -0.060450 0.000000 124.869650 0.060450 0.998171 0.000000 57.961734 0.000000 0.000000 1.000000 0.000000
0.999356 -0.035876 0.000000 127.074036 0.035876 0.999356 0.000000 58.064602 0.000000 0.000000 1.000000 0.000000
0.999825 -0.018689 0.000000 129.304466 0.018689 0.999825 0.000000 58.106474 0.000000 0.000000 1.000000 0.000000
0.999998 0.001963 0.000000 131.556052 -0.001963 0.999998 -0.000000 58.126668 -0.000000 0.000000 1.000000 0.000000
0.999814 0.019271 0.000000 133.772733 -0.019271 0.999814 -0.000000 58.068614 -0.000000 0.000000 1.000000 0.000000
0.999295 0.037530 0.000000 136.048802 -0.037530 0.999295 -0.000000 58.015520 -0.000000 0.000000 1.000000 0.000000
0.998503 0.054688 0.000000 138.340013 -0.054688 0.998503 -0.000000 57.899989 -0.000000 0.000000 1.000000 0.000000
0.997534 0.070183 0.000000 140.671159 -0.070183 0.997534 -0.000000 57.749328 -0.000000 0.000000 1.000000 0.000000
0.996275 0.086232 0.000000 142.924149 -0.086232 0.996275 -0.000000 57.585013 -0.000000 0.000000 1.000000 0.000000
0.994439 0.105314 0.000000 145.246571 -0.105314 0.994439 -0.000000 57.355308 -0.000000 0.000000 1.000000 0.000000
0.991682 0.128712 0.000000 147.554987 -0.128712 0.991682 -0.000000 57.071362 -0.000000 0.000000 1.000000 0.000000
0.989839 0.142192 0.000000 149.889070 -0.142192 0.989839 -0.000000 56.729467 -0.000000 0.000000 1.000000 0.000000
0.986326 0.164807 0.000000 152.268017 -0.164807 0.986326 -0.000000 56.355816 -0.000000 0.000000 1.000000 0.000000
0.984301 0.176499 0.000000 154.625862 -0.176499 0.984301 -0.000000 55.961432 -0.000000 0.000000 1.000000 0.000000
0.979413 0.201867 0.000000 156.997970 -0.201867 0.979413 -0.000000 55.468898 -0.000000 0.000000 1.000000 0.000000
0.975601 0.219551 0.000000 159.382602 -0.219551 0.975601 -0.000000 54.952793 -0.000000 0.000000 1.000000 0.000000
0.972285 0.233799 0.000000 161.777784 -0.233799 0.972285 -0.000000 54.389688 -0.000000 0.000000 1.000000 0.000000
0.965929 0.258806 0.000000 164.152947 -0.258806 0.965929 -0.000000 53.801779 -0.000000 0.000000 1.000000 0.000000
0.963219 0.268719 0.000000 166.543982 -0.268719 0.963219 -0.000000 53.132704 -0.000000 0.000000 1.000000 0.000000
0.960370 0.278730 0.000000 168.945258 -0.278730 0.960370 -0.000000 52.449055 -0.000000 0.000000 1.000000 0.000000
0.956682 0.291135 0.000000 171.288524 -0.291135 0.956682 -0.000000 51.764964 -0.000000 0.000000 1.000000 0.000000
0.950158 0.311769 0.000000 173.651099 -0.311769 0.950158 -0.000000 50.996134 -0.000000 0.000000 1.000000 0.000000
0.944409 0.328773 0.000000 176.033224 -0.328773 0.944409 -0.000000 50.191382 -0.000000 0.000000 1.000000 0.000000
0.941685 0.336496 0.000000 178.390421 -0.336496 0.941685 -0.000000 49.350464 -0.000000 0.000000 1.000000 0.000000
0.935581 0.353113 0.000000 180.801427 -0.353113 0.935581 -0.000000 48.449267 -0.000000 0.000000 1.000000 0.000000
0.926220 0.376982 0.000000 183.210297 -0.376982 0.926220 -0.000000 47.475596 -0.000000 0.000000 1.000000 0.000000
0.922225 0.386655 0.000000 185.572517 -0.386655 0.922225 -0.000000 46.506243 -0.000000 0.000000 1.000000 0.000000
0.912243 0.409648 0.000000 187.908960 -0.409648 0.912243 -0.000000 45.455979 -0.000000 0.000000 1.000000 0.000000
0.901051 0.433713 0.000000 190.257294 -0.433713 0.901051 -0.000000 44.367797 -0.000000 0.000000 1.000000 0.000000
0.893063 0.449932 0.000000 192.504850 -0.449932 0.893063 -0.000000 43.249378 -0.000000 0.000000 1.000000 0.000000
0.880531 0.473988 0.000000 194.689392 -0.473988 0.880531 -0.000000 42.076424 -0.000000 0.000000 1.000000 0.000000
0.867138 0.498069 0.000000 196.835190 -0.498069 0.867138 -0.000000 40.851928 -0.000000 0.000000 1.000000 0.000000
0.852040 0.523476 0.000000 198.975747 -0.523476 0.852040 -0.000000 39.570138 -0.000000 0.000000 1.000000 0.000000
0.836423 0.548085 0.000000 201.046741 -0.548085 0.836423 -0.000000 38.237583 -0.000000 0.000000 1.000000 0.000000
0.826198 0.563379 0.000000 203.059529 -0.563379 0.826198 -0.000000 36.830344 -0.000000 0.000000 1.000000 0.000000
0.805914 0.592032 0.000000 205.057985 -0.592032 0.805914 -0.000000 35.443804 -0.000000 0.000000 1.000000 0.000000
0.788661 0.614829 0.000000 206.954901 -0.614829 0.788661 -0.000000 33.965264 -0.000000 0.000000 1.000000 0.000000
0.767894 0.640577 0.000000 208.839801 -0.640577 0.767894 -0.000000 32.414477 -0.000000 0.000000 1.000000 0.000000
0.747770 0.663958 0.000000 210.655531 -0.663958 0.747770 -0.000000 30.834896 -0.000000 0.000000 1.000000 0.000000
0.730286 0.683142 0.000000 212.397096 -0.683142 0.730286 -0.000000 29.201920 -0.000000 0.000000 1.000000 0.000000
0.708089 0.706123 0.000000 214.058614 -0.706123 0.708089 -0.000000 27.519352 -0.000000 0.000000 1.000000 0.000000
0.688550 0.725189 0.000000 215.703169 -0.725189 0.688550 -0.000000 25.824190 -0.000000 0.000000 1.000000 0.000000
0.667462 0.744644 0.000000 217.249066 -0.744644 0.667462 -0.000000 24.134341 -0.000000 0.000000 1.000000 0.000000
0.653400 0.757013 0.000000 218.770092 -0.757013 0.653400 -0.000000 22.391727 -0.000000 0.000000 1.000000 0.000000
0.658179 0.752861 0.000000 220.317726 -0.752861 0.658179 -0.000000 20.634816 -0.000000 0.000000 1.000000 0.000000
0.634178 0.773187 0.000000 221.839442 -0.773187 0.634178 -0.000000 18.899240 -0.000000 0.000000 1.000000 0.000000
0.638340 0.769755 0.000000 223.312419 -0.769755 0.638340 -0.000000 17.141991 -0.000000 0.000000 1.000000 0.000000
0.626588 0.779350 0.000000 224.735864 -0.779350 0.626588 -0.000000 15.383182 -0.000000 0.000000 1.000000 0.000000
0.630859 0.775898 0.000000 226.151625 -0.775898 0.630859 -0.000000 13.613146 -0.000000 0.000000 1.000000 0.000000
0.634444 0.772969 0.000000 227.652722 -0.772969 0.634444 -0.000000 11.893186 -0.000000 0.000000 1.000000 0.000000
0.640158 0.768244 0.000000 229.111450 -0.768244 0.640158 -0.000000 10.167439 -0.000000 0.000000 1.000000 0.000000
0.651035 0.759048 0.000000 230.608803 -0.759048 0.651035 -0.000000 8.450658 -0.000000 0.000000 1.000000 0.000000
0.658603 0.752490 0.000000 232.084967 -0.752490 0.658603 -0.000000 6.776585 -0.000000 0.000000 1.000000 0.000000
0.673031 0.739614 0.000000 233.631311 -0.739614 0.673031 -0.000000 5.159583 -0.000000 0.000000 1.000000 0.000000
0.685894 0.727701 0.000000 235.142903 -0.727701 0.685894 -0.000000 3.598991 -0.000000 0.000000 1.000000 0.000000
0.708567 0.705644 0.000000 236.691154 -0.705644 0.708567 -0.000000 2.069369 -0.000000 0.000000 1.000000 0.000000
0.727398 0.686216 0.000000 238.350425 -0.686216 0.727398 -0.000000 0.514883 -0.000000 0.000000 1.000000 0.000000
0.744890 0.667187 0.000000 240.046399 -0.667187 0.744890 -0.000000 -0.936386 -0.000000 0.000000 1.000000 0.000000
0.771352 0.636409 0.000000 241.778990 -0.636409 0.771352 -0.000000 -2.274938 -0.000000 0.000000 1.000000 0.000000
0.797670 0.603094 0.000000 243.550610 -0.603094 0.797670 -0.000000 -3.585294 -0.000000 0.000000 1.000000 0.000000
0.820031 0.572319 0.000000 245.437893 -0.572319 0.820031 -0.000000 -4.842701 -0.000000 0.000000 1.000000 0.000000
0.853667 0.520820 0.000000 247.377194 -0.520820 0.853667 -0.000000 -5.989178 -0.000000 0.000000 1.000000 0.000000
0.878454 0.477827 0.000000 249.361050 -0.477827 0.878454 -0.000000 -7.019573 -0.000000 0.000000 1.000000 0.000000
0.901240 0.433320 0.000000 251.424185 -0.433320 0.901240 -0.000000 -8.004230 -0.000000 0.000000 1.000000 0.000000
0.918998 0.394262 0.000000 253.578797 -0.394262 0.918998 -0.000000 -8.890420 -0.000000 0.000000 1.000000 0.000000
0.941438 0.337187 0.000000 255.706000 -0.337187 0.941438 -0.000000 -9.634830 -0.000000 0.000000 1.000000 0.000000
0.956253 0.292543 0.000000 258.015171 -0.292543 0.956253 -0.000000 -10.362708 -0.000000 0.000000 1.000000 0.000000
0.964722 0.263270 0.000000 260.312178 -0.263270 0.964722 -0.000000 -10.988339 -0.000000 0.000000 1.000000 0.000000
0.972340 0.233570 0.000000 262.616530 -0.233570 0.972340 -0.000000 -11.469125 -0.000000 0.000000 1.000000 0.000000
0.976740 0.214425 0.000000 264.917836 -0.214425 0.976740 -0.000000 -11.945438 -0.000000 0.000000 1.000000 0.000000
0.980796 0.195038 0.000000 267.284507 -0.195038 0.980796 -0.000000 -12.381905 -0.000000 0.000000 1.000000 0.000000
0.983283 0.182084 0.000000 269.688656 -0.182084 0.983283 -0.000000 -12.808147 -0.000000 0.000000 1.000000 0.000000
0.985632 0.168904 0.000000 272.072582 -0.168904 0.985632 -0.000000 -13.152412 -0.000000 0.000000 1.000000 0.000000
0.987753 0.156027 0.000000 274.515670 -0.156027 0.987753 -0.000000 -13.513015 -0.000000 0.000000 1.000000 0.000000
0.987418 0.158132 0.000000 276.943261 -0.158132 0.987418 -0.000000 -13.858861 -0.000000 0.000000 1.000000 0.000000
0.988173 0.153342 0.000000 279.419943 -0.153342 0.988173 -0.000000 -14.250752 -0.000000 0.000000 1.000000 0.000000
0.990278 0.139105 0.000000 281.905028 -0.139105 0.990278 -0.000000 -14.630159 -0.000000 0.000000 1.000000 0.000000
0.990932 0.134365 0.000000 284.474329 -0.134365 0.990932 -0.000000 -14.960933 -0.000000 0.000000 1.000000 0.000000
0.992985 0.118238 0.000000 286.941234 -0.118238 0.992985 -0.000000 -15.230583 -0.000000 0.000000 1.000000 0.000000
0.993566 0.113254 0.000000 289.527096 -0.113254 0.993566 -0.000000 -15.549893 -0.000000 0.000000 1.000000 0.000000
0.993480 0.114010 0.000000 292.088228 -0.114010 0.993480 -0.000000 -15.796891 -0.000000 0.000000 1.000000 0.000000
0.994324 0.106398 0.000000 294.685520 -0.106398 0.994324 -0.000000 -16.015442 -0.000000 0.000000 1.000000 0.000000
0.995546 0.094274 0.000000 297.296954 -0.094274 0.995546 -0.000000 -16.264045 -0.000000 0.000000 1.000000 0.000000
0.995748 0.092119 0.000000 299.915424 -0.092119 0.995748 -0.000000 -16.435206 -0.000000 0.000000 1.000000 0.000000
0.996216 0.086912 0.000000 302.594709 -0.086912 0.996216 -0.000000 -16.709150 -0.000000 0.000000 1.000000 0.000000
0.996582 0.082607 0.000000 305.257448 -0.082607 0.996582 -0.000000 -16.891167 -0.000000 0.000000 1.000000 0.000000
0.997211 0.074630 0.000000 307.957845 -0.074630 0.997211 -0.000000 -17.120633 -0.000000 0.000000 1.000000 0.000000
0.997165 0.075243 0.000000 310.590342 -0.075243 0.997165 -0.000000 -17.339899 -0.000000 0.000000 1.000000 0.000000
0.997478 0.070971 0.000000 313.238830 -0.070971 0.997478 -0.000000 -17.477040 -0.000000 0.000000 1.000000 0.000000
0.997691 0.067911 0.000000 315.858479 -0.067911 0.997691 -0.000000 -17.631706 -0.000000 0.000000 1.000000 0.000000
0.998172 0.060445 0.000000 318.476678 -0.060445 0.998172 -0.000000 -17.830092 -0.000000 0.000000 1.000000 0.000000
0.998454 0.055577 0.000000 321.086388 -0.055577 0.998454 -0.000000 -17.923026 -0.000000 0.000000 1.000000 0.000000
0.998716 0.050661 0.000000 323.607033 -0.050661 0.998716 -0.000000 -18.026436 -0.000000 0.000000 1.000000 0.000000
0.998854 0.047860 0.000000 326.184169 -0.047860 0.998854 -0.000000 -18.122224 -0.000000 0.000000 1.000000 0.000000
0.998748 0.050022 0.000000 328.685319 -0.050022 0.998748 -0.000000 -18.241731 -0.000000 0.000000 1.000000 0.000000
0.998946 0.045898 0.000000 331.242424 -0.045898 0.998946 -0.000000 -18.379135 -0.000000 0.000000 1.000000 0.000000
0.999110 0.042177 0.000000 333.723575 -0.042177 0.999110 -0.000000 -18.495294 -0.000000 0.000000 1.000000 0.000000
0.999330 0.036600 0.000000 336.224292 -0.036600 0.999330 -0.000000 -18.548635 -0.000000 0.000000 1.000000 0.000000
0.999524 0.030851 0.000000 338.681177 -0.030851 0.999524 -0.000000 -18.579617 -0.000000 0.000000 1.000000 0.000000
0.999408 0.034401 0.000000 341.152976 -0.034401 0.999408 -0.000000 -18.639336 -0.000000 0.000000 1.000000 0.000000
0.999242 0.038924 0.000000 343.645578 -0.038924 0.999242 -0.000000 -18.718215 -0.000000 0.000000 1.000000 0.000000
0.999107 0.042248 0.000000 346.086143 -0.042248 0.999107 -0.000000 -18.794661 -0.000000 0.000000 1.000000 0.000000
0.998232 0.059437 0.000000 348.528257 -0.059437 0.998232 -0.000000 -18.983604 -0.000000 0.000000 1.000000 0.000000
0.997567 0.069719 0.000000 350.981562 -0.069719 0.997567 -0.000000 -19.133300 -0.000000 0.000000 1.000000 0.000000
0.997126 0.075766 0.000000 353.428668 -0.075766 0.997126 -0.000000 -19.310845 -0.000000 0.000000 1.000000 0.000000
0.996828 0.079592 0.000000 355.913196 -0.079592 0.996828 -0.000000 -19.432073 -0.000000 0.000000 1.000000 0.000000
0.997778 0.066633 0.000000 358.425348 -0.066633 0.997778 -0.000000 -19.652106 -0.000000 0.000000 1.000000 0.000000
0.996204 0.087053 0.000000 360.848144 -0.087053 0.996204 -0.000000 -19.842762 -0.000000 0.000000 1.000000 0.000000
0.997189 0.074931 0.000000 363.292688 -0.074931 0.997189 -0.000000 -20.016803 -0.000000 0.000000 1.000000 0.000000
0.996765 0.080368 0.000000 365.807063 -0.080368 0.996765 -0.000000 -20.234086 -0.000000 0.000000 1.000000 0.000000
0.997380 0.072338 0.000000 368.277343 -0.072338 0.997380 -0.000000 -20.383596 -0.000000 0.000000 1.000000 0.000000
0.997360 0.072611 0.000000 370.708050 -0.072611 0.997360 -0.000000 -20.566490 -0.000000 0.000000 1.000000 0.000000
0.997773 0.066701 0.000000 373.171077 -0.066701 0.997773 -0.000000 -20.709575 -0.000000 0.000000 1.000000 0.000000
0.997481 0.070931 0.000000 375.576020 -0.070931 0.997481 -0.000000 -20.889031 -0.000000 0.000000 1.000000 0.000000
0.996562 0.082852 0.000000 377.963478 -0.082852 0.996562 -0.000000 -21.060537 -0.000000 0.000000 1.000000 0.000000
0.997400 0.072071 0.000000 380.316983 -0.072071 0.997400 -0.000000 -21.206852 -0.000000 0.000000 1.000000 0.000000
0.997088 0.076259 0.000000 382.680420 -0.076259 0.997088 -0.000000 -21.325507 -0.000000 0.000000 1.000000 0.000000
0.997553 0.069912 0.000000 384.915237 -0.069912 0.997553 -0.000000 -21.491753 -0.000000 0.000000 1.000000 0.000000
0.997428 0.071680 0.000000 387.187567 -0.071680 0.997428 -0.000000 -21.608992 -0.000000 0.000000 1.000000 0.000000
0.997426 0.071697 0.000000 389.336937 -0.071697 0.997426 -0.000000 -21.760056 -0.000000 0.000000 1.000000 0.000000
0.997520 0.070385 0.000000 391.403987 -0.070385 0.997520 -0.000000 -21.903970 -0.000000 0.000000 1.000000 0.000000
0.997208 0.074677 0.000000 393.393385 -0.074677 0.997208 -0.000000 -22.023149 -0.000000 0.000000 1.000000 0.000000
0.997649 0.068531 0.000000 395.309332 -0.068531 0.997649 -0.000000 -22.202825 -0.000000 0.000000 1.000000 0.000000
0.997315 0.073226 0.000000 397.189754 -0.073226 0.997315 -0.000000 -22.320815 -0.000000 0.000000 1.000000 0.000000
0.998824 0.048493 0.000000 399.080760 -0.048493 0.998824 -0.000000 -22.389214 -0.000000 0.000000 1.000000 0.000000
0.997614 0.069033 0.000000 400.774695 -0.069033 0.997614 -0.000000 -22.517852 -0.000000 0.000000 1.000000 0.000000
0.997609 0.069104 0.000000 402.438974 -0.069104 0.997609 -0.000000 -22.600286 -0.000000 0.000000 1.000000 0.000000
0.997739 0.067206 0.000000 404.046394 -0.067206 0.997739 -0.000000 -22.687230 -0.000000 0.000000 1.000000 0.000000
0.997160 0.075314 0.000000 405.582629 -0.075314 0.997160 -0.000000 -22.774166 -0.000000 0.000000 1.000000 0.000000
0.986935 0.161119 0.000000 408.299786 -0.161119 0.986935 -0.000000 -23.243175 -0.000000 0.000000 1.000000 0.000000
0.961171 0.275952 0.000000 410.667110 -0.275952 0.961171 -0.000000 -23.898664 -0.000000 0.000000 1.000000 0.000000
0.912514 0.409045 0.000000 412.810713 -0.409045 0.912514 -0.000000 -24.872378 -0.000000 0.000000 1.000000 0.000000
0.833206 0.552962 0.000000 414.615783 -0.552962 0.833206 -0.000000 -26.171882 -0.000000 0.000000 1.000000 0.000000
0.782858 0.622200 0.000000 415.416267 -0.622200 0.782858 -0.000000 -26.878484 -0.000000 0.000000 1.000000 0.000000
0.665874 0.746065 0.000000 416.792455 -0.746065 0.665874 -0.000000 -28.577480 -0.000000 0.000000 1.000000 0.000000
0.543341 0.839512 0.000000 417.918105 -0.839512 0.543341 -0.000000 -30.510575 -0.000000 0.000000 1.000000 0.000000
0.439797 0.898097 0.000000 418.998082 -0.898097 0.439797 -0.000000 -32.551626 -0.000000 0.000000 1.000000 0.000000
0.341791 0.939776 0.000000 419.813519 -0.939776 0.341791 -0.000000 -34.837939 -0.000000 0.000000 1.000000 0.000000
0.264264 0.964450 0.000000 420.534298 -0.964450 0.264264 -0.000000 -37.361388 -0.000000 0.000000 1.000000 0.000000
0.170157 0.985417 0.000000 420.996059 -0.985417 0.170157 -0.000000 -40.095772 -0.000000 0.000000 1.000000 0.000000
0.081043 0.996711 0.000000 421.258399 -0.996711 0.081043 -0.000000 -43.013937 -0.000000 0.000000 1.000000 0.000000
0.039270 0.999229 0.000000 421.293012 -0.999229 0.039270 -0.000000 -44.605299 -0.000000 0.000000 1.000000 0.000000
0.009291 0.999957 0.000000 421.289643 -0.999957 0.009291 -0.000000 -46.208390 -0.000000 0.000000 1.000000 0.000000
-0.027644 0.999618 0.000000 421.262295 -0.999618 -0.027644 -0.000000 -47.909011 -0.000000 0.000000 1.000000 0.000000
-0.046851 0.998902 0.000000 421.166771 -0.998902 -0.046851 -0.000000 -49.624745 -0.000000 0.000000 1.000000 0.000000
-0.071419 0.997446 0.000000 421.014663 -0.997446 -0.071419 -0.000000 -51.410657 -0.000000 0.000000 1.000000 0.000000
-0.086387 0.996262 0.000000 420.831159 -0.996262 -0.086387 -0.000000 -53.220280 -0.000000 0.000000 1.000000 0.000000
-0.093283 0.995640 0.000000 420.697667 -0.995640 -0.093283 -0.000000 -55.108685 -0.000000 0.000000 1.000000 0.000000
-0.091535 0.995802 0.000000 420.498476 -0.995802 -0.091535 -0.000000 -57.091873 -0.000000 0.000000 1.000000 0.000000
-0.095258 0.995453 0.000000 420.301157 -0.995453 -0.095258 -0.000000 -59.069762 -0.000000 0.000000 1.000000 0.000000
-0.103394 0.994640 0.000000 420.104455 -0.994640 -0.103394 -0.000000 -61.130704 -0.000000 0.000000 1.000000 0.000000
-0.094646 0.995511 0.000000 419.933104 -0.995511 -0.094646 -0.000000 -63.273347 -0.000000 0.000000 1.000000 0.000000
-0.099601 0.995027 0.000000 419.736718 -0.995027 -0.099601 -0.000000 -65.409798 -0.000000 0.000000 1.000000 0.000000
-0.096635 0.995320 0.000000 419.542417 -0.995320 -0.096635 -0.000000 -67.610126 -0.000000 0.000000 1.000000 0.000000
-0.104394 0.994536 0.000000 419.328798 -0.994536 -0.104394 -0.000000 -69.866019 -0.000000 0.000000 1.000000 0.000000
-0.099639 0.995024 0.000000 419.090091 -0.995024 -0.099639 -0.000000 -72.185434 -0.000000 0.000000 1.000000 0.000000
-0.100304 0.994957 0.000000 418.851959 -0.994957 -0.100304 -0.000000 -74.514458 -0.000000 0.000000 1.000000 0.000000
-0.102770 0.994705 0.000000 418.649641 -0.994705 -0.102770 -0.000000 -76.926672 -0.000000 0.000000 1.000000 0.000000
-0.113018 0.993593 0.000000 418.374807 -0.993593 -0.113018 -0.000000 -79.266931 -0.000000 0.000000 1.000000 0.000000
-0.111700 0.993742 0.000000 418.115196 -0.993742 -0.111700 -0.000000 -81.664311 -0.000000 0.000000 1.000000 0.000000
-0.109307 0.994008 0.000000 417.890903 -0.994008 -0.109307 -0.000000 -84.060653 -0.000000 0.000000 1.000000 0.000000
-0.106009 0.994365 0.000000 417.636350 -0.994365 -0.106009 -0.000000 -86.472737 -0.000000 0.000000 1.000000 0.000000
-0.104973 0.994475 0.000000 417.366555 -0.994475 -0.104973 -0.000000 -89.020124 -0.000000 0.000000 1.000000 0.000000
-0.106127 0.994353 0.000000 417.143300 -0.994353 -0.106127 -0.000000 -91.451978 -0.000000 0.000000 1.000000 0.000000
-0.096457 0.995337 0.000000 416.898950 -0.995337 -0.096457 -0.000000 -94.032076 -0.000000 0.000000 1.000000 0.000000
-0.095176 0.995460 0.000000 416.672090 -0.995460 -0.095176 -0.000000 -96.590327 -0.000000 0.000000 1.000000 0.000000
-0.101101 0.994876 0.000000 416.422784 -0.994876 -0.101101 -0.000000 -99.219468 -0.000000 0.000000 1.000000 0.000000
-0.097621 0.995224 0.000000 416.163400 -0.995224 -0.097621 -0.000000 -101.843959 -0.000000 0.000000 1.000000 0.000000
-0.105227 0.994448 0.000000 415.899836 -0.994448 -0.105227 -0.000000 -104.461072 -0.000000 0.000000 1.000000 0.000000
-0.100698 0.994917 0.000000 415.629440 -0.994917 -0.100698 -0.000000 -107.180133 -0.000000 0.000000 1.000000 0.000000
-0.098142 0.995172 0.000000 415.367114 -0.995172 -0.098142 -0.000000 -109.872801 -0.000000 0.000000 1.000000 0.000000
-0.109525 0.993984 0.000000 415.057607 -0.993984 -0.109525 -0.000000 -112.605860 -0.000000 0.000000 1.000000 0.000000
-0.113522 0.993535 0.000000 414.769161 -0.993535 -0.113522 -0.000000 -115.379282 -0.000000 0.000000 1.000000 0.000000
-0.119609 0.992821 0.000000 414.477999 -0.992821 -0.119609 -0.000000 -118.171860 -0.000000 0.000000 1.000000 0.000000
-0.125538 0.992089 0.000000 414.093492 -0.992089 -0.125538 -0.000000 -121.001768 -0.000000 0.000000 1.000000 0.000000
-0.137453 0.990508 0.000000 413.697013 -0.990508 -0.137453 -0.000000 -123.833043 -0.000000 0.000000 1.000000 0.000000
-0.150145 0.988664 0.000000 413.245815 -0.988664 -0.150145 -0.000000 -126.695022 -0.000000 0.000000 1.000000 0.000000
-0.154024 0.988067 0.000000 412.816845 -0.988067 -0.154024 -0.000000 -129.621516 -0.000000 0.000000 1.000000 0.000000
-0.171213 0.985234 0.000000 412.352809 -0.985234 -0.171213 -0.000000 -132.506917 -0.000000 0.000000 1.000000 0.000000
-0.184833 0.982770 0.000000 411.777284 -0.982770 -0.184833 -0.000000 -135.408783 -0.000000 0.000000 1.000000 0.000000
-0.189361 0.981907 0.000000 411.282313 -0.981907 -0.189361 -0.000000 -138.357955 -0.000000 0.000000 1.000000 0.000000
-0.208314 0.978062 0.000000 410.687997 -0.978062 -0.208314 -0.000000 -141.334753 -0.000000 0.000000 1.000000 0.000000
-0.227138 0.973863 0.000000 409.983893 -0.973863 -0.227138 -0.000000 -144.328301 -0.000000 0.000000 1.000000 0.000000
-0.236118 0.971724 0.000000 409.266114 -0.971724 -0.236118 -0.000000 -147.275551 -0.000000 0.000000 1.000000 0.000000
-0.256187 0.966627 0.000000 408.513343 -0.966627 -0.256187 -0.000000 -150.239349 -0.000000 0.000000 1.000000 0.000000
-0.268942 0.963156 0.000000 407.727608 -0.963156 -0.268942 -0.000000 -153.250691 -0.000000 0.000000 1.000000 0.000000
-0.299835 0.953991 0.000000 406.821179 -0.953991 -0.299835 -0.000000 -156.176284 -0.000000 0.000000 1.000000 0.000000
-0.312683 0.949857 0.000000 405.881680 -0.949857 -0.312683 -0.000000 -159.181040 -0.000000 0.000000 1.000000 0.000000
-0.308742 0.951146 0.000000 404.972324 -0.951146 -0.308742 -0.000000 -162.214776 -0.000000 0.000000 1.000000 0.000000
-0.323347 0.946281 0.000000 403.977314 -0.946281 -0.323347 -0.000000 -165.223454 -0.000000 0.000000 1.000000 0.000000
-0.338740 0.940880 0.000000 402.915759 -0.940880 -0.338740 -0.000000 -168.252314 -0.000000 0.000000 1.000000 0.000000
-0.356664 0.934233 0.000000 401.854902 -0.934233 -0.356664 -0.000000 -171.296022 -0.000000 0.000000 1.000000 0.000000
-0.373380 0.927678 0.000000 400.666524 -0.927678 -0.373380 -0.000000 -174.295804 -0.000000 0.000000 1.000000 0.000000
-0.381235 0.924478 0.000000 399.455656 -0.924478 -0.381235 -0.000000 -177.220589 -0.000000 0.000000 1.000000 0.000000
-0.399600 0.916690 0.000000 398.237444 -0.916690 -0.399600 -0.000000 -180.274922 -0.000000 0.000000 1.000000 0.000000
-0.408879 0.912589 0.000000 396.956856 -0.912589 -0.408879 -0.000000 -183.260976 -0.000000 0.000000 1.000000 0.000000
-0.421719 0.906726 0.000000 395.584566 -0.906726 -0.421719 -0.000000 -186.224952 -0.000000 0.000000 1.000000 0.000000
-0.422325 0.906444 0.000000 394.223395 -0.906444 -0.422325 -0.000000 -189.118544 -0.000000 0.000000 1.000000 0.000000
-0.436875 0.899522 0.000000 392.781745 -0.899522 -0.436875 -0.000000 -192.089273 -0.000000 0.000000 1.000000 0.000000
-0.442992 0.896526 0.000000 391.394825 -0.896526 -0.442992 -0.000000 -195.061984 -0.000000 0.000000 1.000000 0.000000
-0.457504 0.889208 0.000000 389.915803 -0.889208 -0.457504 -0.000000 -198.053829 -0.000000 0.000000 1.000000 0.000000
-0.473519 0.880784 0.000000 388.371609 -0.880784 -0.473519 -0.000000 -200.986873 -0.000000 0.000000 1.000000 0.000000
-0.471685 0.881767 0.000000 386.843269 -0.881767 -0.471685 0.000000 -203.908835 0.000000 0.000000 1.000000 0.000000
-0.475326 0.879810 0.000000 385.261368 -0.879810 -0.475326 0.000000 -206.765862 0.000000 0.000000 1.000000 0.000000
-0.489879 0.871790 0.000000 383.706396 -0.871790 -0.489879 0.000000 -209.615801 0.000000 0.000000 1.000000 0.000000
-0.474394 0.880313 0.000000 382.157214 -0.880313 -0.474394 0.000000 -212.486364 0.000000 0.000000 1.000000 0.000000
-0.496649 0.867952 0.000000 380.587869 -0.867952 -0.496649 0.000000 -215.309461 0.000000 0.000000 1.000000 0.000000
-0.487684 0.873020 0.000000 379.073669 -0.873020 -0.487684 0.000000 -218.091856 0.000000 0.000000 1.000000 0.000000
-0.473169 0.880972 0.000000 377.629046 -0.880972 -0.473169 0.000000 -220.886796 0.000000 0.000000 1.000000 0.000000
-0.478447 0.878116 0.000000 376.023614 -0.878116 -0.478447 0.000000 -223.599791 0.000000 0.000000 1.000000 0.000000
-0.475239 0.879857 0.000000 374.607227 -0.879857 -0.475239 0.000000 -226.392151 0.000000 0.000000 1.000000 0.000000
-0.480315 0.877096 0.000000 373.066487 -0.877096 -0.480315 0.000000 -229.172849 0.000000 0.000000 1.000000 0.000000
-0.483041 0.875598 0.000000 371.570885 -0.875598 -0.483041 0.000000 -231.919511 0.000000 0.000000 1.000000 0.000000
-0.482890 0.875681 0.000000 370.123585 -0.875681 -0.482890 0.000000 -234.711581 0.000000 0.000000 1.000000 0.000000
-0.485874 0.874029 0.000000 368.588067 -0.874029 -0.485874 0.000000 -237.402589 0.000000 0.000000 1.000000 0.000000
-0.497617 0.867397 0.000000 367.058589 -0.867397 -0.497617 0.000000 -240.073042 0.000000 0.000000 1.000000 0.000000
-0.492235 0.870463 0.000000 365.572007 -0.870463 -0.492235 0.000000 -242.740870 0.000000 0.000000 1.000000 0.000000
-0.497778 0.867305 0.000000 364.061692 -0.867305 -0.497778 0.000000 -245.367150 0.000000 0.000000 1.000000 0.000000
-0.498976 0.866616 0.000000 362.556292 -0.866616 -0.498976 0.000000 -248.017084 0.000000 0.000000 1.000000 0.000000
-0.505836 0.862629 0.000000 361.008481 -0.862629 -0.505836 0.000000 -250.640119 0.000000 0.000000 1.000000 0.000000
-0.517574 0.855638 0.000000 359.436598 -0.855638 -0.517574 0.000000 -253.216188 0.000000 0.000000 1.000000 0.000000
-0.522854 0.852422 0.000000 357.873945 -0.852422 -0.522854 0.000000 -255.819332 0.000000 0.000000 1.000000 0.000000
-0.532900 0.846178 0.000000 356.282947 -0.846178 -0.532900 0.000000 -258.394308 0.000000 0.000000 1.000000 0.000000
-0.543654 0.839309 0.000000 354.682372 -0.839309 -0.543654 0.000000 -260.942013 0.000000 0.000000 1.000000 0.000000
-0.540856 0.841115 0.000000 353.099515 -0.841115 -0.540856 0.000000 -263.451249 0.000000 0.000000 1.000000 0.000000
-0.553895 0.832587 0.000000 351.421733 -0.832587 -0.553895 0.000000 -265.956962 0.000000 0.000000 1.000000 0.000000
-0.574961 0.818181 0.000000 349.753954 -0.818181 -0.574961 0.000000 -268.437699 0.000000 0.000000 1.000000 0.000000
-0.592541 0.805540 0.000000 347.994302 -0.805540 -0.592541 0.000000 -270.861609 0.000000 0.000000 1.000000 0.000000
-0.588107 0.808783 0.000000 346.213196 -0.808783 -0.588107 0.000000 -273.305174 0.000000 0.000000 1.000000 0.000000
-0.615520 0.788121 0.000000 344.403891 -0.788121 -0.615520 0.000000 -275.688607 0.000000 0.000000 1.000000 0.000000
-0.620322 0.784348 0.000000 342.494818 -0.784348 -0.620322 0.000000 -278.017473 0.000000 0.000000 1.000000 0.000000
-0.640201 0.768208 0.000000 340.546173 -0.768208 -0.640201 0.000000 -280.321215 0.000000 0.000000 1.000000 0.000000
-0.651289 0.758830 0.000000 338.590696 -0.758830 -0.651289 0.000000 -282.577949 0.000000 0.000000 1.000000 0.000000
-0.659949 0.751311 0.000000 336.669751 -0.751311 -0.659949 0.000000 -284.793214 0.000000 0.000000 1.000000 0.000000
-0.677039 0.735947 0.000000 334.630165 -0.735947 -0.677039 0.000000 -287.095921 0.000000 0.000000 1.000000 0.000000
-0.687907 0.725799 0.000000 332.554519 -0.725799 -0.687907 0.000000 -289.337615 0.000000 0.000000 1.000000 0.000000
-0.700772 0.713385 0.000000 330.468917 -0.713385 -0.700772 0.000000 -291.370624 0.000000 0.000000 1.000000 0.000000
-0.699547 0.714586 0.000000 328.373058 -0.714586 -0.699547 0.000000 -293.570307 0.000000 0.000000 1.000000 0.000000
-0.715591 0.698519 0.000000 326.289374 -0.698519 -0.715591 0.000000 -295.749984 0.000000 0.000000 1.000000 0.000000
-0.703642 0.710555 0.000000 324.186409 -0.710555 -0.703642 0.000000 -297.854932 0.000000 0.000000 1.000000 0.000000
-0.710100 0.704100 0.000000 322.085640 -0.704100 -0.710100 0.000000 -300.038463 0.000000 0.000000 1.000000 0.000000
-0.706616 0.707597 0.000000 319.997719 -0.707597 -0.706616 0.000000 -302.184746 0.000000 0.000000 1.000000 0.000000
-0.705110 0.709098 0.000000 317.887988 -0.709098 -0.705110 0.000000 -304.294718 0.000000 0.000000 1.000000 0.000000
-0.703308 0.710886 0.000000 315.734932 -0.710886 -0.703308 0.000000 -306.463662 0.000000 0.000000 1.000000 0.000000
-0.712202 0.701975 0.000000 313.622998 -0.701975 -0.712202 0.000000 -308.621744 0.000000 0.000000 1.000000 0.000000
-0.713595 0.700559 0.000000 311.516774 -0.700559 -0.713595 0.000000 -310.749803 0.000000 0.000000 1.000000 0.000000
-0.720219 0.693747 0.000000 309.371666 -0.693747 -0.720219 0.000000 -312.865658 0.000000 0.000000 1.000000 0.000000
-0.721244 0.692681 0.000000 307.224474 -0.692681 -0.721244 0.000000 -314.945443 0.000000 0.000000 1.000000 0.000000
-0.715667 0.698442 0.000000 305.104020 -0.698442 -0.715667 0.000000 -317.063641 0.000000 0.000000 1.000000 0.000000
-0.715435 0.698679 0.000000 302.978624 -0.698679 -0.715435 0.000000 -319.223920 0.000000 0.000000 1.000000 0.000000
-0.707983 0.706230 0.000000 300.843469 -0.706230 -0.707983 0.000000 -321.378953 0.000000 0.000000 1.000000 0.000000
-0.702762 0.711425 0.000000 298.689010 -0.711425 -0.702762 0.000000 -323.545667 0.000000 0.000000 1.000000 0.000000
-0.692495 0.721423 0.000000 296.624104 -0.721423 -0.692495 0.000000 -325.801491 0.000000 0.000000 1.000000 0.000000
-0.682284 0.731087 0.000000 294.526758 -0.731087 -0.682284 0.000000 -328.076316 0.000000 0.000000 1.000000 0.000000
-0.674406 0.738361 0.000000 292.395834 -0.738361 -0.674406 0.000000 -330.309618 0.000000 0.000000 1.000000 0.000000
-0.656330 0.754474 0.000000 290.378163 -0.754474 -0.656330 0.000000 -332.714018 0.000000 0.000000 1.000000 0.000000
-0.648012 0.761630 0.000000 288.414755 -0.761630 -0.648012 0.000000 -335.117492 0.000000 0.000000 1.000000 0.000000
-0.635756 0.771890 0.000000 286.424615 -0.771890 -0.635756 0.000000 -337.569408 0.000000 0.000000 1.000000 0.000000
-0.619122 0.785295 0.000000 284.491500 -0.785295 -0.619122 0.000000 -340.028922 0.000000 0.000000 1.000000 0.000000
-0.602437 0.798166 0.000000 282.508481 -0.798166 -0.602437 0.000000 -342.530552 0.000000 0.000000 1.000000 0.000000
-0.595480 0.803370 0.000000 280.667817 -0.803370 -0.595480 0.000000 -345.141417 0.000000 0.000000 1.000000 0.000000
-0.577687 0.816259 0.000000 278.861331 -0.816259 -0.577687 0.000000 -347.689247 0.000000 0.000000 1.000000 0.000000
-0.567812 0.823158 0.000000 277.048320 -0.823158 -0.567812 0.000000 -350.398284 0.000000 0.000000 1.000000 0.000000
-0.557218 0.830366 0.000000 275.312648 -0.830366 -0.557218 0.000000 -353.052655 0.000000 0.000000 1.000000 0.000000
-0.550697 0.834706 0.000000 273.561572 -0.834706 -0.550697 0.000000 -355.723521 0.000000 0.000000 1.000000 0.000000
-0.543800 0.839215 0.000000 271.846821 -0.839215 -0.543800 0.000000 -358.514728 0.000000 0.000000 1.000000 0.000000
-0.543003 0.839731 0.000000 270.173756 -0.839731 -0.543003 0.000000 -361.212056 0.000000 0.000000 1.000000 0.000000
-0.557421 0.830230 0.000000 268.372007 -0.830230 -0.557421 0.000000 -363.977979 0.000000 0.000000 1.000000 0.000000
-0.539687 0.841866 0.000000 266.639879 -0.841866 -0.539687 0.000000 -366.696544 0.000000 0.000000 1.000000 0.000000
-0.540353 0.841439 0.000000 264.828100 -0.841439 -0.540353 0.000000 -369.447957 0.000000 0.000000 1.000000 0.000000
-0.523740 0.851878 0.000000 263.119335 -0.851878 -0.523740 0.000000 -372.259687 0.000000 0.000000 1.000000 0.000000
-0.519057 0.854740 0.000000 261.446921 -0.854740 -0.519057 0.000000 -375.090575 0.000000 0.000000 1.000000 0.000000
-0.513671 0.857987 0.000000 259.727949 -0.857987 -0.513671 0.000000 -377.915206 0.000000 0.000000 1.000000 0.000000
-0.516524 0.856272 0.000000 258.050184 -0.856272 -0.516524 0.000000 -380.774224 0.000000 0.000000 1.000000 0.000000
-0.509997 0.860176 0.000000 256.365453 -0.860176 -0.509997 0.000000 -383.612521 0.000000 0.000000 1.000000 0.000000
-0.510563 0.859841 0.000000 254.649181 -0.859841 -0.510563 0.000000 -386.528052 0.000000 0.000000 1.000000 0.000000
-0.508136 0.861277 0.000000 252.975910 -0.861277 -0.508136 0.000000 -389.397557 0.000000 0.000000 1.000000 0.000000
-0.505264 0.862965 0.000000 251.329628 -0.862965 -0.505264 0.000000 -392.335664 0.000000 0.000000 1.000000 0.000000
-0.503511 0.863989 0.000000 249.713324 -0.863989 -0.503511 0.000000 -395.249986 0.000000 0.000000 1.000000 0.000000
-0.504539 0.863389 0.000000 248.071527 -0.863389 -0.504539 0.000000 -398.130172 0.000000 0.000000 1.000000 0.000000
-0.501909 0.864921 0.000000 246.370148 -0.864921 -0.501909 0.000000 -400.919887 0.000000 0.000000 1.000000 0.000000
-0.501082 0.865400 0.000000 244.723228 -0.865400 -0.501082 0.000000 -403.751382 0.000000 0.000000 1.000000 0.000000
-0.501096 0.865391 0.000000 243.113252 -0.865391 -0.501096 0.000000 -406.578294 0.000000 0.000000 1.000000 0.000000
-0.496931 0.867790 0.000000 241.487819 -0.867790 -0.496931 0.000000 -409.437396 0.000000 0.000000 1.000000 0.000000
