1.000000 0.000000 0.000000 0.000000 0.000000 1.000000 0.000000 0.000000 0.000000 0.000000 1.000000 0.000000 1547123578802910089

0.997317 -0.073198 0.000000 1.742936 0.073198 0.997317 0.000000 0.089280 0.000000 0.000000 1.000000 0.000000 1547123608263822078

0.989727 -0.142969 0.000000 3.280488 0.142969 0.989727 0.000000 0.398055 0.000000 0.000000 1.000000 0.000000 1547123609010155916

0.980475 -0.196643 0.000000 5.463150 0.196643 0.980475 0.000000 0.674647 0.000000 0.000000 1.000000 0.000000 1547123609760283946

0.982109 -0.188313 0.000000 7.202011 0.188313 0.982109 0.000000 1.034014 0.000000 0.000000 1.000000 0.000000 1547123610262703895

0.985947 -0.167057 0.000000 9.266992 0.167057 0.985947 0.000000 1.407586 0.000000 0.000000 1.000000 0.000000 1547123610763380050

0.990590 -0.136862 0.000000 11.556080 0.136862 0.990590 0.000000 1.666772 0.000000 0.000000 1.000000 0.000000 1547123611263761043

0.994978 -0.100094 0.000000 14.091285 0.100094 0.994978 0.000000 1.892777 0.000000 0.000000 1.000000 0.000000 1547123611762864112

0.998281 -0.058606 0.000000 16.720005 0.058606 0.998281 0.000000 2.001911 0.000000 0.000000 1.000000 0.000000 1547123612259258031

0.999574 -0.029169 0.000000 19.368541 0.029169 0.999574 0.000000 2.019387 0.000000 0.000000 1.000000 0.000000 1547123612755436897

0.999829 -0.018495 0.000000 22.067127 0.018495 0.999829 0.000000 2.074562 0.000000 0.000000 1.000000 0.000000 1547123613254825115

0.999969 -0.007876 0.000000 24.789941 0.007876 0.999969 0.000000 2.088578 0.000000 0.000000 1.000000 0.000000 1547123613753205060

1.000000 0.000244 0.000000 27.565287 -0.000244 1.000000 -0.000000 2.046494 -0.000000 0.000000 1.000000 0.000000 1547123614251565933

0.999942 0.010794 0.000000 30.406883 -0.010794 0.999942 -0.000000 1.975133 -0.000000 0.000000 1.000000 0.000000 1547123614750097036

0.999886 0.015106 0.000000 33.357030 -0.015106 0.999886 -0.000000 1.913011 -0.000000 0.000000 1.000000 0.000000 1547123615252060890

0.999854 0.017109 0.000000 36.414331 -0.017109 0.999854 -0.000000 1.803155 -0.000000 0.000000 1.000000 0.000000 1547123615753592967

0.999861 0.016670 0.000000 38.013583 -0.016670 0.999861 -0.000000 1.792136 -0.000000 0.000000 1.000000 0.000000 1547123616004024982

0.999882 0.015371 0.000000 39.541389 -0.015371 0.999882 -0.000000 1.729699 -0.000000 0.000000 1.000000 0.000000 1547123616253848075

0.999882 0.015391 0.000000 41.217385 -0.015391 0.999882 -0.000000 1.677394 -0.000000 0.000000 1.000000 0.000000 1547123616503586053

0.999890 0.014849 0.000000 42.823702 -0.014849 0.999890 -0.000000 1.626298 -0.000000 0.000000 1.000000 0.000000 1547123616753154993

0.999909 0.013508 0.000000 44.515005 -0.013508 0.999909 -0.000000 1.567047 -0.000000 0.000000 1.000000 0.000000 1547123617002758979

0.999930 0.011872 0.000000 46.235374 -0.011872 0.999930 -0.000000 1.551187 -0.000000 0.000000 1.000000 0.000000 1547123617251606941

0.999948 0.010192 0.000000 47.945070 -0.010192 0.999948 -0.000000 1.512350 -0.000000 0.000000 1.000000 0.000000 1547123617500520944

0.999973 0.007377 0.000000 49.686110 -0.007377 0.999973 -0.000000 1.502712 -0.000000 0.000000 1.000000 0.000000 1547123617749452114

0.999986 0.005331 0.000000 51.414076 -0.005331 0.999986 -0.000000 1.462914 -0.000000 0.000000 1.000000 0.000000 1547123617997665882

0.999997 0.002505 0.000000 53.121566 -0.002505 0.999997 -0.000000 1.427148 -0.000000 0.000000 1.000000 0.000000 1547123618245507001

1.000000 0.000737 0.000000 54.840451 -0.000737 1.000000 -0.000000 1.414680 -0.000000 0.000000 1.000000 0.000000 1547123618494564056

1.000000 -0.000874 0.000000 56.591281 0.000874 1.000000 0.000000 1.416496 0.000000 0.000000 1.000000 0.000000 1547123618744601964

0.999998 -0.002089 0.000000 58.326431 0.002089 0.999998 0.000000 1.384202 0.000000 0.000000 1.000000 0.000000 1547123618994112968

0.999998 -0.001995 0.000000 60.076511 0.001995 0.999998 0.000000 1.332283 0.000000 0.000000 1.000000 0.000000 1547123619243535995

1.000000 -0.000016 0.000000 61.885043 0.000016 1.000000 0.000000 1.347989 0.000000 0.000000 1.000000 0.000000 1547123619492749929

0.999998 0.002233 0.000000 63.661712 -0.002233 0.999998 -0.000000 1.300290 -0.000000 0.000000 1.000000 0.000000 1547123619741945028

0.999993 0.003781 0.000000 65.437466 -0.003781 0.999993 -0.000000 1.248044 -0.000000 0.000000 1.000000 0.000000 1547123619991173028

0.999993 0.003851 0.000000 67.247188 -0.003851 0.999993 -0.000000 1.196872 -0.000000 0.000000 1.000000 0.000000 1547123620240636110

0.999994 0.003459 0.000000 69.089902 -0.003459 0.999994 -0.000000 1.214562 -0.000000 0.000000 1.000000 0.000000 1547123620491293907

0.999993 0.003685 0.000000 70.874393 -0.003685 0.999993 -0.000000 1.162956 -0.000000 0.000000 1.000000 0.000000 1547123620742923021

0.999991 0.004347 0.000000 72.708071 -0.004347 0.999991 -0.000000 1.087186 -0.000000 0.000000 1.000000 0.000000 1547123620993767976

0.999991 0.004242 0.000000 74.468750 -0.004242 0.999991 -0.000000 1.141348 -0.000000 0.000000 1.000000 0.000000 1547123621244364023

0.999997 0.002582 0.000000 76.298080 -0.002582 0.999997 -0.000000 1.035649 -0.000000 0.000000 1.000000 0.000000 1547123621494712114

0.999999 0.001234 0.000000 78.139251 -0.001234 0.999999 -0.000000 0.987061 -0.000000 0.000000 1.000000 0.000000 1547123621744473934

1.000000 0.000411 0.000000 79.970266 -0.000411 1.000000 -0.000000 1.006287 -0.000000 0.000000 1.000000 0.000000 1547123621994199991

1.000000 0.000253 0.000000 81.778586 -0.000253 1.000000 -0.000000 0.979092 -0.000000 0.000000 1.000000 0.000000 1547123622244071006

1.000000 0.000797 0.000000 83.611768 -0.000797 1.000000 -0.000000 0.945993 -0.000000 0.000000 1.000000 0.000000 1547123622493464946

0.999998 0.002185 0.000000 85.389659 -0.002185 0.999998 -0.000000 0.917072 -0.000000 0.000000 1.000000 0.000000 1547123622742124080

0.999985 0.005390 0.000000 87.132568 -0.005390 0.999985 -0.000000 0.841353 -0.000000 0.000000 1.000000 0.000000 1547123622990367889

0.999977 0.006731 0.000000 88.913539 -0.006731 0.999977 -0.000000 0.816953 -0.000000 0.000000 1.000000 0.000000 1547123623238869905

0.999981 0.006119 0.000000 90.599835 -0.006119 0.999981 -0.000000 0.790961 -0.000000 0.000000 1.000000 0.000000 1547123623487014055

0.999988 0.004913 0.000000 92.374478 -0.004913 0.999988 -0.000000 0.729445 -0.000000 0.000000 1.000000 0.000000 1547123623735089063

0.999994 0.003433 0.000000 94.068333 -0.003433 0.999994 -0.000000 0.746243 -0.000000 0.000000 1.000000 0.000000 1547123623985249042

0.999997 -0.002443 0.000000 95.850378 0.002443 0.999997 0.000000 0.733309 0.000000 0.000000 1.000000 0.000000 1547123624237071990

0.999976 -0.006920 0.000000 97.511689 0.006920 0.999976 0.000000 0.758944 0.000000 0.000000 1.000000 0.000000 1547123624487901926

0.999922 -0.012494 0.000000 99.198635 0.012494 0.999922 0.000000 0.708762 0.000000 0.000000 1.000000 0.000000 1547123624738420963

0.999814 -0.019275 0.000000 100.903835 0.019275 0.999814 0.000000 0.716138 0.000000 0.000000 1.000000 0.000000 1547123624989376068

0.999646 -0.026593 0.000000 102.537477 0.026593 0.999646 0.000000 0.722640 0.000000 0.000000 1.000000 0.000000 1547123625241471052

0.999490 -0.031943 0.000000 104.219617 0.031943 0.999490 0.000000 0.740247 0.000000 0.000000 1.000000 0.000000 1547123625494384050

0.999332 -0.036559 0.000000 105.815736 0.036559 0.999332 0.000000 0.759321 0.000000 0.000000 1.000000 0.000000 1547123625746524095

0.999105 -0.042294 0.000000 107.468392 0.042294 0.999105 0.000000 0.850205 0.000000 0.000000 1.000000 0.000000 1547123625998063087

0.998936 -0.046118 0.000000 109.093861 0.046118 0.998936 0.000000 0.893228 0.000000 0.000000 1.000000 0.000000 1547123626247714996

0.998725 -0.050488 0.000000 110.662305 0.050488 0.998725 0.000000 0.917669 0.000000 0.000000 1.000000 0.000000 1547123626495512962

0.998275 -0.058715 0.000000 113.765336 0.058715 0.998275 0.000000 1.009338 0.000000 0.000000 1.000000 0.000000 1547123626989654064

0.998104 -0.061551 0.000000 115.310861 0.061551 0.998104 0.000000 1.079993 0.000000 0.000000 1.000000 0.000000 1547123627236411094

0.997541 -0.070086 0.000000 118.262482 0.070086 0.997541 0.000000 1.251235 0.000000 0.000000 1.000000 0.000000 1547123627733036041

0.997534 -0.070178 0.000000 121.165864 0.070178 0.997534 0.000000 1.399173 0.000000 0.000000 1.000000 0.000000 1547123628234755992

0.998172 -0.060439 0.000000 124.171646 0.060439 0.998172 0.000000 1.560806 0.000000 0.000000 1.000000 0.000000 1547123628737943887

0.998471 -0.055281 0.000000 125.715285 0.055281 0.998471 0.000000 1.559224 0.000000 0.000000 1.000000 0.000000 1547123628990668058

0.999133 -0.041629 0.000000 128.504770 0.041629 0.999133 0.000000 1.736211 0.000000 0.000000 1.000000 0.000000 1547123629492441892

0.999670 -0.025695 0.000000 131.357331 0.025695 0.999670 0.000000 1.762683 0.000000 0.000000 1.000000 0.000000 1547123629992574930

0.999916 -0.012977 0.000000 134.309795 0.012977 0.999916 0.000000 1.781662 0.000000 0.000000 1.000000 0.000000 1547123630495774984

0.999963 -0.008605 0.000000 137.262000 0.008605 0.999963 0.000000 1.761264 0.000000 0.000000 1.000000 0.000000 1547123630997689962

0.999959 -0.009005 0.000000 140.230233 0.009005 0.999959 0.000000 1.745507 0.000000 0.000000 1.000000 0.000000 1547123631497919082

0.999947 -0.010319 0.000000 143.214293 0.010319 0.999947 0.000000 1.679498 0.000000 0.000000 1.000000 0.000000 1547123631997279882

0.999926 -0.012163 0.000000 144.757129 0.012163 0.999926 0.000000 1.671347 0.000000 0.000000 1.000000 0.000000 1547123632246556043

0.999920 -0.012621 0.000000 146.261306 0.012621 0.999920 0.000000 1.699326 0.000000 0.000000 1.000000 0.000000 1547123632495250940

0.999872 -0.015987 0.000000 148.991986 0.015987 0.999872 0.000000 1.641900 0.000000 0.000000 1.000000 0.000000 1547123632991673946

0.999815 -0.019240 0.000000 151.858093 0.019240 0.999815 0.000000 1.727093 0.000000 0.000000 1.000000 0.000000 1547123633488286018

0.999793 -0.020349 0.000000 154.665144 0.020349 0.999793 0.000000 1.754088 0.000000 0.000000 1.000000 0.000000 1547123633990247964

0.999810 -0.019482 0.000000 157.512762 0.019482 0.999810 0.000000 1.798457 0.000000 0.000000 1.000000 0.000000 1547123634492230892

0.999793 -0.020339 0.000000 160.512399 0.020339 0.999793 0.000000 1.839029 0.000000 0.000000 1.000000 0.000000 1547123634997520923

0.999776 -0.021163 0.000000 163.525725 0.021163 0.999776 0.000000 1.871370 0.000000 0.000000 1.000000 0.000000 1547123635501763105

0.999737 -0.022929 0.000000 165.138392 0.022929 0.999737 0.000000 1.889642 0.000000 0.000000 1.000000 0.000000 1547123635751425027

0.999702 -0.024420 0.000000 166.706932 0.024420 0.999702 0.000000 1.875324 0.000000 0.000000 1.000000 0.000000 1547123635998898029

0.999651 -0.026410 0.000000 168.303933 0.026410 0.999651 0.000000 1.901513 0.000000 0.000000 1.000000 0.000000 1547123636245284080

0.999613 -0.027832 0.000000 169.922515 0.027832 0.999613 0.000000 1.964873 0.000000 0.000000 1.000000 0.000000 1547123636492660999

0.999553 -0.029892 0.000000 171.483538 0.029892 0.999553 0.000000 1.987678 0.000000 0.000000 1.000000 0.000000 1547123636740624904

0.999498 -0.031681 0.000000 173.172479 0.031681 0.999498 0.000000 1.966751 0.000000 0.000000 1.000000 0.000000 1547123636989665985

0.999469 -0.032569 0.000000 174.881991 0.032569 0.999469 0.000000 1.999738 0.000000 0.000000 1.000000 0.000000 1547123637239639997

0.999431 -0.033716 0.000000 176.613660 0.033716 0.999431 0.000000 2.060360 0.000000 0.000000 1.000000 0.000000 1547123637490035057

0.999382 -0.035148 0.000000 178.339024 0.035148 0.999382 0.000000 2.090253 0.000000 0.000000 1.000000 0.000000 1547123637740123987

0.999316 -0.036988 0.000000 180.105163 0.036988 0.999316 0.000000 2.174301 0.000000 0.000000 1.000000 0.000000 1547123637989589929

0.999259 -0.038500 0.000000 181.915388 0.038500 0.999259 0.000000 2.226078 0.000000 0.000000 1.000000 0.000000 1547123638239098072

0.999206 -0.039840 0.000000 183.683268 0.039840 0.999206 0.000000 2.261238 0.000000 0.000000 1.000000 0.000000 1547123638489764928

0.999115 -0.042067 0.000000 185.541822 0.042067 0.999115 0.000000 2.302271 0.000000 0.000000 1.000000 0.000000 1547123638740823030

0.999157 -0.041046 0.000000 187.380532 0.041046 0.999157 0.000000 2.366845 0.000000 0.000000 1.000000 0.000000 1547123638991892099

0.999136 -0.041572 0.000000 189.175912 0.041572 0.999136 0.000000 2.412735 0.000000 0.000000 1.000000 0.000000 1547123639243005037

0.999078 -0.042924 0.000000 190.896914 0.042924 0.999078 0.000000 2.485956 0.000000 0.000000 1.000000 0.000000 1547123639493309020

0.999041 -0.043786 0.000000 192.712327 0.043786 0.999041 0.000000 2.522036 0.000000 0.000000 1.000000 0.000000 1547123639743639945

0.999014 -0.044394 0.000000 194.498933 0.044394 0.999014 0.000000 2.552271 0.000000 0.000000 1.000000 0.000000 1547123639995903968

0.998966 -0.045458 0.000000 196.286972 0.045458 0.998966 0.000000 2.627444 0.000000 0.000000 1.000000 0.000000 1547123640249167919

0.998927 -0.046321 0.000000 198.026594 0.046321 0.998927 0.000000 2.709171 0.000000 0.000000 1.000000 0.000000 1547123640502090930

0.998859 -0.047764 0.000000 199.705131 0.047764 0.998859 0.000000 2.799685 0.000000 0.000000 1.000000 0.000000 1547123640753719091

0.998825 -0.048457 0.000000 201.314455 0.048457 0.998825 0.000000 2.869406 0.000000 0.000000 1.000000 0.000000 1547123641003079891

0.998777 -0.049437 0.000000 202.829084 0.049437 0.998777 0.000000 2.937686 0.000000 0.000000 1.000000 0.000000 1547123641250824928

0.998693 -0.051115 0.000000 204.368640 0.051115 0.998693 0.000000 3.007002 0.000000 0.000000 1.000000 0.000000 1547123641498296022

0.998562 -0.053611 0.000000 207.413523 0.053611 0.998562 0.000000 3.179159 0.000000 0.000000 1.000000 0.000000 1547123641993452072

0.998512 -0.054539 0.000000 208.960994 0.054539 0.998512 0.000000 3.272139 0.000000 0.000000 1.000000 0.000000 1547123642242122888

0.998492 -0.054903 0.000000 210.463638 0.054903 0.998492 0.000000 3.337456 0.000000 0.000000 1.000000 0.000000 1547123642492454051

0.998571 -0.053435 0.000000 212.040086 0.053435 0.998571 0.000000 3.385472 0.000000 0.000000 1.000000 0.000000 1547123642742964982

0.998767 -0.049645 0.000000 213.629251 0.049645 0.998767 0.000000 3.434950 0.000000 0.000000 1.000000 0.000000 1547123642992573976

0.999036 -0.043899 0.000000 215.160354 0.043899 0.999036 0.000000 3.461414 0.000000 0.000000 1.000000 0.000000 1547123643241956949

0.999327 -0.036684 0.000000 216.789165 0.036684 0.999327 0.000000 3.499161 0.000000 0.000000 1.000000 0.000000 1547123643491972923

0.999526 -0.030782 0.000000 218.393153 0.030782 0.999526 0.000000 3.522193 0.000000 0.000000 1.000000 0.000000 1547123643743244886

0.999703 -0.024384 0.000000 220.112107 0.024384 0.999703 0.000000 3.519514 0.000000 0.000000 1.000000 0.000000 1547123643995121002

0.999816 -0.019162 0.000000 221.805843 0.019162 0.999816 0.000000 3.512644 0.000000 0.000000 1.000000 0.000000 1547123644246118068

0.999795 -0.020259 0.000000 223.493731 0.020259 0.999795 0.000000 3.504534 0.000000 0.000000 1.000000 0.000000 1547123644496362924

0.999607 -0.028044 0.000000 225.187501 0.028044 0.999607 0.000000 3.478599 0.000000 0.000000 1.000000 0.000000 1547123644747338056

0.999066 -0.043204 0.000000 226.953115 0.043204 0.999066 0.000000 3.558338 0.000000 0.000000 1.000000 0.000000 1547123644999556064

0.998057 -0.062314 0.000000 228.743855 0.062314 0.998057 0.000000 3.664942 0.000000 0.000000 1.000000 0.000000 1547123645252103090

0.996937 -0.078210 0.000000 230.479578 0.078210 0.996937 0.000000 3.800445 0.000000 0.000000 1.000000 0.000000 1547123645504412889

0.995170 -0.098170 0.000000 232.207639 0.098170 0.995170 0.000000 3.953429 0.000000 0.000000 1.000000 0.000000 1547123645755362987

0.993602 -0.112936 0.000000 233.984401 0.112936 0.993602 0.000000 4.158752 0.000000 0.000000 1.000000 0.000000 1547123646004205942

0.992691 -0.120684 0.000000 235.697676 0.120684 0.992691 0.000000 4.419037 0.000000 0.000000 1.000000 0.000000 1547123646253110885

0.992241 -0.124327 0.000000 237.558915 0.124327 0.992241 0.000000 4.609554 0.000000 0.000000 1.000000 0.000000 1547123646502010107

0.991521 -0.129945 0.000000 239.333755 0.129945 0.991521 0.000000 4.828333 0.000000 0.000000 1.000000 0.000000 1547123646750657081

0.990664 -0.136328 0.000000 241.164122 0.136328 0.990664 0.000000 5.084658 0.000000 0.000000 1.000000 0.000000 1547123646999222040

0.990098 -0.140381 0.000000 243.019772 0.140381 0.990098 0.000000 5.366670 0.000000 0.000000 1.000000 0.000000 1547123647247247934

0.989671 -0.143355 0.000000 244.943876 0.143355 0.989671 0.000000 5.591728 0.000000 0.000000 1.000000 0.000000 1547123647494853019

0.989127 -0.147062 0.000000 246.872243 0.147062 0.989127 0.000000 5.889124 0.000000 0.000000 1.000000 0.000000 1547123647742767095

0.988807 -0.149203 0.000000 248.767822 0.149203 0.988807 0.000000 6.166347 0.000000 0.000000 1.000000 0.000000 1547123647992275953

0.989195 -0.146609 0.000000 250.784708 0.146609 0.989195 0.000000 6.469923 0.000000 0.000000 1.000000 0.000000 1547123648243765115

0.989458 -0.144822 0.000000 252.782457 0.144822 0.989458 0.000000 6.726985 0.000000 0.000000 1.000000 0.000000 1547123648496315002

0.989666 -0.143389 0.000000 254.818372 0.143389 0.989666 0.000000 7.010519 0.000000 0.000000 1.000000 0.000000 1547123648748805046

0.990011 -0.140990 0.000000 256.811366 0.140990 0.990011 0.000000 7.296783 0.000000 0.000000 1.000000 0.000000 1547123649001061916

0.989954 -0.141390 0.000000 258.803418 0.141390 0.989954 0.000000 7.555873 0.000000 0.000000 1.000000 0.000000 1547123649252022981

0.989609 -0.143785 0.000000 260.853195 0.143785 0.989609 0.000000 7.771799 0.000000 0.000000 1.000000 0.000000 1547123649502465963

0.989913 -0.141674 0.000000 262.870257 0.141674 0.989913 0.000000 8.066711 0.000000 0.000000 1.000000 0.000000 1547123649753916025

0.990268 -0.139171 0.000000 264.949466 0.139171 0.990268 0.000000 8.335750 0.000000 0.000000 1.000000 0.000000 1547123650004956007

0.990385 -0.138336 0.000000 266.964464 0.138336 0.990385 0.000000 8.616826 0.000000 0.000000 1.000000 0.000000 1547123650256032943

0.990550 -0.137149 0.000000 268.896912 0.137149 0.990550 0.000000 8.869066 0.000000 0.000000 1.000000 0.000000 1547123650507450103

0.990744 -0.135747 0.000000 270.857179 0.135747 0.990744 0.000000 9.190315 0.000000 0.000000 1.000000 0.000000 1547123650757834911

0.990919 -0.134461 0.000000 272.813574 0.134461 0.990919 0.000000 9.438564 0.000000 0.000000 1.000000 0.000000 1547123651008218050

0.990979 -0.134014 0.000000 274.802335 0.134014 0.990979 0.000000 9.688954 0.000000 0.000000 1.000000 0.000000 1547123651258572101

0.990875 -0.134787 0.000000 276.763990 0.134787 0.990875 0.000000 9.925325 0.000000 0.000000 1.000000 0.000000 1547123651508457899

0.990584 -0.136904 0.000000 278.699893 0.136904 0.990584 0.000000 10.134237 0.000000 0.000000 1.000000 0.000000 1547123651757522106

0.990456 -0.137828 0.000000 280.577761 0.137828 0.990456 0.000000 10.370667 0.000000 0.000000 1.000000 0.000000 1547123652006381034

0.990383 -0.138352 0.000000 282.569012 0.138352 0.990383 0.000000 10.594960 0.000000 0.000000 1.000000 0.000000 1547123652255162000

0.990378 -0.138387 0.000000 284.561238 0.138387 0.990378 0.000000 10.883956 0.000000 0.000000 1.000000 0.000000 1547123652503763914

0.990541 -0.137217 0.000000 286.522985 0.137217 0.990541 0.000000 11.130266 0.000000 0.000000 1.000000 0.000000 1547123652752088069

0.990704 -0.136033 0.000000 288.582160 0.136033 0.990704 0.000000 11.348701 0.000000 0.000000 1.000000 0.000000 1547123653001176118

0.990552 -0.137135 0.000000 290.604145 0.137135 0.990552 0.000000 11.647289 0.000000 0.000000 1.000000 0.000000 1547123653250479936

0.990749 -0.135705 0.000000 292.642831 0.135705 0.990749 0.000000 11.900917 0.000000 0.000000 1.000000 0.000000 1547123653499499082

0.990823 -0.135166 0.000000 294.675720 0.135166 0.990823 0.000000 12.093633 0.000000 0.000000 1.000000 0.000000 1547123653748830080

0.990898 -0.134617 0.000000 296.749615 0.134617 0.990898 0.000000 12.356843 0.000000 0.000000 1.000000 0.000000 1547123653998063087

0.990999 -0.133873 0.000000 298.851082 0.133873 0.990999 0.000000 12.626627 0.000000 0.000000 1.000000 0.000000 1547123654247402906

0.991427 -0.130661 0.000000 300.991095 0.130661 0.991427 0.000000 12.843491 0.000000 0.000000 1.000000 0.000000 1547123654497800111

0.991638 -0.129052 0.000000 303.117461 0.129052 0.991638 0.000000 13.125579 0.000000 0.000000 1.000000 0.000000 1547123654749027013

0.991958 -0.126570 0.000000 305.192740 0.126570 0.991958 0.000000 13.360292 0.000000 0.000000 1.000000 0.000000 1547123654999907016

0.992339 -0.123548 0.000000 307.415593 0.123548 0.992339 0.000000 13.561025 0.000000 0.000000 1.000000 0.000000 1547123655250761032

0.992819 -0.119630 0.000000 309.644322 0.119630 0.992819 0.000000 13.810920 0.000000 0.000000 1.000000 0.000000 1547123655501287937

0.993295 -0.115611 0.000000 311.774034 0.115611 0.993295 0.000000 14.065431 0.000000 0.000000 1.000000 0.000000 1547123655751571893

0.993590 -0.113046 0.000000 313.958999 0.113046 0.993590 0.000000 14.307203 0.000000 0.000000 1.000000 0.000000 1547123656001281023

0.993969 -0.109658 0.000000 316.123126 0.109658 0.993969 0.000000 14.505847 0.000000 0.000000 1.000000 0.000000 1547123656250890970

0.994279 -0.106811 0.000000 318.251761 0.106811 0.994279 0.000000 14.721004 0.000000 0.000000 1.000000 0.000000 1547123656500277042

0.994614 -0.103644 0.000000 320.432226 0.103644 0.994614 0.000000 14.911555 0.000000 0.000000 1.000000 0.000000 1547123656749099969

0.994849 -0.101364 0.000000 322.663801 0.101364 0.994849 0.000000 15.063583 0.000000 0.000000 1.000000 0.000000 1547123656997620105

0.995002 -0.099855 0.000000 324.847058 0.099855 0.995002 0.000000 15.265655 0.000000 0.000000 1.000000 0.000000 1547123657245821952

0.995148 -0.098388 0.000000 326.963160 0.098388 0.995148 0.000000 15.444608 0.000000 0.000000 1.000000 0.000000 1547123657493719100

0.995369 -0.096130 0.000000 329.125040 0.096130 0.995369 0.000000 15.633311 0.000000 0.000000 1.000000 0.000000 1547123657741687059

0.995483 -0.094945 0.000000 331.435588 0.094945 0.995483 0.000000 15.792244 0.000000 0.000000 1.000000 0.000000 1547123657990861892

0.995699 -0.092647 0.000000 333.585940 0.092647 0.995699 0.000000 15.976251 0.000000 0.000000 1.000000 0.000000 1547123658240457057

0.995760 -0.091987 0.000000 335.761996 0.091987 0.995760 0.000000 16.150112 0.000000 0.000000 1.000000 0.000000 1547123658489500045

0.995931 -0.090123 0.000000 338.001881 0.090123 0.995931 0.000000 16.309671 0.000000 0.000000 1.000000 0.000000 1547123658738814115

0.995909 -0.090362 0.000000 340.127595 0.090362 0.995909 0.000000 16.467809 0.000000 0.000000 1.000000 0.000000 1547123658988384962

0.995887 -0.090606 0.000000 342.415275 0.090606 0.995887 0.000000 16.651134 0.000000 0.000000 1.000000 0.000000 1547123659237924098

0.995774 -0.091839 0.000000 344.571130 0.091839 0.995774 0.000000 16.800872 0.000000 0.000000 1.000000 0.000000 1547123659486939907

0.995643 -0.093248 0.000000 346.758853 0.093248 0.995643 0.000000 16.963407 0.000000 0.000000 1.000000 0.000000 1547123659736541032

0.995731 -0.092301 0.000000 349.022166 0.092301 0.995731 0.000000 17.098120 0.000000 0.000000 1.000000 0.000000 1547123659987608909

0.995913 -0.090314 0.000000 351.223249 0.090314 0.995913 0.000000 17.308375 0.000000 0.000000 1.000000 0.000000 1547123660238914012

0.996274 -0.086242 0.000000 353.504362 0.086242 0.996274 0.000000 17.499411 0.000000 0.000000 1.000000 0.000000 1547123660489814043

0.996817 -0.079725 0.000000 355.631699 0.079725 0.996817 0.000000 17.601901 0.000000 0.000000 1.000000 0.000000 1547123660740286111

0.997619 -0.068964 0.000000 357.769580 0.068964 0.997619 0.000000 17.697035 0.000000 0.000000 1.000000 0.000000 1547123660990880012

0.998440 -0.055831 0.000000 359.960501 0.055831 0.998440 0.000000 17.842442 0.000000 0.000000 1.000000 0.000000 1547123661240601062

0.999229 -0.039268 0.000000 362.211122 0.039268 0.999229 0.000000 17.888915 0.000000 0.000000 1.000000 0.000000 1547123661490268945

0.999760 -0.021908 0.000000 364.387578 0.021908 0.999760 0.000000 17.919328 0.000000 0.000000 1.000000 0.000000 1547123661740035057

0.999997 -0.002298 0.000000 366.586292 0.002298 0.999997 0.000000 17.888312 0.000000 0.000000 1.000000 0.000000 1547123661989337921

0.999887 0.015016 0.000000 368.863389 -0.015016 0.999887 -0.000000 17.829134 -0.000000 0.000000 1.000000 0.000000 1547123662238173007

0.999507 0.031408 0.000000 371.023621 -0.031408 0.999507 -0.000000 17.694621 -0.000000 0.000000 1.000000 0.000000 1547123662486666917

0.998946 0.045900 0.000000 373.232849 -0.045900 0.998946 -0.000000 17.579103 -0.000000 0.000000 1.000000 0.000000 1547123662735023975

0.998351 0.057403 0.000000 375.451782 -0.057403 0.998351 -0.000000 17.438299 -0.000000 0.000000 1.000000 0.000000 1547123662983275890

0.997913 0.064574 0.000000 377.581814 -0.064574 0.997913 -0.000000 17.218354 -0.000000 0.000000 1.000000 0.000000 1547123663231496095

0.997692 0.067907 0.000000 379.830372 -0.067907 0.997692 -0.000000 17.079493 -0.000000 0.000000 1.000000 0.000000 1547123663480621099

0.997854 0.065484 0.000000 382.019222 -0.065484 0.997854 -0.000000 16.905211 -0.000000 0.000000 1.000000 0.000000 1547123663730180978

0.998276 0.058695 0.000000 384.275701 -0.058695 0.998276 -0.000000 16.759192 -0.000000 0.000000 1.000000 0.000000 1547123663979474067

0.998608 0.052754 0.000000 386.383201 -0.052754 0.998608 -0.000000 16.585665 -0.000000 0.000000 1.000000 0.000000 1547123664228619098

0.999004 0.044616 0.000000 388.648675 -0.044616 0.999004 -0.000000 16.464237 -0.000000 0.000000 1.000000 0.000000 1547123664478034019

0.999394 0.034795 0.000000 390.851827 -0.034795 0.999394 -0.000000 16.413504 -0.000000 0.000000 1.000000 0.000000 1547123664728560924

0.999656 0.026219 0.000000 393.073341 -0.026219 0.999656 -0.000000 16.305910 -0.000000 0.000000 1.000000 0.000000 1547123664979830026

0.999861 0.016667 0.000000 395.300666 -0.016667 0.999861 -0.000000 16.230158 -0.000000 0.000000 1.000000 0.000000 1547123665230950117

0.999950 0.009968 0.000000 397.488307 -0.009968 0.999950 -0.000000 16.189651 -0.000000 0.000000 1.000000 0.000000 1547123665481508016

0.999997 0.002388 0.000000 399.780666 -0.002388 0.999997 -0.000000 16.195777 -0.000000 0.000000 1.000000 0.000000 1547123665731784105

0.999994 -0.003476 0.000000 401.967847 0.003476 0.999994 0.000000 16.170046 0.000000 0.000000 1.000000 0.000000 1547123665981821060

0.999960 -0.008897 0.000000 404.220370 0.008897 0.999960 0.000000 16.133501 0.000000 0.000000 1.000000 0.000000 1547123666231539011

0.999923 -0.012374 0.000000 406.443116 0.012374 0.999923 0.000000 16.140328 0.000000 0.000000 1.000000 0.000000 1547123666480895996

0.999848 -0.017432 0.000000 408.701191 0.017432 0.999848 0.000000 16.154567 0.000000 0.000000 1.000000 0.000000 1547123666729862928

0.999788 -0.020600 0.000000 410.920356 0.020600 0.999788 0.000000 16.179914 0.000000 0.000000 1.000000 0.000000 1547123666978378057

0.999720 -0.023650 0.000000 413.192531 0.023650 0.999720 0.000000 16.216357 0.000000 0.000000 1.000000 0.000000 1547123667226730108

0.999655 -0.026272 0.000000 415.450280 0.026272 0.999655 0.000000 16.288132 0.000000 0.000000 1.000000 0.000000 1547123667475310087

0.999578 -0.029051 0.000000 417.683064 0.029051 0.999578 0.000000 16.262975 0.000000 0.000000 1.000000 0.000000 1547123667723470926

0.999512 -0.031234 0.000000 419.918873 0.031234 0.999512 0.000000 16.285204 0.000000 0.000000 1.000000 0.000000 1547123667971410989

0.999447 -0.033258 0.000000 422.186823 0.033258 0.999447 0.000000 16.361978 0.000000 0.000000 1.000000 0.000000 1547123668220758914

0.999376 -0.035334 0.000000 424.496945 0.035334 0.999376 0.000000 16.410859 0.000000 0.000000 1.000000 0.000000 1547123668470712900

0.999311 -0.037103 0.000000 426.742923 0.037103 0.999311 0.000000 16.469174 0.000000 0.000000 1.000000 0.000000 1547123668719685077

0.999212 -0.039702 0.000000 429.040495 0.039702 0.999212 0.000000 16.544924 0.000000 0.000000 1.000000 0.000000 1547123668968184947

0.999133 -0.041638 0.000000 431.198043 0.041638 0.999133 0.000000 16.596842 0.000000 0.000000 1.000000 0.000000 1547123669217097043

0.998996 -0.044801 0.000000 433.476937 0.044801 0.998996 0.000000 16.608961 0.000000 0.000000 1.000000 0.000000 1547123669466365098

0.998980 -0.045158 0.000000 435.634711 0.045158 0.998980 0.000000 16.707011 0.000000 0.000000 1.000000 0.000000 1547123669716212987

0.998914 -0.046596 0.000000 437.786290 0.046596 0.998914 0.000000 16.781366 0.000000 0.000000 1.000000 0.000000 1547123669967504024

0.998865 -0.047638 0.000000 439.915888 0.047638 0.998865 0.000000 16.869547 0.000000 0.000000 1.000000 0.000000 1547123670219047069

0.998855 -0.047845 0.000000 441.921248 0.047845 0.998855 0.000000 16.916165 0.000000 0.000000 1.000000 0.000000 1547123670469897031

0.998759 -0.049804 0.000000 443.963307 0.049804 0.998759 0.000000 16.978603 0.000000 0.000000 1.000000 0.000000 1547123670720576047

0.998671 -0.051530 0.000000 445.936697 0.051530 0.998671 0.000000 17.068172 0.000000 0.000000 1.000000 0.000000 1547123670971461057

0.998580 -0.053265 0.000000 447.864650 0.053265 0.998580 0.000000 17.147899 0.000000 0.000000 1.000000 0.000000 1547123671221407890

0.998551 -0.053814 0.000000 449.697332 0.053814 0.998551 0.000000 17.207051 0.000000 0.000000 1.000000 0.000000 1547123671470864057

0.998538 -0.054055 0.000000 451.559846 0.054055 0.998538 0.000000 17.301277 0.000000 0.000000 1.000000 0.000000 1547123671720480918

0.998606 -0.052787 0.000000 453.358869 0.052787 0.998606 0.000000 17.315198 0.000000 0.000000 1.000000 0.000000 1547123671969805002

0.998736 -0.050256 0.000000 455.083219 0.050256 0.998736 0.000000 17.360648 0.000000 0.000000 1.000000 0.000000 1547123672218811035

0.998847 -0.048006 0.000000 456.709095 0.048006 0.998847 0.000000 17.429691 0.000000 0.000000 1.000000 0.000000 1547123672467878103

0.999009 -0.044516 0.000000 458.276709 0.044516 0.999009 0.000000 17.473965 0.000000 0.000000 1.000000 0.000000 1547123672716753005

0.999679 -0.025330 0.000000 461.135647 0.025330 0.999679 0.000000 17.500306 0.000000 0.000000 1.000000 0.000000 1547123673212647914

0.999909 0.013517 0.000000 463.726747 -0.013517 0.999909 -0.000000 17.454559 -0.000000 0.000000 1.000000 0.000000 1547123673712012052

0.997394 0.072146 0.000000 466.033419 -0.072146 0.997394 -0.000000 17.241310 -0.000000 0.000000 1.000000 0.000000 1547123674211875915

0.987446 0.157959 0.000000 468.096582 -0.157959 0.987446 -0.000000 16.880715 -0.000000 0.000000 1.000000 0.000000 1547123674712235927

0.966281 0.257489 0.000000 470.057355 -0.257489 0.966281 -0.000000 16.351011 -0.000000 0.000000 1.000000 0.000000 1547123675216253995

0.925376 0.379051 0.000000 471.698049 -0.379051 0.925376 -0.000000 15.641466 -0.000000 0.000000 1.000000 0.000000 1547123675719120979

0.850602 0.525809 0.000000 473.255344 -0.525809 0.850602 -0.000000 14.674416 -0.000000 0.000000 1.000000 0.000000 1547123676219842910

0.794412 0.607380 0.000000 473.864265 -0.607380 0.794412 -0.000000 14.067104 -0.000000 0.000000 1.000000 0.000000 1547123676470603942

0.724992 0.688757 0.000000 474.485739 -0.688757 0.724992 -0.000000 13.351527 -0.000000 0.000000 1.000000 0.000000 1547123676720726966

0.638818 0.769358 0.000000 474.992549 -0.769358 0.638818 -0.000000 12.670191 -0.000000 0.000000 1.000000 0.000000 1547123676970042943

0.539087 0.842250 0.000000 475.405181 -0.842250 0.539087 -0.000000 11.785395 -0.000000 0.000000 1.000000 0.000000 1547123677219059944

0.426238 0.904611 0.000000 475.662388 -0.904611 0.426238 -0.000000 11.010229 -0.000000 0.000000 1.000000 0.000000 1547123677467292070

0.299839 0.953990 0.000000 475.855220 -0.953990 0.299839 -0.000000 10.130179 -0.000000 0.000000 1.000000 0.000000 1547123677716337919

0.163097 0.986610 0.000000 475.917897 -0.986610 0.163097 -0.000000 9.147326 -0.000000 0.000000 1.000000 0.000000 1547123677966895103

0.019123 0.999817 0.000000 475.949363 -0.999817 0.019123 -0.000000 8.198921 -0.000000 0.000000 1.000000 0.000000 1547123678217418909

-0.127407 0.991851 0.000000 475.667859 -0.991851 -0.127407 -0.000000 7.245419 -0.000000 0.000000 1.000000 0.000000 1547123678468116998

-0.270161 0.962815 0.000000 475.294065 -0.962815 -0.270161 -0.000000 6.250148 -0.000000 0.000000 1.000000 0.000000 1547123678718269109

-0.404626 0.914482 0.000000 474.811094 -0.914482 -0.404626 -0.000000 5.291447 -0.000000 0.000000 1.000000 0.000000 1547123678969944953

-0.526713 0.850043 0.000000 474.094803 -0.850043 -0.526713 0.000000 4.373700 0.000000 0.000000 1.000000 0.000000 1547123679222923994

-0.629714 0.776827 0.000000 473.345945 -0.776827 -0.629714 0.000000 3.441705 0.000000 0.000000 1.000000 0.000000 1547123679475037097

-0.710356 0.703843 0.000000 472.466468 -0.703843 -0.710356 0.000000 2.603599 0.000000 0.000000 1.000000 0.000000 1547123679726730108

-0.808523 0.588464 0.000000 470.325862 -0.588464 -0.808523 0.000000 1.123429 0.000000 0.000000 1.000000 0.000000 1547123680225719928

-0.852622 0.522529 0.000000 467.911927 -0.522529 -0.852622 0.000000 -0.205421 0.000000 0.000000 1.000000 0.000000 1547123680720756053

-0.875203 0.483756 0.000000 465.225386 -0.483756 -0.875203 0.000000 -1.459869 0.000000 0.000000 1.000000 0.000000 1547123681214904069

-0.885734 0.464193 0.000000 463.830963 -0.464193 -0.885734 0.000000 -2.196713 0.000000 0.000000 1.000000 0.000000 1547123681463002920

-0.893747 0.448572 0.000000 462.286379 -0.448572 -0.893747 0.000000 -2.903339 0.000000 0.000000 1.000000 0.000000 1547123681712201118

-0.900179 0.435520 0.000000 460.734333 -0.435520 -0.900179 0.000000 -3.570114 0.000000 0.000000 1.000000 0.000000 1547123681963896036

-0.905334 0.424700 0.000000 459.053440 -0.424700 -0.905334 0.000000 -4.313967 0.000000 0.000000 1.000000 0.000000 1547123682216711044

-0.909636 0.415406 0.000000 457.348177 -0.415406 -0.909636 0.000000 -5.045372 0.000000 0.000000 1.000000 0.000000 1547123682469017028

-0.911258 0.411836 0.000000 455.637565 -0.411836 -0.911258 0.000000 -5.834884 0.000000 0.000000 1.000000 0.000000 1547123682721018075

-0.911690 0.410879 0.000000 453.812296 -0.410879 -0.911690 0.000000 -6.557095 0.000000 0.000000 1.000000 0.000000 1547123682972275018

-0.911264 0.411823 0.000000 451.996683 -0.411823 -0.911264 0.000000 -7.359926 0.000000 0.000000 1.000000 0.000000 1547123683222371101

-0.911008 0.412389 0.000000 450.208846 -0.412389 -0.911008 0.000000 -8.163327 0.000000 0.000000 1.000000 0.000000 1547123683471108913

-0.910034 0.414533 0.000000 448.284888 -0.414533 -0.910034 0.000000 -8.993528 0.000000 0.000000 1.000000 0.000000 1547123683720949888

-0.908894 0.417028 0.000000 446.412471 -0.417028 -0.908894 0.000000 -9.845671 0.000000 0.000000 1.000000 0.000000 1547123683972692012

-0.907103 0.420908 0.000000 444.446793 -0.420908 -0.907103 0.000000 -10.657811 0.000000 0.000000 1.000000 0.000000 1547123684223994016

-0.906014 0.423248 0.000000 442.540692 -0.423248 -0.906014 0.000000 -11.549474 0.000000 0.000000 1.000000 0.000000 1547123684475182056

-0.905767 0.423776 0.000000 440.673530 -0.423776 -0.905767 0.000000 -12.429610 0.000000 0.000000 1.000000 0.000000 1547123684726162910

-0.905315 0.424742 0.000000 438.760260 -0.424742 -0.905315 0.000000 -13.250873 0.000000 0.000000 1.000000 0.000000 1547123684976411104

-0.904999 0.425414 0.000000 436.873368 -0.425414 -0.904999 0.000000 -14.125976 0.000000 0.000000 1.000000 0.000000 1547123685226480960

-0.905096 0.425206 0.000000 435.026944 -0.425206 -0.905096 0.000000 -15.014852 0.000000 0.000000 1.000000 0.000000 1547123685476409912

-0.905731 0.423853 0.000000 433.116333 -0.423853 -0.905731 0.000000 -15.888374 0.000000 0.000000 1.000000 0.000000 1547123685726026058

-0.906692 0.421794 0.000000 431.257672 -0.421794 -0.906692 0.000000 -16.709758 0.000000 0.000000 1.000000 0.000000 1547123685975122928

-0.906842 0.421471 0.000000 429.403147 -0.421471 -0.906842 0.000000 -17.584589 0.000000 0.000000 1.000000 0.000000 1547123686224302053

-0.907021 0.421085 0.000000 427.579872 -0.421085 -0.907021 0.000000 -18.423225 0.000000 0.000000 1.000000 0.000000 1547123686473263025

-0.907068 0.420984 0.000000 425.755308 -0.420984 -0.907068 0.000000 -19.248646 0.000000 0.000000 1.000000 0.000000 1547123686721863031

-0.906822 0.421513 0.000000 423.959491 -0.421513 -0.906822 0.000000 -20.048090 0.000000 0.000000 1.000000 0.000000 1547123686969865083

-0.906191 0.422870 0.000000 422.153931 -0.422870 -0.906191 0.000000 -20.876411 0.000000 0.000000 1.000000 0.000000 1547123687218491077

-0.906441 0.422332 0.000000 420.343214 -0.422332 -0.906441 0.000000 -21.716329 0.000000 0.000000 1.000000 0.000000 1547123687468694925

-0.906373 0.422479 0.000000 418.524259 -0.422479 -0.906373 0.000000 -22.487868 0.000000 0.000000 1.000000 0.000000 1547123687718592882

-0.906376 0.422473 0.000000 416.811997 -0.422473 -0.906376 0.000000 -23.288913 0.000000 0.000000 1.000000 0.000000 1547123687968101978

-0.906794 0.421574 0.000000 415.071713 -0.421574 -0.906794 0.000000 -24.066919 0.000000 0.000000 1.000000 0.000000 1547123688217464923

-0.907483 0.420088 0.000000 413.406284 -0.420088 -0.907483 0.000000 -24.811861 0.000000 0.000000 1.000000 0.000000 1547123688466773986

-0.907960 0.419056 0.000000 411.725364 -0.419056 -0.907960 0.000000 -25.558606 0.000000 0.000000 1.000000 0.000000 1547123688716231107

-0.908270 0.418384 0.000000 410.143755 -0.418384 -0.908270 0.000000 -26.309026 0.000000 0.000000 1.000000 0.000000 1547123688966512918

-0.909098 0.416583 0.000000 408.598197 -0.416583 -0.909098 0.000000 -27.010141 0.000000 0.000000 1.000000 0.000000 1547123689218399047

-0.909060 0.416665 0.000000 407.133929 -0.416665 -0.909060 0.000000 -27.688731 0.000000 0.000000 1.000000 0.000000 1547123689470720052

-0.909602 0.415481 0.000000 405.725288 -0.415481 -0.909602 0.000000 -28.347022 0.000000 0.000000 1.000000 0.000000 1547123689721930980

-0.910636 0.413208 0.000000 403.039321 -0.413208 -0.910636 0.000000 -29.459680 0.000000 0.000000 1.000000 0.000000 1547123690222642898

-0.911698 0.410861 0.000000 400.611162 -0.410861 -0.911698 0.000000 -30.515450 0.000000 0.000000 1.000000 0.000000 1547123690722795963

-0.912127 0.409907 0.000000 398.461427 -0.409907 -0.912127 0.000000 -31.438141 0.000000 0.000000 1.000000 0.000000 1547123691221412897

-0.912664 0.408710 0.000000 396.543789 -0.408710 -0.912664 0.000000 -32.271277 0.000000 0.000000 1.000000 0.000000 1547123691718410015

-0.912875 0.408240 0.000000 394.820378 -0.408240 -0.912875 0.000000 -33.043326 0.000000 0.000000 1.000000 0.000000 1547123692214687108

-0.914400 0.404812 0.000000 393.303961 -0.404812 -0.914400 0.000000 -33.666164 0.000000 0.000000 1.000000 0.000000 1547123692715435981

-0.917057 0.398757 0.000000 391.324436 -0.398757 -0.917057 0.000000 -34.535036 0.000000 0.000000 1.000000 0.000000 1547123693464950084

-0.918674 0.395017 0.000000 389.719179 -0.395017 -0.918674 0.000000 -35.160006 0.000000 0.000000 1.000000 0.000000 1547123694220182895

-0.920768 0.390110 0.000000 388.017997 -0.390110 -0.920768 0.000000 -35.833268 0.000000 0.000000 1.000000 0.000000 1547123695222182035

-0.922605 0.385745 0.000000 386.587118 -0.385745 -0.922605 0.000000 -36.431056 0.000000 0.000000 1.000000 0.000000 1547123696716566085

-0.924584 0.380979 0.000000 384.935896 -0.380979 -0.924584 0.000000 -37.068712 0.000000 0.000000 1.000000 0.000000 1547123715472805023

-0.926178 0.377087 0.000000 382.917585 -0.377087 -0.926178 0.000000 -37.833933 0.000000 0.000000 1.000000 0.000000 1547123716468437910

-0.926947 0.375192 0.000000 381.493862 -0.375192 -0.926947 0.000000 -38.393883 0.000000 0.000000 1.000000 0.000000 1547123716967232942

-0.927214 0.374532 0.000000 379.813499 -0.374532 -0.927214 0.000000 -39.065646 0.000000 0.000000 1.000000 0.000000 1547123717465559005

-0.927902 0.372825 0.000000 377.779051 -0.372825 -0.927902 0.000000 -39.826980 0.000000 0.000000 1.000000 0.000000 1547123717967273950

