1.000000 0.000000 0.000000 0.000000 0.000000 1.000000 0.000000 0.000000 0.000000 0.000000 1.000000 0.000000
0.998858 -0.047772 0.000000 1.712267 0.047772 0.998858 0.000000 0.089816 0.000000 0.000000 1.000000 0.000000
0.995626 -0.093428 0.000000 4.158372 0.093428 0.995626 0.000000 0.330282 0.000000 0.000000 1.000000 0.000000
0.993904 -0.110245 0.000000 6.332743 0.110245 0.993904 0.000000 0.512235 0.000000 0.000000 1.000000 0.000000
0.993939 -0.109929 0.000000 8.930648 0.109929 0.993939 0.000000 0.832051 0.000000 0.000000 1.000000 0.000000
0.994477 -0.104952 0.000000 11.966273 0.104952 0.994477 0.000000 1.147344 0.000000 0.000000 1.000000 0.000000
0.994878 -0.101082 0.000000 13.834704 0.101082 0.994878 0.000000 1.357055 0.000000 0.000000 1.000000 0.000000
0.995301 -0.096824 0.000000 15.602615 0.096824 0.995301 0.000000 1.519572 0.000000 0.000000 1.000000 0.000000
0.995605 -0.093655 0.000000 17.515860 0.093655 0.995605 0.000000 1.646503 0.000000 0.000000 1.000000 0.000000
0.996075 -0.088509 0.000000 19.524902 0.088509 0.996075 0.000000 1.827266 0.000000 0.000000 1.000000 0.000000
0.996595 -0.082448 0.000000 21.589305 0.082448 0.996595 0.000000 2.017717 0.000000 0.000000 1.000000 0.000000
0.997091 -0.076221 0.000000 23.769267 0.076221 0.997091 0.000000 2.174687 0.000000 0.000000 1.000000 0.000000
0.997586 -0.069448 0.000000 25.871642 0.069448 0.997586 0.000000 2.341726 0.000000 0.000000 1.000000 0.000000
0.997973 -0.063644 0.000000 28.132675 0.063644 0.997973 0.000000 2.447321 0.000000 0.000000 1.000000 0.000000
0.998194 -0.060068 0.000000 30.401892 0.060068 0.998194 0.000000 2.596871 0.000000 0.000000 1.000000 0.000000
0.998266 -0.058867 0.000000 32.723395 0.058867 0.998266 0.000000 2.692593 0.000000 0.000000 1.000000 0.000000
0.998348 -0.057455 0.000000 35.052617 0.057455 0.998348 0.000000 2.830023 0.000000 0.000000 1.000000 0.000000
0.998472 -0.055255 0.000000 37.464400 0.055255 0.998472 0.000000 2.971618 0.000000 0.000000 1.000000 0.000000
0.998597 -0.052952 0.000000 39.843138 0.052952 0.998597 0.000000 3.053799 0.000000 0.000000 1.000000 0.000000
0.998847 -0.048013 0.000000 42.244100 0.048013 0.998847 0.000000 3.161155 0.000000 0.000000 1.000000 0.000000
0.999098 -0.042471 0.000000 44.562088 0.042471 0.999098 0.000000 3.229210 0.000000 0.000000 1.000000 0.000000
0.999391 -0.034905 0.000000 46.862041 0.034905 0.999391 0.000000 3.316338 0.000000 0.000000 1.000000 0.000000
0.999574 -0.029169 0.000000 49.143814 0.029169 0.999574 0.000000 3.367612 0.000000 0.000000 1.000000 0.000000
0.999677 -0.025398 0.000000 51.363472 0.025398 0.999677 0.000000 3.430086 0.000000 0.000000 1.000000 0.000000
0.999643 -0.026705 0.000000 53.615762 0.026705 0.999643 0.000000 3.444048 0.000000 0.000000 1.000000 0.000000
0.999605 -0.028112 0.000000 55.923956 0.028112 0.999605 0.000000 3.543067 0.000000 0.000000 1.000000 0.000000
0.999553 -0.029908 0.000000 58.214230 0.029908 0.999553 0.000000 3.611519 0.000000 0.000000 1.000000 0.000000
0.999383 -0.035116 0.000000 60.518517 0.035116 0.999383 0.000000 3.694418 0.000000 0.000000 1.000000 0.000000
0.999140 -0.041474 0.000000 62.773045 0.041474 0.999140 0.000000 3.759746 0.000000 0.000000 1.000000 0.000000
0.998855 -0.047846 0.000000 65.034804 0.047846 0.998855 0.000000 3.826001 0.000000 0.000000 1.000000 0.000000
0.998565 -0.053554 0.000000 67.229396 0.053554 0.998565 0.000000 3.941344 0.000000 0.000000 1.000000 0.000000
0.998182 -0.060265 0.000000 69.527594 0.060265 0.998182 0.000000 4.061878 0.000000 0.000000 1.000000 0.000000
0.997725 -0.067419 0.000000 71.845482 0.067419 0.997725 0.000000 4.254461 0.000000 0.000000 1.000000 0.000000
0.997095 -0.076167 0.000000 74.104298 0.076167 0.997095 0.000000 4.435074 0.000000 0.000000 1.000000 0.000000
0.996404 -0.084734 0.000000 76.383917 0.084734 0.996404 0.000000 4.548349 0.000000 0.000000 1.000000 0.000000
0.995694 -0.092696 0.000000 78.703302 0.092696 0.995694 0.000000 4.722305 0.000000 0.000000 1.000000 0.000000
0.995253 -0.097320 0.000000 81.037262 0.097320 0.995253 0.000000 4.931174 0.000000 0.000000 1.000000 0.000000
0.995376 -0.096051 0.000000 83.361054 0.096051 0.995376 0.000000 5.160311 0.000000 0.000000 1.000000 0.000000
0.995940 -0.090024 0.000000 85.745039 0.090024 0.995940 0.000000 5.371920 0.000000 0.000000 1.000000 0.000000
0.997236 -0.074296 0.000000 88.220158 0.074296 0.997236 0.000000 5.563183 0.000000 0.000000 1.000000 0.000000
0.998315 -0.058032 0.000000 90.610342 0.058032 0.998315 0.000000 5.716188 0.000000 0.000000 1.000000 0.000000
0.999110 -0.042171 0.000000 93.161556 0.042171 0.999110 0.000000 5.804751 0.000000 0.000000 1.000000 0.000000
0.999460 -0.032865 0.000000 95.741493 0.032865 0.999460 0.000000 5.850846 0.000000 0.000000 1.000000 0.000000
0.999597 -0.028394 0.000000 98.386968 0.028394 0.999597 0.000000 5.906847 0.000000 0.000000 1.000000 0.000000
0.999598 -0.028342 0.000000 101.031973 0.028342 0.999598 0.000000 5.958273 0.000000 0.000000 1.000000 0.000000
0.999559 -0.029696 0.000000 103.682956 0.029696 0.999559 0.000000 6.063965 0.000000 0.000000 1.000000 0.000000
0.999511 -0.031257 0.000000 106.424578 0.031257 0.999511 0.000000 6.135190 0.000000 0.000000 1.000000 0.000000
0.999462 -0.032792 0.000000 109.168500 0.032792 0.999462 0.000000 6.185465 0.000000 0.000000 1.000000 0.000000
0.999392 -0.034877 0.000000 111.890122 0.034877 0.999392 0.000000 6.291604 0.000000 0.000000 1.000000 0.000000
0.999278 -0.038002 0.000000 114.648589 0.038002 0.999278 0.000000 6.379596 0.000000 0.000000 1.000000 0.000000
0.999151 -0.041193 0.000000 117.353912 0.041193 0.999151 0.000000 6.457024 0.000000 0.000000 1.000000 0.000000
0.999010 -0.044497 0.000000 120.075366 0.044497 0.999010 0.000000 6.558254 0.000000 0.000000 1.000000 0.000000
0.998950 -0.045818 0.000000 122.732678 0.045818 0.998950 0.000000 6.674015 0.000000 0.000000 1.000000 0.000000
0.998889 -0.047119 0.000000 125.389686 0.047119 0.998889 0.000000 6.818641 0.000000 0.000000 1.000000 0.000000
0.998807 -0.048827 0.000000 128.107539 0.048827 0.998807 0.000000 6.960887 0.000000 0.000000 1.000000 0.000000
0.998701 -0.050956 0.000000 130.705113 0.050956 0.998701 0.000000 7.096695 0.000000 0.000000 1.000000 0.000000
0.998549 -0.053851 0.000000 133.406068 0.053851 0.998549 0.000000 7.209716 0.000000 0.000000 1.000000 0.000000
0.998521 -0.054367 0.000000 136.103613 0.054367 0.998521 0.000000 7.393514 0.000000 0.000000 1.000000 0.000000
0.998465 -0.055390 0.000000 138.793301 0.055390 0.998465 0.000000 7.550055 0.000000 0.000000 1.000000 0.000000
0.998382 -0.056862 0.000000 141.406632 0.056862 0.998382 0.000000 7.692457 0.000000 0.000000 1.000000 0.000000
0.998247 -0.059179 0.000000 144.161497 0.059179 0.998247 0.000000 7.880157 0.000000 0.000000 1.000000 0.000000
0.998115 -0.061374 0.000000 146.850428 0.061374 0.998115 0.000000 8.026495 0.000000 0.000000 1.000000 0.000000
0.997996 -0.063281 0.000000 149.496775 0.063281 0.997996 0.000000 8.145360 0.000000 0.000000 1.000000 0.000000
0.997884 -0.065012 0.000000 152.225552 0.065012 0.997884 0.000000 8.317411 0.000000 0.000000 1.000000 0.000000
0.997671 -0.068217 0.000000 154.856560 0.068217 0.997671 0.000000 8.465369 0.000000 0.000000 1.000000 0.000000
0.997506 -0.070583 0.000000 157.522275 0.070583 0.997506 0.000000 8.636355 0.000000 0.000000 1.000000 0.000000
0.997389 -0.072223 0.000000 160.163516 0.072223 0.997389 0.000000 8.833765 0.000000 0.000000 1.000000 0.000000
0.997275 -0.073780 0.000000 162.856906 0.073780 0.997275 0.000000 9.027320 0.000000 0.000000 1.000000 0.000000
0.997161 -0.075301 0.000000 165.473611 0.075301 0.997161 0.000000 9.256052 0.000000 0.000000 1.000000 0.000000
0.996975 -0.077721 0.000000 168.133024 0.077721 0.996975 0.000000 9.418058 0.000000 0.000000 1.000000 0.000000
0.996864 -0.079140 0.000000 170.794827 0.079140 0.996864 0.000000 9.626046 0.000000 0.000000 1.000000 0.000000
0.996683 -0.081387 0.000000 173.393906 0.081387 0.996683 0.000000 9.845918 0.000000 0.000000 1.000000 0.000000
0.996450 -0.084192 0.000000 176.021122 0.084192 0.996450 0.000000 10.058920 0.000000 0.000000 1.000000 0.000000
0.996272 -0.086265 0.000000 178.585179 0.086265 0.996272 0.000000 10.283172 0.000000 0.000000 1.000000 0.000000
0.996207 -0.087013 0.000000 181.179476 0.087013 0.996207 0.000000 10.552750 0.000000 0.000000 1.000000 0.000000
0.995998 -0.089379 0.000000 183.798492 0.089379 0.995998 0.000000 10.779438 0.000000 0.000000 1.000000 0.000000
0.995835 -0.091171 0.000000 186.315269 0.091171 0.995835 0.000000 11.000731 0.000000 0.000000 1.000000 0.000000
0.995771 -0.091865 0.000000 188.913530 0.091865 0.995771 0.000000 11.230227 0.000000 0.000000 1.000000 0.000000
0.995573 -0.093989 0.000000 191.467906 0.093989 0.995573 0.000000 11.437410 0.000000 0.000000 1.000000 0.000000
0.994994 -0.099934 0.000000 193.948967 0.099934 0.994994 0.000000 11.652783 0.000000 0.000000 1.000000 0.000000
0.994284 -0.106771 0.000000 196.469671 0.106771 0.994284 0.000000 11.919160 0.000000 0.000000 1.000000 0.000000
0.993296 -0.115599 0.000000 198.859758 0.115599 0.993296 0.000000 12.151725 0.000000 0.000000 1.000000 0.000000
0.991922 -0.126852 0.000000 201.307673 0.126852 0.991922 0.000000 12.399668 0.000000 0.000000 1.000000 0.000000
0.990271 -0.139153 0.000000 203.680718 0.139153 0.990271 0.000000 12.759161 0.000000 0.000000 1.000000 0.000000
0.989033 -0.147697 0.000000 206.036053 0.147697 0.989033 0.000000 13.102165 0.000000 0.000000 1.000000 0.000000
0.987987 -0.154537 0.000000 208.315227 0.154537 0.987987 0.000000 13.414541 0.000000 0.000000 1.000000 0.000000
0.986799 -0.161949 0.000000 210.507691 0.161949 0.986799 0.000000 13.764074 0.000000 0.000000 1.000000 0.000000
0.985674 -0.168661 0.000000 212.790504 0.168661 0.985674 0.000000 14.220559 0.000000 0.000000 1.000000 0.000000
0.984796 -0.173714 0.000000 215.046191 0.173714 0.984796 0.000000 14.629758 0.000000 0.000000 1.000000 0.000000
0.984226 -0.176914 0.000000 217.188112 0.176914 0.984226 0.000000 15.003703 0.000000 0.000000 1.000000 0.000000
0.983850 -0.178992 0.000000 219.408469 0.178992 0.983850 0.000000 15.396168 0.000000 0.000000 1.000000 0.000000
0.983409 -0.181400 0.000000 221.597491 0.181400 0.983409 0.000000 15.815353 0.000000 0.000000 1.000000 0.000000
0.982561 -0.185940 0.000000 223.756813 0.185940 0.982561 0.000000 16.152353 0.000000 0.000000 1.000000 0.000000
0.981777 -0.190039 0.000000 225.898043 0.190039 0.981777 0.000000 16.606347 0.000000 0.000000 1.000000 0.000000
0.980191 -0.198057 0.000000 228.105455 0.198057 0.980191 0.000000 17.024804 0.000000 0.000000 1.000000 0.000000
0.978659 -0.205492 0.000000 230.129706 0.205492 0.978659 0.000000 17.495185 0.000000 0.000000 1.000000 0.000000
0.977314 -0.211794 0.000000 232.210124 0.211794 0.977314 0.000000 17.964796 0.000000 0.000000 1.000000 0.000000
0.976043 -0.217580 0.000000 234.289787 0.217580 0.976043 0.000000 18.432253 0.000000 0.000000 1.000000 0.000000
0.975310 -0.220842 0.000000 236.381877 0.220842 0.975310 0.000000 18.917720 0.000000 0.000000 1.000000 0.000000
0.975016 -0.222135 0.000000 238.404075 0.222135 0.975016 0.000000 19.380154 0.000000 0.000000 1.000000 0.000000
0.975101 -0.221763 0.000000 240.429662 0.221763 0.975101 0.000000 19.854218 0.000000 0.000000 1.000000 0.000000
0.975662 -0.219279 0.000000 242.429674 0.219279 0.975662 0.000000 20.303508 0.000000 0.000000 1.000000 0.000000
0.977505 -0.210910 0.000000 244.424422 0.210910 0.977505 0.000000 20.815299 0.000000 0.000000 1.000000 0.000000
0.980380 -0.197118 0.000000 246.508281 0.197118 0.980380 0.000000 21.170732 0.000000 0.000000 1.000000 0.000000
0.983280 -0.182102 0.000000 248.563410 0.182102 0.983280 0.000000 21.574660 0.000000 0.000000 1.000000 0.000000
0.985071 -0.172146 0.000000 250.678707 0.172146 0.985071 0.000000 21.954228 0.000000 0.000000 1.000000 0.000000
0.987088 -0.160182 0.000000 252.744777 0.160182 0.987088 0.000000 22.280692 0.000000 0.000000 1.000000 0.000000
0.988268 -0.152731 0.000000 254.857535 0.152731 0.988268 0.000000 22.536891 0.000000 0.000000 1.000000 0.000000
0.988916 -0.148476 0.000000 256.926711 0.148476 0.988916 0.000000 22.876723 0.000000 0.000000 1.000000 0.000000
0.989421 -0.145073 0.000000 259.126078 0.145073 0.989421 0.000000 23.177318 0.000000 0.000000 1.000000 0.000000
0.989640 -0.143571 0.000000 261.301499 0.143571 0.989640 0.000000 23.455142 0.000000 0.000000 1.000000 0.000000
0.989510 -0.144462 0.000000 263.423447 0.144462 0.989510 0.000000 23.809596 0.000000 0.000000 1.000000 0.000000
0.989501 -0.144527 0.000000 265.685521 0.144527 0.989501 0.000000 24.117777 0.000000 0.000000 1.000000 0.000000
0.989389 -0.145291 0.000000 267.947352 0.145291 0.989389 0.000000 24.445200 0.000000 0.000000 1.000000 0.000000
0.989276 -0.146056 0.000000 270.230348 0.146056 0.989276 0.000000 24.764189 0.000000 0.000000 1.000000 0.000000
0.989205 -0.146538 0.000000 272.489121 0.146538 0.989205 0.000000 25.049473 0.000000 0.000000 1.000000 0.000000
0.989164 -0.146813 0.000000 274.766787 0.146813 0.989164 0.000000 25.394033 0.000000 0.000000 1.000000 0.000000
0.988874 -0.148753 0.000000 277.070030 0.148753 0.988874 0.000000 25.752287 0.000000 0.000000 1.000000 0.000000
0.989125 -0.147079 0.000000 279.359415 0.147079 0.989125 0.000000 26.093421 0.000000 0.000000 1.000000 0.000000
0.989562 -0.144108 0.000000 281.640993 0.144108 0.989562 0.000000 26.367236 0.000000 0.000000 1.000000 0.000000
0.989901 -0.141763 0.000000 283.884094 0.141763 0.989901 0.000000 26.708803 0.000000 0.000000 1.000000 0.000000
0.990280 -0.139086 0.000000 286.118092 0.139086 0.990280 0.000000 27.010686 0.000000 0.000000 1.000000 0.000000
0.990736 -0.135802 0.000000 288.387822 0.135802 0.990736 0.000000 27.349860 0.000000 0.000000 1.000000 0.000000
0.991145 -0.132781 0.000000 290.608708 0.132781 0.991145 0.000000 27.609043 0.000000 0.000000 1.000000 0.000000
0.991515 -0.129992 0.000000 292.805990 0.129992 0.991515 0.000000 27.913018 0.000000 0.000000 1.000000 0.000000
0.992010 -0.126162 0.000000 295.006732 0.126162 0.992010 0.000000 28.180267 0.000000 0.000000 1.000000 0.000000
0.992479 -0.122417 0.000000 297.242619 0.122417 0.992479 0.000000 28.427873 0.000000 0.000000 1.000000 0.000000
0.992833 -0.119507 0.000000 299.430004 0.119507 0.992833 0.000000 28.592979 0.000000 0.000000 1.000000 0.000000
0.993232 -0.116147 0.000000 301.571660 0.116147 0.993232 0.000000 28.866081 0.000000 0.000000 1.000000 0.000000
0.993535 -0.113526 0.000000 303.758783 0.113526 0.993535 0.000000 29.139731 0.000000 0.000000 1.000000 0.000000
0.993673 -0.112310 0.000000 305.898525 0.112310 0.993673 0.000000 29.392133 0.000000 0.000000 1.000000 0.000000
0.994006 -0.109322 0.000000 308.042094 0.109322 0.994006 0.000000 29.582209 0.000000 0.000000 1.000000 0.000000
0.994477 -0.104955 0.000000 310.205540 0.104955 0.994477 0.000000 29.759003 0.000000 0.000000 1.000000 0.000000
0.994514 -0.104602 0.000000 312.368862 0.104602 0.994514 0.000000 30.052313 0.000000 0.000000 1.000000 0.000000
0.994744 -0.102389 0.000000 314.510520 0.102389 0.994744 0.000000 30.234731 0.000000 0.000000 1.000000 0.000000
0.994945 -0.100422 0.000000 316.663000 0.100422 0.994945 0.000000 30.428522 0.000000 0.000000 1.000000 0.000000
0.995187 -0.097992 0.000000 318.802051 0.097992 0.995187 0.000000 30.622567 0.000000 0.000000 1.000000 0.000000
0.995485 -0.094916 0.000000 320.979293 0.094916 0.995485 0.000000 30.742767 0.000000 0.000000 1.000000 0.000000
0.995627 -0.093415 0.000000 323.187021 0.093415 0.995627 0.000000 30.968148 0.000000 0.000000 1.000000 0.000000
0.995843 -0.091090 0.000000 325.374606 0.091090 0.995843 0.000000 31.128895 0.000000 0.000000 1.000000 0.000000
0.996012 -0.089222 0.000000 327.540572 0.089222 0.996012 0.000000 31.307201 0.000000 0.000000 1.000000 0.000000
0.996063 -0.088651 0.000000 329.713159 0.088651 0.996063 0.000000 31.481986 0.000000 0.000000 1.000000 0.000000
0.996010 -0.089238 0.000000 331.971368 0.089238 0.996010 0.000000 31.660609 0.000000 0.000000 1.000000 0.000000
0.996129 -0.087903 0.000000 334.210772 0.087903 0.996129 0.000000 31.879975 0.000000 0.000000 1.000000 0.000000
0.996117 -0.088040 0.000000 336.490624 0.088040 0.996117 0.000000 32.075002 0.000000 0.000000 1.000000 0.000000
0.996144 -0.087731 0.000000 338.780468 0.087731 0.996144 0.000000 32.239412 0.000000 0.000000 1.000000 0.000000
0.996074 -0.088526 0.000000 341.082323 0.088526 0.996074 0.000000 32.386870 0.000000 0.000000 1.000000 0.000000
0.996140 -0.087778 0.000000 343.359117 0.087778 0.996140 0.000000 32.602775 0.000000 0.000000 1.000000 0.000000
0.996138 -0.087806 0.000000 345.703613 0.087806 0.996138 0.000000 32.792902 0.000000 0.000000 1.000000 0.000000
0.996367 -0.085158 0.000000 348.006598 0.085158 0.996367 0.000000 32.979039 0.000000 0.000000 1.000000 0.000000
0.996510 -0.083473 0.000000 350.325574 0.083473 0.996510 0.000000 33.178788 0.000000 0.000000 1.000000 0.000000
0.996625 -0.082092 0.000000 352.674011 0.082092 0.996625 0.000000 33.357879 0.000000 0.000000 1.000000 0.000000
0.997078 -0.076390 0.000000 355.018707 0.076390 0.997078 0.000000 33.510682 0.000000 0.000000 1.000000 0.000000
0.997573 -0.069624 0.000000 357.354160 0.069624 0.997573 0.000000 33.681518 0.000000 0.000000 1.000000 0.000000
0.998179 -0.060324 0.000000 359.791506 0.060324 0.998179 0.000000 33.836204 0.000000 0.000000 1.000000 0.000000
0.998763 -0.049729 0.000000 362.197965 0.049729 0.998763 0.000000 33.965230 0.000000 0.000000 1.000000 0.000000
0.999274 -0.038098 0.000000 364.644280 0.038098 0.999274 0.000000 34.034826 0.000000 0.000000 1.000000 0.000000
0.999570 -0.029334 0.000000 367.057727 0.029334 0.999570 0.000000 34.097254 0.000000 0.000000 1.000000 0.000000
0.999756 -0.022077 0.000000 369.542007 0.022077 0.999756 0.000000 34.163382 0.000000 0.000000 1.000000 0.000000
0.999891 -0.014782 0.000000 371.939788 0.014782 0.999891 0.000000 34.185870 0.000000 0.000000 1.000000 0.000000
0.999949 -0.010112 0.000000 374.406740 0.010112 0.999949 0.000000 34.208033 0.000000 0.000000 1.000000 0.000000
0.999970 -0.007753 0.000000 376.865279 0.007753 0.999970 0.000000 34.206010 0.000000 0.000000 1.000000 0.000000
0.999982 -0.005997 0.000000 379.276179 0.005997 0.999982 0.000000 34.218212 0.000000 0.000000 1.000000 0.000000
0.999978 -0.006576 0.000000 381.793757 0.006576 0.999978 0.000000 34.195259 0.000000 0.000000 1.000000 0.000000
0.999965 -0.008336 0.000000 384.301384 0.008336 0.999965 0.000000 34.214909 0.000000 0.000000 1.000000 0.000000
0.999932 -0.011650 0.000000 386.790702 0.011650 0.999932 0.000000 34.251166 0.000000 0.000000 1.000000 0.000000
0.999843 -0.017725 0.000000 389.342865 0.017725 0.999843 0.000000 34.310707 0.000000 0.000000 1.000000 0.000000
0.999620 -0.027552 0.000000 391.815494 0.027552 0.999620 0.000000 34.341679 0.000000 0.000000 1.000000 0.000000
0.999358 -0.035826 0.000000 394.262432 0.035826 0.999358 0.000000 34.408361 0.000000 0.000000 1.000000 0.000000
0.999014 -0.044389 0.000000 396.787253 0.044389 0.999014 0.000000 34.531498 0.000000 0.000000 1.000000 0.000000
0.998692 -0.051121 0.000000 399.260991 0.051121 0.998692 0.000000 34.638308 0.000000 0.000000 1.000000 0.000000
0.998434 -0.055949 0.000000 401.705513 0.055949 0.998434 0.000000 34.736818 0.000000 0.000000 1.000000 0.000000
0.998254 -0.059075 0.000000 404.135506 0.059075 0.998254 0.000000 34.852289 0.000000 0.000000 1.000000 0.000000
0.998242 -0.059275 0.000000 406.528705 0.059275 0.998242 0.000000 34.980445 0.000000 0.000000 1.000000 0.000000
0.998293 -0.058403 0.000000 408.921148 0.058403 0.998293 0.000000 35.128336 0.000000 0.000000 1.000000 0.000000
0.998344 -0.057525 0.000000 411.294045 0.057525 0.998344 0.000000 35.244690 0.000000 0.000000 1.000000 0.000000
0.998295 -0.058375 0.000000 413.540278 0.058375 0.998295 0.000000 35.361116 0.000000 0.000000 1.000000 0.000000
0.998053 -0.062371 0.000000 415.761737 0.062371 0.998053 0.000000 35.479663 0.000000 0.000000 1.000000 0.000000
0.997779 -0.066610 0.000000 417.928507 0.066610 0.997779 0.000000 35.579701 0.000000 0.000000 1.000000 0.000000
0.997383 -0.072301 0.000000 420.011300 0.072301 0.997383 0.000000 35.736243 0.000000 0.000000 1.000000 0.000000
0.997023 -0.077111 0.000000 422.061146 0.077111 0.997023 0.000000 35.831241 0.000000 0.000000 1.000000 0.000000
0.996587 -0.082553 0.000000 424.074862 0.082553 0.996587 0.000000 36.008101 0.000000 0.000000 1.000000 0.000000
0.996240 -0.086637 0.000000 426.010983 0.086637 0.996240 0.000000 36.201573 0.000000 0.000000 1.000000 0.000000
0.996007 -0.089277 0.000000 427.960081 0.089277 0.996007 0.000000 36.321026 0.000000 0.000000 1.000000 0.000000
0.995947 -0.089947 0.000000 429.764054 0.089947 0.995947 0.000000 36.508591 0.000000 0.000000 1.000000 0.000000
0.996247 -0.086561 0.000000 431.533866 0.086561 0.996247 0.000000 36.664499 0.000000 0.000000 1.000000 0.000000
0.996751 -0.080543 0.000000 433.261600 0.080543 0.996751 0.000000 36.771066 0.000000 0.000000 1.000000 0.000000
0.997405 -0.072002 0.000000 434.868534 0.072002 0.997405 0.000000 36.869624 0.000000 0.000000 1.000000 0.000000
0.999468 -0.032617 0.000000 437.795555 0.032617 0.999468 0.000000 37.032731 0.000000 0.000000 1.000000 0.000000
0.997651 0.068508 0.000000 440.385566 -0.068508 0.997651 -0.000000 36.867726 -0.000000 0.000000 1.000000 0.000000
0.979919 0.199396 0.000000 442.737144 -0.199396 0.979919 -0.000000 36.277041 -0.000000 0.000000 1.000000 0.000000
0.942831 0.333270 0.000000 444.685751 -0.333270 0.942831 -0.000000 35.587126 -0.000000 0.000000 1.000000 0.000000
0.887556 0.460699 0.000000 446.327492 -0.460699 0.887556 -0.000000 34.679904 -0.000000 0.000000 1.000000 0.000000
0.812089 0.583534 0.000000 447.684402 -0.583534 0.812089 -0.000000 33.670364 -0.000000 0.000000 1.000000 0.000000
0.700580 0.713574 0.000000 448.738555 -0.713574 0.700580 -0.000000 32.459380 -0.000000 0.000000 1.000000 0.000000
0.631415 0.775445 0.000000 449.269823 -0.775445 0.631415 -0.000000 31.759777 -0.000000 0.000000 1.000000 0.000000
0.552987 0.833190 0.000000 449.652244 -0.833190 0.552987 -0.000000 31.071034 -0.000000 0.000000 1.000000 0.000000
0.467205 0.884149 0.000000 449.944193 -0.884149 0.467205 -0.000000 30.344909 -0.000000 0.000000 1.000000 0.000000
0.372301 0.928112 0.000000 450.146084 -0.928112 0.372301 -0.000000 29.579708 -0.000000 0.000000 1.000000 0.000000
0.265811 0.964025 0.000000 450.283041 -0.964025 0.265811 -0.000000 28.764510 -0.000000 0.000000 1.000000 0.000000
0.149525 0.988758 0.000000 450.350144 -0.988758 0.149525 -0.000000 27.861058 -0.000000 0.000000 1.000000 0.000000
0.028144 0.999604 0.000000 450.295599 -0.999604 0.028144 -0.000000 26.981027 -0.000000 0.000000 1.000000 0.000000
-0.096110 0.995371 0.000000 450.137221 -0.995371 -0.096110 -0.000000 26.025483 -0.000000 0.000000 1.000000 0.000000
-0.218886 0.975750 0.000000 449.860394 -0.975750 -0.218886 -0.000000 25.028182 -0.000000 0.000000 1.000000 0.000000
-0.335313 0.942107 0.000000 449.417353 -0.942107 -0.335313 -0.000000 24.107289 -0.000000 0.000000 1.000000 0.000000
-0.447156 0.894456 0.000000 448.877172 -0.894456 -0.447156 -0.000000 23.178080 -0.000000 0.000000 1.000000 0.000000
-0.546424 0.837509 0.000000 448.227932 -0.837509 -0.546424 0.000000 22.187994 0.000000 0.000000 1.000000 0.000000
-0.636538 0.771245 0.000000 447.412254 -0.771245 -0.636538 0.000000 21.352027 0.000000 0.000000 1.000000 0.000000
-0.711831 0.702351 0.000000 446.506301 -0.702351 -0.711831 0.000000 20.391953 0.000000 0.000000 1.000000 0.000000
-0.773924 0.633279 0.000000 445.390569 -0.633279 -0.773924 0.000000 19.569523 0.000000 0.000000 1.000000 0.000000
-0.817660 0.575701 0.000000 444.120217 -0.575701 -0.817660 0.000000 18.661004 0.000000 0.000000 1.000000 0.000000
-0.843026 0.537872 0.000000 442.709871 -0.537872 -0.843026 0.000000 17.912050 0.000000 0.000000 1.000000 0.000000
-0.859635 0.510909 0.000000 441.256709 -0.510909 -0.859635 0.000000 17.146620 0.000000 0.000000 1.000000 0.000000
-0.869580 0.493792 0.000000 439.690506 -0.493792 -0.869580 0.000000 16.264558 0.000000 0.000000 1.000000 0.000000
-0.876281 0.481801 0.000000 437.962136 -0.481801 -0.876281 0.000000 15.429599 0.000000 0.000000 1.000000 0.000000
-0.879648 0.475625 0.000000 436.211366 -0.475625 -0.879648 0.000000 14.509307 0.000000 0.000000 1.000000 0.000000
-0.882969 0.469432 0.000000 434.379685 -0.469432 -0.882969 0.000000 13.573814 0.000000 0.000000 1.000000 0.000000
-0.884271 0.466974 0.000000 432.447358 -0.466974 -0.884271 0.000000 12.555824 0.000000 0.000000 1.000000 0.000000
-0.885927 0.463824 0.000000 430.387532 -0.463824 -0.885927 0.000000 11.559941 0.000000 0.000000 1.000000 0.000000
-0.886073 0.463545 0.000000 428.312415 -0.463545 -0.886073 0.000000 10.440749 0.000000 0.000000 1.000000 0.000000
-0.886335 0.463045 0.000000 426.182117 -0.463045 -0.886335 0.000000 9.326111 0.000000 0.000000 1.000000 0.000000
-0.886532 0.462668 0.000000 423.976297 -0.462668 -0.886532 0.000000 8.181156 0.000000 0.000000 1.000000 0.000000
-0.887125 0.461530 0.000000 421.736663 -0.461530 -0.887125 0.000000 7.054644 0.000000 0.000000 1.000000 0.000000
-0.887862 0.460111 0.000000 419.447726 -0.460111 -0.887862 0.000000 5.857468 0.000000 0.000000 1.000000 0.000000
-0.888570 0.458742 0.000000 417.147406 -0.458742 -0.888570 0.000000 4.661874 0.000000 0.000000 1.000000 0.000000
-0.889644 0.456655 0.000000 414.766698 -0.456655 -0.889644 0.000000 3.465757 0.000000 0.000000 1.000000 0.000000
-0.890411 0.455158 0.000000 412.377678 -0.455158 -0.890411 0.000000 2.224774 0.000000 0.000000 1.000000 0.000000
-0.892145 0.451748 0.000000 409.981141 -0.451748 -0.892145 0.000000 0.988532 0.000000 0.000000 1.000000 0.000000
-0.893214 0.449631 0.000000 407.670979 -0.449631 -0.893214 0.000000 -0.210655 0.000000 0.000000 1.000000 0.000000
-0.895100 0.445866 0.000000 405.337564 -0.445866 -0.895100 0.000000 -1.362523 0.000000 0.000000 1.000000 0.000000
-0.896163 0.443725 0.000000 403.052078 -0.443725 -0.896163 0.000000 -2.480563 0.000000 0.000000 1.000000 0.000000
-0.896532 0.442979 0.000000 400.765611 -0.442979 -0.896532 0.000000 -3.608275 0.000000 0.000000 1.000000 0.000000
-0.896760 0.442517 0.000000 398.501233 -0.442517 -0.896760 0.000000 -4.688862 0.000000 0.000000 1.000000 0.000000
-0.896747 0.442544 0.000000 396.358777 -0.442544 -0.896747 0.000000 -5.771861 0.000000 0.000000 1.000000 0.000000
-0.897153 0.441720 0.000000 394.191972 -0.441720 -0.897153 0.000000 -6.842512 0.000000 0.000000 1.000000 0.000000
-0.896975 0.442081 0.000000 392.102140 -0.442081 -0.896975 0.000000 -7.882104 0.000000 0.000000 1.000000 0.000000
-0.896592 0.442857 0.000000 390.090756 -0.442857 -0.896592 0.000000 -8.867919 0.000000 0.000000 1.000000 0.000000
-0.896238 0.443573 0.000000 388.116570 -0.443573 -0.896238 0.000000 -9.817880 0.000000 0.000000 1.000000 0.000000
-0.896165 0.443721 0.000000 386.238747 -0.443721 -0.896165 0.000000 -10.764217 0.000000 0.000000 1.000000 0.000000
-0.896190 0.443671 0.000000 384.427009 -0.443671 -0.896190 0.000000 -11.677769 0.000000 0.000000 1.000000 0.000000
-0.896875 0.442284 0.000000 382.731086 -0.442284 -0.896875 0.000000 -12.548452 0.000000 0.000000 1.000000 0.000000
-0.897916 0.440166 0.000000 381.021362 -0.440166 -0.897916 0.000000 -13.357102 0.000000 0.000000 1.000000 0.000000
-0.898651 0.438665 0.000000 379.387280 -0.438665 -0.898651 0.000000 -14.091282 0.000000 0.000000 1.000000 0.000000
-0.899648 0.436617 0.000000 377.884209 -0.436617 -0.899648 0.000000 -14.812034 0.000000 0.000000 1.000000 0.000000
-0.900739 0.434360 0.000000 376.495582 -0.434360 -0.900739 0.000000 -15.549015 0.000000 0.000000 1.000000 0.000000
-0.902163 0.431394 0.000000 373.892565 -0.431394 -0.902163 0.000000 -16.770924 0.000000 0.000000 1.000000 0.000000
-0.903377 0.428846 0.000000 371.354145 -0.428846 -0.903377 0.000000 -17.970184 0.000000 0.000000 1.000000 0.000000
-0.904135 0.427247 0.000000 368.725874 -0.427247 -0.904135 0.000000 -19.154279 0.000000 0.000000 1.000000 0.000000
-0.904520 0.426431 0.000000 365.992156 -0.426431 -0.904520 0.000000 -20.476047 0.000000 0.000000 1.000000 0.000000
-0.904984 0.425445 0.000000 364.429106 -0.425445 -0.904984 0.000000 -21.194863 0.000000 0.000000 1.000000 0.000000
-0.904937 0.425546 0.000000 362.875785 -0.425546 -0.904937 0.000000 -21.875354 0.000000 0.000000 1.000000 0.000000
-0.904548 0.426371 0.000000 361.219309 -0.426371 -0.904548 0.000000 -22.651116 0.000000 0.000000 1.000000 0.000000
-0.904077 0.427369 0.000000 359.597341 -0.427369 -0.904077 0.000000 -23.474769 0.000000 0.000000 1.000000 0.000000
-0.904304 0.426889 0.000000 357.831666 -0.426889 -0.904304 0.000000 -24.276834 0.000000 0.000000 1.000000 0.000000
-0.904480 0.426517 0.000000 355.991806 -0.426517 -0.904480 0.000000 -25.087576 0.000000 0.000000 1.000000 0.000000
-0.904618 0.426224 0.000000 354.170238 -0.426224 -0.904618 0.000000 -25.956787 0.000000 0.000000 1.000000 0.000000
-0.904879 0.425669 0.000000 352.288168 -0.425669 -0.904879 0.000000 -26.841702 0.000000 0.000000 1.000000 0.000000
-0.906503 0.422200 0.000000 350.316862 -0.422200 -0.906503 0.000000 -27.740879 0.000000 0.000000 1.000000 0.000000
-0.908592 0.417685 0.000000 348.321028 -0.417685 -0.908592 0.000000 -28.669181 0.000000 0.000000 1.000000 0.000000
-0.910821 0.412801 0.000000 346.285045 -0.412801 -0.910821 0.000000 -29.552540 0.000000 0.000000 1.000000 0.000000
-0.913719 0.406346 0.000000 344.228851 -0.406346 -0.913719 0.000000 -30.450646 0.000000 0.000000 1.000000 0.000000
-0.917995 0.396593 0.000000 342.157967 -0.396593 -0.917995 0.000000 -31.358019 0.000000 0.000000 1.000000 0.000000
-0.922874 0.385102 0.000000 339.921120 -0.385102 -0.922874 0.000000 -32.235114 0.000000 0.000000 1.000000 0.000000
-0.927678 0.373382 0.000000 337.714615 -0.373382 -0.927678 0.000000 -33.144741 0.000000 0.000000 1.000000 0.000000
-0.931754 0.363089 0.000000 335.436468 -0.363089 -0.931754 0.000000 -34.034996 0.000000 0.000000 1.000000 0.000000
-0.935591 0.353085 0.000000 333.133324 -0.353085 -0.935591 0.000000 -34.869710 0.000000 0.000000 1.000000 0.000000
-0.940854 0.338811 0.000000 330.779718 -0.338811 -0.940854 0.000000 -35.758113 0.000000 0.000000 1.000000 0.000000
-0.946434 0.322896 0.000000 328.402816 -0.322896 -0.946434 0.000000 -36.578355 0.000000 0.000000 1.000000 0.000000
-0.952395 0.304866 0.000000 325.927673 -0.304866 -0.952395 0.000000 -37.321135 0.000000 0.000000 1.000000 0.000000
-0.957257 0.289238 0.000000 323.396360 -0.289238 -0.957257 0.000000 -38.064028 0.000000 0.000000 1.000000 0.000000
-0.959365 0.282169 0.000000 320.820090 -0.282169 -0.959365 0.000000 -38.829902 0.000000 0.000000 1.000000 0.000000
-0.960118 0.279597 0.000000 318.185147 -0.279597 -0.960118 0.000000 -39.613931 0.000000 0.000000 1.000000 0.000000
-0.959946 0.280184 0.000000 315.542091 -0.280184 -0.959946 0.000000 -40.297581 0.000000 0.000000 1.000000 0.000000
-0.959162 0.282858 0.000000 312.922254 -0.282858 -0.959162 0.000000 -41.105426 0.000000 0.000000 1.000000 0.000000
-0.957159 0.289564 0.000000 310.205176 -0.289564 -0.957159 0.000000 -41.934228 0.000000 0.000000 1.000000 0.000000
-0.955079 0.296352 0.000000 307.517049 -0.296352 -0.955079 0.000000 -42.770914 0.000000 0.000000 1.000000 0.000000
-0.951814 0.306677 0.000000 304.759591 -0.306677 -0.951814 0.000000 -43.602066 0.000000 0.000000 1.000000 0.000000
-0.948161 0.317790 0.000000 301.976814 -0.317790 -0.948161 0.000000 -44.507107 0.000000 0.000000 1.000000 0.000000
-0.944263 0.329191 0.000000 299.226129 -0.329191 -0.944263 0.000000 -45.455291 0.000000 0.000000 1.000000 0.000000
-0.940980 0.338462 0.000000 296.460942 -0.338462 -0.940980 0.000000 -46.419294 0.000000 0.000000 1.000000 0.000000
-0.938733 0.344647 0.000000 293.643995 -0.344647 -0.938733 0.000000 -47.476079 0.000000 0.000000 1.000000 0.000000
-0.937098 0.349067 0.000000 290.825166 -0.349067 -0.937098 0.000000 -48.602412 0.000000 0.000000 1.000000 0.000000
-0.936462 0.350768 0.000000 287.946460 -0.350768 -0.936462 0.000000 -49.642089 0.000000 0.000000 1.000000 0.000000
-0.935624 0.352998 0.000000 285.087412 -0.352998 -0.935624 0.000000 -50.774923 0.000000 0.000000 1.000000 0.000000
-0.934146 0.356891 0.000000 282.223517 -0.356891 -0.934146 0.000000 -51.879943 0.000000 0.000000 1.000000 0.000000
-0.932379 0.361482 0.000000 279.432453 -0.361482 -0.932379 0.000000 -52.953709 0.000000 0.000000 1.000000 0.000000
-0.930498 0.366296 0.000000 276.567450 -0.366296 -0.930498 0.000000 -54.027277 0.000000 0.000000 1.000000 0.000000
-0.928449 0.371459 0.000000 273.744870 -0.371459 -0.928449 0.000000 -55.189049 0.000000 0.000000 1.000000 0.000000
-0.926318 0.376742 0.000000 270.884148 -0.376742 -0.926318 0.000000 -56.246408 0.000000 0.000000 1.000000 0.000000
-0.925088 0.379753 0.000000 268.050786 -0.379753 -0.925088 0.000000 -57.367754 0.000000 0.000000 1.000000 0.000000
-0.924337 0.381576 0.000000 265.231687 -0.381576 -0.924337 0.000000 -58.474954 0.000000 0.000000 1.000000 0.000000
-0.922972 0.384868 0.000000 262.440185 -0.384868 -0.922972 0.000000 -59.673369 0.000000 0.000000 1.000000 0.000000
-0.922164 0.386799 0.000000 259.618938 -0.386799 -0.922164 0.000000 -60.843162 0.000000 0.000000 1.000000 0.000000
-0.921121 0.389276 0.000000 256.904537 -0.389276 -0.921121 0.000000 -61.980737 0.000000 0.000000 1.000000 0.000000
-0.921455 0.388485 0.000000 254.163250 -0.388485 -0.921455 0.000000 -63.081809 0.000000 0.000000 1.000000 0.000000
-0.920610 0.390482 0.000000 251.461832 -0.390482 -0.920610 0.000000 -64.242344 0.000000 0.000000 1.000000 0.000000
-0.919606 0.392842 0.000000 248.841467 -0.392842 -0.919606 0.000000 -65.400634 0.000000 0.000000 1.000000 0.000000
-0.918688 0.394984 0.000000 246.212909 -0.394984 -0.918688 0.000000 -66.570165 0.000000 0.000000 1.000000 0.000000
-0.917007 0.398871 0.000000 243.559915 -0.398871 -0.917007 0.000000 -67.658040 0.000000 0.000000 1.000000 0.000000
-0.915430 0.402477 0.000000 240.963481 -0.402477 -0.915430 0.000000 -68.805593 0.000000 0.000000 1.000000 0.000000
-0.913577 0.406665 0.000000 238.366729 -0.406665 -0.913577 0.000000 -69.887595 0.000000 0.000000 1.000000 0.000000
-0.911985 0.410224 0.000000 235.798319 -0.410224 -0.911985 0.000000 -71.002123 0.000000 0.000000 1.000000 0.000000
-0.911941 0.410322 0.000000 233.203368 -0.410322 -0.911941 0.000000 -72.202940 0.000000 0.000000 1.000000 0.000000
-0.911753 0.410740 0.000000 230.675219 -0.410740 -0.911753 0.000000 -73.353386 0.000000 0.000000 1.000000 0.000000
-0.911905 0.410401 0.000000 228.120086 -0.410401 -0.911905 0.000000 -74.528213 0.000000 0.000000 1.000000 0.000000
-0.912013 0.410161 0.000000 225.620624 -0.410161 -0.912013 0.000000 -75.677915 0.000000 0.000000 1.000000 0.000000
-0.912083 0.410005 0.000000 223.028703 -0.410005 -0.912083 0.000000 -76.829344 0.000000 0.000000 1.000000 0.000000
-0.911161 0.412051 0.000000 220.482043 -0.412051 -0.911161 0.000000 -77.920933 0.000000 0.000000 1.000000 0.000000
-0.910052 0.414494 0.000000 218.030392 -0.414494 -0.910052 0.000000 -79.029421 0.000000 0.000000 1.000000 0.000000
-0.908734 0.417376 0.000000 215.589770 -0.417376 -0.908734 0.000000 -80.213600 0.000000 0.000000 1.000000 0.000000
-0.908656 0.417546 0.000000 213.105092 -0.417546 -0.908656 0.000000 -81.349317 0.000000 0.000000 1.000000 0.000000
-0.910062 0.414472 0.000000 210.720296 -0.414472 -0.910062 0.000000 -82.448796 0.000000 0.000000 1.000000 0.000000
-0.911117 0.412147 0.000000 208.246436 -0.412147 -0.911117 0.000000 -83.573409 0.000000 0.000000 1.000000 0.000000
-0.912669 0.408700 0.000000 205.800776 -0.408700 -0.912669 0.000000 -84.676157 0.000000 0.000000 1.000000 0.000000
-0.914538 0.404500 0.000000 203.386119 -0.404500 -0.914538 0.000000 -85.726952 0.000000 0.000000 1.000000 0.000000
-0.915908 0.401388 0.000000 201.022068 -0.401388 -0.915908 0.000000 -86.720953 0.000000 0.000000 1.000000 0.000000
-0.916420 0.400218 0.000000 198.696684 -0.400218 -0.916420 0.000000 -87.774824 0.000000 0.000000 1.000000 0.000000
-0.916871 0.399184 0.000000 196.348050 -0.399184 -0.916871 0.000000 -88.743829 0.000000 0.000000 1.000000 0.000000
-0.918358 0.395751 0.000000 194.079630 -0.395751 -0.918358 0.000000 -89.752772 0.000000 0.000000 1.000000 0.000000
-0.919139 0.393934 0.000000 191.787634 -0.393934 -0.919139 0.000000 -90.682479 0.000000 0.000000 1.000000 0.000000
-0.919502 0.393085 0.000000 189.490091 -0.393085 -0.919502 0.000000 -91.716933 0.000000 0.000000 1.000000 0.000000
-0.919439 0.393232 0.000000 187.175319 -0.393232 -0.919439 0.000000 -92.705671 0.000000 0.000000 1.000000 0.000000
-0.918991 0.394278 0.000000 184.913153 -0.394278 -0.918991 0.000000 -93.685159 0.000000 0.000000 1.000000 0.000000
-0.916464 0.400117 0.000000 182.647660 -0.400117 -0.916464 0.000000 -94.697080 0.000000 0.000000 1.000000 0.000000
-0.914478 0.404636 0.000000 180.359432 -0.404636 -0.914478 0.000000 -95.647977 0.000000 0.000000 1.000000 0.000000
-0.912228 0.409684 0.000000 178.164735 -0.409684 -0.912228 0.000000 -96.689823 0.000000 0.000000 1.000000 0.000000
-0.909808 0.415029 0.000000 175.904746 -0.415029 -0.909808 0.000000 -97.608617 0.000000 0.000000 1.000000 0.000000
-0.908463 0.417964 0.000000 173.708264 -0.417964 -0.908463 0.000000 -98.603732 0.000000 0.000000 1.000000 0.000000
-0.907997 0.418976 0.000000 171.552697 -0.418976 -0.907997 0.000000 -99.649676 0.000000 0.000000 1.000000 0.000000
-0.908379 0.418148 0.000000 169.364486 -0.418148 -0.908379 0.000000 -100.593170 0.000000 0.000000 1.000000 0.000000
-0.909103 0.416572 0.000000 167.272415 -0.416572 -0.909103 0.000000 -101.552586 0.000000 0.000000 1.000000 0.000000
-0.910402 0.413726 0.000000 165.147659 -0.413726 -0.910402 0.000000 -102.505940 0.000000 0.000000 1.000000 0.000000
-0.911790 0.410657 0.000000 163.012084 -0.410657 -0.911790 0.000000 -103.477783 0.000000 0.000000 1.000000 0.000000
-0.912709 0.408611 0.000000 160.899771 -0.408611 -0.912709 0.000000 -104.398246 0.000000 0.000000 1.000000 0.000000
-0.913204 0.407503 0.000000 158.850836 -0.407503 -0.913204 0.000000 -105.320524 0.000000 0.000000 1.000000 0.000000
-0.913045 0.407858 0.000000 156.821127 -0.407858 -0.913045 0.000000 -106.205441 0.000000 0.000000 1.000000 0.000000
-0.913206 0.407498 0.000000 154.779478 -0.407498 -0.913206 0.000000 -107.089856 0.000000 0.000000 1.000000 0.000000
-0.913933 0.405866 0.000000 152.822292 -0.405866 -0.913933 0.000000 -107.972085 0.000000 0.000000 1.000000 0.000000
-0.915830 0.401566 0.000000 150.842244 -0.401566 -0.915830 0.000000 -108.765602 0.000000 0.000000 1.000000 0.000000
-0.918861 0.394582 0.000000 148.945203 -0.394582 -0.918861 0.000000 -109.550390 0.000000 0.000000 1.000000 0.000000
-0.921138 0.389237 0.000000 147.099173 -0.389237 -0.921138 0.000000 -110.327446 0.000000 0.000000 1.000000 0.000000
-0.921735 0.387821 0.000000 145.297038 -0.387821 -0.921735 0.000000 -111.078112 0.000000 0.000000 1.000000 0.000000
-0.922804 0.385270 0.000000 143.598899 -0.385270 -0.922804 0.000000 -111.820392 0.000000 0.000000 1.000000 0.000000
-0.922597 0.385765 0.000000 141.877166 -0.385765 -0.922597 0.000000 -112.514969 0.000000 0.000000 1.000000 0.000000
-0.923478 0.383651 0.000000 140.219752 -0.383651 -0.923478 0.000000 -113.222743 0.000000 0.000000 1.000000 0.000000
-0.924837 0.380364 0.000000 138.655071 -0.380364 -0.924837 0.000000 -113.912323 0.000000 0.000000 1.000000 0.000000
-0.925220 0.379431 0.000000 137.090101 -0.379431 -0.925220 0.000000 -114.482643 0.000000 0.000000 1.000000 0.000000
-0.925786 0.378048 0.000000 135.680982 -0.378048 -0.925786 0.000000 -115.091293 0.000000 0.000000 1.000000 0.000000
-0.925585 0.378540 0.000000 134.201662 -0.378540 -0.925585 0.000000 -115.630464 0.000000 0.000000 1.000000 0.000000
-0.925305 0.379224 0.000000 131.609215 -0.379224 -0.925305 0.000000 -116.703628 0.000000 0.000000 1.000000 0.000000
-0.925579 0.378554 0.000000 129.181286 -0.378554 -0.925579 0.000000 -117.723007 0.000000 0.000000 1.000000 0.000000
-0.926943 0.375202 0.000000 126.992413 -0.375202 -0.926943 0.000000 -118.579850 0.000000 0.000000 1.000000 0.000000
-0.928779 0.370633 0.000000 125.018224 -0.370633 -0.928779 0.000000 -119.342525 0.000000 0.000000 1.000000 0.000000
-0.929144 0.369719 0.000000 123.296536 -0.369719 -0.929144 0.000000 -120.033299 0.000000 0.000000 1.000000 0.000000
