1.000000 0.000000 0.000000 0.000000 0.000000 1.000000 0.000000 0.000000 0.000000 0.000000 1.000000 0.000000
1.000000 -0.000074 0.000000 0.004241 0.000074 1.000000 0.000000 0.000064 0.000000 0.000000 1.000000 0.000000
1.000000 -0.000092 0.000000 0.001334 0.000092 1.000000 0.000000 -0.006871 0.000000 0.000000 1.000000 0.000000
1.000000 -0.000008 0.000000 0.009509 0.000008 1.000000 0.000000 -0.005204 0.000000 0.000000 1.000000 0.000000
1.000000 0.000028 0.000000 0.005239 -0.000028 1.000000 0.000000 -0.006266 0.000000 0.000000 1.000000 0.000000
1.000000 -0.000039 0.000000 0.008750 0.000039 1.000000 0.000000 -0.006029 0.000000 0.000000 1.000000 0.000000
1.000000 -0.000051 0.000000 0.005059 0.000051 1.000000 0.000000 -0.007496 0.000000 0.000000 1.000000 0.000000
1.000000 -0.000101 0.000000 0.009023 0.000101 1.000000 0.000000 -0.002218 0.000000 0.000000 1.000000 0.000000
1.000000 -0.000038 0.000000 0.006432 0.000038 1.000000 0.000000 -0.006226 0.000000 0.000000 1.000000 0.000000
1.000000 -0.000087 0.000000 0.003198 0.000087 1.000000 0.000000 -0.006313 0.000000 0.000000 1.000000 0.000000
1.000000 0.000013 0.000000 0.009100 -0.000013 1.000000 0.000000 -0.006256 0.000000 0.000000 1.000000 0.000000
1.000000 0.000169 0.000000 0.011180 -0.000169 1.000000 0.000000 -0.010797 0.000000 0.000000 1.000000 0.000000
1.000000 -0.000026 0.000000 0.006515 0.000026 1.000000 0.000000 -0.007555 0.000000 0.000000 1.000000 0.000000
1.000000 -0.000027 0.000000 0.012379 0.000027 1.000000 0.000000 -0.006116 0.000000 0.000000 1.000000 0.000000
1.000000 0.000098 0.000000 0.008409 -0.000098 1.000000 0.000000 -0.007181 0.000000 0.000000 1.000000 0.000000
1.000000 0.000157 0.000000 0.005267 -0.000157 1.000000 0.000000 -0.003179 0.000000 0.000000 1.000000 0.000000
1.000000 0.000176 0.000000 0.016263 -0.000176 1.000000 0.000000 -0.004981 0.000000 0.000000 1.000000 0.000000
1.000000 -0.000060 0.000000 0.011560 0.000060 1.000000 0.000000 -0.001817 0.000000 0.000000 1.000000 0.000000
1.000000 -0.000041 0.000000 0.014262 0.000041 1.000000 0.000000 -0.000760 0.000000 0.000000 1.000000 0.000000
1.000000 0.000120 0.000000 0.008368 -0.000120 1.000000 0.000000 -0.005926 0.000000 0.000000 1.000000 0.000000
1.000000 0.000092 0.000000 0.012453 -0.000092 1.000000 0.000000 0.001746 0.000000 0.000000 1.000000 0.000000
1.000000 -0.000026 0.000000 0.008179 0.000026 1.000000 0.000000 -0.001328 0.000000 0.000000 1.000000 0.000000
1.000000 -0.000086 0.000000 0.001312 0.000086 1.000000 0.000000 -0.011585 0.000000 0.000000 1.000000 0.000000
1.000000 -0.000148 0.000000 0.004011 0.000148 1.000000 0.000000 -0.007871 0.000000 0.000000 1.000000 0.000000
1.000000 -0.000109 0.000000 0.004709 0.000109 1.000000 0.000000 -0.007749 0.000000 0.000000 1.000000 0.000000
1.000000 -0.000159 0.000000 0.005189 0.000159 1.000000 0.000000 -0.002270 0.000000 0.000000 1.000000 0.000000
1.000000 -0.000074 0.000000 0.013375 0.000074 1.000000 0.000000 -0.003087 0.000000 0.000000 1.000000 0.000000
1.000000 -0.000120 0.000000 0.016105 0.000120 1.000000 0.000000 -0.006258 0.000000 0.000000 1.000000 0.000000
1.000000 -0.000089 0.000000 0.018164 0.000089 1.000000 0.000000 -0.006906 0.000000 0.000000 1.000000 0.000000
1.000000 -0.000224 0.000000 0.013484 0.000224 1.000000 0.000000 -0.004017 0.000000 0.000000 1.000000 0.000000
1.000000 -0.000238 0.000000 0.004387 0.000238 1.000000 0.000000 0.000194 0.000000 0.000000 1.000000 0.000000
1.000000 0.000019 0.000000 0.009342 -0.000019 1.000000 0.000000 0.000520 0.000000 0.000000 1.000000 0.000000
1.000000 -0.000009 0.000000 0.009517 0.000009 1.000000 0.000000 -0.013470 0.000000 0.000000 1.000000 0.000000
1.000000 -0.000054 0.000000 0.012796 0.000054 1.000000 0.000000 -0.010226 0.000000 0.000000 1.000000 0.000000
1.000000 -0.000007 0.000000 0.010628 0.000007 1.000000 0.000000 -0.009972 0.000000 0.000000 1.000000 0.000000
1.000000 0.000002 0.000000 0.004110 -0.000002 1.000000 0.000000 -0.005922 0.000000 0.000000 1.000000 0.000000
1.000000 0.000031 0.000000 0.007577 -0.000031 1.000000 0.000000 -0.007270 0.000000 0.000000 1.000000 0.000000
1.000000 -0.000050 0.000000 0.006718 0.000050 1.000000 0.000000 -0.007416 0.000000 0.000000 1.000000 0.000000
1.000000 -0.000102 0.000000 0.005652 0.000102 1.000000 0.000000 -0.005446 0.000000 0.000000 1.000000 0.000000
1.000000 -0.000062 0.000000 0.013764 0.000062 1.000000 0.000000 -0.001531 0.000000 0.000000 1.000000 0.000000
1.000000 -0.000027 0.000000 0.009519 0.000027 1.000000 0.000000 0.001674 0.000000 0.000000 1.000000 0.000000
1.000000 -0.000117 0.000000 0.009751 0.000117 1.000000 0.000000 -0.005203 0.000000 0.000000 1.000000 0.000000
1.000000 -0.000083 0.000000 0.005491 0.000083 1.000000 0.000000 -0.005604 0.000000 0.000000 1.000000 0.000000
1.000000 -0.000069 0.000000 0.012080 0.000069 1.000000 0.000000 -0.003362 0.000000 0.000000 1.000000 0.000000
1.000000 -0.000082 0.000000 0.007250 0.000082 1.000000 0.000000 -0.008513 0.000000 0.000000 1.000000 0.000000
1.000000 -0.000187 0.000000 0.001181 0.000187 1.000000 0.000000 -0.007064 0.000000 0.000000 1.000000 0.000000
1.000000 -0.000171 0.000000 0.004684 0.000171 1.000000 0.000000 -0.009305 0.000000 0.000000 1.000000 0.000000
1.000000 -0.000131 0.000000 0.003491 0.000131 1.000000 0.000000 -0.005961 0.000000 0.000000 1.000000 0.000000
1.000000 0.000080 0.000000 -0.000956 -0.000080 1.000000 0.000000 -0.003130 0.000000 0.000000 1.000000 0.000000
1.000000 -0.000119 0.000000 0.007744 0.000119 1.000000 0.000000 -0.004898 0.000000 0.000000 1.000000 0.000000
1.000000 -0.000004 0.000000 0.005654 0.000004 1.000000 0.000000 -0.005213 0.000000 0.000000 1.000000 0.000000
1.000000 -0.000214 0.000000 0.010352 0.000214 1.000000 0.000000 -0.005602 0.000000 0.000000 1.000000 0.000000
1.000000 -0.000234 0.000000 0.008511 0.000234 1.000000 0.000000 -0.004314 0.000000 0.000000 1.000000 0.000000
1.000000 -0.000077 0.000000 0.005979 0.000077 1.000000 0.000000 -0.008146 0.000000 0.000000 1.000000 0.000000
1.000000 -0.000054 0.000000 0.001512 0.000054 1.000000 0.000000 -0.007479 0.000000 0.000000 1.000000 0.000000
1.000000 -0.000132 0.000000 0.014300 0.000132 1.000000 0.000000 -0.000917 0.000000 0.000000 1.000000 0.000000
1.000000 -0.000311 0.000000 0.006363 0.000311 1.000000 0.000000 0.002374 0.000000 0.000000 1.000000 0.000000
1.000000 -0.000259 0.000000 0.007486 0.000259 1.000000 0.000000 -0.008500 0.000000 0.000000 1.000000 0.000000
1.000000 -0.000338 0.000000 0.004095 0.000338 1.000000 0.000000 -0.007436 0.000000 0.000000 1.000000 0.000000
1.000000 -0.000266 0.000000 0.003803 0.000266 1.000000 0.000000 0.000676 0.000000 0.000000 1.000000 0.000000
1.000000 -0.000156 0.000000 0.007380 0.000156 1.000000 0.000000 -0.004807 0.000000 0.000000 1.000000 0.000000
1.000000 -0.000058 0.000000 0.007894 0.000058 1.000000 0.000000 -0.000942 0.000000 0.000000 1.000000 0.000000
1.000000 -0.000022 0.000000 0.006545 0.000022 1.000000 0.000000 -0.006800 0.000000 0.000000 1.000000 0.000000
1.000000 -0.000186 0.000000 -0.001776 0.000186 1.000000 0.000000 0.004890 0.000000 0.000000 1.000000 0.000000
1.000000 -0.000229 0.000000 0.001258 0.000229 1.000000 0.000000 -0.003366 0.000000 0.000000 1.000000 0.000000
1.000000 0.000011 0.000000 0.007368 -0.000011 1.000000 0.000000 -0.007933 0.000000 0.000000 1.000000 0.000000
1.000000 -0.000027 0.000000 0.009228 0.000027 1.000000 0.000000 -0.009810 0.000000 0.000000 1.000000 0.000000
1.000000 -0.000189 0.000000 0.015422 0.000189 1.000000 0.000000 -0.011066 0.000000 0.000000 1.000000 0.000000
1.000000 -0.000132 0.000000 0.008531 0.000132 1.000000 0.000000 -0.005885 0.000000 0.000000 1.000000 0.000000
1.000000 -0.000073 0.000000 0.009035 0.000073 1.000000 0.000000 -0.008500 0.000000 0.000000 1.000000 0.000000
1.000000 -0.000060 0.000000 0.009646 0.000060 1.000000 0.000000 -0.012482 0.000000 0.000000 1.000000 0.000000
1.000000 -0.000112 0.000000 0.000859 0.000112 1.000000 0.000000 -0.014159 0.000000 0.000000 1.000000 0.000000
1.000000 -0.000229 0.000000 0.007923 0.000229 1.000000 0.000000 -0.003354 0.000000 0.000000 1.000000 0.000000
1.000000 -0.000107 0.000000 0.004801 0.000107 1.000000 0.000000 -0.011701 0.000000 0.000000 1.000000 0.000000
1.000000 -0.000134 0.000000 0.004989 0.000134 1.000000 0.000000 -0.010546 0.000000 0.000000 1.000000 0.000000
1.000000 0.000105 0.000000 0.001525 -0.000105 1.000000 0.000000 -0.006395 0.000000 0.000000 1.000000 0.000000
1.000000 0.000095 0.000000 0.002155 -0.000095 1.000000 0.000000 -0.013068 0.000000 0.000000 1.000000 0.000000
1.000000 0.000012 0.000000 0.009066 -0.000012 1.000000 0.000000 -0.005135 0.000000 0.000000 1.000000 0.000000
1.000000 -0.000121 0.000000 0.006961 0.000121 1.000000 0.000000 -0.001003 0.000000 0.000000 1.000000 0.000000
1.000000 0.000059 0.000000 0.009064 -0.000059 1.000000 0.000000 -0.005702 0.000000 0.000000 1.000000 0.000000
1.000000 -0.000001 0.000000 0.009770 0.000001 1.000000 0.000000 -0.010652 0.000000 0.000000 1.000000 0.000000
1.000000 -0.000169 0.000000 0.004951 0.000169 1.000000 0.000000 -0.015825 0.000000 0.000000 1.000000 0.000000
1.000000 -0.000128 0.000000 0.007517 0.000128 1.000000 0.000000 -0.007437 0.000000 0.000000 1.000000 0.000000
1.000000 -0.000016 0.000000 0.011605 0.000016 1.000000 0.000000 -0.008265 0.000000 0.000000 1.000000 0.000000
1.000000 0.000139 0.000000 0.003954 -0.000139 1.000000 0.000000 0.003834 0.000000 0.000000 1.000000 0.000000
1.000000 0.000215 0.000000 0.008818 -0.000215 1.000000 0.000000 -0.000840 0.000000 0.000000 1.000000 0.000000
1.000000 0.000203 0.000000 0.003434 -0.000203 1.000000 0.000000 0.006694 0.000000 0.000000 1.000000 0.000000
1.000000 0.000103 0.000000 0.014382 -0.000103 1.000000 0.000000 -0.002539 0.000000 0.000000 1.000000 0.000000
1.000000 0.000119 0.000000 0.001843 -0.000119 1.000000 0.000000 -0.000607 0.000000 0.000000 1.000000 0.000000
1.000000 -0.000046 0.000000 0.010158 0.000046 1.000000 0.000000 -0.011889 0.000000 0.000000 1.000000 0.000000
1.000000 0.000028 0.000000 0.006140 -0.000028 1.000000 0.000000 -0.016493 0.000000 0.000000 1.000000 0.000000
1.000000 -0.000073 0.000000 0.016491 0.000073 1.000000 0.000000 -0.017736 0.000000 0.000000 1.000000 0.000000
1.000000 -0.000461 0.000000 0.063350 0.000461 1.000000 0.000000 -0.007963 0.000000 0.000000 1.000000 0.000000
1.000000 -0.000499 0.000000 0.125840 0.000499 1.000000 0.000000 -0.007429 0.000000 0.000000 1.000000 0.000000
0.999997 -0.002626 0.000000 0.202580 0.002626 0.999997 0.000000 0.004442 0.000000 0.000000 1.000000 0.000000
0.999973 -0.007391 0.000000 0.387440 0.007391 0.999973 0.000000 -0.003319 0.000000 0.000000 1.000000 0.000000
0.999848 -0.017457 0.000000 0.617188 0.017457 0.999848 0.000000 0.025198 0.000000 0.000000 1.000000 0.000000
0.999528 -0.030719 0.000000 0.913367 0.030719 0.999528 0.000000 0.015265 0.000000 0.000000 1.000000 0.000000
0.998831 -0.048330 0.000000 1.275570 0.048330 0.998831 0.000000 0.015290 0.000000 0.000000 1.000000 0.000000
0.997693 -0.067883 0.000000 1.722874 0.067883 0.997693 0.000000 0.143446 0.000000 0.000000 1.000000 0.000000
0.995573 -0.093988 0.000000 2.192085 0.093988 0.995573 0.000000 0.156141 0.000000 0.000000 1.000000 0.000000
0.993131 -0.117007 0.000000 2.763010 0.117007 0.993131 0.000000 0.218438 0.000000 0.000000 1.000000 0.000000
0.990220 -0.139512 0.000000 3.500577 0.139512 0.990220 0.000000 0.418995 0.000000 0.000000 1.000000 0.000000
0.987318 -0.158756 0.000000 4.296570 0.158756 0.987318 0.000000 0.502924 0.000000 0.000000 1.000000 0.000000
0.985004 -0.172532 0.000000 5.249896 0.172532 0.985004 0.000000 0.670581 0.000000 0.000000 1.000000 0.000000
0.984926 -0.172974 0.000000 6.275596 0.172974 0.984926 0.000000 0.839119 0.000000 0.000000 1.000000 0.000000
0.985454 -0.169942 0.000000 7.436635 0.169942 0.985454 0.000000 0.991299 0.000000 0.000000 1.000000 0.000000
0.985501 -0.169670 0.000000 8.612109 0.169670 0.985501 0.000000 1.224377 0.000000 0.000000 1.000000 0.000000
0.985977 -0.166881 0.000000 9.911644 0.166881 0.985977 0.000000 1.395275 0.000000 0.000000 1.000000 0.000000
0.986481 -0.163877 0.000000 11.224875 0.163877 0.986481 0.000000 1.679821 0.000000 0.000000 1.000000 0.000000
0.987826 -0.155566 0.000000 12.666643 0.155566 0.987826 0.000000 1.814362 0.000000 0.000000 1.000000 0.000000
0.989496 -0.144563 0.000000 14.133373 0.144563 0.989496 0.000000 2.045700 0.000000 0.000000 1.000000 0.000000
0.992025 -0.126040 0.000000 15.653504 0.126040 0.992025 0.000000 2.209150 0.000000 0.000000 1.000000 0.000000
0.993959 -0.109749 0.000000 17.273165 0.109749 0.993959 0.000000 2.390190 0.000000 0.000000 1.000000 0.000000
0.995790 -0.091664 0.000000 18.915123 0.091664 0.995790 0.000000 2.532690 0.000000 0.000000 1.000000 0.000000
0.997236 -0.074301 0.000000 20.617497 0.074301 0.997236 0.000000 2.659793 0.000000 0.000000 1.000000 0.000000
0.998279 -0.058635 0.000000 22.432022 0.058635 0.998279 0.000000 2.756641 0.000000 0.000000 1.000000 0.000000
0.999025 -0.044144 0.000000 24.245078 0.044144 0.999025 0.000000 2.815273 0.000000 0.000000 1.000000 0.000000
0.999526 -0.030785 0.000000 26.067313 0.030785 0.999526 0.000000 2.870090 0.000000 0.000000 1.000000 0.000000
0.999797 -0.020139 0.000000 27.817456 0.020139 0.999797 0.000000 2.870312 0.000000 0.000000 1.000000 0.000000
0.999918 -0.012835 0.000000 29.594245 0.012835 0.999918 0.000000 2.864641 0.000000 0.000000 1.000000 0.000000
0.999964 -0.008507 0.000000 31.376221 0.008507 0.999964 0.000000 2.886848 0.000000 0.000000 1.000000 0.000000
0.999989 -0.004737 0.000000 33.148027 0.004737 0.999989 0.000000 2.890008 0.000000 0.000000 1.000000 0.000000
0.999988 -0.004837 0.000000 34.967819 0.004837 0.999988 0.000000 2.880774 0.000000 0.000000 1.000000 0.000000
0.999986 -0.005346 0.000000 36.764359 0.005346 0.999986 0.000000 2.898905 0.000000 0.000000 1.000000 0.000000
0.999981 -0.006209 0.000000 38.616935 0.006209 0.999981 0.000000 2.865464 0.000000 0.000000 1.000000 0.000000
0.999985 -0.005388 0.000000 40.438579 0.005388 0.999985 0.000000 2.848181 0.000000 0.000000 1.000000 0.000000
0.999986 -0.005238 0.000000 42.331386 0.005238 0.999986 0.000000 2.868840 0.000000 0.000000 1.000000 0.000000
0.999986 -0.005342 0.000000 44.248602 0.005342 0.999986 0.000000 2.884023 0.000000 0.000000 1.000000 0.000000
0.999977 -0.006837 0.000000 46.186957 0.006837 0.999977 0.000000 2.874801 0.000000 0.000000 1.000000 0.000000
0.999975 -0.007008 0.000000 48.091762 0.007008 0.999975 0.000000 2.892998 0.000000 0.000000 1.000000 0.000000
0.999976 -0.006867 0.000000 49.952758 0.006867 0.999976 0.000000 2.942109 0.000000 0.000000 1.000000 0.000000
0.999975 -0.007119 0.000000 51.848234 0.007119 0.999975 0.000000 2.908822 0.000000 0.000000 1.000000 0.000000
0.999986 -0.005204 0.000000 53.708262 0.005204 0.999986 0.000000 2.954441 0.000000 0.000000 1.000000 0.000000
0.999995 -0.003067 0.000000 55.625702 0.003067 0.999995 0.000000 2.904040 0.000000 0.000000 1.000000 0.000000
1.000000 0.000046 0.000000 57.497345 -0.000046 1.000000 0.000000 2.895841 0.000000 0.000000 1.000000 0.000000
0.999996 0.002739 0.000000 59.401504 -0.002739 0.999996 0.000000 2.891596 0.000000 0.000000 1.000000 0.000000
0.999992 0.003992 0.000000 61.314217 -0.003992 0.999992 0.000000 2.865189 0.000000 0.000000 1.000000 0.000000
0.999991 0.004166 0.000000 63.184843 -0.004166 0.999991 0.000000 2.840343 0.000000 0.000000 1.000000 0.000000
0.999991 0.004199 0.000000 65.024053 -0.004199 0.999991 0.000000 2.834324 0.000000 0.000000 1.000000 0.000000
0.999988 0.004853 0.000000 66.848520 -0.004853 0.999988 0.000000 2.782927 0.000000 0.000000 1.000000 0.000000
0.999988 0.004957 0.000000 68.677119 -0.004957 0.999988 0.000000 2.796967 0.000000 0.000000 1.000000 0.000000
0.999988 0.004985 0.000000 70.472769 -0.004985 0.999988 0.000000 2.747639 0.000000 0.000000 1.000000 0.000000
0.999992 0.003986 0.000000 72.252045 -0.003986 0.999992 0.000000 2.698712 0.000000 0.000000 1.000000 0.000000
0.999985 0.005458 0.000000 74.058358 -0.005458 0.999985 0.000000 2.691146 0.000000 0.000000 1.000000 0.000000
0.999987 0.005114 0.000000 75.812436 -0.005114 0.999987 0.000000 2.637101 0.000000 0.000000 1.000000 0.000000
0.999975 0.007017 0.000000 77.687224 -0.007017 0.999975 0.000000 2.630335 0.000000 0.000000 1.000000 0.000000
0.999958 0.009219 0.000000 79.490950 -0.009219 0.999958 0.000000 2.561958 0.000000 0.000000 1.000000 0.000000
0.999952 0.009770 0.000000 81.314677 -0.009770 0.999952 0.000000 2.540659 0.000000 0.000000 1.000000 0.000000
0.999953 0.009677 0.000000 83.088059 -0.009677 0.999953 0.000000 2.540297 0.000000 0.000000 1.000000 0.000000
0.999948 0.010222 0.000000 84.802773 -0.010222 0.999948 0.000000 2.529967 0.000000 0.000000 1.000000 0.000000
0.999924 0.012310 0.000000 86.585253 -0.012310 0.999924 0.000000 2.484046 0.000000 0.000000 1.000000 0.000000
0.999890 0.014821 0.000000 88.360692 -0.014821 0.999890 0.000000 2.437813 0.000000 0.000000 1.000000 0.000000
0.999809 0.019567 0.000000 90.138926 -0.019567 0.999809 0.000000 2.400299 0.000000 0.000000 1.000000 0.000000
0.999772 0.021355 0.000000 91.987755 -0.021355 0.999772 0.000000 2.302741 0.000000 0.000000 1.000000 0.000000
0.999830 0.018412 0.000000 93.755259 -0.018412 0.999830 0.000000 2.247481 0.000000 0.000000 1.000000 0.000000
0.999889 0.014892 0.000000 95.557486 -0.014892 0.999889 0.000000 2.226613 0.000000 0.000000 1.000000 0.000000
0.999953 0.009700 0.000000 97.458375 -0.009700 0.999953 0.000000 2.195446 0.000000 0.000000 1.000000 0.000000
0.999997 0.002297 0.000000 99.252347 -0.002297 0.999997 0.000000 2.202393 0.000000 0.000000 1.000000 0.000000
0.999974 -0.007247 0.000000 101.095116 0.007247 0.999974 0.000000 2.244804 0.000000 0.000000 1.000000 0.000000
0.999883 -0.015292 0.000000 102.964290 0.015292 0.999883 0.000000 2.226641 0.000000 0.000000 1.000000 0.000000
0.999696 -0.024675 0.000000 104.868051 0.024675 0.999696 0.000000 2.229134 0.000000 0.000000 1.000000 0.000000
0.999386 -0.035032 0.000000 106.770102 0.035032 0.999386 0.000000 2.266711 0.000000 0.000000 1.000000 0.000000
0.999075 -0.043010 0.000000 108.686775 0.043010 0.999075 0.000000 2.319167 0.000000 0.000000 1.000000 0.000000
0.998628 -0.052368 0.000000 110.607540 0.052368 0.998628 0.000000 2.388924 0.000000 0.000000 1.000000 0.000000
0.998253 -0.059077 0.000000 112.592683 0.059077 0.998253 0.000000 2.514069 0.000000 0.000000 1.000000 0.000000
0.997958 -0.063881 0.000000 114.593918 0.063881 0.997958 0.000000 2.641476 0.000000 0.000000 1.000000 0.000000
0.997640 -0.068658 0.000000 116.549743 0.068658 0.997640 0.000000 2.766861 0.000000 0.000000 1.000000 0.000000
0.997474 -0.071039 0.000000 118.480003 0.071039 0.997474 0.000000 2.917697 0.000000 0.000000 1.000000 0.000000
0.997564 -0.069751 0.000000 120.431974 0.069751 0.997564 0.000000 3.042761 0.000000 0.000000 1.000000 0.000000
0.997577 -0.069575 0.000000 122.355169 0.069575 0.997577 0.000000 3.137994 0.000000 0.000000 1.000000 0.000000
0.997632 -0.068773 0.000000 124.290411 0.068773 0.997632 0.000000 3.246308 0.000000 0.000000 1.000000 0.000000
0.997788 -0.066480 0.000000 126.281796 0.066480 0.997788 0.000000 3.383516 0.000000 0.000000 1.000000 0.000000
0.997807 -0.066194 0.000000 128.258213 0.066194 0.997807 0.000000 3.465983 0.000000 0.000000 1.000000 0.000000
0.997915 -0.064545 0.000000 130.159921 0.064545 0.997915 0.000000 3.632417 0.000000 0.000000 1.000000 0.000000
0.998004 -0.063154 0.000000 132.137240 0.063154 0.998004 0.000000 3.704765 0.000000 0.000000 1.000000 0.000000
0.998018 -0.062921 0.000000 134.085034 0.062921 0.998018 0.000000 3.845774 0.000000 0.000000 1.000000 0.000000
0.998138 -0.060991 0.000000 136.098302 0.060991 0.998138 0.000000 3.937170 0.000000 0.000000 1.000000 0.000000
0.998239 -0.059320 0.000000 138.084124 0.059320 0.998239 0.000000 4.015399 0.000000 0.000000 1.000000 0.000000
0.998385 -0.056808 0.000000 140.087166 0.056808 0.998385 0.000000 4.085356 0.000000 0.000000 1.000000 0.000000
0.998489 -0.054946 0.000000 142.073211 0.054946 0.998489 0.000000 4.246108 0.000000 0.000000 1.000000 0.000000
0.998541 -0.053991 0.000000 143.996158 0.053991 0.998541 0.000000 4.277204 0.000000 0.000000 1.000000 0.000000
0.998623 -0.052457 0.000000 146.059470 0.052457 0.998623 0.000000 4.388032 0.000000 0.000000 1.000000 0.000000
0.998682 -0.051326 0.000000 148.017520 0.051326 0.998682 0.000000 4.492889 0.000000 0.000000 1.000000 0.000000
0.998710 -0.050778 0.000000 150.011744 0.050778 0.998710 0.000000 4.576182 0.000000 0.000000 1.000000 0.000000
0.998713 -0.050725 0.000000 152.018366 0.050725 0.998713 0.000000 4.625529 0.000000 0.000000 1.000000 0.000000
0.998754 -0.049897 0.000000 154.024715 0.049897 0.998754 0.000000 4.746804 0.000000 0.000000 1.000000 0.000000
0.998739 -0.050202 0.000000 156.098358 0.050202 0.998739 0.000000 4.854445 0.000000 0.000000 1.000000 0.000000
0.998780 -0.049378 0.000000 158.169806 0.049378 0.998780 0.000000 4.942645 0.000000 0.000000 1.000000 0.000000
0.998843 -0.048083 0.000000 160.235330 0.048083 0.998843 0.000000 5.060325 0.000000 0.000000 1.000000 0.000000
0.998833 -0.048302 0.000000 162.362825 0.048302 0.998833 0.000000 5.117141 0.000000 0.000000 1.000000 0.000000
0.998853 -0.047881 0.000000 164.492560 0.047881 0.998853 0.000000 5.244913 0.000000 0.000000 1.000000 0.000000
0.998855 -0.047848 0.000000 166.568580 0.047848 0.998855 0.000000 5.332109 0.000000 0.000000 1.000000 0.000000
0.998873 -0.047472 0.000000 168.664550 0.047472 0.998873 0.000000 5.403475 0.000000 0.000000 1.000000 0.000000
0.998884 -0.047239 0.000000 170.800186 0.047239 0.998884 0.000000 5.477382 0.000000 0.000000 1.000000 0.000000
0.998893 -0.047038 0.000000 172.873004 0.047038 0.998893 0.000000 5.609850 0.000000 0.000000 1.000000 0.000000
0.998667 -0.051621 0.000000 174.975827 0.051621 0.998667 0.000000 5.687209 0.000000 0.000000 1.000000 0.000000
0.998488 -0.054969 0.000000 177.049804 0.054969 0.998488 0.000000 5.796428 0.000000 0.000000 1.000000 0.000000
0.998322 -0.057906 0.000000 179.078831 0.057906 0.998322 0.000000 5.885483 0.000000 0.000000 1.000000 0.000000
0.998147 -0.060856 0.000000 181.075840 0.060856 0.998147 0.000000 5.990053 0.000000 0.000000 1.000000 0.000000
0.997981 -0.063515 0.000000 183.108644 0.063515 0.997981 0.000000 6.132655 0.000000 0.000000 1.000000 0.000000
0.997918 -0.064489 0.000000 185.026930 0.064489 0.997918 0.000000 6.247549 0.000000 0.000000 1.000000 0.000000
0.997937 -0.064195 0.000000 186.971582 0.064195 0.997937 0.000000 6.358419 0.000000 0.000000 1.000000 0.000000
0.997989 -0.063391 0.000000 188.867706 0.063391 0.997989 0.000000 6.488711 0.000000 0.000000 1.000000 0.000000
0.998141 -0.060955 0.000000 190.712299 0.060955 0.998141 0.000000 6.570665 0.000000 0.000000 1.000000 0.000000
0.998094 -0.061716 0.000000 192.579488 0.061716 0.998094 0.000000 6.696322 0.000000 0.000000 1.000000 0.000000
0.998086 -0.061838 0.000000 194.346317 0.061838 0.998086 0.000000 6.761569 0.000000 0.000000 1.000000 0.000000
0.998055 -0.062343 0.000000 196.117068 0.062343 0.998055 0.000000 6.857180 0.000000 0.000000 1.000000 0.000000
0.997992 -0.063347 0.000000 197.895640 0.063347 0.997992 0.000000 6.979318 0.000000 0.000000 1.000000 0.000000
0.997950 -0.064006 0.000000 199.654902 0.064006 0.997950 0.000000 7.056372 0.000000 0.000000 1.000000 0.000000
0.997897 -0.064815 0.000000 201.356777 0.064815 0.997897 0.000000 7.164541 0.000000 0.000000 1.000000 0.000000
0.997894 -0.064860 0.000000 203.075528 0.064860 0.997894 0.000000 7.290401 0.000000 0.000000 1.000000 0.000000
0.997933 -0.064265 0.000000 204.683093 0.064265 0.997933 0.000000 7.402616 0.000000 0.000000 1.000000 0.000000
0.997965 -0.063763 0.000000 206.319042 0.063763 0.997965 0.000000 7.526559 0.000000 0.000000 1.000000 0.000000
0.998139 -0.060977 0.000000 207.907590 0.060977 0.998139 0.000000 7.584567 0.000000 0.000000 1.000000 0.000000
0.998284 -0.058557 0.000000 209.501630 0.058557 0.998284 0.000000 7.728369 0.000000 0.000000 1.000000 0.000000
0.998457 -0.055527 0.000000 211.066145 0.055527 0.998457 0.000000 7.795383 0.000000 0.000000 1.000000 0.000000
0.998512 -0.054530 0.000000 212.566813 0.054530 0.998512 0.000000 7.893007 0.000000 0.000000 1.000000 0.000000
0.998601 -0.052882 0.000000 214.036855 0.052882 0.998601 0.000000 7.920138 0.000000 0.000000 1.000000 0.000000
0.998668 -0.051593 0.000000 215.497491 0.051593 0.998668 0.000000 7.974141 0.000000 0.000000 1.000000 0.000000
0.998626 -0.052401 0.000000 216.868853 0.052401 0.998626 0.000000 8.032100 0.000000 0.000000 1.000000 0.000000
0.998589 -0.053100 0.000000 218.254329 0.053100 0.998589 0.000000 8.135790 0.000000 0.000000 1.000000 0.000000
0.998584 -0.053196 0.000000 219.560208 0.053196 0.998584 0.000000 8.180942 0.000000 0.000000 1.000000 0.000000
0.998609 -0.052727 0.000000 221.025556 0.052727 0.998609 0.000000 8.221695 0.000000 0.000000 1.000000 0.000000
0.998553 -0.053774 0.000000 222.367968 0.053774 0.998553 0.000000 8.309197 0.000000 0.000000 1.000000 0.000000
0.998500 -0.054755 0.000000 223.859572 0.054755 0.998500 0.000000 8.341745 0.000000 0.000000 1.000000 0.000000
0.998341 -0.057577 0.000000 225.076670 0.057577 0.998341 0.000000 8.400392 0.000000 0.000000 1.000000 0.000000
0.998000 -0.063210 0.000000 226.621976 0.063210 0.998000 0.000000 8.495869 0.000000 0.000000 1.000000 0.000000
0.997144 -0.075526 0.000000 227.880885 0.075526 0.997144 0.000000 8.551803 0.000000 0.000000 1.000000 0.000000
0.995961 -0.089783 0.000000 229.370283 0.089783 0.995961 0.000000 8.727025 0.000000 0.000000 1.000000 0.000000
0.994563 -0.104138 0.000000 230.692715 0.104138 0.994563 0.000000 8.873810 0.000000 0.000000 1.000000 0.000000
0.992869 -0.119208 0.000000 232.110818 0.119208 0.992869 0.000000 8.993931 0.000000 0.000000 1.000000 0.000000
0.990665 -0.136321 0.000000 233.446770 0.136321 0.990665 0.000000 9.120560 0.000000 0.000000 1.000000 0.000000
0.988240 -0.152910 0.000000 234.977121 0.152910 0.988240 0.000000 9.431379 0.000000 0.000000 1.000000 0.000000
0.986354 -0.164637 0.000000 236.348923 0.164637 0.986354 0.000000 9.681856 0.000000 0.000000 1.000000 0.000000
0.984702 -0.174249 0.000000 237.935594 0.174249 0.984702 0.000000 9.993129 0.000000 0.000000 1.000000 0.000000
0.984090 -0.177670 0.000000 239.630341 0.177670 0.984090 0.000000 10.349661 0.000000 0.000000 1.000000 0.000000
0.983692 -0.179861 0.000000 241.148882 0.179861 0.983692 0.000000 10.633679 0.000000 0.000000 1.000000 0.000000
0.983360 -0.181665 0.000000 242.917725 0.181665 0.983360 0.000000 10.959895 0.000000 0.000000 1.000000 0.000000
0.982896 -0.184162 0.000000 244.613716 0.184162 0.982896 0.000000 11.248345 0.000000 0.000000 1.000000 0.000000
0.981978 -0.188993 0.000000 246.416478 0.188993 0.981978 0.000000 11.573238 0.000000 0.000000 1.000000 0.000000
0.981353 -0.192212 0.000000 248.114188 0.192212 0.981353 0.000000 11.921280 0.000000 0.000000 1.000000 0.000000
0.980997 -0.194021 0.000000 249.940636 0.194021 0.980997 0.000000 12.248858 0.000000 0.000000 1.000000 0.000000
0.980842 -0.194804 0.000000 251.760549 0.194804 0.980842 0.000000 12.625623 0.000000 0.000000 1.000000 0.000000
0.981012 -0.193945 0.000000 253.544754 0.193945 0.981012 0.000000 12.981574 0.000000 0.000000 1.000000 0.000000
0.981503 -0.191449 0.000000 255.388810 0.191449 0.981503 0.000000 13.339486 0.000000 0.000000 1.000000 0.000000
0.982256 -0.187543 0.000000 257.197675 0.187543 0.982256 0.000000 13.715966 0.000000 0.000000 1.000000 0.000000
0.983218 -0.182433 0.000000 259.006196 0.182433 0.983218 0.000000 14.041048 0.000000 0.000000 1.000000 0.000000
0.984436 -0.175743 0.000000 260.920976 0.175743 0.984436 0.000000 14.383333 0.000000 0.000000 1.000000 0.000000
0.985264 -0.171041 0.000000 262.878348 0.171041 0.985264 0.000000 14.701213 0.000000 0.000000 1.000000 0.000000
0.985967 -0.166940 0.000000 264.763084 0.166940 0.985967 0.000000 15.084897 0.000000 0.000000 1.000000 0.000000
0.986862 -0.161566 0.000000 266.694272 0.161566 0.986862 0.000000 15.384791 0.000000 0.000000 1.000000 0.000000
0.987194 -0.159525 0.000000 268.644372 0.159525 0.987194 0.000000 15.680058 0.000000 0.000000 1.000000 0.000000
0.987706 -0.156322 0.000000 270.675004 0.156322 0.987706 0.000000 15.979453 0.000000 0.000000 1.000000 0.000000
0.987849 -0.155419 0.000000 272.604348 0.155419 0.987849 0.000000 16.306461 0.000000 0.000000 1.000000 0.000000
0.988024 -0.154302 0.000000 274.677214 0.154302 0.988024 0.000000 16.621528 0.000000 0.000000 1.000000 0.000000
0.988006 -0.154417 0.000000 276.643186 0.154417 0.988006 0.000000 16.925382 0.000000 0.000000 1.000000 0.000000
0.988220 -0.153042 0.000000 278.647309 0.153042 0.988220 0.000000 17.217650 0.000000 0.000000 1.000000 0.000000
0.988088 -0.153889 0.000000 280.602633 0.153889 0.988088 0.000000 17.495979 0.000000 0.000000 1.000000 0.000000
0.988216 -0.153067 0.000000 282.544425 0.153067 0.988216 0.000000 17.830802 0.000000 0.000000 1.000000 0.000000
0.988018 -0.154337 0.000000 284.432547 0.154337 0.988018 0.000000 18.151921 0.000000 0.000000 1.000000 0.000000
0.988419 -0.151746 0.000000 286.408422 0.151746 0.988419 0.000000 18.420091 0.000000 0.000000 1.000000 0.000000
0.989052 -0.147566 0.000000 288.390074 0.147566 0.989052 0.000000 18.684025 0.000000 0.000000 1.000000 0.000000
0.989811 -0.142390 0.000000 290.437696 0.142390 0.989811 0.000000 18.937037 0.000000 0.000000 1.000000 0.000000
0.990263 -0.139209 0.000000 292.396605 0.139209 0.990263 0.000000 19.156367 0.000000 0.000000 1.000000 0.000000
0.990778 -0.135496 0.000000 294.432510 0.135496 0.990778 0.000000 19.452742 0.000000 0.000000 1.000000 0.000000
0.991290 -0.131701 0.000000 296.444243 0.131701 0.991290 0.000000 19.681107 0.000000 0.000000 1.000000 0.000000
0.991278 -0.131790 0.000000 298.397857 0.131790 0.991278 0.000000 19.861638 0.000000 0.000000 1.000000 0.000000
0.990887 -0.134693 0.000000 300.358039 0.134693 0.990887 0.000000 20.201990 0.000000 0.000000 1.000000 0.000000
0.990395 -0.138268 0.000000 302.316990 0.138268 0.990395 0.000000 20.464558 0.000000 0.000000 1.000000 0.000000
0.989681 -0.143288 0.000000 304.293401 0.143288 0.989681 0.000000 20.669616 0.000000 0.000000 1.000000 0.000000
0.989069 -0.147451 0.000000 306.286992 0.147451 0.989069 0.000000 20.942854 0.000000 0.000000 1.000000 0.000000
0.988379 -0.152008 0.000000 308.284442 0.152008 0.988379 0.000000 21.262854 0.000000 0.000000 1.000000 0.000000
0.987415 -0.158151 0.000000 310.215782 0.158151 0.987415 0.000000 21.537333 0.000000 0.000000 1.000000 0.000000
0.986259 -0.165208 0.000000 312.160831 0.165208 0.986259 0.000000 21.850084 0.000000 0.000000 1.000000 0.000000
0.984832 -0.173513 0.000000 314.171067 0.173513 0.984832 0.000000 22.236626 0.000000 0.000000 1.000000 0.000000
0.984201 -0.177055 0.000000 316.183997 0.177055 0.984201 0.000000 22.563951 0.000000 0.000000 1.000000 0.000000
0.983671 -0.179977 0.000000 318.165247 0.179977 0.983671 0.000000 22.932206 0.000000 0.000000 1.000000 0.000000
0.983357 -0.181681 0.000000 320.216173 0.181681 0.983357 0.000000 23.303172 0.000000 0.000000 1.000000 0.000000
0.983377 -0.181574 0.000000 322.239563 0.181574 0.983377 0.000000 23.658727 0.000000 0.000000 1.000000 0.000000
0.983763 -0.179474 0.000000 324.260940 0.179474 0.983763 0.000000 23.977883 0.000000 0.000000 1.000000 0.000000
0.984094 -0.177651 0.000000 326.192896 0.177651 0.984094 0.000000 24.320039 0.000000 0.000000 1.000000 0.000000
0.984326 -0.176357 0.000000 328.121084 0.176357 0.984326 0.000000 24.643239 0.000000 0.000000 1.000000 0.000000
0.984816 -0.173601 0.000000 330.059672 0.173601 0.984816 0.000000 24.918549 0.000000 0.000000 1.000000 0.000000
0.985723 -0.168373 0.000000 332.002232 0.168373 0.985723 0.000000 25.248029 0.000000 0.000000 1.000000 0.000000
0.986561 -0.163392 0.000000 333.947239 0.163392 0.986561 0.000000 25.594704 0.000000 0.000000 1.000000 0.000000
0.987546 -0.157330 0.000000 335.845418 0.157330 0.987546 0.000000 25.864844 0.000000 0.000000 1.000000 0.000000
0.989391 -0.145280 0.000000 337.721300 0.145280 0.989391 0.000000 26.107469 0.000000 0.000000 1.000000 0.000000
0.991733 -0.128321 0.000000 339.701137 0.128321 0.991733 0.000000 26.416766 0.000000 0.000000 1.000000 0.000000
0.994052 -0.108910 0.000000 341.699210 0.108910 0.994052 0.000000 26.628501 0.000000 0.000000 1.000000 0.000000
0.996349 -0.085369 0.000000 343.678169 0.085369 0.996349 0.000000 26.717475 0.000000 0.000000 1.000000 0.000000
0.997965 -0.063768 0.000000 345.686024 0.063768 0.997965 0.000000 26.843840 0.000000 0.000000 1.000000 0.000000
0.999152 -0.041169 0.000000 347.712500 0.041169 0.999152 0.000000 26.928864 0.000000 0.000000 1.000000 0.000000
0.999775 -0.021210 0.000000 349.727827 0.021210 0.999775 0.000000 26.967039 0.000000 0.000000 1.000000 0.000000
0.999986 -0.005215 0.000000 351.791859 0.005215 0.999986 0.000000 26.959734 0.000000 0.000000 1.000000 0.000000
0.999975 0.007051 0.000000 353.847564 -0.007051 0.999975 0.000000 26.941316 0.000000 0.000000 1.000000 0.000000
0.999884 0.015246 0.000000 355.934425 -0.015246 0.999884 0.000000 26.844169 0.000000 0.000000 1.000000 0.000000
0.999870 0.016134 0.000000 357.944039 -0.016134 0.999870 0.000000 26.796860 0.000000 0.000000 1.000000 0.000000
0.999857 0.016885 0.000000 360.065224 -0.016885 0.999857 0.000000 26.755237 0.000000 0.000000 1.000000 0.000000
0.999874 0.015872 0.000000 362.135419 -0.015872 0.999874 0.000000 26.709509 0.000000 0.000000 1.000000 0.000000
0.999903 0.013899 0.000000 364.218323 -0.013899 0.999903 0.000000 26.665943 0.000000 0.000000 1.000000 0.000000
0.999901 0.014101 0.000000 366.259673 -0.014101 0.999901 0.000000 26.615332 0.000000 0.000000 1.000000 0.000000
0.999923 0.012419 0.000000 368.438603 -0.012419 0.999923 0.000000 26.571016 0.000000 0.000000 1.000000 0.000000
0.999948 0.010223 0.000000 370.488464 -0.010223 0.999948 0.000000 26.563443 0.000000 0.000000 1.000000 0.000000
0.999966 0.008262 0.000000 372.594862 -0.008262 0.999966 0.000000 26.496934 0.000000 0.000000 1.000000 0.000000
0.999982 0.005972 0.000000 374.737301 -0.005972 0.999982 0.000000 26.500716 0.000000 0.000000 1.000000 0.000000
0.999986 0.005294 0.000000 376.790745 -0.005294 0.999986 0.000000 26.494324 0.000000 0.000000 1.000000 0.000000
1.000000 0.000851 0.000000 378.918540 -0.000851 1.000000 0.000000 26.415014 0.000000 0.000000 1.000000 0.000000
0.999994 -0.003544 0.000000 381.012765 0.003544 0.999994 0.000000 26.429214 0.000000 0.000000 1.000000 0.000000
0.999974 -0.007263 0.000000 383.102531 0.007263 0.999974 0.000000 26.455697 0.000000 0.000000 1.000000 0.000000
0.999963 -0.008592 0.000000 385.159840 0.008592 0.999963 0.000000 26.454989 0.000000 0.000000 1.000000 0.000000
0.999940 -0.010928 0.000000 387.253965 0.010928 0.999940 0.000000 26.508224 0.000000 0.000000 1.000000 0.000000
0.999949 -0.010114 0.000000 389.367098 0.010114 0.999949 0.000000 26.450109 0.000000 0.000000 1.000000 0.000000
0.999961 -0.008836 0.000000 391.498207 0.008836 0.999961 0.000000 26.499876 0.000000 0.000000 1.000000 0.000000
0.999943 -0.010662 0.000000 393.631705 0.010662 0.999943 0.000000 26.510227 0.000000 0.000000 1.000000 0.000000
0.999920 -0.012654 0.000000 395.808822 0.012654 0.999920 0.000000 26.497242 0.000000 0.000000 1.000000 0.000000
0.999861 -0.016663 0.000000 397.940503 0.016663 0.999861 0.000000 26.526878 0.000000 0.000000 1.000000 0.000000
0.999806 -0.019711 0.000000 400.103745 0.019711 0.999806 0.000000 26.607766 0.000000 0.000000 1.000000 0.000000
0.999720 -0.023657 0.000000 402.288033 0.023657 0.999720 0.000000 26.649016 0.000000 0.000000 1.000000 0.000000
0.999599 -0.028319 0.000000 404.434080 0.028319 0.999599 0.000000 26.686605 0.000000 0.000000 1.000000 0.000000
0.999401 -0.034617 0.000000 406.632013 0.034617 0.999401 0.000000 26.728226 0.000000 0.000000 1.000000 0.000000
0.999247 -0.038798 0.000000 408.793781 0.038798 0.999247 0.000000 26.814596 0.000000 0.000000 1.000000 0.000000
0.999015 -0.044365 0.000000 410.971159 0.044365 0.999015 0.000000 26.905450 0.000000 0.000000 1.000000 0.000000
0.998845 -0.048057 0.000000 413.124941 0.048057 0.998845 0.000000 26.995924 0.000000 0.000000 1.000000 0.000000
0.998753 -0.049923 0.000000 415.279706 0.049923 0.998753 0.000000 27.107429 0.000000 0.000000 1.000000 0.000000
0.998675 -0.051456 0.000000 417.433027 0.051456 0.998675 0.000000 27.231300 0.000000 0.000000 1.000000 0.000000
0.998606 -0.052776 0.000000 419.625250 0.052776 0.998606 0.000000 27.302801 0.000000 0.000000 1.000000 0.000000
0.998536 -0.054095 0.000000 421.745294 0.054095 0.998536 0.000000 27.401274 0.000000 0.000000 1.000000 0.000000
0.998420 -0.056196 0.000000 423.895692 0.056196 0.998420 0.000000 27.483256 0.000000 0.000000 1.000000 0.000000
0.998300 -0.058276 0.000000 426.058281 0.058276 0.998300 0.000000 27.621319 0.000000 0.000000 1.000000 0.000000
0.998182 -0.060269 0.000000 428.158306 0.060269 0.998182 0.000000 27.738947 0.000000 0.000000 1.000000 0.000000
0.998136 -0.061033 0.000000 430.336136 0.061033 0.998136 0.000000 27.840555 0.000000 0.000000 1.000000 0.000000
0.998085 -0.061852 0.000000 432.400725 0.061852 0.998085 0.000000 27.927965 0.000000 0.000000 1.000000 0.000000
0.998114 -0.061384 0.000000 434.473796 0.061384 0.998114 0.000000 28.013184 0.000000 0.000000 1.000000 0.000000
0.998026 -0.062805 0.000000 436.523825 0.062805 0.998026 0.000000 28.154727 0.000000 0.000000 1.000000 0.000000
0.997938 -0.064183 0.000000 438.574649 0.064183 0.997938 0.000000 28.245896 0.000000 0.000000 1.000000 0.000000
0.997757 -0.066937 0.000000 440.591681 0.066937 0.997757 0.000000 28.362962 0.000000 0.000000 1.000000 0.000000
0.997542 -0.070074 0.000000 442.637822 0.070074 0.997542 0.000000 28.469427 0.000000 0.000000 1.000000 0.000000
0.997268 -0.073875 0.000000 444.715238 0.073875 0.997268 0.000000 28.595752 0.000000 0.000000 1.000000 0.000000
0.996921 -0.078413 0.000000 446.702464 0.078413 0.996921 0.000000 28.761455 0.000000 0.000000 1.000000 0.000000
0.996631 -0.082020 0.000000 448.655920 0.082020 0.996631 0.000000 28.884610 0.000000 0.000000 1.000000 0.000000
0.996445 -0.084249 0.000000 450.620738 0.084249 0.996445 0.000000 29.010228 0.000000 0.000000 1.000000 0.000000
0.996231 -0.086740 0.000000 452.508142 0.086740 0.996231 0.000000 29.161657 0.000000 0.000000 1.000000 0.000000
0.996177 -0.087359 0.000000 454.369899 0.087359 0.996177 0.000000 29.299693 0.000000 0.000000 1.000000 0.000000
0.996291 -0.086042 0.000000 456.141199 0.086042 0.996291 0.000000 29.447277 0.000000 0.000000 1.000000 0.000000
0.996611 -0.082254 0.000000 457.897774 0.082254 0.996611 0.000000 29.545452 0.000000 0.000000 1.000000 0.000000
0.997060 -0.076621 0.000000 459.551627 0.076621 0.997060 0.000000 29.680544 0.000000 0.000000 1.000000 0.000000
0.997609 -0.069104 0.000000 461.181910 0.069104 0.997609 0.000000 29.732343 0.000000 0.000000 1.000000 0.000000
0.998455 -0.055567 0.000000 462.704385 0.055567 0.998455 0.000000 29.823467 0.000000 0.000000 1.000000 0.000000
0.999278 -0.037996 0.000000 464.185929 0.037996 0.999278 0.000000 29.868657 0.000000 0.000000 1.000000 0.000000
0.999902 -0.013998 0.000000 465.569669 0.013998 0.999902 0.000000 29.844740 0.000000 0.000000 1.000000 0.000000
0.999869 0.016207 0.000000 466.948772 -0.016207 0.999869 0.000000 29.808102 0.000000 0.000000 1.000000 0.000000
0.998772 0.049548 0.000000 468.207516 -0.049548 0.998772 0.000000 29.680024 0.000000 0.000000 1.000000 0.000000
0.995990 0.089461 0.000000 469.425420 -0.089461 0.995990 0.000000 29.573832 0.000000 0.000000 1.000000 0.000000
0.990193 0.139707 0.000000 470.540429 -0.139707 0.990193 0.000000 29.410432 0.000000 0.000000 1.000000 0.000000
0.979024 0.203746 0.000000 471.629551 -0.203746 0.979024 0.000000 29.203565 0.000000 0.000000 1.000000 0.000000
0.963063 0.269274 0.000000 472.698535 -0.269274 0.963063 0.000000 28.818295 0.000000 0.000000 1.000000 0.000000
0.941145 0.338003 0.000000 473.594051 -0.338003 0.941145 0.000000 28.413134 0.000000 0.000000 1.000000 0.000000
0.913720 0.406344 0.000000 474.441058 -0.406344 0.913720 0.000000 27.902927 0.000000 0.000000 1.000000 0.000000
0.878896 0.477013 0.000000 475.286112 -0.477013 0.878896 0.000000 27.464651 0.000000 0.000000 1.000000 0.000000
