0.999890 0.014863 0.000000 -1.604241 -0.014863 0.999890 -0.000000 -0.188674 -0.000000 0.000000 1.000000 0.000000 1566535934529198000

0.999889 0.014929 0.000000 0.160486 -0.014929 0.999889 -0.000000 -0.184743 -0.000000 0.000000 1.000000 0.000000 1566535941522132000

0.999881 0.015429 0.000000 2.077475 -0.015429 0.999881 -0.000000 -0.208262 -0.000000 0.000000 1.000000 0.000000 1566535942270558000

0.999839 0.017950 0.000000 3.691615 -0.017950 0.999839 -0.000000 -0.311085 -0.000000 0.000000 1.000000 0.000000 1566535942770644000

0.999839 0.017964 0.000000 5.796566 -0.017964 0.999839 -0.000000 -0.330332 -0.000000 0.000000 1.000000 0.000000 1566535943269371000

0.999816 0.019176 0.000000 8.019341 -0.019176 0.999816 -0.000000 -0.323173 -0.000000 0.000000 1.000000 0.000000 1566535943769051000

0.999759 0.021962 0.000000 10.555469 -0.021962 0.999759 -0.000000 -0.406378 -0.000000 0.000000 1.000000 0.000000 1566535944268685000

0.999723 0.023540 0.000000 13.329079 -0.023540 0.999723 -0.000000 -0.440468 -0.000000 0.000000 1.000000 0.000000 1566535944766296000

0.999601 0.028231 0.000000 16.243692 -0.028231 0.999601 -0.000000 -0.510636 -0.000000 0.000000 1.000000 0.000000 1566535945265124000

0.999457 0.032964 0.000000 19.188192 -0.032964 0.999457 -0.000000 -0.585605 -0.000000 0.000000 1.000000 0.000000 1566535945764314000

0.999341 0.036306 0.000000 20.692943 -0.036306 0.999341 -0.000000 -0.653359 -0.000000 0.000000 1.000000 0.000000 1566535946013528000

0.999099 0.042444 0.000000 23.654623 -0.042444 0.999099 -0.000000 -0.741111 -0.000000 0.000000 1.000000 0.000000 1566535946512332000

0.998610 0.052707 0.000000 26.572405 -0.052707 0.998610 -0.000000 -0.911337 -0.000000 0.000000 1.000000 0.000000 1566535947010971000

0.998157 0.060688 0.000000 29.491445 -0.060688 0.998157 -0.000000 -1.013697 -0.000000 0.000000 1.000000 0.000000 1566535947510168000

0.997565 0.069736 0.000000 32.387026 -0.069736 0.997565 -0.000000 -1.190918 -0.000000 0.000000 1.000000 0.000000 1566535948008317000

0.996926 0.078349 0.000000 35.164022 -0.078349 0.996926 -0.000000 -1.383694 -0.000000 0.000000 1.000000 0.000000 1566535948507781000

0.995991 0.089458 0.000000 37.981493 -0.089458 0.995991 -0.000000 -1.681798 -0.000000 0.000000 1.000000 0.000000 1566535949006260000

0.994983 0.100047 0.000000 40.752678 -0.100047 0.994983 -0.000000 -1.904761 -0.000000 0.000000 1.000000 0.000000 1566535949505717000

0.994064 0.108798 0.000000 43.597488 -0.108798 0.994064 -0.000000 -2.252595 -0.000000 0.000000 1.000000 0.000000 1566535950002784000

0.992863 0.119259 0.000000 46.462663 -0.119259 0.992863 -0.000000 -2.530294 -0.000000 0.000000 1.000000 0.000000 1566535950501968000

0.992181 0.124808 0.000000 49.450421 -0.124808 0.992181 -0.000000 -2.897833 -0.000000 0.000000 1.000000 0.000000 1566535951000620000

0.991240 0.132073 0.000000 52.429008 -0.132073 0.991240 -0.000000 -3.285723 -0.000000 0.000000 1.000000 0.000000 1566535951499592000

0.990746 0.135729 0.000000 53.970986 -0.135729 0.990746 -0.000000 -3.441112 -0.000000 0.000000 1.000000 0.000000 1566535951749176000

0.990444 0.137915 0.000000 55.494194 -0.137915 0.990444 -0.000000 -3.648149 -0.000000 0.000000 1.000000 0.000000 1566535951998891000

0.990440 0.137948 0.000000 57.091259 -0.137948 0.990440 -0.000000 -3.880821 -0.000000 0.000000 1.000000 0.000000 1566535952248542000

0.990379 0.138381 0.000000 58.750072 -0.138381 0.990379 -0.000000 -4.079501 -0.000000 0.000000 1.000000 0.000000 1566535952497983000

0.990588 0.136878 0.000000 60.359991 -0.136878 0.990588 -0.000000 -4.257342 -0.000000 0.000000 1.000000 0.000000 1566535952747322000

0.990706 0.136021 0.000000 62.059438 -0.136021 0.990706 -0.000000 -4.494954 -0.000000 0.000000 1.000000 0.000000 1566535952996459000

0.990746 0.135728 0.000000 63.763897 -0.135728 0.990746 -0.000000 -4.715803 -0.000000 0.000000 1.000000 0.000000 1566535953245929000

0.990771 0.135549 0.000000 65.493933 -0.135549 0.990771 -0.000000 -4.928767 -0.000000 0.000000 1.000000 0.000000 1566535953494906000

0.990768 0.135566 0.000000 67.249944 -0.135566 0.990768 -0.000000 -5.158787 -0.000000 0.000000 1.000000 0.000000 1566535953745060000

0.990802 0.135321 0.000000 69.025459 -0.135321 0.990802 -0.000000 -5.395634 -0.000000 0.000000 1.000000 0.000000 1566535953994202000

0.990737 0.135794 0.000000 70.846351 -0.135794 0.990737 -0.000000 -5.638693 -0.000000 0.000000 1.000000 0.000000 1566535954243427000

0.990733 0.135825 0.000000 72.670315 -0.135825 0.990733 -0.000000 -5.911295 -0.000000 0.000000 1.000000 0.000000 1566535954492858000

0.990843 0.135022 0.000000 74.520671 -0.135022 0.990843 -0.000000 -6.130963 -0.000000 0.000000 1.000000 0.000000 1566535954741809000

0.991129 0.132907 0.000000 76.393994 -0.132907 0.991129 -0.000000 -6.408086 -0.000000 0.000000 1.000000 0.000000 1566535954990885000

0.991688 0.128665 0.000000 78.261125 -0.128665 0.991688 -0.000000 -6.614260 -0.000000 0.000000 1.000000 0.000000 1566535955240396000

0.992053 0.125822 0.000000 80.203572 -0.125822 0.992053 -0.000000 -6.840351 -0.000000 0.000000 1.000000 0.000000 1566535955489638000

0.992478 0.122423 0.000000 82.120356 -0.122423 0.992478 -0.000000 -7.035854 -0.000000 0.000000 1.000000 0.000000 1566535955738760000

0.992805 0.119739 0.000000 84.019755 -0.119739 0.992805 -0.000000 -7.291083 -0.000000 0.000000 1.000000 0.000000 1566535955988617000

0.993057 0.117633 0.000000 85.918822 -0.117633 0.993057 -0.000000 -7.479975 -0.000000 0.000000 1.000000 0.000000 1566535956237968000

0.993503 0.113810 0.000000 87.822334 -0.113810 0.993503 -0.000000 -7.754492 -0.000000 0.000000 1.000000 0.000000 1566535956487033000

0.993731 0.111801 0.000000 89.713825 -0.111801 0.993731 -0.000000 -7.942011 -0.000000 0.000000 1.000000 0.000000 1566535956737010000

0.993719 0.111908 0.000000 91.573797 -0.111908 0.993719 -0.000000 -8.143418 -0.000000 0.000000 1.000000 0.000000 1566535956985852000

0.993692 0.112145 0.000000 93.426806 -0.112145 0.993692 -0.000000 -8.312109 -0.000000 0.000000 1.000000 0.000000 1566535957235208000

0.993572 0.113202 0.000000 95.235642 -0.113202 0.993572 -0.000000 -8.524195 -0.000000 0.000000 1.000000 0.000000 1566535957484693000

0.993538 0.113498 0.000000 97.013503 -0.113498 0.993538 -0.000000 -8.728714 -0.000000 0.000000 1.000000 0.000000 1566535957732858000

0.993374 0.114923 0.000000 98.825637 -0.114923 0.993374 -0.000000 -8.892447 -0.000000 0.000000 1.000000 0.000000 1566535957981782000

0.993345 0.115173 0.000000 100.522232 -0.115173 0.993345 -0.000000 -9.119886 -0.000000 0.000000 1.000000 0.000000 1566535958230942000

0.993424 0.114492 0.000000 102.157524 -0.114492 0.993424 -0.000000 -9.368037 -0.000000 0.000000 1.000000 0.000000 1566535958480029000

0.993387 0.114816 0.000000 103.977174 -0.114816 0.993387 -0.000000 -9.558000 -0.000000 0.000000 1.000000 0.000000 1566535958729285000

0.993745 0.111677 0.000000 105.865322 -0.111677 0.993745 -0.000000 -9.674499 -0.000000 0.000000 1.000000 0.000000 1566535958978428000

0.993396 0.114734 0.000000 107.407859 -0.114734 0.993396 -0.000000 -9.920932 -0.000000 0.000000 1.000000 0.000000 1566535959227794000

0.993423 0.114504 0.000000 109.124290 -0.114504 0.993423 -0.000000 -10.100203 -0.000000 0.000000 1.000000 0.000000 1566535959477424000

0.993426 0.114475 0.000000 110.922177 -0.114475 0.993426 -0.000000 -10.273056 -0.000000 0.000000 1.000000 0.000000 1566535959727158000

0.993494 0.113880 0.000000 112.662907 -0.113880 0.993494 -0.000000 -10.478121 -0.000000 0.000000 1.000000 0.000000 1566535959976426000

0.993528 0.113583 0.000000 114.346833 -0.113583 0.993528 -0.000000 -10.716643 -0.000000 0.000000 1.000000 0.000000 1566535960226371000

0.993543 0.113453 0.000000 116.136399 -0.113453 0.993543 -0.000000 -10.901966 -0.000000 0.000000 1.000000 0.000000 1566535960475286000

0.993656 0.112467 0.000000 117.853474 -0.112467 0.993656 -0.000000 -11.164583 -0.000000 0.000000 1.000000 0.000000 1566535960724075000

0.993815 0.111053 0.000000 119.690507 -0.111053 0.993815 -0.000000 -11.397965 -0.000000 0.000000 1.000000 0.000000 1566535960974910000

0.993946 0.109870 0.000000 121.486689 -0.109870 0.993946 -0.000000 -11.582362 -0.000000 0.000000 1.000000 0.000000 1566535961224604000

0.994089 0.108570 0.000000 123.367846 -0.108570 0.994089 -0.000000 -11.735554 -0.000000 0.000000 1.000000 0.000000 1566535961473779000

0.994600 0.103779 0.000000 125.177704 -0.103779 0.994600 -0.000000 -11.921491 -0.000000 0.000000 1.000000 0.000000 1566535961722217000

0.995114 0.098736 0.000000 127.005005 -0.098736 0.995114 -0.000000 -12.123361 -0.000000 0.000000 1.000000 0.000000 1566535961970372000

0.995564 0.094087 0.000000 128.902222 -0.094087 0.995564 -0.000000 -12.247211 -0.000000 0.000000 1.000000 0.000000 1566535962219594000

0.996108 0.088141 0.000000 130.739294 -0.088141 0.996108 -0.000000 -12.414876 -0.000000 0.000000 1.000000 0.000000 1566535962468881000

0.996669 0.081553 0.000000 132.577527 -0.081553 0.996669 -0.000000 -12.573132 -0.000000 0.000000 1.000000 0.000000 1566535962718426000

0.997171 0.075164 0.000000 134.340662 -0.075164 0.997171 -0.000000 -12.719822 -0.000000 0.000000 1.000000 0.000000 1566535962967575000

0.997515 0.070452 0.000000 136.158103 -0.070452 0.997515 -0.000000 -12.823046 -0.000000 0.000000 1.000000 0.000000 1566535963217037000

0.997833 0.065802 0.000000 137.904068 -0.065802 0.997833 -0.000000 -12.934145 -0.000000 0.000000 1.000000 0.000000 1566535963465845000

0.998079 0.061959 0.000000 139.662983 -0.061959 0.998079 -0.000000 -13.033665 -0.000000 0.000000 1.000000 0.000000 1566535963715873000

0.998262 0.058932 0.000000 141.488564 -0.058932 0.998262 -0.000000 -13.151936 -0.000000 0.000000 1.000000 0.000000 1566535963969252000

0.998441 0.055811 0.000000 143.372761 -0.055811 0.998441 -0.000000 -13.193423 -0.000000 0.000000 1.000000 0.000000 1566535964215720000

0.998449 0.055669 0.000000 145.128214 -0.055669 0.998449 -0.000000 -13.307235 -0.000000 0.000000 1.000000 0.000000 1566535964464719000

0.998483 0.055067 0.000000 146.944727 -0.055067 0.998483 -0.000000 -13.429921 -0.000000 0.000000 1.000000 0.000000 1566535964714580000

0.998483 0.055063 0.000000 148.874675 -0.055063 0.998483 -0.000000 -13.525251 -0.000000 0.000000 1.000000 0.000000 1566535964963805000

0.998463 0.055414 0.000000 150.738618 -0.055414 0.998463 -0.000000 -13.593939 -0.000000 0.000000 1.000000 0.000000 1566535965213028000

0.998411 0.056358 0.000000 152.675041 -0.056358 0.998411 -0.000000 -13.686638 -0.000000 0.000000 1.000000 0.000000 1566535965462506000

0.998371 0.057051 0.000000 154.588481 -0.057051 0.998371 -0.000000 -13.770089 -0.000000 0.000000 1.000000 0.000000 1566535965711447000

0.998334 0.057698 0.000000 156.569966 -0.057698 0.998334 -0.000000 -13.921404 -0.000000 0.000000 1.000000 0.000000 1566535965961306000

0.998183 0.060257 0.000000 158.568581 -0.060257 0.998183 -0.000000 -14.007290 -0.000000 0.000000 1.000000 0.000000 1566535966210347000

0.998025 0.062826 0.000000 160.498158 -0.062826 0.998025 -0.000000 -14.110409 -0.000000 0.000000 1.000000 0.000000 1566535966460196000

0.997886 0.064985 0.000000 162.527463 -0.064985 0.997886 -0.000000 -14.292278 -0.000000 0.000000 1.000000 0.000000 1566535966709669000

0.997670 0.068226 0.000000 164.542497 -0.068226 0.997670 -0.000000 -14.421331 -0.000000 0.000000 1.000000 0.000000 1566535966958344000

0.997191 0.074897 0.000000 166.580653 -0.074897 0.997191 -0.000000 -14.535496 -0.000000 0.000000 1.000000 0.000000 1566535967207470000

0.996525 0.083294 0.000000 168.610823 -0.083294 0.996525 -0.000000 -14.730739 -0.000000 0.000000 1.000000 0.000000 1566535967456521000

0.995765 0.091940 0.000000 170.677684 -0.091940 0.995765 -0.000000 -14.926794 -0.000000 0.000000 1.000000 0.000000 1566535967705834000

0.995004 0.099833 0.000000 172.740910 -0.099833 0.995004 -0.000000 -15.128452 -0.000000 0.000000 1.000000 0.000000 1566535967955168000

0.994291 0.106704 0.000000 174.768666 -0.106704 0.994291 -0.000000 -15.360593 -0.000000 0.000000 1.000000 0.000000 1566535968204630000

0.993991 0.109461 0.000000 176.773036 -0.109461 0.993991 -0.000000 -15.596599 -0.000000 0.000000 1.000000 0.000000 1566535968454562000

0.994004 0.109347 0.000000 178.801056 -0.109347 0.994004 -0.000000 -15.800942 -0.000000 0.000000 1.000000 0.000000 1566535968703572000

0.993899 0.110290 0.000000 180.786400 -0.110290 0.993899 -0.000000 -16.066630 -0.000000 0.000000 1.000000 0.000000 1566535968952282000

0.994013 0.109258 0.000000 182.672792 -0.109258 0.994013 -0.000000 -16.308770 -0.000000 0.000000 1.000000 0.000000 1566535969201451000

0.994145 0.108051 0.000000 184.588927 -0.108051 0.994145 -0.000000 -16.597646 -0.000000 0.000000 1.000000 0.000000 1566535969451207000

0.994509 0.104648 0.000000 186.714806 -0.104648 0.994509 -0.000000 -16.575433 -0.000000 0.000000 1.000000 0.000000 1566535969700123000

0.994912 0.100749 0.000000 188.419439 -0.100749 0.994912 -0.000000 -16.897015 -0.000000 0.000000 1.000000 0.000000 1566535969948797000

0.995440 0.095393 0.000000 190.395273 -0.095393 0.995440 -0.000000 -17.052546 -0.000000 0.000000 1.000000 0.000000 1566535970199345000

0.995781 0.091757 0.000000 192.472379 -0.091757 0.995781 -0.000000 -17.206227 -0.000000 0.000000 1.000000 0.000000 1566535970448327000

0.995800 0.091557 0.000000 194.420722 -0.091557 0.995800 -0.000000 -17.431126 -0.000000 0.000000 1.000000 0.000000 1566535970698069000

0.995902 0.090442 0.000000 196.406909 -0.090442 0.995902 -0.000000 -17.564919 -0.000000 0.000000 1.000000 0.000000 1566535970947902000

0.996092 0.088318 0.000000 198.463082 -0.088318 0.996092 -0.000000 -17.710779 -0.000000 0.000000 1.000000 0.000000 1566535971196936000

0.996304 0.085898 0.000000 200.486880 -0.085898 0.996304 -0.000000 -17.904282 -0.000000 0.000000 1.000000 0.000000 1566535971446379000

0.996409 0.084667 0.000000 202.556522 -0.084667 0.996409 -0.000000 -18.046540 -0.000000 0.000000 1.000000 0.000000 1566535971696472000

0.996508 0.083495 0.000000 204.655389 -0.083495 0.996508 -0.000000 -18.209804 -0.000000 0.000000 1.000000 0.000000 1566535971945458000

0.996714 0.080997 0.000000 206.731050 -0.080997 0.996714 -0.000000 -18.406680 -0.000000 0.000000 1.000000 0.000000 1566535972193585000

0.996837 0.079473 0.000000 208.824577 -0.079473 0.996837 -0.000000 -18.551328 -0.000000 0.000000 1.000000 0.000000 1566535972443994000

0.997034 0.076963 0.000000 210.908206 -0.076963 0.997034 -0.000000 -18.730037 -0.000000 0.000000 1.000000 0.000000 1566535972693063000

0.997256 0.074028 0.000000 213.012458 -0.074028 0.997256 -0.000000 -18.897481 -0.000000 0.000000 1.000000 0.000000 1566535972942235000

0.997515 0.070459 0.000000 215.089550 -0.070459 0.997515 -0.000000 -19.069594 -0.000000 0.000000 1.000000 0.000000 1566535973191337000

0.997821 0.065984 0.000000 217.124148 -0.065984 0.997821 -0.000000 -19.171183 -0.000000 0.000000 1.000000 0.000000 1566535973440911000

0.997997 0.063260 0.000000 219.183633 -0.063260 0.997997 -0.000000 -19.268464 -0.000000 0.000000 1.000000 0.000000 1566535973689887000

0.998150 0.060802 0.000000 221.137633 -0.060802 0.998150 -0.000000 -19.396274 -0.000000 0.000000 1.000000 0.000000 1566535973938534000

0.998193 0.060083 0.000000 223.100101 -0.060083 0.998193 -0.000000 -19.529749 -0.000000 0.000000 1.000000 0.000000 1566535974188261000

0.998320 0.057939 0.000000 225.057652 -0.057939 0.998320 -0.000000 -19.606189 -0.000000 0.000000 1.000000 0.000000 1566535974437413000

0.998371 0.057047 0.000000 226.968388 -0.057047 0.998371 -0.000000 -19.718514 -0.000000 0.000000 1.000000 0.000000 1566535974686237000

0.998461 0.055458 0.000000 228.831615 -0.055458 0.998461 -0.000000 -19.796881 -0.000000 0.000000 1.000000 0.000000 1566535974935524000

0.998523 0.054334 0.000000 230.654363 -0.054334 0.998523 -0.000000 -19.883638 -0.000000 0.000000 1.000000 0.000000 1566535975184318000

0.998677 0.051426 0.000000 232.498141 -0.051426 0.998677 -0.000000 -19.961123 -0.000000 0.000000 1.000000 0.000000 1566535975433243000

0.998607 0.052755 0.000000 234.325466 -0.052755 0.998607 -0.000000 -20.017699 -0.000000 0.000000 1.000000 0.000000 1566535975683868000

0.998716 0.050650 0.000000 236.190712 -0.050650 0.998716 -0.000000 -20.143913 -0.000000 0.000000 1.000000 0.000000 1566535975933058000

0.998796 0.049061 0.000000 238.254994 -0.049061 0.998796 -0.000000 -20.327618 -0.000000 0.000000 1.000000 0.000000 1566535976181689000

0.998915 0.046561 0.000000 240.007769 -0.046561 0.998915 -0.000000 -20.320838 -0.000000 0.000000 1.000000 0.000000 1566535976431622000

0.998897 0.046964 0.000000 241.892832 -0.046964 0.998897 -0.000000 -20.372977 -0.000000 0.000000 1.000000 0.000000 1566535976681809000

0.999007 0.044544 0.000000 243.865159 -0.044544 0.999007 -0.000000 -20.413856 -0.000000 0.000000 1.000000 0.000000 1566535976930836000

0.999206 0.039844 0.000000 245.859589 -0.039844 0.999206 -0.000000 -20.493160 -0.000000 0.000000 1.000000 0.000000 1566535977179717000

0.999436 0.033588 0.000000 247.878460 -0.033588 0.999436 -0.000000 -20.555380 -0.000000 0.000000 1.000000 0.000000 1566535977429376000

0.999648 0.026515 0.000000 249.888470 -0.026515 0.999648 -0.000000 -20.604364 -0.000000 0.000000 1.000000 0.000000 1566535977678580000

0.999798 0.020106 0.000000 251.940233 -0.020106 0.999798 -0.000000 -20.666239 -0.000000 0.000000 1.000000 0.000000 1566535977928312000

0.999901 0.014036 0.000000 254.023302 -0.014036 0.999901 -0.000000 -20.657410 -0.000000 0.000000 1.000000 0.000000 1566535978178137000

0.999969 0.007885 0.000000 256.127693 -0.007885 0.999969 -0.000000 -20.680814 -0.000000 0.000000 1.000000 0.000000 1566535978427401000

0.999999 0.001225 0.000000 258.243970 -0.001225 0.999999 -0.000000 -20.655555 -0.000000 0.000000 1.000000 0.000000 1566535978676334000

0.999989 -0.004606 0.000000 260.389495 0.004606 0.999989 0.000000 -20.619360 0.000000 0.000000 1.000000 0.000000 1566535978926425000

0.999946 -0.010375 0.000000 262.586612 0.010375 0.999946 0.000000 -20.596094 0.000000 0.000000 1.000000 0.000000 1566535979175626000

0.999898 -0.014252 0.000000 264.776583 0.014252 0.999898 0.000000 -20.491723 0.000000 0.000000 1.000000 0.000000 1566535979424735000

0.999891 -0.014749 0.000000 266.957681 0.014749 0.999891 0.000000 -20.475115 0.000000 0.000000 1.000000 0.000000 1566535979674289000

0.999892 -0.014669 0.000000 269.173230 0.014669 0.999892 0.000000 -20.467357 0.000000 0.000000 1.000000 0.000000 1566535979923768000

0.999888 -0.014943 0.000000 271.332119 0.014943 0.999888 0.000000 -20.431188 0.000000 0.000000 1.000000 0.000000 1566535980172969000

0.999888 -0.014945 0.000000 273.530155 0.014945 0.999888 0.000000 -20.371514 0.000000 0.000000 1.000000 0.000000 1566535980422127000

0.999910 -0.013442 0.000000 275.746677 0.013442 0.999910 0.000000 -20.321325 0.000000 0.000000 1.000000 0.000000 1566535980671616000

0.999928 -0.012026 0.000000 278.009060 0.012026 0.999928 0.000000 -20.313706 0.000000 0.000000 1.000000 0.000000 1566535980921562000

0.999955 -0.009518 0.000000 280.153988 0.009518 0.999955 0.000000 -20.264247 0.000000 0.000000 1.000000 0.000000 1566535981169093000

0.999972 -0.007530 0.000000 282.345078 0.007530 0.999972 0.000000 -20.229535 0.000000 0.000000 1.000000 0.000000 1566535981419259000

0.999968 -0.007994 0.000000 284.542927 0.007994 0.999968 0.000000 -20.202955 0.000000 0.000000 1.000000 0.000000 1566535981667658000

0.999960 -0.008943 0.000000 286.676057 0.008943 0.999960 0.000000 -20.165005 0.000000 0.000000 1.000000 0.000000 1566535981916786000

0.999955 -0.009522 0.000000 288.806436 0.009522 0.999955 0.000000 -20.147533 0.000000 0.000000 1.000000 0.000000 1566535982166163000

0.999959 -0.009088 0.000000 290.925275 0.009088 0.999959 0.000000 -20.115620 0.000000 0.000000 1.000000 0.000000 1566535982414448000

0.999959 -0.009068 0.000000 292.965729 0.009068 0.999959 0.000000 -20.102584 0.000000 0.000000 1.000000 0.000000 1566535982664049000

0.999950 -0.009980 0.000000 295.173142 0.009980 0.999950 0.000000 -20.007921 0.000000 0.000000 1.000000 0.000000 1566535982913658000

0.999932 -0.011641 0.000000 297.369942 0.011641 0.999932 0.000000 -19.945505 0.000000 0.000000 1.000000 0.000000 1566535983162925000

0.999905 -0.013750 0.000000 299.465122 0.013750 0.999905 0.000000 -19.961525 0.000000 0.000000 1.000000 0.000000 1566535983421548000

0.999897 -0.014367 0.000000 301.673507 0.014367 0.999897 0.000000 -19.899295 0.000000 0.000000 1.000000 0.000000 1566535983662858000

0.999879 -0.015530 0.000000 303.874250 0.015530 0.999879 0.000000 -19.859008 0.000000 0.000000 1.000000 0.000000 1566535983912697000

0.999859 -0.016802 0.000000 306.122588 0.016802 0.999859 0.000000 -19.809466 0.000000 0.000000 1.000000 0.000000 1566535984162658000

0.999837 -0.018032 0.000000 308.364993 0.018032 0.999837 0.000000 -19.815606 0.000000 0.000000 1.000000 0.000000 1566535984411541000

0.999804 -0.019804 0.000000 310.592581 0.019804 0.999804 0.000000 -19.740118 0.000000 0.000000 1.000000 0.000000 1566535984660719000

0.999760 -0.021914 0.000000 312.843902 0.021914 0.999760 0.000000 -19.631301 0.000000 0.000000 1.000000 0.000000 1566535984910198000

0.999682 -0.025201 0.000000 315.097858 0.025201 0.999682 0.000000 -19.592000 0.000000 0.000000 1.000000 0.000000 1566535985158693000

0.999592 -0.028578 0.000000 317.350262 0.028578 0.999592 0.000000 -19.572493 0.000000 0.000000 1.000000 0.000000 1566535985407990000

0.999470 -0.032555 0.000000 319.559993 0.032555 0.999470 0.000000 -19.449841 0.000000 0.000000 1.000000 0.000000 1566535985658251000

0.999355 -0.035915 0.000000 321.791355 0.035915 0.999355 0.000000 -19.354424 0.000000 0.000000 1.000000 0.000000 1566535985906115000

0.999196 -0.040098 0.000000 323.979295 0.040098 0.999196 0.000000 -19.272732 0.000000 0.000000 1.000000 0.000000 1566535986154945000

0.999027 -0.044096 0.000000 326.178552 0.044096 0.999027 0.000000 -19.195380 0.000000 0.000000 1.000000 0.000000 1566535986404525000

0.998903 -0.046820 0.000000 328.304126 0.046820 0.998903 0.000000 -19.090545 0.000000 0.000000 1.000000 0.000000 1566535986653842000

0.998758 -0.049827 0.000000 330.355083 0.049827 0.998758 0.000000 -18.941415 0.000000 0.000000 1.000000 0.000000 1566535986902837000

0.998588 -0.053119 0.000000 332.479161 0.053119 0.998588 0.000000 -18.870329 0.000000 0.000000 1.000000 0.000000 1566535987151898000

0.998316 -0.058013 0.000000 334.585428 0.058013 0.998316 0.000000 -18.697856 0.000000 0.000000 1.000000 0.000000 1566535987400709000

0.997838 -0.065725 0.000000 336.602300 0.065725 0.997838 0.000000 -18.559317 0.000000 0.000000 1.000000 0.000000 1566535987650504000

0.997317 -0.073201 0.000000 338.693628 0.073201 0.997317 0.000000 -18.401986 0.000000 0.000000 1.000000 0.000000 1566535987899399000

0.996804 -0.079884 0.000000 340.754011 0.079884 0.996804 0.000000 -18.258753 0.000000 0.000000 1.000000 0.000000 1566535988148827000

0.996370 -0.085130 0.000000 342.789882 0.085130 0.996370 0.000000 -18.037142 0.000000 0.000000 1.000000 0.000000 1566535988399196000

0.995790 -0.091666 0.000000 344.815091 0.091666 0.995790 0.000000 -17.849324 0.000000 0.000000 1.000000 0.000000 1566535988647555000

0.995323 -0.096607 0.000000 346.879809 0.096607 0.995323 0.000000 -17.673712 0.000000 0.000000 1.000000 0.000000 1566535988897368000

0.995087 -0.099009 0.000000 348.895706 0.099009 0.995087 0.000000 -17.414422 0.000000 0.000000 1.000000 0.000000 1566535989146665000

0.994948 -0.100389 0.000000 350.899764 0.100389 0.994948 0.000000 -17.196888 0.000000 0.000000 1.000000 0.000000 1566535989395665000

0.994927 -0.100598 0.000000 352.929864 0.100598 0.994927 0.000000 -16.960284 0.000000 0.000000 1.000000 0.000000 1566535989644515000

0.994731 -0.102521 0.000000 354.857440 0.102521 0.994731 0.000000 -16.761664 0.000000 0.000000 1.000000 0.000000 1566535989893912000

0.994698 -0.102840 0.000000 356.844472 0.102840 0.994698 0.000000 -16.549548 0.000000 0.000000 1.000000 0.000000 1566535990143298000

0.994456 -0.105156 0.000000 358.759289 0.105156 0.994456 0.000000 -16.276892 0.000000 0.000000 1.000000 0.000000 1566535990390917000

0.994218 -0.107384 0.000000 360.698964 0.107384 0.994218 0.000000 -16.095811 0.000000 0.000000 1.000000 0.000000 1566535990641307000

0.993932 -0.109999 0.000000 362.614090 0.109999 0.993932 0.000000 -15.876417 0.000000 0.000000 1.000000 0.000000 1566535990889304000

0.993553 -0.113370 0.000000 364.536141 0.113370 0.993553 0.000000 -15.652979 0.000000 0.000000 1.000000 0.000000 1566535991138701000

0.993106 -0.117219 0.000000 366.474844 0.117219 0.993106 0.000000 -15.469412 0.000000 0.000000 1.000000 0.000000 1566535991388608000

0.992694 -0.120656 0.000000 368.496296 0.120656 0.992694 0.000000 -15.174185 0.000000 0.000000 1.000000 0.000000 1566535991637627000

0.992219 -0.124505 0.000000 370.406254 0.124505 0.992219 0.000000 -15.005460 0.000000 0.000000 1.000000 0.000000 1566535991885929000

0.992126 -0.125243 0.000000 372.429958 0.125243 0.992126 0.000000 -14.677707 0.000000 0.000000 1.000000 0.000000 1566535992136439000

0.991888 -0.127114 0.000000 374.456380 0.127114 0.991888 0.000000 -14.386480 0.000000 0.000000 1.000000 0.000000 1566535992385594000

0.991770 -0.128029 0.000000 376.505477 0.128029 0.991770 0.000000 -14.055266 0.000000 0.000000 1.000000 0.000000 1566535992634829000

0.991782 -0.127942 0.000000 378.597916 0.127942 0.991782 0.000000 -13.842259 0.000000 0.000000 1.000000 0.000000 1566535992885839000

0.992087 -0.125549 0.000000 380.633170 0.125549 0.992087 0.000000 -13.554438 0.000000 0.000000 1.000000 0.000000 1566535993135817000

0.992368 -0.123312 0.000000 382.689728 0.123312 0.992368 0.000000 -13.241886 0.000000 0.000000 1.000000 0.000000 1566535993384408000

0.992694 -0.120660 0.000000 384.802667 0.120660 0.992694 0.000000 -12.971833 0.000000 0.000000 1.000000 0.000000 1566535993633431000

0.993131 -0.117007 0.000000 386.833518 0.117007 0.993131 0.000000 -12.730317 0.000000 0.000000 1.000000 0.000000 1566535993882767000

0.993617 -0.112809 0.000000 388.875008 0.112809 0.993617 0.000000 -12.501890 0.000000 0.000000 1.000000 0.000000 1566535994132061000

0.993959 -0.109751 0.000000 390.873549 0.109751 0.993959 0.000000 -12.244966 0.000000 0.000000 1.000000 0.000000 1566535994381470000

0.994039 -0.109025 0.000000 392.876058 0.109025 0.994039 0.000000 -12.030568 0.000000 0.000000 1.000000 0.000000 1566535994633921000

0.993768 -0.111472 0.000000 394.827124 0.111472 0.993768 0.000000 -11.813671 0.000000 0.000000 1.000000 0.000000 1566535994879805000

0.993606 -0.112900 0.000000 396.731119 0.112900 0.993606 0.000000 -11.574022 0.000000 0.000000 1.000000 0.000000 1566535995128661000

0.993319 -0.115401 0.000000 398.716500 0.115401 0.993319 0.000000 -11.382893 0.000000 0.000000 1.000000 0.000000 1566535995377466000

0.992957 -0.118477 0.000000 400.685793 0.118477 0.992957 0.000000 -11.063268 0.000000 0.000000 1.000000 0.000000 1566535995626465000

0.992859 -0.119293 0.000000 402.570063 0.119293 0.992859 0.000000 -10.857796 0.000000 0.000000 1.000000 0.000000 1566535995875973000

0.992140 -0.125131 0.000000 404.533727 0.125131 0.992140 0.000000 -10.552495 0.000000 0.000000 1.000000 0.000000 1566535996126472000

0.991682 -0.128709 0.000000 406.533698 0.128709 0.991682 0.000000 -10.309448 0.000000 0.000000 1.000000 0.000000 1566535996375487000

0.991158 -0.132686 0.000000 408.596290 0.132686 0.991158 0.000000 -10.015467 0.000000 0.000000 1.000000 0.000000 1566535996625312000

0.990697 -0.136086 0.000000 410.615436 0.136086 0.990697 0.000000 -9.723862 0.000000 0.000000 1.000000 0.000000 1566535996874985000

0.989843 -0.142168 0.000000 412.683258 0.142168 0.989843 0.000000 -9.420163 0.000000 0.000000 1.000000 0.000000 1566535997123500000

0.988936 -0.148344 0.000000 414.742455 0.148344 0.988936 0.000000 -9.137790 0.000000 0.000000 1.000000 0.000000 1566535997372041000

0.987792 -0.155779 0.000000 416.805026 0.155779 0.987792 0.000000 -8.766258 0.000000 0.000000 1.000000 0.000000 1566535997621630000

0.986703 -0.162533 0.000000 418.906844 0.162533 0.986703 0.000000 -8.456820 0.000000 0.000000 1.000000 0.000000 1566535997870885000

0.984781 -0.173799 0.000000 421.013591 0.173799 0.984781 0.000000 -8.022057 0.000000 0.000000 1.000000 0.000000 1566535998119407000

0.982842 -0.184451 0.000000 423.147705 0.184451 0.982842 0.000000 -7.629192 0.000000 0.000000 1.000000 0.000000 1566535998368776000

0.980864 -0.194694 0.000000 425.330585 0.194694 0.980864 0.000000 -7.241461 0.000000 0.000000 1.000000 0.000000 1566535998617993000

0.978906 -0.204311 0.000000 427.459734 0.204311 0.978906 0.000000 -6.748645 0.000000 0.000000 1.000000 0.000000 1566535998866642000

0.977158 -0.212516 0.000000 429.628410 0.212516 0.977158 0.000000 -6.267206 0.000000 0.000000 1.000000 0.000000 1566535999115959000

0.975289 -0.220934 0.000000 431.746021 0.220934 0.975289 0.000000 -5.778839 0.000000 0.000000 1.000000 0.000000 1566535999364723000

0.973392 -0.229146 0.000000 433.893058 0.229146 0.973392 0.000000 -5.296808 0.000000 0.000000 1.000000 0.000000 1566535999614206000

0.971481 -0.237116 0.000000 436.069410 0.237116 0.971481 0.000000 -4.708740 0.000000 0.000000 1.000000 0.000000 1566535999863257000

0.969497 -0.245103 0.000000 438.178637 0.245103 0.969497 0.000000 -4.228502 0.000000 0.000000 1.000000 0.000000 1566536000111994000

0.967573 -0.252591 0.000000 440.240841 0.252591 0.967573 0.000000 -3.630501 0.000000 0.000000 1.000000 0.000000 1566536000360143000

0.965783 -0.259352 0.000000 442.321748 0.259352 0.965783 0.000000 -3.106868 0.000000 0.000000 1.000000 0.000000 1566536000608759000

0.964732 -0.263234 0.000000 444.284544 0.263234 0.964732 0.000000 -2.516190 0.000000 0.000000 1.000000 0.000000 1566536000857652000

0.963725 -0.266898 0.000000 446.219738 0.266898 0.963725 0.000000 -2.023757 0.000000 0.000000 1.000000 0.000000 1566536001107043000

0.962821 -0.270139 0.000000 448.085484 0.270139 0.962821 0.000000 -1.471377 0.000000 0.000000 1.000000 0.000000 1566536001355501000

0.961654 -0.274267 0.000000 449.790311 0.274267 0.961654 0.000000 -0.967293 0.000000 0.000000 1.000000 0.000000 1566536001604452000

0.960743 -0.277441 0.000000 451.448812 0.277441 0.960743 0.000000 -0.476812 0.000000 0.000000 1.000000 0.000000 1566536001853983000

0.959401 -0.282045 0.000000 453.099940 0.282045 0.959401 0.000000 -0.002282 0.000000 0.000000 1.000000 0.000000 1566536002104487000

0.958047 -0.286610 0.000000 454.652668 0.286610 0.958047 0.000000 0.418319 0.000000 0.000000 1.000000 0.000000 1566536002354006000

0.956813 -0.290704 0.000000 456.257366 0.290704 0.956813 0.000000 0.878957 0.000000 0.000000 1.000000 0.000000 1566536002603207000

0.955781 -0.294078 0.000000 457.785583 0.294078 0.955781 0.000000 1.416850 0.000000 0.000000 1.000000 0.000000 1566536002852439000

0.954215 -0.299122 0.000000 459.437943 0.299122 0.954215 0.000000 1.855438 0.000000 0.000000 1.000000 0.000000 1566536003101281000

0.952407 -0.304831 0.000000 462.330489 0.304831 0.952407 0.000000 2.846782 0.000000 0.000000 1.000000 0.000000 1566536003600539000

0.951465 -0.307756 0.000000 463.832932 0.307756 0.951465 0.000000 3.328031 0.000000 0.000000 1.000000 0.000000 1566536003849119000

0.950603 -0.310409 0.000000 465.267295 0.310409 0.950603 0.000000 3.804563 0.000000 0.000000 1.000000 0.000000 1566536004098458000

0.950142 -0.311819 0.000000 466.745811 0.311819 0.950142 0.000000 4.295225 0.000000 0.000000 1.000000 0.000000 1566536004347194000

0.950075 -0.312021 0.000000 469.504420 0.312021 0.950075 0.000000 5.250529 0.000000 0.000000 1.000000 0.000000 1566536004846103000

0.951821 -0.306654 0.000000 472.149134 0.306654 0.951821 0.000000 6.074358 0.000000 0.000000 1.000000 0.000000 1566536005344215000

0.964161 -0.265320 0.000000 474.684164 0.265320 0.964161 0.000000 6.829609 0.000000 0.000000 1.000000 0.000000 1566536005842476000

0.985091 -0.172032 0.000000 477.079076 0.172032 0.985091 0.000000 7.214647 0.000000 0.000000 1.000000 0.000000 1566536006341131000

0.999814 -0.019261 0.000000 479.403597 0.019261 0.999814 0.000000 7.145239 0.000000 0.000000 1.000000 0.000000 1566536006839274000

0.997101 0.076087 0.000000 480.479730 -0.076087 0.997101 -0.000000 6.978892 -0.000000 0.000000 1.000000 0.000000 1566536007088097000

0.983902 0.178711 0.000000 481.496946 -0.178711 0.983902 -0.000000 6.672393 -0.000000 0.000000 1.000000 0.000000 1566536007337607000

0.958391 0.285459 0.000000 482.463583 -0.285459 0.958391 -0.000000 6.316287 -0.000000 0.000000 1.000000 0.000000 1566536007587108000

0.920757 0.390136 0.000000 483.364170 -0.390136 0.920757 -0.000000 5.867774 -0.000000 0.000000 1.000000 0.000000 1566536007836676000

0.868873 0.495035 0.000000 484.225957 -0.495035 0.868873 -0.000000 5.196660 -0.000000 0.000000 1.000000 0.000000 1566536008085894000

0.803296 0.595580 0.000000 484.994219 -0.595580 0.803296 -0.000000 4.529461 -0.000000 0.000000 1.000000 0.000000 1566536008334491000

0.722324 0.691555 0.000000 485.656324 -0.691555 0.722324 -0.000000 3.695979 -0.000000 0.000000 1.000000 0.000000 1566536008583787000

0.628166 0.778079 0.000000 486.230299 -0.778079 0.628166 -0.000000 2.826495 -0.000000 0.000000 1.000000 0.000000 1566536008832646000

0.521099 0.853496 0.000000 486.701172 -0.853496 0.521099 -0.000000 1.823752 -0.000000 0.000000 1.000000 0.000000 1566536009082198000

0.405910 0.913913 0.000000 486.966570 -0.913913 0.405910 -0.000000 0.834877 -0.000000 0.000000 1.000000 0.000000 1566536009331690000

0.289192 0.957271 0.000000 487.158636 -0.957271 0.289192 -0.000000 -0.179743 -0.000000 0.000000 1.000000 0.000000 1566536009580407000

0.191321 0.981527 0.000000 487.166068 -0.981527 0.191321 -0.000000 -1.234072 -0.000000 0.000000 1.000000 0.000000 1566536009830181000

0.092327 0.995729 0.000000 487.380162 -0.995729 0.092327 -0.000000 -3.658798 -0.000000 0.000000 1.000000 0.000000 1566536010329146000

0.068787 0.997631 0.000000 487.617992 -0.997631 0.068787 -0.000000 -5.206795 -0.000000 0.000000 1.000000 0.000000 1566536010578560000

0.025655 0.999671 0.000000 487.676636 -0.999671 0.025655 -0.000000 -7.950771 -0.000000 0.000000 1.000000 0.000000 1566536011077227000

0.003027 0.999995 0.000000 487.688007 -0.999995 0.003027 -0.000000 -10.878596 -0.000000 0.000000 1.000000 0.000000 1566536011575976000

-0.005001 0.999987 0.000000 487.674596 -0.999987 -0.005001 -0.000000 -12.462894 -0.000000 0.000000 1.000000 0.000000 1566536011825159000

-0.008420 0.999965 0.000000 487.725642 -0.999965 -0.008420 -0.000000 -14.006637 -0.000000 0.000000 1.000000 0.000000 1566536012073513000

-0.009543 0.999954 0.000000 487.723960 -0.999954 -0.009543 -0.000000 -15.642319 -0.000000 0.000000 1.000000 0.000000 1566536012322770000

-0.007973 0.999968 0.000000 487.698887 -0.999968 -0.007973 -0.000000 -17.337536 -0.000000 0.000000 1.000000 0.000000 1566536012573423000

-0.006352 0.999980 0.000000 487.734729 -0.999980 -0.006352 -0.000000 -19.070898 -0.000000 0.000000 1.000000 0.000000 1566536012822885000

-0.004573 0.999990 0.000000 487.699047 -0.999990 -0.004573 -0.000000 -20.854726 -0.000000 0.000000 1.000000 0.000000 1566536013071458000

-0.002491 0.999997 0.000000 487.640596 -0.999997 -0.002491 -0.000000 -22.632488 -0.000000 0.000000 1.000000 0.000000 1566536013320246000

-0.001805 0.999998 0.000000 487.665805 -0.999998 -0.001805 -0.000000 -24.490865 -0.000000 0.000000 1.000000 0.000000 1566536013569509000

-0.001561 0.999999 0.000000 487.712850 -0.999999 -0.001561 -0.000000 -26.377663 -0.000000 0.000000 1.000000 0.000000 1566536013818769000

-0.001812 0.999998 0.000000 487.657727 -0.999998 -0.001812 -0.000000 -28.297187 -0.000000 0.000000 1.000000 0.000000 1566536014068273000

-0.000294 1.000000 0.000000 487.723790 -1.000000 -0.000294 -0.000000 -30.202707 -0.000000 0.000000 1.000000 0.000000 1566536014317174000

0.001968 0.999998 0.000000 487.728353 -0.999998 0.001968 -0.000000 -32.204434 -0.000000 0.000000 1.000000 0.000000 1566536014566690000

0.005509 0.999985 0.000000 487.703540 -0.999985 0.005509 -0.000000 -34.264013 -0.000000 0.000000 1.000000 0.000000 1566536014815899000

0.010329 0.999947 0.000000 487.750057 -0.999947 0.010329 -0.000000 -36.347544 -0.000000 0.000000 1.000000 0.000000 1566536015065232000

0.016331 0.999867 0.000000 487.735180 -0.999867 0.016331 -0.000000 -38.403967 -0.000000 0.000000 1.000000 0.000000 1566536015314989000

0.016949 0.999856 0.000000 487.740769 -0.999856 0.016949 -0.000000 -40.528336 -0.000000 0.000000 1.000000 0.000000 1566536015565788000

0.011781 0.999931 0.000000 487.790665 -0.999931 0.011781 -0.000000 -42.596230 -0.000000 0.000000 1.000000 0.000000 1566536015812137000

0.007902 0.999969 0.000000 487.770249 -0.999969 0.007902 -0.000000 -44.724896 -0.000000 0.000000 1.000000 0.000000 1566536016062835000

0.004504 0.999990 0.000000 487.795600 -0.999990 0.004504 -0.000000 -46.837400 -0.000000 0.000000 1.000000 0.000000 1566536016311305000

0.000333 1.000000 0.000000 487.812953 -1.000000 0.000333 -0.000000 -48.936242 -0.000000 0.000000 1.000000 0.000000 1566536016560383000

-0.002704 0.999996 0.000000 487.803095 -0.999996 -0.002704 -0.000000 -51.093364 -0.000000 0.000000 1.000000 0.000000 1566536016809172000

-0.004108 0.999992 0.000000 487.859313 -0.999992 -0.004108 -0.000000 -53.185210 -0.000000 0.000000 1.000000 0.000000 1566536017058877000

-0.000706 1.000000 0.000000 487.834060 -1.000000 -0.000706 -0.000000 -55.369173 -0.000000 0.000000 1.000000 0.000000 1566536017307323000

0.002941 0.999996 0.000000 487.829195 -0.999996 0.002941 -0.000000 -57.416980 -0.000000 0.000000 1.000000 0.000000 1566536017556357000

0.005856 0.999983 0.000000 487.867991 -0.999983 0.005856 -0.000000 -59.472868 -0.000000 0.000000 1.000000 0.000000 1566536017805754000

0.008995 0.999960 0.000000 487.876840 -0.999960 0.008995 -0.000000 -61.491744 -0.000000 0.000000 1.000000 0.000000 1566536018054305000

0.010572 0.999944 0.000000 487.871574 -0.999944 0.010572 -0.000000 -63.396986 -0.000000 0.000000 1.000000 0.000000 1566536018303673000

0.009744 0.999953 0.000000 487.936870 -0.999953 0.009744 -0.000000 -65.273699 -0.000000 0.000000 1.000000 0.000000 1566536018552555000

0.006134 0.999981 0.000000 487.959110 -0.999981 0.006134 -0.000000 -67.024497 -0.000000 0.000000 1.000000 0.000000 1566536018801991000

0.004280 0.999991 0.000000 487.962526 -0.999991 0.004280 -0.000000 -68.622421 -0.000000 0.000000 1.000000 0.000000 1566536019050252000

0.003311 0.999995 0.000000 487.987349 -0.999995 0.003311 -0.000000 -70.294035 -0.000000 0.000000 1.000000 0.000000 1566536019299339000

0.003426 0.999994 0.000000 487.968412 -0.999994 0.003426 -0.000000 -71.861426 -0.000000 0.000000 1.000000 0.000000 1566536019548497000

0.002375 0.999997 0.000000 488.006063 -0.999997 0.002375 -0.000000 -73.472001 -0.000000 0.000000 1.000000 0.000000 1566536019798071000

0.003016 0.999995 0.000000 487.966875 -0.999995 0.003016 -0.000000 -74.999719 -0.000000 0.000000 1.000000 0.000000 1566536020047204000

0.002737 0.999996 0.000000 488.088143 -0.999996 0.002737 -0.000000 -78.095892 -0.000000 0.000000 1.000000 0.000000 1566536020546273000

0.008257 0.999966 0.000000 488.007009 -0.999966 0.008257 -0.000000 -79.808603 -0.000000 0.000000 1.000000 0.000000 1566536020794829000

0.012012 0.999928 0.000000 488.079107 -0.999928 0.012012 -0.000000 -82.794099 -0.000000 0.000000 1.000000 0.000000 1566536021294407000

0.014284 0.999898 0.000000 488.064172 -0.999898 0.014284 -0.000000 -84.399751 -0.000000 0.000000 1.000000 0.000000 1566536021543006000

0.014077 0.999901 0.000000 488.121351 -0.999901 0.014077 -0.000000 -86.095922 -0.000000 0.000000 1.000000 0.000000 1566536021793309000

0.014789 0.999891 0.000000 488.159627 -0.999891 0.014789 -0.000000 -87.715206 -0.000000 0.000000 1.000000 0.000000 1566536022043092000

0.014450 0.999896 0.000000 488.227179 -0.999896 0.014450 -0.000000 -89.396674 -0.000000 0.000000 1.000000 0.000000 1566536022291566000

0.014935 0.999888 0.000000 488.242219 -0.999888 0.014935 -0.000000 -91.073216 -0.000000 0.000000 1.000000 0.000000 1566536022540983000

