1.000000 0.000172 0.000000 -3.093385 -0.000172 1.000000 -0.000000 2.100232 -0.000000 0.000000 1.000000 0.000000 1547123578802910089

0.997330 -0.073023 0.000000 -1.350433 0.073023 0.997330 0.000000 2.189206 0.000000 0.000000 1.000000 0.000000 1547123608263822078

0.989753 -0.142792 0.000000 0.187173 0.142792 0.989753 0.000000 2.497707 0.000000 0.000000 1.000000 0.000000 1547123609010155916

0.980511 -0.196464 0.000000 2.369885 0.196464 0.980511 0.000000 2.773902 0.000000 0.000000 1.000000 0.000000 1547123609760283946

0.982144 -0.188129 0.000000 4.108811 0.188129 0.982144 0.000000 3.132946 0.000000 0.000000 1.000000 0.000000 1547123610262703895

0.985979 -0.166869 0.000000 6.173863 0.166869 0.985979 0.000000 3.506125 0.000000 0.000000 1.000000 0.000000 1547123610763380050

0.990617 -0.136669 0.000000 8.463000 0.136669 0.990617 0.000000 3.764866 0.000000 0.000000 1.000000 0.000000 1547123611263761043

0.994998 -0.099896 0.000000 10.998248 0.099896 0.994998 0.000000 3.990367 0.000000 0.000000 1.000000 0.000000 1547123611762864112

0.998293 -0.058404 0.000000 13.626990 0.058404 0.998293 0.000000 4.098967 0.000000 0.000000 1.000000 0.000000 1547123612259258031

0.999581 -0.028961 0.000000 16.275529 0.028961 0.999581 0.000000 4.115893 0.000000 0.000000 1.000000 0.000000 1547123612755436897

0.999833 -0.018283 0.000000 18.974125 0.018283 0.999833 0.000000 4.170496 0.000000 0.000000 1.000000 0.000000 1547123613254825115

0.999971 -0.007660 0.000000 21.696940 0.007660 0.999971 0.000000 4.183925 0.000000 0.000000 1.000000 0.000000 1547123613753205060

1.000000 0.000464 0.000000 24.472277 -0.000464 1.000000 -0.000000 4.141232 -0.000000 0.000000 1.000000 0.000000 1547123614251565933

0.999939 0.011019 0.000000 27.313856 -0.011019 0.999939 -0.000000 4.069233 -0.000000 0.000000 1.000000 0.000000 1547123614750097036

0.999882 0.015334 0.000000 30.263988 -0.015334 0.999882 -0.000000 4.006438 -0.000000 0.000000 1.000000 0.000000 1547123615252060890

0.999850 0.017341 0.000000 33.321263 -0.017341 0.999850 -0.000000 3.895871 -0.000000 0.000000 1.000000 0.000000 1547123615753592967

0.999857 0.016906 0.000000 34.920512 -0.016906 0.999857 -0.000000 3.884475 -0.000000 0.000000 1.000000 0.000000 1547123616004024982

0.999878 0.015611 0.000000 36.448302 -0.015611 0.999878 -0.000000 3.821670 -0.000000 0.000000 1.000000 0.000000 1547123616253848075

0.999878 0.015635 0.000000 38.124285 -0.015635 0.999878 -0.000000 3.768956 -0.000000 0.000000 1.000000 0.000000 1547123616503586053

0.999886 0.015097 0.000000 39.730588 -0.015097 0.999886 -0.000000 3.717463 -0.000000 0.000000 1.000000 0.000000 1547123616753154993

0.999905 0.013759 0.000000 41.421876 -0.013759 0.999905 -0.000000 3.657785 -0.000000 0.000000 1.000000 0.000000 1547123617002758979

0.999926 0.012127 0.000000 43.142240 -0.012127 0.999926 -0.000000 3.641485 -0.000000 0.000000 1.000000 0.000000 1547123617251606941

0.999945 0.010451 0.000000 44.851925 -0.010451 0.999945 -0.000000 3.602205 -0.000000 0.000000 1.000000 0.000000 1547123617500520944

0.999971 0.007640 0.000000 46.592962 -0.007640 0.999971 -0.000000 3.592109 -0.000000 0.000000 1.000000 0.000000 1547123617749452114

0.999984 0.005598 0.000000 48.320917 -0.005598 0.999984 -0.000000 3.551851 -0.000000 0.000000 1.000000 0.000000 1547123617997665882

0.999996 0.002775 0.000000 50.028397 -0.002775 0.999996 -0.000000 3.515623 -0.000000 0.000000 1.000000 0.000000 1547123618245507001

0.999999 0.001011 0.000000 51.747277 -0.001011 0.999999 -0.000000 3.502684 -0.000000 0.000000 1.000000 0.000000 1547123618494564056

1.000000 -0.000596 0.000000 53.498107 0.000596 1.000000 0.000000 3.504013 0.000000 0.000000 1.000000 0.000000 1547123618744601964

0.999998 -0.001807 0.000000 55.233247 0.001807 0.999998 0.000000 3.471231 0.000000 0.000000 1.000000 0.000000 1547123618994112968

0.999999 -0.001711 0.000000 56.983311 0.001711 0.999999 0.000000 3.418814 0.000000 0.000000 1.000000 0.000000 1547123619243535995

1.000000 0.000272 0.000000 58.791847 -0.000272 1.000000 -0.000000 3.433998 -0.000000 0.000000 1.000000 0.000000 1547123619492749929

0.999997 0.002525 0.000000 60.568502 -0.002525 0.999997 -0.000000 3.385781 -0.000000 0.000000 1.000000 0.000000 1547123619741945028

0.999992 0.004076 0.000000 62.344239 -0.004076 0.999992 -0.000000 3.333011 -0.000000 0.000000 1.000000 0.000000 1547123619991173028

0.999991 0.004150 0.000000 64.153945 -0.004150 0.999991 -0.000000 3.281299 -0.000000 0.000000 1.000000 0.000000 1547123620240636110

0.999993 0.003761 0.000000 65.996664 -0.003761 0.999993 -0.000000 3.298432 -0.000000 0.000000 1.000000 0.000000 1547123620491293907

0.999992 0.003990 0.000000 67.781139 -0.003990 0.999992 -0.000000 3.246281 -0.000000 0.000000 1.000000 0.000000 1547123620742923021

0.999989 0.004656 0.000000 69.614792 -0.004656 0.999989 -0.000000 3.169946 -0.000000 0.000000 1.000000 0.000000 1547123620993767976

0.999990 0.004554 0.000000 71.375487 -0.004554 0.999990 -0.000000 3.223559 -0.000000 0.000000 1.000000 0.000000 1547123621244364023

0.999996 0.002897 0.000000 73.204783 -0.002897 0.999996 -0.000000 3.117284 -0.000000 0.000000 1.000000 0.000000 1547123621494712114

0.999999 0.001552 0.000000 75.045938 -0.001552 0.999999 -0.000000 3.068110 -0.000000 0.000000 1.000000 0.000000 1547123621744473934

1.000000 0.000733 0.000000 76.876958 -0.000733 1.000000 -0.000000 3.086748 -0.000000 0.000000 1.000000 0.000000 1547123621994199991

1.000000 0.000577 0.000000 78.685268 -0.000577 1.000000 -0.000000 3.058967 -0.000000 0.000000 1.000000 0.000000 1547123622244071006

0.999999 0.001124 0.000000 80.518439 -0.001124 0.999999 -0.000000 3.025267 -0.000000 0.000000 1.000000 0.000000 1547123622493464946

0.999997 0.002515 0.000000 82.296320 -0.002515 0.999997 -0.000000 2.995759 -0.000000 0.000000 1.000000 0.000000 1547123622742124080

0.999984 0.005724 0.000000 84.039202 -0.005724 0.999984 -0.000000 2.919459 -0.000000 0.000000 1.000000 0.000000 1547123622990367889

0.999975 0.007067 0.000000 85.820165 -0.007067 0.999975 -0.000000 2.894459 -0.000000 0.000000 1.000000 0.000000 1547123623238869905

0.999979 0.006458 0.000000 87.506450 -0.006458 0.999979 -0.000000 2.867895 -0.000000 0.000000 1.000000 0.000000 1547123623487014055

0.999986 0.005255 0.000000 89.281071 -0.005255 0.999986 -0.000000 2.805772 -0.000000 0.000000 1.000000 0.000000 1547123623735089063

0.999993 0.003778 0.000000 90.974932 -0.003778 0.999993 -0.000000 2.821986 -0.000000 0.000000 1.000000 0.000000 1547123623985249042

0.999998 -0.002095 0.000000 92.756971 0.002095 0.999998 0.000000 2.808431 0.000000 0.000000 1.000000 0.000000 1547123624237071990

0.999978 -0.006569 0.000000 94.418291 0.006569 0.999978 0.000000 2.833484 0.000000 0.000000 1.000000 0.000000 1547123624487901926

0.999926 -0.012141 0.000000 96.105218 0.012141 0.999926 0.000000 2.782706 0.000000 0.000000 1.000000 0.000000 1547123624738420963

0.999821 -0.018918 0.000000 97.810419 0.018918 0.999821 0.000000 2.789474 0.000000 0.000000 1.000000 0.000000 1547123624989376068

0.999656 -0.026234 0.000000 99.444063 0.026234 0.999656 0.000000 2.795389 0.000000 0.000000 1.000000 0.000000 1547123625241471052

0.999501 -0.031582 0.000000 101.126208 0.031582 0.999501 0.000000 2.812389 0.000000 0.000000 1.000000 0.000000 1547123625494384050

0.999345 -0.036195 0.000000 102.722333 0.036195 0.999345 0.000000 2.830881 0.000000 0.000000 1.000000 0.000000 1547123625746524095

0.999121 -0.041928 0.000000 104.375021 0.041928 0.999121 0.000000 2.921159 0.000000 0.000000 1.000000 0.000000 1547123625998063087

0.998953 -0.045750 0.000000 106.000506 0.045750 0.998953 0.000000 2.963582 0.000000 0.000000 1.000000 0.000000 1547123626247714996

0.998743 -0.050117 0.000000 107.568957 0.050117 0.998743 0.000000 2.987439 0.000000 0.000000 1.000000 0.000000 1547123626495512962

0.998297 -0.058341 0.000000 110.672021 0.058341 0.998297 0.000000 3.077947 0.000000 0.000000 1.000000 0.000000 1547123626989654064

0.998127 -0.061175 0.000000 112.217573 0.061175 0.998127 0.000000 3.148019 0.000000 0.000000 1.000000 0.000000 1547123627236411094

0.997567 -0.069708 0.000000 115.169257 0.069708 0.997567 0.000000 3.318142 0.000000 0.000000 1.000000 0.000000 1547123627733036041

0.997561 -0.069797 0.000000 118.072694 0.069797 0.997561 0.000000 3.464971 0.000000 0.000000 1.000000 0.000000 1547123628234755992

0.998195 -0.060055 0.000000 121.078537 0.060055 0.998195 0.000000 3.625449 0.000000 0.000000 1.000000 0.000000 1547123628737943887

0.998492 -0.054896 0.000000 122.622174 0.054896 0.998492 0.000000 3.623271 0.000000 0.000000 1.000000 0.000000 1547123628990668058

0.999149 -0.041241 0.000000 125.411727 0.041241 0.999149 0.000000 3.799174 0.000000 0.000000 1.000000 0.000000 1547123629492441892

0.999680 -0.025304 0.000000 128.264297 0.025304 0.999680 0.000000 3.824531 0.000000 0.000000 1.000000 0.000000 1547123629992574930

0.999921 -0.012584 0.000000 131.216767 0.012584 0.999921 0.000000 3.842349 0.000000 0.000000 1.000000 0.000000 1547123630495774984

0.999966 -0.008210 0.000000 134.168963 0.008210 0.999966 0.000000 3.820785 0.000000 0.000000 1.000000 0.000000 1547123630997689962

0.999963 -0.008608 0.000000 137.137188 0.008608 0.999963 0.000000 3.803848 0.000000 0.000000 1.000000 0.000000 1547123631497919082

0.999951 -0.009920 0.000000 140.121220 0.009920 0.999951 0.000000 3.736648 0.000000 0.000000 1.000000 0.000000 1547123631997279882

0.999931 -0.011762 0.000000 141.664051 0.011762 0.999931 0.000000 3.727878 0.000000 0.000000 1.000000 0.000000 1547123632246556043

0.999925 -0.012218 0.000000 143.168240 0.012218 0.999925 0.000000 3.755251 0.000000 0.000000 1.000000 0.000000 1547123632495250940

0.999879 -0.015582 0.000000 145.898895 0.015582 0.999879 0.000000 3.696718 0.000000 0.000000 1.000000 0.000000 1547123632991673946

0.999823 -0.018833 0.000000 148.765035 0.018833 0.999823 0.000000 3.780745 0.000000 0.000000 1.000000 0.000000 1547123633488286018

0.999801 -0.019940 0.000000 151.572096 0.019940 0.999801 0.000000 3.806593 0.000000 0.000000 1.000000 0.000000 1547123633990247964

0.999818 -0.019072 0.000000 154.419730 0.019072 0.999818 0.000000 3.849793 0.000000 0.000000 1.000000 0.000000 1547123634492230892

0.999801 -0.019927 0.000000 157.419382 0.019927 0.999801 0.000000 3.889128 0.000000 0.000000 1.000000 0.000000 1547123634997520923

0.999785 -0.020749 0.000000 160.432721 0.020749 0.999785 0.000000 3.920222 0.000000 0.000000 1.000000 0.000000 1547123635501763105

0.999747 -0.022513 0.000000 162.045393 0.022513 0.999747 0.000000 3.937824 0.000000 0.000000 1.000000 0.000000 1547123635751425027

0.999712 -0.024003 0.000000 163.613927 0.024003 0.999712 0.000000 3.922853 0.000000 0.000000 1.000000 0.000000 1547123635998898029

0.999662 -0.025992 0.000000 165.210937 0.025992 0.999662 0.000000 3.948373 0.000000 0.000000 1.000000 0.000000 1547123636245284080

0.999624 -0.027412 0.000000 166.829545 0.027412 0.999624 0.000000 4.011053 0.000000 0.000000 1.000000 0.000000 1547123636492660999

0.999566 -0.029470 0.000000 168.390576 0.029470 0.999566 0.000000 4.033201 0.000000 0.000000 1.000000 0.000000 1547123636740624904

0.999511 -0.031259 0.000000 170.079507 0.031259 0.999511 0.000000 4.011559 0.000000 0.000000 1.000000 0.000000 1547123636989665985

0.999483 -0.032145 0.000000 171.789032 0.032145 0.999483 0.000000 4.043820 0.000000 0.000000 1.000000 0.000000 1547123637239639997

0.999446 -0.033290 0.000000 173.520726 0.033290 0.999446 0.000000 4.103706 0.000000 0.000000 1.000000 0.000000 1547123637490035057

0.999397 -0.034722 0.000000 175.246101 0.034722 0.999397 0.000000 4.132861 0.000000 0.000000 1.000000 0.000000 1547123637740123987

0.999331 -0.036560 0.000000 177.012275 0.036560 0.999331 0.000000 4.216152 0.000000 0.000000 1.000000 0.000000 1547123637989589929

0.999275 -0.038071 0.000000 178.822521 0.038071 0.999275 0.000000 4.267152 0.000000 0.000000 1.000000 0.000000 1547123638239098072

0.999223 -0.039409 0.000000 180.590414 0.039409 0.999223 0.000000 4.301550 0.000000 0.000000 1.000000 0.000000 1547123638489764928

0.999133 -0.041635 0.000000 182.448986 0.041635 0.999133 0.000000 4.341780 0.000000 0.000000 1.000000 0.000000 1547123638740823030

0.999175 -0.040613 0.000000 184.287722 0.040613 0.999175 0.000000 4.405557 0.000000 0.000000 1.000000 0.000000 1547123638991892099

0.999153 -0.041138 0.000000 186.083120 0.041138 0.999153 0.000000 4.450666 0.000000 0.000000 1.000000 0.000000 1547123639243005037

0.999097 -0.042489 0.000000 187.804153 0.042489 0.999097 0.000000 4.523138 0.000000 0.000000 1.000000 0.000000 1547123639493309020

0.999060 -0.043350 0.000000 189.619581 0.043350 0.999060 0.000000 4.558425 0.000000 0.000000 1.000000 0.000000 1547123639743639945

0.999033 -0.043957 0.000000 191.406199 0.043957 0.999033 0.000000 4.587878 0.000000 0.000000 1.000000 0.000000 1547123639995903968

0.998986 -0.045020 0.000000 193.194269 0.045020 0.998986 0.000000 4.662265 0.000000 0.000000 1.000000 0.000000 1547123640249167919

0.998947 -0.045882 0.000000 194.933926 0.045882 0.998947 0.000000 4.743227 0.000000 0.000000 1.000000 0.000000 1547123640502090930

0.998880 -0.047324 0.000000 196.612502 0.047324 0.998880 0.000000 4.833001 0.000000 0.000000 1.000000 0.000000 1547123640753719091

0.998847 -0.048016 0.000000 198.221855 0.048016 0.998847 0.000000 4.902010 0.000000 0.000000 1.000000 0.000000 1547123641003079891

0.998799 -0.048995 0.000000 199.736513 0.048995 0.998799 0.000000 4.969619 0.000000 0.000000 1.000000 0.000000 1547123641250824928

0.998715 -0.050672 0.000000 201.276098 0.050672 0.998715 0.000000 5.038253 0.000000 0.000000 1.000000 0.000000 1547123641498296022

0.998586 -0.053167 0.000000 204.321056 0.053167 0.998586 0.000000 5.209056 0.000000 0.000000 1.000000 0.000000 1547123641993452072

0.998536 -0.054094 0.000000 205.868567 0.054094 0.998536 0.000000 5.301346 0.000000 0.000000 1.000000 0.000000 1547123642242122888

0.998516 -0.054458 0.000000 207.371240 0.054458 0.998516 0.000000 5.365992 0.000000 0.000000 1.000000 0.000000 1547123642492454051

0.998595 -0.052988 0.000000 208.947708 0.052988 0.998595 0.000000 5.413303 0.000000 0.000000 1.000000 0.000000 1547123642742964982

0.998789 -0.049197 0.000000 210.536893 0.049197 0.998789 0.000000 5.462070 0.000000 0.000000 1.000000 0.000000 1547123642992573976

0.999056 -0.043450 0.000000 212.068007 0.043450 0.999056 0.000000 5.487846 0.000000 0.000000 1.000000 0.000000 1547123643241956949

0.999343 -0.036235 0.000000 213.696834 0.036235 0.999343 0.000000 5.524862 0.000000 0.000000 1.000000 0.000000 1547123643491972923

0.999540 -0.030333 0.000000 215.300831 0.030333 0.999540 0.000000 5.547171 0.000000 0.000000 1.000000 0.000000 1547123643743244886

0.999714 -0.023934 0.000000 217.019782 0.023934 0.999714 0.000000 5.543718 0.000000 0.000000 1.000000 0.000000 1547123643995121002

0.999825 -0.018711 0.000000 218.713514 0.018711 0.999825 0.000000 5.536084 0.000000 0.000000 1.000000 0.000000 1547123644246118068

0.999804 -0.019807 0.000000 220.401396 0.019807 0.999804 0.000000 5.527211 0.000000 0.000000 1.000000 0.000000 1547123644496362924

0.999619 -0.027592 0.000000 222.095154 0.027592 0.999619 0.000000 5.500509 0.000000 0.000000 1.000000 0.000000 1547123644747338056

0.999086 -0.042752 0.000000 223.860803 0.042752 0.999086 0.000000 5.579449 0.000000 0.000000 1.000000 0.000000 1547123644999556064

0.998085 -0.061862 0.000000 225.651589 0.061862 0.998085 0.000000 5.685241 0.000000 0.000000 1.000000 0.000000 1547123645252103090

0.996972 -0.077758 0.000000 227.387372 0.077758 0.996972 0.000000 5.819955 0.000000 0.000000 1.000000 0.000000 1547123645504412889

0.995214 -0.097718 0.000000 229.115501 0.097718 0.995214 0.000000 5.972155 0.000000 0.000000 1.000000 0.000000 1547123645755362987

0.993653 -0.112484 0.000000 230.892355 0.112484 0.993653 0.000000 6.176669 0.000000 0.000000 1.000000 0.000000 1547123646004205942

0.992746 -0.120232 0.000000 232.605747 0.120232 0.992746 0.000000 6.436174 0.000000 0.000000 1.000000 0.000000 1547123646253110885

0.992298 -0.123875 0.000000 234.467071 0.123875 0.992298 0.000000 6.625843 0.000000 0.000000 1.000000 0.000000 1547123646502010107

0.991580 -0.129493 0.000000 236.242009 0.129493 0.991580 0.000000 6.843813 0.000000 0.000000 1.000000 0.000000 1547123646750657081

0.990726 -0.135876 0.000000 238.072492 0.135876 0.990726 0.000000 7.099303 0.000000 0.000000 1.000000 0.000000 1547123646999222040

0.990162 -0.139929 0.000000 239.928269 0.139929 0.990162 0.000000 7.380467 0.000000 0.000000 1.000000 0.000000 1547123647247247934

0.989737 -0.142903 0.000000 241.852475 0.142903 0.989737 0.000000 7.604646 0.000000 0.000000 1.000000 0.000000 1547123647494853019

0.989194 -0.146609 0.000000 243.780975 0.146609 0.989194 0.000000 7.901160 0.000000 0.000000 1.000000 0.000000 1547123647742767095

0.988875 -0.148750 0.000000 245.676680 0.148750 0.988875 0.000000 8.177516 0.000000 0.000000 1.000000 0.000000 1547123647992275953

0.989262 -0.146156 0.000000 247.693704 0.146156 0.989262 0.000000 8.480168 0.000000 0.000000 1.000000 0.000000 1547123648243765115

0.989524 -0.144369 0.000000 249.691569 0.144369 0.989524 0.000000 8.736315 0.000000 0.000000 1.000000 0.000000 1547123648496315002

0.989732 -0.142936 0.000000 251.727611 0.142936 0.989732 0.000000 9.018916 0.000000 0.000000 1.000000 0.000000 1547123648748805046

0.990076 -0.140536 0.000000 253.720736 0.140536 0.990076 0.000000 9.304267 0.000000 0.000000 1.000000 0.000000 1547123649001061916

0.990019 -0.140936 0.000000 255.712905 0.140936 0.990019 0.000000 9.562443 0.000000 0.000000 1.000000 0.000000 1547123649252022981

0.989675 -0.143332 0.000000 257.762779 0.143332 0.989675 0.000000 9.777429 0.000000 0.000000 1.000000 0.000000 1547123649502465963

0.989978 -0.141220 0.000000 259.779974 0.141220 0.989978 0.000000 10.071415 0.000000 0.000000 1.000000 0.000000 1547123649753916025

0.990332 -0.138717 0.000000 261.859305 0.138717 0.990332 0.000000 10.339500 0.000000 0.000000 1.000000 0.000000 1547123650004956007

0.990449 -0.137882 0.000000 263.874430 0.137882 0.990449 0.000000 10.619651 0.000000 0.000000 1.000000 0.000000 1547123650256032943

0.990613 -0.136694 0.000000 265.806992 0.136694 0.990613 0.000000 10.871004 0.000000 0.000000 1.000000 0.000000 1547123650507450103

0.990806 -0.135292 0.000000 267.767405 0.135292 0.990806 0.000000 11.191353 0.000000 0.000000 1.000000 0.000000 1547123650757834911

0.990981 -0.134006 0.000000 269.723912 0.134006 0.990981 0.000000 11.438704 0.000000 0.000000 1.000000 0.000000 1547123651008218050

0.991041 -0.133559 0.000000 271.712787 0.133559 0.991041 0.000000 11.688181 0.000000 0.000000 1.000000 0.000000 1547123651258572101

0.990936 -0.134332 0.000000 273.674549 0.134332 0.990936 0.000000 11.923651 0.000000 0.000000 1.000000 0.000000 1547123651508457899

0.990647 -0.136449 0.000000 275.610545 0.136449 0.990647 0.000000 12.131674 0.000000 0.000000 1.000000 0.000000 1547123651757522106

0.990519 -0.137374 0.000000 277.488520 0.137374 0.990519 0.000000 12.367243 0.000000 0.000000 1.000000 0.000000 1547123652006381034

0.990446 -0.137898 0.000000 279.479872 0.137898 0.990446 0.000000 12.590622 0.000000 0.000000 1.000000 0.000000 1547123652255162000

0.990442 -0.137932 0.000000 281.472229 0.137932 0.990442 0.000000 12.878704 0.000000 0.000000 1.000000 0.000000 1547123652503763914

0.990604 -0.136763 0.000000 283.434087 0.136763 0.990604 0.000000 13.124114 0.000000 0.000000 1.000000 0.000000 1547123652752088069

0.990767 -0.135579 0.000000 285.493361 0.135579 0.990767 0.000000 13.341606 0.000000 0.000000 1.000000 0.000000 1547123653001176118

0.990615 -0.136681 0.000000 287.515481 0.136681 0.990615 0.000000 13.639267 0.000000 0.000000 1.000000 0.000000 1547123653250479936

0.990811 -0.135251 0.000000 289.554281 0.135251 0.990811 0.000000 13.891961 0.000000 0.000000 1.000000 0.000000 1547123653499499082

0.990885 -0.134712 0.000000 291.587257 0.134712 0.990885 0.000000 14.083746 0.000000 0.000000 1.000000 0.000000 1547123653748830080

0.990959 -0.134164 0.000000 293.661270 0.134164 0.990959 0.000000 14.346008 0.000000 0.000000 1.000000 0.000000 1547123653998063087

0.991060 -0.133420 0.000000 295.762858 0.133420 0.991060 0.000000 14.614831 0.000000 0.000000 1.000000 0.000000 1547123654247402906

0.991487 -0.130208 0.000000 297.902969 0.130208 0.991487 0.000000 14.830717 0.000000 0.000000 1.000000 0.000000 1547123654497800111

0.991697 -0.128599 0.000000 300.029462 0.128599 0.991697 0.000000 15.111834 0.000000 0.000000 1.000000 0.000000 1547123654749027013

0.992015 -0.126117 0.000000 302.104846 0.126117 0.992015 0.000000 15.345600 0.000000 0.000000 1.000000 0.000000 1547123654999907016

0.992395 -0.123096 0.000000 304.327788 0.123096 0.992395 0.000000 15.545320 0.000000 0.000000 1.000000 0.000000 1547123655250761032

0.992873 -0.119178 0.000000 306.556629 0.119178 0.992873 0.000000 15.794200 0.000000 0.000000 1.000000 0.000000 1547123655501287937

0.993347 -0.115159 0.000000 308.686456 0.115159 0.993347 0.000000 16.047741 0.000000 0.000000 1.000000 0.000000 1547123655751571893

0.993641 -0.112594 0.000000 310.871528 0.112594 0.993641 0.000000 16.288520 0.000000 0.000000 1.000000 0.000000 1547123656001281023

0.994019 -0.109207 0.000000 313.035744 0.109207 0.994019 0.000000 16.486181 0.000000 0.000000 1.000000 0.000000 1547123656250890970

0.994328 -0.106360 0.000000 315.164474 0.106360 0.994328 0.000000 16.700373 0.000000 0.000000 1.000000 0.000000 1547123656500277042

0.994661 -0.103194 0.000000 317.345023 0.103194 0.994661 0.000000 16.889937 0.000000 0.000000 1.000000 0.000000 1547123656749099969

0.994895 -0.100914 0.000000 319.576665 0.100914 0.994895 0.000000 17.040955 0.000000 0.000000 1.000000 0.000000 1547123656997620105

0.995047 -0.099405 0.000000 321.760012 0.099405 0.995047 0.000000 17.242040 0.000000 0.000000 1.000000 0.000000 1547123657245821952

0.995192 -0.097939 0.000000 323.876193 0.097939 0.995192 0.000000 17.420038 0.000000 0.000000 1.000000 0.000000 1547123657493719100

0.995412 -0.095682 0.000000 326.038156 0.095682 0.995412 0.000000 17.607767 0.000000 0.000000 1.000000 0.000000 1547123657741687059

0.995525 -0.094497 0.000000 328.348773 0.094497 0.995525 0.000000 17.765661 0.000000 0.000000 1.000000 0.000000 1547123657990861892

0.995741 -0.092200 0.000000 330.499206 0.092200 0.995741 0.000000 17.948702 0.000000 0.000000 1.000000 0.000000 1547123658240457057

0.995801 -0.091540 0.000000 332.675338 0.091540 0.995801 0.000000 18.121587 0.000000 0.000000 1.000000 0.000000 1547123658489500045

0.995971 -0.089678 0.000000 334.915293 0.089678 0.995971 0.000000 18.280143 0.000000 0.000000 1.000000 0.000000 1547123658738814115

0.995949 -0.089917 0.000000 337.041075 0.089917 0.995949 0.000000 18.437332 0.000000 0.000000 1.000000 0.000000 1547123658988384962

0.995927 -0.090162 0.000000 339.328835 0.090162 0.995927 0.000000 18.619637 0.000000 0.000000 1.000000 0.000000 1547123659237924098

0.995815 -0.091396 0.000000 341.484754 0.091396 0.995815 0.000000 18.768415 0.000000 0.000000 1.000000 0.000000 1547123659486939907

0.995684 -0.092806 0.000000 343.672548 0.092806 0.995684 0.000000 18.929978 0.000000 0.000000 1.000000 0.000000 1547123659736541032

0.995772 -0.091859 0.000000 345.935919 0.091859 0.995772 0.000000 19.063689 0.000000 0.000000 1.000000 0.000000 1547123659987608909

0.995953 -0.089874 0.000000 348.137093 0.089874 0.995953 0.000000 19.272970 0.000000 0.000000 1.000000 0.000000 1547123660238914012

0.996312 -0.085802 0.000000 350.418288 0.085802 0.996312 0.000000 19.463000 0.000000 0.000000 1.000000 0.000000 1547123660489814043

0.996852 -0.079286 0.000000 352.545668 0.079286 0.996852 0.000000 19.564552 0.000000 0.000000 1.000000 0.000000 1547123660740286111

0.997649 -0.068526 0.000000 354.683590 0.068526 0.997649 0.000000 19.658749 0.000000 0.000000 1.000000 0.000000 1547123660990880012

0.998465 -0.055394 0.000000 356.874572 0.055394 0.998465 0.000000 19.803196 0.000000 0.000000 1.000000 0.000000 1547123661240601062

0.999246 -0.038831 0.000000 359.125211 0.038831 0.999246 0.000000 19.848685 0.000000 0.000000 1.000000 0.000000 1547123661490268945

0.999769 -0.021472 0.000000 361.301679 0.021472 0.999769 0.000000 19.878150 0.000000 0.000000 1.000000 0.000000 1547123661740035057

0.999998 -0.001863 0.000000 363.500377 0.001863 0.999998 0.000000 19.846178 0.000000 0.000000 1.000000 0.000000 1547123661989337921

0.999881 0.015449 0.000000 365.777447 -0.015449 0.999881 -0.000000 19.786015 -0.000000 0.000000 1.000000 0.000000 1547123662238173007

0.999493 0.031839 0.000000 367.937618 -0.031839 0.999493 -0.000000 19.650569 -0.000000 0.000000 1.000000 0.000000 1547123662486666917

0.998926 0.046330 0.000000 370.146795 -0.046330 0.998926 -0.000000 19.534099 -0.000000 0.000000 1.000000 0.000000 1547123662735023975

0.998326 0.057832 0.000000 372.365666 -0.057832 0.998326 -0.000000 19.392343 -0.000000 0.000000 1.000000 0.000000 1547123662983275890

0.997885 0.065001 0.000000 374.495602 -0.065001 0.997885 -0.000000 19.171487 -0.000000 0.000000 1.000000 0.000000 1547123663231496095

0.997663 0.068332 0.000000 376.744099 -0.068332 0.997663 -0.000000 19.031668 -0.000000 0.000000 1.000000 0.000000 1547123663480621099

0.997826 0.065908 0.000000 378.932872 -0.065908 0.997826 -0.000000 18.856457 -0.000000 0.000000 1.000000 0.000000 1547123663730180978

0.998251 0.059117 0.000000 381.189288 -0.059117 0.998251 -0.000000 18.709483 -0.000000 0.000000 1.000000 0.000000 1547123663979474067

0.998585 0.053174 0.000000 383.296713 -0.053174 0.998585 -0.000000 18.535069 -0.000000 0.000000 1.000000 0.000000 1547123664228619098

0.998985 0.045035 0.000000 385.562134 -0.045035 0.998985 -0.000000 18.412690 -0.000000 0.000000 1.000000 0.000000 1547123664478034019

0.999380 0.035213 0.000000 387.765263 -0.035213 0.999380 -0.000000 18.361036 -0.000000 0.000000 1.000000 0.000000 1547123664728560924

0.999645 0.026635 0.000000 389.986730 -0.026635 0.999645 -0.000000 18.252517 -0.000000 0.000000 1.000000 0.000000 1547123664979830026

0.999854 0.017081 0.000000 392.214022 -0.017081 0.999854 -0.000000 18.175844 -0.000000 0.000000 1.000000 0.000000 1547123665230950117

0.999946 0.010380 0.000000 394.401644 -0.010380 0.999946 -0.000000 18.134434 -0.000000 0.000000 1.000000 0.000000 1547123665481508016

0.999996 0.002798 0.000000 396.694004 -0.002798 0.999996 -0.000000 18.139620 -0.000000 0.000000 1.000000 0.000000 1547123665731784105

0.999995 -0.003068 0.000000 398.881172 0.003068 0.999995 0.000000 18.112996 0.000000 0.000000 1.000000 0.000000 1547123665981821060

0.999964 -0.008490 0.000000 401.133678 0.008490 0.999964 0.000000 18.075536 0.000000 0.000000 1.000000 0.000000 1547123666231539011

0.999928 -0.011970 0.000000 403.356426 0.011970 0.999928 0.000000 18.081463 0.000000 0.000000 1.000000 0.000000 1547123666480895996

0.999855 -0.017030 0.000000 405.614505 0.017030 0.999855 0.000000 18.094794 0.000000 0.000000 1.000000 0.000000 1547123666729862928

0.999796 -0.020200 0.000000 407.833678 0.020200 0.999796 0.000000 18.119254 0.000000 0.000000 1.000000 0.000000 1547123666978378057

0.999730 -0.023252 0.000000 410.105865 0.023252 0.999730 0.000000 18.154793 0.000000 0.000000 1.000000 0.000000 1547123667226730108

0.999665 -0.025877 0.000000 412.363641 0.025877 0.999665 0.000000 18.225675 0.000000 0.000000 1.000000 0.000000 1547123667475310087

0.999589 -0.028658 0.000000 414.596412 0.028658 0.999589 0.000000 18.199640 0.000000 0.000000 1.000000 0.000000 1547123667723470926

0.999524 -0.030844 0.000000 416.832229 0.030844 0.999524 0.000000 18.220994 0.000000 0.000000 1.000000 0.000000 1547123667971410989

0.999460 -0.032870 0.000000 419.100207 0.032870 0.999460 0.000000 18.296886 0.000000 0.000000 1.000000 0.000000 1547123668220758914

0.999389 -0.034948 0.000000 421.410346 0.034948 0.999389 0.000000 18.344875 0.000000 0.000000 1.000000 0.000000 1547123668470712900

0.999326 -0.036719 0.000000 423.656344 0.036719 0.999326 0.000000 18.402328 0.000000 0.000000 1.000000 0.000000 1547123668719685077

0.999227 -0.039321 0.000000 425.953943 0.039321 0.999227 0.000000 18.477202 0.000000 0.000000 1.000000 0.000000 1547123668968184947

0.999148 -0.041260 0.000000 428.111509 0.041260 0.999148 0.000000 18.528303 0.000000 0.000000 1.000000 0.000000 1547123669217097043

0.999013 -0.044425 0.000000 430.390405 0.044425 0.999013 0.000000 18.539565 0.000000 0.000000 1.000000 0.000000 1547123669466365098

0.998997 -0.044784 0.000000 432.548214 0.044784 0.998997 0.000000 18.636808 0.000000 0.000000 1.000000 0.000000 1547123669716212987

0.998931 -0.046225 0.000000 434.699819 0.046225 0.998931 0.000000 18.710365 0.000000 0.000000 1.000000 0.000000 1547123669967504024

0.998882 -0.047271 0.000000 436.829448 0.047271 0.998882 0.000000 18.797761 0.000000 0.000000 1.000000 0.000000 1547123670219047069

0.998872 -0.047480 0.000000 438.834823 0.047480 0.998872 0.000000 18.843646 0.000000 0.000000 1.000000 0.000000 1547123670469897031

0.998777 -0.049442 0.000000 440.876903 0.049442 0.998777 0.000000 18.905342 0.000000 0.000000 1.000000 0.000000 1547123670720576047

0.998690 -0.051170 0.000000 442.850324 0.051170 0.998690 0.000000 18.994201 0.000000 0.000000 1.000000 0.000000 1547123670971461057

0.998599 -0.052908 0.000000 444.778303 0.052908 0.998599 0.000000 19.073240 0.000000 0.000000 1.000000 0.000000 1547123671221407890

0.998570 -0.053460 0.000000 446.611005 0.053460 0.998570 0.000000 19.131741 0.000000 0.000000 1.000000 0.000000 1547123671470864057

0.998557 -0.053703 0.000000 448.473550 0.053703 0.998557 0.000000 19.225313 0.000000 0.000000 1.000000 0.000000 1547123671720480918

0.998624 -0.052439 0.000000 450.272576 0.052439 0.998624 0.000000 19.238606 0.000000 0.000000 1.000000 0.000000 1547123671969805002

0.998754 -0.049911 0.000000 451.996940 0.049911 0.998754 0.000000 19.283459 0.000000 0.000000 1.000000 0.000000 1547123672218811035

0.998863 -0.047664 0.000000 453.622839 0.047664 0.998863 0.000000 19.351945 0.000000 0.000000 1.000000 0.000000 1547123672467878103

0.999024 -0.044177 0.000000 455.190467 0.044177 0.999024 0.000000 19.395686 0.000000 0.000000 1.000000 0.000000 1547123672716753005

0.999688 -0.024993 0.000000 458.049411 0.024993 0.999688 0.000000 19.421064 0.000000 0.000000 1.000000 0.000000 1547123673212647914

0.999904 0.013851 0.000000 460.640494 -0.013851 0.999904 -0.000000 19.374452 -0.000000 0.000000 1.000000 0.000000 1547123673712012052

0.997370 0.072476 0.000000 462.947094 -0.072476 0.997370 -0.000000 19.160440 -0.000000 0.000000 1.000000 0.000000 1547123674211875915

0.987394 0.158282 0.000000 465.010138 -0.158282 0.987394 -0.000000 18.799170 -0.000000 0.000000 1.000000 0.000000 1547123674712235927

0.966198 0.257802 0.000000 466.970737 -0.257802 0.966198 -0.000000 18.268830 -0.000000 0.000000 1.000000 0.000000 1547123675216253995

0.925254 0.379348 0.000000 468.611202 -0.379348 0.925254 -0.000000 17.558759 -0.000000 0.000000 1.000000 0.000000 1547123675719120979

0.850435 0.526079 0.000000 470.168188 -0.526079 0.850435 -0.000000 16.591214 -0.000000 0.000000 1.000000 0.000000 1547123676219842910

0.794221 0.607629 0.000000 470.776918 -0.607629 0.794221 -0.000000 15.983711 -0.000000 0.000000 1.000000 0.000000 1547123676470603942

0.724778 0.688982 0.000000 471.398168 -0.688982 0.724778 -0.000000 15.267942 -0.000000 0.000000 1.000000 0.000000 1547123676720726966

0.638582 0.769554 0.000000 471.904768 -0.769554 0.638582 -0.000000 14.586450 -0.000000 0.000000 1.000000 0.000000 1547123676970042943

0.538831 0.842414 0.000000 472.317131 -0.842414 0.538831 -0.000000 13.701529 -0.000000 0.000000 1.000000 0.000000 1547123677219059944

0.425967 0.904739 0.000000 472.574105 -0.904739 0.425967 -0.000000 12.926286 -0.000000 0.000000 1.000000 0.000000 1547123677467292070

0.299557 0.954078 0.000000 472.766676 -0.954078 0.299557 -0.000000 12.046179 -0.000000 0.000000 1.000000 0.000000 1547123677716337919

0.162809 0.986658 0.000000 472.829065 -0.986658 0.162809 -0.000000 11.063308 -0.000000 0.000000 1.000000 0.000000 1547123677966895103

0.018835 0.999823 0.000000 472.860263 -0.999823 0.018835 -0.000000 10.114896 -0.000000 0.000000 1.000000 0.000000 1547123678217418909

-0.127689 0.991814 0.000000 472.578494 -0.991814 -0.127689 -0.000000 9.161478 -0.000000 0.000000 1.000000 0.000000 1547123678468116998

-0.270432 0.962739 0.000000 472.204424 -0.962739 -0.270432 -0.000000 8.166315 -0.000000 0.000000 1.000000 0.000000 1547123678718269109

-0.404881 0.914369 0.000000 471.721193 -0.914369 -0.404881 -0.000000 7.207752 -0.000000 0.000000 1.000000 0.000000 1547123678969944953

-0.526949 0.849897 0.000000 471.004667 -0.849897 -0.526949 0.000000 6.290209 0.000000 0.000000 1.000000 0.000000 1547123679222923994

-0.629929 0.776653 0.000000 470.255571 -0.776653 -0.629929 0.000000 5.358426 0.000000 0.000000 1.000000 0.000000 1547123679475037097

-0.710551 0.703646 0.000000 469.375881 -0.703646 -0.710551 0.000000 4.520569 0.000000 0.000000 1.000000 0.000000 1547123679726730108

-0.808688 0.588238 0.000000 467.234881 -0.588238 -0.808688 0.000000 3.041003 0.000000 0.000000 1.000000 0.000000 1547123680225719928

-0.852770 0.522287 0.000000 464.820588 -0.522287 -0.852770 0.000000 1.712844 0.000000 0.000000 1.000000 0.000000 1547123680720756053

-0.875343 0.483503 0.000000 462.133703 -0.483503 -0.875343 0.000000 0.459180 0.000000 0.000000 1.000000 0.000000 1547123681214904069

-0.885871 0.463932 0.000000 460.739081 -0.463932 -0.885871 0.000000 -0.277245 0.000000 0.000000 1.000000 0.000000 1547123681463002920

-0.893882 0.448302 0.000000 459.194303 -0.448302 -0.893882 0.000000 -0.983399 0.000000 0.000000 1.000000 0.000000 1547123681712201118

-0.900313 0.435243 0.000000 457.642071 -0.435243 -0.900313 0.000000 -1.649690 0.000000 0.000000 1.000000 0.000000 1547123681963896036

-0.905467 0.424416 0.000000 455.960963 -0.424416 -0.905467 0.000000 -2.393008 0.000000 0.000000 1.000000 0.000000 1547123682216711044

-0.909769 0.415115 0.000000 454.255486 -0.415115 -0.909769 0.000000 -3.123858 0.000000 0.000000 1.000000 0.000000 1547123682469017028

-0.911393 0.411537 0.000000 452.544635 -0.411537 -0.911393 0.000000 -3.912802 0.000000 0.000000 1.000000 0.000000 1547123682721018075

-0.911827 0.410575 0.000000 450.719144 -0.410575 -0.911827 0.000000 -4.634395 0.000000 0.000000 1.000000 0.000000 1547123682972275018

-0.911404 0.411512 0.000000 448.903277 -0.411512 -0.911404 0.000000 -5.436598 0.000000 0.000000 1.000000 0.000000 1547123683222371101

-0.911151 0.412072 0.000000 447.115180 -0.412072 -0.911151 0.000000 -6.239369 0.000000 0.000000 1.000000 0.000000 1547123683471108913

-0.910181 0.414210 0.000000 445.190946 -0.414210 -0.910181 0.000000 -7.068878 0.000000 0.000000 1.000000 0.000000 1547123683720949888

-0.909044 0.416699 0.000000 443.318241 -0.416699 -0.909044 0.000000 -7.920335 0.000000 0.000000 1.000000 0.000000 1547123683972692012

-0.907258 0.420574 0.000000 441.352283 -0.420574 -0.907258 0.000000 -8.731741 0.000000 0.000000 1.000000 0.000000 1547123684223994016

-0.906173 0.422908 0.000000 439.445867 -0.422908 -0.906173 0.000000 -9.622680 0.000000 0.000000 1.000000 0.000000 1547123684475182056

-0.905929 0.423430 0.000000 437.578389 -0.423430 -0.905929 0.000000 -10.502093 0.000000 0.000000 1.000000 0.000000 1547123684726162910

-0.905480 0.424390 0.000000 435.664819 -0.424390 -0.905480 0.000000 -11.322603 0.000000 0.000000 1.000000 0.000000 1547123684976411104

-0.905167 0.425056 0.000000 433.777602 -0.425056 -0.905167 0.000000 -12.196950 0.000000 0.000000 1.000000 0.000000 1547123685226480960

-0.905267 0.424843 0.000000 431.930840 -0.424843 -0.905267 0.000000 -13.085074 0.000000 0.000000 1.000000 0.000000 1547123685476409912

-0.905904 0.423483 0.000000 430.019893 -0.423483 -0.905904 0.000000 -13.957806 0.000000 0.000000 1.000000 0.000000 1547123685726026058

-0.906867 0.421417 0.000000 428.160911 -0.421417 -0.906867 0.000000 -14.778410 0.000000 0.000000 1.000000 0.000000 1547123685975122928

-0.907019 0.421089 0.000000 426.306039 -0.421089 -0.907019 0.000000 -15.652449 0.000000 0.000000 1.000000 0.000000 1547123686224302053

-0.907201 0.420697 0.000000 424.482426 -0.420697 -0.907201 0.000000 -16.490296 0.000000 0.000000 1.000000 0.000000 1547123686473263025

-0.907250 0.420591 0.000000 422.657525 -0.420591 -0.907250 0.000000 -17.314916 0.000000 0.000000 1.000000 0.000000 1547123686721863031

-0.907007 0.421115 0.000000 420.861377 -0.421115 -0.907007 0.000000 -18.113561 0.000000 0.000000 1.000000 0.000000 1547123686969865083

-0.906379 0.422466 0.000000 419.055469 -0.422466 -0.906379 0.000000 -18.941067 0.000000 0.000000 1.000000 0.000000 1547123687218491077

-0.906632 0.421922 0.000000 417.244394 -0.421922 -0.906632 0.000000 -19.780158 0.000000 0.000000 1.000000 0.000000 1547123687468694925

-0.906566 0.422065 0.000000 415.425107 -0.422065 -0.906566 0.000000 -20.550854 0.000000 0.000000 1.000000 0.000000 1547123687718592882

-0.906571 0.422053 0.000000 413.712496 -0.422053 -0.906571 0.000000 -21.351097 0.000000 0.000000 1.000000 0.000000 1547123687968101978

-0.906991 0.421149 0.000000 411.971868 -0.421149 -0.906991 0.000000 -22.128278 0.000000 0.000000 1.000000 0.000000 1547123688217464923

-0.907682 0.419659 0.000000 410.306108 -0.419659 -0.907682 0.000000 -22.872421 0.000000 0.000000 1.000000 0.000000 1547123688466773986

-0.908161 0.418622 0.000000 408.624852 -0.418622 -0.908161 0.000000 -23.618351 0.000000 0.000000 1.000000 0.000000 1547123688716231107

-0.908473 0.417944 0.000000 407.042901 -0.417944 -0.908473 0.000000 -24.367997 0.000000 0.000000 1.000000 0.000000 1547123688966512918

-0.909301 0.416139 0.000000 405.497021 -0.416139 -0.909301 0.000000 -25.068348 0.000000 0.000000 1.000000 0.000000 1547123689218399047

-0.909266 0.416216 0.000000 404.032440 -0.416216 -0.909266 0.000000 -25.746206 0.000000 0.000000 1.000000 0.000000 1547123689470720052

-0.909809 0.415027 0.000000 402.623492 -0.415027 -0.909809 0.000000 -26.403784 0.000000 0.000000 1.000000 0.000000 1547123689721930980

-0.910845 0.412749 0.000000 399.936986 -0.412749 -0.910845 0.000000 -27.515078 0.000000 0.000000 1.000000 0.000000 1547123690222642898

-0.911907 0.410397 0.000000 397.508315 -0.410397 -0.911907 0.000000 -28.569601 0.000000 0.000000 1.000000 0.000000 1547123690722795963

-0.912338 0.409438 0.000000 395.358131 -0.409438 -0.912338 0.000000 -29.491176 0.000000 0.000000 1.000000 0.000000 1547123691221412897

-0.912876 0.408236 0.000000 393.440085 -0.408236 -0.912876 0.000000 -30.323305 0.000000 0.000000 1.000000 0.000000 1547123691718410015

-0.913089 0.407760 0.000000 391.716294 -0.407760 -0.913089 0.000000 -31.094439 0.000000 0.000000 1.000000 0.000000 1547123692214687108

-0.914614 0.404327 0.000000 390.199573 -0.404327 -0.914614 0.000000 -31.716462 0.000000 0.000000 1.000000 0.000000 1547123692715435981

-0.917270 0.398266 0.000000 388.219609 -0.398266 -0.917270 0.000000 -32.584264 0.000000 0.000000 1.000000 0.000000 1547123693464950084

-0.918887 0.394520 0.000000 386.614039 -0.394520 -0.918887 0.000000 -33.208354 0.000000 0.000000 1.000000 0.000000 1547123694220182895

-0.920982 0.389606 0.000000 384.912516 -0.389606 -0.920982 0.000000 -33.880675 0.000000 0.000000 1.000000 0.000000 1547123695222182035

-0.922818 0.385236 0.000000 383.481332 -0.385236 -0.922818 0.000000 -34.477663 0.000000 0.000000 1.000000 0.000000 1547123696716566085

-0.924796 0.380464 0.000000 381.829781 -0.380464 -0.924796 0.000000 -35.114388 0.000000 0.000000 1.000000 0.000000 1547123715472805023

-0.926390 0.376566 0.000000 379.811067 -0.376566 -0.926390 0.000000 -35.878462 0.000000 0.000000 1.000000 0.000000 1547123716468437910

-0.927160 0.374665 0.000000 378.387053 -0.374665 -0.927160 0.000000 -36.437592 0.000000 0.000000 1.000000 0.000000 1547123716967232942

-0.927428 0.374001 0.000000 376.706331 -0.374001 -0.927428 0.000000 -37.108380 0.000000 0.000000 1.000000 0.000000 1547123717465559005

-0.928117 0.372288 0.000000 374.671470 -0.372288 -0.928117 0.000000 -37.868526 0.000000 0.000000 1.000000 0.000000 1547123717967273950

