1.000000 -0.000173 0.000000 -3.277652 0.000173 1.000000 0.000000 1.902867 0.000000 0.000000 1.000000 0.000000 1547123578802910000

0.997305 -0.073367 0.000000 -1.534731 0.073367 0.997305 0.000000 1.992443 0.000000 0.000000 1.000000 0.000000 1547123608263822000

0.989703 -0.143134 0.000000 0.002768 0.143134 0.989703 0.000000 2.301474 0.000000 0.000000 1.000000 0.000000 1547123609010155000

0.980443 -0.196804 0.000000 2.185385 0.196804 0.980443 0.000000 2.578424 0.000000 0.000000 1.000000 0.000000 1547123609760283000

0.982079 -0.188470 0.000000 3.924189 0.188470 0.982079 0.000000 2.938071 0.000000 0.000000 1.000000 0.000000 1547123610262703000

0.985921 -0.167212 0.000000 5.989113 0.167212 0.985921 0.000000 3.311966 0.000000 0.000000 1.000000 0.000000 1547123610763380000

0.990569 -0.137014 0.000000 8.278163 0.137014 0.990569 0.000000 3.571505 0.000000 0.000000 1.000000 0.000000 1547123611263761000

0.994963 -0.100244 0.000000 10.813335 0.100244 0.994963 0.000000 3.797892 0.000000 0.000000 1.000000 0.000000 1547123611762864000

0.998272 -0.058755 0.000000 13.442040 0.058755 0.998272 0.000000 3.907417 0.000000 0.000000 1.000000 0.000000 1547123612259258000

0.999570 -0.029316 0.000000 16.090576 0.029316 0.999570 0.000000 3.925282 0.000000 0.000000 1.000000 0.000000 1547123612755436000

0.999826 -0.018641 0.000000 18.789155 0.018641 0.999826 0.000000 3.980850 0.000000 0.000000 1.000000 0.000000 1547123613254825000

0.999968 -0.008022 0.000000 21.511967 0.008022 0.999968 0.000000 3.995262 0.000000 0.000000 1.000000 0.000000 1547123613753205000

1.000000 0.000099 0.000000 24.287320 -0.000099 1.000000 -0.000000 3.953581 -0.000000 0.000000 1.000000 0.000000 1547123614251565000

0.999943 0.010650 0.000000 27.128927 -0.010650 0.999943 -0.000000 3.882628 -0.000000 0.000000 1.000000 0.000000 1547123614750097000

0.999888 0.014962 0.000000 30.079084 -0.014962 0.999888 -0.000000 3.820930 -0.000000 0.000000 1.000000 0.000000 1547123615252060000

0.999856 0.016966 0.000000 33.136402 -0.016966 0.999856 -0.000000 3.711511 -0.000000 0.000000 1.000000 0.000000 1547123615753592000

0.999863 0.016527 0.000000 34.735656 -0.016527 0.999863 -0.000000 3.700720 -0.000000 0.000000 1.000000 0.000000 1547123616004024000

0.999884 0.015229 0.000000 36.263472 -0.015229 0.999884 -0.000000 3.638499 -0.000000 0.000000 1.000000 0.000000 1547123616253848000

0.999884 0.015249 0.000000 37.939476 -0.015249 0.999884 -0.000000 3.586432 -0.000000 0.000000 1.000000 0.000000 1547123616503586000

0.999892 0.014708 0.000000 39.545801 -0.014708 0.999892 -0.000000 3.535563 -0.000000 0.000000 1.000000 0.000000 1547123616753154000

0.999911 0.013367 0.000000 41.237113 -0.013367 0.999911 -0.000000 3.476549 -0.000000 0.000000 1.000000 0.000000 1547123617002758000

0.999931 0.011732 0.000000 42.957485 -0.011732 0.999931 -0.000000 3.460930 -0.000000 0.000000 1.000000 0.000000 1547123617251606000

0.999949 0.010052 0.000000 44.667187 -0.010052 0.999949 -0.000000 3.422332 -0.000000 0.000000 1.000000 0.000000 1547123617500520000

0.999974 0.007237 0.000000 46.408230 -0.007237 0.999974 -0.000000 3.412936 -0.000000 0.000000 1.000000 0.000000 1547123617749452000

0.999987 0.005192 0.000000 48.136203 -0.005192 0.999987 -0.000000 3.373379 -0.000000 0.000000 1.000000 0.000000 1547123617997665000

0.999997 0.002366 0.000000 49.843699 -0.002366 0.999997 -0.000000 3.337850 -0.000000 0.000000 1.000000 0.000000 1547123618245507000

1.000000 0.000598 0.000000 51.562586 -0.000598 1.000000 -0.000000 3.325620 -0.000000 0.000000 1.000000 0.000000 1547123618494564000

0.999999 -0.001012 0.000000 53.313417 0.001012 0.999999 0.000000 3.327677 0.000000 0.000000 1.000000 0.000000 1547123618744601000

0.999998 -0.002227 0.000000 55.048572 0.002227 0.999998 0.000000 3.295623 0.000000 0.000000 1.000000 0.000000 1547123618994112000

0.999998 -0.002133 0.000000 56.798659 0.002133 0.999998 0.000000 3.243945 0.000000 0.000000 1.000000 0.000000 1547123619243535000

1.000000 -0.000154 0.000000 58.607190 0.000154 1.000000 0.000000 3.259900 0.000000 0.000000 1.000000 0.000000 1547123619492749000

0.999998 0.002096 0.000000 60.383867 -0.002096 0.999998 -0.000000 3.212445 -0.000000 0.000000 1.000000 0.000000 1547123619741945000

0.999993 0.003644 0.000000 62.159628 -0.003644 0.999993 -0.000000 3.160442 -0.000000 0.000000 1.000000 0.000000 1547123619991173000

0.999993 0.003714 0.000000 63.969358 -0.003714 0.999993 -0.000000 3.109518 -0.000000 0.000000 1.000000 0.000000 1547123620240636000

0.999994 0.003322 0.000000 65.812071 -0.003322 0.999994 -0.000000 3.127461 -0.000000 0.000000 1.000000 0.000000 1547123620491293000

0.999994 0.003548 0.000000 67.596570 -0.003548 0.999994 -0.000000 3.076099 -0.000000 0.000000 1.000000 0.000000 1547123620742923000

0.999991 0.004210 0.000000 69.430259 -0.004210 0.999991 -0.000000 3.000581 -0.000000 0.000000 1.000000 0.000000 1547123620993767000

0.999992 0.004105 0.000000 71.190931 -0.004105 0.999992 -0.000000 3.054983 -0.000000 0.000000 1.000000 0.000000 1547123621244364000

0.999997 0.002445 0.000000 73.020277 -0.002445 0.999997 -0.000000 2.949534 -0.000000 0.000000 1.000000 0.000000 1547123621494712000

0.999999 0.001097 0.000000 74.861455 -0.001097 0.999999 -0.000000 2.901199 -0.000000 0.000000 1.000000 0.000000 1547123621744473000

1.000000 0.000274 0.000000 76.692468 -0.000274 1.000000 -0.000000 2.920676 -0.000000 0.000000 1.000000 0.000000 1547123621994199000

1.000000 0.000115 0.000000 78.500793 -0.000115 1.000000 -0.000000 2.893729 -0.000000 0.000000 1.000000 0.000000 1547123622244071000

1.000000 0.000660 0.000000 80.333980 -0.000660 1.000000 -0.000000 2.860882 -0.000000 0.000000 1.000000 0.000000 1547123622493464000

0.999998 0.002047 0.000000 82.111876 -0.002047 0.999998 -0.000000 2.832205 -0.000000 0.000000 1.000000 0.000000 1547123622742124000

0.999986 0.005253 0.000000 83.854796 -0.005253 0.999986 -0.000000 2.756726 -0.000000 0.000000 1.000000 0.000000 1547123622990367000

0.999978 0.006593 0.000000 85.635771 -0.006593 0.999978 -0.000000 2.732571 -0.000000 0.000000 1.000000 0.000000 1547123623238869000

0.999982 0.005981 0.000000 87.322071 -0.005981 0.999982 -0.000000 2.706812 -0.000000 0.000000 1.000000 0.000000 1547123623487014000

0.999989 0.004774 0.000000 89.096723 -0.004774 0.999989 -0.000000 2.645541 -0.000000 0.000000 1.000000 0.000000 1547123623735089000

0.999995 0.003294 0.000000 90.790577 -0.003294 0.999995 -0.000000 2.662574 -0.000000 0.000000 1.000000 0.000000 1547123623985249000

0.999997 -0.002582 0.000000 92.572625 0.002582 0.999997 0.000000 2.649887 0.000000 0.000000 1.000000 0.000000 1547123624237071000

0.999975 -0.007059 0.000000 94.233933 0.007059 0.999975 0.000000 2.675754 0.000000 0.000000 1.000000 0.000000 1547123624487901000

0.999920 -0.012634 0.000000 95.920887 0.012634 0.999920 0.000000 2.625807 0.000000 0.000000 1.000000 0.000000 1547123624738420000

0.999812 -0.019414 0.000000 97.626086 0.019414 0.999812 0.000000 2.633422 0.000000 0.000000 1.000000 0.000000 1547123624989376000

0.999643 -0.026733 0.000000 99.259728 0.026733 0.999643 0.000000 2.640152 0.000000 0.000000 1.000000 0.000000 1547123625241471000

0.999485 -0.032084 0.000000 100.941866 0.032084 0.999485 0.000000 2.657997 0.000000 0.000000 1.000000 0.000000 1547123625494384000

0.999326 -0.036700 0.000000 102.537983 0.036700 0.999326 0.000000 2.677296 0.000000 0.000000 1.000000 0.000000 1547123625746524000

0.999099 -0.042436 0.000000 104.190626 0.042436 0.999099 0.000000 2.768414 0.000000 0.000000 1.000000 0.000000 1547123625998063000

0.998929 -0.046261 0.000000 105.816091 0.046261 0.998929 0.000000 2.811668 0.000000 0.000000 1.000000 0.000000 1547123626247714000

0.998717 -0.050631 0.000000 107.384531 0.050631 0.998717 0.000000 2.836333 0.000000 0.000000 1.000000 0.000000 1547123626495512000

0.998266 -0.058858 0.000000 110.487549 0.058858 0.998266 0.000000 2.928447 0.000000 0.000000 1.000000 0.000000 1547123626989654000

0.998095 -0.061695 0.000000 112.033066 0.061695 0.998095 0.000000 2.999325 0.000000 0.000000 1.000000 0.000000 1547123627236411000

0.997531 -0.070231 0.000000 114.984662 0.070231 0.997531 0.000000 3.170994 0.000000 0.000000 1.000000 0.000000 1547123627733036000

0.997524 -0.070323 0.000000 117.888023 0.070323 0.997524 0.000000 3.319354 0.000000 0.000000 1.000000 0.000000 1547123628234755000

0.998163 -0.060585 0.000000 120.893782 0.060585 0.998163 0.000000 3.481426 0.000000 0.000000 1.000000 0.000000 1547123628737943000

0.998463 -0.055428 0.000000 122.437421 0.055428 0.998463 0.000000 3.480071 0.000000 0.000000 1.000000 0.000000 1547123628990668000

0.999127 -0.041777 0.000000 125.226881 0.041777 0.999127 0.000000 3.657471 0.000000 0.000000 1.000000 0.000000 1547123629492441000

0.999666 -0.025844 0.000000 128.079439 0.025844 0.999666 0.000000 3.684368 0.000000 0.000000 1.000000 0.000000 1547123629992574000

0.999914 -0.013127 0.000000 131.031900 0.013127 0.999914 0.000000 3.703789 0.000000 0.000000 1.000000 0.000000 1547123630495774000

0.999962 -0.008756 0.000000 133.984108 0.008756 0.999962 0.000000 3.683837 0.000000 0.000000 1.000000 0.000000 1547123630997689000

0.999958 -0.009157 0.000000 136.952344 0.009157 0.999958 0.000000 3.668531 0.000000 0.000000 1.000000 0.000000 1547123631497919000

0.999945 -0.010472 0.000000 139.936415 0.010472 0.999945 0.000000 3.602979 0.000000 0.000000 1.000000 0.000000 1547123631997279000

0.999924 -0.012318 0.000000 141.479252 0.012318 0.999924 0.000000 3.595066 0.000000 0.000000 1.000000 0.000000 1547123632246556000

0.999918 -0.012776 0.000000 142.983426 0.012776 0.999918 0.000000 3.623279 0.000000 0.000000 1.000000 0.000000 1547123632495250000

0.999870 -0.016143 0.000000 145.714115 0.016143 0.999870 0.000000 3.566281 0.000000 0.000000 1.000000 0.000000 1547123632991673000

0.999812 -0.019398 0.000000 148.580209 0.019398 0.999812 0.000000 3.651927 0.000000 0.000000 1.000000 0.000000 1547123633488286000

0.999790 -0.020508 0.000000 151.387256 0.020508 0.999790 0.000000 3.679369 0.000000 0.000000 1.000000 0.000000 1547123633990247000

0.999807 -0.019643 0.000000 154.234867 0.019643 0.999807 0.000000 3.724195 0.000000 0.000000 1.000000 0.000000 1547123634492230000

0.999790 -0.020501 0.000000 157.234498 0.020501 0.999790 0.000000 3.765253 0.000000 0.000000 1.000000 0.000000 1547123634997520000

0.999773 -0.021327 0.000000 160.247819 0.021327 0.999773 0.000000 3.798088 0.000000 0.000000 1.000000 0.000000 1547123635501763000

0.999733 -0.023094 0.000000 161.860483 0.023094 0.999733 0.000000 3.816625 0.000000 0.000000 1.000000 0.000000 1547123635751425000

0.999698 -0.024587 0.000000 163.429026 0.024587 0.999698 0.000000 3.802569 0.000000 0.000000 1.000000 0.000000 1547123635998898000

0.999647 -0.026578 0.000000 165.026023 0.026578 0.999647 0.000000 3.829026 0.000000 0.000000 1.000000 0.000000 1547123636245284000

0.999608 -0.028001 0.000000 166.644595 0.028001 0.999608 0.000000 3.892661 0.000000 0.000000 1.000000 0.000000 1547123636492660000

0.999548 -0.030063 0.000000 168.205615 0.030063 0.999548 0.000000 3.915734 0.000000 0.000000 1.000000 0.000000 1547123636740624000

0.999493 -0.031854 0.000000 169.894560 0.031854 0.999493 0.000000 3.895099 0.000000 0.000000 1.000000 0.000000 1547123636989665000

0.999464 -0.032744 0.000000 171.604066 0.032744 0.999464 0.000000 3.928385 0.000000 0.000000 1.000000 0.000000 1547123637239639000

0.999426 -0.033892 0.000000 173.335726 0.033892 0.999426 0.000000 3.989313 0.000000 0.000000 1.000000 0.000000 1547123637490035000

0.999376 -0.035327 0.000000 175.061084 0.035327 0.999376 0.000000 4.019512 0.000000 0.000000 1.000000 0.000000 1547123637740123000

0.999309 -0.037168 0.000000 176.827209 0.037168 0.999309 0.000000 4.103878 0.000000 0.000000 1.000000 0.000000 1547123637989589000

0.999252 -0.038682 0.000000 178.637425 0.038682 0.999252 0.000000 4.155985 0.000000 0.000000 1.000000 0.000000 1547123638239098000

0.999199 -0.040023 0.000000 180.405298 0.040023 0.999199 0.000000 4.191469 0.000000 0.000000 1.000000 0.000000 1547123638489764000

0.999107 -0.042252 0.000000 182.263846 0.042252 0.999107 0.000000 4.232847 0.000000 0.000000 1.000000 0.000000 1547123638740823000

0.999150 -0.041233 0.000000 184.102544 0.041233 0.999150 0.000000 4.297765 0.000000 0.000000 1.000000 0.000000 1547123638991892000

0.999128 -0.041761 0.000000 185.897915 0.041761 0.999128 0.000000 4.343995 0.000000 0.000000 1.000000 0.000000 1547123639243005000

0.999070 -0.043115 0.000000 187.618904 0.043115 0.999070 0.000000 4.417545 0.000000 0.000000 1.000000 0.000000 1547123639493309000

0.999032 -0.043980 0.000000 189.434311 0.043980 0.999032 0.000000 4.453976 0.000000 0.000000 1.000000 0.000000 1547123639743639000

0.999005 -0.044590 0.000000 191.220911 0.044590 0.999005 0.000000 4.484561 0.000000 0.000000 1.000000 0.000000 1547123639995903000

0.998957 -0.045656 0.000000 193.008935 0.045656 0.998957 0.000000 4.560086 0.000000 0.000000 1.000000 0.000000 1547123640249167000

0.998917 -0.046521 0.000000 194.748542 0.046521 0.998917 0.000000 4.642161 0.000000 0.000000 1.000000 0.000000 1547123640502090000

0.998849 -0.047966 0.000000 196.427061 0.047966 0.998849 0.000000 4.733013 0.000000 0.000000 1.000000 0.000000 1547123640753719000

0.998815 -0.048661 0.000000 198.036370 0.048661 0.998815 0.000000 4.803062 0.000000 0.000000 1.000000 0.000000 1547123641003079000

0.998767 -0.049643 0.000000 199.550986 0.049643 0.998767 0.000000 4.871654 0.000000 0.000000 1.000000 0.000000 1547123641250824000

0.998682 -0.051323 0.000000 201.090528 0.051323 0.998682 0.000000 4.941291 0.000000 0.000000 1.000000 0.000000 1547123641498296000

0.998551 -0.053821 0.000000 204.135375 0.053821 0.998551 0.000000 5.114089 0.000000 0.000000 1.000000 0.000000 1547123641993452000

0.998500 -0.054752 0.000000 205.682826 0.054752 0.998500 0.000000 5.207398 0.000000 0.000000 1.000000 0.000000 1547123642242122000

0.998480 -0.055118 0.000000 207.185457 0.055118 0.998480 0.000000 5.273039 0.000000 0.000000 1.000000 0.000000 1547123642492454000

0.998560 -0.053652 0.000000 208.761895 0.053652 0.998560 0.000000 5.321398 0.000000 0.000000 1.000000 0.000000 1547123642742964000

0.998756 -0.049865 0.000000 210.351049 0.049865 0.998756 0.000000 5.371226 0.000000 0.000000 1.000000 0.000000 1547123642992573000

0.999026 -0.044121 0.000000 211.882147 0.044121 0.999026 0.000000 5.398030 0.000000 0.000000 1.000000 0.000000 1547123643241956000

0.999319 -0.036909 0.000000 213.510950 0.036909 0.999319 0.000000 5.436144 0.000000 0.000000 1.000000 0.000000 1547123643491972000

0.999519 -0.031010 0.000000 215.114933 0.031010 0.999519 0.000000 5.459541 0.000000 0.000000 1.000000 0.000000 1547123643743244000

0.999697 -0.024614 0.000000 216.833887 0.024614 0.999697 0.000000 5.457258 0.000000 0.000000 1.000000 0.000000 1547123643995121000

0.999812 -0.019394 0.000000 218.527625 0.019394 0.999812 0.000000 5.450783 0.000000 0.000000 1.000000 0.000000 1547123644246118000

0.999790 -0.020494 0.000000 220.215515 0.020494 0.999790 0.000000 5.443070 0.000000 0.000000 1.000000 0.000000 1547123644496362000

0.999600 -0.028282 0.000000 221.909292 0.028282 0.999600 0.000000 5.417537 0.000000 0.000000 1.000000 0.000000 1547123644747338000

0.999056 -0.043445 0.000000 223.674888 0.043445 0.999056 0.000000 5.497701 0.000000 0.000000 1.000000 0.000000 1547123644999556000

0.998041 -0.062557 0.000000 225.465602 0.062557 0.998041 0.000000 5.604741 0.000000 0.000000 1.000000 0.000000 1547123645252103000

0.996918 -0.078455 0.000000 227.201291 0.078455 0.996918 0.000000 5.740671 0.000000 0.000000 1.000000 0.000000 1547123645504412000

0.995145 -0.098417 0.000000 228.929314 0.098417 0.995145 0.000000 5.894085 0.000000 0.000000 1.000000 0.000000 1547123645755362000

0.993574 -0.113186 0.000000 230.706025 0.113186 0.993574 0.000000 6.099855 0.000000 0.000000 1.000000 0.000000 1547123646004205000

0.992660 -0.120936 0.000000 232.419234 0.120936 0.992660 0.000000 6.360576 0.000000 0.000000 1.000000 0.000000 1547123646253110000

0.992209 -0.124582 0.000000 234.280424 0.124582 0.992209 0.000000 6.551572 0.000000 0.000000 1.000000 0.000000 1547123646502010000

0.991487 -0.130203 0.000000 236.055207 0.130203 0.991487 0.000000 6.770813 0.000000 0.000000 1.000000 0.000000 1547123646750657000

0.990628 -0.136589 0.000000 237.885507 0.136589 0.990628 0.000000 7.027620 0.000000 0.000000 1.000000 0.000000 1547123646999222000

0.990060 -0.140645 0.000000 239.741082 0.140645 0.990060 0.000000 7.310126 0.000000 0.000000 1.000000 0.000000 1547123647247247000

0.989633 -0.143622 0.000000 241.665126 0.143622 0.989633 0.000000 7.535703 0.000000 0.000000 1.000000 0.000000 1547123647494853000

0.989087 -0.147331 0.000000 243.593411 0.147331 0.989087 0.000000 7.833624 0.000000 0.000000 1.000000 0.000000 1547123647742767000

0.988765 -0.149476 0.000000 245.488914 0.149476 0.988765 0.000000 8.111370 0.000000 0.000000 1.000000 0.000000 1547123647992275000

0.989154 -0.146885 0.000000 247.505716 0.146885 0.989154 0.000000 8.415509 0.000000 0.000000 1.000000 0.000000 1547123648243765000

0.989417 -0.145101 0.000000 249.503392 0.145101 0.989417 0.000000 8.673135 0.000000 0.000000 1.000000 0.000000 1547123648496315000

0.989625 -0.143672 0.000000 251.539226 0.143672 0.989625 0.000000 8.957250 0.000000 0.000000 1.000000 0.000000 1547123648748805000

0.989970 -0.141277 0.000000 253.532137 0.141277 0.989970 0.000000 9.244092 0.000000 0.000000 1.000000 0.000000 1547123649001061000

0.989913 -0.141680 0.000000 255.524113 0.141680 0.989913 0.000000 9.503764 0.000000 0.000000 1.000000 0.000000 1547123649252022000

0.989566 -0.144079 0.000000 257.573826 0.144079 0.989566 0.000000 9.720298 0.000000 0.000000 1.000000 0.000000 1547123649502465000

0.989871 -0.141971 0.000000 259.590799 0.141971 0.989871 0.000000 10.015815 0.000000 0.000000 1.000000 0.000000 1547123649753916000

0.990226 -0.139472 0.000000 261.669927 0.139472 0.990226 0.000000 10.285485 0.000000 0.000000 1.000000 0.000000 1547123650004956000

0.990343 -0.138641 0.000000 263.684838 0.138641 0.990343 0.000000 10.567181 0.000000 0.000000 1.000000 0.000000 1547123650256032000

0.990508 -0.137457 0.000000 265.617208 0.137457 0.990508 0.000000 10.820022 0.000000 0.000000 1.000000 0.000000 1547123650507450000

0.990701 -0.136059 0.000000 267.577374 0.136059 0.990701 0.000000 11.141888 0.000000 0.000000 1.000000 0.000000 1547123650757834000

0.990876 -0.134777 0.000000 269.533689 0.134777 0.990876 0.000000 11.390762 0.000000 0.000000 1.000000 0.000000 1547123651008218000

0.990936 -0.134334 0.000000 271.522370 0.134334 0.990936 0.000000 11.641794 0.000000 0.000000 1.000000 0.000000 1547123651258572000

0.990831 -0.135111 0.000000 273.483948 0.135111 0.990831 0.000000 11.878806 0.000000 0.000000 1.000000 0.000000 1547123651508457000

0.990539 -0.137232 0.000000 275.419781 0.137232 0.990539 0.000000 12.088359 0.000000 0.000000 1.000000 0.000000 1547123651757522000

0.990410 -0.138160 0.000000 277.297570 0.138160 0.990410 0.000000 12.325418 0.000000 0.000000 1.000000 0.000000 1547123652006381000

0.990336 -0.138688 0.000000 279.288744 0.138688 0.990336 0.000000 12.550386 0.000000 0.000000 1.000000 0.000000 1547123652255162000

0.990331 -0.138727 0.000000 281.280871 0.138727 0.990331 0.000000 12.840067 0.000000 0.000000 1.000000 0.000000 1547123652503763000

0.990493 -0.137562 0.000000 283.242532 0.137562 0.990493 0.000000 13.087059 0.000000 0.000000 1.000000 0.000000 1547123652752088000

0.990656 -0.136382 0.000000 285.301630 0.136382 0.990656 0.000000 13.306219 0.000000 0.000000 1.000000 0.000000 1547123653001176000

0.990503 -0.137488 0.000000 287.323509 0.137488 0.990503 0.000000 13.605528 0.000000 0.000000 1.000000 0.000000 1547123653250479000

0.990700 -0.136063 0.000000 289.362103 0.136063 0.990700 0.000000 13.859892 0.000000 0.000000 1.000000 0.000000 1547123653499499000

0.990774 -0.135528 0.000000 291.394922 0.135528 0.990774 0.000000 14.053351 0.000000 0.000000 1.000000 0.000000 1547123653748830000

0.990848 -0.134984 0.000000 293.468719 0.134984 0.990848 0.000000 14.317328 0.000000 0.000000 1.000000 0.000000 1547123653998063000

0.990948 -0.134244 0.000000 295.570084 0.134244 0.990948 0.000000 14.587899 0.000000 0.000000 1.000000 0.000000 1547123654247402000

0.991377 -0.131037 0.000000 297.710015 0.131037 0.991377 0.000000 14.805575 0.000000 0.000000 1.000000 0.000000 1547123654497800000

0.991588 -0.129433 0.000000 299.836273 0.129433 0.991588 0.000000 15.088480 0.000000 0.000000 1.000000 0.000000 1547123654749027000

0.991908 -0.126956 0.000000 301.911460 0.126956 0.991908 0.000000 15.323999 0.000000 0.000000 1.000000 0.000000 1547123654999907000

0.992290 -0.123939 0.000000 304.134233 0.123939 0.992290 0.000000 15.525607 0.000000 0.000000 1.000000 0.000000 1547123655250761000

0.992771 -0.120026 0.000000 306.362863 0.120026 0.992771 0.000000 15.776391 0.000000 0.000000 1.000000 0.000000 1547123655501287000

0.993248 -0.116012 0.000000 308.492472 0.116012 0.993248 0.000000 16.031760 0.000000 0.000000 1.000000 0.000000 1547123655751571000

0.993544 -0.113452 0.000000 310.677338 0.113452 0.993544 0.000000 16.274425 0.000000 0.000000 1.000000 0.000000 1547123656001281000

0.993924 -0.110070 0.000000 312.841383 0.110070 0.993924 0.000000 16.473964 0.000000 0.000000 1.000000 0.000000 1547123656250890000

0.994235 -0.107227 0.000000 314.969927 0.107227 0.994235 0.000000 16.690013 0.000000 0.000000 1.000000 0.000000 1547123656500277000

0.994570 -0.104066 0.000000 317.150311 0.104066 0.994570 0.000000 16.881488 0.000000 0.000000 1.000000 0.000000 1547123656749099000

0.994806 -0.101791 0.000000 319.381820 0.101791 0.994806 0.000000 17.034473 0.000000 0.000000 1.000000 0.000000 1547123656997620000

0.994959 -0.100287 0.000000 321.564990 0.100287 0.994959 0.000000 17.237493 0.000000 0.000000 1.000000 0.000000 1547123657245821000

0.995105 -0.098826 0.000000 323.681013 0.098826 0.995105 0.000000 17.417377 0.000000 0.000000 1.000000 0.000000 1547123657493719000

0.995326 -0.096574 0.000000 325.842808 0.096574 0.995326 0.000000 17.607042 0.000000 0.000000 1.000000 0.000000 1547123657741687000

0.995440 -0.095393 0.000000 328.153284 0.095393 0.995440 0.000000 17.767016 0.000000 0.000000 1.000000 0.000000 1547123657990861000

0.995657 -0.093101 0.000000 330.303552 0.093101 0.995657 0.000000 17.952003 0.000000 0.000000 1.000000 0.000000 1547123658240457000

0.995718 -0.092446 0.000000 332.479527 0.092446 0.995718 0.000000 18.126868 0.000000 0.000000 1.000000 0.000000 1547123658489500000

0.995888 -0.090589 0.000000 334.719338 0.090589 0.995888 0.000000 18.287474 0.000000 0.000000 1.000000 0.000000 1547123658738814000

0.995866 -0.090832 0.000000 336.844976 0.090832 0.995866 0.000000 18.446617 0.000000 0.000000 1.000000 0.000000 1547123658988384000

0.995843 -0.091083 0.000000 339.132568 0.091083 0.995843 0.000000 18.631036 0.000000 0.000000 1.000000 0.000000 1547123659237924000

0.995729 -0.092321 0.000000 341.288350 0.092321 0.995729 0.000000 18.781818 0.000000 0.000000 1.000000 0.000000 1547123659486939000

0.995597 -0.093736 0.000000 343.475993 0.093736 0.995597 0.000000 18.945425 0.000000 0.000000 1.000000 0.000000 1547123659736541000

0.995685 -0.092794 0.000000 345.739239 0.092794 0.995685 0.000000 19.081260 0.000000 0.000000 1.000000 0.000000 1547123659987608000

0.995868 -0.090814 0.000000 347.940216 0.090814 0.995868 0.000000 19.292619 0.000000 0.000000 1.000000 0.000000 1547123660238914000

0.996230 -0.086747 0.000000 350.221231 0.086747 0.996230 0.000000 19.484813 0.000000 0.000000 1.000000 0.000000 1547123660489814000

0.996776 -0.080237 0.000000 352.348515 0.080237 0.996776 0.000000 19.588395 0.000000 0.000000 1.000000 0.000000 1547123660740286000

0.997583 -0.069482 0.000000 354.486347 0.069482 0.997583 0.000000 19.684641 0.000000 0.000000 1.000000 0.000000 1547123660990880000

0.998411 -0.056356 0.000000 356.677191 0.056356 0.998411 0.000000 19.831199 0.000000 0.000000 1.000000 0.000000 1547123661240601000

0.999208 -0.039799 0.000000 358.927787 0.039799 0.999208 0.000000 19.878869 0.000000 0.000000 1.000000 0.000000 1547123661490268000

0.999748 -0.022445 0.000000 361.104226 0.022445 0.999748 0.000000 19.910453 0.000000 0.000000 1.000000 0.000000 1547123661740035000

0.999996 -0.002842 0.000000 363.302956 0.002842 0.999996 0.000000 19.880633 0.000000 0.000000 1.000000 0.000000 1547123661989337000

0.999895 0.014465 0.000000 365.580085 -0.014465 0.999895 -0.000000 19.822709 -0.000000 0.000000 1.000000 0.000000 1547123662238173000

0.999524 0.030851 0.000000 367.740392 -0.030851 0.999524 -0.000000 19.689399 -0.000000 0.000000 1.000000 0.000000 1547123662486666000

0.998972 0.045338 0.000000 369.949684 -0.045338 0.998972 -0.000000 19.575125 -0.000000 0.000000 1.000000 0.000000 1547123662735023000

0.998384 0.056835 0.000000 372.168697 -0.056835 0.998384 -0.000000 19.435584 -0.000000 0.000000 1.000000 0.000000 1547123662983275000

0.997950 0.064000 0.000000 374.298855 -0.064000 0.997950 -0.000000 19.216865 -0.000000 0.000000 1.000000 0.000000 1547123663231496000

0.997731 0.067326 0.000000 376.547494 -0.067326 0.997731 -0.000000 19.079313 -0.000000 0.000000 1.000000 0.000000 1547123663480621000

0.997892 0.064897 0.000000 378.736445 -0.064897 0.997892 -0.000000 18.906319 -0.000000 0.000000 1.000000 0.000000 1547123663730180000

0.998311 0.058101 0.000000 380.993011 -0.058101 0.998311 -0.000000 18.761642 -0.000000 0.000000 1.000000 0.000000 1547123663979474000

0.998639 0.052153 0.000000 383.100614 -0.052153 0.998639 -0.000000 18.589383 -0.000000 0.000000 1.000000 0.000000 1547123664228619000

0.999031 0.044009 0.000000 385.366162 -0.044009 0.999031 -0.000000 18.469331 -0.000000 0.000000 1.000000 0.000000 1547123664478034000

0.999416 0.034181 0.000000 387.569344 -0.034181 0.999416 -0.000000 18.419951 -0.000000 0.000000 1.000000 0.000000 1547123664728560000

0.999672 0.025599 0.000000 389.790925 -0.025599 0.999672 -0.000000 18.313735 -0.000000 0.000000 1.000000 0.000000 1547123664979830000

0.999871 0.016040 0.000000 392.018297 -0.016040 0.999871 -0.000000 18.239381 -0.000000 0.000000 1.000000 0.000000 1547123665230950000

0.999956 0.009334 0.000000 394.205962 -0.009334 0.999956 -0.000000 18.200260 -0.000000 0.000000 1.000000 0.000000 1547123665481508000

0.999998 0.001747 0.000000 396.498317 -0.001747 0.999998 -0.000000 18.207854 -0.000000 0.000000 1.000000 0.000000 1547123665731784000

0.999992 -0.004123 0.000000 398.685514 0.004123 0.999992 0.000000 18.183538 0.000000 0.000000 1.000000 0.000000 1547123665981821000

0.999954 -0.009550 0.000000 400.938060 0.009550 0.999954 0.000000 18.148465 0.000000 0.000000 1.000000 0.000000 1547123666231539000

0.999915 -0.013034 0.000000 403.160801 0.013034 0.999915 0.000000 18.156759 0.000000 0.000000 1.000000 0.000000 1547123666480895000

0.999836 -0.018099 0.000000 405.418866 0.018099 0.999836 0.000000 18.172504 0.000000 0.000000 1.000000 0.000000 1547123666729862000

0.999774 -0.021273 0.000000 407.638014 0.021273 0.999774 0.000000 18.199346 0.000000 0.000000 1.000000 0.000000 1547123666978378000

0.999704 -0.024330 0.000000 409.910163 0.024330 0.999704 0.000000 18.237335 0.000000 0.000000 1.000000 0.000000 1547123667226730000

0.999637 -0.026959 0.000000 412.167862 0.026959 0.999637 0.000000 18.310661 0.000000 0.000000 1.000000 0.000000 1547123667475310000

0.999558 -0.029745 0.000000 414.400662 0.029745 0.999558 0.000000 18.287054 0.000000 0.000000 1.000000 0.000000 1547123667723470000

0.999490 -0.031935 0.000000 416.636455 0.031935 0.999490 0.000000 18.310850 0.000000 0.000000 1.000000 0.000000 1547123667971410000

0.999423 -0.033966 0.000000 418.904351 0.033966 0.999423 0.000000 18.389230 0.000000 0.000000 1.000000 0.000000 1547123668220758000

0.999350 -0.036049 0.000000 421.214437 0.036049 0.999350 0.000000 18.439762 0.000000 0.000000 1.000000 0.000000 1547123668470712000

0.999284 -0.037824 0.000000 423.460372 0.037824 0.999284 0.000000 18.499699 0.000000 0.000000 1.000000 0.000000 1547123668719685000

0.999182 -0.040430 0.000000 425.757887 0.040430 0.999182 0.000000 18.577124 0.000000 0.000000 1.000000 0.000000 1547123668968184000

0.999102 -0.042374 0.000000 427.915397 0.042374 0.999102 0.000000 18.630630 0.000000 0.000000 1.000000 0.000000 1547123669217097000

0.998962 -0.045543 0.000000 430.194281 0.045543 0.998962 0.000000 18.644443 0.000000 0.000000 1.000000 0.000000 1547123669466365000

0.998946 -0.045907 0.000000 432.351980 0.045907 0.998946 0.000000 18.744112 0.000000 0.000000 1.000000 0.000000 1547123669716212000

0.998878 -0.047353 0.000000 434.503502 0.047353 0.998878 0.000000 18.820097 0.000000 0.000000 1.000000 0.000000 1547123669967504000

0.998828 -0.048403 0.000000 436.633032 0.048403 0.998828 0.000000 18.909907 0.000000 0.000000 1.000000 0.000000 1547123670219047000

0.998818 -0.048616 0.000000 438.638356 0.048616 0.998818 0.000000 18.958075 0.000000 0.000000 1.000000 0.000000 1547123670469897000

0.998720 -0.050583 0.000000 440.680366 0.050583 0.998720 0.000000 19.022104 0.000000 0.000000 1.000000 0.000000 1547123670720576000

0.998631 -0.052316 0.000000 442.653685 0.052316 0.998631 0.000000 19.113227 0.000000 0.000000 1.000000 0.000000 1547123670971461000

0.998538 -0.054058 0.000000 444.581573 0.054058 0.998538 0.000000 19.194486 0.000000 0.000000 1.000000 0.000000 1547123671221407000

0.998508 -0.054615 0.000000 446.414208 0.054615 0.998508 0.000000 19.255107 0.000000 0.000000 1.000000 0.000000 1547123671470864000

0.998494 -0.054863 0.000000 448.276645 0.054863 0.998494 0.000000 19.350841 0.000000 0.000000 1.000000 0.000000 1547123671720480000

0.998562 -0.053603 0.000000 450.075656 0.053603 0.998562 0.000000 19.366232 0.000000 0.000000 1.000000 0.000000 1547123671969805000

0.998695 -0.051080 0.000000 451.799968 0.051080 0.998695 0.000000 19.413104 0.000000 0.000000 1.000000 0.000000 1547123672218811000

0.998807 -0.048837 0.000000 453.425786 0.048837 0.998807 0.000000 19.483499 0.000000 0.000000 1.000000 0.000000 1547123672467878000

0.998971 -0.045355 0.000000 454.993363 0.045355 0.998971 0.000000 19.529090 0.000000 0.000000 1.000000 0.000000 1547123672716753000

0.999657 -0.026177 0.000000 457.852277 0.026177 0.999657 0.000000 19.557854 0.000000 0.000000 1.000000 0.000000 1547123673212647000

0.999920 0.012662 0.000000 460.443415 -0.012662 0.999920 -0.000000 19.514323 -0.000000 0.000000 1.000000 0.000000 1547123673712012000

0.997456 0.071285 0.000000 462.750270 -0.071285 0.997456 -0.000000 19.303064 -0.000000 0.000000 1.000000 0.000000 1547123674211875000

0.987583 0.157099 0.000000 464.813747 -0.157099 0.987583 -0.000000 18.944267 -0.000000 0.000000 1.000000 0.000000 1547123674712235000

0.966507 0.256640 0.000000 466.774984 -0.256640 0.966507 -0.000000 18.416285 -0.000000 0.000000 1.000000 0.000000 1547123675216253000

0.925712 0.378230 0.000000 468.416307 -0.378230 0.925712 -0.000000 17.708196 -0.000000 0.000000 1.000000 0.000000 1547123675719120000

0.851072 0.525049 0.000000 469.974466 -0.525049 0.851072 -0.000000 16.742538 -0.000000 0.000000 1.000000 0.000000 1547123676219842000

0.794959 0.606663 0.000000 470.583935 -0.606663 0.794959 -0.000000 16.135775 -0.000000 0.000000 1.000000 0.000000 1547123676470603000

0.725618 0.688097 0.000000 471.206060 -0.688097 0.725618 -0.000000 15.420764 -0.000000 0.000000 1.000000 0.000000 1547123676720726000

0.639523 0.768772 0.000000 471.713495 -0.768772 0.639523 -0.000000 14.739893 -0.000000 0.000000 1.000000 0.000000 1547123676970042000

0.539865 0.841752 0.000000 472.126945 -0.841752 0.539865 -0.000000 13.855479 -0.000000 0.000000 1.000000 0.000000 1547123677219059000

0.427081 0.904213 0.000000 472.384876 -0.904213 0.427081 -0.000000 13.080553 -0.000000 0.000000 1.000000 0.000000 1547123677467292000

0.300735 0.953708 0.000000 472.578535 -0.953708 0.300735 -0.000000 12.200684 -0.000000 0.000000 1.000000 0.000000 1547123677716337000

0.164031 0.986455 0.000000 472.642143 -0.986455 0.164031 -0.000000 11.217892 -0.000000 0.000000 1.000000 0.000000 1547123677966895000

0.020077 0.999798 0.000000 472.674521 -0.999798 0.020077 -0.000000 10.269518 -0.000000 0.000000 1.000000 0.000000 1547123678217418000

-0.126455 0.991972 0.000000 472.393941 -0.991972 -0.126455 -0.000000 9.315749 -0.000000 0.000000 1.000000 0.000000 1547123678468116000

-0.269231 0.963076 0.000000 472.021116 -0.963076 -0.269231 -0.000000 8.320118 -0.000000 0.000000 1.000000 0.000000 1547123678718269000

-0.403738 0.914875 0.000000 471.539085 -0.914875 -0.403738 -0.000000 7.360951 -0.000000 0.000000 1.000000 0.000000 1547123678969944000

-0.525884 0.850556 0.000000 470.823711 -0.850556 -0.525884 0.000000 6.442509 0.000000 0.000000 1.000000 0.000000 1547123679222923000

-0.628955 0.777442 0.000000 470.075785 -0.777442 -0.628955 0.000000 5.509785 0.000000 0.000000 1.000000 0.000000 1547123679475037000

-0.709667 0.704537 0.000000 469.197148 -0.704537 -0.709667 0.000000 4.670822 0.000000 0.000000 1.000000 0.000000 1547123679726730000

-0.807949 0.589253 0.000000 467.058009 -0.589253 -0.807949 0.000000 3.188566 0.000000 0.000000 1.000000 0.000000 1547123680225719000

-0.852113 0.523358 0.000000 464.645387 -0.523358 -0.852113 0.000000 1.857373 0.000000 0.000000 1.000000 0.000000 1547123680720756000

-0.874734 0.484603 0.000000 461.960079 -0.484603 -0.874734 0.000000 0.600332 0.000000 0.000000 1.000000 0.000000 1547123681214904000

-0.885287 0.465045 0.000000 460.566383 -0.465045 -0.885287 0.000000 -0.137847 0.000000 0.000000 1.000000 0.000000 1547123681463002000

-0.893318 0.449424 0.000000 459.022492 -0.449424 -0.893318 0.000000 -0.845942 0.000000 0.000000 1.000000 0.000000 1547123681712201000

-0.899766 0.436373 0.000000 457.471096 -0.436373 -0.899766 0.000000 -1.514182 0.000000 0.000000 1.000000 0.000000 1547123681963896000

-0.904935 0.425551 0.000000 455.790919 -0.425551 -0.904935 0.000000 -2.259609 0.000000 0.000000 1.000000 0.000000 1547123682216711000

-0.909249 0.416253 0.000000 454.086355 -0.416253 -0.909249 0.000000 -2.992597 0.000000 0.000000 1.000000 0.000000 1547123682469017000

-0.910878 0.412676 0.000000 452.376488 -0.412676 -0.910878 0.000000 -3.783681 0.000000 0.000000 1.000000 0.000000 1547123682721018000

-0.911314 0.411712 0.000000 450.551896 -0.411712 -0.911314 0.000000 -4.507555 0.000000 0.000000 1.000000 0.000000 1547123682972275000

-0.910891 0.412647 0.000000 448.737026 -0.412647 -0.910891 0.000000 -5.312021 0.000000 0.000000 1.000000 0.000000 1547123683222371000

-0.910639 0.413204 0.000000 446.949924 -0.413204 -0.910639 0.000000 -6.117017 0.000000 0.000000 1.000000 0.000000 1547123683471108000

-0.909668 0.415337 0.000000 445.026715 -0.415337 -0.909668 0.000000 -6.948913 0.000000 0.000000 1.000000 0.000000 1547123683720949000

-0.908529 0.417822 0.000000 443.155058 -0.417822 -0.908529 0.000000 -7.802686 0.000000 0.000000 1.000000 0.000000 1547123683972692000

-0.906740 0.421691 0.000000 441.190095 -0.421691 -0.906740 0.000000 -8.616517 0.000000 0.000000 1.000000 0.000000 1547123684223994000

-0.905653 0.424020 0.000000 439.284768 -0.424020 -0.905653 0.000000 -9.509799 0.000000 0.000000 1.000000 0.000000 1547123684475182000

-0.905410 0.424538 0.000000 437.418360 -0.424538 -0.905410 0.000000 -10.391500 0.000000 0.000000 1.000000 0.000000 1547123684726162000

-0.904962 0.425492 0.000000 435.505785 -0.425492 -0.904962 0.000000 -11.214344 0.000000 0.000000 1.000000 0.000000 1547123684976411000

-0.904651 0.426153 0.000000 433.619623 -0.426153 -0.904651 0.000000 -12.090985 0.000000 0.000000 1.000000 0.000000 1547123685226480000

-0.904754 0.425935 0.000000 431.773928 -0.425935 -0.904754 0.000000 -12.981343 0.000000 0.000000 1.000000 0.000000 1547123685476409000

-0.905394 0.424572 0.000000 429.864024 -0.424572 -0.905394 0.000000 -13.856375 0.000000 0.000000 1.000000 0.000000 1547123685726026000

-0.906362 0.422501 0.000000 428.006017 -0.422501 -0.906362 0.000000 -14.679206 0.000000 0.000000 1.000000 0.000000 1547123685975122000

-0.906518 0.422167 0.000000 426.152177 -0.422167 -0.906518 0.000000 -15.555456 0.000000 0.000000 1.000000 0.000000 1547123686224302000

-0.906703 0.421769 0.000000 424.329547 -0.421769 -0.906703 0.000000 -16.395463 0.000000 0.000000 1.000000 0.000000 1547123686473263000

-0.906755 0.421657 0.000000 422.505606 -0.421657 -0.906755 0.000000 -17.222232 0.000000 0.000000 1.000000 0.000000 1547123686721863000

-0.906515 0.422174 0.000000 420.710382 -0.422174 -0.906515 0.000000 -18.022979 0.000000 0.000000 1.000000 0.000000 1547123686969865000

-0.905888 0.423518 0.000000 418.905425 -0.423518 -0.905888 0.000000 -18.852587 0.000000 0.000000 1.000000 0.000000 1547123687218491000

-0.906144 0.422969 0.000000 417.095307 -0.422969 -0.906144 0.000000 -19.693772 0.000000 0.000000 1.000000 0.000000 1547123687468694000

-0.906081 0.423105 0.000000 415.276894 -0.423105 -0.906081 0.000000 -20.466561 0.000000 0.000000 1.000000 0.000000 1547123687718592000

-0.906089 0.423088 0.000000 413.565183 -0.423088 -0.906089 0.000000 -21.268761 0.000000 0.000000 1.000000 0.000000 1547123687968101000

-0.906513 0.422178 0.000000 411.825426 -0.422178 -0.906513 0.000000 -22.047922 0.000000 0.000000 1.000000 0.000000 1547123688217464000

-0.907208 0.420683 0.000000 410.160492 -0.420683 -0.907208 0.000000 -22.793950 0.000000 0.000000 1.000000 0.000000 1547123688466773000

-0.907690 0.419641 0.000000 408.480059 -0.419641 -0.907690 0.000000 -23.541774 0.000000 0.000000 1.000000 0.000000 1547123688716231000

-0.908005 0.418959 0.000000 406.898932 -0.418959 -0.908005 0.000000 -24.293193 0.000000 0.000000 1.000000 0.000000 1547123688966512000

-0.908838 0.417150 0.000000 405.353814 -0.417150 -0.908838 0.000000 -24.995269 0.000000 0.000000 1.000000 0.000000 1547123689218399000

-0.908804 0.417222 0.000000 403.889967 -0.417222 -0.908804 0.000000 -25.674754 0.000000 0.000000 1.000000 0.000000 1547123689470720000

-0.909351 0.416029 0.000000 402.481726 -0.416029 -0.909351 0.000000 -26.333890 0.000000 0.000000 1.000000 0.000000 1547123689721930000

-0.910391 0.413748 0.000000 399.796421 -0.413748 -0.910391 0.000000 -27.448138 0.000000 0.000000 1.000000 0.000000 1547123690222642000

-0.911458 0.411393 0.000000 397.368882 -0.411393 -0.911458 0.000000 -28.505321 0.000000 0.000000 1.000000 0.000000 1547123690722795000

-0.911892 0.410430 0.000000 395.219679 -0.410430 -0.911892 0.000000 -29.429244 0.000000 0.000000 1.000000 0.000000 1547123691221412000

-0.912433 0.409226 0.000000 393.302513 -0.409226 -0.912433 0.000000 -30.263462 0.000000 0.000000 1.000000 0.000000 1547123691718410000

-0.912648 0.408747 0.000000 391.579532 -0.408747 -0.912648 0.000000 -31.036468 0.000000 0.000000 1.000000 0.000000 1547123692214687000

-0.914178 0.405313 0.000000 390.063456 -0.405313 -0.914178 0.000000 -31.660136 0.000000 0.000000 1.000000 0.000000 1547123692715435000

-0.916841 0.399252 0.000000 388.084400 -0.399252 -0.916841 0.000000 -32.530076 0.000000 0.000000 1.000000 0.000000 1547123693464950000

-0.918464 0.395505 0.000000 386.479473 -0.395505 -0.918464 0.000000 -33.155898 0.000000 0.000000 1.000000 0.000000 1547123694220182000

-0.920564 0.390592 0.000000 384.778643 -0.390592 -0.920564 0.000000 -33.830050 0.000000 0.000000 1.000000 0.000000 1547123695222182000

-0.922406 0.386221 0.000000 383.348069 -0.386221 -0.922406 0.000000 -34.428576 0.000000 0.000000 1.000000 0.000000 1547123696716566000

-0.924390 0.381449 0.000000 381.697169 -0.381449 -0.924390 0.000000 -35.067071 0.000000 0.000000 1.000000 0.000000 1547123715472805000

-0.925989 0.377551 0.000000 379.679238 -0.377551 -0.925989 0.000000 -35.833303 0.000000 0.000000 1.000000 0.000000 1547123716468437000

-0.926762 0.375649 0.000000 378.255788 -0.375649 -0.926762 0.000000 -36.393955 0.000000 0.000000 1.000000 0.000000 1547123716967232000

-0.927031 0.374984 0.000000 376.575747 -0.374984 -0.927031 0.000000 -37.066536 0.000000 0.000000 1.000000 0.000000 1547123717465559000

-0.927723 0.373270 0.000000 374.541661 -0.373270 -0.927723 0.000000 -37.828847 0.000000 0.000000 1.000000 0.000000 1547123717967273000

