0.999998 -0.001971 0.000000 -4.184248 0.001971 0.999998 0.000000 0.900847 0.000000 0.000000 1.000000 0.000000
0.994664 -0.103165 0.000000 -2.422906 0.103165 0.994664 0.000000 1.050384 0.000000 0.000000 1.000000 0.000000
0.986758 -0.162202 0.000000 -0.656889 0.162202 0.986758 0.000000 1.334498 0.000000 0.000000 1.000000 0.000000
0.985764 -0.168136 0.000000 0.867380 0.168136 0.985764 0.000000 1.593319 0.000000 0.000000 1.000000 0.000000
0.986931 -0.161142 0.000000 2.747562 0.161142 0.986931 0.000000 1.819617 0.000000 0.000000 1.000000 0.000000
0.989865 -0.142014 0.000000 4.965298 0.142014 0.989865 0.000000 2.071993 0.000000 0.000000 1.000000 0.000000
0.993774 -0.111416 0.000000 7.456083 0.111416 0.993774 0.000000 2.360305 0.000000 0.000000 1.000000 0.000000
0.997547 -0.069999 0.000000 10.188349 0.069999 0.997547 0.000000 2.514269 0.000000 0.000000 1.000000 0.000000
0.999724 -0.023494 0.000000 13.107876 0.023494 0.999724 0.000000 2.555346 0.000000 0.000000 1.000000 0.000000
0.999979 0.006537 0.000000 16.104517 -0.006537 0.999979 -0.000000 2.407910 -0.000000 0.000000 1.000000 0.000000
0.999968 0.008036 0.000000 17.723480 -0.008036 0.999968 -0.000000 2.437821 -0.000000 0.000000 1.000000 0.000000
0.999988 0.004896 0.000000 19.302749 -0.004896 0.999988 -0.000000 2.390439 -0.000000 0.000000 1.000000 0.000000
0.999994 0.003598 0.000000 21.003775 -0.003598 0.999994 -0.000000 2.371050 -0.000000 0.000000 1.000000 0.000000
0.999997 0.002504 0.000000 22.648140 -0.002504 0.999997 -0.000000 2.364066 -0.000000 0.000000 1.000000 0.000000
0.999998 0.001944 0.000000 24.324971 -0.001944 0.999998 -0.000000 2.345273 -0.000000 0.000000 1.000000 0.000000
0.999999 0.001485 0.000000 26.012818 -0.001485 0.999999 -0.000000 2.350346 -0.000000 0.000000 1.000000 0.000000
0.999996 0.002826 0.000000 27.773412 -0.002826 0.999996 -0.000000 2.310826 -0.000000 0.000000 1.000000 0.000000
0.999997 0.002462 0.000000 29.525837 -0.002462 0.999997 -0.000000 2.293561 -0.000000 0.000000 1.000000 0.000000
0.999999 0.001541 0.000000 31.324220 -0.001541 0.999999 -0.000000 2.270697 -0.000000 0.000000 1.000000 0.000000
0.999996 0.002669 0.000000 33.185779 -0.002669 0.999996 -0.000000 2.253404 -0.000000 0.000000 1.000000 0.000000
0.999995 0.003181 0.000000 35.021708 -0.003181 0.999995 -0.000000 2.202153 -0.000000 0.000000 1.000000 0.000000
0.999988 0.004834 0.000000 36.945046 -0.004834 0.999988 -0.000000 2.154968 -0.000000 0.000000 1.000000 0.000000
0.999981 0.006151 0.000000 38.873877 -0.006151 0.999981 -0.000000 2.122914 -0.000000 0.000000 1.000000 0.000000
0.999977 0.006765 0.000000 40.821788 -0.006765 0.999977 -0.000000 2.089360 -0.000000 0.000000 1.000000 0.000000
0.999965 0.008319 0.000000 42.804108 -0.008319 0.999965 -0.000000 2.070529 -0.000000 0.000000 1.000000 0.000000
0.999959 0.009035 0.000000 44.822325 -0.009035 0.999959 -0.000000 2.043457 -0.000000 0.000000 1.000000 0.000000
0.999936 0.011297 0.000000 46.839068 -0.011297 0.999936 -0.000000 1.985058 -0.000000 0.000000 1.000000 0.000000
0.999920 0.012657 0.000000 48.879413 -0.012657 0.999920 -0.000000 1.940266 -0.000000 0.000000 1.000000 0.000000
0.999903 0.013907 0.000000 50.880102 -0.013907 0.999903 -0.000000 1.844802 -0.000000 0.000000 1.000000 0.000000
0.999880 0.015501 0.000000 53.030485 -0.015501 0.999880 -0.000000 1.829038 -0.000000 0.000000 1.000000 0.000000
0.999867 0.016303 0.000000 55.198301 -0.016303 0.999867 -0.000000 1.756220 -0.000000 0.000000 1.000000 0.000000
0.999842 0.017790 0.000000 57.317402 -0.017790 0.999842 -0.000000 1.667104 -0.000000 0.000000 1.000000 0.000000
0.999828 0.018523 0.000000 59.522612 -0.018523 0.999828 -0.000000 1.612665 -0.000000 0.000000 1.000000 0.000000
0.999809 0.019530 0.000000 61.798720 -0.019530 0.999809 -0.000000 1.527501 -0.000000 0.000000 1.000000 0.000000
0.999787 0.020658 0.000000 64.049192 -0.020658 0.999787 -0.000000 1.453338 -0.000000 0.000000 1.000000 0.000000
0.999785 0.020756 0.000000 66.304875 -0.020756 0.999785 -0.000000 1.366370 -0.000000 0.000000 1.000000 0.000000
0.999767 0.021606 0.000000 68.575047 -0.021606 0.999767 -0.000000 1.268323 -0.000000 0.000000 1.000000 0.000000
0.999767 0.021604 0.000000 70.913363 -0.021604 0.999767 -0.000000 1.174256 -0.000000 0.000000 1.000000 0.000000
0.999787 0.020624 0.000000 73.193061 -0.020624 0.999787 -0.000000 1.099605 -0.000000 0.000000 1.000000 0.000000
0.999781 0.020928 0.000000 75.566777 -0.020928 0.999781 -0.000000 0.980176 -0.000000 0.000000 1.000000 0.000000
0.999766 0.021634 0.000000 77.933801 -0.021634 0.999766 -0.000000 0.968238 -0.000000 0.000000 1.000000 0.000000
0.999765 0.021669 0.000000 80.372335 -0.021669 0.999765 -0.000000 0.853253 -0.000000 0.000000 1.000000 0.000000
0.999784 0.020763 0.000000 82.770442 -0.020763 0.999784 -0.000000 0.756452 -0.000000 0.000000 1.000000 0.000000
0.999824 0.018752 0.000000 85.087925 -0.018752 0.999824 -0.000000 0.678948 -0.000000 0.000000 1.000000 0.000000
0.999875 0.015816 0.000000 87.455679 -0.015816 0.999875 -0.000000 0.597179 -0.000000 0.000000 1.000000 0.000000
0.999926 0.012131 0.000000 89.848866 -0.012131 0.999926 -0.000000 0.538859 -0.000000 0.000000 1.000000 0.000000
0.999982 0.005978 0.000000 92.307644 -0.005978 0.999982 -0.000000 0.478025 -0.000000 0.000000 1.000000 0.000000
0.999997 -0.002266 0.000000 94.755446 0.002266 0.999997 0.000000 0.462879 0.000000 0.000000 1.000000 0.000000
0.999944 -0.010574 0.000000 97.137003 0.010574 0.999944 0.000000 0.420404 0.000000 0.000000 1.000000 0.000000
0.999875 -0.015800 0.000000 99.590151 0.015800 0.999875 0.000000 0.437237 0.000000 0.000000 1.000000 0.000000
0.999778 -0.021086 0.000000 101.982211 0.021086 0.999778 0.000000 0.411808 0.000000 0.000000 1.000000 0.000000
0.999682 -0.025209 0.000000 104.428776 0.025209 0.999682 0.000000 0.469327 0.000000 0.000000 1.000000 0.000000
0.999655 -0.026261 0.000000 106.899039 0.026261 0.999655 0.000000 0.471615 0.000000 0.000000 1.000000 0.000000
0.999694 -0.024755 0.000000 109.358298 0.024755 0.999694 0.000000 0.513879 0.000000 0.000000 1.000000 0.000000
0.999705 -0.024269 0.000000 111.830539 0.024269 0.999705 0.000000 0.503718 0.000000 0.000000 1.000000 0.000000
0.999730 -0.023217 0.000000 114.258603 0.023217 0.999730 0.000000 0.532938 0.000000 0.000000 1.000000 0.000000
0.999732 -0.023130 0.000000 116.686157 0.023130 0.999732 0.000000 0.563748 0.000000 0.000000 1.000000 0.000000
0.999762 -0.021830 0.000000 119.078587 0.021830 0.999762 0.000000 0.587421 0.000000 0.000000 1.000000 0.000000
0.999791 -0.020467 0.000000 121.447820 0.020467 0.999791 0.000000 0.596365 0.000000 0.000000 1.000000 0.000000
0.999778 -0.021051 0.000000 123.778655 0.021051 0.999778 0.000000 0.633661 0.000000 0.000000 1.000000 0.000000
0.999800 -0.020004 0.000000 126.088295 0.020004 0.999800 0.000000 0.698440 0.000000 0.000000 1.000000 0.000000
0.999801 -0.019963 0.000000 128.440963 0.019963 0.999801 0.000000 0.680423 0.000000 0.000000 1.000000 0.000000
0.999802 -0.019893 0.000000 130.698053 0.019893 0.999802 0.000000 0.688600 0.000000 0.000000 1.000000 0.000000
0.999811 -0.019456 0.000000 132.937512 0.019456 0.999811 0.000000 0.730995 0.000000 0.000000 1.000000 0.000000
0.999808 -0.019602 0.000000 135.131656 0.019602 0.999808 0.000000 0.708545 0.000000 0.000000 1.000000 0.000000
0.999802 -0.019905 0.000000 137.253495 0.019905 0.999802 0.000000 0.724998 0.000000 0.000000 1.000000 0.000000
0.999821 -0.018925 0.000000 139.331748 0.018925 0.999821 0.000000 0.758266 0.000000 0.000000 1.000000 0.000000
0.999816 -0.019202 0.000000 141.384463 0.019202 0.999816 0.000000 0.728896 0.000000 0.000000 1.000000 0.000000
0.999819 -0.019009 0.000000 143.399950 0.019009 0.999819 0.000000 0.715661 0.000000 0.000000 1.000000 0.000000
0.999817 -0.019132 0.000000 145.292216 0.019132 0.999817 0.000000 0.714618 0.000000 0.000000 1.000000 0.000000
0.999825 -0.018718 0.000000 147.157741 0.018718 0.999825 0.000000 0.733811 0.000000 0.000000 1.000000 0.000000
0.999828 -0.018527 0.000000 148.995938 0.018527 0.999828 0.000000 0.728831 0.000000 0.000000 1.000000 0.000000
0.999845 -0.017626 0.000000 150.770904 0.017626 0.999845 0.000000 0.779637 0.000000 0.000000 1.000000 0.000000
0.999854 -0.017110 0.000000 152.492759 0.017110 0.999854 0.000000 0.770974 0.000000 0.000000 1.000000 0.000000
0.999856 -0.016991 0.000000 154.111097 0.016991 0.999856 0.000000 0.771756 0.000000 0.000000 1.000000 0.000000
0.999864 -0.016492 0.000000 155.727928 0.016492 0.999864 0.000000 0.812416 0.000000 0.000000 1.000000 0.000000
0.999854 -0.017064 0.000000 157.257828 0.017064 0.999854 0.000000 0.837226 0.000000 0.000000 1.000000 0.000000
0.999839 -0.017949 0.000000 160.142080 0.017949 0.999839 0.000000 0.842688 0.000000 0.000000 1.000000 0.000000
0.999773 -0.021312 0.000000 162.790892 0.021312 0.999773 0.000000 0.860671 0.000000 0.000000 1.000000 0.000000
0.999688 -0.024989 0.000000 165.190901 0.024989 0.999688 0.000000 0.878419 0.000000 0.000000 1.000000 0.000000
0.999615 -0.027760 0.000000 167.281607 0.027760 0.999615 0.000000 0.899661 0.000000 0.000000 1.000000 0.000000
0.999555 -0.029822 0.000000 169.067865 0.029822 0.999555 0.000000 0.951884 0.000000 0.000000 1.000000 0.000000
0.999528 -0.030726 0.000000 170.635439 0.030726 0.999528 0.000000 0.975507 0.000000 0.000000 1.000000 0.000000
0.999535 -0.030508 0.000000 172.502343 0.030508 0.999535 0.000000 1.020787 0.000000 0.000000 1.000000 0.000000
0.999524 -0.030854 0.000000 174.239296 0.030854 0.999524 0.000000 1.069924 0.000000 0.000000 1.000000 0.000000
0.999468 -0.032607 0.000000 175.804896 0.032607 0.999468 0.000000 1.132666 0.000000 0.000000 1.000000 0.000000
0.999518 -0.031037 0.000000 177.404600 0.031037 0.999518 0.000000 1.128400 0.000000 0.000000 1.000000 0.000000
0.999582 -0.028925 0.000000 179.042823 0.028925 0.999582 0.000000 1.163735 0.000000 0.000000 1.000000 0.000000
0.999633 -0.027096 0.000000 181.294806 0.027096 0.999633 0.000000 1.196833 0.000000 0.000000 1.000000 0.000000
0.999694 -0.024755 0.000000 183.313781 0.024755 0.999694 0.000000 1.224628 0.000000 0.000000 1.000000 0.000000
0.999753 -0.022232 0.000000 185.651258 0.022232 0.999753 0.000000 1.227224 0.000000 0.000000 1.000000 0.000000
0.999788 -0.020604 0.000000 188.389703 0.020604 0.999788 0.000000 1.254868 0.000000 0.000000 1.000000 0.000000
0.999810 -0.019500 0.000000 191.449342 0.019500 0.999810 0.000000 1.271147 0.000000 0.000000 1.000000 0.000000
0.999817 -0.019141 0.000000 193.053532 0.019141 0.999817 0.000000 1.262358 0.000000 0.000000 1.000000 0.000000
0.999825 -0.018706 0.000000 194.724978 0.018706 0.999825 0.000000 1.294297 0.000000 0.000000 1.000000 0.000000
0.999811 -0.019438 0.000000 196.468617 0.019438 0.999811 0.000000 1.309270 0.000000 0.000000 1.000000 0.000000
0.999806 -0.019678 0.000000 198.260434 0.019678 0.999806 0.000000 1.323346 0.000000 0.000000 1.000000 0.000000
0.999813 -0.019342 0.000000 200.038294 0.019342 0.999813 0.000000 1.339285 0.000000 0.000000 1.000000 0.000000
0.999792 -0.020396 0.000000 201.879638 0.020396 0.999792 0.000000 1.350988 0.000000 0.000000 1.000000 0.000000
0.999751 -0.022311 0.000000 203.821121 0.022311 0.999751 0.000000 1.407526 0.000000 0.000000 1.000000 0.000000
0.999711 -0.024045 0.000000 205.776109 0.024045 0.999711 0.000000 1.427426 0.000000 0.000000 1.000000 0.000000
0.999650 -0.026463 0.000000 207.675862 0.026463 0.999650 0.000000 1.450006 0.000000 0.000000 1.000000 0.000000
0.999538 -0.030403 0.000000 209.666721 0.030403 0.999538 0.000000 1.510234 0.000000 0.000000 1.000000 0.000000
0.999403 -0.034548 0.000000 211.652011 0.034548 0.999403 0.000000 1.554812 0.000000 0.000000 1.000000 0.000000
0.999180 -0.040481 0.000000 213.699246 0.040481 0.999180 0.000000 1.561093 0.000000 0.000000 1.000000 0.000000
0.998944 -0.045952 0.000000 215.677545 0.045952 0.998944 0.000000 1.610621 0.000000 0.000000 1.000000 0.000000
0.998580 -0.053273 0.000000 217.754688 0.053273 0.998580 0.000000 1.709084 0.000000 0.000000 1.000000 0.000000
0.998132 -0.061097 0.000000 219.727786 0.061097 0.998132 0.000000 1.787443 0.000000 0.000000 1.000000 0.000000
0.997583 -0.069484 0.000000 221.816652 0.069484 0.997583 0.000000 1.874119 0.000000 0.000000 1.000000 0.000000
0.996753 -0.080523 0.000000 223.936684 0.080523 0.996753 0.000000 2.024013 0.000000 0.000000 1.000000 0.000000
0.995817 -0.091369 0.000000 225.914670 0.091369 0.995817 0.000000 2.196164 0.000000 0.000000 1.000000 0.000000
0.994767 -0.102171 0.000000 227.865833 0.102171 0.994767 0.000000 2.393824 0.000000 0.000000 1.000000 0.000000
0.993854 -0.110702 0.000000 229.962220 0.110702 0.993854 0.000000 2.594565 0.000000 0.000000 1.000000 0.000000
0.993080 -0.117436 0.000000 232.027558 0.117436 0.993080 0.000000 2.834757 0.000000 0.000000 1.000000 0.000000
0.992081 -0.125597 0.000000 234.121948 0.125597 0.992081 0.000000 3.101410 0.000000 0.000000 1.000000 0.000000
0.991362 -0.131153 0.000000 236.198463 0.131153 0.991362 0.000000 3.381442 0.000000 0.000000 1.000000 0.000000
0.990990 -0.133938 0.000000 238.206435 0.133938 0.990990 0.000000 3.613717 0.000000 0.000000 1.000000 0.000000
0.990949 -0.134237 0.000000 240.344963 0.134237 0.990949 0.000000 3.925751 0.000000 0.000000 1.000000 0.000000
0.990938 -0.134321 0.000000 242.508930 0.134321 0.990938 0.000000 4.207201 0.000000 0.000000 1.000000 0.000000
0.990912 -0.134509 0.000000 244.546891 0.134509 0.990912 0.000000 4.408120 0.000000 0.000000 1.000000 0.000000
0.990728 -0.135861 0.000000 246.621303 0.135861 0.990728 0.000000 4.727891 0.000000 0.000000 1.000000 0.000000
0.990779 -0.135489 0.000000 248.786229 0.135489 0.990779 0.000000 4.997531 0.000000 0.000000 1.000000 0.000000
0.990858 -0.134906 0.000000 250.906346 0.134906 0.990858 0.000000 5.268111 0.000000 0.000000 1.000000 0.000000
0.991032 -0.133627 0.000000 253.065735 0.133627 0.991032 0.000000 5.497469 0.000000 0.000000 1.000000 0.000000
0.991128 -0.132908 0.000000 255.161742 0.132908 0.991128 0.000000 5.782822 0.000000 0.000000 1.000000 0.000000
0.991121 -0.132963 0.000000 257.419543 0.132963 0.991121 0.000000 6.032362 0.000000 0.000000 1.000000 0.000000
0.991035 -0.133599 0.000000 259.663322 0.133599 0.991035 0.000000 6.307330 0.000000 0.000000 1.000000 0.000000
0.991240 -0.132071 0.000000 261.911897 0.132071 0.991240 0.000000 6.624723 0.000000 0.000000 1.000000 0.000000
0.991273 -0.131827 0.000000 264.113185 0.131827 0.991273 0.000000 6.879991 0.000000 0.000000 1.000000 0.000000
0.991355 -0.131205 0.000000 266.384019 0.131205 0.991355 0.000000 7.139818 0.000000 0.000000 1.000000 0.000000
0.991245 -0.132039 0.000000 268.622350 0.132039 0.991245 0.000000 7.458961 0.000000 0.000000 1.000000 0.000000
0.991336 -0.131347 0.000000 270.857850 0.131347 0.991336 0.000000 7.754248 0.000000 0.000000 1.000000 0.000000
0.991283 -0.131752 0.000000 273.083389 0.131752 0.991283 0.000000 8.038572 0.000000 0.000000 1.000000 0.000000
0.991251 -0.131990 0.000000 275.374479 0.131990 0.991251 0.000000 8.293116 0.000000 0.000000 1.000000 0.000000
0.991440 -0.130564 0.000000 277.715930 0.130564 0.991440 0.000000 8.543361 0.000000 0.000000 1.000000 0.000000
0.991568 -0.129586 0.000000 280.013546 0.129586 0.991568 0.000000 8.861803 0.000000 0.000000 1.000000 0.000000
0.991452 -0.130471 0.000000 282.353868 0.130471 0.991452 0.000000 9.121462 0.000000 0.000000 1.000000 0.000000
0.991360 -0.131166 0.000000 284.705654 0.131166 0.991360 0.000000 9.431440 0.000000 0.000000 1.000000 0.000000
0.991120 -0.132972 0.000000 287.079946 0.132972 0.991120 0.000000 9.687791 0.000000 0.000000 1.000000 0.000000
0.990517 -0.137387 0.000000 289.443072 0.137387 0.990517 0.000000 9.994779 0.000000 0.000000 1.000000 0.000000
0.989741 -0.142875 0.000000 291.761726 0.142875 0.989741 0.000000 10.328347 0.000000 0.000000 1.000000 0.000000
0.989099 -0.147254 0.000000 294.124405 0.147254 0.989099 0.000000 10.614628 0.000000 0.000000 1.000000 0.000000
0.988941 -0.148311 0.000000 296.431164 0.148311 0.988941 0.000000 10.916329 0.000000 0.000000 1.000000 0.000000
0.989150 -0.146908 0.000000 298.723685 0.146908 0.989150 0.000000 11.250677 0.000000 0.000000 1.000000 0.000000
0.989689 -0.143232 0.000000 300.973588 0.143232 0.989689 0.000000 11.535700 0.000000 0.000000 1.000000 0.000000
0.990078 -0.140520 0.000000 303.251178 0.140520 0.990078 0.000000 11.800908 0.000000 0.000000 1.000000 0.000000
0.990231 -0.139438 0.000000 305.469324 0.139438 0.990231 0.000000 12.051125 0.000000 0.000000 1.000000 0.000000
0.990328 -0.138744 0.000000 307.641024 0.138744 0.990328 0.000000 12.363151 0.000000 0.000000 1.000000 0.000000
0.990447 -0.137892 0.000000 309.738399 0.137892 0.990447 0.000000 12.596727 0.000000 0.000000 1.000000 0.000000
0.990618 -0.136662 0.000000 311.807116 0.136662 0.990618 0.000000 12.874944 0.000000 0.000000 1.000000 0.000000
0.990780 -0.135478 0.000000 313.856919 0.135478 0.990780 0.000000 13.142971 0.000000 0.000000 1.000000 0.000000
0.990977 -0.134035 0.000000 315.826431 0.134035 0.990977 0.000000 13.385918 0.000000 0.000000 1.000000 0.000000
0.991054 -0.133465 0.000000 317.758700 0.133465 0.991054 0.000000 13.615659 0.000000 0.000000 1.000000 0.000000
0.991508 -0.130043 0.000000 319.664914 0.130043 0.991508 0.000000 13.792088 0.000000 0.000000 1.000000 0.000000
0.991620 -0.129189 0.000000 321.492621 0.129189 0.991620 0.000000 13.977272 0.000000 0.000000 1.000000 0.000000
0.991764 -0.128081 0.000000 323.264578 0.128081 0.991764 0.000000 14.218916 0.000000 0.000000 1.000000 0.000000
0.991943 -0.126686 0.000000 325.023966 0.126686 0.991943 0.000000 14.400549 0.000000 0.000000 1.000000 0.000000
0.992334 -0.123587 0.000000 326.705534 0.123587 0.992334 0.000000 14.634228 0.000000 0.000000 1.000000 0.000000
0.992542 -0.121905 0.000000 328.341140 0.121905 0.992542 0.000000 14.763042 0.000000 0.000000 1.000000 0.000000
0.992717 -0.120469 0.000000 329.976132 0.120469 0.992717 0.000000 14.948743 0.000000 0.000000 1.000000 0.000000
0.993193 -0.116476 0.000000 331.519338 0.116476 0.993193 0.000000 15.148960 0.000000 0.000000 1.000000 0.000000
0.994184 -0.107695 0.000000 334.478822 0.107695 0.994184 0.000000 15.441274 0.000000 0.000000 1.000000 0.000000
0.994884 -0.101022 0.000000 337.237839 0.101022 0.994884 0.000000 15.674043 0.000000 0.000000 1.000000 0.000000
0.995453 -0.095251 0.000000 339.861503 0.095251 0.995453 0.000000 15.850495 0.000000 0.000000 1.000000 0.000000
0.995832 -0.091211 0.000000 342.160901 0.091211 0.995832 0.000000 16.025113 0.000000 0.000000 1.000000 0.000000
0.996164 -0.087504 0.000000 344.250456 0.087504 0.996164 0.000000 16.158279 0.000000 0.000000 1.000000 0.000000
0.996781 -0.080169 0.000000 346.130006 0.080169 0.996781 0.000000 16.296227 0.000000 0.000000 1.000000 0.000000
0.998107 -0.061504 0.000000 347.701451 0.061504 0.998107 0.000000 16.407161 0.000000 0.000000 1.000000 0.000000
0.999457 -0.032940 0.000000 349.717383 0.032940 0.999457 0.000000 16.410529 0.000000 0.000000 1.000000 0.000000
0.999840 -0.017912 0.000000 351.314699 0.017912 0.999840 0.000000 16.374485 0.000000 0.000000 1.000000 0.000000
0.999941 -0.010833 0.000000 352.922127 0.010833 0.999941 0.000000 16.381351 0.000000 0.000000 1.000000 0.000000
0.999772 0.021364 0.000000 354.711698 -0.021364 0.999772 -0.000000 16.300932 -0.000000 0.000000 1.000000 0.000000
0.999032 0.043991 0.000000 356.259777 -0.043991 0.999032 -0.000000 16.188070 -0.000000 0.000000 1.000000 0.000000
0.998663 0.051684 0.000000 358.268741 -0.051684 0.998663 -0.000000 16.070386 -0.000000 0.000000 1.000000 0.000000
0.998464 0.055402 0.000000 359.883741 -0.055402 0.998464 -0.000000 15.936340 -0.000000 0.000000 1.000000 0.000000
0.998349 0.057443 0.000000 361.792622 -0.057443 0.998349 -0.000000 15.725074 -0.000000 0.000000 1.000000 0.000000
0.998382 0.056866 0.000000 364.111406 -0.056866 0.998382 -0.000000 15.630005 -0.000000 0.000000 1.000000 0.000000
0.998711 0.050751 0.000000 366.761309 -0.050751 0.998711 -0.000000 15.384729 -0.000000 0.000000 1.000000 0.000000
0.998948 0.045850 0.000000 369.657078 -0.045850 0.998948 -0.000000 15.188997 -0.000000 0.000000 1.000000 0.000000
0.999002 0.044660 0.000000 371.210480 -0.044660 0.999002 -0.000000 15.077659 -0.000000 0.000000 1.000000 0.000000
0.998994 0.044836 0.000000 372.886674 -0.044836 0.998994 -0.000000 15.044083 -0.000000 0.000000 1.000000 0.000000
0.999033 0.043973 0.000000 374.572433 -0.043973 0.999033 -0.000000 14.944160 -0.000000 0.000000 1.000000 0.000000
0.999014 0.044404 0.000000 376.313047 -0.044404 0.999014 -0.000000 14.861379 -0.000000 0.000000 1.000000 0.000000
0.999008 0.044531 0.000000 378.113990 -0.044531 0.999008 -0.000000 14.827636 -0.000000 0.000000 1.000000 0.000000
0.999050 0.043584 0.000000 379.902012 -0.043584 0.999050 -0.000000 14.703520 -0.000000 0.000000 1.000000 0.000000
0.999093 0.042584 0.000000 381.792120 -0.042584 0.999093 -0.000000 14.645604 -0.000000 0.000000 1.000000 0.000000
0.999136 0.041562 0.000000 383.745964 -0.041562 0.999136 -0.000000 14.575870 -0.000000 0.000000 1.000000 0.000000
0.999195 0.040119 0.000000 385.628120 -0.040119 0.999195 -0.000000 14.465771 -0.000000 0.000000 1.000000 0.000000
0.999274 0.038102 0.000000 387.571478 -0.038102 0.999274 -0.000000 14.357453 -0.000000 0.000000 1.000000 0.000000
0.999389 0.034942 0.000000 389.525824 -0.034942 0.999389 -0.000000 14.235643 -0.000000 0.000000 1.000000 0.000000
0.999473 0.032475 0.000000 391.547542 -0.032475 0.999473 -0.000000 14.159413 -0.000000 0.000000 1.000000 0.000000
0.999541 0.030282 0.000000 393.445688 -0.030282 0.999541 -0.000000 14.066724 -0.000000 0.000000 1.000000 0.000000
0.999647 0.026553 0.000000 395.425960 -0.026553 0.999647 -0.000000 13.986714 -0.000000 0.000000 1.000000 0.000000
0.999718 0.023750 0.000000 397.319661 -0.023750 0.999718 -0.000000 13.936026 -0.000000 0.000000 1.000000 0.000000
0.999752 0.022252 0.000000 399.183763 -0.022252 0.999752 -0.000000 13.903373 -0.000000 0.000000 1.000000 0.000000
0.999817 0.019123 0.000000 401.054148 -0.019123 0.999817 -0.000000 13.810069 -0.000000 0.000000 1.000000 0.000000
0.999864 0.016511 0.000000 402.878615 -0.016511 0.999864 -0.000000 13.750451 -0.000000 0.000000 1.000000 0.000000
0.999902 0.014021 0.000000 404.683043 -0.014021 0.999902 -0.000000 13.697050 -0.000000 0.000000 1.000000 0.000000
0.999927 0.012069 0.000000 406.455020 -0.012069 0.999927 -0.000000 13.634718 -0.000000 0.000000 1.000000 0.000000
0.999962 0.008709 0.000000 408.184001 -0.008709 0.999962 -0.000000 13.604502 -0.000000 0.000000 1.000000 0.000000
0.999978 0.006654 0.000000 409.909787 -0.006654 0.999978 -0.000000 13.601249 -0.000000 0.000000 1.000000 0.000000
0.999987 0.005027 0.000000 411.636981 -0.005027 0.999987 -0.000000 13.583168 -0.000000 0.000000 1.000000 0.000000
0.999997 0.002615 0.000000 413.341088 -0.002615 0.999997 -0.000000 13.566713 -0.000000 0.000000 1.000000 0.000000
0.999999 0.001121 0.000000 415.022884 -0.001121 0.999999 -0.000000 13.520258 -0.000000 0.000000 1.000000 0.000000
1.000000 -0.000585 0.000000 416.678004 0.000585 1.000000 0.000000 13.522495 0.000000 0.000000 1.000000 0.000000
0.999996 -0.002971 0.000000 418.359301 0.002971 0.999996 0.000000 13.522322 0.000000 0.000000 1.000000 0.000000
0.999991 -0.004272 0.000000 419.953065 0.004272 0.999991 0.000000 13.496195 0.000000 0.000000 1.000000 0.000000
0.999981 -0.006145 0.000000 421.610715 0.006145 0.999981 0.000000 13.499795 0.000000 0.000000 1.000000 0.000000
0.999970 -0.007798 0.000000 423.200529 0.007798 0.999970 0.000000 13.483776 0.000000 0.000000 1.000000 0.000000
0.999959 -0.009060 0.000000 424.812541 0.009060 0.999959 0.000000 13.431197 0.000000 0.000000 1.000000 0.000000
0.999958 -0.009208 0.000000 426.375176 0.009208 0.999958 0.000000 13.414372 0.000000 0.000000 1.000000 0.000000
0.999940 -0.010992 0.000000 429.483914 0.010992 0.999940 0.000000 13.350200 0.000000 0.000000 1.000000 0.000000
0.999927 -0.012070 0.000000 431.027394 0.012070 0.999927 0.000000 13.340447 0.000000 0.000000 1.000000 0.000000
0.999906 -0.013703 0.000000 432.535618 0.013703 0.999906 0.000000 13.347988 0.000000 0.000000 1.000000 0.000000
0.999888 -0.014978 0.000000 434.046352 0.014978 0.999888 0.000000 13.354025 0.000000 0.000000 1.000000 0.000000
0.999870 -0.016111 0.000000 435.595315 0.016111 0.999870 0.000000 13.358108 0.000000 0.000000 1.000000 0.000000
0.999859 -0.016814 0.000000 437.186602 0.016814 0.999859 0.000000 13.342112 0.000000 0.000000 1.000000 0.000000
0.999849 -0.017382 0.000000 438.784298 0.017382 0.999849 0.000000 13.333845 0.000000 0.000000 1.000000 0.000000
0.999798 -0.020087 0.000000 440.390969 0.020087 0.999798 0.000000 13.367287 0.000000 0.000000 1.000000 0.000000
0.999732 -0.023134 0.000000 442.029501 0.023134 0.999732 0.000000 13.332179 0.000000 0.000000 1.000000 0.000000
0.999644 -0.026667 0.000000 443.642616 0.026667 0.999644 0.000000 13.386969 0.000000 0.000000 1.000000 0.000000
0.999572 -0.029251 0.000000 445.234933 0.029251 0.999572 0.000000 13.395973 0.000000 0.000000 1.000000 0.000000
0.999483 -0.032155 0.000000 446.792194 0.032155 0.999483 0.000000 13.439215 0.000000 0.000000 1.000000 0.000000
0.999367 -0.035583 0.000000 448.387706 0.035583 0.999367 0.000000 13.454033 0.000000 0.000000 1.000000 0.000000
0.999159 -0.041000 0.000000 451.365534 0.041000 0.999159 0.000000 13.508638 0.000000 0.000000 1.000000 0.000000
0.998926 -0.046333 0.000000 454.229895 0.046333 0.998926 0.000000 13.605040 0.000000 0.000000 1.000000 0.000000
0.999066 -0.043203 0.000000 456.949001 0.043203 0.999066 0.000000 13.691665 0.000000 0.000000 1.000000 0.000000
0.999499 -0.031662 0.000000 459.561000 0.031662 0.999499 0.000000 13.730503 0.000000 0.000000 1.000000 0.000000
0.999999 0.001069 0.000000 461.919463 -0.001069 0.999999 -0.000000 13.635162 -0.000000 0.000000 1.000000 0.000000
0.997569 0.069682 0.000000 464.095761 -0.069682 0.997569 -0.000000 13.508621 -0.000000 0.000000 1.000000 0.000000
0.986772 0.162116 0.000000 466.165607 -0.162116 0.986772 -0.000000 13.141129 -0.000000 0.000000 1.000000 0.000000
0.960484 0.278334 0.000000 467.943635 -0.278334 0.960484 -0.000000 12.644826 -0.000000 0.000000 1.000000 0.000000
0.906136 0.422987 0.000000 469.478267 -0.422987 0.906136 -0.000000 11.840348 -0.000000 0.000000 1.000000 0.000000
0.819526 0.573043 0.000000 470.690075 -0.573043 0.819526 -0.000000 10.798972 -0.000000 0.000000 1.000000 0.000000
0.712955 0.701209 0.000000 471.506994 -0.701209 0.712955 -0.000000 9.819023 -0.000000 0.000000 1.000000 0.000000
0.594683 0.803960 0.000000 472.119630 -0.803960 0.594683 -0.000000 8.779989 -0.000000 0.000000 1.000000 0.000000
0.475837 0.879533 0.000000 472.634139 -0.879533 0.475837 -0.000000 7.796527 -0.000000 0.000000 1.000000 0.000000
0.347298 0.937755 0.000000 472.819201 -0.937755 0.347298 -0.000000 6.814269 -0.000000 0.000000 1.000000 0.000000
0.190312 0.981724 0.000000 472.995643 -0.981724 0.190312 -0.000000 5.728593 -0.000000 0.000000 1.000000 0.000000
0.094984 0.995479 0.000000 472.970348 -0.995479 0.094984 -0.000000 5.110591 -0.000000 0.000000 1.000000 0.000000
-0.012815 0.999918 0.000000 472.902801 -0.999918 -0.012815 -0.000000 4.376441 -0.000000 0.000000 1.000000 0.000000
-0.129661 0.991558 0.000000 472.715303 -0.991558 -0.129661 -0.000000 3.558520 -0.000000 0.000000 1.000000 0.000000
-0.252517 0.967592 0.000000 472.425392 -0.967592 -0.252517 -0.000000 2.701624 -0.000000 0.000000 1.000000 0.000000
-0.376099 0.926580 0.000000 471.924767 -0.926580 -0.376099 -0.000000 1.759903 -0.000000 0.000000 1.000000 0.000000
-0.494857 0.868974 0.000000 471.330665 -0.868974 -0.494857 -0.000000 0.816969 -0.000000 0.000000 1.000000 0.000000
-0.603041 0.797710 0.000000 470.551035 -0.797710 -0.603041 0.000000 -0.098703 0.000000 0.000000 1.000000 0.000000
-0.693497 0.720460 0.000000 469.687919 -0.720460 -0.693497 0.000000 -1.023850 0.000000 0.000000 1.000000 0.000000
-0.767344 0.641235 0.000000 468.593577 -0.641235 -0.767344 0.000000 -1.801653 0.000000 0.000000 1.000000 0.000000
-0.821196 0.570647 0.000000 467.426668 -0.570647 -0.821196 0.000000 -2.688454 0.000000 0.000000 1.000000 0.000000
-0.855175 0.518339 0.000000 466.018826 -0.518339 -0.855175 0.000000 -3.460292 0.000000 0.000000 1.000000 0.000000
-0.876055 0.482212 0.000000 464.520295 -0.482212 -0.876055 0.000000 -4.197525 0.000000 0.000000 1.000000 0.000000
-0.889348 0.457231 0.000000 462.864136 -0.457231 -0.889348 0.000000 -4.898316 0.000000 0.000000 1.000000 0.000000
-0.896913 0.442206 0.000000 461.107972 -0.442206 -0.896913 0.000000 -5.693549 0.000000 0.000000 1.000000 0.000000
-0.900148 0.435585 0.000000 459.249304 -0.435585 -0.900148 0.000000 -6.459571 0.000000 0.000000 1.000000 0.000000
-0.902846 0.429963 0.000000 457.331883 -0.429963 -0.902846 0.000000 -7.290088 0.000000 0.000000 1.000000 0.000000
-0.904744 0.425955 0.000000 455.288794 -0.425955 -0.904744 0.000000 -8.206694 0.000000 0.000000 1.000000 0.000000
-0.906362 0.422502 0.000000 453.120915 -0.422502 -0.906362 0.000000 -9.112591 0.000000 0.000000 1.000000 0.000000
-0.907786 0.419433 0.000000 450.908905 -0.419433 -0.907786 0.000000 -10.109710 0.000000 0.000000 1.000000 0.000000
-0.908671 0.417513 0.000000 448.594582 -0.417513 -0.908671 0.000000 -11.144200 0.000000 0.000000 1.000000 0.000000
-0.909521 0.415659 0.000000 446.227955 -0.415659 -0.909521 0.000000 -12.205388 0.000000 0.000000 1.000000 0.000000
-0.910421 0.413683 0.000000 443.775046 -0.413683 -0.910421 0.000000 -13.215112 0.000000 0.000000 1.000000 0.000000
-0.911918 0.410373 0.000000 441.357407 -0.410373 -0.911918 0.000000 -14.290691 0.000000 0.000000 1.000000 0.000000
-0.911791 0.410654 0.000000 438.900127 -0.410654 -0.911791 0.000000 -15.327655 0.000000 0.000000 1.000000 0.000000
-0.911375 0.411578 0.000000 436.573970 -0.411578 -0.911375 0.000000 -16.376588 0.000000 0.000000 1.000000 0.000000
-0.911074 0.412242 0.000000 434.185238 -0.412242 -0.911074 0.000000 -17.432482 0.000000 0.000000 1.000000 0.000000
-0.911048 0.412300 0.000000 431.874029 -0.412300 -0.911048 0.000000 -18.469098 0.000000 0.000000 1.000000 0.000000
-0.911208 0.411947 0.000000 429.556410 -0.411947 -0.911208 0.000000 -19.476750 0.000000 0.000000 1.000000 0.000000
-0.911159 0.412055 0.000000 427.238625 -0.412055 -0.911159 0.000000 -20.517070 0.000000 0.000000 1.000000 0.000000
-0.911600 0.411077 0.000000 424.985137 -0.411077 -0.911600 0.000000 -21.559830 0.000000 0.000000 1.000000 0.000000
-0.911581 0.411120 0.000000 422.727382 -0.411120 -0.911581 0.000000 -22.507928 0.000000 0.000000 1.000000 0.000000
-0.911816 0.410598 0.000000 420.495550 -0.410598 -0.911816 0.000000 -23.493749 0.000000 0.000000 1.000000 0.000000
-0.912868 0.408254 0.000000 418.280686 -0.408254 -0.912868 0.000000 -24.461416 0.000000 0.000000 1.000000 0.000000
-0.913682 0.406430 0.000000 416.128237 -0.406430 -0.913682 0.000000 -25.418857 0.000000 0.000000 1.000000 0.000000
-0.914751 0.404017 0.000000 414.022557 -0.404017 -0.914751 0.000000 -26.311444 0.000000 0.000000 1.000000 0.000000
-0.915974 0.401237 0.000000 411.961615 -0.401237 -0.915974 0.000000 -27.126873 0.000000 0.000000 1.000000 0.000000
-0.916776 0.399402 0.000000 409.978926 -0.399402 -0.916776 0.000000 -28.031381 0.000000 0.000000 1.000000 0.000000
-0.917673 0.397336 0.000000 408.016061 -0.397336 -0.917673 0.000000 -28.829253 0.000000 0.000000 1.000000 0.000000
-0.918964 0.394341 0.000000 406.134485 -0.394341 -0.918964 0.000000 -29.678402 0.000000 0.000000 1.000000 0.000000
-0.919938 0.392063 0.000000 404.271383 -0.392063 -0.919938 0.000000 -30.389460 0.000000 0.000000 1.000000 0.000000
-0.921003 0.389555 0.000000 402.512700 -0.389555 -0.921003 0.000000 -31.133441 0.000000 0.000000 1.000000 0.000000
-0.921919 0.387383 0.000000 400.799675 -0.387383 -0.921919 0.000000 -31.849141 0.000000 0.000000 1.000000 0.000000
-0.922756 0.385386 0.000000 399.192079 -0.385386 -0.922756 0.000000 -32.510825 0.000000 0.000000 1.000000 0.000000
-0.922945 0.384932 0.000000 397.613403 -0.384932 -0.922945 0.000000 -33.124603 0.000000 0.000000 1.000000 0.000000
-0.923442 0.383738 0.000000 396.136544 -0.383738 -0.923442 0.000000 -33.726902 0.000000 0.000000 1.000000 0.000000
-0.923785 0.382912 0.000000 393.459543 -0.382912 -0.923785 0.000000 -34.796393 0.000000 0.000000 1.000000 0.000000
-0.923852 0.382751 0.000000 391.085775 -0.382751 -0.923852 0.000000 -35.750462 0.000000 0.000000 1.000000 0.000000
-0.923232 0.384242 0.000000 389.050346 -0.384242 -0.923232 0.000000 -36.604314 0.000000 0.000000 1.000000 0.000000
-0.923500 0.383598 0.000000 387.339215 -0.383598 -0.923500 0.000000 -37.265829 0.000000 0.000000 1.000000 0.000000
-0.923414 0.383806 0.000000 385.360784 -0.383806 -0.923414 0.000000 -38.049824 0.000000 0.000000 1.000000 0.000000
-0.923742 0.383016 0.000000 383.904799 -0.383016 -0.923742 0.000000 -38.631063 0.000000 0.000000 1.000000 0.000000
-0.924059 0.382251 0.000000 382.450590 -0.382251 -0.924059 0.000000 -39.182452 0.000000 0.000000 1.000000 0.000000
-0.923892 0.382654 0.000000 381.035504 -0.382654 -0.923892 0.000000 -39.725889 0.000000 0.000000 1.000000 0.000000
-0.923878 0.382687 0.000000 379.435168 -0.382687 -0.923878 0.000000 -40.376286 0.000000 0.000000 1.000000 0.000000
-0.923850 0.382754 0.000000 377.775783 -0.382754 -0.923850 0.000000 -41.016747 0.000000 0.000000 1.000000 0.000000
-0.923541 0.383500 0.000000 376.260323 -0.383500 -0.923541 0.000000 -41.656363 0.000000 0.000000 1.000000 0.000000
-0.923702 0.383112 0.000000 374.280588 -0.383112 -0.923702 0.000000 -42.426276 0.000000 0.000000 1.000000 0.000000
-0.925989 0.377551 0.000000 371.767464 -0.377551 -0.925989 0.000000 -43.439087 0.000000 0.000000 1.000000 0.000000
-0.927649 0.373453 0.000000 370.356197 -0.373453 -0.927649 0.000000 -43.984765 0.000000 0.000000 1.000000 0.000000
-0.929871 0.367886 0.000000 368.799710 -0.367886 -0.929871 0.000000 -44.602920 0.000000 0.000000 1.000000 0.000000
-0.934032 0.357190 0.000000 367.128301 -0.357190 -0.934032 0.000000 -45.205636 0.000000 0.000000 1.000000 0.000000
-0.938635 0.344912 0.000000 365.357267 -0.344912 -0.938635 0.000000 -45.799089 0.000000 0.000000 1.000000 0.000000
-0.942743 0.333520 0.000000 363.510025 -0.333520 -0.942743 0.000000 -46.432731 0.000000 0.000000 1.000000 0.000000
-0.946642 0.322288 0.000000 361.530086 -0.322288 -0.946642 0.000000 -47.046727 0.000000 0.000000 1.000000 0.000000
-0.950367 0.311130 0.000000 359.492741 -0.311130 -0.950367 0.000000 -47.673650 0.000000 0.000000 1.000000 0.000000
-0.953803 0.300433 0.000000 357.336387 -0.300433 -0.953803 0.000000 -48.312235 0.000000 0.000000 1.000000 0.000000
-0.955619 0.294606 0.000000 355.089243 -0.294606 -0.955619 0.000000 -48.949229 0.000000 0.000000 1.000000 0.000000
-0.956546 0.291581 0.000000 352.790354 -0.291581 -0.956546 0.000000 -49.648521 0.000000 0.000000 1.000000 0.000000
-0.958056 0.286581 0.000000 350.457961 -0.286581 -0.958056 0.000000 -50.314492 0.000000 0.000000 1.000000 0.000000
-0.959218 0.282668 0.000000 347.993776 -0.282668 -0.959218 0.000000 -50.938017 0.000000 0.000000 1.000000 0.000000
-0.960207 0.279289 0.000000 345.477135 -0.279289 -0.960207 0.000000 -51.590488 0.000000 0.000000 1.000000 0.000000
-0.960954 0.276707 0.000000 342.974668 -0.276707 -0.960954 0.000000 -52.328033 0.000000 0.000000 1.000000 0.000000
-0.961373 0.275248 0.000000 340.335722 -0.275248 -0.961373 0.000000 -53.005285 0.000000 0.000000 1.000000 0.000000
-0.960573 0.278029 0.000000 337.740930 -0.278029 -0.960573 0.000000 -53.770647 0.000000 0.000000 1.000000 0.000000
-0.960058 0.279802 0.000000 335.063182 -0.279802 -0.960058 0.000000 -54.540357 0.000000 0.000000 1.000000 0.000000
-0.958765 0.284202 0.000000 332.332482 -0.284202 -0.958765 0.000000 -55.281338 0.000000 0.000000 1.000000 0.000000
-0.957131 0.289654 0.000000 329.616309 -0.289654 -0.957131 0.000000 -56.066874 0.000000 0.000000 1.000000 0.000000
-0.955438 0.295190 0.000000 326.948441 -0.295190 -0.955438 0.000000 -56.927566 0.000000 0.000000 1.000000 0.000000
-0.954086 0.299534 0.000000 324.187397 -0.299534 -0.954086 0.000000 -57.702972 0.000000 0.000000 1.000000 0.000000
-0.952712 0.303874 0.000000 321.490900 -0.303874 -0.952712 0.000000 -58.530334 0.000000 0.000000 1.000000 0.000000
-0.951384 0.308008 0.000000 318.722311 -0.308008 -0.951384 0.000000 -59.376425 0.000000 0.000000 1.000000 0.000000
-0.949824 0.312785 0.000000 315.976597 -0.312785 -0.949824 0.000000 -60.265481 0.000000 0.000000 1.000000 0.000000
-0.948852 0.315720 0.000000 313.219499 -0.315720 -0.948852 0.000000 -61.113505 0.000000 0.000000 1.000000 0.000000
-0.948337 0.317265 0.000000 310.465524 -0.317265 -0.948337 0.000000 -61.984731 0.000000 0.000000 1.000000 0.000000
-0.947395 0.320067 0.000000 307.716287 -0.320067 -0.947395 0.000000 -62.924034 0.000000 0.000000 1.000000 0.000000
-0.947132 0.320845 0.000000 304.971619 -0.320845 -0.947132 0.000000 -63.833783 0.000000 0.000000 1.000000 0.000000
-0.946598 0.322415 0.000000 302.217594 -0.322415 -0.946598 0.000000 -64.696985 0.000000 0.000000 1.000000 0.000000
-0.946050 0.324021 0.000000 299.564573 -0.324021 -0.946050 0.000000 -65.561688 0.000000 0.000000 1.000000 0.000000
-0.945600 0.325332 0.000000 296.869769 -0.325332 -0.945600 0.000000 -66.472724 0.000000 0.000000 1.000000 0.000000
-0.945202 0.326486 0.000000 294.256024 -0.326486 -0.945202 0.000000 -67.402166 0.000000 0.000000 1.000000 0.000000
-0.945555 0.325461 0.000000 291.566694 -0.325461 -0.945555 0.000000 -68.205838 0.000000 0.000000 1.000000 0.000000
-0.946078 0.323940 0.000000 289.000810 -0.323940 -0.946078 0.000000 -69.032412 0.000000 0.000000 1.000000 0.000000
-0.946648 0.322268 0.000000 286.328535 -0.322268 -0.946648 0.000000 -69.914652 0.000000 0.000000 1.000000 0.000000
-0.946374 0.323075 0.000000 283.734415 -0.323075 -0.946374 0.000000 -70.724665 0.000000 0.000000 1.000000 0.000000
-0.945809 0.324723 0.000000 281.175236 -0.324723 -0.945809 0.000000 -71.553314 0.000000 0.000000 1.000000 0.000000
-0.944727 0.327859 0.000000 278.683113 -0.327859 -0.944727 0.000000 -72.488871 0.000000 0.000000 1.000000 0.000000
-0.942759 0.333474 0.000000 276.147268 -0.333474 -0.942759 0.000000 -73.296727 0.000000 0.000000 1.000000 0.000000
-0.940323 0.340284 0.000000 273.707078 -0.340284 -0.940323 0.000000 -74.117568 0.000000 0.000000 1.000000 0.000000
-0.937288 0.348555 0.000000 271.231767 -0.348555 -0.937288 0.000000 -74.988635 0.000000 0.000000 1.000000 0.000000
-0.934215 0.356709 0.000000 268.812278 -0.356709 -0.934215 0.000000 -75.823809 0.000000 0.000000 1.000000 0.000000
-0.931812 0.362942 0.000000 266.426773 -0.362942 -0.931812 0.000000 -76.664573 0.000000 0.000000 1.000000 0.000000
-0.929675 0.368380 0.000000 264.058689 -0.368380 -0.929675 0.000000 -77.591387 0.000000 0.000000 1.000000 0.000000
-0.927673 0.373395 0.000000 261.688839 -0.373395 -0.927673 0.000000 -78.487314 0.000000 0.000000 1.000000 0.000000
-0.925869 0.377844 0.000000 259.349556 -0.377844 -0.925869 0.000000 -79.432201 0.000000 0.000000 1.000000 0.000000
-0.924191 0.381932 0.000000 256.982365 -0.381932 -0.924191 0.000000 -80.343221 0.000000 0.000000 1.000000 0.000000
-0.923160 0.384416 0.000000 254.633852 -0.384416 -0.923160 0.000000 -81.340354 0.000000 0.000000 1.000000 0.000000
-0.922194 0.386728 0.000000 252.264295 -0.386728 -0.922194 0.000000 -82.292269 0.000000 0.000000 1.000000 0.000000
-0.921652 0.388017 0.000000 249.855011 -0.388017 -0.921652 0.000000 -83.273729 0.000000 0.000000 1.000000 0.000000
-0.921004 0.389553 0.000000 247.523748 -0.389553 -0.921004 0.000000 -84.217186 0.000000 0.000000 1.000000 0.000000
-0.921017 0.389523 0.000000 245.198051 -0.389523 -0.921017 0.000000 -85.198535 0.000000 0.000000 1.000000 0.000000
-0.921339 0.388760 0.000000 242.901118 -0.388760 -0.921339 0.000000 -86.153867 0.000000 0.000000 1.000000 0.000000
-0.922248 0.386599 0.000000 240.546699 -0.386599 -0.922248 0.000000 -87.105598 0.000000 0.000000 1.000000 0.000000
-0.924543 0.381079 0.000000 238.098829 -0.381079 -0.924543 0.000000 -88.060688 0.000000 0.000000 1.000000 0.000000
-0.925302 0.379232 0.000000 235.739735 -0.379232 -0.925302 0.000000 -89.020861 0.000000 0.000000 1.000000 0.000000
-0.926083 0.377320 0.000000 233.353267 -0.377320 -0.926083 0.000000 -89.966096 0.000000 0.000000 1.000000 0.000000
