0.999996 0.002977 0.000000 1.287486 -0.002977 0.999996 -0.000000 -0.000857 -0.000000 0.000000 1.000000 0.000000
0.999970 0.007808 0.000000 3.014239 -0.007808 0.999970 -0.000000 -0.012541 -0.000000 0.000000 1.000000 0.000000
0.999954 0.009602 0.000000 5.016441 -0.009602 0.999954 -0.000000 -0.036497 -0.000000 0.000000 1.000000 0.000000
0.999901 0.014075 0.000000 7.332475 -0.014075 0.999901 -0.000000 -0.074602 -0.000000 0.000000 1.000000 0.000000
0.999840 0.017879 0.000000 9.929392 -0.017879 0.999840 -0.000000 -0.118158 -0.000000 0.000000 1.000000 0.000000
0.999770 0.021469 0.000000 12.697251 -0.021469 0.999770 -0.000000 -0.175482 -0.000000 0.000000 1.000000 0.000000
0.999640 0.026821 0.000000 15.582167 -0.026821 0.999640 -0.000000 -0.246507 -0.000000 0.000000 1.000000 0.000000
0.999437 0.033543 0.000000 18.547485 -0.033543 0.999437 -0.000000 -0.336354 -0.000000 0.000000 1.000000 0.000000
0.999340 0.036334 0.000000 20.036437 -0.036334 0.999340 -0.000000 -0.390049 -0.000000 0.000000 1.000000 0.000000
0.999067 0.043189 0.000000 22.991087 -0.043189 0.999067 -0.000000 -0.508815 -0.000000 0.000000 1.000000 0.000000
0.998635 0.052233 0.000000 25.917167 -0.052233 0.998635 -0.000000 -0.652295 -0.000000 0.000000 1.000000 0.000000
0.998168 0.060505 0.000000 28.807267 -0.060505 0.998168 -0.000000 -0.818888 -0.000000 0.000000 1.000000 0.000000
0.997557 0.069860 0.000000 31.645051 -0.069860 0.997557 -0.000000 -1.005004 -0.000000 0.000000 1.000000 0.000000
0.996985 0.077597 0.000000 34.462707 -0.077597 0.996985 -0.000000 -1.213444 -0.000000 0.000000 1.000000 0.000000
0.996076 0.088497 0.000000 37.244585 -0.088497 0.996076 -0.000000 -1.444434 -0.000000 0.000000 1.000000 0.000000
0.995066 0.099213 0.000000 40.023524 -0.099213 0.995066 -0.000000 -1.706048 -0.000000 0.000000 1.000000 0.000000
0.993916 0.110140 0.000000 42.814728 -0.110140 0.993916 -0.000000 -1.999478 -0.000000 0.000000 1.000000 0.000000
0.993112 0.117165 0.000000 45.682573 -0.117165 0.993112 -0.000000 -2.327803 -0.000000 0.000000 1.000000 0.000000
0.992319 0.123705 0.000000 48.616882 -0.123705 0.992319 -0.000000 -2.682986 -0.000000 0.000000 1.000000 0.000000
0.991381 0.131007 0.000000 51.628060 -0.131007 0.991381 -0.000000 -3.069748 -0.000000 0.000000 1.000000 0.000000
0.990944 0.134275 0.000000 53.163946 -0.134275 0.990944 -0.000000 -3.274841 -0.000000 0.000000 1.000000 0.000000
0.990795 0.135370 0.000000 54.734747 -0.135370 0.990795 -0.000000 -3.488962 -0.000000 0.000000 1.000000 0.000000
0.990924 0.134425 0.000000 56.328673 -0.134425 0.990924 -0.000000 -3.705743 -0.000000 0.000000 1.000000 0.000000
0.991044 0.133534 0.000000 57.958061 -0.133534 0.991044 -0.000000 -3.926195 -0.000000 0.000000 1.000000 0.000000
0.991170 0.132600 0.000000 59.612360 -0.132600 0.991170 -0.000000 -4.148107 -0.000000 0.000000 1.000000 0.000000
0.991248 0.132011 0.000000 61.297804 -0.132011 0.991248 -0.000000 -4.373021 -0.000000 0.000000 1.000000 0.000000
0.991374 0.131060 0.000000 63.005224 -0.131060 0.991374 -0.000000 -4.599340 -0.000000 0.000000 1.000000 0.000000
0.991413 0.130767 0.000000 64.738632 -0.130767 0.991413 -0.000000 -4.827871 -0.000000 0.000000 1.000000 0.000000
0.991354 0.131217 0.000000 66.506103 -0.131217 0.991354 -0.000000 -5.061566 -0.000000 0.000000 1.000000 0.000000
0.991302 0.131608 0.000000 68.287937 -0.131608 0.991302 -0.000000 -5.297752 -0.000000 0.000000 1.000000 0.000000
0.991251 0.131991 0.000000 70.098009 -0.131991 0.991251 -0.000000 -5.538410 -0.000000 0.000000 1.000000 0.000000
0.991291 0.131688 0.000000 71.925801 -0.131688 0.991291 -0.000000 -5.781905 -0.000000 0.000000 1.000000 0.000000
0.991588 0.129437 0.000000 73.776405 -0.129437 0.991588 -0.000000 -6.025821 -0.000000 0.000000 1.000000 0.000000
0.992009 0.126170 0.000000 75.653113 -0.126170 0.992009 -0.000000 -6.267772 -0.000000 0.000000 1.000000 0.000000
0.992396 0.123082 0.000000 77.550573 -0.123082 0.992396 -0.000000 -6.506084 -0.000000 0.000000 1.000000 0.000000
0.992802 0.119765 0.000000 79.448973 -0.119765 0.992802 -0.000000 -6.738363 -0.000000 0.000000 1.000000 0.000000
0.993136 0.116969 0.000000 81.349404 -0.116969 0.993136 -0.000000 -6.965149 -0.000000 0.000000 1.000000 0.000000
0.993498 0.113847 0.000000 83.266296 -0.113847 0.993498 -0.000000 -7.187460 -0.000000 0.000000 1.000000 0.000000
0.993819 0.111011 0.000000 85.175148 -0.111011 0.993819 -0.000000 -7.403502 -0.000000 0.000000 1.000000 0.000000
0.994117 0.108314 0.000000 87.073612 -0.108314 0.994117 -0.000000 -7.613205 -0.000000 0.000000 1.000000 0.000000
0.994179 0.107738 0.000000 88.956976 -0.107738 0.994179 -0.000000 -7.817156 -0.000000 0.000000 1.000000 0.000000
0.994098 0.108489 0.000000 90.813843 -0.108489 0.994098 -0.000000 -8.018775 -0.000000 0.000000 1.000000 0.000000
0.993999 0.109387 0.000000 92.653211 -0.109387 0.993999 -0.000000 -8.219540 -0.000000 0.000000 1.000000 0.000000
0.993903 0.110257 0.000000 94.476761 -0.110257 0.993903 -0.000000 -8.420900 -0.000000 0.000000 1.000000 0.000000
0.993829 0.110923 0.000000 96.270225 -0.110923 0.993829 -0.000000 -8.620001 -0.000000 0.000000 1.000000 0.000000
0.993761 0.111529 0.000000 98.051000 -0.111529 0.993761 -0.000000 -8.818971 -0.000000 0.000000 1.000000 0.000000
0.993724 0.111863 0.000000 99.815314 -0.111863 0.993724 -0.000000 -9.016889 -0.000000 0.000000 1.000000 0.000000
0.993722 0.111877 0.000000 101.552262 -0.111877 0.993722 -0.000000 -9.211897 -0.000000 0.000000 1.000000 0.000000
0.993749 0.111641 0.000000 103.269091 -0.111641 0.993749 -0.000000 -9.405318 -0.000000 0.000000 1.000000 0.000000
0.993846 0.110775 0.000000 104.991300 -0.110775 0.993846 -0.000000 -9.596973 -0.000000 0.000000 1.000000 0.000000
0.993778 0.111375 0.000000 106.737304 -0.111375 0.993778 -0.000000 -9.792243 -0.000000 0.000000 1.000000 0.000000
0.993786 0.111304 0.000000 108.479577 -0.111304 0.993786 -0.000000 -9.987874 -0.000000 0.000000 1.000000 0.000000
0.993742 0.111704 0.000000 110.218653 -0.111704 0.993742 -0.000000 -10.182824 -0.000000 0.000000 1.000000 0.000000
0.993755 0.111582 0.000000 111.969850 -0.111582 0.993755 -0.000000 -10.379303 -0.000000 0.000000 1.000000 0.000000
0.993729 0.111817 0.000000 113.736772 -0.111817 0.993729 -0.000000 -10.576623 -0.000000 0.000000 1.000000 0.000000
0.993675 0.112293 0.000000 115.522241 -0.112293 0.993675 -0.000000 -10.777672 -0.000000 0.000000 1.000000 0.000000
0.993717 0.111925 0.000000 117.311750 -0.111925 0.993717 -0.000000 -10.979303 -0.000000 0.000000 1.000000 0.000000
0.993788 0.111292 0.000000 119.132209 -0.111292 0.993788 -0.000000 -11.183432 -0.000000 0.000000 1.000000 0.000000
0.993902 0.110266 0.000000 120.961820 -0.110266 0.993902 -0.000000 -11.386585 -0.000000 0.000000 1.000000 0.000000
0.994198 0.107565 0.000000 122.800962 -0.107565 0.994198 -0.000000 -11.587862 -0.000000 0.000000 1.000000 0.000000
0.994704 0.102778 0.000000 124.656136 -0.102778 0.994704 -0.000000 -11.784263 -0.000000 0.000000 1.000000 0.000000
0.995302 0.096822 0.000000 126.502301 -0.096822 0.995302 -0.000000 -11.969212 -0.000000 0.000000 1.000000 0.000000
0.995865 0.090848 0.000000 128.344483 -0.090848 0.995865 -0.000000 -12.143318 -0.000000 0.000000 1.000000 0.000000
0.996336 0.085524 0.000000 130.174815 -0.085524 0.996336 -0.000000 -12.305830 -0.000000 0.000000 1.000000 0.000000
0.996820 0.079688 0.000000 131.990102 -0.079688 0.996820 -0.000000 -12.456972 -0.000000 0.000000 1.000000 0.000000
0.997276 0.073760 0.000000 133.778680 -0.073760 0.997276 -0.000000 -12.595612 -0.000000 0.000000 1.000000 0.000000
0.997644 0.068596 0.000000 135.553191 -0.068596 0.997644 -0.000000 -12.723697 -0.000000 0.000000 1.000000 0.000000
0.997947 0.064050 0.000000 137.315669 -0.064050 0.997947 -0.000000 -12.841922 -0.000000 0.000000 1.000000 0.000000
0.998183 0.060251 0.000000 139.080069 -0.060251 0.998183 -0.000000 -12.953551 -0.000000 0.000000 1.000000 0.000000
0.998355 0.057343 0.000000 140.848851 -0.057343 0.998355 -0.000000 -13.058953 -0.000000 0.000000 1.000000 0.000000
0.998513 0.054506 0.000000 142.619112 -0.054506 0.998513 -0.000000 -13.157564 -0.000000 0.000000 1.000000 0.000000
0.998572 0.053428 0.000000 144.437534 -0.053428 0.998572 -0.000000 -13.256209 -0.000000 0.000000 1.000000 0.000000
0.998595 0.052989 0.000000 146.293595 -0.052989 0.998595 -0.000000 -13.355422 -0.000000 0.000000 1.000000 0.000000
0.998565 0.053551 0.000000 148.165213 -0.053551 0.998565 -0.000000 -13.455639 -0.000000 0.000000 1.000000 0.000000
0.998495 0.054837 0.000000 150.063705 -0.054837 0.998495 -0.000000 -13.559862 -0.000000 0.000000 1.000000 0.000000
0.998452 0.055612 0.000000 151.992566 -0.055612 0.998452 -0.000000 -13.667494 -0.000000 0.000000 1.000000 0.000000
0.998406 0.056440 0.000000 153.931951 -0.056440 0.998406 -0.000000 -13.776813 -0.000000 0.000000 1.000000 0.000000
0.998320 0.057949 0.000000 155.898826 -0.057949 0.998320 -0.000000 -13.890171 -0.000000 0.000000 1.000000 0.000000
0.998198 0.060003 0.000000 157.875918 -0.060003 0.998198 -0.000000 -14.007795 -0.000000 0.000000 1.000000 0.000000
0.998050 0.062424 0.000000 159.879286 -0.062424 0.998050 -0.000000 -14.131503 -0.000000 0.000000 1.000000 0.000000
0.997877 0.065134 0.000000 161.893049 -0.065134 0.997877 -0.000000 -14.260766 -0.000000 0.000000 1.000000 0.000000
0.997553 0.069914 0.000000 163.900886 -0.069914 0.997553 -0.000000 -14.395973 -0.000000 0.000000 1.000000 0.000000
0.996953 0.078004 0.000000 165.912064 -0.078004 0.996953 -0.000000 -14.544755 -0.000000 0.000000 1.000000 0.000000
0.996237 0.086667 0.000000 167.935721 -0.086667 0.996237 -0.000000 -14.711687 -0.000000 0.000000 1.000000 0.000000
0.995466 0.095116 0.000000 169.971649 -0.095116 0.995466 -0.000000 -14.897363 -0.000000 0.000000 1.000000 0.000000
0.994659 0.103216 0.000000 172.017561 -0.103216 0.994659 -0.000000 -15.101055 -0.000000 0.000000 1.000000 0.000000
0.994159 0.107927 0.000000 174.054261 -0.107927 0.994159 -0.000000 -15.317682 -0.000000 0.000000 1.000000 0.000000
0.994028 0.109127 0.000000 176.076764 -0.109127 0.994028 -0.000000 -15.538401 -0.000000 0.000000 1.000000 0.000000
0.994007 0.109320 0.000000 178.068683 -0.109320 0.994007 -0.000000 -15.756832 -0.000000 0.000000 1.000000 0.000000
0.993991 0.109466 0.000000 180.041707 -0.109466 0.993991 -0.000000 -15.973645 -0.000000 0.000000 1.000000 0.000000
0.994123 0.108257 0.000000 182.000095 -0.108257 0.994123 -0.000000 -16.188978 -0.000000 0.000000 1.000000 0.000000
0.994444 0.105270 0.000000 183.892360 -0.105270 0.994444 -0.000000 -16.392629 -0.000000 0.000000 1.000000 0.000000
0.994882 0.101046 0.000000 185.798015 -0.101046 0.994882 -0.000000 -16.589508 -0.000000 0.000000 1.000000 0.000000
0.995286 0.096982 0.000000 187.744078 -0.096982 0.995286 -0.000000 -16.782517 -0.000000 0.000000 1.000000 0.000000
0.995683 0.092818 0.000000 189.727315 -0.092818 0.995683 -0.000000 -16.971339 -0.000000 0.000000 1.000000 0.000000
0.995818 0.091362 0.000000 191.713267 -0.091362 0.995818 -0.000000 -17.154501 -0.000000 0.000000 1.000000 0.000000
0.995904 0.090416 0.000000 193.706907 -0.090416 0.995904 -0.000000 -17.336557 -0.000000 0.000000 1.000000 0.000000
0.996039 0.088912 0.000000 195.711984 -0.088912 0.996039 -0.000000 -17.517689 -0.000000 0.000000 1.000000 0.000000
0.996249 0.086533 0.000000 197.716013 -0.086533 0.996249 -0.000000 -17.694532 -0.000000 0.000000 1.000000 0.000000
0.996431 0.084407 0.000000 199.736861 -0.084407 0.996431 -0.000000 -17.868316 -0.000000 0.000000 1.000000 0.000000
0.996603 0.082359 0.000000 201.780520 -0.082359 0.996603 -0.000000 -18.039304 -0.000000 0.000000 1.000000 0.000000
0.996742 0.080659 0.000000 203.846039 -0.080659 0.996742 -0.000000 -18.208436 -0.000000 0.000000 1.000000 0.000000
0.996872 0.079030 0.000000 205.924077 -0.079030 0.996872 -0.000000 -18.374875 -0.000000 0.000000 1.000000 0.000000
0.997019 0.077157 0.000000 208.033252 -0.077157 0.997019 -0.000000 -18.540695 -0.000000 0.000000 1.000000 0.000000
0.997163 0.075272 0.000000 210.137027 -0.075272 0.997163 -0.000000 -18.701687 -0.000000 0.000000 1.000000 0.000000
0.997402 0.072035 0.000000 212.220648 -0.072035 0.997402 -0.000000 -18.856038 -0.000000 0.000000 1.000000 0.000000
0.997740 0.067189 0.000000 214.288548 -0.067189 0.997740 -0.000000 -19.000123 -0.000000 0.000000 1.000000 0.000000
0.998011 0.063039 0.000000 216.336083 -0.063039 0.998011 -0.000000 -19.133187 -0.000000 0.000000 1.000000 0.000000
0.998150 0.060795 0.000000 218.355910 -0.060795 0.998150 -0.000000 -19.257836 -0.000000 0.000000 1.000000 0.000000
0.998253 0.059089 0.000000 220.343707 -0.059089 0.998253 -0.000000 -19.376684 -0.000000 0.000000 1.000000 0.000000
0.998322 0.057900 0.000000 222.312349 -0.057900 0.998322 -0.000000 -19.491687 -0.000000 0.000000 1.000000 0.000000
0.998396 0.056613 0.000000 224.246073 -0.056613 0.998396 -0.000000 -19.601901 -0.000000 0.000000 1.000000 0.000000
0.998473 0.055245 0.000000 226.142179 -0.055245 0.998473 -0.000000 -19.707643 -0.000000 0.000000 1.000000 0.000000
0.998529 0.054215 0.000000 228.016266 -0.054215 0.998529 -0.000000 -19.809884 -0.000000 0.000000 1.000000 0.000000
0.998615 0.052607 0.000000 229.869501 -0.052607 0.998615 -0.000000 -19.908618 -0.000000 0.000000 1.000000 0.000000
0.998652 0.051905 0.000000 231.719223 -0.051905 0.998652 -0.000000 -20.005117 -0.000000 0.000000 1.000000 0.000000
0.998769 0.049595 0.000000 233.566177 -0.049595 0.998769 -0.000000 -20.099869 -0.000000 0.000000 1.000000 0.000000
0.998777 0.049448 0.000000 235.404549 -0.049448 0.998777 -0.000000 -20.190784 -0.000000 0.000000 1.000000 0.000000
0.998834 0.048280 0.000000 237.283140 -0.048280 0.998834 -0.000000 -20.281409 -0.000000 0.000000 1.000000 0.000000
0.998885 0.047220 0.000000 239.200470 -0.047220 0.998885 -0.000000 -20.373202 -0.000000 0.000000 1.000000 0.000000
0.998927 0.046309 0.000000 241.152463 -0.046309 0.998927 -0.000000 -20.464801 -0.000000 0.000000 1.000000 0.000000
0.999081 0.042871 0.000000 243.101453 -0.042871 0.999081 -0.000000 -20.552273 -0.000000 0.000000 1.000000 0.000000
0.999326 0.036702 0.000000 245.067410 -0.036702 0.999326 -0.000000 -20.631476 -0.000000 0.000000 1.000000 0.000000
0.999545 0.030175 0.000000 247.071195 -0.030175 0.999545 -0.000000 -20.699498 -0.000000 0.000000 1.000000 0.000000
0.999725 0.023440 0.000000 249.097874 -0.023440 0.999725 -0.000000 -20.754489 -0.000000 0.000000 1.000000 0.000000
0.999853 0.017121 0.000000 251.149834 -0.017121 0.999853 -0.000000 -20.796784 -0.000000 0.000000 1.000000 0.000000
0.999943 0.010720 0.000000 253.212659 -0.010720 0.999943 -0.000000 -20.826131 -0.000000 0.000000 1.000000 0.000000
0.999989 0.004586 0.000000 255.295059 -0.004586 0.999989 -0.000000 -20.842377 -0.000000 0.000000 1.000000 0.000000
0.999999 -0.001451 0.000000 257.396111 0.001451 0.999999 0.000000 -20.845771 0.000000 0.000000 1.000000 0.000000
0.999974 -0.007261 0.000000 259.536307 0.007261 0.999974 0.000000 -20.835625 0.000000 0.000000 1.000000 0.000000
0.999924 -0.012316 0.000000 261.701994 0.012316 0.999924 0.000000 -20.812398 0.000000 0.000000 1.000000 0.000000
0.999900 -0.014134 0.000000 263.879509 0.014134 0.999900 0.000000 -20.780984 0.000000 0.000000 1.000000 0.000000
0.999902 -0.014006 0.000000 266.073335 0.014006 0.999902 0.000000 -20.748666 0.000000 0.000000 1.000000 0.000000
0.999901 -0.014078 0.000000 268.266468 0.014078 0.999901 0.000000 -20.717647 0.000000 0.000000 1.000000 0.000000
0.999895 -0.014494 0.000000 270.471887 0.014494 0.999895 0.000000 -20.686106 0.000000 0.000000 1.000000 0.000000
0.999906 -0.013730 0.000000 272.683576 0.013730 0.999906 0.000000 -20.653870 0.000000 0.000000 1.000000 0.000000
0.999935 -0.011398 0.000000 274.905588 0.011398 0.999935 0.000000 -20.625340 0.000000 0.000000 1.000000 0.000000
0.999961 -0.008812 0.000000 277.120290 0.008812 0.999961 0.000000 -20.602371 0.000000 0.000000 1.000000 0.000000
0.999977 -0.006733 0.000000 279.306604 0.006733 0.999977 0.000000 -20.584442 0.000000 0.000000 1.000000 0.000000
0.999980 -0.006389 0.000000 281.504240 0.006389 0.999980 0.000000 -20.569971 0.000000 0.000000 1.000000 0.000000
0.999978 -0.006631 0.000000 283.660527 0.006631 0.999978 0.000000 -20.555236 0.000000 0.000000 1.000000 0.000000
0.999976 -0.006955 0.000000 285.795571 0.006955 0.999976 0.000000 -20.540371 0.000000 0.000000 1.000000 0.000000
0.999975 -0.007031 0.000000 287.922374 0.007031 0.999975 0.000000 -20.524410 0.000000 0.000000 1.000000 0.000000
0.999974 -0.007179 0.000000 290.052715 0.007179 0.999974 0.000000 -20.509199 0.000000 0.000000 1.000000 0.000000
0.999962 -0.008733 0.000000 292.152479 0.008733 0.999962 0.000000 -20.491374 0.000000 0.000000 1.000000 0.000000
0.999958 -0.009145 0.000000 294.269560 0.009145 0.999958 0.000000 -20.472577 0.000000 0.000000 1.000000 0.000000
0.999940 -0.010921 0.000000 296.426932 0.010921 0.999940 0.000000 -20.450281 0.000000 0.000000 1.000000 0.000000
0.999925 -0.012243 0.000000 298.691974 0.012243 0.999925 0.000000 -20.424037 0.000000 0.000000 1.000000 0.000000
0.999908 -0.013584 0.000000 300.824079 0.013584 0.999908 0.000000 -20.396688 0.000000 0.000000 1.000000 0.000000
0.999889 -0.014917 0.000000 303.033300 0.014917 0.999889 0.000000 -20.365606 0.000000 0.000000 1.000000 0.000000
0.999873 -0.015947 0.000000 305.271047 0.015947 0.999873 0.000000 -20.331967 0.000000 0.000000 1.000000 0.000000
0.999846 -0.017541 0.000000 307.507730 0.017541 0.999846 0.000000 -20.295365 0.000000 0.000000 1.000000 0.000000
0.999814 -0.019293 0.000000 309.749849 0.019293 0.999814 0.000000 -20.254686 0.000000 0.000000 1.000000 0.000000
0.999751 -0.022306 0.000000 311.992217 0.022306 0.999751 0.000000 -20.208058 0.000000 0.000000 1.000000 0.000000
0.999666 -0.025858 0.000000 314.227645 0.025858 0.999666 0.000000 -20.153761 0.000000 0.000000 1.000000 0.000000
0.999564 -0.029514 0.000000 316.455707 0.029514 0.999564 0.000000 -20.091294 0.000000 0.000000 1.000000 0.000000
0.999453 -0.033072 0.000000 318.690386 0.033072 0.999453 0.000000 -20.021069 0.000000 0.000000 1.000000 0.000000
0.999327 -0.036670 0.000000 320.879562 0.036670 0.999327 0.000000 -19.944094 0.000000 0.000000 1.000000 0.000000
0.999190 -0.040236 0.000000 323.055183 0.040236 0.999190 0.000000 -19.859181 0.000000 0.000000 1.000000 0.000000
0.999057 -0.043408 0.000000 325.210686 0.043408 0.999057 0.000000 -19.768100 0.000000 0.000000 1.000000 0.000000
0.998903 -0.046820 0.000000 327.339797 0.046820 0.998903 0.000000 -19.671586 0.000000 0.000000 1.000000 0.000000
0.998747 -0.050051 0.000000 329.421001 0.050051 0.998747 0.000000 -19.571636 0.000000 0.000000 1.000000 0.000000
0.998493 -0.054886 0.000000 331.468502 0.054886 0.998493 0.000000 -19.463688 0.000000 0.000000 1.000000 0.000000
0.998176 -0.060378 0.000000 333.523353 0.060378 0.998176 0.000000 -19.343491 0.000000 0.000000 1.000000 0.000000
0.997681 -0.068061 0.000000 335.572065 0.068061 0.997681 0.000000 -19.212473 0.000000 0.000000 1.000000 0.000000
0.997189 -0.074932 0.000000 337.622394 0.074932 0.997189 0.000000 -19.065635 0.000000 0.000000 1.000000 0.000000
0.996725 -0.080872 0.000000 339.656904 0.080872 0.996725 0.000000 -18.906634 0.000000 0.000000 1.000000 0.000000
0.996263 -0.086371 0.000000 341.703137 0.086371 0.996263 0.000000 -18.734791 0.000000 0.000000 1.000000 0.000000
0.995790 -0.091665 0.000000 343.733247 0.091665 0.995790 0.000000 -18.553728 0.000000 0.000000 1.000000 0.000000
0.995459 -0.095196 0.000000 345.765008 0.095196 0.995459 0.000000 -18.362156 0.000000 0.000000 1.000000 0.000000
0.995285 -0.096996 0.000000 347.792101 0.096996 0.995285 0.000000 -18.165089 0.000000 0.000000 1.000000 0.000000
0.995213 -0.097726 0.000000 349.805546 0.097726 0.995213 0.000000 -17.966902 0.000000 0.000000 1.000000 0.000000
0.995111 -0.098758 0.000000 351.802558 0.098758 0.995111 0.000000 -17.769176 0.000000 0.000000 1.000000 0.000000
0.995002 -0.099853 0.000000 353.775184 0.099853 0.995002 0.000000 -17.572201 0.000000 0.000000 1.000000 0.000000
0.994874 -0.101123 0.000000 355.728445 0.101123 0.994874 0.000000 -17.374930 0.000000 0.000000 1.000000 0.000000
0.994722 -0.102605 0.000000 357.650974 0.102605 0.994722 0.000000 -17.178323 0.000000 0.000000 1.000000 0.000000
0.994361 -0.106050 0.000000 359.585250 0.106050 0.994361 0.000000 -16.975004 0.000000 0.000000 1.000000 0.000000
0.994058 -0.108853 0.000000 361.511089 0.108853 0.994058 0.000000 -16.767007 0.000000 0.000000 1.000000 0.000000
0.993669 -0.112348 0.000000 363.465365 0.112348 0.993669 0.000000 -16.549747 0.000000 0.000000 1.000000 0.000000
0.993256 -0.115940 0.000000 365.389980 0.115940 0.993256 0.000000 -16.328746 0.000000 0.000000 1.000000 0.000000
0.992889 -0.119044 0.000000 367.340582 0.119044 0.992889 0.000000 -16.098002 0.000000 0.000000 1.000000 0.000000
0.992471 -0.122480 0.000000 369.319591 0.122480 0.992471 0.000000 -15.856526 0.000000 0.000000 1.000000 0.000000
0.992232 -0.124398 0.000000 371.314402 0.124398 0.992232 0.000000 -15.608596 0.000000 0.000000 1.000000 0.000000
0.992093 -0.125507 0.000000 373.324860 0.125507 0.992093 0.000000 -15.355286 0.000000 0.000000 1.000000 0.000000
0.991981 -0.126388 0.000000 375.338461 0.126388 0.991981 0.000000 -15.099539 0.000000 0.000000 1.000000 0.000000
0.992222 -0.124479 0.000000 377.396808 0.124479 0.992222 0.000000 -14.838652 0.000000 0.000000 1.000000 0.000000
0.992486 -0.122357 0.000000 379.489289 0.122357 0.992486 0.000000 -14.578115 0.000000 0.000000 1.000000 0.000000
0.992781 -0.119937 0.000000 381.569513 0.119937 0.992781 0.000000 -14.323493 0.000000 0.000000 1.000000 0.000000
0.993281 -0.115724 0.000000 383.644799 0.115724 0.993281 0.000000 -14.076857 0.000000 0.000000 1.000000 0.000000
0.993680 -0.112251 0.000000 385.693530 0.112251 0.993680 0.000000 -13.841058 0.000000 0.000000 1.000000 0.000000
0.994121 -0.108277 0.000000 387.723968 0.108277 0.994121 0.000000 -13.614806 0.000000 0.000000 1.000000 0.000000
0.994351 -0.106142 0.000000 389.729264 0.106142 0.994351 0.000000 -13.398074 0.000000 0.000000 1.000000 0.000000
0.994239 -0.107186 0.000000 391.734183 0.107186 0.994239 0.000000 -13.182686 0.000000 0.000000 1.000000 0.000000
0.994030 -0.109109 0.000000 393.663802 0.109109 0.994030 0.000000 -12.971545 0.000000 0.000000 1.000000 0.000000
0.993807 -0.111123 0.000000 395.600080 0.111123 0.993807 0.000000 -12.756353 0.000000 0.000000 1.000000 0.000000
0.993498 -0.113849 0.000000 397.474327 0.113849 0.993498 0.000000 -12.543281 0.000000 0.000000 1.000000 0.000000
0.993179 -0.116601 0.000000 399.392701 0.116601 0.993179 0.000000 -12.319281 0.000000 0.000000 1.000000 0.000000
0.992862 -0.119268 0.000000 401.349681 0.119268 0.992862 0.000000 -12.085812 0.000000 0.000000 1.000000 0.000000
0.992267 -0.124121 0.000000 403.333600 0.124121 0.992267 0.000000 -11.843190 0.000000 0.000000 1.000000 0.000000
0.991741 -0.128256 0.000000 405.323617 0.128256 0.991741 0.000000 -11.589868 0.000000 0.000000 1.000000 0.000000
0.991255 -0.131959 0.000000 407.330734 0.131959 0.991255 0.000000 -11.326503 0.000000 0.000000 1.000000 0.000000
0.990640 -0.136502 0.000000 409.365501 0.136502 0.990640 0.000000 -11.051201 0.000000 0.000000 1.000000 0.000000
0.989801 -0.142459 0.000000 411.419174 0.142459 0.989801 0.000000 -10.760822 0.000000 0.000000 1.000000 0.000000
0.988858 -0.148859 0.000000 413.491444 0.148859 0.988858 0.000000 -10.455379 0.000000 0.000000 1.000000 0.000000
0.987691 -0.156420 0.000000 415.582790 0.156420 0.987691 0.000000 -10.132826 0.000000 0.000000 1.000000 0.000000
0.986399 -0.164370 0.000000 417.690159 0.164370 0.986399 0.000000 -9.790471 0.000000 0.000000 1.000000 0.000000
0.984594 -0.174855 0.000000 419.803062 0.174855 0.984594 0.000000 -9.425263 0.000000 0.000000 1.000000 0.000000
0.982455 -0.186501 0.000000 421.938214 0.186501 0.982455 0.000000 -9.031714 0.000000 0.000000 1.000000 0.000000
0.980520 -0.196422 0.000000 424.083879 0.196422 0.980520 0.000000 -8.612290 0.000000 0.000000 1.000000 0.000000
0.978801 -0.204813 0.000000 426.223116 0.204813 0.978801 0.000000 -8.173781 0.000000 0.000000 1.000000 0.000000
0.977054 -0.212991 0.000000 428.376230 0.212991 0.977054 0.000000 -7.711584 0.000000 0.000000 1.000000 0.000000
0.975251 -0.221100 0.000000 430.530167 0.221100 0.975251 0.000000 -7.231276 0.000000 0.000000 1.000000 0.000000
0.973361 -0.229278 0.000000 432.682640 0.229278 0.973361 0.000000 -6.733428 0.000000 0.000000 1.000000 0.000000
0.971469 -0.237165 0.000000 434.806051 0.237165 0.971469 0.000000 -6.223848 0.000000 0.000000 1.000000 0.000000
0.969563 -0.244843 0.000000 436.906015 0.244843 0.969563 0.000000 -5.700822 0.000000 0.000000 1.000000 0.000000
0.967803 -0.251708 0.000000 438.983446 0.251708 0.967803 0.000000 -5.167474 0.000000 0.000000 1.000000 0.000000
0.966593 -0.256316 0.000000 441.031835 0.256316 0.966593 0.000000 -4.628013 0.000000 0.000000 1.000000 0.000000
0.965740 -0.259513 0.000000 443.019993 0.259513 0.965740 0.000000 -4.097677 0.000000 0.000000 1.000000 0.000000
0.964790 -0.263021 0.000000 444.930870 0.263021 0.964790 0.000000 -3.580236 0.000000 0.000000 1.000000 0.000000
0.964084 -0.265598 0.000000 446.735853 0.265598 0.964084 0.000000 -3.084274 0.000000 0.000000 1.000000 0.000000
0.963012 -0.269459 0.000000 448.443562 0.269459 0.963012 0.000000 -2.610550 0.000000 0.000000 1.000000 0.000000
0.962031 -0.272941 0.000000 450.081400 0.272941 0.962031 0.000000 -2.149813 0.000000 0.000000 1.000000 0.000000
0.960937 -0.276769 0.000000 451.709687 0.276769 0.960937 0.000000 -1.685826 0.000000 0.000000 1.000000 0.000000
0.959768 -0.280795 0.000000 453.303257 0.280795 0.959768 0.000000 -1.225428 0.000000 0.000000 1.000000 0.000000
0.958738 -0.284290 0.000000 454.842878 0.284290 0.958738 0.000000 -0.774540 0.000000 0.000000 1.000000 0.000000
0.957112 -0.289719 0.000000 456.361903 0.289719 0.957112 0.000000 -0.321670 0.000000 0.000000 1.000000 0.000000
0.955870 -0.293790 0.000000 457.878816 0.293790 0.955870 0.000000 0.137719 0.000000 0.000000 1.000000 0.000000
0.953749 -0.300604 0.000000 460.901604 0.300604 0.953749 0.000000 1.070856 0.000000 0.000000 1.000000 0.000000
0.952523 -0.304468 0.000000 462.378338 0.304468 0.952523 0.000000 1.536705 0.000000 0.000000 1.000000 0.000000
0.951426 -0.307877 0.000000 463.836526 0.307877 0.951426 0.000000 1.999015 0.000000 0.000000 1.000000 0.000000
0.950788 -0.309841 0.000000 465.266181 0.309841 0.950788 0.000000 2.458657 0.000000 0.000000 1.000000 0.000000
0.950358 -0.311158 0.000000 467.980214 0.311158 0.950358 0.000000 3.340503 0.000000 0.000000 1.000000 0.000000
0.952797 -0.303607 0.000000 470.562023 0.303607 0.952797 0.000000 4.166340 0.000000 0.000000 1.000000 0.000000
0.967279 -0.253716 0.000000 473.054427 0.253716 0.967279 0.000000 4.898496 0.000000 0.000000 1.000000 0.000000
0.989256 -0.146193 0.000000 475.426507 0.146193 0.989256 0.000000 5.396666 0.000000 0.000000 1.000000 0.000000
0.999714 0.023911 0.000000 477.646649 -0.023911 0.999714 -0.000000 5.548468 -0.000000 0.000000 1.000000 0.000000
0.992328 0.123635 0.000000 478.707843 -0.123635 0.992328 -0.000000 5.472210 -0.000000 0.000000 1.000000 0.000000
0.972786 0.231704 0.000000 479.760000 -0.231704 0.972786 -0.000000 5.284897 -0.000000 0.000000 1.000000 0.000000
0.940677 0.339303 0.000000 480.760581 -0.339303 0.940677 -0.000000 4.988845 -0.000000 0.000000 1.000000 0.000000
0.896470 0.443104 0.000000 481.724321 -0.443104 0.896470 -0.000000 4.580796 -0.000000 0.000000 1.000000 0.000000
0.836983 0.547230 0.000000 482.626811 -0.547230 0.836983 -0.000000 4.064452 -0.000000 0.000000 1.000000 0.000000
0.763051 0.646338 0.000000 483.458933 -0.646338 0.763051 -0.000000 3.443532 -0.000000 0.000000 1.000000 0.000000
0.675057 0.737765 0.000000 484.215241 -0.737765 0.675057 -0.000000 2.716763 -0.000000 0.000000 1.000000 0.000000
0.574324 0.818628 0.000000 484.880646 -0.818628 0.574324 -0.000000 1.891860 -0.000000 0.000000 1.000000 0.000000
0.461932 0.886916 0.000000 485.445608 -0.886916 0.461932 -0.000000 0.969003 -0.000000 0.000000 1.000000 0.000000
0.344725 0.938704 0.000000 485.899308 -0.938704 0.344725 -0.000000 -0.050241 -0.000000 0.000000 1.000000 0.000000
0.237075 0.971491 0.000000 486.235721 -0.971491 0.237075 -0.000000 -1.144238 -0.000000 0.000000 1.000000 0.000000
0.161140 0.986932 0.000000 486.476116 -0.986932 0.161140 -0.000000 -2.320144 -0.000000 0.000000 1.000000 0.000000
0.082115 0.996623 0.000000 486.769255 -0.996623 0.082115 -0.000000 -4.794066 -0.000000 0.000000 1.000000 0.000000
0.056468 0.998404 0.000000 486.861144 -0.998404 0.056468 -0.000000 -6.095275 -0.000000 0.000000 1.000000 0.000000
0.019072 0.999818 0.000000 486.964227 -0.999818 0.019072 -0.000000 -8.895125 -0.000000 0.000000 1.000000 0.000000
-0.000543 1.000000 0.000000 486.989578 -1.000000 -0.000543 -0.000000 -11.881049 -0.000000 0.000000 1.000000 0.000000
-0.005897 0.999983 0.000000 486.985813 -0.999983 -0.005897 -0.000000 -13.430584 -0.000000 0.000000 1.000000 0.000000
-0.008176 0.999967 0.000000 486.978983 -0.999967 -0.008176 -0.000000 -15.019459 -0.000000 0.000000 1.000000 0.000000
-0.008103 0.999967 0.000000 486.968997 -0.999967 -0.008103 -0.000000 -16.656621 -0.000000 0.000000 1.000000 0.000000
-0.006658 0.999978 0.000000 486.960428 -0.999978 -0.006658 -0.000000 -18.344230 -0.000000 0.000000 1.000000 0.000000
-0.005891 0.999983 0.000000 486.952094 -0.999983 -0.005891 -0.000000 -20.062699 -0.000000 0.000000 1.000000 0.000000
-0.005563 0.999985 0.000000 486.944941 -0.999985 -0.005563 -0.000000 -21.819709 -0.000000 0.000000 1.000000 0.000000
-0.004773 0.999989 0.000000 486.938316 -0.999989 -0.004773 -0.000000 -23.617814 -0.000000 0.000000 1.000000 0.000000
-0.004576 0.999990 0.000000 486.931078 -0.999990 -0.004576 -0.000000 -25.456011 -0.000000 0.000000 1.000000 0.000000
-0.004934 0.999988 0.000000 486.922748 -0.999988 -0.004934 -0.000000 -27.337285 -0.000000 0.000000 1.000000 0.000000
-0.005008 0.999987 0.000000 486.914190 -0.999987 -0.005008 -0.000000 -29.261574 -0.000000 0.000000 1.000000 0.000000
-0.002646 0.999996 0.000000 486.906423 -0.999996 -0.002646 -0.000000 -31.217858 -0.000000 0.000000 1.000000 0.000000
0.000587 1.000000 0.000000 486.903404 -1.000000 0.000587 -0.000000 -33.212158 -0.000000 0.000000 1.000000 0.000000
0.005894 0.999983 0.000000 486.908860 -0.999983 0.005894 -0.000000 -35.231412 -0.000000 0.000000 1.000000 0.000000
0.010584 0.999944 0.000000 486.923123 -0.999944 0.010584 -0.000000 -37.253674 -0.000000 0.000000 1.000000 0.000000
0.012752 0.999919 0.000000 486.946941 -0.999919 0.012752 -0.000000 -39.290454 -0.000000 0.000000 1.000000 0.000000
0.009490 0.999955 0.000000 486.968615 -0.999955 0.009490 -0.000000 -41.352450 -0.000000 0.000000 1.000000 0.000000
0.005560 0.999985 0.000000 486.981670 -0.999985 0.005560 -0.000000 -43.396504 -0.000000 0.000000 1.000000 0.000000
0.001634 0.999999 0.000000 486.986618 -0.999999 0.001634 -0.000000 -45.514895 -0.000000 0.000000 1.000000 0.000000
-0.002928 0.999996 0.000000 486.983548 -0.999996 -0.002928 -0.000000 -47.632311 -0.000000 0.000000 1.000000 0.000000
-0.006451 0.999979 0.000000 486.971825 -0.999979 -0.006451 -0.000000 -49.758939 -0.000000 0.000000 1.000000 0.000000
-0.009463 0.999955 0.000000 486.953287 -0.999955 -0.009463 -0.000000 -51.883000 -0.000000 0.000000 1.000000 0.000000
-0.008812 0.999961 0.000000 486.933220 -0.999961 -0.008812 -0.000000 -54.001664 -0.000000 0.000000 1.000000 0.000000
-0.004471 0.999990 0.000000 486.918398 -0.999990 -0.004471 -0.000000 -56.100514 -0.000000 0.000000 1.000000 0.000000
0.000043 1.000000 0.000000 486.912867 -1.000000 0.000043 -0.000000 -58.182693 -0.000000 0.000000 1.000000 0.000000
0.002900 0.999996 0.000000 486.915476 -0.999996 0.002900 -0.000000 -60.236037 -0.000000 0.000000 1.000000 0.000000
0.004360 0.999990 0.000000 486.922499 -0.999990 0.004360 -0.000000 -62.212339 -0.000000 0.000000 1.000000 0.000000
0.004413 0.999990 0.000000 486.930365 -0.999990 0.004413 -0.000000 -64.105276 -0.000000 0.000000 1.000000 0.000000
0.002791 0.999996 0.000000 486.937191 -0.999996 0.002791 -0.000000 -65.904748 -0.000000 0.000000 1.000000 0.000000
-0.000639 1.000000 0.000000 486.938418 -1.000000 -0.000639 -0.000000 -67.636077 -0.000000 0.000000 1.000000 0.000000
-0.001761 0.999998 0.000000 486.936457 -0.999998 -0.001761 -0.000000 -69.263753 -0.000000 0.000000 1.000000 0.000000
-0.002753 0.999996 0.000000 486.933818 -0.999996 -0.002753 -0.000000 -70.882327 -0.000000 0.000000 1.000000 0.000000
-0.002141 0.999998 0.000000 486.930152 -0.999998 -0.002141 -0.000000 -72.474589 -0.000000 0.000000 1.000000 0.000000
-0.003720 0.999993 0.000000 486.925333 -0.999993 -0.003720 -0.000000 -74.047937 -0.000000 0.000000 1.000000 0.000000
-0.002690 0.999996 0.000000 486.919639 -0.999996 -0.002690 -0.000000 -75.610603 -0.000000 0.000000 1.000000 0.000000
0.001862 0.999998 0.000000 486.913346 -0.999998 0.001862 -0.000000 -78.663686 -0.000000 0.000000 1.000000 0.000000
0.003648 0.999993 0.000000 486.916832 -0.999993 0.003648 -0.000000 -80.230949 -0.000000 0.000000 1.000000 0.000000
0.006074 0.999982 0.000000 486.930962 -0.999982 0.006074 -0.000000 -83.416198 -0.000000 0.000000 1.000000 0.000000
0.006757 0.999977 0.000000 486.941061 -0.999977 0.006757 -0.000000 -85.026451 -0.000000 0.000000 1.000000 0.000000
0.007808 0.999970 0.000000 486.953130 -0.999970 0.007808 -0.000000 -86.663986 -0.000000 0.000000 1.000000 0.000000
0.007581 0.999971 0.000000 486.966277 -0.999971 0.007581 -0.000000 -88.320315 -0.000000 0.000000 1.000000 0.000000
0.007788 0.999970 0.000000 486.979556 -0.999970 0.007788 -0.000000 -89.974145 -0.000000 0.000000 1.000000 0.000000
0.005299 0.999986 0.000000 486.991457 -0.999986 0.005299 -0.000000 -91.636669 -0.000000 0.000000 1.000000 0.000000
0.002068 0.999998 0.000000 486.998450 -0.999998 0.002068 -0.000000 -93.286737 -0.000000 0.000000 1.000000 0.000000
-0.001200 0.999999 0.000000 487.000013 -0.999999 -0.001200 -0.000000 -94.921458 -0.000000 0.000000 1.000000 0.000000
-0.004365 0.999990 0.000000 486.996700 -0.999990 -0.004365 -0.000000 -96.539014 -0.000000 0.000000 1.000000 0.000000
-0.005847 0.999983 0.000000 486.988829 -0.999983 -0.005847 -0.000000 -98.146669 -0.000000 0.000000 1.000000 0.000000
-0.005097 0.999987 0.000000 486.980240 -0.999987 -0.005097 -0.000000 -99.743554 -0.000000 0.000000 1.000000 0.000000
-0.004614 0.999989 0.000000 486.973645 -0.999989 -0.004614 -0.000000 -101.324764 -0.000000 0.000000 1.000000 0.000000
-0.005070 0.999987 0.000000 486.967440 -0.999987 -0.005070 -0.000000 -102.893550 -0.000000 0.000000 1.000000 0.000000
-0.005347 0.999986 0.000000 486.960247 -0.999986 -0.005347 -0.000000 -104.454531 -0.000000 0.000000 1.000000 0.000000
-0.006464 0.999979 0.000000 486.949874 -0.999979 -0.006464 -0.000000 -105.984537 -0.000000 0.000000 1.000000 0.000000
-0.006387 0.999980 0.000000 486.939622 -0.999980 -0.006387 -0.000000 -107.511540 -0.000000 0.000000 1.000000 0.000000
-0.006307 0.999980 0.000000 486.929444 -0.999980 -0.006307 -0.000000 -109.076022 -0.000000 0.000000 1.000000 0.000000
-0.002187 0.999998 0.000000 486.918557 -0.999998 -0.002187 -0.000000 -112.195642 -0.000000 0.000000 1.000000 0.000000
-0.001429 0.999999 0.000000 486.915093 -0.999999 -0.001429 -0.000000 -113.766371 -0.000000 0.000000 1.000000 0.000000
-0.000659 1.000000 0.000000 486.912515 -1.000000 -0.000659 -0.000000 -115.334621 -0.000000 0.000000 1.000000 0.000000
0.000074 1.000000 0.000000 486.910861 -1.000000 0.000074 -0.000000 -116.919163 -0.000000 0.000000 1.000000 0.000000
0.000630 1.000000 0.000000 486.909181 -1.000000 0.000630 -0.000000 -118.509426 -0.000000 0.000000 1.000000 0.000000
0.001595 0.999999 0.000000 486.909416 -0.999999 0.001595 -0.000000 -120.099703 -0.000000 0.000000 1.000000 0.000000
0.001364 0.999999 0.000000 486.909614 -0.999999 0.001364 -0.000000 -121.707726 -0.000000 0.000000 1.000000 0.000000
0.000880 1.000000 0.000000 486.909709 -1.000000 0.000880 -0.000000 -123.322656 -0.000000 0.000000 1.000000 0.000000
-0.001989 0.999998 0.000000 486.906616 -0.999998 -0.001989 -0.000000 -124.909947 -0.000000 0.000000 1.000000 0.000000
-0.003539 0.999994 0.000000 486.899106 -0.999994 -0.003539 -0.000000 -126.540170 -0.000000 0.000000 1.000000 0.000000
-0.008352 0.999965 0.000000 486.884647 -0.999965 -0.008352 -0.000000 -128.159243 -0.000000 0.000000 1.000000 0.000000
-0.012052 0.999927 0.000000 486.863959 -0.999927 -0.012052 -0.000000 -129.802016 -0.000000 0.000000 1.000000 0.000000
-0.015830 0.999875 0.000000 486.837265 -0.999875 -0.015830 -0.000000 -131.449406 -0.000000 0.000000 1.000000 0.000000
-0.020896 0.999782 0.000000 486.798248 -0.999782 -0.020896 -0.000000 -133.095472 -0.000000 0.000000 1.000000 0.000000
-0.027018 0.999635 0.000000 486.750600 -0.999635 -0.027018 -0.000000 -134.726875 -0.000000 0.000000 1.000000 0.000000
-0.038355 0.999264 0.000000 486.690157 -0.999264 -0.038355 -0.000000 -136.345355 -0.000000 0.000000 1.000000 0.000000
-0.055406 0.998464 0.000000 486.609985 -0.998464 -0.055406 -0.000000 -137.933605 -0.000000 0.000000 1.000000 0.000000
-0.085256 0.996359 0.000000 486.490203 -0.996359 -0.085256 -0.000000 -139.506306 -0.000000 0.000000 1.000000 0.000000
-0.125208 0.992131 0.000000 486.318849 -0.992131 -0.125208 -0.000000 -141.056054 -0.000000 0.000000 1.000000 0.000000
-0.171501 0.985184 0.000000 486.080225 -0.985184 -0.171501 -0.000000 -142.595528 -0.000000 0.000000 1.000000 0.000000
-0.221565 0.975145 0.000000 485.769572 -0.975145 -0.221565 -0.000000 -144.122005 -0.000000 0.000000 1.000000 0.000000
-0.326689 0.945132 0.000000 484.899244 -0.945132 -0.326689 -0.000000 -147.133112 -0.000000 0.000000 1.000000 0.000000
-0.376931 0.926241 0.000000 484.347236 -0.926241 -0.376931 -0.000000 -148.593885 -0.000000 0.000000 1.000000 0.000000
-0.432270 0.901744 0.000000 483.710198 -0.901744 -0.432270 -0.000000 -150.027300 -0.000000 0.000000 1.000000 0.000000
-0.481616 0.876382 0.000000 482.988133 -0.876382 -0.481616 -0.000000 -151.419660 -0.000000 0.000000 1.000000 0.000000
-0.536074 0.844171 0.000000 482.187998 -0.844171 -0.536074 0.000000 -152.767998 0.000000 0.000000 1.000000 0.000000
-0.587899 0.808934 0.000000 481.300001 -0.808934 -0.587899 0.000000 -154.077662 0.000000 0.000000 1.000000 0.000000
-0.636700 0.771111 0.000000 480.343114 -0.771111 -0.636700 0.000000 -155.320183 0.000000 0.000000 1.000000 0.000000
-0.684763 0.728766 0.000000 479.292688 -0.728766 -0.684763 0.000000 -156.513795 0.000000 0.000000 1.000000 0.000000
-0.730273 0.683156 0.000000 478.170932 -0.683156 -0.730273 0.000000 -157.634713 0.000000 0.000000 1.000000 0.000000
-0.772147 0.635444 0.000000 476.967365 -0.635444 -0.772147 0.000000 -158.695039 0.000000 0.000000 1.000000 0.000000
-0.810885 0.585205 0.000000 475.693238 -0.585205 -0.810885 0.000000 -159.682938 0.000000 0.000000 1.000000 0.000000
-0.845053 0.534683 0.000000 474.342657 -0.534683 -0.845053 0.000000 -160.598513 0.000000 0.000000 1.000000 0.000000
-0.876290 0.481783 0.000000 472.924960 -0.481783 -0.876290 0.000000 -161.439505 0.000000 0.000000 1.000000 0.000000
-0.901909 0.431926 0.000000 471.439529 -0.431926 -0.901909 0.000000 -162.205502 0.000000 0.000000 1.000000 0.000000
-0.922496 0.386006 0.000000 469.911538 -0.386006 -0.922496 0.000000 -162.895033 0.000000 0.000000 1.000000 0.000000
-0.938787 0.344497 0.000000 468.335459 -0.344497 -0.938787 0.000000 -163.517800 0.000000 0.000000 1.000000 0.000000
-0.949321 0.314309 0.000000 466.727812 -0.314309 -0.949321 0.000000 -164.081260 0.000000 0.000000 1.000000 0.000000
-0.956161 0.292841 0.000000 465.102389 -0.292841 -0.956161 0.000000 -164.601822 0.000000 0.000000 1.000000 0.000000
-0.960362 0.278756 0.000000 463.454704 -0.278756 -0.960362 0.000000 -165.095311 0.000000 0.000000 1.000000 0.000000
-0.962132 0.272585 0.000000 461.783686 -0.272585 -0.962132 0.000000 -165.577945 0.000000 0.000000 1.000000 0.000000
-0.963078 0.269222 0.000000 460.074868 -0.269222 -0.963078 0.000000 -166.062958 0.000000 0.000000 1.000000 0.000000
-0.964271 0.264920 0.000000 458.337426 -0.264920 -0.964271 0.000000 -166.547396 0.000000 0.000000 1.000000 0.000000
-0.964749 0.263173 0.000000 456.580824 -0.263173 -0.964749 0.000000 -167.029815 0.000000 0.000000 1.000000 0.000000
