0.999967 -0.008091 0.000000 0.867767 0.008091 0.999967 0.000000 -0.007453 0.000000 0.000000 1.000000 0.000000
0.999832 -0.018326 0.000000 3.008465 0.018326 0.999832 0.000000 0.009094 0.000000 0.000000 1.000000 0.000000
0.999624 -0.027404 0.000000 5.239881 0.027404 0.999624 0.000000 0.058626 0.000000 0.000000 1.000000 0.000000
0.999427 -0.033845 0.000000 7.042062 0.033845 0.999427 0.000000 0.118173 0.000000 0.000000 1.000000 0.000000
0.999200 -0.039980 0.000000 9.043258 0.039980 0.999200 0.000000 0.193604 0.000000 0.000000 1.000000 0.000000
0.998793 -0.049118 0.000000 11.288626 0.049118 0.998793 0.000000 0.292378 0.000000 0.000000 1.000000 0.000000
0.998197 -0.060024 0.000000 13.769240 0.060024 0.998197 0.000000 0.427356 0.000000 0.000000 1.000000 0.000000
0.997377 -0.072382 0.000000 16.474851 0.072382 0.997377 0.000000 0.606024 0.000000 0.000000 1.000000 0.000000
0.996335 -0.085539 0.000000 19.435593 0.085539 0.996335 0.000000 0.841888 0.000000 0.000000 1.000000 0.000000
0.995881 -0.090671 0.000000 20.998798 0.090671 0.995881 0.000000 0.981547 0.000000 0.000000 1.000000 0.000000
0.995506 -0.094693 0.000000 22.608695 0.094693 0.995506 0.000000 1.133151 0.000000 0.000000 1.000000 0.000000
0.995188 -0.097984 0.000000 24.271508 0.097984 0.995188 0.000000 1.291378 0.000000 0.000000 1.000000 0.000000
0.994863 -0.101231 0.000000 25.989219 0.101231 0.994863 0.000000 1.457627 0.000000 0.000000 1.000000 0.000000
0.994497 -0.104769 0.000000 27.757532 0.104769 0.994497 0.000000 1.635872 0.000000 0.000000 1.000000 0.000000
0.994387 -0.105808 0.000000 29.563404 0.105808 0.994387 0.000000 1.825078 0.000000 0.000000 1.000000 0.000000
0.994688 -0.102934 0.000000 31.423846 0.102934 0.994688 0.000000 2.014504 0.000000 0.000000 1.000000 0.000000
0.995030 -0.099571 0.000000 33.325377 0.099571 0.995030 0.000000 2.200742 0.000000 0.000000 1.000000 0.000000
0.995526 -0.094490 0.000000 35.273511 0.094490 0.995526 0.000000 2.385496 0.000000 0.000000 1.000000 0.000000
0.996061 -0.088669 0.000000 37.267222 0.088669 0.996061 0.000000 2.566852 0.000000 0.000000 1.000000 0.000000
0.996646 -0.081828 0.000000 39.285012 0.081828 0.996646 0.000000 2.739652 0.000000 0.000000 1.000000 0.000000
0.997252 -0.074090 0.000000 41.317049 0.074090 0.997252 0.000000 2.897942 0.000000 0.000000 1.000000 0.000000
0.997798 -0.066329 0.000000 43.389944 0.066329 0.997798 0.000000 3.044071 0.000000 0.000000 1.000000 0.000000
0.998304 -0.058217 0.000000 45.507901 0.058217 0.998304 0.000000 3.175809 0.000000 0.000000 1.000000 0.000000
0.998705 -0.050876 0.000000 47.689792 0.050876 0.998705 0.000000 3.294384 0.000000 0.000000 1.000000 0.000000
0.999053 -0.043509 0.000000 49.933586 0.043509 0.999053 0.000000 3.399143 0.000000 0.000000 1.000000 0.000000
0.999349 -0.036081 0.000000 52.225995 0.036081 0.999349 0.000000 3.492143 0.000000 0.000000 1.000000 0.000000
0.999482 -0.032193 0.000000 54.548906 0.032193 0.999482 0.000000 3.573303 0.000000 0.000000 1.000000 0.000000
0.999472 -0.032483 0.000000 56.877851 0.032483 0.999472 0.000000 3.647195 0.000000 0.000000 1.000000 0.000000
0.999375 -0.035354 0.000000 59.269179 0.035354 0.999375 0.000000 3.723455 0.000000 0.000000 1.000000 0.000000
0.999275 -0.038065 0.000000 61.685376 0.038065 0.999275 0.000000 3.809571 0.000000 0.000000 1.000000 0.000000
0.999190 -0.040250 0.000000 64.153140 0.040250 0.999190 0.000000 3.906355 0.000000 0.000000 1.000000 0.000000
0.999151 -0.041203 0.000000 66.619146 0.041203 0.999151 0.000000 4.006047 0.000000 0.000000 1.000000 0.000000
0.999170 -0.040744 0.000000 69.128079 0.040744 0.999170 0.000000 4.105575 0.000000 0.000000 1.000000 0.000000
0.999188 -0.040286 0.000000 71.683156 0.040286 0.999188 0.000000 4.207811 0.000000 0.000000 1.000000 0.000000
0.999177 -0.040569 0.000000 74.245739 0.040569 0.999177 0.000000 4.311533 0.000000 0.000000 1.000000 0.000000
0.999169 -0.040762 0.000000 76.847628 0.040762 0.999169 0.000000 4.417438 0.000000 0.000000 1.000000 0.000000
0.999158 -0.041025 0.000000 79.495765 0.041025 0.999158 0.000000 4.522658 0.000000 0.000000 1.000000 0.000000
0.999169 -0.040752 0.000000 82.162355 0.040752 0.999169 0.000000 4.630236 0.000000 0.000000 1.000000 0.000000
0.999173 -0.040672 0.000000 84.851269 0.040672 0.999173 0.000000 4.740244 0.000000 0.000000 1.000000 0.000000
0.999190 -0.040231 0.000000 87.570140 0.040231 0.999190 0.000000 4.850034 0.000000 0.000000 1.000000 0.000000
0.999271 -0.038180 0.000000 90.291012 0.038180 0.999271 0.000000 4.956386 0.000000 0.000000 1.000000 0.000000
0.999381 -0.035185 0.000000 92.981587 0.035185 0.999381 0.000000 5.055332 0.000000 0.000000 1.000000 0.000000
0.999487 -0.032042 0.000000 95.661556 0.032042 0.999487 0.000000 5.146543 0.000000 0.000000 1.000000 0.000000
0.999582 -0.028916 0.000000 98.316553 0.028916 0.999582 0.000000 5.228593 0.000000 0.000000 1.000000 0.000000
0.999642 -0.026746 0.000000 100.951983 0.026746 0.999642 0.000000 5.302870 0.000000 0.000000 1.000000 0.000000
0.999614 -0.027788 0.000000 103.561434 0.027788 0.999614 0.000000 5.375228 0.000000 0.000000 1.000000 0.000000
0.999591 -0.028597 0.000000 106.145004 0.028597 0.999591 0.000000 5.448760 0.000000 0.000000 1.000000 0.000000
0.999548 -0.030059 0.000000 108.702695 0.030059 0.999548 0.000000 5.524753 0.000000 0.000000 1.000000 0.000000
0.999304 -0.037290 0.000000 111.247499 0.037290 0.999304 0.000000 5.609862 0.000000 0.000000 1.000000 0.000000
0.998820 -0.048566 0.000000 113.758982 0.048566 0.998820 0.000000 5.717997 0.000000 0.000000 1.000000 0.000000
0.998160 -0.060634 0.000000 116.267141 0.060634 0.998160 0.000000 5.852861 0.000000 0.000000 1.000000 0.000000
0.997311 -0.073290 0.000000 118.771053 0.073290 0.997311 0.000000 6.019346 0.000000 0.000000 1.000000 0.000000
0.996288 -0.086084 0.000000 121.276409 0.086084 0.996288 0.000000 6.218224 0.000000 0.000000 1.000000 0.000000
0.995309 -0.096751 0.000000 123.790984 0.096751 0.995309 0.000000 6.448730 0.000000 0.000000 1.000000 0.000000
0.994446 -0.105252 0.000000 126.296625 0.105252 0.994446 0.000000 6.701623 0.000000 0.000000 1.000000 0.000000
0.993792 -0.111251 0.000000 128.807174 0.111251 0.993792 0.000000 6.973875 0.000000 0.000000 1.000000 0.000000
0.993542 -0.113463 0.000000 131.334540 0.113463 0.993542 0.000000 7.257005 0.000000 0.000000 1.000000 0.000000
0.993430 -0.114443 0.000000 133.860926 0.114443 0.993430 0.000000 7.544137 0.000000 0.000000 1.000000 0.000000
0.993294 -0.115616 0.000000 136.379273 0.115616 0.993294 0.000000 7.835188 0.000000 0.000000 1.000000 0.000000
0.993715 -0.111939 0.000000 138.887532 0.111939 0.993715 0.000000 8.121280 0.000000 0.000000 1.000000 0.000000
0.994392 -0.105754 0.000000 141.397239 0.105754 0.994392 0.000000 8.391914 0.000000 0.000000 1.000000 0.000000
0.995032 -0.099551 0.000000 143.906188 0.099551 0.995032 0.000000 8.648655 0.000000 0.000000 1.000000 0.000000
0.995634 -0.093341 0.000000 146.401590 0.093341 0.995634 0.000000 8.890619 0.000000 0.000000 1.000000 0.000000
0.996164 -0.087508 0.000000 148.862581 0.087508 0.996164 0.000000 9.112255 0.000000 0.000000 1.000000 0.000000
0.996650 -0.081789 0.000000 151.320175 0.081789 0.996650 0.000000 9.317823 0.000000 0.000000 1.000000 0.000000
0.996994 -0.077474 0.000000 153.751919 0.077474 0.996994 0.000000 9.510053 0.000000 0.000000 1.000000 0.000000
0.997282 -0.073682 0.000000 156.158582 0.073682 0.997282 0.000000 9.691891 0.000000 0.000000 1.000000 0.000000
0.997563 -0.069772 0.000000 158.544150 0.069772 0.997563 0.000000 9.860759 0.000000 0.000000 1.000000 0.000000
0.997819 -0.066007 0.000000 160.917503 0.066007 0.997819 0.000000 10.019864 0.000000 0.000000 1.000000 0.000000
0.998060 -0.062262 0.000000 163.273121 0.062262 0.998060 0.000000 10.169766 0.000000 0.000000 1.000000 0.000000
0.998305 -0.058191 0.000000 165.613870 0.058191 0.998305 0.000000 10.311162 0.000000 0.000000 1.000000 0.000000
0.998562 -0.053606 0.000000 167.933651 0.053606 0.998562 0.000000 10.440113 0.000000 0.000000 1.000000 0.000000
0.998774 -0.049495 0.000000 170.251495 0.049495 0.998774 0.000000 10.558507 0.000000 0.000000 1.000000 0.000000
0.998900 -0.046893 0.000000 172.553272 0.046893 0.998900 0.000000 10.669295 0.000000 0.000000 1.000000 0.000000
0.998962 -0.045556 0.000000 174.836882 0.045556 0.998962 0.000000 10.775363 0.000000 0.000000 1.000000 0.000000
0.999025 -0.044143 0.000000 177.096924 0.044143 0.999025 0.000000 10.877353 0.000000 0.000000 1.000000 0.000000
0.999085 -0.042772 0.000000 179.353185 0.042772 0.999085 0.000000 10.976817 0.000000 0.000000 1.000000 0.000000
0.999157 -0.041050 0.000000 181.591466 0.041050 0.999157 0.000000 11.071794 0.000000 0.000000 1.000000 0.000000
0.999207 -0.039808 0.000000 183.807973 0.039808 0.999207 0.000000 11.162784 0.000000 0.000000 1.000000 0.000000
0.999242 -0.038918 0.000000 185.990563 0.038918 0.999242 0.000000 11.247355 0.000000 0.000000 1.000000 0.000000
0.999213 -0.039658 0.000000 188.160289 0.039658 0.999213 0.000000 11.330325 0.000000 0.000000 1.000000 0.000000
0.999154 -0.041128 0.000000 190.304829 0.041128 0.999154 0.000000 11.416291 0.000000 0.000000 1.000000 0.000000
0.999099 -0.042435 0.000000 192.458045 0.042435 0.999099 0.000000 11.505704 0.000000 0.000000 1.000000 0.000000
0.999057 -0.043429 0.000000 194.521469 0.043429 0.999057 0.000000 11.592965 0.000000 0.000000 1.000000 0.000000
0.999040 -0.043818 0.000000 196.594579 0.043818 0.999040 0.000000 11.681332 0.000000 0.000000 1.000000 0.000000
0.999028 -0.044090 0.000000 198.663911 0.044090 0.999028 0.000000 11.771300 0.000000 0.000000 1.000000 0.000000
0.999008 -0.044529 0.000000 200.769238 0.044529 0.999008 0.000000 11.863624 0.000000 0.000000 1.000000 0.000000
0.999005 -0.044599 0.000000 202.726740 0.044599 0.999005 0.000000 11.949491 0.000000 0.000000 1.000000 0.000000
0.998991 -0.044911 0.000000 204.717066 0.044911 0.998991 0.000000 12.036624 0.000000 0.000000 1.000000 0.000000
0.998954 -0.045720 0.000000 206.677936 0.045720 0.998954 0.000000 12.123836 0.000000 0.000000 1.000000 0.000000
0.998922 -0.046416 0.000000 208.600020 0.046416 0.998922 0.000000 12.211741 0.000000 0.000000 1.000000 0.000000
0.998895 -0.046988 0.000000 210.498345 0.046988 0.998895 0.000000 12.299715 0.000000 0.000000 1.000000 0.000000
0.998892 -0.047067 0.000000 212.362722 0.047067 0.998892 0.000000 12.387405 0.000000 0.000000 1.000000 0.000000
0.998961 -0.045583 0.000000 214.182407 0.045583 0.998961 0.000000 12.471055 0.000000 0.000000 1.000000 0.000000
0.999032 -0.043990 0.000000 215.980489 0.043990 0.999032 0.000000 12.551013 0.000000 0.000000 1.000000 0.000000
0.999098 -0.042462 0.000000 217.689140 0.042462 0.999098 0.000000 12.624585 0.000000 0.000000 1.000000 0.000000
0.999162 -0.040924 0.000000 219.375777 0.040924 0.999162 0.000000 12.694432 0.000000 0.000000 1.000000 0.000000
0.999225 -0.039362 0.000000 221.014215 0.039362 0.999225 0.000000 12.759802 0.000000 0.000000 1.000000 0.000000
0.999273 -0.038122 0.000000 222.600074 0.038122 0.999273 0.000000 12.820541 0.000000 0.000000 1.000000 0.000000
0.999321 -0.036850 0.000000 224.120014 0.036850 0.999321 0.000000 12.876929 0.000000 0.000000 1.000000 0.000000
0.999364 -0.035657 0.000000 226.970121 0.035657 0.999364 0.000000 12.979245 0.000000 0.000000 1.000000 0.000000
0.999363 -0.035693 0.000000 229.538416 0.035693 0.999363 0.000000 13.070231 0.000000 0.000000 1.000000 0.000000
0.999358 -0.035824 0.000000 231.791552 0.035824 0.999358 0.000000 13.150768 0.000000 0.000000 1.000000 0.000000
0.999353 -0.035968 0.000000 233.701073 0.035968 0.999353 0.000000 13.219206 0.000000 0.000000 1.000000 0.000000
0.999346 -0.036149 0.000000 235.222713 0.036149 0.999346 0.000000 13.273638 0.000000 0.000000 1.000000 0.000000
0.999354 -0.035929 0.000000 236.862713 0.035929 0.999354 0.000000 13.332687 0.000000 0.000000 1.000000 0.000000
0.999357 -0.035852 0.000000 238.251204 0.035852 0.999357 0.000000 13.382054 0.000000 0.000000 1.000000 0.000000
0.999360 -0.035763 0.000000 239.985357 0.035763 0.999360 0.000000 13.442874 0.000000 0.000000 1.000000 0.000000
0.999377 -0.035281 0.000000 241.863081 0.035281 0.999377 0.000000 13.509018 0.000000 0.000000 1.000000 0.000000
0.999398 -0.034684 0.000000 243.952842 0.034684 0.999398 0.000000 13.581228 0.000000 0.000000 1.000000 0.000000
0.999408 -0.034418 0.000000 245.763875 0.034418 0.999408 0.000000 13.643240 0.000000 0.000000 1.000000 0.000000
0.999412 -0.034288 0.000000 247.861451 0.034288 0.999412 0.000000 13.714509 0.000000 0.000000 1.000000 0.000000
0.999341 -0.036298 0.000000 250.249584 0.036298 0.999341 0.000000 13.796911 0.000000 0.000000 1.000000 0.000000
0.999232 -0.039179 0.000000 252.907849 0.039179 0.999232 0.000000 13.895723 0.000000 0.000000 1.000000 0.000000
0.999123 -0.041864 0.000000 255.833599 0.041864 0.999123 0.000000 14.013804 0.000000 0.000000 1.000000 0.000000
0.999027 -0.044109 0.000000 259.038655 0.044109 0.999027 0.000000 14.153568 0.000000 0.000000 1.000000 0.000000
0.998991 -0.044915 0.000000 260.743919 0.044915 0.998991 0.000000 14.229506 0.000000 0.000000 1.000000 0.000000
0.998934 -0.046166 0.000000 262.499411 0.046166 0.998934 0.000000 14.309845 0.000000 0.000000 1.000000 0.000000
0.998873 -0.047457 0.000000 264.314015 0.047457 0.998873 0.000000 14.394896 0.000000 0.000000 1.000000 0.000000
0.998811 -0.048745 0.000000 266.199617 0.048745 0.998811 0.000000 14.487318 0.000000 0.000000 1.000000 0.000000
0.998800 -0.048967 0.000000 268.136521 0.048967 0.998800 0.000000 14.582390 0.000000 0.000000 1.000000 0.000000
0.998812 -0.048722 0.000000 270.113439 0.048722 0.998812 0.000000 14.678836 0.000000 0.000000 1.000000 0.000000
0.998805 -0.048875 0.000000 272.137599 0.048875 0.998805 0.000000 14.777708 0.000000 0.000000 1.000000 0.000000
0.998792 -0.049128 0.000000 274.186756 0.049128 0.998792 0.000000 14.877554 0.000000 0.000000 1.000000 0.000000
0.998777 -0.049445 0.000000 276.291228 0.049445 0.998777 0.000000 14.981280 0.000000 0.000000 1.000000 0.000000
0.998803 -0.048920 0.000000 278.451189 0.048920 0.998803 0.000000 15.087190 0.000000 0.000000 1.000000 0.000000
0.998877 -0.047382 0.000000 280.694466 0.047382 0.998877 0.000000 15.195783 0.000000 0.000000 1.000000 0.000000
0.998966 -0.045464 0.000000 283.036731 0.045464 0.998966 0.000000 15.305634 0.000000 0.000000 1.000000 0.000000
0.999044 -0.043720 0.000000 285.419797 0.043720 0.999044 0.000000 15.412805 0.000000 0.000000 1.000000 0.000000
0.999101 -0.042386 0.000000 287.853623 0.042386 0.999101 0.000000 15.517388 0.000000 0.000000 1.000000 0.000000
0.999136 -0.041555 0.000000 290.307538 0.041555 0.999136 0.000000 15.621133 0.000000 0.000000 1.000000 0.000000
0.999185 -0.040372 0.000000 292.825865 0.040372 0.999185 0.000000 15.725641 0.000000 0.000000 1.000000 0.000000
0.999207 -0.039805 0.000000 295.392202 0.039805 0.999207 0.000000 15.828707 0.000000 0.000000 1.000000 0.000000
0.999224 -0.039388 0.000000 297.990102 0.039388 0.999224 0.000000 15.931752 0.000000 0.000000 1.000000 0.000000
0.999229 -0.039265 0.000000 300.616404 0.039265 0.999229 0.000000 16.035851 0.000000 0.000000 1.000000 0.000000
0.999227 -0.039308 0.000000 303.284607 0.039308 0.999227 0.000000 16.141408 0.000000 0.000000 1.000000 0.000000
0.999222 -0.039434 0.000000 305.998862 0.039434 0.999222 0.000000 16.249004 0.000000 0.000000 1.000000 0.000000
0.999229 -0.039267 0.000000 308.733375 0.039267 0.999229 0.000000 16.356331 0.000000 0.000000 1.000000 0.000000
0.999226 -0.039327 0.000000 311.500034 0.039327 0.999226 0.000000 16.465904 0.000000 0.000000 1.000000 0.000000
0.999229 -0.039263 0.000000 314.301307 0.039263 0.999229 0.000000 16.576511 0.000000 0.000000 1.000000 0.000000
0.999234 -0.039142 0.000000 317.124797 0.039142 0.999234 0.000000 16.687698 0.000000 0.000000 1.000000 0.000000
0.999227 -0.039303 0.000000 319.981531 0.039303 0.999227 0.000000 16.799594 0.000000 0.000000 1.000000 0.000000
0.999244 -0.038865 0.000000 322.872009 0.038865 0.999244 0.000000 16.912963 0.000000 0.000000 1.000000 0.000000
0.999262 -0.038401 0.000000 325.767500 0.038401 0.999262 0.000000 17.026267 0.000000 0.000000 1.000000 0.000000
0.999286 -0.037788 0.000000 328.694039 0.037788 0.999286 0.000000 17.138465 0.000000 0.000000 1.000000 0.000000
0.999296 -0.037509 0.000000 331.650048 0.037509 0.999296 0.000000 17.250507 0.000000 0.000000 1.000000 0.000000
0.999314 -0.037041 0.000000 334.622916 0.037041 0.999314 0.000000 17.362467 0.000000 0.000000 1.000000 0.000000
0.999334 -0.036492 0.000000 337.620713 0.036492 0.999334 0.000000 17.473315 0.000000 0.000000 1.000000 0.000000
0.999353 -0.035964 0.000000 340.640494 0.035964 0.999353 0.000000 17.582343 0.000000 0.000000 1.000000 0.000000
0.999371 -0.035462 0.000000 343.694313 0.035462 0.999371 0.000000 17.692570 0.000000 0.000000 1.000000 0.000000
0.999391 -0.034885 0.000000 346.766746 0.034885 0.999391 0.000000 17.800575 0.000000 0.000000 1.000000 0.000000
0.999409 -0.034366 0.000000 349.854952 0.034366 0.999409 0.000000 17.908429 0.000000 0.000000 1.000000 0.000000
0.999427 -0.033848 0.000000 352.963901 0.033848 0.999427 0.000000 18.013719 0.000000 0.000000 1.000000 0.000000
0.999436 -0.033573 0.000000 356.130571 0.033573 0.999436 0.000000 18.120605 0.000000 0.000000 1.000000 0.000000
0.999404 -0.034514 0.000000 359.324630 0.034514 0.999404 0.000000 18.229365 0.000000 0.000000 1.000000 0.000000
0.999351 -0.036022 0.000000 362.524817 0.036022 0.999351 0.000000 18.342397 0.000000 0.000000 1.000000 0.000000
0.999294 -0.037561 0.000000 365.745961 0.037561 0.999294 0.000000 18.460912 0.000000 0.000000 1.000000 0.000000
0.999255 -0.038605 0.000000 369.036816 0.038605 0.999255 0.000000 18.587139 0.000000 0.000000 1.000000 0.000000
0.999244 -0.038886 0.000000 372.328692 0.038886 0.999244 0.000000 18.715066 0.000000 0.000000 1.000000 0.000000
0.999271 -0.038187 0.000000 375.618169 0.038187 0.999271 0.000000 18.842080 0.000000 0.000000 1.000000 0.000000
0.999318 -0.036930 0.000000 378.918583 0.036930 0.999318 0.000000 18.965687 0.000000 0.000000 1.000000 0.000000
0.999376 -0.035329 0.000000 382.288958 0.035329 0.999376 0.000000 19.089680 0.000000 0.000000 1.000000 0.000000
0.999414 -0.034241 0.000000 385.635766 0.034241 0.999414 0.000000 19.206498 0.000000 0.000000 1.000000 0.000000
0.999444 -0.033341 0.000000 388.969638 0.033341 0.999444 0.000000 19.320371 0.000000 0.000000 1.000000 0.000000
0.999473 -0.032448 0.000000 392.331304 0.032448 0.999473 0.000000 19.430511 0.000000 0.000000 1.000000 0.000000
0.999454 -0.033040 0.000000 395.755037 0.033040 0.999454 0.000000 19.540929 0.000000 0.000000 1.000000 0.000000
0.999437 -0.033540 0.000000 399.160404 0.033540 0.999437 0.000000 19.653563 0.000000 0.000000 1.000000 0.000000
0.999417 -0.034142 0.000000 402.548807 0.034142 0.999417 0.000000 19.767739 0.000000 0.000000 1.000000 0.000000
0.999398 -0.034707 0.000000 405.952094 0.034707 0.999398 0.000000 19.884253 0.000000 0.000000 1.000000 0.000000
0.999365 -0.035619 0.000000 409.441384 0.035619 0.999365 0.000000 20.007225 0.000000 0.000000 1.000000 0.000000
0.999335 -0.036454 0.000000 412.907575 0.036454 0.999335 0.000000 20.132415 0.000000 0.000000 1.000000 0.000000
0.999319 -0.036899 0.000000 416.346516 0.036899 0.999319 0.000000 20.258527 0.000000 0.000000 1.000000 0.000000
0.999308 -0.037183 0.000000 419.818472 0.037183 0.999308 0.000000 20.387433 0.000000 0.000000 1.000000 0.000000
0.999308 -0.037199 0.000000 423.380638 0.037199 0.999308 0.000000 20.523126 0.000000 0.000000 1.000000 0.000000
0.999296 -0.037528 0.000000 426.882665 0.037528 0.999296 0.000000 20.654239 0.000000 0.000000 1.000000 0.000000
0.999288 -0.037732 0.000000 430.379308 0.037732 0.999288 0.000000 20.784914 0.000000 0.000000 1.000000 0.000000
0.999269 -0.038232 0.000000 433.907861 0.038232 0.999269 0.000000 20.917939 0.000000 0.000000 1.000000 0.000000
0.999259 -0.038491 0.000000 437.520615 0.038491 0.999259 0.000000 21.055781 0.000000 0.000000 1.000000 0.000000
0.999250 -0.038715 0.000000 441.090530 0.038715 0.999250 0.000000 21.192673 0.000000 0.000000 1.000000 0.000000
0.999234 -0.039131 0.000000 444.635229 0.039131 0.999234 0.000000 21.330319 0.000000 0.000000 1.000000 0.000000
0.999229 -0.039253 0.000000 448.215251 0.039253 0.999229 0.000000 21.469671 0.000000 0.000000 1.000000 0.000000
0.999301 -0.037394 0.000000 451.886787 0.037394 0.999301 0.000000 21.609542 0.000000 0.000000 1.000000 0.000000
0.999371 -0.035454 0.000000 455.506514 0.035454 0.999371 0.000000 21.741563 0.000000 0.000000 1.000000 0.000000
0.999442 -0.033401 0.000000 459.100681 0.033401 0.999442 0.000000 21.864329 0.000000 0.000000 1.000000 0.000000
0.999496 -0.031731 0.000000 462.749120 0.031731 0.999496 0.000000 21.982562 0.000000 0.000000 1.000000 0.000000
0.999546 -0.030132 0.000000 466.464455 0.030132 0.999546 0.000000 22.096670 0.000000 0.000000 1.000000 0.000000
0.999564 -0.029525 0.000000 470.136262 0.029525 0.999564 0.000000 22.204920 0.000000 0.000000 1.000000 0.000000
0.999565 -0.029491 0.000000 473.782142 0.029491 0.999565 0.000000 22.311362 0.000000 0.000000 1.000000 0.000000
0.999558 -0.029735 0.000000 477.515988 0.029735 0.999558 0.000000 22.421609 0.000000 0.000000 1.000000 0.000000
0.999559 -0.029704 0.000000 481.240418 0.029704 0.999559 0.000000 22.532259 0.000000 0.000000 1.000000 0.000000
0.999554 -0.029858 0.000000 484.959743 0.029858 0.999554 0.000000 22.641785 0.000000 0.000000 1.000000 0.000000
0.999550 -0.030002 0.000000 488.648729 0.030002 0.999550 0.000000 22.751520 0.000000 0.000000 1.000000 0.000000
0.999524 -0.030842 0.000000 492.389737 0.030842 0.999524 0.000000 22.865736 0.000000 0.000000 1.000000 0.000000
0.999467 -0.032653 0.000000 496.214014 0.032653 0.999467 0.000000 22.988145 0.000000 0.000000 1.000000 0.000000
0.999385 -0.035058 0.000000 499.983306 0.035058 0.999385 0.000000 23.115191 0.000000 0.000000 1.000000 0.000000
0.999296 -0.037515 0.000000 503.713150 0.037515 0.999296 0.000000 23.249802 0.000000 0.000000 1.000000 0.000000
0.999200 -0.039987 0.000000 507.470794 0.039987 0.999200 0.000000 23.393791 0.000000 0.000000 1.000000 0.000000
0.999133 -0.041622 0.000000 511.284833 0.041622 0.999133 0.000000 23.548094 0.000000 0.000000 1.000000 0.000000
0.999184 -0.040401 0.000000 515.007645 0.040401 0.999184 0.000000 23.700632 0.000000 0.000000 1.000000 0.000000
0.999263 -0.038385 0.000000 518.653539 0.038385 0.999263 0.000000 23.843680 0.000000 0.000000 1.000000 0.000000
0.999412 -0.034301 0.000000 522.374388 0.034301 0.999412 0.000000 23.979827 0.000000 0.000000 1.000000 0.000000
0.999580 -0.028972 0.000000 526.081625 0.028972 0.999580 0.000000 24.096564 0.000000 0.000000 1.000000 0.000000
0.999625 -0.027383 0.000000 529.740629 0.027383 0.999625 0.000000 24.198774 0.000000 0.000000 1.000000 0.000000
0.999626 -0.027356 0.000000 533.352987 0.027356 0.999626 0.000000 24.296241 0.000000 0.000000 1.000000 0.000000
0.999578 -0.029056 0.000000 536.999766 0.029056 0.999578 0.000000 24.398345 0.000000 0.000000 1.000000 0.000000
0.999461 -0.032827 0.000000 540.711865 0.032827 0.999461 0.000000 24.511223 0.000000 0.000000 1.000000 0.000000
0.999264 -0.038348 0.000000 544.354822 0.038348 0.999264 0.000000 24.639572 0.000000 0.000000 1.000000 0.000000
0.999091 -0.042634 0.000000 547.997222 0.042634 0.999091 0.000000 24.786218 0.000000 0.000000 1.000000 0.000000
0.998930 -0.046243 0.000000 551.664179 0.046243 0.998930 0.000000 24.948008 0.000000 0.000000 1.000000 0.000000
0.998959 -0.045622 0.000000 555.386102 0.045622 0.998959 0.000000 25.117503 0.000000 0.000000 1.000000 0.000000
0.999042 -0.043753 0.000000 559.058461 0.043753 0.999042 0.000000 25.281405 0.000000 0.000000 1.000000 0.000000
0.999130 -0.041704 0.000000 562.692525 0.041704 0.999130 0.000000 25.435890 0.000000 0.000000 1.000000 0.000000
0.999204 -0.039892 0.000000 566.384411 0.039892 0.999204 0.000000 25.585041 0.000000 0.000000 1.000000 0.000000
0.999226 -0.039342 0.000000 570.119843 0.039342 0.999226 0.000000 25.731196 0.000000 0.000000 1.000000 0.000000
0.999188 -0.040294 0.000000 573.792897 0.040294 0.999188 0.000000 25.876990 0.000000 0.000000 1.000000 0.000000
0.999144 -0.041368 0.000000 577.431454 0.041368 0.999144 0.000000 26.025085 0.000000 0.000000 1.000000 0.000000
0.999102 -0.042370 0.000000 581.115862 0.042370 0.999102 0.000000 26.179082 0.000000 0.000000 1.000000 0.000000
0.999072 -0.043069 0.000000 584.869520 0.043069 0.999072 0.000000 26.338800 0.000000 0.000000 1.000000 0.000000
0.999037 -0.043876 0.000000 588.549734 0.043876 0.999037 0.000000 26.498845 0.000000 0.000000 1.000000 0.000000
0.999026 -0.044116 0.000000 592.187560 0.044116 0.999026 0.000000 26.658334 0.000000 0.000000 1.000000 0.000000
0.999068 -0.043163 0.000000 595.871242 0.043163 0.999068 0.000000 26.819574 0.000000 0.000000 1.000000 0.000000
0.999120 -0.041942 0.000000 599.630777 0.041942 0.999120 0.000000 26.980606 0.000000 0.000000 1.000000 0.000000
0.999096 -0.042515 0.000000 603.325818 0.042515 0.999096 0.000000 27.136042 0.000000 0.000000 1.000000 0.000000
0.999001 -0.044698 0.000000 606.942930 0.044698 0.999001 0.000000 27.292652 0.000000 0.000000 1.000000 0.000000
0.998915 -0.046575 0.000000 610.633496 0.046575 0.998915 0.000000 27.462191 0.000000 0.000000 1.000000 0.000000
0.998858 -0.047783 0.000000 614.401699 0.047783 0.998858 0.000000 27.641700 0.000000 0.000000 1.000000 0.000000
0.998867 -0.047584 0.000000 618.054133 0.047584 0.998867 0.000000 27.816381 0.000000 0.000000 1.000000 0.000000
0.998943 -0.045956 0.000000 621.681861 0.045956 0.998943 0.000000 27.986674 0.000000 0.000000 1.000000 0.000000
0.999068 -0.043155 0.000000 625.367003 0.043155 0.999068 0.000000 28.150086 0.000000 0.000000 1.000000 0.000000
0.999200 -0.039987 0.000000 629.104229 0.039987 0.999200 0.000000 28.303840 0.000000 0.000000 1.000000 0.000000
0.999314 -0.037039 0.000000 632.760798 0.037039 0.999314 0.000000 28.444205 0.000000 0.000000 1.000000 0.000000
0.999419 -0.034093 0.000000 636.353692 0.034093 0.999419 0.000000 28.571038 0.000000 0.000000 1.000000 0.000000
0.999508 -0.031351 0.000000 639.975645 0.031351 0.999508 0.000000 28.688329 0.000000 0.000000 1.000000 0.000000
0.999588 -0.028691 0.000000 643.667202 0.028691 0.999588 0.000000 28.797363 0.000000 0.000000 1.000000 0.000000
0.999667 -0.025794 0.000000 647.266730 0.025794 0.999667 0.000000 28.894679 0.000000 0.000000 1.000000 0.000000
0.999765 -0.021661 0.000000 650.826306 0.021661 0.999765 0.000000 28.979184 0.000000 0.000000 1.000000 0.000000
0.999848 -0.017419 0.000000 654.425254 0.017419 0.999848 0.000000 29.047429 0.000000 0.000000 1.000000 0.000000
0.999912 -0.013274 0.000000 658.083631 0.013274 0.999912 0.000000 29.101583 0.000000 0.000000 1.000000 0.000000
0.999967 -0.008077 0.000000 661.674798 0.008077 0.999967 0.000000 29.140364 0.000000 0.000000 1.000000 0.000000
0.999998 -0.001814 0.000000 665.220447 0.001814 0.999998 0.000000 29.157511 0.000000 0.000000 1.000000 0.000000
0.999985 0.005461 0.000000 668.816628 -0.005461 0.999985 -0.000000 29.149151 -0.000000 0.000000 1.000000 0.000000
0.999902 0.013991 0.000000 672.468774 -0.013991 0.999902 -0.000000 29.111363 -0.000000 0.000000 1.000000 0.000000
0.999733 0.023101 0.000000 676.033479 -0.023101 0.999733 -0.000000 29.045410 -0.000000 0.000000 1.000000 0.000000
0.999497 0.031718 0.000000 679.565084 -0.031718 0.999497 -0.000000 28.948557 -0.000000 0.000000 1.000000 0.000000
0.999193 0.040173 0.000000 683.134274 -0.040173 0.999193 -0.000000 28.820459 -0.000000 0.000000 1.000000 0.000000
0.998845 0.048048 0.000000 686.763937 -0.048048 0.998845 -0.000000 28.662467 -0.000000 0.000000 1.000000 0.000000
0.998621 0.052498 0.000000 690.320976 -0.052498 0.998621 -0.000000 28.483426 -0.000000 0.000000 1.000000 0.000000
0.998638 0.052178 0.000000 693.832511 -0.052178 0.998638 -0.000000 28.298335 -0.000000 0.000000 1.000000 0.000000
0.998656 0.051820 0.000000 697.406647 -0.051820 0.998656 -0.000000 28.112322 -0.000000 0.000000 1.000000 0.000000
0.998667 0.051624 0.000000 701.009052 -0.051624 0.998667 -0.000000 27.926340 -0.000000 0.000000 1.000000 0.000000
0.998572 0.053421 0.000000 704.556362 -0.053421 0.998572 -0.000000 27.741359 -0.000000 0.000000 1.000000 0.000000
0.998340 0.057595 0.000000 708.062523 -0.057595 0.998340 -0.000000 27.545683 -0.000000 0.000000 1.000000 0.000000
0.998087 0.061822 0.000000 711.606258 -0.061822 0.998087 -0.000000 27.334413 -0.000000 0.000000 1.000000 0.000000
0.997880 0.065076 0.000000 715.204709 -0.065076 0.997880 -0.000000 27.106523 -0.000000 0.000000 1.000000 0.000000
0.997821 0.065984 0.000000 718.724595 -0.065984 0.997821 -0.000000 26.874918 -0.000000 0.000000 1.000000 0.000000
0.997778 0.066625 0.000000 722.212639 -0.066625 0.997778 -0.000000 26.642900 -0.000000 0.000000 1.000000 0.000000
0.997733 0.067297 0.000000 725.735253 -0.067297 0.997733 -0.000000 26.406233 -0.000000 0.000000 1.000000 0.000000
0.997707 0.067675 0.000000 729.318931 -0.067675 0.997707 -0.000000 26.164748 -0.000000 0.000000 1.000000 0.000000
0.997715 0.067559 0.000000 732.816320 -0.067559 0.997715 -0.000000 25.927194 -0.000000 0.000000 1.000000 0.000000
0.997735 0.067262 0.000000 736.284097 -0.067262 0.997735 -0.000000 25.691960 -0.000000 0.000000 1.000000 0.000000
0.997836 0.065759 0.000000 739.775545 -0.065759 0.997836 -0.000000 25.459005 -0.000000 0.000000 1.000000 0.000000
0.997916 0.064521 0.000000 743.344394 -0.064521 0.997916 -0.000000 25.226675 -0.000000 0.000000 1.000000 0.000000
0.997956 0.063907 0.000000 746.808953 -0.063907 0.997956 -0.000000 25.003495 -0.000000 0.000000 1.000000 0.000000
0.997905 0.064696 0.000000 750.258242 -0.064696 0.997905 -0.000000 24.781510 -0.000000 0.000000 1.000000 0.000000
0.997811 0.066133 0.000000 753.737935 -0.066133 0.997811 -0.000000 24.553578 -0.000000 0.000000 1.000000 0.000000
0.997723 0.067441 0.000000 757.274882 -0.067441 0.997723 -0.000000 24.316429 -0.000000 0.000000 1.000000 0.000000
0.997691 0.067923 0.000000 760.744867 -0.067923 0.997691 -0.000000 24.080668 -0.000000 0.000000 1.000000 0.000000
0.997721 0.067469 0.000000 764.185256 -0.067469 0.997721 -0.000000 23.846907 -0.000000 0.000000 1.000000 0.000000
0.997746 0.067110 0.000000 767.662557 -0.067110 0.997746 -0.000000 23.611968 -0.000000 0.000000 1.000000 0.000000
0.997767 0.066795 0.000000 771.194166 -0.066795 0.997767 -0.000000 23.375609 -0.000000 0.000000 1.000000 0.000000
0.997787 0.066497 0.000000 774.651488 -0.066497 0.997787 -0.000000 23.144135 -0.000000 0.000000 1.000000 0.000000
0.997812 0.066111 0.000000 778.224825 -0.066111 0.997812 -0.000000 22.906397 -0.000000 0.000000 1.000000 0.000000
0.997823 0.065942 0.000000 781.567173 -0.065942 0.997823 -0.000000 22.684897 -0.000000 0.000000 1.000000 0.000000
0.997827 0.065892 0.000000 785.085478 -0.065892 0.997827 -0.000000 22.452896 -0.000000 0.000000 1.000000 0.000000
0.997842 0.065657 0.000000 788.562552 -0.065657 0.997842 -0.000000 22.222889 -0.000000 0.000000 1.000000 0.000000
0.997872 0.065208 0.000000 792.006631 -0.065208 0.997872 -0.000000 21.996485 -0.000000 0.000000 1.000000 0.000000
0.997887 0.064976 0.000000 795.481759 -0.064976 0.997887 -0.000000 21.768984 -0.000000 0.000000 1.000000 0.000000
0.997889 0.064947 0.000000 799.016799 -0.064947 0.997889 -0.000000 21.537913 -0.000000 0.000000 1.000000 0.000000
0.997884 0.065024 0.000000 802.471562 -0.065024 0.997884 -0.000000 21.312305 -0.000000 0.000000 1.000000 0.000000
0.997892 0.064893 0.000000 805.917798 -0.064893 0.997892 -0.000000 21.087760 -0.000000 0.000000 1.000000 0.000000
0.997883 0.065040 0.000000 809.403211 -0.065040 0.997883 -0.000000 20.859851 -0.000000 0.000000 1.000000 0.000000
0.997853 0.065489 0.000000 812.927265 -0.065489 0.997853 -0.000000 20.628274 -0.000000 0.000000 1.000000 0.000000
0.997820 0.065995 0.000000 816.379238 -0.065995 0.997820 -0.000000 20.400342 -0.000000 0.000000 1.000000 0.000000
0.997770 0.066749 0.000000 819.815750 -0.066749 0.997770 -0.000000 20.171389 -0.000000 0.000000 1.000000 0.000000
0.997722 0.067453 0.000000 823.291871 -0.067453 0.997722 -0.000000 19.937547 -0.000000 0.000000 1.000000 0.000000
0.997674 0.068168 0.000000 826.827411 -0.068168 0.997674 -0.000000 19.696460 -0.000000 0.000000 1.000000 0.000000
0.997617 0.068988 0.000000 830.289169 -0.068988 0.997617 -0.000000 19.457937 -0.000000 0.000000 1.000000 0.000000
0.997568 0.069700 0.000000 833.727973 -0.069700 0.997568 -0.000000 19.218165 -0.000000 0.000000 1.000000 0.000000
0.997507 0.070572 0.000000 837.194035 -0.070572 0.997507 -0.000000 18.974152 -0.000000 0.000000 1.000000 0.000000
0.997463 0.071187 0.000000 840.742312 -0.071187 0.997463 -0.000000 18.721507 -0.000000 0.000000 1.000000 0.000000
0.997445 0.071434 0.000000 844.184823 -0.071434 0.997445 -0.000000 18.475645 -0.000000 0.000000 1.000000 0.000000
0.997421 0.071772 0.000000 847.624826 -0.071772 0.997421 -0.000000 18.228174 -0.000000 0.000000 1.000000 0.000000
0.997410 0.071929 0.000000 851.103470 -0.071929 0.997410 -0.000000 17.977615 -0.000000 0.000000 1.000000 0.000000
0.997510 0.070532 0.000000 854.633326 -0.070532 0.997510 -0.000000 17.724872 -0.000000 0.000000 1.000000 0.000000
0.997587 0.069426 0.000000 858.086062 -0.069426 0.997587 -0.000000 17.482924 -0.000000 0.000000 1.000000 0.000000
0.997671 0.068214 0.000000 861.519055 -0.068214 0.997671 -0.000000 17.245490 -0.000000 0.000000 1.000000 0.000000
0.997728 0.067366 0.000000 865.002133 -0.067366 0.997728 -0.000000 17.009675 -0.000000 0.000000 1.000000 0.000000
0.997844 0.065637 0.000000 868.527655 -0.065637 0.997844 -0.000000 16.775500 -0.000000 0.000000 1.000000 0.000000
0.997979 0.063542 0.000000 871.982294 -0.063542 0.997979 -0.000000 16.551650 -0.000000 0.000000 1.000000 0.000000
0.998090 0.061780 0.000000 875.426997 -0.061780 0.998090 -0.000000 16.335066 -0.000000 0.000000 1.000000 0.000000
0.998181 0.060290 0.000000 878.911610 -0.060290 0.998181 -0.000000 16.123327 -0.000000 0.000000 1.000000 0.000000
0.998256 0.059026 0.000000 882.447760 -0.059026 0.998256 -0.000000 15.912599 -0.000000 0.000000 1.000000 0.000000
0.998344 0.057529 0.000000 885.931407 -0.057529 0.998344 -0.000000 15.708717 -0.000000 0.000000 1.000000 0.000000
0.998363 0.057187 0.000000 889.375111 -0.057187 0.998363 -0.000000 15.510768 -0.000000 0.000000 1.000000 0.000000
0.998265 0.058877 0.000000 892.866066 -0.058877 0.998265 -0.000000 15.307780 -0.000000 0.000000 1.000000 0.000000
0.998212 0.059778 0.000000 896.398775 -0.059778 0.998212 -0.000000 15.096590 -0.000000 0.000000 1.000000 0.000000
0.998229 0.059486 0.000000 899.859645 -0.059486 0.998229 -0.000000 14.889024 -0.000000 0.000000 1.000000 0.000000
0.998267 0.058855 0.000000 903.306925 -0.058855 0.998267 -0.000000 14.683552 -0.000000 0.000000 1.000000 0.000000
0.998304 0.058209 0.000000 906.798599 -0.058209 0.998304 -0.000000 14.477614 -0.000000 0.000000 1.000000 0.000000
0.998344 0.057519 0.000000 910.335855 -0.057519 0.998344 -0.000000 14.271467 -0.000000 0.000000 1.000000 0.000000
0.998361 0.057229 0.000000 913.798028 -0.057229 0.998361 -0.000000 14.071794 -0.000000 0.000000 1.000000 0.000000
0.998368 0.057114 0.000000 917.238916 -0.057114 0.998368 -0.000000 13.873886 -0.000000 0.000000 1.000000 0.000000
0.998285 0.058538 0.000000 920.726713 -0.058538 0.998285 -0.000000 13.671100 -0.000000 0.000000 1.000000 0.000000
0.998174 0.060404 0.000000 924.263134 -0.060404 0.998174 -0.000000 13.459024 -0.000000 0.000000 1.000000 0.000000
0.998041 0.062565 0.000000 927.707465 -0.062565 0.998041 -0.000000 13.246083 -0.000000 0.000000 1.000000 0.000000
0.997918 0.064498 0.000000 931.145571 -0.064498 0.997918 -0.000000 13.026474 -0.000000 0.000000 1.000000 0.000000
0.997892 0.064894 0.000000 934.627393 -0.064894 0.997892 -0.000000 12.798916 -0.000000 0.000000 1.000000 0.000000
0.997909 0.064634 0.000000 938.148985 -0.064634 0.997909 -0.000000 12.569822 -0.000000 0.000000 1.000000 0.000000
0.997898 0.064811 0.000000 941.585154 -0.064811 0.997898 -0.000000 12.346620 -0.000000 0.000000 1.000000 0.000000
0.997886 0.064990 0.000000 945.007125 -0.064990 0.997886 -0.000000 12.123340 -0.000000 0.000000 1.000000 0.000000
0.997862 0.065360 0.000000 948.477025 -0.065360 0.997862 -0.000000 11.897084 -0.000000 0.000000 1.000000 0.000000
0.997857 0.065439 0.000000 951.982215 -0.065439 0.997857 -0.000000 11.667110 -0.000000 0.000000 1.000000 0.000000
0.997851 0.065521 0.000000 955.416749 -0.065521 0.997851 -0.000000 11.441434 -0.000000 0.000000 1.000000 0.000000
0.997848 0.065577 0.000000 958.833083 -0.065577 0.997848 -0.000000 11.216847 -0.000000 0.000000 1.000000 0.000000
0.997824 0.065932 0.000000 962.297731 -0.065932 0.997824 -0.000000 10.988907 -0.000000 0.000000 1.000000 0.000000
0.997792 0.066423 0.000000 965.808918 -0.066423 0.997792 -0.000000 10.756670 -0.000000 0.000000 1.000000 0.000000
0.997764 0.066835 0.000000 969.227206 -0.066835 0.997764 -0.000000 10.528743 -0.000000 0.000000 1.000000 0.000000
0.997730 0.067335 0.000000 972.632040 -0.067335 0.997730 -0.000000 10.299342 -0.000000 0.000000 1.000000 0.000000
0.997676 0.068141 0.000000 976.093279 -0.068141 0.997676 -0.000000 10.064520 -0.000000 0.000000 1.000000 0.000000
0.997627 0.068843 0.000000 979.593874 -0.068843 0.997627 -0.000000 9.823910 -0.000000 0.000000 1.000000 0.000000
0.997638 0.068696 0.000000 983.008541 -0.068696 0.997638 -0.000000 9.586997 -0.000000 0.000000 1.000000 0.000000
0.997707 0.067679 0.000000 986.416280 -0.067679 0.997707 -0.000000 9.353261 -0.000000 0.000000 1.000000 0.000000
0.997781 0.066577 0.000000 989.857412 -0.066577 0.997781 -0.000000 9.121605 -0.000000 0.000000 1.000000 0.000000
0.997835 0.065765 0.000000 993.345409 -0.065765 0.997835 -0.000000 8.891972 -0.000000 0.000000 1.000000 0.000000
0.997875 0.065154 0.000000 996.747967 -0.065154 0.997875 -0.000000 8.668355 -0.000000 0.000000 1.000000 0.000000
0.997852 0.065506 0.000000 1000.125162 -0.065506 0.997852 -0.000000 8.446453 -0.000000 0.000000 1.000000 0.000000
0.997802 0.066265 0.000000 1003.561677 -0.066265 0.997802 -0.000000 8.219688 -0.000000 0.000000 1.000000 0.000000
0.997735 0.067274 0.000000 1007.049782 -0.067274 0.997735 -0.000000 7.986296 -0.000000 0.000000 1.000000 0.000000
0.997668 0.068256 0.000000 1010.445134 -0.068256 0.997668 -0.000000 7.755497 -0.000000 0.000000 1.000000 0.000000
0.997604 0.069180 0.000000 1013.823847 -0.069180 0.997604 -0.000000 7.522714 -0.000000 0.000000 1.000000 0.000000
0.997550 0.069956 0.000000 1017.257766 -0.069956 0.997550 -0.000000 7.283396 -0.000000 0.000000 1.000000 0.000000
0.997553 0.069912 0.000000 1020.724443 -0.069912 0.997553 -0.000000 7.039409 -0.000000 0.000000 1.000000 0.000000
0.997641 0.068640 0.000000 1024.117614 -0.068640 0.997641 -0.000000 6.803553 -0.000000 0.000000 1.000000 0.000000
0.997719 0.067503 0.000000 1027.504435 -0.067503 0.997719 -0.000000 6.571373 -0.000000 0.000000 1.000000 0.000000
0.997747 0.067086 0.000000 1030.928185 -0.067086 0.997747 -0.000000 6.339611 -0.000000 0.000000 1.000000 0.000000
0.997705 0.067716 0.000000 1034.368570 -0.067716 0.997705 -0.000000 6.106641 -0.000000 0.000000 1.000000 0.000000
0.997548 0.069981 0.000000 1037.703822 -0.069981 0.997548 -0.000000 5.877107 -0.000000 0.000000 1.000000 0.000000
0.997277 0.073752 0.000000 1041.030789 -0.073752 0.997277 -0.000000 5.636958 -0.000000 0.000000 1.000000 0.000000
0.996995 0.077466 0.000000 1044.386960 -0.077466 0.996995 -0.000000 5.381651 -0.000000 0.000000 1.000000 0.000000
0.996714 0.081001 0.000000 1047.766427 -0.081001 0.996714 -0.000000 5.113359 -0.000000 0.000000 1.000000 0.000000
0.996424 0.084500 0.000000 1051.075975 -0.084500 0.996424 -0.000000 4.839045 -0.000000 0.000000 1.000000 0.000000
0.996114 0.088070 0.000000 1054.380968 -0.088070 0.996114 -0.000000 4.552880 -0.000000 0.000000 1.000000 0.000000
0.995804 0.091508 0.000000 1057.725964 -0.091508 0.995804 -0.000000 4.252152 -0.000000 0.000000 1.000000 0.000000
0.995603 0.093670 0.000000 1061.103623 -0.093670 0.995603 -0.000000 3.939419 -0.000000 0.000000 1.000000 0.000000
0.995412 0.095685 0.000000 1064.398368 -0.095685 0.995412 -0.000000 3.627090 -0.000000 0.000000 1.000000 0.000000
0.995186 0.098008 0.000000 1067.685959 -0.098008 0.995186 -0.000000 3.307430 -0.000000 0.000000 1.000000 0.000000
