0.999987 0.005025 0.000000 -1.791736 -0.005025 0.999987 -0.000000 1.990090 -0.000000 0.000000 1.000000 0.000000 1566533803627239000

0.999982 0.006048 0.000000 -0.098971 -0.006048 0.999982 -0.000000 1.985022 -0.000000 0.000000 1.000000 0.000000 1566533812163785000

0.999984 0.005604 0.000000 1.756854 -0.005604 0.999984 -0.000000 1.979368 -0.000000 0.000000 1.000000 0.000000 1566533813167536000

0.999981 0.006188 0.000000 3.271601 -0.006188 0.999981 -0.000000 1.965224 -0.000000 0.000000 1.000000 0.000000 1566533813920578000

0.999984 0.005680 0.000000 4.897476 -0.005680 0.999984 -0.000000 1.988271 -0.000000 0.000000 1.000000 0.000000 1566533814673737000

0.999996 0.002965 0.000000 6.505563 -0.002965 0.999996 -0.000000 2.044661 -0.000000 0.000000 1.000000 0.000000 1566533815425113000

0.999984 -0.005714 0.000000 8.130868 0.005714 0.999984 0.000000 2.040668 0.000000 0.000000 1.000000 0.000000 1566533816177745000

0.999920 -0.012688 0.000000 9.702516 0.012688 0.999920 0.000000 2.052706 0.000000 0.000000 1.000000 0.000000 1566533816931605000

0.999834 -0.018219 0.000000 11.237250 0.018219 0.999834 0.000000 2.102422 0.000000 0.000000 1.000000 0.000000 1566533817684089000

0.999714 -0.023907 0.000000 13.149180 0.023907 0.999714 0.000000 2.178332 0.000000 0.000000 1.000000 0.000000 1566533818687182000

0.999646 -0.026605 0.000000 14.909171 0.026605 0.999646 0.000000 2.276031 0.000000 0.000000 1.000000 0.000000 1566533819691826000

0.998769 -0.049596 0.000000 16.538782 0.049596 0.998769 0.000000 2.355156 0.000000 0.000000 1.000000 0.000000 1566533820947074000

0.995238 -0.097479 0.000000 18.087514 0.097479 0.995238 0.000000 2.552392 0.000000 0.000000 1.000000 0.000000 1566533822201891000

0.987367 -0.158448 0.000000 19.834695 0.158448 0.987367 0.000000 2.892655 0.000000 0.000000 1.000000 0.000000 1566533823205655000

0.975569 -0.219692 0.000000 21.701238 0.219692 0.975569 0.000000 3.361379 0.000000 0.000000 1.000000 0.000000 1566533823960026000

0.956569 -0.291506 0.000000 23.895667 0.291506 0.956569 0.000000 4.000955 0.000000 0.000000 1.000000 0.000000 1566533824712720000

0.944389 -0.328829 0.000000 25.548650 0.328829 0.944389 0.000000 4.645654 0.000000 0.000000 1.000000 0.000000 1566533825215277000

0.940719 -0.339187 0.000000 27.318512 0.339187 0.940719 0.000000 5.280046 0.000000 0.000000 1.000000 0.000000 1566533825717016000

0.948043 -0.318143 0.000000 29.192988 0.318143 0.948043 0.000000 5.908917 0.000000 0.000000 1.000000 0.000000 1566533826218612000

0.961440 -0.275015 0.000000 31.228513 0.275015 0.961440 0.000000 6.448409 0.000000 0.000000 1.000000 0.000000 1566533826720808000

0.975434 -0.220291 0.000000 33.428731 0.220291 0.975434 0.000000 6.997726 0.000000 0.000000 1.000000 0.000000 1566533827222025000

0.986763 -0.162167 0.000000 35.699069 0.162167 0.986763 0.000000 7.353281 0.000000 0.000000 1.000000 0.000000 1566533827723153000

0.994196 -0.107580 0.000000 38.215762 0.107580 0.994196 0.000000 7.601782 0.000000 0.000000 1.000000 0.000000 1566533828225504000

0.997546 -0.070010 0.000000 40.821570 0.070010 0.997546 0.000000 7.767935 0.000000 0.000000 1.000000 0.000000 1566533828726694000

0.998790 -0.049173 0.000000 43.607564 0.049173 0.998790 0.000000 7.962355 0.000000 0.000000 1.000000 0.000000 1566533829229036000

0.998967 -0.045432 0.000000 46.420376 0.045432 0.998967 0.000000 8.072874 0.000000 0.000000 1.000000 0.000000 1566533829729889000

0.998904 -0.046800 0.000000 49.334117 0.046800 0.998904 0.000000 8.250965 0.000000 0.000000 1.000000 0.000000 1566533830231197000

0.998755 -0.049892 0.000000 52.256646 0.049892 0.998755 0.000000 8.385597 0.000000 0.000000 1.000000 0.000000 1566533830732078000

0.998561 -0.053631 0.000000 55.188624 0.053631 0.998561 0.000000 8.540209 0.000000 0.000000 1.000000 0.000000 1566533831233578000

0.998437 -0.055886 0.000000 56.690692 0.055886 0.998437 0.000000 8.653678 0.000000 0.000000 1.000000 0.000000 1566533831484455000

0.998393 -0.056675 0.000000 58.195585 0.056675 0.998393 0.000000 8.769367 0.000000 0.000000 1.000000 0.000000 1566533831734959000

0.998354 -0.057360 0.000000 59.734604 0.057360 0.998354 0.000000 8.849441 0.000000 0.000000 1.000000 0.000000 1566533831985723000

0.998168 -0.060502 0.000000 61.244834 0.060502 0.998168 0.000000 8.974826 0.000000 0.000000 1.000000 0.000000 1566533832236873000

0.997731 -0.067333 0.000000 62.800673 0.067333 0.997731 0.000000 9.125864 0.000000 0.000000 1.000000 0.000000 1566533832488106000

0.997011 -0.077264 0.000000 64.363841 0.077264 0.997011 0.000000 9.211621 0.000000 0.000000 1.000000 0.000000 1566533832739659000

0.996132 -0.087872 0.000000 65.919053 0.087872 0.996132 0.000000 9.375436 0.000000 0.000000 1.000000 0.000000 1566533833000067000

0.995124 -0.098628 0.000000 67.455275 0.098628 0.995124 0.000000 9.570556 0.000000 0.000000 1.000000 0.000000 1566533833240549000

0.993660 -0.112429 0.000000 69.023564 0.112429 0.993660 0.000000 9.755212 0.000000 0.000000 1.000000 0.000000 1566533833490745000

0.991869 -0.127263 0.000000 70.520929 0.127263 0.991869 0.000000 9.959670 0.000000 0.000000 1.000000 0.000000 1566533833741190000

0.987171 -0.159669 0.000000 73.444509 0.159669 0.987171 0.000000 10.464507 0.000000 0.000000 1.000000 0.000000 1566533834242664000

0.984540 -0.175160 0.000000 74.954949 0.175160 0.984540 0.000000 10.705598 0.000000 0.000000 1.000000 0.000000 1566533834493504000

0.978056 -0.208343 0.000000 77.838843 0.208343 0.978056 0.000000 11.305046 0.000000 0.000000 1.000000 0.000000 1566533834996649000

0.971422 -0.237358 0.000000 80.606065 0.237358 0.971422 0.000000 12.025540 0.000000 0.000000 1.000000 0.000000 1566533835496506000

0.962489 -0.271320 0.000000 83.203521 0.271320 0.962489 0.000000 12.760775 0.000000 0.000000 1.000000 0.000000 1566533836000654000

0.952710 -0.303881 0.000000 85.757266 0.303881 0.952710 0.000000 13.608524 0.000000 0.000000 1.000000 0.000000 1566533836499594000

0.940902 -0.338679 0.000000 88.214641 0.338679 0.940902 0.000000 14.549331 0.000000 0.000000 1.000000 0.000000 1566533837000610000

0.925718 -0.378214 0.000000 90.523620 0.378214 0.925718 0.000000 15.500006 0.000000 0.000000 1.000000 0.000000 1566533837501602000

0.907486 -0.420082 0.000000 92.826053 0.420082 0.907486 0.000000 16.609517 0.000000 0.000000 1.000000 0.000000 1566533838003604000

0.887256 -0.461278 0.000000 94.855377 0.461278 0.887256 0.000000 17.678044 0.000000 0.000000 1.000000 0.000000 1566533838504739000

0.862409 -0.506211 0.000000 96.783011 0.506211 0.862409 0.000000 18.864282 0.000000 0.000000 1.000000 0.000000 1566533839006351000

0.835666 -0.549238 0.000000 98.641170 0.549238 0.835666 0.000000 20.118734 0.000000 0.000000 1.000000 0.000000 1566533839507285000

0.801572 -0.597899 0.000000 100.397695 0.597899 0.801572 0.000000 21.495453 0.000000 0.000000 1.000000 0.000000 1566533840009451000

0.762016 -0.647558 0.000000 101.993690 0.647558 0.762016 0.000000 22.845541 0.000000 0.000000 1.000000 0.000000 1566533840510289000

0.732067 -0.681232 0.000000 103.546090 0.681232 0.732067 0.000000 24.382949 0.000000 0.000000 1.000000 0.000000 1566533841011815000

0.718347 -0.695685 0.000000 104.902231 0.695685 0.718347 0.000000 25.681554 0.000000 0.000000 1.000000 0.000000 1566533841513326000

0.717140 -0.696929 0.000000 105.965726 0.696929 0.717140 0.000000 26.753010 0.000000 0.000000 1.000000 0.000000 1566533842014181000

0.720847 -0.693094 0.000000 107.127239 0.693094 0.720847 0.000000 27.827549 0.000000 0.000000 1.000000 0.000000 1566533842766668000

0.726974 -0.686665 0.000000 108.397068 0.686665 0.726974 0.000000 29.076966 0.000000 0.000000 1.000000 0.000000 1566533843770453000

0.734990 -0.678078 0.000000 109.828475 0.678078 0.734990 0.000000 30.414751 0.000000 0.000000 1.000000 0.000000 1566533844773337000

0.740307 -0.672269 0.000000 111.120754 0.672269 0.740307 0.000000 31.550427 0.000000 0.000000 1.000000 0.000000 1566533845526513000

0.743587 -0.668639 0.000000 112.657389 0.668639 0.743587 0.000000 32.975003 0.000000 0.000000 1.000000 0.000000 1566533846278961000

0.744808 -0.667279 0.000000 113.857679 0.667279 0.744808 0.000000 34.047064 0.000000 0.000000 1.000000 0.000000 1566533846780862000

0.746538 -0.665343 0.000000 115.134853 0.665343 0.746538 0.000000 35.148721 0.000000 0.000000 1.000000 0.000000 1566533847282469000

0.745792 -0.666178 0.000000 116.351515 0.666178 0.745792 0.000000 36.274689 0.000000 0.000000 1.000000 0.000000 1566533847784146000

0.744433 -0.667697 0.000000 117.665305 0.667697 0.744433 0.000000 37.491033 0.000000 0.000000 1.000000 0.000000 1566533848285975000

0.742890 -0.669414 0.000000 119.081399 0.669414 0.742890 0.000000 38.786370 0.000000 0.000000 1.000000 0.000000 1566533848788097000

0.742003 -0.670397 0.000000 120.557945 0.670397 0.742003 0.000000 40.159288 0.000000 0.000000 1.000000 0.000000 1566533849290181000

0.741991 -0.670410 0.000000 122.187508 0.670410 0.741991 0.000000 41.621186 0.000000 0.000000 1.000000 0.000000 1566533849791366000

0.743895 -0.668296 0.000000 123.891755 0.668296 0.743895 0.000000 43.135996 0.000000 0.000000 1.000000 0.000000 1566533850293162000

0.748857 -0.662731 0.000000 125.608847 0.662731 0.748857 0.000000 44.739912 0.000000 0.000000 1.000000 0.000000 1566533850794131000

0.754789 -0.655968 0.000000 127.375773 0.655968 0.754789 0.000000 46.339726 0.000000 0.000000 1.000000 0.000000 1566533851295520000

0.762216 -0.647322 0.000000 129.279153 0.647322 0.762216 0.000000 47.955964 0.000000 0.000000 1.000000 0.000000 1566533851796953000

0.772678 -0.634798 0.000000 131.259154 0.634798 0.772678 0.000000 49.609061 0.000000 0.000000 1.000000 0.000000 1566533852298879000

0.784097 -0.620638 0.000000 133.355877 0.620638 0.784097 0.000000 51.228785 0.000000 0.000000 1.000000 0.000000 1566533852800850000

0.798055 -0.602585 0.000000 135.474030 0.602585 0.798055 0.000000 52.856443 0.000000 0.000000 1.000000 0.000000 1566533853302152000

0.814135 -0.580676 0.000000 137.646476 0.580676 0.814135 0.000000 54.425751 0.000000 0.000000 1.000000 0.000000 1566533853803467000

0.832599 -0.553877 0.000000 139.857754 0.553877 0.832599 0.000000 55.902595 0.000000 0.000000 1.000000 0.000000 1566533854305407000

0.853442 -0.521187 0.000000 142.073909 0.521187 0.853442 0.000000 57.251278 0.000000 0.000000 1.000000 0.000000 1566533854807192000

0.870568 -0.492048 0.000000 144.217807 0.492048 0.870568 0.000000 58.493031 0.000000 0.000000 1.000000 0.000000 1566533855308340000

0.887071 -0.461632 0.000000 146.347367 0.461632 0.887071 0.000000 59.591847 0.000000 0.000000 1.000000 0.000000 1566533855809785000

0.899331 -0.437269 0.000000 148.302376 0.437269 0.899331 0.000000 60.550751 0.000000 0.000000 1.000000 0.000000 1566533856310788000

0.904909 -0.425605 0.000000 149.941316 0.425605 0.904909 0.000000 61.311547 0.000000 0.000000 1.000000 0.000000 1566533856811616000

0.908382 -0.418141 0.000000 151.861216 0.418141 0.908382 0.000000 62.190852 0.000000 0.000000 1.000000 0.000000 1566533857564005000

0.908501 -0.417884 0.000000 153.521300 0.417884 0.908501 0.000000 62.958188 0.000000 0.000000 1.000000 0.000000 1566533858316499000

0.898777 -0.438405 0.000000 154.949632 0.438405 0.898777 0.000000 63.689160 0.000000 0.000000 1.000000 0.000000 1566533859069715000

0.889863 -0.456227 0.000000 156.641861 0.456227 0.889863 0.000000 64.530499 0.000000 0.000000 1.000000 0.000000 1566533859823312000

0.906475 -0.422259 0.000000 158.634151 0.422259 0.906475 0.000000 65.524945 0.000000 0.000000 1.000000 0.000000 1566533860576634000

0.927702 -0.373322 0.000000 160.279891 0.373322 0.927702 0.000000 66.166274 0.000000 0.000000 1.000000 0.000000 1566533861076533000

0.948539 -0.316659 0.000000 162.259908 0.316659 0.948539 0.000000 66.783145 0.000000 0.000000 1.000000 0.000000 1566533861579763000

0.967095 -0.254416 0.000000 164.432345 0.254416 0.967095 0.000000 67.348983 0.000000 0.000000 1.000000 0.000000 1566533862079955000

0.981075 -0.193628 0.000000 166.941596 0.193628 0.981075 0.000000 67.813688 0.000000 0.000000 1.000000 0.000000 1566533862581136000

0.989041 -0.147644 0.000000 169.565105 0.147644 0.989041 0.000000 68.081602 0.000000 0.000000 1.000000 0.000000 1566533863082738000

0.990985 -0.133973 0.000000 172.469613 0.133973 0.990985 0.000000 68.586481 0.000000 0.000000 1.000000 0.000000 1566533863583857000

0.991562 -0.129630 0.000000 175.405790 0.129630 0.991562 0.000000 68.983992 0.000000 0.000000 1.000000 0.000000 1566533864087242000

0.992013 -0.126134 0.000000 176.924650 0.126134 0.992013 0.000000 69.155775 0.000000 0.000000 1.000000 0.000000 1566533864338034000

0.992400 -0.123055 0.000000 178.524121 0.123055 0.992400 0.000000 69.384307 0.000000 0.000000 1.000000 0.000000 1566533864589145000

0.992772 -0.120017 0.000000 180.128138 0.120017 0.992772 0.000000 69.574286 0.000000 0.000000 1.000000 0.000000 1566533864839819000

0.993137 -0.116959 0.000000 181.778638 0.116959 0.993137 0.000000 69.766538 0.000000 0.000000 1.000000 0.000000 1566533865090911000

0.993812 -0.111075 0.000000 183.414276 0.111075 0.993812 0.000000 69.959199 0.000000 0.000000 1.000000 0.000000 1566533865341669000

0.994638 -0.103421 0.000000 185.141951 0.103421 0.994638 0.000000 70.146498 0.000000 0.000000 1.000000 0.000000 1566533865591741000

0.995453 -0.095251 0.000000 186.884909 0.095251 0.995453 0.000000 70.332930 0.000000 0.000000 1.000000 0.000000 1566533865842381000

0.996363 -0.085211 0.000000 188.699729 0.085211 0.996363 0.000000 70.495977 0.000000 0.000000 1.000000 0.000000 1566533866093355000

0.997264 -0.073924 0.000000 190.522695 0.073924 0.997264 0.000000 70.634807 0.000000 0.000000 1.000000 0.000000 1566533866344191000

0.998263 -0.058922 0.000000 192.383819 0.058922 0.998263 0.000000 70.765326 0.000000 0.000000 1.000000 0.000000 1566533866595422000

0.999222 -0.039441 0.000000 194.273919 0.039441 0.999222 0.000000 70.837365 0.000000 0.000000 1.000000 0.000000 1566533866846215000

0.999842 -0.017763 0.000000 196.122551 0.017763 0.999842 0.000000 70.859259 0.000000 0.000000 1.000000 0.000000 1566533867096263000

0.999999 0.001576 0.000000 198.043767 -0.001576 0.999999 -0.000000 70.852965 -0.000000 0.000000 1.000000 0.000000 1566533867347167000

0.999865 0.016420 0.000000 200.046070 -0.016420 0.999865 -0.000000 70.815902 -0.000000 0.000000 1.000000 0.000000 1566533867598236000

0.999587 0.028730 0.000000 201.971917 -0.028730 0.999587 -0.000000 70.739056 -0.000000 0.000000 1.000000 0.000000 1566533867848970000

0.999128 0.041754 0.000000 203.988921 -0.041754 0.999128 -0.000000 70.614234 -0.000000 0.000000 1.000000 0.000000 1566533868098803000

0.998473 0.055242 0.000000 205.959764 -0.055242 0.998473 -0.000000 70.568580 -0.000000 0.000000 1.000000 0.000000 1566533868349652000

0.997561 0.069800 0.000000 207.997804 -0.069800 0.997561 -0.000000 70.410777 -0.000000 0.000000 1.000000 0.000000 1566533868599885000

0.996558 0.082895 0.000000 210.033308 -0.082895 0.996558 -0.000000 70.246855 -0.000000 0.000000 1.000000 0.000000 1566533868850453000

0.995592 0.093789 0.000000 212.112698 -0.093789 0.995592 -0.000000 70.052276 -0.000000 0.000000 1.000000 0.000000 1566533869101021000

0.994449 0.105217 0.000000 214.231280 -0.105217 0.994449 -0.000000 69.851276 -0.000000 0.000000 1.000000 0.000000 1566533869351685000

0.993244 0.116046 0.000000 216.346121 -0.116046 0.993244 -0.000000 69.607966 -0.000000 0.000000 1.000000 0.000000 1566533869602754000

0.991962 0.126535 0.000000 218.457625 -0.126535 0.991962 -0.000000 69.323959 -0.000000 0.000000 1.000000 0.000000 1566533869853135000

0.990511 0.137434 0.000000 220.540754 -0.137434 0.990511 -0.000000 69.050804 -0.000000 0.000000 1.000000 0.000000 1566533870103359000

0.988704 0.149881 0.000000 222.637234 -0.149881 0.988704 -0.000000 68.713592 -0.000000 0.000000 1.000000 0.000000 1566533870353786000

0.986767 0.162142 0.000000 224.689349 -0.162142 0.986767 -0.000000 68.406012 -0.000000 0.000000 1.000000 0.000000 1566533870604053000

0.984305 0.176478 0.000000 226.747440 -0.176478 0.984305 -0.000000 68.030958 -0.000000 0.000000 1.000000 0.000000 1566533870855011000

0.981457 0.191680 0.000000 228.805611 -0.191680 0.981457 -0.000000 67.627470 -0.000000 0.000000 1.000000 0.000000 1566533871105466000

0.978163 0.207839 0.000000 230.797751 -0.207839 0.978163 -0.000000 67.160451 -0.000000 0.000000 1.000000 0.000000 1566533871356115000

0.973951 0.226758 0.000000 232.854342 -0.226758 0.973951 -0.000000 66.712489 -0.000000 0.000000 1.000000 0.000000 1566533871606515000

0.969045 0.246886 0.000000 234.857633 -0.246886 0.969045 -0.000000 66.178421 -0.000000 0.000000 1.000000 0.000000 1566533871856980000

0.963664 0.267119 0.000000 236.885835 -0.267119 0.963664 -0.000000 65.591139 -0.000000 0.000000 1.000000 0.000000 1566533872107814000

0.957370 0.288863 0.000000 238.955905 -0.288863 0.957370 -0.000000 65.021722 -0.000000 0.000000 1.000000 0.000000 1566533872357964000

0.950563 0.310532 0.000000 240.978572 -0.310532 0.950563 -0.000000 64.339324 -0.000000 0.000000 1.000000 0.000000 1566533872607661000

0.943121 0.332451 0.000000 242.933889 -0.332451 0.943121 -0.000000 63.704116 -0.000000 0.000000 1.000000 0.000000 1566533872857518000

0.934617 0.355655 0.000000 244.862443 -0.355655 0.934617 -0.000000 62.946081 -0.000000 0.000000 1.000000 0.000000 1566533873108051000

0.925562 0.378597 0.000000 246.817610 -0.378597 0.925562 -0.000000 62.188909 -0.000000 0.000000 1.000000 0.000000 1566533873357807000

0.916615 0.399770 0.000000 248.744746 -0.399770 0.916615 -0.000000 61.327993 -0.000000 0.000000 1.000000 0.000000 1566533873607811000

0.905581 0.424174 0.000000 250.644232 -0.424174 0.905581 -0.000000 60.436214 -0.000000 0.000000 1.000000 0.000000 1566533873858041000

0.893940 0.448187 0.000000 252.490983 -0.448187 0.893940 -0.000000 59.513684 -0.000000 0.000000 1.000000 0.000000 1566533874108382000

0.881312 0.472535 0.000000 254.360868 -0.472535 0.881312 -0.000000 58.482736 -0.000000 0.000000 1.000000 0.000000 1566533874358688000

0.869069 0.494691 0.000000 256.207533 -0.494691 0.869069 -0.000000 57.434687 -0.000000 0.000000 1.000000 0.000000 1566533874608707000

0.858037 0.513588 0.000000 258.010171 -0.513588 0.858037 -0.000000 56.376734 -0.000000 0.000000 1.000000 0.000000 1566533874858953000

0.845227 0.534408 0.000000 259.829626 -0.534408 0.845227 -0.000000 55.250975 -0.000000 0.000000 1.000000 0.000000 1566533875108577000

0.831905 0.554918 0.000000 261.596694 -0.554918 0.831905 -0.000000 54.092383 -0.000000 0.000000 1.000000 0.000000 1566533875358583000

0.819672 0.572833 0.000000 263.291309 -0.572833 0.819672 -0.000000 52.879328 -0.000000 0.000000 1.000000 0.000000 1566533875608261000

0.807766 0.589504 0.000000 265.039780 -0.589504 0.807766 -0.000000 51.641402 -0.000000 0.000000 1.000000 0.000000 1566533875858710000

0.796636 0.604460 0.000000 266.708428 -0.604460 0.796636 -0.000000 50.340885 -0.000000 0.000000 1.000000 0.000000 1566533876109162000

0.785517 0.618840 0.000000 268.415856 -0.618840 0.785517 -0.000000 49.042859 -0.000000 0.000000 1.000000 0.000000 1566533876359034000

0.774583 0.632472 0.000000 270.045315 -0.632472 0.774583 -0.000000 47.680204 -0.000000 0.000000 1.000000 0.000000 1566533876609621000

0.763719 0.645548 0.000000 271.648111 -0.645548 0.763719 -0.000000 46.343544 -0.000000 0.000000 1.000000 0.000000 1566533876859674000

0.753400 0.657562 0.000000 273.248392 -0.657562 0.753400 -0.000000 44.928314 -0.000000 0.000000 1.000000 0.000000 1566533877108833000

0.743485 0.668752 0.000000 274.866108 -0.668752 0.743485 -0.000000 43.529559 -0.000000 0.000000 1.000000 0.000000 1566533877359572000

0.732686 0.680567 0.000000 276.417623 -0.680567 0.732686 -0.000000 42.062669 -0.000000 0.000000 1.000000 0.000000 1566533877609023000

0.723494 0.690330 0.000000 277.994427 -0.690330 0.723494 -0.000000 40.587730 -0.000000 0.000000 1.000000 0.000000 1566533877859972000

0.715097 0.699026 0.000000 279.491585 -0.699026 0.715097 -0.000000 39.089704 -0.000000 0.000000 1.000000 0.000000 1566533878109000000

0.706397 0.707816 0.000000 281.035376 -0.707816 0.706397 -0.000000 37.558296 -0.000000 0.000000 1.000000 0.000000 1566533878358944000

0.698185 0.715918 0.000000 282.614720 -0.715918 0.698185 -0.000000 36.045849 -0.000000 0.000000 1.000000 0.000000 1566533878609673000

0.690782 0.723063 0.000000 284.122393 -0.723063 0.690782 -0.000000 34.473627 -0.000000 0.000000 1.000000 0.000000 1566533878859408000

0.687799 0.725901 0.000000 285.550708 -0.725901 0.687799 -0.000000 32.987891 -0.000000 0.000000 1.000000 0.000000 1566533879109234000

0.689562 0.724227 0.000000 287.039616 -0.724227 0.689562 -0.000000 31.452590 -0.000000 0.000000 1.000000 0.000000 1566533879359083000

0.696039 0.718004 0.000000 288.471819 -0.718004 0.696039 -0.000000 29.933239 -0.000000 0.000000 1.000000 0.000000 1566533879609192000

0.705276 0.708933 0.000000 290.016086 -0.708933 0.705276 -0.000000 28.411334 -0.000000 0.000000 1.000000 0.000000 1566533879859013000

0.717490 0.696568 0.000000 291.542059 -0.696568 0.717490 -0.000000 26.989903 -0.000000 0.000000 1.000000 0.000000 1566533880109047000

0.730299 0.683127 0.000000 293.073394 -0.683127 0.730299 -0.000000 25.586461 -0.000000 0.000000 1.000000 0.000000 1566533880359415000

0.744434 0.667697 0.000000 294.607521 -0.667697 0.744434 -0.000000 24.219895 -0.000000 0.000000 1.000000 0.000000 1566533880610752000

0.759021 0.651066 0.000000 296.240159 -0.651066 0.759021 -0.000000 22.862476 -0.000000 0.000000 1.000000 0.000000 1566533880860204000

0.776464 0.630162 0.000000 297.820376 -0.630162 0.776464 -0.000000 21.564153 -0.000000 0.000000 1.000000 0.000000 1566533881110790000

0.793871 0.608086 0.000000 299.504268 -0.608086 0.793871 -0.000000 20.303150 -0.000000 0.000000 1.000000 0.000000 1566533881360755000

0.812516 0.582939 0.000000 301.309759 -0.582939 0.812516 -0.000000 19.162991 -0.000000 0.000000 1.000000 0.000000 1566533881610703000

0.831915 0.554904 0.000000 303.048870 -0.554904 0.831915 -0.000000 17.972333 -0.000000 0.000000 1.000000 0.000000 1566533881860718000

0.850696 0.525658 0.000000 304.876616 -0.525658 0.850696 -0.000000 16.885602 -0.000000 0.000000 1.000000 0.000000 1566533882111733000

0.868754 0.495244 0.000000 306.768049 -0.495244 0.868754 -0.000000 15.888072 -0.000000 0.000000 1.000000 0.000000 1566533882361765000

0.887541 0.460728 0.000000 308.692650 -0.460728 0.887541 -0.000000 14.903806 -0.000000 0.000000 1.000000 0.000000 1566533882611615000

0.905759 0.423793 0.000000 310.681063 -0.423793 0.905759 -0.000000 13.971806 -0.000000 0.000000 1.000000 0.000000 1566533882861177000

0.923018 0.384757 0.000000 312.732100 -0.384757 0.923018 -0.000000 13.135500 -0.000000 0.000000 1.000000 0.000000 1566533883111621000

0.938985 0.343957 0.000000 314.833404 -0.343957 0.938985 -0.000000 12.421937 -0.000000 0.000000 1.000000 0.000000 1566533883362020000

0.952362 0.304971 0.000000 317.026194 -0.304971 0.952362 -0.000000 11.699304 -0.000000 0.000000 1.000000 0.000000 1566533883611938000

0.962318 0.271926 0.000000 319.181101 -0.271926 0.962318 -0.000000 11.135739 -0.000000 0.000000 1.000000 0.000000 1566533883862862000

0.969753 0.244088 0.000000 321.410182 -0.244088 0.969753 -0.000000 10.603766 -0.000000 0.000000 1.000000 0.000000 1566533884113474000

0.975873 0.218339 0.000000 323.651437 -0.218339 0.975873 -0.000000 10.126111 -0.000000 0.000000 1.000000 0.000000 1566533884363748000

0.980165 0.198184 0.000000 325.888922 -0.198184 0.980165 -0.000000 9.717869 -0.000000 0.000000 1.000000 0.000000 1566533884613341000

0.983973 0.178315 0.000000 328.198773 -0.178315 0.983973 -0.000000 9.332187 -0.000000 0.000000 1.000000 0.000000 1566533884863791000

0.986485 0.163850 0.000000 330.498662 -0.163850 0.986485 -0.000000 8.956736 -0.000000 0.000000 1.000000 0.000000 1566533885114793000

0.988731 0.149703 0.000000 332.820186 -0.149703 0.988731 -0.000000 8.656337 -0.000000 0.000000 1.000000 0.000000 1566533885364559000

0.990560 0.137077 0.000000 335.188758 -0.137077 0.990560 -0.000000 8.379664 -0.000000 0.000000 1.000000 0.000000 1566533885614504000

0.991864 0.127301 0.000000 337.525292 -0.127301 0.991864 -0.000000 8.066665 -0.000000 0.000000 1.000000 0.000000 1566533885865009000

0.993362 0.115032 0.000000 339.915837 -0.115032 0.993362 -0.000000 7.843358 -0.000000 0.000000 1.000000 0.000000 1566533886115518000

0.994449 0.105224 0.000000 342.341294 -0.105224 0.994449 -0.000000 7.558609 -0.000000 0.000000 1.000000 0.000000 1566533886365284000

0.995530 0.094448 0.000000 344.775058 -0.094448 0.995530 -0.000000 7.317235 -0.000000 0.000000 1.000000 0.000000 1566533886615014000

0.996187 0.087238 0.000000 347.208434 -0.087238 0.996187 -0.000000 7.135440 -0.000000 0.000000 1.000000 0.000000 1566533886865423000

0.997067 0.076536 0.000000 349.639299 -0.076536 0.997067 -0.000000 6.947411 -0.000000 0.000000 1.000000 0.000000 1566533887115446000

0.997593 0.069343 0.000000 352.076294 -0.069343 0.997593 -0.000000 6.786399 -0.000000 0.000000 1.000000 0.000000 1566533887365741000

0.998053 0.062369 0.000000 354.560546 -0.062369 0.998053 -0.000000 6.704922 -0.000000 0.000000 1.000000 0.000000 1566533887615637000

0.998619 0.052536 0.000000 357.051688 -0.052536 0.998619 -0.000000 6.505854 -0.000000 0.000000 1.000000 0.000000 1566533887865193000

0.999043 0.043744 0.000000 359.596677 -0.043744 0.999043 -0.000000 6.498902 -0.000000 0.000000 1.000000 0.000000 1566533888115321000

0.999260 0.038463 0.000000 362.018851 -0.038463 0.999260 -0.000000 6.381738 -0.000000 0.000000 1.000000 0.000000 1566533888366987000

0.999442 0.033399 0.000000 364.525252 -0.033399 0.999442 -0.000000 6.275837 -0.000000 0.000000 1.000000 0.000000 1566533888615121000

0.999565 0.029509 0.000000 366.949910 -0.029509 0.999565 -0.000000 6.230141 -0.000000 0.000000 1.000000 0.000000 1566533888866243000

0.999689 0.024945 0.000000 369.363113 -0.024945 0.999689 -0.000000 6.220322 -0.000000 0.000000 1.000000 0.000000 1566533889116503000

0.999787 0.020652 0.000000 371.796514 -0.020652 0.999787 -0.000000 6.113355 -0.000000 0.000000 1.000000 0.000000 1566533889366327000

0.999877 0.015702 0.000000 374.280497 -0.015702 0.999877 -0.000000 6.125992 -0.000000 0.000000 1.000000 0.000000 1566533889616173000

0.999874 0.015872 0.000000 376.757413 -0.015872 0.999874 -0.000000 6.066685 -0.000000 0.000000 1.000000 0.000000 1566533889866384000

0.999874 0.015867 0.000000 379.157535 -0.015867 0.999874 -0.000000 6.002645 -0.000000 0.000000 1.000000 0.000000 1566533890115573000

0.999865 0.016409 0.000000 381.627717 -0.016409 0.999865 -0.000000 6.001857 -0.000000 0.000000 1.000000 0.000000 1566533890365967000

0.999892 0.014705 0.000000 384.082224 -0.014705 0.999892 -0.000000 5.998764 -0.000000 0.000000 1.000000 0.000000 1566533890616160000

0.999921 0.012548 0.000000 386.579365 -0.012548 0.999921 -0.000000 5.962522 -0.000000 0.000000 1.000000 0.000000 1566533890866322000

0.999945 0.010489 0.000000 389.066713 -0.010489 0.999945 -0.000000 5.926195 -0.000000 0.000000 1.000000 0.000000 1566533891115856000

0.999958 0.009200 0.000000 391.525276 -0.009200 0.999958 -0.000000 5.917034 -0.000000 0.000000 1.000000 0.000000 1566533891365605000

0.999971 0.007599 0.000000 393.978612 -0.007599 0.999971 -0.000000 5.903916 -0.000000 0.000000 1.000000 0.000000 1566533891615588000

0.999977 0.006813 0.000000 396.451732 -0.006813 0.999977 -0.000000 5.852085 -0.000000 0.000000 1.000000 0.000000 1566533891865873000

0.999986 0.005352 0.000000 398.915682 -0.005352 0.999986 -0.000000 5.839374 -0.000000 0.000000 1.000000 0.000000 1566533892115818000

0.999984 0.005723 0.000000 401.330597 -0.005723 0.999984 -0.000000 5.826839 -0.000000 0.000000 1.000000 0.000000 1566533892365703000

0.999997 0.002425 0.000000 403.742918 -0.002425 0.999997 -0.000000 5.873897 -0.000000 0.000000 1.000000 0.000000 1566533892617682000

0.999998 0.001894 0.000000 406.202682 -0.001894 0.999998 -0.000000 5.872763 -0.000000 0.000000 1.000000 0.000000 1566533892867405000

0.999997 0.002344 0.000000 408.568593 -0.002344 0.999997 -0.000000 5.886582 -0.000000 0.000000 1.000000 0.000000 1566533893116933000

0.999999 0.001163 0.000000 410.936710 -0.001163 0.999999 -0.000000 5.877073 -0.000000 0.000000 1.000000 0.000000 1566533893365326000

0.999997 -0.002388 0.000000 413.336671 0.002388 0.999997 0.000000 5.875435 0.000000 0.000000 1.000000 0.000000 1566533893615926000

0.999997 -0.002468 0.000000 415.762838 0.002468 0.999997 0.000000 5.967587 0.000000 0.000000 1.000000 0.000000 1566533893866124000

0.999998 -0.001882 0.000000 418.120073 0.001882 0.999998 0.000000 5.977766 0.000000 0.000000 1.000000 0.000000 1566533894117313000

1.000000 0.000765 0.000000 420.445874 -0.000765 1.000000 -0.000000 5.962159 -0.000000 0.000000 1.000000 0.000000 1566533894367266000

0.999997 0.002353 0.000000 422.757729 -0.002353 0.999997 -0.000000 5.924074 -0.000000 0.000000 1.000000 0.000000 1566533894616661000

0.999998 0.001987 0.000000 425.063559 -0.001987 0.999998 -0.000000 5.954230 -0.000000 0.000000 1.000000 0.000000 1566533894867018000

0.999998 0.001949 0.000000 427.371285 -0.001949 0.999998 -0.000000 5.955084 -0.000000 0.000000 1.000000 0.000000 1566533895116796000

0.999996 0.002878 0.000000 429.600878 -0.002878 0.999996 -0.000000 5.959971 -0.000000 0.000000 1.000000 0.000000 1566533895367153000

0.999999 0.001032 0.000000 431.892380 -0.001032 0.999999 -0.000000 5.950947 -0.000000 0.000000 1.000000 0.000000 1566533895616734000

0.999998 0.001830 0.000000 434.143758 -0.001830 0.999998 -0.000000 5.982218 -0.000000 0.000000 1.000000 0.000000 1566533895866204000

0.999999 0.001143 0.000000 436.371248 -0.001143 0.999999 -0.000000 5.948216 -0.000000 0.000000 1.000000 0.000000 1566533896115350000

0.999996 0.002752 0.000000 438.558066 -0.002752 0.999996 -0.000000 5.934736 -0.000000 0.000000 1.000000 0.000000 1566533896365318000

0.999985 0.005550 0.000000 440.752010 -0.005550 0.999985 -0.000000 5.947715 -0.000000 0.000000 1.000000 0.000000 1566533896615024000

0.999987 0.005093 0.000000 442.925983 -0.005093 0.999987 -0.000000 6.004676 -0.000000 0.000000 1.000000 0.000000 1566533896864903000

0.999975 0.007057 0.000000 445.107722 -0.007057 0.999975 -0.000000 5.968226 -0.000000 0.000000 1.000000 0.000000 1566533897115155000

0.999977 0.006847 0.000000 447.224213 -0.006847 0.999977 -0.000000 6.001663 -0.000000 0.000000 1.000000 0.000000 1566533897364840000

0.999961 0.008806 0.000000 449.243000 -0.008806 0.999961 -0.000000 5.978104 -0.000000 0.000000 1.000000 0.000000 1566533897616178000

0.999944 0.010557 0.000000 451.169705 -0.010557 0.999944 -0.000000 6.073042 -0.000000 0.000000 1.000000 0.000000 1566533897865474000

0.999933 0.011545 0.000000 453.110384 -0.011545 0.999933 -0.000000 6.073412 -0.000000 0.000000 1.000000 0.000000 1566533898115004000

0.999954 0.009577 0.000000 454.930760 -0.009577 0.999954 -0.000000 5.986110 -0.000000 0.000000 1.000000 0.000000 1566533898364635000

0.999928 0.011982 0.000000 456.686544 -0.011982 0.999928 -0.000000 6.006294 -0.000000 0.000000 1.000000 0.000000 1566533898614940000

0.999906 0.013719 0.000000 458.427750 -0.013719 0.999906 -0.000000 5.975716 -0.000000 0.000000 1.000000 0.000000 1566533898863933000

0.999942 0.010765 0.000000 460.080663 -0.010765 0.999942 -0.000000 5.981502 -0.000000 0.000000 1.000000 0.000000 1566533899113244000

0.999914 0.013101 0.000000 461.640642 -0.013101 0.999914 -0.000000 5.963450 -0.000000 0.000000 1.000000 0.000000 1566533899363551000

0.999904 0.013862 0.000000 463.159606 -0.013862 0.999904 -0.000000 6.015411 -0.000000 0.000000 1.000000 0.000000 1566533899613739000

0.999460 0.032855 0.000000 465.942270 -0.032855 0.999460 -0.000000 5.937614 -0.000000 0.000000 1.000000 0.000000 1566533900112996000

0.996078 0.088479 0.000000 468.467369 -0.088479 0.996078 -0.000000 5.650397 -0.000000 0.000000 1.000000 0.000000 1566533900613161000

0.984446 0.175686 0.000000 470.904698 -0.175686 0.984446 -0.000000 5.180431 -0.000000 0.000000 1.000000 0.000000 1566533901113565000

0.957436 0.288647 0.000000 473.230226 -0.288647 0.957436 -0.000000 4.471550 -0.000000 0.000000 1.000000 0.000000 1566533901614236000

0.905832 0.423637 0.000000 475.435066 -0.423637 0.905832 -0.000000 3.491171 -0.000000 0.000000 1.000000 0.000000 1566533902114870000

0.813314 0.581825 0.000000 477.340420 -0.581825 0.813314 -0.000000 1.993452 -0.000000 0.000000 1.000000 0.000000 1566533902613990000

0.747674 0.664065 0.000000 478.105831 -0.664065 0.747674 -0.000000 1.086981 -0.000000 0.000000 1.000000 0.000000 1566533902864612000

0.672738 0.739881 0.000000 478.887747 -0.739881 0.672738 -0.000000 0.179732 -0.000000 0.000000 1.000000 0.000000 1566533903114511000

0.587618 0.809139 0.000000 479.537854 -0.809139 0.587618 -0.000000 -0.826918 -0.000000 0.000000 1.000000 0.000000 1566533903364582000

0.494690 0.869069 0.000000 480.039091 -0.869069 0.494690 -0.000000 -1.984817 -0.000000 0.000000 1.000000 0.000000 1566533903614057000

0.409848 0.912154 0.000000 480.408965 -0.912154 0.409848 -0.000000 -3.254900 -0.000000 0.000000 1.000000 0.000000 1566533903863671000

0.288789 0.957393 0.000000 481.311742 -0.957393 0.288789 -0.000000 -5.843809 -0.000000 0.000000 1.000000 0.000000 1566533904364325000

0.204476 0.978872 0.000000 481.951251 -0.978872 0.204476 -0.000000 -8.650203 -0.000000 0.000000 1.000000 0.000000 1566533904863725000

0.171806 0.985131 0.000000 482.178035 -0.985131 0.171806 -0.000000 -10.183252 -0.000000 0.000000 1.000000 0.000000 1566533905113932000

0.146630 0.989191 0.000000 482.381141 -0.989191 0.146630 -0.000000 -11.759465 -0.000000 0.000000 1.000000 0.000000 1566533905363745000

0.126770 0.991932 0.000000 482.564360 -0.991932 0.126770 -0.000000 -13.350580 -0.000000 0.000000 1.000000 0.000000 1566533905613586000

0.109182 0.994022 0.000000 482.762478 -0.994022 0.109182 -0.000000 -15.017541 -0.000000 0.000000 1.000000 0.000000 1566533905863858000

0.090140 0.995929 0.000000 482.883323 -0.995929 0.090140 -0.000000 -16.737247 -0.000000 0.000000 1.000000 0.000000 1566533906114805000

0.070559 0.997508 0.000000 482.988018 -0.997508 0.070559 -0.000000 -18.499291 -0.000000 0.000000 1.000000 0.000000 1566533906364469000

0.053082 0.998590 0.000000 483.073294 -0.998590 0.053082 -0.000000 -20.301825 -0.000000 0.000000 1.000000 0.000000 1566533906614761000

0.035013 0.999387 0.000000 483.162474 -0.999387 0.035013 -0.000000 -22.160357 -0.000000 0.000000 1.000000 0.000000 1566533906864912000

0.017744 0.999843 0.000000 483.224081 -0.999843 0.017744 -0.000000 -24.064887 -0.000000 0.000000 1.000000 0.000000 1566533907114811000

0.001354 0.999999 0.000000 483.219693 -0.999999 0.001354 -0.000000 -26.022191 -0.000000 0.000000 1.000000 0.000000 1566533907364683000

-0.012164 0.999926 0.000000 483.165109 -0.999926 -0.012164 -0.000000 -28.035852 -0.000000 0.000000 1.000000 0.000000 1566533907614645000

-0.022415 0.999749 0.000000 483.098404 -0.999749 -0.022415 -0.000000 -30.038024 -0.000000 0.000000 1.000000 0.000000 1566533907863725000

-0.034306 0.999411 0.000000 483.059925 -0.999411 -0.034306 -0.000000 -32.124031 -0.000000 0.000000 1.000000 0.000000 1566533908114393000

-0.046814 0.998904 0.000000 482.980550 -0.998904 -0.046814 -0.000000 -34.338747 -0.000000 0.000000 1.000000 0.000000 1566533908364427000

-0.057180 0.998364 0.000000 482.875974 -0.998364 -0.057180 -0.000000 -36.513140 -0.000000 0.000000 1.000000 0.000000 1566533908613882000

-0.065670 0.997841 0.000000 482.737545 -0.997841 -0.065670 -0.000000 -38.689627 -0.000000 0.000000 1.000000 0.000000 1566533908863944000

-0.066035 0.997817 0.000000 482.578425 -0.997817 -0.066035 -0.000000 -40.982899 -0.000000 0.000000 1.000000 0.000000 1566533909113570000

-0.063712 0.997968 0.000000 482.420954 -0.997968 -0.063712 -0.000000 -43.309817 -0.000000 0.000000 1.000000 0.000000 1566533909363758000

-0.061981 0.998077 0.000000 482.286292 -0.998077 -0.061981 -0.000000 -45.592116 -0.000000 0.000000 1.000000 0.000000 1566533909613090000

-0.059788 0.998211 0.000000 482.174835 -0.998211 -0.059788 -0.000000 -48.046652 -0.000000 0.000000 1.000000 0.000000 1566533909863266000

-0.057953 0.998319 0.000000 482.050609 -0.998319 -0.057953 -0.000000 -50.420442 -0.000000 0.000000 1.000000 0.000000 1566533910113306000

-0.056198 0.998420 0.000000 481.922976 -0.998420 -0.056198 -0.000000 -52.906127 -0.000000 0.000000 1.000000 0.000000 1566533910362969000

-0.052615 0.998615 0.000000 481.778675 -0.998615 -0.052615 -0.000000 -55.350127 -0.000000 0.000000 1.000000 0.000000 1566533910612534000

-0.051296 0.998683 0.000000 481.681931 -0.998683 -0.051296 -0.000000 -57.794528 -0.000000 0.000000 1.000000 0.000000 1566533910862623000

-0.049083 0.998795 0.000000 481.539965 -0.998795 -0.049083 -0.000000 -60.273409 -0.000000 0.000000 1.000000 0.000000 1566533911112264000

-0.046433 0.998921 0.000000 481.443245 -0.998921 -0.046433 -0.000000 -62.799579 -0.000000 0.000000 1.000000 0.000000 1566533911361749000

-0.045396 0.998969 0.000000 481.350902 -0.998969 -0.045396 -0.000000 -65.365289 -0.000000 0.000000 1.000000 0.000000 1566533911611742000

-0.043534 0.999052 0.000000 481.303719 -0.999052 -0.043534 -0.000000 -67.926188 -0.000000 0.000000 1.000000 0.000000 1566533911861848000

-0.040866 0.999165 0.000000 481.163333 -0.999165 -0.040866 -0.000000 -70.484685 -0.000000 0.000000 1.000000 0.000000 1566533912111839000

-0.038897 0.999243 0.000000 481.055378 -0.999243 -0.038897 -0.000000 -73.085097 -0.000000 0.000000 1.000000 0.000000 1566533912361687000

-0.039657 0.999213 0.000000 480.978676 -0.999213 -0.039657 -0.000000 -75.687576 -0.000000 0.000000 1.000000 0.000000 1566533912611681000

-0.045144 0.998980 0.000000 480.881656 -0.998980 -0.045144 -0.000000 -78.319221 -0.000000 0.000000 1.000000 0.000000 1566533912861880000

-0.051057 0.998696 0.000000 480.724655 -0.998696 -0.051057 -0.000000 -80.921164 -0.000000 0.000000 1.000000 0.000000 1566533913111968000

-0.055288 0.998470 0.000000 480.556041 -0.998470 -0.055288 -0.000000 -83.548434 -0.000000 0.000000 1.000000 0.000000 1566533913361754000

-0.059147 0.998249 0.000000 480.461697 -0.998249 -0.059147 -0.000000 -86.208651 -0.000000 0.000000 1.000000 0.000000 1566533913611323000

-0.063320 0.997993 0.000000 480.275343 -0.997993 -0.063320 -0.000000 -88.833956 -0.000000 0.000000 1.000000 0.000000 1566533913861243000

-0.069697 0.997568 0.000000 480.098936 -0.997568 -0.069697 -0.000000 -91.488350 -0.000000 0.000000 1.000000 0.000000 1566533914111320000

-0.076863 0.997042 0.000000 479.883613 -0.997042 -0.076863 -0.000000 -94.169156 -0.000000 0.000000 1.000000 0.000000 1566533914360803000

-0.084998 0.996381 0.000000 479.660766 -0.996381 -0.084998 -0.000000 -96.789932 -0.000000 0.000000 1.000000 0.000000 1566533914610714000

-0.096921 0.995292 0.000000 479.425976 -0.995292 -0.096921 -0.000000 -99.448481 -0.000000 0.000000 1.000000 0.000000 1566533914860722000

-0.109522 0.993984 0.000000 479.182498 -0.993984 -0.109522 -0.000000 -102.129749 -0.000000 0.000000 1.000000 0.000000 1566533915110532000

-0.123291 0.992371 0.000000 478.845761 -0.992371 -0.123291 -0.000000 -104.745753 -0.000000 0.000000 1.000000 0.000000 1566533915360338000

-0.137084 0.990559 0.000000 478.466044 -0.990559 -0.137084 -0.000000 -107.370737 -0.000000 0.000000 1.000000 0.000000 1566533915609951000

-0.148853 0.988859 0.000000 478.144494 -0.988859 -0.148853 -0.000000 -109.981558 -0.000000 0.000000 1.000000 0.000000 1566533915859828000

-0.158587 0.987345 0.000000 477.756814 -0.987345 -0.158587 -0.000000 -112.593981 -0.000000 0.000000 1.000000 0.000000 1566533916109094000

-0.169216 0.985579 0.000000 477.333427 -0.985579 -0.169216 -0.000000 -115.209475 -0.000000 0.000000 1.000000 0.000000 1566533916358874000

-0.180208 0.983629 0.000000 476.815267 -0.983629 -0.180208 -0.000000 -117.809561 -0.000000 0.000000 1.000000 0.000000 1566533916612573000

-0.191332 0.981525 0.000000 476.314217 -0.981525 -0.191332 -0.000000 -120.407192 -0.000000 0.000000 1.000000 0.000000 1566533916858314000

-0.202254 0.979333 0.000000 475.766614 -0.979333 -0.202254 -0.000000 -123.009443 -0.000000 0.000000 1.000000 0.000000 1566533917108664000

