1.000000 -0.000440 0.000000 -4.186438 0.000440 1.000000 0.000000 1.524317 0.000000 0.000000 1.000000 0.000000
0.994821 -0.101642 0.000000 -2.424869 0.101642 0.994821 0.000000 1.671157 0.000000 0.000000 1.000000 0.000000
0.987005 -0.160691 0.000000 -0.658419 0.160691 0.987005 0.000000 1.952566 0.000000 0.000000 1.000000 0.000000
0.986020 -0.166627 0.000000 0.866244 0.166627 0.986020 0.000000 2.209053 0.000000 0.000000 1.000000 0.000000
0.987177 -0.159631 0.000000 2.746770 0.159631 0.987177 0.000000 2.432471 0.000000 0.000000 1.000000 0.000000
0.990081 -0.140498 0.000000 4.964889 0.140498 0.990081 0.000000 2.681451 0.000000 0.000000 1.000000 0.000000
0.993943 -0.109894 0.000000 7.456114 0.109894 0.993943 0.000000 2.965948 0.000000 0.000000 1.000000 0.000000
0.997653 -0.068472 0.000000 10.188611 0.068472 0.997653 0.000000 3.115729 0.000000 0.000000 1.000000 0.000000
0.999759 -0.021963 0.000000 13.108198 0.021963 0.999759 0.000000 3.152336 0.000000 0.000000 1.000000 0.000000
0.999967 0.008068 0.000000 16.104610 -0.008068 0.999967 -0.000000 3.000313 -0.000000 0.000000 1.000000 0.000000
0.999954 0.009567 0.000000 17.723616 -0.009567 0.999954 -0.000000 3.027746 -0.000000 0.000000 1.000000 0.000000
0.999979 0.006426 0.000000 19.302810 -0.006426 0.999979 -0.000000 2.977947 -0.000000 0.000000 1.000000 0.000000
0.999987 0.005128 0.000000 21.003805 -0.005128 0.999987 -0.000000 2.955955 -0.000000 0.000000 1.000000 0.000000
0.999992 0.004034 0.000000 22.648157 -0.004034 0.999992 -0.000000 2.946456 -0.000000 0.000000 1.000000 0.000000
0.999994 0.003474 0.000000 24.324957 -0.003474 0.999994 -0.000000 2.925098 -0.000000 0.000000 1.000000 0.000000
0.999995 0.003014 0.000000 26.012809 -0.003014 0.999995 -0.000000 2.927590 -0.000000 0.000000 1.000000 0.000000
0.999991 0.004354 0.000000 27.773341 -0.004354 0.999991 -0.000000 2.885378 -0.000000 0.000000 1.000000 0.000000
0.999992 0.003990 0.000000 29.525737 -0.003990 0.999992 -0.000000 2.865435 -0.000000 0.000000 1.000000 0.000000
0.999995 0.003069 0.000000 31.324083 -0.003069 0.999995 -0.000000 2.839824 -0.000000 0.000000 1.000000 0.000000
0.999991 0.004196 0.000000 33.185613 -0.004196 0.999991 -0.000000 2.819687 -0.000000 0.000000 1.000000 0.000000
0.999989 0.004707 0.000000 35.021462 -0.004707 0.999989 -0.000000 2.765634 -0.000000 0.000000 1.000000 0.000000
0.999980 0.006360 0.000000 36.944725 -0.006360 0.999980 -0.000000 2.715513 -0.000000 0.000000 1.000000 0.000000
0.999971 0.007676 0.000000 38.873505 -0.007676 0.999971 -0.000000 2.680516 -0.000000 0.000000 1.000000 0.000000
0.999966 0.008289 0.000000 40.821362 -0.008289 0.999966 -0.000000 2.643991 -0.000000 0.000000 1.000000 0.000000
0.999952 0.009843 0.000000 42.803651 -0.009843 0.999952 -0.000000 2.622138 -0.000000 0.000000 1.000000 0.000000
0.999944 0.010558 0.000000 44.821824 -0.010558 0.999944 -0.000000 2.591992 -0.000000 0.000000 1.000000 0.000000
0.999918 0.012820 0.000000 46.838476 -0.012820 0.999918 -0.000000 2.530521 -0.000000 0.000000 1.000000 0.000000
0.999899 0.014179 0.000000 48.878750 -0.014179 0.999899 -0.000000 2.482623 -0.000000 0.000000 1.000000 0.000000
0.999881 0.015428 0.000000 50.879291 -0.015428 0.999881 -0.000000 2.384116 -0.000000 0.000000 1.000000 0.000000
0.999855 0.017021 0.000000 53.029647 -0.017021 0.999855 -0.000000 2.365082 -0.000000 0.000000 1.000000 0.000000
0.999841 0.017822 0.000000 55.197351 -0.017822 0.999841 -0.000000 2.288969 -0.000000 0.000000 1.000000 0.000000
0.999814 0.019309 0.000000 57.316313 -0.019309 0.999814 -0.000000 2.196635 -0.000000 0.000000 1.000000 0.000000
0.999799 0.020041 0.000000 59.521438 -0.020041 0.999799 -0.000000 2.138849 -0.000000 0.000000 1.000000 0.000000
0.999778 0.021047 0.000000 61.797414 -0.021047 0.999778 -0.000000 2.050233 -0.000000 0.000000 1.000000 0.000000
0.999754 0.022174 0.000000 64.047771 -0.022174 0.999754 -0.000000 1.972659 -0.000000 0.000000 1.000000 0.000000
0.999752 0.022270 0.000000 66.303319 -0.022270 0.999752 -0.000000 1.882274 -0.000000 0.000000 1.000000 0.000000
0.999733 0.023119 0.000000 68.573340 -0.023119 0.999733 -0.000000 1.780790 -0.000000 0.000000 1.000000 0.000000
0.999733 0.023116 0.000000 70.911511 -0.023116 0.999733 -0.000000 1.683187 -0.000000 0.000000 1.000000 0.000000
0.999755 0.022135 0.000000 73.191093 -0.022135 0.999755 -0.000000 1.605090 -0.000000 0.000000 1.000000 0.000000
0.999748 0.022438 0.000000 75.564626 -0.022438 0.999748 -0.000000 1.482077 -0.000000 0.000000 1.000000 0.000000
0.999732 0.023142 0.000000 77.931629 -0.023142 0.999732 -0.000000 1.466567 -0.000000 0.000000 1.000000 0.000000
0.999731 0.023176 0.000000 80.369986 -0.023176 0.999731 -0.000000 1.347907 -0.000000 0.000000 1.000000 0.000000
0.999752 0.022269 0.000000 82.767945 -0.022269 0.999752 -0.000000 1.247494 -0.000000 0.000000 1.000000 0.000000
0.999795 0.020257 0.000000 85.085309 -0.020257 0.999795 -0.000000 1.166502 -0.000000 0.000000 1.000000 0.000000
0.999850 0.017319 0.000000 87.452937 -0.017319 0.999850 -0.000000 1.081174 -0.000000 0.000000 1.000000 0.000000
0.999907 0.013633 0.000000 89.846033 -0.013633 0.999907 -0.000000 1.019259 -0.000000 0.000000 1.000000 0.000000
0.999972 0.007478 0.000000 92.304717 -0.007478 0.999972 -0.000000 0.954736 -0.000000 0.000000 1.000000 0.000000
1.000000 -0.000767 0.000000 94.752494 0.000767 1.000000 0.000000 0.935922 0.000000 0.000000 1.000000 0.000000
0.999959 -0.009077 0.000000 97.133984 0.009077 0.999959 0.000000 0.889882 0.000000 0.000000 1.000000 0.000000
0.999898 -0.014305 0.000000 99.587154 0.014305 0.999898 0.000000 0.903046 0.000000 0.000000 1.000000 0.000000
0.999808 -0.019592 0.000000 101.979173 0.019592 0.999808 0.000000 0.874043 0.000000 0.000000 1.000000 0.000000
0.999719 -0.023717 0.000000 104.425821 0.023717 0.999719 0.000000 0.927911 0.000000 0.000000 1.000000 0.000000
0.999693 -0.024771 0.000000 106.896085 0.024771 0.999693 0.000000 0.926517 0.000000 0.000000 1.000000 0.000000
0.999729 -0.023267 0.000000 109.355404 0.023267 0.999729 0.000000 0.965121 0.000000 0.000000 1.000000 0.000000
0.999740 -0.022783 0.000000 111.827627 0.022783 0.999740 0.000000 0.951284 0.000000 0.000000 1.000000 0.000000
0.999764 -0.021733 0.000000 114.255731 0.021733 0.999764 0.000000 0.976899 0.000000 0.000000 1.000000 0.000000
0.999766 -0.021647 0.000000 116.683328 0.021647 0.999766 0.000000 1.004109 0.000000 0.000000 1.000000 0.000000
0.999793 -0.020349 0.000000 119.075790 0.020349 0.999793 0.000000 1.024240 0.000000 0.000000 1.000000 0.000000
0.999820 -0.018989 0.000000 121.445033 0.018989 0.999820 0.000000 1.029680 0.000000 0.000000 1.000000 0.000000
0.999808 -0.019574 0.000000 123.775920 0.019574 0.999808 0.000000 1.063533 0.000000 0.000000 1.000000 0.000000
0.999828 -0.018530 0.000000 126.085653 0.018530 0.999828 0.000000 1.124907 0.000000 0.000000 1.000000 0.000000
0.999829 -0.018491 0.000000 128.438293 0.018491 0.999829 0.000000 1.103425 0.000000 0.000000 1.000000 0.000000
0.999830 -0.018423 0.000000 130.695391 0.018423 0.999830 0.000000 1.108283 0.000000 0.000000 1.000000 0.000000
0.999838 -0.017988 0.000000 132.934911 0.017988 0.999838 0.000000 1.147390 0.000000 0.000000 1.000000 0.000000
0.999836 -0.018136 0.000000 135.129018 0.018136 0.999836 0.000000 1.121724 0.000000 0.000000 1.000000 0.000000
0.999830 -0.018442 0.000000 137.250879 0.018442 0.999830 0.000000 1.135071 0.000000 0.000000 1.000000 0.000000
0.999847 -0.017464 0.000000 139.329179 0.017464 0.999847 0.000000 1.165303 0.000000 0.000000 1.000000 0.000000
0.999843 -0.017743 0.000000 141.381848 0.017743 0.999843 0.000000 1.132938 0.000000 0.000000 1.000000 0.000000
0.999846 -0.017553 0.000000 143.397314 0.017553 0.999846 0.000000 1.116768 0.000000 0.000000 1.000000 0.000000
0.999844 -0.017678 0.000000 145.289575 0.017678 0.999844 0.000000 1.112973 0.000000 0.000000 1.000000 0.000000
0.999851 -0.017267 0.000000 147.155126 0.017267 0.999851 0.000000 1.129458 0.000000 0.000000 1.000000 0.000000
0.999854 -0.017078 0.000000 148.993314 0.017078 0.999854 0.000000 1.121814 0.000000 0.000000 1.000000 0.000000
0.999869 -0.016180 0.000000 150.768352 0.016180 0.999869 0.000000 1.170052 0.000000 0.000000 1.000000 0.000000
0.999877 -0.015667 0.000000 152.490192 0.015667 0.999877 0.000000 1.158903 0.000000 0.000000 1.000000 0.000000
0.999879 -0.015550 0.000000 154.108529 0.015550 0.999879 0.000000 1.157352 0.000000 0.000000 1.000000 0.000000
0.999887 -0.015053 0.000000 155.725417 0.015053 0.999887 0.000000 1.195685 0.000000 0.000000 1.000000 0.000000
0.999878 -0.015628 0.000000 157.255351 0.015628 0.999878 0.000000 1.218297 0.000000 0.000000 1.000000 0.000000
0.999864 -0.016516 0.000000 160.139608 0.016516 0.999864 0.000000 1.219625 0.000000 0.000000 1.000000 0.000000
0.999802 -0.019882 0.000000 162.788442 0.019882 0.999802 0.000000 1.233818 0.000000 0.000000 1.000000 0.000000
0.999722 -0.023561 0.000000 165.188474 0.023561 0.999722 0.000000 1.248139 0.000000 0.000000 1.000000 0.000000
0.999653 -0.026336 0.000000 167.279208 0.026336 0.999653 0.000000 1.266401 0.000000 0.000000 1.000000 0.000000
0.999597 -0.028400 0.000000 169.065538 0.028400 0.999597 0.000000 1.316083 0.000000 0.000000 1.000000 0.000000
0.999570 -0.029307 0.000000 170.633143 0.029307 0.999570 0.000000 1.337480 0.000000 0.000000 1.000000 0.000000
0.999577 -0.029092 0.000000 172.500110 0.029092 0.999577 0.000000 1.380116 0.000000 0.000000 1.000000 0.000000
0.999567 -0.029441 0.000000 174.237130 0.029441 0.999567 0.000000 1.426797 0.000000 0.000000 1.000000 0.000000
0.999513 -0.031197 0.000000 175.802818 0.031197 0.999513 0.000000 1.487329 0.000000 0.000000 1.000000 0.000000
0.999561 -0.029630 0.000000 177.402513 0.029630 0.999561 0.000000 1.480812 0.000000 0.000000 1.000000 0.000000
0.999621 -0.027521 0.000000 179.040784 0.027521 0.999621 0.000000 1.513845 0.000000 0.000000 1.000000 0.000000
0.999670 -0.025695 0.000000 181.292811 0.025695 0.999670 0.000000 1.543786 0.000000 0.000000 1.000000 0.000000
0.999727 -0.023356 0.000000 183.311823 0.023356 0.999727 0.000000 1.568757 0.000000 0.000000 1.000000 0.000000
0.999783 -0.020836 0.000000 185.649301 0.020836 0.999783 0.000000 1.568091 0.000000 0.000000 1.000000 0.000000
0.999815 -0.019212 0.000000 188.387782 0.019212 0.999815 0.000000 1.591921 0.000000 0.000000 1.000000 0.000000
0.999836 -0.018111 0.000000 191.447440 0.018111 0.999836 0.000000 1.603950 0.000000 0.000000 1.000000 0.000000
0.999842 -0.017755 0.000000 193.051616 0.017755 0.999842 0.000000 1.592937 0.000000 0.000000 1.000000 0.000000
0.999850 -0.017323 0.000000 194.723104 0.017323 0.999850 0.000000 1.622564 0.000000 0.000000 1.000000 0.000000
0.999837 -0.018059 0.000000 196.466762 0.018059 0.999837 0.000000 1.635133 0.000000 0.000000 1.000000 0.000000
0.999832 -0.018302 0.000000 198.258596 0.018302 0.999832 0.000000 1.646743 0.000000 0.000000 1.000000 0.000000
0.999839 -0.017969 0.000000 200.036477 0.017969 0.999839 0.000000 1.660241 0.000000 0.000000 1.000000 0.000000
0.999819 -0.019026 0.000000 201.877834 0.019026 0.999819 0.000000 1.669422 0.000000 0.000000 1.000000 0.000000
0.999781 -0.020945 0.000000 203.819393 0.020945 0.999781 0.000000 1.723308 0.000000 0.000000 1.000000 0.000000
0.999743 -0.022683 0.000000 205.774406 0.022683 0.999743 0.000000 1.740544 0.000000 0.000000 1.000000 0.000000
0.999685 -0.025105 0.000000 207.674188 0.025105 0.999685 0.000000 1.760542 0.000000 0.000000 1.000000 0.000000
0.999578 -0.029048 0.000000 209.665126 0.029048 0.999578 0.000000 1.818071 0.000000 0.000000 1.000000 0.000000
0.999449 -0.033197 0.000000 211.650474 0.033197 0.999449 0.000000 1.859965 0.000000 0.000000 1.000000 0.000000
0.999234 -0.039134 0.000000 213.697716 0.039134 0.999234 0.000000 1.863486 0.000000 0.000000 1.000000 0.000000
0.999005 -0.044609 0.000000 215.676080 0.044609 0.999005 0.000000 1.910353 0.000000 0.000000 1.000000 0.000000
0.998651 -0.051934 0.000000 217.753352 0.051934 0.998651 0.000000 2.006030 0.000000 0.000000 1.000000 0.000000
0.998213 -0.059762 0.000000 219.726553 0.059762 0.998213 0.000000 2.081750 0.000000 0.000000 1.000000 0.000000
0.997675 -0.068154 0.000000 221.815532 0.068154 0.997675 0.000000 2.165639 0.000000 0.000000 1.000000 0.000000
0.996859 -0.079197 0.000000 223.935762 0.079197 0.996859 0.000000 2.312714 0.000000 0.000000 1.000000 0.000000
0.995937 -0.090048 0.000000 225.913974 0.090048 0.995937 0.000000 2.482241 0.000000 0.000000 1.000000 0.000000
0.994901 -0.100855 0.000000 227.865397 0.100855 0.994901 0.000000 2.677321 0.000000 0.000000 1.000000 0.000000
0.993999 -0.109392 0.000000 229.962046 0.109392 0.993999 0.000000 2.875297 0.000000 0.000000 1.000000 0.000000
0.993234 -0.116130 0.000000 232.027698 0.116130 0.993234 0.000000 3.112773 0.000000 0.000000 1.000000 0.000000
0.992245 -0.124296 0.000000 234.122435 0.124296 0.992245 0.000000 3.376680 0.000000 0.000000 1.000000 0.000000
0.991533 -0.129858 0.000000 236.199315 0.129858 0.991533 0.000000 3.653999 0.000000 0.000000 1.000000 0.000000
0.991163 -0.132647 0.000000 238.207587 0.132647 0.991163 0.000000 3.883657 0.000000 0.000000 1.000000 0.000000
0.991123 -0.132950 0.000000 240.346519 0.132950 0.991123 0.000000 4.192913 0.000000 0.000000 1.000000 0.000000
0.991111 -0.133038 0.000000 242.510847 0.133038 0.991111 0.000000 4.471561 0.000000 0.000000 1.000000 0.000000
0.991085 -0.133229 0.000000 244.549066 0.133229 0.991085 0.000000 4.669849 0.000000 0.000000 1.000000 0.000000
0.990902 -0.134586 0.000000 246.623888 0.134586 0.990902 0.000000 4.986950 0.000000 0.000000 1.000000 0.000000
0.990952 -0.134218 0.000000 248.789157 0.134218 0.990952 0.000000 5.253813 0.000000 0.000000 1.000000 0.000000
0.991030 -0.133640 0.000000 250.909618 0.133640 0.991030 0.000000 5.521682 0.000000 0.000000 1.000000 0.000000
0.991201 -0.132364 0.000000 253.069298 0.132364 0.991201 0.000000 5.748288 0.000000 0.000000 1.000000 0.000000
0.991296 -0.131649 0.000000 255.165665 0.131649 0.991296 0.000000 6.030978 0.000000 0.000000 1.000000 0.000000
0.991289 -0.131708 0.000000 257.423780 0.131708 0.991289 0.000000 6.277660 0.000000 0.000000 1.000000 0.000000
0.991203 -0.132349 0.000000 259.667904 0.132349 0.991203 0.000000 6.549797 0.000000 0.000000 1.000000 0.000000
0.991406 -0.130825 0.000000 261.916876 0.130825 0.991406 0.000000 6.864363 0.000000 0.000000 1.000000 0.000000
0.991437 -0.130585 0.000000 264.118481 0.130585 0.991437 0.000000 7.116872 0.000000 0.000000 1.000000 0.000000
0.991518 -0.129968 0.000000 266.389638 0.129968 0.991518 0.000000 7.373863 0.000000 0.000000 1.000000 0.000000
0.991408 -0.130806 0.000000 268.628364 0.130806 0.991408 0.000000 7.690222 0.000000 0.000000 1.000000 0.000000
0.991499 -0.130118 0.000000 270.864228 0.130118 0.991499 0.000000 7.982737 0.000000 0.000000 1.000000 0.000000
0.991445 -0.130527 0.000000 273.090116 0.130527 0.991445 0.000000 8.264311 0.000000 0.000000 1.000000 0.000000
0.991413 -0.130770 0.000000 275.381518 0.130770 0.991413 0.000000 8.516035 0.000000 0.000000 1.000000 0.000000
0.991599 -0.129348 0.000000 277.723273 0.129348 0.991599 0.000000 8.763409 0.000000 0.000000 1.000000 0.000000
0.991726 -0.128375 0.000000 280.021277 0.128375 0.991726 0.000000 9.079043 0.000000 0.000000 1.000000 0.000000
0.991610 -0.129264 0.000000 282.361913 0.129264 0.991610 0.000000 9.335854 0.000000 0.000000 1.000000 0.000000
0.991519 -0.129964 0.000000 284.714072 0.129964 0.991519 0.000000 9.642980 0.000000 0.000000 1.000000 0.000000
0.991280 -0.131775 0.000000 287.088672 0.131775 0.991280 0.000000 9.896464 0.000000 0.000000 1.000000 0.000000
0.990682 -0.136195 0.000000 289.452165 0.136195 0.990682 0.000000 10.200608 0.000000 0.000000 1.000000 0.000000
0.989911 -0.141689 0.000000 291.771217 0.141689 0.989911 0.000000 10.531397 0.000000 0.000000 1.000000 0.000000
0.989274 -0.146073 0.000000 294.134236 0.146073 0.989274 0.000000 10.814858 0.000000 0.000000 1.000000 0.000000
0.989116 -0.147135 0.000000 296.441351 0.147135 0.989116 0.000000 11.113816 0.000000 0.000000 1.000000 0.000000
0.989323 -0.145737 0.000000 298.734267 0.145737 0.989323 0.000000 11.445450 0.000000 0.000000 1.000000 0.000000
0.989857 -0.142065 0.000000 300.984504 0.142065 0.989857 0.000000 11.727821 0.000000 0.000000 1.000000 0.000000
0.990242 -0.139357 0.000000 303.262403 0.139357 0.990242 0.000000 11.990355 0.000000 0.000000 1.000000 0.000000
0.990393 -0.138280 0.000000 305.480840 0.138280 0.990393 0.000000 12.237977 0.000000 0.000000 1.000000 0.000000
0.990489 -0.137591 0.000000 307.652901 0.137591 0.990489 0.000000 12.547475 0.000000 0.000000 1.000000 0.000000
0.990606 -0.136744 0.000000 309.750546 0.136744 0.990606 0.000000 12.778620 0.000000 0.000000 1.000000 0.000000
0.990775 -0.135519 0.000000 311.819582 0.135519 0.990775 0.000000 13.054449 0.000000 0.000000 1.000000 0.000000
0.990935 -0.134339 0.000000 313.869692 0.134339 0.990935 0.000000 13.320120 0.000000 0.000000 1.000000 0.000000
0.991129 -0.132901 0.000000 315.839480 0.132901 0.991129 0.000000 13.560814 0.000000 0.000000 1.000000 0.000000
0.991205 -0.132336 0.000000 317.772009 0.132336 0.991205 0.000000 13.788354 0.000000 0.000000 1.000000 0.000000
0.991655 -0.128919 0.000000 319.678422 0.128919 0.991655 0.000000 13.962622 0.000000 0.000000 1.000000 0.000000
0.991765 -0.128070 0.000000 321.506336 0.128070 0.991765 0.000000 14.145744 0.000000 0.000000 1.000000 0.000000
0.991907 -0.126967 0.000000 323.278563 0.126967 0.991907 0.000000 14.385397 0.000000 0.000000 1.000000 0.000000
0.992084 -0.125577 0.000000 325.038152 0.125577 0.992084 0.000000 14.565062 0.000000 0.000000 1.000000 0.000000
0.992471 -0.122483 0.000000 326.719980 0.122483 0.992471 0.000000 14.796869 0.000000 0.000000 1.000000 0.000000
0.992676 -0.120806 0.000000 328.355727 0.120806 0.992676 0.000000 14.923872 0.000000 0.000000 1.000000 0.000000
0.992849 -0.119375 0.000000 329.990922 0.119375 0.992849 0.000000 15.107771 0.000000 0.000000 1.000000 0.000000
0.993321 -0.115387 0.000000 331.534347 0.115387 0.993321 0.000000 15.306295 0.000000 0.000000 1.000000 0.000000
0.994301 -0.106610 0.000000 334.494148 0.106610 0.994301 0.000000 15.595379 0.000000 0.000000 1.000000 0.000000
0.994993 -0.099942 0.000000 337.253416 0.099942 0.994993 0.000000 15.825151 0.000000 0.000000 1.000000 0.000000
0.995556 -0.094176 0.000000 339.877269 0.094176 0.995556 0.000000 15.998767 0.000000 0.000000 1.000000 0.000000
0.995929 -0.090140 0.000000 342.176853 0.090140 0.995929 0.000000 16.170913 0.000000 0.000000 1.000000 0.000000
0.996257 -0.086439 0.000000 344.266548 0.086439 0.996257 0.000000 16.301844 0.000000 0.000000 1.000000 0.000000
0.996866 -0.079109 0.000000 346.146244 0.079109 0.996866 0.000000 16.437792 0.000000 0.000000 1.000000 0.000000
0.998171 -0.060448 0.000000 347.717806 0.060448 0.998171 0.000000 16.547062 0.000000 0.000000 1.000000 0.000000
0.999491 -0.031888 0.000000 349.733739 0.031888 0.999491 0.000000 16.548307 0.000000 0.000000 1.000000 0.000000
0.999858 -0.016865 0.000000 351.331017 0.016865 0.999858 0.000000 16.510591 0.000000 0.000000 1.000000 0.000000
0.999952 -0.009791 0.000000 352.938451 0.009791 0.999952 0.000000 16.515782 0.000000 0.000000 1.000000 0.000000
0.999749 0.022400 0.000000 354.727937 -0.022400 0.999749 -0.000000 16.433510 -0.000000 0.000000 1.000000 0.000000
0.998986 0.045020 0.000000 356.275899 -0.045020 0.998986 -0.000000 16.319053 -0.000000 0.000000 1.000000 0.000000
0.998610 0.052707 0.000000 358.284741 -0.052707 0.998610 -0.000000 16.199312 -0.000000 0.000000 1.000000 0.000000
0.998407 0.056419 0.000000 359.899604 -0.056419 0.998407 -0.000000 16.063620 -0.000000 0.000000 1.000000 0.000000
0.998290 0.058454 0.000000 361.808270 -0.058454 0.998290 -0.000000 15.850422 -0.000000 0.000000 1.000000 0.000000
0.998324 0.057871 0.000000 364.126956 -0.057871 0.998324 -0.000000 15.753018 -0.000000 0.000000 1.000000 0.000000
0.998660 0.051750 0.000000 366.776612 -0.051750 0.998660 -0.000000 15.505090 -0.000000 0.000000 1.000000 0.000000
0.998902 0.046844 0.000000 369.672185 -0.046844 0.998902 -0.000000 15.306476 -0.000000 0.000000 1.000000 0.000000
0.998958 0.045648 0.000000 371.225475 -0.045648 0.998958 -0.000000 15.193602 -0.000000 0.000000 1.000000 0.000000
0.998950 0.045818 0.000000 372.901636 -0.045818 0.998950 -0.000000 15.158378 -0.000000 0.000000 1.000000 0.000000
0.998989 0.044949 0.000000 374.587296 -0.044949 0.998989 -0.000000 15.056809 -0.000000 0.000000 1.000000 0.000000
0.998970 0.045374 0.000000 376.327829 -0.045374 0.998970 -0.000000 14.972338 -0.000000 0.000000 1.000000 0.000000
0.998965 0.045494 0.000000 378.128738 -0.045494 0.998965 -0.000000 14.936857 -0.000000 0.000000 1.000000 0.000000
0.999008 0.044542 0.000000 379.916640 -0.044542 0.999008 -0.000000 14.811027 -0.000000 0.000000 1.000000 0.000000
0.999052 0.043535 0.000000 381.806692 -0.043535 0.999052 -0.000000 14.751311 -0.000000 0.000000 1.000000 0.000000
0.999096 0.042507 0.000000 383.760469 -0.042507 0.999096 -0.000000 14.679729 -0.000000 0.000000 1.000000 0.000000
0.999157 0.041057 0.000000 385.642520 -0.041057 0.999157 -0.000000 14.567861 -0.000000 0.000000 1.000000 0.000000
0.999238 0.039035 0.000000 387.585776 -0.039035 0.999238 -0.000000 14.457729 -0.000000 0.000000 1.000000 0.000000
0.999357 0.035869 0.000000 389.540007 -0.035869 0.999357 -0.000000 14.334108 -0.000000 0.000000 1.000000 0.000000
0.999442 0.033395 0.000000 391.561655 -0.033395 0.999442 -0.000000 14.256016 -0.000000 0.000000 1.000000 0.000000
0.999513 0.031196 0.000000 393.459715 -0.031196 0.999513 -0.000000 14.161591 -0.000000 0.000000 1.000000 0.000000
0.999623 0.027460 0.000000 395.439913 -0.027460 0.999623 -0.000000 14.079783 -0.000000 0.000000 1.000000 0.000000
0.999696 0.024651 0.000000 397.333568 -0.024651 0.999696 -0.000000 14.027388 -0.000000 0.000000 1.000000 0.000000
0.999732 0.023147 0.000000 399.197639 -0.023147 0.999732 -0.000000 13.993066 -0.000000 0.000000 1.000000 0.000000
0.999800 0.020011 0.000000 401.067940 -0.020011 0.999800 -0.000000 13.898101 -0.000000 0.000000 1.000000 0.000000
0.999849 0.017393 0.000000 402.892354 -0.017393 0.999849 -0.000000 13.836873 -0.000000 0.000000 1.000000 0.000000
0.999889 0.014896 0.000000 404.696734 -0.014896 0.999889 -0.000000 13.781893 -0.000000 0.000000 1.000000 0.000000
0.999916 0.012938 0.000000 406.468656 -0.012938 0.999916 -0.000000 13.718023 -0.000000 0.000000 1.000000 0.000000
0.999954 0.009571 0.000000 408.197610 -0.009571 0.999954 -0.000000 13.686316 -0.000000 0.000000 1.000000 0.000000
0.999972 0.007509 0.000000 409.923393 -0.007509 0.999972 -0.000000 13.681587 -0.000000 0.000000 1.000000 0.000000
0.999983 0.005875 0.000000 411.650570 -0.005875 0.999983 -0.000000 13.662040 -0.000000 0.000000 1.000000 0.000000
0.999994 0.003457 0.000000 413.354662 -0.003457 0.999994 -0.000000 13.644151 -0.000000 0.000000 1.000000 0.000000
0.999998 0.001956 0.000000 415.036419 -0.001956 0.999998 -0.000000 13.596291 -0.000000 0.000000 1.000000 0.000000
1.000000 0.000243 0.000000 416.691540 -0.000243 1.000000 -0.000000 13.597158 -0.000000 0.000000 1.000000 0.000000
0.999998 -0.002150 0.000000 418.372836 0.002150 0.999998 0.000000 13.595604 0.000000 0.000000 1.000000 0.000000
0.999994 -0.003458 0.000000 419.966578 0.003458 0.999994 0.000000 13.568179 0.000000 0.000000 1.000000 0.000000
0.999986 -0.005338 0.000000 421.624230 0.005338 0.999986 0.000000 13.570440 0.000000 0.000000 1.000000 0.000000
0.999976 -0.006998 0.000000 423.214030 0.006998 0.999976 0.000000 13.553148 0.000000 0.000000 1.000000 0.000000
0.999966 -0.008266 0.000000 424.826000 0.008266 0.999966 0.000000 13.499289 0.000000 0.000000 1.000000 0.000000
0.999965 -0.008422 0.000000 426.388622 0.008422 0.999965 0.000000 13.481235 0.000000 0.000000 1.000000 0.000000
0.999948 -0.010213 0.000000 429.497308 0.010213 0.999948 0.000000 13.414639 0.000000 0.000000 1.000000 0.000000
0.999936 -0.011297 0.000000 431.040779 0.011297 0.999936 0.000000 13.403694 0.000000 0.000000 1.000000 0.000000
0.999916 -0.012937 0.000000 432.549009 0.012937 0.999916 0.000000 13.410080 0.000000 0.000000 1.000000 0.000000
0.999899 -0.014220 0.000000 434.059747 0.014220 0.999899 0.000000 13.414971 0.000000 0.000000 1.000000 0.000000
0.999882 -0.015360 0.000000 435.608712 0.015360 0.999882 0.000000 13.417891 0.000000 0.000000 1.000000 0.000000
0.999871 -0.016070 0.000000 437.199986 0.016070 0.999871 0.000000 13.400710 0.000000 0.000000 1.000000 0.000000
0.999861 -0.016646 0.000000 438.797676 0.016646 0.999861 0.000000 13.391267 0.000000 0.000000 1.000000 0.000000
0.999813 -0.019358 0.000000 440.404370 0.019358 0.999813 0.000000 13.423536 0.000000 0.000000 1.000000 0.000000
0.999749 -0.022412 0.000000 442.042877 0.022412 0.999749 0.000000 13.387245 0.000000 0.000000 1.000000 0.000000
0.999663 -0.025952 0.000000 443.656030 0.025952 0.999663 0.000000 13.440881 0.000000 0.000000 1.000000 0.000000
0.999593 -0.028544 0.000000 445.248352 0.028544 0.999593 0.000000 13.448758 0.000000 0.000000 1.000000 0.000000
0.999505 -0.031455 0.000000 446.805644 0.031455 0.999505 0.000000 13.490909 0.000000 0.000000 1.000000 0.000000
0.999391 -0.034891 0.000000 448.401165 0.034891 0.999391 0.000000 13.504621 0.000000 0.000000 1.000000 0.000000
0.999187 -0.040315 0.000000 451.379029 0.040315 0.999187 0.000000 13.557184 0.000000 0.000000 1.000000 0.000000
0.998957 -0.045655 0.000000 454.243455 0.045655 0.998957 0.000000 13.651643 0.000000 0.000000 1.000000 0.000000
0.999095 -0.042533 0.000000 456.962618 0.042533 0.999095 0.000000 13.736444 0.000000 0.000000 1.000000 0.000000
0.999519 -0.030999 0.000000 459.574643 0.030999 0.999519 0.000000 13.773550 0.000000 0.000000 1.000000 0.000000
0.999999 0.001725 0.000000 461.933042 -0.001725 0.999999 -0.000000 13.676663 -0.000000 0.000000 1.000000 0.000000
0.997524 0.070328 0.000000 464.109258 -0.070328 0.997524 -0.000000 13.548712 -0.000000 0.000000 1.000000 0.000000
0.986668 0.162748 0.000000 466.178867 -0.162748 0.986668 -0.000000 13.179893 -0.000000 0.000000 1.000000 0.000000
0.960308 0.278942 0.000000 467.956581 -0.278942 0.960308 -0.000000 12.682466 -0.000000 0.000000 1.000000 0.000000
0.905871 0.423553 0.000000 469.490710 -0.423553 0.905871 -0.000000 11.877028 -0.000000 0.000000 1.000000 0.000000
0.819172 0.573548 0.000000 470.701874 -0.573548 0.819172 -0.000000 10.834905 -0.000000 0.000000 1.000000 0.000000
0.712528 0.701644 0.000000 471.518195 -0.701644 0.712528 -0.000000 9.854459 -0.000000 0.000000 1.000000 0.000000
0.594199 0.804318 0.000000 472.130207 -0.804318 0.594199 -0.000000 8.815056 -0.000000 0.000000 1.000000 0.000000
0.475315 0.879816 0.000000 472.644132 -0.879816 0.475315 -0.000000 7.831288 -0.000000 0.000000 1.000000 0.000000
0.346749 0.937958 0.000000 472.828618 -0.937958 0.346749 -0.000000 6.848922 -0.000000 0.000000 1.000000 0.000000
0.189745 0.981833 0.000000 473.004433 -0.981833 0.189745 -0.000000 5.763144 -0.000000 0.000000 1.000000 0.000000
0.094417 0.995533 0.000000 472.978784 -0.995533 0.094417 -0.000000 5.145156 -0.000000 0.000000 1.000000 0.000000
-0.013377 0.999911 0.000000 472.910824 -0.999911 -0.013377 -0.000000 4.411043 -0.000000 0.000000 1.000000 0.000000
-0.130210 0.991486 0.000000 472.722871 -0.991486 -0.130210 -0.000000 3.593223 -0.000000 0.000000 1.000000 0.000000
-0.253045 0.967454 0.000000 472.432489 -0.967454 -0.253045 -0.000000 2.736482 -0.000000 0.000000 1.000000 0.000000
-0.376597 0.926377 0.000000 471.931355 -0.926377 -0.376597 -0.000000 1.795026 -0.000000 0.000000 1.000000 0.000000
-0.495316 0.868713 0.000000 471.336750 -0.868713 -0.495316 -0.000000 0.852402 -0.000000 0.000000 1.000000 0.000000
-0.603456 0.797396 0.000000 470.556640 -0.797396 -0.603456 0.000000 -0.062869 0.000000 0.000000 1.000000 0.000000
-0.693866 0.720105 0.000000 469.693044 -0.720105 -0.693866 0.000000 -0.987581 0.000000 0.000000 1.000000 0.000000
-0.767667 0.640849 0.000000 468.598304 -0.640849 -0.767667 0.000000 -1.764839 0.000000 0.000000 1.000000 0.000000
-0.821478 0.570240 0.000000 467.430949 -0.570240 -0.821478 0.000000 -2.651068 0.000000 0.000000 1.000000 0.000000
-0.855427 0.517923 0.000000 466.022724 -0.517923 -0.855427 0.000000 -3.422228 0.000000 0.000000 1.000000 0.000000
-0.876285 0.481793 0.000000 464.523833 -0.481793 -0.876285 0.000000 -4.158750 0.000000 0.000000 1.000000 0.000000
-0.889563 0.456812 0.000000 462.867333 -0.456812 -0.889563 0.000000 -4.858767 0.000000 0.000000 1.000000 0.000000
-0.897118 0.441792 0.000000 461.110790 -0.441792 -0.897118 0.000000 -5.653193 0.000000 0.000000 1.000000 0.000000
-0.900346 0.435175 0.000000 459.251760 -0.435175 -0.900346 0.000000 -6.418376 0.000000 0.000000 1.000000 0.000000
-0.903038 0.429560 0.000000 457.333951 -0.429560 -0.903038 0.000000 -7.248043 0.000000 0.000000 1.000000 0.000000
-0.904931 0.425558 0.000000 455.290443 -0.425558 -0.904931 0.000000 -8.163759 0.000000 0.000000 1.000000 0.000000
-0.906544 0.422111 0.000000 453.122157 -0.422111 -0.906544 0.000000 -9.068729 0.000000 0.000000 1.000000 0.000000
-0.907963 0.419049 0.000000 450.909705 -0.419049 -0.907963 0.000000 -10.064920 0.000000 0.000000 1.000000 0.000000
-0.908844 0.417137 0.000000 448.594931 -0.417137 -0.908844 0.000000 -11.098460 0.000000 0.000000 1.000000 0.000000
-0.909689 0.415289 0.000000 446.227845 -0.415289 -0.909689 0.000000 -12.158700 0.000000 0.000000 1.000000 0.000000
-0.910585 0.413322 0.000000 443.774502 -0.413322 -0.910585 0.000000 -13.167464 0.000000 0.000000 1.000000 0.000000
-0.912077 0.410019 0.000000 441.356410 -0.410019 -0.912077 0.000000 -14.242120 0.000000 0.000000 1.000000 0.000000
-0.911947 0.410307 0.000000 438.898696 -0.410307 -0.911947 0.000000 -15.278169 0.000000 0.000000 1.000000 0.000000
-0.911527 0.411239 0.000000 436.572107 -0.411239 -0.911527 0.000000 -16.326258 0.000000 0.000000 1.000000 0.000000
-0.911224 0.411911 0.000000 434.182945 -0.411911 -0.911224 0.000000 -17.381306 0.000000 0.000000 1.000000 0.000000
-0.911195 0.411976 0.000000 431.871317 -0.411976 -0.911195 0.000000 -18.417124 0.000000 0.000000 1.000000 0.000000
-0.911351 0.411629 0.000000 429.553299 -0.411629 -0.911351 0.000000 -19.423992 0.000000 0.000000 1.000000 0.000000
-0.911300 0.411744 0.000000 427.235104 -0.411744 -0.911300 0.000000 -20.463545 0.000000 0.000000 1.000000 0.000000
-0.911738 0.410771 0.000000 424.981209 -0.410771 -0.911738 0.000000 -21.505576 0.000000 0.000000 1.000000 0.000000
-0.911717 0.410819 0.000000 422.723082 -0.410819 -0.911717 0.000000 -22.452957 0.000000 0.000000 1.000000 0.000000
-0.911950 0.410302 0.000000 420.490867 -0.410302 -0.911950 0.000000 -23.438085 0.000000 0.000000 1.000000 0.000000
-0.912999 0.407963 0.000000 418.275628 -0.407963 -0.912999 0.000000 -24.405076 0.000000 0.000000 1.000000 0.000000
-0.913810 0.406142 0.000000 416.122806 -0.406142 -0.913810 0.000000 -25.361872 0.000000 0.000000 1.000000 0.000000
-0.914877 0.403732 0.000000 414.016775 -0.403732 -0.914877 0.000000 -26.253839 0.000000 0.000000 1.000000 0.000000
-0.916098 0.400954 0.000000 411.955506 -0.400954 -0.916098 0.000000 -27.068667 0.000000 0.000000 1.000000 0.000000
-0.916899 0.399120 0.000000 409.972462 -0.399120 -0.916899 0.000000 -27.972604 0.000000 0.000000 1.000000 0.000000
-0.917795 0.397055 0.000000 408.009273 -0.397055 -0.917795 0.000000 -28.769913 0.000000 0.000000 1.000000 0.000000
-0.919085 0.394060 0.000000 406.127356 -0.394060 -0.919085 0.000000 -29.618526 0.000000 0.000000 1.000000 0.000000
-0.920058 0.391782 0.000000 404.263952 -0.391782 -0.920058 0.000000 -30.329052 0.000000 0.000000 1.000000 0.000000
-0.921123 0.389272 0.000000 402.504957 -0.389272 -0.921123 0.000000 -31.072531 0.000000 0.000000 1.000000 0.000000
-0.922039 0.387098 0.000000 400.791623 -0.387098 -0.922039 0.000000 -31.787740 0.000000 0.000000 1.000000 0.000000
-0.922876 0.385098 0.000000 399.183731 -0.385098 -0.922876 0.000000 -32.448961 0.000000 0.000000 1.000000 0.000000
-0.923066 0.384641 0.000000 397.604771 -0.384641 -0.923066 0.000000 -33.062283 0.000000 0.000000 1.000000 0.000000
-0.923564 0.383444 0.000000 396.127629 -0.383444 -0.923564 0.000000 -33.664151 0.000000 0.000000 1.000000 0.000000
-0.923908 0.382615 0.000000 393.450185 -0.382615 -0.923908 0.000000 -34.732822 0.000000 0.000000 1.000000 0.000000
-0.923976 0.382450 0.000000 391.076008 -0.382450 -0.923976 0.000000 -35.686158 0.000000 0.000000 1.000000 0.000000
-0.923359 0.383938 0.000000 389.040195 -0.383938 -0.923359 0.000000 -36.539379 0.000000 0.000000 1.000000 0.000000
-0.923628 0.383291 0.000000 387.328740 -0.383291 -0.923628 0.000000 -37.200365 0.000000 0.000000 1.000000 0.000000
-0.923543 0.383496 0.000000 385.349939 -0.383496 -0.923543 0.000000 -37.983736 0.000000 0.000000 1.000000 0.000000
-0.923872 0.382702 0.000000 383.893649 -0.382702 -0.923872 0.000000 -38.564521 0.000000 0.000000 1.000000 0.000000
-0.924189 0.381935 0.000000 382.439140 -0.381935 -0.924189 0.000000 -39.115453 0.000000 0.000000 1.000000 0.000000
-0.924023 0.382337 0.000000 381.023754 -0.382337 -0.924023 0.000000 -39.658443 0.000000 0.000000 1.000000 0.000000
-0.924010 0.382368 0.000000 379.423079 -0.382368 -0.924010 0.000000 -40.308327 0.000000 0.000000 1.000000 0.000000
-0.923982 0.382435 0.000000 377.763356 -0.382435 -0.923982 0.000000 -40.948254 0.000000 0.000000 1.000000 0.000000
-0.923673 0.383181 0.000000 376.247558 -0.383181 -0.923673 0.000000 -41.587388 0.000000 0.000000 1.000000 0.000000
-0.923834 0.382794 0.000000 374.267438 -0.382794 -0.923834 0.000000 -42.356662 0.000000 0.000000 1.000000 0.000000
-0.926117 0.377237 0.000000 371.753847 -0.377237 -0.926117 0.000000 -43.368659 0.000000 0.000000 1.000000 0.000000
-0.927774 0.373142 0.000000 370.342274 -0.373142 -0.927774 0.000000 -43.913904 0.000000 0.000000 1.000000 0.000000
-0.929992 0.367580 0.000000 368.785458 -0.367580 -0.929992 0.000000 -44.531589 0.000000 0.000000 1.000000 0.000000
-0.934146 0.356891 0.000000 367.113727 -0.356891 -0.934146 0.000000 -45.133809 0.000000 0.000000 1.000000 0.000000
-0.938743 0.344619 0.000000 365.342378 -0.344619 -0.938743 0.000000 -45.726752 0.000000 0.000000 1.000000 0.000000
-0.942844 0.333235 0.000000 363.494812 -0.333235 -0.942844 0.000000 -46.359877 0.000000 0.000000 1.000000 0.000000
-0.946736 0.322012 0.000000 361.514560 -0.322012 -0.946736 0.000000 -46.973336 0.000000 0.000000 1.000000 0.000000
-0.950455 0.310863 0.000000 359.476901 -0.310863 -0.950455 0.000000 -47.599726 0.000000 0.000000 1.000000 0.000000
-0.953884 0.300175 0.000000 357.320236 -0.300175 -0.953884 0.000000 -48.237769 0.000000 0.000000 1.000000 0.000000
-0.955695 0.294357 0.000000 355.072783 -0.294357 -0.955695 0.000000 -48.874219 0.000000 0.000000 1.000000 0.000000
-0.956619 0.291342 0.000000 352.773573 -0.291342 -0.956619 0.000000 -49.572979 0.000000 0.000000 1.000000 0.000000
-0.958125 0.286352 0.000000 350.440874 -0.286352 -0.958125 0.000000 -50.238435 0.000000 0.000000 1.000000 0.000000
-0.959282 0.282449 0.000000 347.976396 -0.282449 -0.959282 0.000000 -50.861440 0.000000 0.000000 1.000000 0.000000
-0.960268 0.279079 0.000000 345.459458 -0.279079 -0.960268 0.000000 -51.513406 0.000000 0.000000 1.000000 0.000000
-0.961012 0.276505 0.000000 342.956681 -0.276505 -0.961012 0.000000 -52.250470 0.000000 0.000000 1.000000 0.000000
-0.961429 0.275054 0.000000 340.317440 -0.275054 -0.961429 0.000000 -52.927237 0.000000 0.000000 1.000000 0.000000
-0.960627 0.277842 0.000000 337.722338 -0.277842 -0.960627 0.000000 -53.692142 0.000000 0.000000 1.000000 0.000000
-0.960110 0.279622 0.000000 335.044283 -0.279622 -0.960110 0.000000 -54.461397 0.000000 0.000000 1.000000 0.000000
-0.958816 0.284027 0.000000 332.313284 -0.284027 -0.958816 0.000000 -55.201931 0.000000 0.000000 1.000000 0.000000
-0.957183 0.289485 0.000000 329.596805 -0.289485 -0.957183 0.000000 -55.987037 0.000000 0.000000 1.000000 0.000000
-0.955489 0.295026 0.000000 326.928621 -0.295026 -0.955489 0.000000 -56.847321 0.000000 0.000000 1.000000 0.000000
-0.954136 0.299374 0.000000 324.167278 -0.299374 -0.954136 0.000000 -57.622318 0.000000 0.000000 1.000000 0.000000
-0.952762 0.303719 0.000000 321.470475 -0.303719 -0.952762 0.000000 -58.449294 0.000000 0.000000 1.000000 0.000000
-0.951433 0.307857 0.000000 318.701578 -0.307857 -0.951433 0.000000 -59.294998 0.000000 0.000000 1.000000 0.000000
-0.949873 0.312637 0.000000 315.955550 -0.312637 -0.949873 0.000000 -60.183682 0.000000 0.000000 1.000000 0.000000
-0.948900 0.315575 0.000000 313.198146 -0.315575 -0.948900 0.000000 -61.031342 0.000000 0.000000 1.000000 0.000000
-0.948384 0.317124 0.000000 310.443862 -0.317124 -0.948384 0.000000 -61.902214 0.000000 0.000000 1.000000 0.000000
-0.947442 0.319929 0.000000 307.694307 -0.319929 -0.947442 0.000000 -62.841173 0.000000 0.000000 1.000000 0.000000
-0.947178 0.320709 0.000000 304.949327 -0.320709 -0.947178 0.000000 -63.750590 0.000000 0.000000 1.000000 0.000000
-0.946643 0.322283 0.000000 302.194997 -0.322283 -0.946643 0.000000 -64.613469 0.000000 0.000000 1.000000 0.000000
-0.946094 0.323892 0.000000 299.541671 -0.323892 -0.946094 0.000000 -65.477873 0.000000 0.000000 1.000000 0.000000
-0.945644 0.325205 0.000000 296.846557 -0.325205 -0.945644 0.000000 -66.388611 0.000000 0.000000 1.000000 0.000000
-0.945245 0.326361 0.000000 294.232500 -0.326361 -0.945245 0.000000 -67.317772 0.000000 0.000000 1.000000 0.000000
-0.945598 0.325339 0.000000 291.542874 -0.325339 -0.945598 0.000000 -68.121162 0.000000 0.000000 1.000000 0.000000
-0.946119 0.323818 0.000000 288.976691 -0.323818 -0.946119 0.000000 -68.947473 0.000000 0.000000 1.000000 0.000000
-0.946690 0.322146 0.000000 286.304109 -0.322146 -0.946690 0.000000 -69.829435 0.000000 0.000000 1.000000 0.000000
-0.946416 0.322951 0.000000 283.709689 -0.322951 -0.946416 0.000000 -70.639178 0.000000 0.000000 1.000000 0.000000
-0.945853 0.324596 0.000000 281.150203 -0.324596 -0.945853 0.000000 -71.467554 0.000000 0.000000 1.000000 0.000000
-0.944772 0.327727 0.000000 278.657754 -0.327727 -0.944772 0.000000 -72.402835 0.000000 0.000000 1.000000 0.000000
-0.942807 0.333339 0.000000 276.121597 -0.333339 -0.942807 0.000000 -73.210399 0.000000 0.000000 1.000000 0.000000
-0.940374 0.340143 0.000000 273.681087 -0.340143 -0.940374 0.000000 -74.030945 0.000000 0.000000 1.000000 0.000000
-0.937343 0.348408 0.000000 271.205439 -0.348408 -0.937343 0.000000 -74.901695 0.000000 0.000000 1.000000 0.000000
-0.934274 0.356555 0.000000 268.785611 -0.356555 -0.934274 0.000000 -75.736540 0.000000 0.000000 1.000000 0.000000
-0.931875 0.362780 0.000000 266.399761 -0.362780 -0.931875 0.000000 -76.576961 0.000000 0.000000 1.000000 0.000000
-0.929743 0.368210 0.000000 264.031308 -0.368210 -0.929743 0.000000 -77.503414 0.000000 0.000000 1.000000 0.000000
-0.927744 0.373218 0.000000 261.661087 -0.373218 -0.927744 0.000000 -78.398962 0.000000 0.000000 1.000000 0.000000
-0.925943 0.377662 0.000000 259.321417 -0.377662 -0.925943 0.000000 -79.343462 0.000000 0.000000 1.000000 0.000000
-0.924267 0.381746 0.000000 256.953841 -0.381746 -0.924267 0.000000 -80.254080 0.000000 0.000000 1.000000 0.000000
-0.923239 0.384227 0.000000 254.604922 -0.384227 -0.923239 0.000000 -81.250807 0.000000 0.000000 1.000000 0.000000
-0.922274 0.386538 0.000000 252.234968 -0.386538 -0.922274 0.000000 -82.202308 0.000000 0.000000 1.000000 0.000000
-0.921732 0.387827 0.000000 249.825280 -0.387827 -0.921732 0.000000 -83.183347 0.000000 0.000000 1.000000 0.000000
-0.921084 0.389364 0.000000 247.493622 -0.389364 -0.921084 0.000000 -84.126402 0.000000 0.000000 1.000000 0.000000
-0.921096 0.389337 0.000000 245.167525 -0.389337 -0.921096 0.000000 -85.107356 0.000000 0.000000 1.000000 0.000000
-0.921416 0.388577 0.000000 242.870203 -0.388577 -0.921416 0.000000 -86.062310 0.000000 0.000000 1.000000 0.000000
-0.922322 0.386422 0.000000 240.515402 -0.386422 -0.922322 0.000000 -87.013665 0.000000 0.000000 1.000000 0.000000
-0.924613 0.380907 0.000000 238.067156 -0.380907 -0.924613 0.000000 -87.968378 0.000000 0.000000 1.000000 0.000000
-0.925369 0.379067 0.000000 235.707695 -0.379067 -0.925369 0.000000 -88.928208 0.000000 0.000000 1.000000 0.000000
-0.926147 0.377162 0.000000 233.320872 -0.377162 -0.926147 0.000000 -89.873113 0.000000 0.000000 1.000000 0.000000
