0.999970 0.007708 0.000000 0.237989 -0.007708 0.999970 -0.000000 0.014936 -0.000000 0.000000 1.000000 0.000000
0.999996 0.002860 0.000000 1.987003 -0.002860 0.999996 -0.000000 0.042508 -0.000000 0.000000 1.000000 0.000000
0.999997 0.002443 0.000000 3.579081 -0.002443 0.999997 -0.000000 0.027948 -0.000000 0.000000 1.000000 0.000000
1.000000 0.000116 0.000000 5.421621 -0.000116 1.000000 -0.000000 0.053606 -0.000000 0.000000 1.000000 0.000000
0.999997 -0.002242 0.000000 7.562787 0.002242 0.999997 0.000000 0.099287 0.000000 0.000000 1.000000 0.000000
0.999989 -0.004603 0.000000 9.986511 0.004603 0.999989 0.000000 0.112065 0.000000 0.000000 1.000000 0.000000
0.999980 -0.006273 0.000000 12.662556 0.006273 0.999980 0.000000 0.123841 0.000000 0.000000 1.000000 0.000000
0.999972 -0.007518 0.000000 15.591012 0.007518 0.999972 0.000000 0.138631 0.000000 0.000000 1.000000 0.000000
0.999983 -0.005910 0.000000 17.097634 0.005910 0.999983 0.000000 0.173377 0.000000 0.000000 1.000000 0.000000
0.999990 -0.004399 0.000000 18.640522 0.004399 0.999990 0.000000 0.200006 0.000000 0.000000 1.000000 0.000000
0.999999 -0.001331 0.000000 20.263484 0.001331 0.999999 0.000000 0.194987 0.000000 0.000000 1.000000 0.000000
0.999999 0.001210 0.000000 21.926621 -0.001210 0.999999 -0.000000 0.216123 -0.000000 0.000000 1.000000 0.000000
0.999995 0.003016 0.000000 23.682714 -0.003016 0.999995 -0.000000 0.188877 -0.000000 0.000000 1.000000 0.000000
0.999979 0.006555 0.000000 25.468403 -0.006555 0.999979 -0.000000 0.199957 -0.000000 0.000000 1.000000 0.000000
0.999959 0.009053 0.000000 27.231927 -0.009053 0.999959 -0.000000 0.171364 -0.000000 0.000000 1.000000 0.000000
0.999935 0.011427 0.000000 29.072991 -0.011427 0.999935 -0.000000 0.149870 -0.000000 0.000000 1.000000 0.000000
0.999907 0.013612 0.000000 30.922602 -0.013612 0.999907 -0.000000 0.152312 -0.000000 0.000000 1.000000 0.000000
0.999868 0.016261 0.000000 32.838242 -0.016261 0.999868 -0.000000 0.134665 -0.000000 0.000000 1.000000 0.000000
0.999821 0.018927 0.000000 34.752094 -0.018927 0.999821 -0.000000 0.099134 -0.000000 0.000000 1.000000 0.000000
0.999806 0.019716 0.000000 36.733709 -0.019716 0.999806 -0.000000 0.078252 -0.000000 0.000000 1.000000 0.000000
0.999837 0.018040 0.000000 38.739881 -0.018040 0.999837 -0.000000 0.044462 -0.000000 0.000000 1.000000 0.000000
0.999854 0.017110 0.000000 40.790842 -0.017110 0.999854 -0.000000 0.017158 -0.000000 0.000000 1.000000 0.000000
0.999858 0.016840 0.000000 42.806592 -0.016840 0.999858 -0.000000 -0.002545 -0.000000 0.000000 1.000000 0.000000
0.999867 0.016313 0.000000 44.848232 -0.016313 0.999867 -0.000000 -0.042251 -0.000000 0.000000 1.000000 0.000000
0.999877 0.015710 0.000000 46.869739 -0.015710 0.999877 -0.000000 -0.069416 -0.000000 0.000000 1.000000 0.000000
0.999898 0.014304 0.000000 48.884976 -0.014304 0.999898 -0.000000 -0.105939 -0.000000 0.000000 1.000000 0.000000
0.999895 0.014520 0.000000 50.897306 -0.014520 0.999895 -0.000000 -0.137700 -0.000000 0.000000 1.000000 0.000000
0.999902 0.014009 0.000000 52.859023 -0.014009 0.999902 -0.000000 -0.126474 -0.000000 0.000000 1.000000 0.000000
0.999904 0.013887 0.000000 54.811010 -0.013887 0.999904 -0.000000 -0.143530 -0.000000 0.000000 1.000000 0.000000
0.999908 0.013542 0.000000 56.721002 -0.013542 0.999908 -0.000000 -0.186726 -0.000000 0.000000 1.000000 0.000000
0.999906 0.013701 0.000000 58.650770 -0.013701 0.999906 -0.000000 -0.191367 -0.000000 0.000000 1.000000 0.000000
0.999908 0.013530 0.000000 60.496050 -0.013530 0.999908 -0.000000 -0.171926 -0.000000 0.000000 1.000000 0.000000
0.999891 0.014731 0.000000 62.284665 -0.014731 0.999891 -0.000000 -0.200081 -0.000000 0.000000 1.000000 0.000000
0.999859 0.016809 0.000000 64.182046 -0.016809 0.999859 -0.000000 -0.220969 -0.000000 0.000000 1.000000 0.000000
0.999789 0.020561 0.000000 65.993078 -0.020561 0.999789 -0.000000 -0.255186 -0.000000 0.000000 1.000000 0.000000
0.999746 0.022521 0.000000 67.768155 -0.022521 0.999746 -0.000000 -0.276501 -0.000000 0.000000 1.000000 0.000000
0.999682 0.025219 0.000000 69.609676 -0.025219 0.999682 -0.000000 -0.277742 -0.000000 0.000000 1.000000 0.000000
0.999675 0.025490 0.000000 71.418879 -0.025490 0.999675 -0.000000 -0.359822 -0.000000 0.000000 1.000000 0.000000
0.999639 0.026875 0.000000 73.244303 -0.026875 0.999639 -0.000000 -0.338393 -0.000000 0.000000 1.000000 0.000000
0.999622 0.027496 0.000000 75.042736 -0.027496 0.999622 -0.000000 -0.441118 -0.000000 0.000000 1.000000 0.000000
0.999591 0.028585 0.000000 76.839299 -0.028585 0.999591 -0.000000 -0.462239 -0.000000 0.000000 1.000000 0.000000
0.999572 0.029244 0.000000 78.623185 -0.029244 0.999572 -0.000000 -0.525978 -0.000000 0.000000 1.000000 0.000000
0.999549 0.030023 0.000000 80.443474 -0.030023 0.999549 -0.000000 -0.564062 -0.000000 0.000000 1.000000 0.000000
0.999514 0.031163 0.000000 82.251445 -0.031163 0.999514 -0.000000 -0.629189 -0.000000 0.000000 1.000000 0.000000
0.999462 0.032798 0.000000 84.041799 -0.032798 0.999462 -0.000000 -0.727916 -0.000000 0.000000 1.000000 0.000000
0.999362 0.035720 0.000000 85.888024 -0.035720 0.999362 -0.000000 -0.797569 -0.000000 0.000000 1.000000 0.000000
0.999249 0.038756 0.000000 87.764373 -0.038756 0.999249 -0.000000 -0.803813 -0.000000 0.000000 1.000000 0.000000
0.999109 0.042201 0.000000 89.594734 -0.042201 0.999109 -0.000000 -0.892514 -0.000000 0.000000 1.000000 0.000000
0.998907 0.046736 0.000000 91.518979 -0.046736 0.998907 -0.000000 -0.982457 -0.000000 0.000000 1.000000 0.000000
0.998725 0.050476 0.000000 93.399378 -0.050476 0.998725 -0.000000 -1.049517 -0.000000 0.000000 1.000000 0.000000
0.998479 0.055138 0.000000 95.310616 -0.055138 0.998479 -0.000000 -1.180322 -0.000000 0.000000 1.000000 0.000000
0.998210 0.059803 0.000000 97.254027 -0.059803 0.998210 -0.000000 -1.258775 -0.000000 0.000000 1.000000 0.000000
0.998009 0.063068 0.000000 99.235018 -0.063068 0.998009 -0.000000 -1.398793 -0.000000 0.000000 1.000000 0.000000
0.997710 0.067642 0.000000 101.252915 -0.067642 0.997710 -0.000000 -1.538041 -0.000000 0.000000 1.000000 0.000000
0.997440 0.071507 0.000000 103.245642 -0.071507 0.997440 -0.000000 -1.625785 -0.000000 0.000000 1.000000 0.000000
0.996953 0.078002 0.000000 105.302082 -0.078002 0.996953 -0.000000 -1.809615 -0.000000 0.000000 1.000000 0.000000
0.996508 0.083502 0.000000 107.315455 -0.083502 0.996508 -0.000000 -1.965389 -0.000000 0.000000 1.000000 0.000000
0.996032 0.088993 0.000000 109.382199 -0.088993 0.996032 -0.000000 -2.131443 -0.000000 0.000000 1.000000 0.000000
0.995458 0.095200 0.000000 111.510269 -0.095200 0.995458 -0.000000 -2.299461 -0.000000 0.000000 1.000000 0.000000
0.994877 0.101096 0.000000 113.624061 -0.101096 0.994877 -0.000000 -2.507045 -0.000000 0.000000 1.000000 0.000000
0.994418 0.105513 0.000000 115.734228 -0.105513 0.994418 -0.000000 -2.712412 -0.000000 0.000000 1.000000 0.000000
0.993887 0.110398 0.000000 117.895260 -0.110398 0.993887 -0.000000 -2.987765 -0.000000 0.000000 1.000000 0.000000
0.993511 0.113735 0.000000 120.017446 -0.113735 0.993511 -0.000000 -3.216756 -0.000000 0.000000 1.000000 0.000000
0.993104 0.117233 0.000000 122.188932 -0.117233 0.993104 -0.000000 -3.475135 -0.000000 0.000000 1.000000 0.000000
0.992777 0.119976 0.000000 124.401746 -0.119976 0.992777 -0.000000 -3.765222 -0.000000 0.000000 1.000000 0.000000
0.992372 0.123277 0.000000 126.544474 -0.123277 0.992372 -0.000000 -3.990078 -0.000000 0.000000 1.000000 0.000000
0.991866 0.127287 0.000000 128.676466 -0.127287 0.991866 -0.000000 -4.227430 -0.000000 0.000000 1.000000 0.000000
0.991492 0.130168 0.000000 130.888295 -0.130168 0.991492 -0.000000 -4.520293 -0.000000 0.000000 1.000000 0.000000
0.991182 0.132506 0.000000 133.108385 -0.132506 0.991182 -0.000000 -4.799262 -0.000000 0.000000 1.000000 0.000000
0.990678 0.136225 0.000000 135.264746 -0.136225 0.990678 -0.000000 -5.102042 -0.000000 0.000000 1.000000 0.000000
0.990539 0.137230 0.000000 137.505030 -0.137230 0.990539 -0.000000 -5.425780 -0.000000 0.000000 1.000000 0.000000
0.990434 0.137984 0.000000 139.698568 -0.137984 0.990434 -0.000000 -5.650879 -0.000000 0.000000 1.000000 0.000000
0.990446 0.137902 0.000000 141.935792 -0.137902 0.990446 -0.000000 -5.942078 -0.000000 0.000000 1.000000 0.000000
0.990484 0.137626 0.000000 144.170514 -0.137626 0.990484 -0.000000 -6.249241 -0.000000 0.000000 1.000000 0.000000
0.990449 0.137879 0.000000 146.412950 -0.137879 0.990449 -0.000000 -6.546305 -0.000000 0.000000 1.000000 0.000000
0.990504 0.137483 0.000000 148.595273 -0.137483 0.990504 -0.000000 -6.824443 -0.000000 0.000000 1.000000 0.000000
0.990501 0.137504 0.000000 150.830318 -0.137504 0.990501 -0.000000 -7.152047 -0.000000 0.000000 1.000000 0.000000
0.990632 0.136556 0.000000 152.989014 -0.136556 0.990632 -0.000000 -7.439303 -0.000000 0.000000 1.000000 0.000000
0.990702 0.136048 0.000000 155.118680 -0.136048 0.990702 -0.000000 -7.702673 -0.000000 0.000000 1.000000 0.000000
0.990836 0.135072 0.000000 157.271168 -0.135072 0.990836 -0.000000 -8.007055 -0.000000 0.000000 1.000000 0.000000
0.990916 0.134483 0.000000 159.364513 -0.134483 0.990916 -0.000000 -8.239996 -0.000000 0.000000 1.000000 0.000000
0.991036 0.133595 0.000000 161.495841 -0.133595 0.991036 -0.000000 -8.485801 -0.000000 0.000000 1.000000 0.000000
0.991065 0.133383 0.000000 163.537360 -0.133383 0.991065 -0.000000 -8.797381 -0.000000 0.000000 1.000000 0.000000
0.991009 0.133796 0.000000 165.579707 -0.133796 0.991009 -0.000000 -9.089412 -0.000000 0.000000 1.000000 0.000000
0.991104 0.133088 0.000000 167.583810 -0.133088 0.991104 -0.000000 -9.314035 -0.000000 0.000000 1.000000 0.000000
0.991152 0.132733 0.000000 169.611353 -0.132733 0.991152 -0.000000 -9.641014 -0.000000 0.000000 1.000000 0.000000
0.991246 0.132030 0.000000 171.630033 -0.132030 0.991246 -0.000000 -9.881979 -0.000000 0.000000 1.000000 0.000000
0.991338 0.131332 0.000000 173.623305 -0.131332 0.991338 -0.000000 -10.134691 -0.000000 0.000000 1.000000 0.000000
0.991325 0.131437 0.000000 175.570099 -0.131437 0.991325 -0.000000 -10.420822 -0.000000 0.000000 1.000000 0.000000
0.991277 0.131795 0.000000 177.479215 -0.131795 0.991277 -0.000000 -10.619569 -0.000000 0.000000 1.000000 0.000000
0.991295 0.131660 0.000000 179.407678 -0.131660 0.991295 -0.000000 -10.862345 -0.000000 0.000000 1.000000 0.000000
0.991443 0.130544 0.000000 181.322773 -0.130544 0.991443 -0.000000 -11.136102 -0.000000 0.000000 1.000000 0.000000
0.991630 0.129109 0.000000 183.228334 -0.129109 0.991630 -0.000000 -11.482850 -0.000000 0.000000 1.000000 0.000000
0.991529 0.129884 0.000000 185.353196 -0.129884 0.991529 -0.000000 -11.662284 -0.000000 0.000000 1.000000 0.000000
0.991495 0.130143 0.000000 187.293696 -0.130143 0.991495 -0.000000 -11.944714 -0.000000 0.000000 1.000000 0.000000
0.991211 0.132287 0.000000 189.181735 -0.132287 0.991211 -0.000000 -12.196106 -0.000000 0.000000 1.000000 0.000000
0.991183 0.132500 0.000000 191.192009 -0.132500 0.991183 -0.000000 -12.473116 -0.000000 0.000000 1.000000 0.000000
0.991230 0.132150 0.000000 193.254018 -0.132150 0.991230 -0.000000 -12.694847 -0.000000 0.000000 1.000000 0.000000
0.991299 0.131630 0.000000 195.254260 -0.131630 0.991299 -0.000000 -13.036409 -0.000000 0.000000 1.000000 0.000000
0.991262 0.131907 0.000000 197.285393 -0.131907 0.991262 -0.000000 -13.285982 -0.000000 0.000000 1.000000 0.000000
0.991370 0.131094 0.000000 199.328478 -0.131094 0.991370 -0.000000 -13.571382 -0.000000 0.000000 1.000000 0.000000
0.991312 0.131534 0.000000 201.453922 -0.131534 0.991312 -0.000000 -13.877726 -0.000000 0.000000 1.000000 0.000000
0.991191 0.132437 0.000000 203.490583 -0.132437 0.991191 -0.000000 -14.099417 -0.000000 0.000000 1.000000 0.000000
0.991332 0.131378 0.000000 205.541804 -0.131378 0.991332 -0.000000 -14.376947 -0.000000 0.000000 1.000000 0.000000
0.991319 0.131482 0.000000 207.545996 -0.131482 0.991319 -0.000000 -14.601613 -0.000000 0.000000 1.000000 0.000000
0.991202 0.132359 0.000000 209.537629 -0.132359 0.991202 -0.000000 -14.895008 -0.000000 0.000000 1.000000 0.000000
0.991236 0.132105 0.000000 211.531922 -0.132105 0.991236 -0.000000 -15.164317 -0.000000 0.000000 1.000000 0.000000
0.991247 0.132019 0.000000 213.503576 -0.132019 0.991247 -0.000000 -15.437201 -0.000000 0.000000 1.000000 0.000000
0.991222 0.132209 0.000000 215.413536 -0.132209 0.991222 -0.000000 -15.679396 -0.000000 0.000000 1.000000 0.000000
0.991214 0.132268 0.000000 217.366417 -0.132268 0.991214 -0.000000 -15.907772 -0.000000 0.000000 1.000000 0.000000
0.991175 0.132560 0.000000 219.212989 -0.132560 0.991175 -0.000000 -16.166961 -0.000000 0.000000 1.000000 0.000000
0.991109 0.133051 0.000000 221.105253 -0.133051 0.991109 -0.000000 -16.451976 -0.000000 0.000000 1.000000 0.000000
0.991146 0.132777 0.000000 223.052808 -0.132777 0.991146 -0.000000 -16.701288 -0.000000 0.000000 1.000000 0.000000
0.990814 0.135232 0.000000 224.849587 -0.135232 0.990814 -0.000000 -16.910115 -0.000000 0.000000 1.000000 0.000000
0.990790 0.135406 0.000000 226.753159 -0.135406 0.990790 -0.000000 -17.127587 -0.000000 0.000000 1.000000 0.000000
0.990844 0.135014 0.000000 228.666341 -0.135014 0.990844 -0.000000 -17.402022 -0.000000 0.000000 1.000000 0.000000
0.990846 0.134995 0.000000 230.569382 -0.134995 0.990846 -0.000000 -17.615405 -0.000000 0.000000 1.000000 0.000000
0.990919 0.134462 0.000000 232.464096 -0.134462 0.990919 -0.000000 -17.862029 -0.000000 0.000000 1.000000 0.000000
0.990960 0.134157 0.000000 234.405302 -0.134157 0.990960 -0.000000 -18.140063 -0.000000 0.000000 1.000000 0.000000
0.991062 0.133405 0.000000 236.358795 -0.133405 0.991062 -0.000000 -18.373050 -0.000000 0.000000 1.000000 0.000000
0.991087 0.133217 0.000000 238.291000 -0.133217 0.991087 -0.000000 -18.629426 -0.000000 0.000000 1.000000 0.000000
0.990997 0.133888 0.000000 240.249559 -0.133888 0.990997 -0.000000 -18.911557 -0.000000 0.000000 1.000000 0.000000
0.991041 0.133559 0.000000 242.182338 -0.133559 0.991041 -0.000000 -19.202628 -0.000000 0.000000 1.000000 0.000000
0.991241 0.132068 0.000000 244.144750 -0.132068 0.991241 -0.000000 -19.422731 -0.000000 0.000000 1.000000 0.000000
0.991204 0.132340 0.000000 246.064858 -0.132340 0.991204 -0.000000 -19.705341 -0.000000 0.000000 1.000000 0.000000
0.991343 0.131297 0.000000 247.992768 -0.131297 0.991343 -0.000000 -19.992215 -0.000000 0.000000 1.000000 0.000000
0.991371 0.131087 0.000000 249.923590 -0.131087 0.991371 -0.000000 -20.239003 -0.000000 0.000000 1.000000 0.000000
0.991535 0.129838 0.000000 251.790339 -0.129838 0.991535 -0.000000 -20.484525 -0.000000 0.000000 1.000000 0.000000
0.991696 0.128605 0.000000 253.675768 -0.128605 0.991696 -0.000000 -20.739582 -0.000000 0.000000 1.000000 0.000000
0.991902 0.127008 0.000000 255.509123 -0.127008 0.991902 -0.000000 -20.952789 -0.000000 0.000000 1.000000 0.000000
0.991952 0.126617 0.000000 257.344289 -0.126617 0.991952 -0.000000 -21.202777 -0.000000 0.000000 1.000000 0.000000
0.992189 0.124747 0.000000 259.189065 -0.124747 0.992189 -0.000000 -21.413865 -0.000000 0.000000 1.000000 0.000000
0.992304 0.123828 0.000000 260.950204 -0.123828 0.992304 -0.000000 -21.636724 -0.000000 0.000000 1.000000 0.000000
0.992359 0.123384 0.000000 262.601526 -0.123384 0.992359 -0.000000 -21.885879 -0.000000 0.000000 1.000000 0.000000
0.992298 0.123876 0.000000 264.390723 -0.123876 0.992298 -0.000000 -22.172938 -0.000000 0.000000 1.000000 0.000000
0.992338 0.123550 0.000000 266.297703 -0.123550 0.992338 -0.000000 -22.286044 -0.000000 0.000000 1.000000 0.000000
0.992372 0.123278 0.000000 267.970352 -0.123278 0.992372 -0.000000 -22.564494 -0.000000 0.000000 1.000000 0.000000
0.992183 0.124789 0.000000 269.690225 -0.124789 0.992183 -0.000000 -22.751411 -0.000000 0.000000 1.000000 0.000000
0.992377 0.123238 0.000000 271.470677 -0.123238 0.992377 -0.000000 -22.988335 -0.000000 0.000000 1.000000 0.000000
0.992675 0.120813 0.000000 273.305955 -0.120813 0.992675 -0.000000 -23.170755 -0.000000 0.000000 1.000000 0.000000
0.992778 0.119964 0.000000 275.084744 -0.119964 0.992778 -0.000000 -23.375025 -0.000000 0.000000 1.000000 0.000000
0.993073 0.117497 0.000000 276.889889 -0.117497 0.993073 -0.000000 -23.596410 -0.000000 0.000000 1.000000 0.000000
0.993677 0.112279 0.000000 278.707598 -0.112279 0.993677 -0.000000 -23.785311 -0.000000 0.000000 1.000000 0.000000
0.994014 0.109256 0.000000 280.572163 -0.109256 0.994014 -0.000000 -23.952179 -0.000000 0.000000 1.000000 0.000000
0.994597 0.103816 0.000000 282.394159 -0.103816 0.994597 -0.000000 -24.116177 -0.000000 0.000000 1.000000 0.000000
0.994934 0.100528 0.000000 284.250102 -0.100528 0.994934 -0.000000 -24.303532 -0.000000 0.000000 1.000000 0.000000
0.995420 0.095599 0.000000 286.074439 -0.095599 0.995420 -0.000000 -24.475548 -0.000000 0.000000 1.000000 0.000000
0.995712 0.092502 0.000000 287.953246 -0.092502 0.995712 -0.000000 -24.663886 -0.000000 0.000000 1.000000 0.000000
0.996150 0.087669 0.000000 289.795681 -0.087669 0.996150 -0.000000 -24.797870 -0.000000 0.000000 1.000000 0.000000
0.996377 0.085045 0.000000 291.681316 -0.085045 0.996377 -0.000000 -24.930832 -0.000000 0.000000 1.000000 0.000000
0.996635 0.081969 0.000000 293.570817 -0.081969 0.996635 -0.000000 -25.085259 -0.000000 0.000000 1.000000 0.000000
0.996876 0.078978 0.000000 295.454484 -0.078978 0.996876 -0.000000 -25.224911 -0.000000 0.000000 1.000000 0.000000
0.997297 0.073482 0.000000 297.311470 -0.073482 0.997297 -0.000000 -25.339794 -0.000000 0.000000 1.000000 0.000000
0.997643 0.068618 0.000000 299.258253 -0.068618 0.997643 -0.000000 -25.435407 -0.000000 0.000000 1.000000 0.000000
0.998041 0.062564 0.000000 301.133907 -0.062564 0.998041 -0.000000 -25.576027 -0.000000 0.000000 1.000000 0.000000
0.998411 0.056346 0.000000 303.024870 -0.056346 0.998411 -0.000000 -25.655235 -0.000000 0.000000 1.000000 0.000000
0.998640 0.052130 0.000000 304.899182 -0.052130 0.998640 -0.000000 -25.749013 -0.000000 0.000000 1.000000 0.000000
0.998896 0.046980 0.000000 306.728624 -0.046980 0.998896 -0.000000 -25.797191 -0.000000 0.000000 1.000000 0.000000
0.999109 0.042215 0.000000 308.613640 -0.042215 0.999109 -0.000000 -25.901520 -0.000000 0.000000 1.000000 0.000000
0.999134 0.041614 0.000000 310.397279 -0.041614 0.999134 -0.000000 -25.931785 -0.000000 0.000000 1.000000 0.000000
0.999063 0.043278 0.000000 312.142586 -0.043278 0.999063 -0.000000 -26.007318 -0.000000 0.000000 1.000000 0.000000
0.999045 0.043685 0.000000 313.872916 -0.043685 0.999045 -0.000000 -26.063150 -0.000000 0.000000 1.000000 0.000000
0.999004 0.044616 0.000000 315.709917 -0.044616 0.999004 -0.000000 -26.181004 -0.000000 0.000000 1.000000 0.000000
0.999127 0.041773 0.000000 317.609945 -0.041773 0.999127 -0.000000 -26.245464 -0.000000 0.000000 1.000000 0.000000
0.999081 0.042854 0.000000 319.424645 -0.042854 0.999081 -0.000000 -26.292289 -0.000000 0.000000 1.000000 0.000000
0.999030 0.044025 0.000000 321.203195 -0.044025 0.999030 -0.000000 -26.283547 -0.000000 0.000000 1.000000 0.000000
0.999071 0.043091 0.000000 323.030174 -0.043091 0.999071 -0.000000 -26.365750 -0.000000 0.000000 1.000000 0.000000
0.999106 0.042278 0.000000 324.890085 -0.042278 0.999106 -0.000000 -26.449480 -0.000000 0.000000 1.000000 0.000000
0.999203 0.039921 0.000000 326.745287 -0.039921 0.999203 -0.000000 -26.504360 -0.000000 0.000000 1.000000 0.000000
0.999344 0.036207 0.000000 328.669595 -0.036207 0.999344 -0.000000 -26.561339 -0.000000 0.000000 1.000000 0.000000
0.999456 0.032978 0.000000 330.553432 -0.032978 0.999456 -0.000000 -26.661082 -0.000000 0.000000 1.000000 0.000000
0.999584 0.028854 0.000000 332.443012 -0.028854 0.999584 -0.000000 -26.693157 -0.000000 0.000000 1.000000 0.000000
0.999658 0.026163 0.000000 334.356786 -0.026163 0.999658 -0.000000 -26.715653 -0.000000 0.000000 1.000000 0.000000
0.999745 0.022601 0.000000 336.312701 -0.022601 0.999745 -0.000000 -26.722416 -0.000000 0.000000 1.000000 0.000000
0.999836 0.018118 0.000000 338.255715 -0.018118 0.999836 -0.000000 -26.757944 -0.000000 0.000000 1.000000 0.000000
0.999888 0.014984 0.000000 340.231159 -0.014984 0.999888 -0.000000 -26.774121 -0.000000 0.000000 1.000000 0.000000
0.999917 0.012890 0.000000 342.242056 -0.012890 0.999917 -0.000000 -26.777414 -0.000000 0.000000 1.000000 0.000000
0.999919 0.012700 0.000000 344.235558 -0.012700 0.999919 -0.000000 -26.765768 -0.000000 0.000000 1.000000 0.000000
0.999920 0.012628 0.000000 346.246249 -0.012628 0.999920 -0.000000 -26.799303 -0.000000 0.000000 1.000000 0.000000
0.999931 0.011743 0.000000 348.291587 -0.011743 0.999931 -0.000000 -26.830128 -0.000000 0.000000 1.000000 0.000000
0.999952 0.009832 0.000000 350.341303 -0.009832 0.999952 -0.000000 -26.839150 -0.000000 0.000000 1.000000 0.000000
0.999968 0.008054 0.000000 352.377233 -0.008054 0.999968 -0.000000 -26.830302 -0.000000 0.000000 1.000000 0.000000
0.999977 0.006773 0.000000 354.438156 -0.006773 0.999977 -0.000000 -26.845774 -0.000000 0.000000 1.000000 0.000000
0.999981 0.006193 0.000000 356.538612 -0.006193 0.999981 -0.000000 -26.821246 -0.000000 0.000000 1.000000 0.000000
0.999986 0.005375 0.000000 358.618522 -0.005375 0.999986 -0.000000 -26.846315 -0.000000 0.000000 1.000000 0.000000
0.999985 0.005457 0.000000 360.707151 -0.005457 0.999985 -0.000000 -26.849578 -0.000000 0.000000 1.000000 0.000000
0.999985 0.005404 0.000000 362.807918 -0.005404 0.999985 -0.000000 -26.846275 -0.000000 0.000000 1.000000 0.000000
0.999991 0.004226 0.000000 364.955980 -0.004226 0.999991 -0.000000 -26.835269 -0.000000 0.000000 1.000000 0.000000
0.999992 0.003943 0.000000 367.109307 -0.003943 0.999992 -0.000000 -26.821055 -0.000000 0.000000 1.000000 0.000000
0.999995 0.003122 0.000000 369.244226 -0.003122 0.999995 -0.000000 -26.845923 -0.000000 0.000000 1.000000 0.000000
0.999999 0.001144 0.000000 371.360606 -0.001144 0.999999 -0.000000 -26.861054 -0.000000 0.000000 1.000000 0.000000
1.000000 -0.000480 0.000000 373.535575 0.000480 1.000000 0.000000 -26.825786 0.000000 0.000000 1.000000 0.000000
0.999998 -0.001879 0.000000 375.790507 0.001879 0.999998 0.000000 -26.780859 0.000000 0.000000 1.000000 0.000000
0.999994 -0.003596 0.000000 377.907863 0.003596 0.999994 0.000000 -26.768856 0.000000 0.000000 1.000000 0.000000
0.999981 -0.006150 0.000000 380.109210 0.006150 0.999981 0.000000 -26.778674 0.000000 0.000000 1.000000 0.000000
0.999961 -0.008865 0.000000 382.427604 0.008865 0.999961 0.000000 -26.753790 0.000000 0.000000 1.000000 0.000000
0.999942 -0.010790 0.000000 384.637284 0.010790 0.999942 0.000000 -26.700103 0.000000 0.000000 1.000000 0.000000
0.999925 -0.012210 0.000000 386.855351 0.012210 0.999925 0.000000 -26.725351 0.000000 0.000000 1.000000 0.000000
0.999904 -0.013866 0.000000 389.068382 0.013866 0.999904 0.000000 -26.639733 0.000000 0.000000 1.000000 0.000000
0.999877 -0.015701 0.000000 391.315812 0.015701 0.999877 0.000000 -26.577315 0.000000 0.000000 1.000000 0.000000
0.999830 -0.018457 0.000000 393.470041 0.018457 0.999830 0.000000 -26.542128 0.000000 0.000000 1.000000 0.000000
0.999804 -0.019807 0.000000 395.668500 0.019807 0.999804 0.000000 -26.536878 0.000000 0.000000 1.000000 0.000000
0.999741 -0.022757 0.000000 397.713282 0.022757 0.999741 0.000000 -26.463545 0.000000 0.000000 1.000000 0.000000
0.999667 -0.025792 0.000000 399.823522 0.025792 0.999667 0.000000 -26.382486 0.000000 0.000000 1.000000 0.000000
0.999544 -0.030212 0.000000 401.915112 0.030212 0.999544 0.000000 -26.330024 0.000000 0.000000 1.000000 0.000000
0.999404 -0.034518 0.000000 404.012491 0.034518 0.999404 0.000000 -26.257136 0.000000 0.000000 1.000000 0.000000
0.999256 -0.038555 0.000000 406.072832 0.038555 0.999256 0.000000 -26.179974 0.000000 0.000000 1.000000 0.000000
0.999068 -0.043155 0.000000 408.132881 0.043155 0.999068 0.000000 -26.079434 0.000000 0.000000 1.000000 0.000000
0.998881 -0.047302 0.000000 410.184362 0.047302 0.998881 0.000000 -26.003142 0.000000 0.000000 1.000000 0.000000
0.998694 -0.051097 0.000000 412.262499 0.051097 0.998694 0.000000 -25.850111 0.000000 0.000000 1.000000 0.000000
0.998470 -0.055296 0.000000 414.360519 0.055296 0.998470 0.000000 -25.710209 0.000000 0.000000 1.000000 0.000000
0.998385 -0.056815 0.000000 416.429714 0.056815 0.998385 0.000000 -25.626415 0.000000 0.000000 1.000000 0.000000
0.998208 -0.059839 0.000000 418.465014 0.059839 0.998208 0.000000 -25.478701 0.000000 0.000000 1.000000 0.000000
0.998021 -0.062885 0.000000 420.567722 0.062885 0.998021 0.000000 -25.303004 0.000000 0.000000 1.000000 0.000000
0.997820 -0.065991 0.000000 422.680070 0.065991 0.997820 0.000000 -25.150008 0.000000 0.000000 1.000000 0.000000
0.997549 -0.069977 0.000000 424.789637 0.069977 0.997549 0.000000 -24.995404 0.000000 0.000000 1.000000 0.000000
0.997202 -0.074756 0.000000 426.926241 0.074756 0.997202 0.000000 -24.880207 0.000000 0.000000 1.000000 0.000000
0.996842 -0.079408 0.000000 429.003754 0.079408 0.996842 0.000000 -24.687348 0.000000 0.000000 1.000000 0.000000
0.996552 -0.082968 0.000000 431.070668 0.082968 0.996552 0.000000 -24.497993 0.000000 0.000000 1.000000 0.000000
0.996131 -0.087884 0.000000 433.158051 0.087884 0.996131 0.000000 -24.240673 0.000000 0.000000 1.000000 0.000000
0.995804 -0.091511 0.000000 435.207093 0.091511 0.995804 0.000000 -24.076459 0.000000 0.000000 1.000000 0.000000
0.995448 -0.095302 0.000000 437.176636 0.095302 0.995448 0.000000 -23.851313 0.000000 0.000000 1.000000 0.000000
0.994999 -0.099887 0.000000 439.132974 0.099887 0.994999 0.000000 -23.642194 0.000000 0.000000 1.000000 0.000000
0.994718 -0.102641 0.000000 441.115169 0.102641 0.994718 0.000000 -23.447205 0.000000 0.000000 1.000000 0.000000
0.994322 -0.106411 0.000000 443.018226 0.106411 0.994322 0.000000 -23.214548 0.000000 0.000000 1.000000 0.000000
0.993734 -0.111772 0.000000 444.818806 0.111772 0.993734 0.000000 -23.042692 0.000000 0.000000 1.000000 0.000000
0.993324 -0.115355 0.000000 446.739694 0.115355 0.993324 0.000000 -22.808723 0.000000 0.000000 1.000000 0.000000
0.992967 -0.118388 0.000000 448.599852 0.118388 0.992967 0.000000 -22.552496 0.000000 0.000000 1.000000 0.000000
0.992643 -0.121081 0.000000 450.436126 0.121081 0.992643 0.000000 -22.300727 0.000000 0.000000 1.000000 0.000000
0.992046 -0.125874 0.000000 452.161679 0.125874 0.992046 0.000000 -22.055569 0.000000 0.000000 1.000000 0.000000
0.991712 -0.128479 0.000000 454.081176 0.128479 0.991712 0.000000 -21.814065 0.000000 0.000000 1.000000 0.000000
0.991188 -0.132463 0.000000 455.982721 0.132463 0.991188 0.000000 -21.574707 0.000000 0.000000 1.000000 0.000000
0.990711 -0.135987 0.000000 457.821455 0.135987 0.990711 0.000000 -21.339769 0.000000 0.000000 1.000000 0.000000
0.990331 -0.138727 0.000000 459.702612 0.138727 0.990331 0.000000 -21.020735 0.000000 0.000000 1.000000 0.000000
0.989944 -0.141461 0.000000 461.547288 0.141461 0.989944 0.000000 -20.726124 0.000000 0.000000 1.000000 0.000000
0.989355 -0.145525 0.000000 463.480584 0.145525 0.989355 0.000000 -20.534561 0.000000 0.000000 1.000000 0.000000
0.988723 -0.149755 0.000000 465.395511 0.149755 0.988723 0.000000 -20.238579 0.000000 0.000000 1.000000 0.000000
0.988269 -0.152722 0.000000 467.248850 0.152722 0.988269 0.000000 -19.902718 0.000000 0.000000 1.000000 0.000000
0.987581 -0.157113 0.000000 469.187756 0.157113 0.987581 0.000000 -19.544495 0.000000 0.000000 1.000000 0.000000
0.986968 -0.160917 0.000000 471.073375 0.160917 0.986968 0.000000 -19.255980 0.000000 0.000000 1.000000 0.000000
0.986275 -0.165108 0.000000 472.932694 0.165108 0.986275 0.000000 -18.943413 0.000000 0.000000 1.000000 0.000000
0.985608 -0.169047 0.000000 474.787909 0.169047 0.985608 0.000000 -18.605978 0.000000 0.000000 1.000000 0.000000
0.984938 -0.172909 0.000000 476.497117 0.172909 0.984938 0.000000 -18.321578 0.000000 0.000000 1.000000 0.000000
0.984542 -0.175150 0.000000 478.348627 0.175150 0.984542 0.000000 -17.981806 0.000000 0.000000 1.000000 0.000000
0.983802 -0.179258 0.000000 480.094095 0.179258 0.983802 0.000000 -17.608264 0.000000 0.000000 1.000000 0.000000
0.982777 -0.184796 0.000000 481.777591 0.184796 0.982777 0.000000 -17.320212 0.000000 0.000000 1.000000 0.000000
0.982209 -0.187792 0.000000 483.610066 0.187792 0.982209 0.000000 -16.937225 0.000000 0.000000 1.000000 0.000000
0.981495 -0.191488 0.000000 485.365656 0.191488 0.981495 0.000000 -16.608097 0.000000 0.000000 1.000000 0.000000
0.981069 -0.193657 0.000000 487.170625 0.193657 0.981069 0.000000 -16.150966 0.000000 0.000000 1.000000 0.000000
0.980403 -0.197001 0.000000 488.951499 0.197001 0.980403 0.000000 -15.812375 0.000000 0.000000 1.000000 0.000000
0.980297 -0.197531 0.000000 490.803591 0.197531 0.980297 0.000000 -15.456951 0.000000 0.000000 1.000000 0.000000
0.980162 -0.198199 0.000000 492.592405 0.198199 0.980162 0.000000 -15.064259 0.000000 0.000000 1.000000 0.000000
0.979933 -0.199327 0.000000 494.435638 0.199327 0.979933 0.000000 -14.705028 0.000000 0.000000 1.000000 0.000000
0.979755 -0.200202 0.000000 496.275295 0.200202 0.979755 0.000000 -14.342731 0.000000 0.000000 1.000000 0.000000
0.979437 -0.201751 0.000000 498.100879 0.201751 0.979437 0.000000 -13.966140 0.000000 0.000000 1.000000 0.000000
0.978957 -0.204066 0.000000 500.000773 0.204066 0.978957 0.000000 -13.551473 0.000000 0.000000 1.000000 0.000000
0.977906 -0.209045 0.000000 501.851958 0.209045 0.977906 0.000000 -13.125606 0.000000 0.000000 1.000000 0.000000
0.977121 -0.212686 0.000000 503.820902 0.212686 0.977121 0.000000 -12.754849 0.000000 0.000000 1.000000 0.000000
0.976236 -0.216711 0.000000 505.741338 0.216711 0.976236 0.000000 -12.289776 0.000000 0.000000 1.000000 0.000000
0.975406 -0.220414 0.000000 507.635424 0.220414 0.975406 0.000000 -11.809567 0.000000 0.000000 1.000000 0.000000
0.975022 -0.222110 0.000000 509.587912 0.222110 0.975022 0.000000 -11.367615 0.000000 0.000000 1.000000 0.000000
0.974426 -0.224707 0.000000 511.526883 0.224707 0.974426 0.000000 -10.947230 0.000000 0.000000 1.000000 0.000000
0.974023 -0.226448 0.000000 513.519531 0.226448 0.974023 0.000000 -10.474800 0.000000 0.000000 1.000000 0.000000
0.973612 -0.228209 0.000000 515.408877 0.228209 0.973612 0.000000 -9.996020 0.000000 0.000000 1.000000 0.000000
0.972951 -0.231012 0.000000 517.384966 0.231012 0.972951 0.000000 -9.548528 0.000000 0.000000 1.000000 0.000000
0.972154 -0.234345 0.000000 519.290026 0.234345 0.972154 0.000000 -9.024982 0.000000 0.000000 1.000000 0.000000
0.971192 -0.238300 0.000000 521.196869 0.238300 0.971192 0.000000 -8.607612 0.000000 0.000000 1.000000 0.000000
0.970032 -0.242976 0.000000 523.046182 0.242976 0.970032 0.000000 -8.157997 0.000000 0.000000 1.000000 0.000000
0.968841 -0.247684 0.000000 524.890559 0.247684 0.968841 0.000000 -7.671049 0.000000 0.000000 1.000000 0.000000
0.967630 -0.252372 0.000000 526.692639 0.252372 0.967630 0.000000 -7.218638 0.000000 0.000000 1.000000 0.000000
0.966318 -0.257351 0.000000 528.499844 0.257351 0.966318 0.000000 -6.685745 0.000000 0.000000 1.000000 0.000000
0.964767 -0.263105 0.000000 530.243486 0.263105 0.964767 0.000000 -6.220453 0.000000 0.000000 1.000000 0.000000
0.963247 -0.268616 0.000000 532.021051 0.268616 0.963247 0.000000 -5.736689 0.000000 0.000000 1.000000 0.000000
0.961629 -0.274355 0.000000 533.758723 0.274355 0.961629 0.000000 -5.265621 0.000000 0.000000 1.000000 0.000000
0.960482 -0.278341 0.000000 535.402327 0.278341 0.960482 0.000000 -4.785981 0.000000 0.000000 1.000000 0.000000
0.959519 -0.281645 0.000000 537.074022 0.281645 0.959519 0.000000 -4.314489 0.000000 0.000000 1.000000 0.000000
0.958304 -0.285750 0.000000 538.807100 0.285750 0.958304 0.000000 -3.774539 0.000000 0.000000 1.000000 0.000000
0.958008 -0.286742 0.000000 540.357688 0.286742 0.958008 0.000000 -3.378989 0.000000 0.000000 1.000000 0.000000
0.957278 -0.289168 0.000000 541.933003 0.289168 0.957278 0.000000 -2.791240 0.000000 0.000000 1.000000 0.000000
0.956629 -0.291308 0.000000 543.542973 0.291308 0.956629 0.000000 -2.317220 0.000000 0.000000 1.000000 0.000000
0.956419 -0.291998 0.000000 545.151980 0.291998 0.956419 0.000000 -1.826609 0.000000 0.000000 1.000000 0.000000
0.955848 -0.293861 0.000000 546.638706 0.293861 0.955848 0.000000 -1.377869 0.000000 0.000000 1.000000 0.000000
0.955400 -0.295316 0.000000 548.199443 0.295316 0.955400 0.000000 -0.852070 0.000000 0.000000 1.000000 0.000000
0.955533 -0.294885 0.000000 549.707124 0.294885 0.955533 0.000000 -0.363230 0.000000 0.000000 1.000000 0.000000
0.957591 -0.288132 0.000000 551.158140 0.288132 0.957591 0.000000 0.056497 0.000000 0.000000 1.000000 0.000000
0.964930 -0.262508 0.000000 553.891797 0.262508 0.964930 0.000000 0.843539 0.000000 0.000000 1.000000 0.000000
0.979584 -0.201036 0.000000 556.518542 0.201036 0.979584 0.000000 1.381880 0.000000 0.000000 1.000000 0.000000
0.995314 -0.096692 0.000000 558.854832 0.096692 0.995314 0.000000 1.504627 0.000000 0.000000 1.000000 0.000000
0.999196 0.040085 0.000000 560.955696 -0.040085 0.999196 -0.000000 1.320865 -0.000000 0.000000 1.000000 0.000000
0.978941 0.204145 0.000000 562.856585 -0.204145 0.978941 -0.000000 0.829357 -0.000000 0.000000 1.000000 0.000000
0.953420 0.301645 0.000000 563.811631 -0.301645 0.953420 -0.000000 0.423630 -0.000000 0.000000 1.000000 0.000000
0.915914 0.401375 0.000000 564.626509 -0.401375 0.915914 -0.000000 -0.063633 -0.000000 0.000000 1.000000 0.000000
0.862182 0.506598 0.000000 565.409699 -0.506598 0.862182 -0.000000 -0.665815 -0.000000 0.000000 1.000000 0.000000
0.790619 0.612308 0.000000 566.066824 -0.612308 0.790619 -0.000000 -1.327035 -0.000000 0.000000 1.000000 0.000000
0.702790 0.711398 0.000000 566.698678 -0.711398 0.702790 -0.000000 -2.080620 -0.000000 0.000000 1.000000 0.000000
0.601855 0.798605 0.000000 567.150039 -0.798605 0.601855 -0.000000 -2.947065 -0.000000 0.000000 1.000000 0.000000
0.487449 0.873151 0.000000 567.559901 -0.873151 0.487449 -0.000000 -3.925822 -0.000000 0.000000 1.000000 0.000000
0.366415 0.930452 0.000000 567.730077 -0.930452 0.366415 -0.000000 -4.822658 -0.000000 0.000000 1.000000 0.000000
0.252744 0.967533 0.000000 567.772523 -0.967533 0.252744 -0.000000 -5.887292 -0.000000 0.000000 1.000000 0.000000
0.157824 0.987467 0.000000 567.847442 -0.987467 0.157824 -0.000000 -6.984930 -0.000000 0.000000 1.000000 0.000000
0.054699 0.998503 0.000000 568.075696 -0.998503 0.054699 -0.000000 -9.245109 -0.000000 0.000000 1.000000 0.000000
0.006792 0.999977 0.000000 568.216406 -0.999977 0.006792 -0.000000 -11.889106 -0.000000 0.000000 1.000000 0.000000
-0.013346 0.999911 0.000000 568.205960 -0.999911 -0.013346 -0.000000 -14.568114 -0.000000 0.000000 1.000000 0.000000
-0.018021 0.999838 0.000000 568.143328 -0.999838 -0.018021 -0.000000 -17.422074 -0.000000 0.000000 1.000000 0.000000
-0.015008 0.999887 0.000000 568.097322 -0.999887 -0.015008 -0.000000 -20.417124 -0.000000 0.000000 1.000000 0.000000
-0.014247 0.999899 0.000000 568.099523 -0.999899 -0.014247 -0.000000 -21.953443 -0.000000 0.000000 1.000000 0.000000
-0.012966 0.999916 0.000000 568.076339 -0.999916 -0.012966 -0.000000 -23.548305 -0.000000 0.000000 1.000000 0.000000
-0.012026 0.999928 0.000000 568.087937 -0.999928 -0.012026 -0.000000 -25.153992 -0.000000 0.000000 1.000000 0.000000
-0.012156 0.999926 0.000000 568.045185 -0.999926 -0.012156 -0.000000 -26.822740 -0.000000 0.000000 1.000000 0.000000
-0.013575 0.999908 0.000000 568.057483 -0.999908 -0.013575 -0.000000 -28.448833 -0.000000 0.000000 1.000000 0.000000
-0.014542 0.999894 0.000000 567.988562 -0.999894 -0.014542 -0.000000 -30.164060 -0.000000 0.000000 1.000000 0.000000
-0.016183 0.999869 0.000000 567.991287 -0.999869 -0.016183 -0.000000 -31.913660 -0.000000 0.000000 1.000000 0.000000
-0.017809 0.999841 0.000000 567.958933 -0.999841 -0.017809 -0.000000 -33.620962 -0.000000 0.000000 1.000000 0.000000
-0.017819 0.999841 0.000000 567.957119 -0.999841 -0.017819 -0.000000 -35.406155 -0.000000 0.000000 1.000000 0.000000
-0.017137 0.999853 0.000000 567.901807 -0.999853 -0.017137 -0.000000 -37.224126 -0.000000 0.000000 1.000000 0.000000
-0.015200 0.999884 0.000000 567.914743 -0.999884 -0.015200 -0.000000 -39.079285 -0.000000 0.000000 1.000000 0.000000
-0.012849 0.999917 0.000000 567.870162 -0.999917 -0.012849 -0.000000 -40.958031 -0.000000 0.000000 1.000000 0.000000
-0.011230 0.999937 0.000000 567.827279 -0.999937 -0.011230 -0.000000 -42.863153 -0.000000 0.000000 1.000000 0.000000
-0.009713 0.999953 0.000000 567.811660 -0.999953 -0.009713 -0.000000 -44.733466 -0.000000 0.000000 1.000000 0.000000
-0.010418 0.999946 0.000000 567.838175 -0.999946 -0.010418 -0.000000 -46.701722 -0.000000 0.000000 1.000000 0.000000
-0.008633 0.999963 0.000000 567.814220 -0.999963 -0.008633 -0.000000 -48.685823 -0.000000 0.000000 1.000000 0.000000
-0.009162 0.999958 0.000000 567.758972 -0.999958 -0.009162 -0.000000 -50.650416 -0.000000 0.000000 1.000000 0.000000
-0.010477 0.999945 0.000000 567.779236 -0.999945 -0.010477 -0.000000 -52.674358 -0.000000 0.000000 1.000000 0.000000
-0.011732 0.999931 0.000000 567.770630 -0.999931 -0.011732 -0.000000 -54.694169 -0.000000 0.000000 1.000000 0.000000
-0.012698 0.999919 0.000000 567.740136 -0.999919 -0.012698 -0.000000 -56.764554 -0.000000 0.000000 1.000000 0.000000
-0.013514 0.999909 0.000000 567.760520 -0.999909 -0.013514 -0.000000 -58.806414 -0.000000 0.000000 1.000000 0.000000
-0.013326 0.999911 0.000000 567.743535 -0.999911 -0.013326 -0.000000 -60.809811 -0.000000 0.000000 1.000000 0.000000
-0.013219 0.999913 0.000000 567.754200 -0.999913 -0.013219 -0.000000 -62.807215 -0.000000 0.000000 1.000000 0.000000
-0.013975 0.999902 0.000000 567.728739 -0.999902 -0.013975 -0.000000 -64.769699 -0.000000 0.000000 1.000000 0.000000
-0.014385 0.999897 0.000000 567.667338 -0.999897 -0.014385 -0.000000 -66.672011 -0.000000 0.000000 1.000000 0.000000
-0.012404 0.999923 0.000000 567.671889 -0.999923 -0.012404 -0.000000 -68.598945 -0.000000 0.000000 1.000000 0.000000
-0.009740 0.999953 0.000000 567.642703 -0.999953 -0.009740 -0.000000 -70.441793 -0.000000 0.000000 1.000000 0.000000
-0.009453 0.999955 0.000000 567.642589 -0.999955 -0.009453 -0.000000 -72.131614 -0.000000 0.000000 1.000000 0.000000
-0.011199 0.999937 0.000000 567.692951 -0.999937 -0.011199 -0.000000 -73.699516 -0.000000 0.000000 1.000000 0.000000
-0.011186 0.999937 0.000000 567.638378 -0.999937 -0.011186 -0.000000 -75.285239 -0.000000 0.000000 1.000000 0.000000
-0.011948 0.999929 0.000000 567.715268 -0.999929 -0.011948 -0.000000 -76.784883 -0.000000 0.000000 1.000000 0.000000
-0.010013 0.999950 0.000000 567.629053 -0.999950 -0.010013 -0.000000 -79.708268 -0.000000 0.000000 1.000000 0.000000
-0.007356 0.999973 0.000000 567.614317 -0.999973 -0.007356 -0.000000 -82.504982 -0.000000 0.000000 1.000000 0.000000
-0.010614 0.999944 0.000000 567.652726 -0.999944 -0.010614 -0.000000 -85.581662 -0.000000 0.000000 1.000000 0.000000
-0.010007 0.999950 0.000000 567.560728 -0.999950 -0.010007 -0.000000 -88.401075 -0.000000 0.000000 1.000000 0.000000
-0.012020 0.999928 0.000000 567.568217 -0.999928 -0.012020 -0.000000 -90.038701 -0.000000 0.000000 1.000000 0.000000
-0.013205 0.999913 0.000000 567.510946 -0.999913 -0.013205 -0.000000 -93.164405 -0.000000 0.000000 1.000000 0.000000
-0.014125 0.999900 0.000000 567.525111 -0.999900 -0.014125 -0.000000 -94.803213 -0.000000 0.000000 1.000000 0.000000
-0.014093 0.999901 0.000000 567.526937 -0.999901 -0.014093 -0.000000 -96.390552 -0.000000 0.000000 1.000000 0.000000
-0.014063 0.999901 0.000000 567.500552 -0.999901 -0.014063 -0.000000 -98.081771 -0.000000 0.000000 1.000000 0.000000
-0.014199 0.999899 0.000000 567.494787 -0.999899 -0.014199 -0.000000 -99.746335 -0.000000 0.000000 1.000000 0.000000
-0.013582 0.999908 0.000000 567.482316 -0.999908 -0.013582 -0.000000 -101.388402 -0.000000 0.000000 1.000000 0.000000
-0.011632 0.999932 0.000000 567.420369 -0.999932 -0.011632 -0.000000 -102.970262 -0.000000 0.000000 1.000000 0.000000
-0.010406 0.999946 0.000000 567.436651 -0.999946 -0.010406 -0.000000 -104.598813 -0.000000 0.000000 1.000000 0.000000
-0.009983 0.999950 0.000000 567.459402 -0.999950 -0.009983 -0.000000 -106.165815 -0.000000 0.000000 1.000000 0.000000
