0.996520 -0.083359 0.000000 4.026147 0.083359 0.996520 0.000000 -1.768268 0.000000 0.000000 1.000000 0.000000
0.989534 -0.144301 0.000000 6.141178 0.144301 0.989534 0.000000 -1.469978 0.000000 0.000000 1.000000 0.000000
0.989426 -0.145037 0.000000 8.225898 0.145037 0.989426 0.000000 -1.214631 0.000000 0.000000 1.000000 0.000000
0.989363 -0.145468 0.000000 10.764755 0.145468 0.989363 0.000000 -0.887862 0.000000 0.000000 1.000000 0.000000
0.990976 -0.134043 0.000000 13.793451 0.134043 0.990976 0.000000 -0.350445 0.000000 0.000000 1.000000 0.000000
0.991208 -0.132315 0.000000 15.495359 0.132315 0.991208 0.000000 -0.111663 0.000000 0.000000 1.000000 0.000000
0.991577 -0.129517 0.000000 17.231518 0.129517 0.991577 0.000000 0.009618 0.000000 0.000000 1.000000 0.000000
0.992158 -0.124989 0.000000 19.076452 0.124989 0.992158 0.000000 0.320105 0.000000 0.000000 1.000000 0.000000
0.992441 -0.122719 0.000000 21.027466 0.122719 0.992441 0.000000 0.492527 0.000000 0.000000 1.000000 0.000000
0.992928 -0.118719 0.000000 22.939074 0.118719 0.992928 0.000000 0.677843 0.000000 0.000000 1.000000 0.000000
0.993317 -0.115419 0.000000 24.899314 0.115419 0.993317 0.000000 0.890927 0.000000 0.000000 1.000000 0.000000
0.993779 -0.111373 0.000000 26.893179 0.111373 0.993779 0.000000 1.075642 0.000000 0.000000 1.000000 0.000000
0.994224 -0.107324 0.000000 28.919843 0.107324 0.994224 0.000000 1.270970 0.000000 0.000000 1.000000 0.000000
0.994581 -0.103968 0.000000 30.976007 0.103968 0.994581 0.000000 1.431637 0.000000 0.000000 1.000000 0.000000
0.995087 -0.099006 0.000000 33.083982 0.099006 0.995087 0.000000 1.619130 0.000000 0.000000 1.000000 0.000000
0.995463 -0.095145 0.000000 35.229995 0.095145 0.995463 0.000000 1.789880 0.000000 0.000000 1.000000 0.000000
0.995678 -0.092869 0.000000 37.397859 0.092869 0.995678 0.000000 1.973791 0.000000 0.000000 1.000000 0.000000
0.995918 -0.090266 0.000000 39.615971 0.090266 0.995918 0.000000 2.180964 0.000000 0.000000 1.000000 0.000000
0.996042 -0.088878 0.000000 41.857523 0.088878 0.996042 0.000000 2.318417 0.000000 0.000000 1.000000 0.000000
0.996218 -0.086890 0.000000 44.080922 0.086890 0.996218 0.000000 2.454786 0.000000 0.000000 1.000000 0.000000
0.996403 -0.084746 0.000000 46.358154 0.084746 0.996403 0.000000 2.687615 0.000000 0.000000 1.000000 0.000000
0.996429 -0.084437 0.000000 48.621860 0.084437 0.996429 0.000000 2.822202 0.000000 0.000000 1.000000 0.000000
0.996442 -0.084278 0.000000 50.868794 0.084278 0.996442 0.000000 2.984238 0.000000 0.000000 1.000000 0.000000
0.996403 -0.084746 0.000000 53.170297 0.084746 0.996403 0.000000 3.129180 0.000000 0.000000 1.000000 0.000000
0.996424 -0.084493 0.000000 55.454823 0.084493 0.996424 0.000000 3.298319 0.000000 0.000000 1.000000 0.000000
0.996525 -0.083290 0.000000 57.702352 0.083290 0.996525 0.000000 3.448907 0.000000 0.000000 1.000000 0.000000
0.996779 -0.080192 0.000000 59.966752 0.080192 0.996779 0.000000 3.627051 0.000000 0.000000 1.000000 0.000000
0.996985 -0.077593 0.000000 62.310477 0.077593 0.996985 0.000000 3.786586 0.000000 0.000000 1.000000 0.000000
0.997148 -0.075473 0.000000 64.601071 0.075473 0.997148 0.000000 3.888110 0.000000 0.000000 1.000000 0.000000
0.997330 -0.073025 0.000000 66.853162 0.073025 0.997330 0.000000 4.035256 0.000000 0.000000 1.000000 0.000000
0.997490 -0.070807 0.000000 69.160735 0.070807 0.997490 0.000000 4.177201 0.000000 0.000000 1.000000 0.000000
0.997777 -0.066647 0.000000 71.391089 0.066647 0.997777 0.000000 4.304114 0.000000 0.000000 1.000000 0.000000
0.998031 -0.062718 0.000000 73.626038 0.062718 0.998031 0.000000 4.375369 0.000000 0.000000 1.000000 0.000000
0.998146 -0.060864 0.000000 75.873875 0.060864 0.998146 0.000000 4.509735 0.000000 0.000000 1.000000 0.000000
0.998154 -0.060738 0.000000 78.174362 0.060738 0.998154 0.000000 4.667200 0.000000 0.000000 1.000000 0.000000
0.998149 -0.060808 0.000000 80.451919 0.060808 0.998149 0.000000 4.792062 0.000000 0.000000 1.000000 0.000000
0.998031 -0.062717 0.000000 82.707862 0.062717 0.998031 0.000000 4.862164 0.000000 0.000000 1.000000 0.000000
0.997869 -0.065247 0.000000 84.990859 0.065247 0.997869 0.000000 4.947707 0.000000 0.000000 1.000000 0.000000
0.997549 -0.069974 0.000000 87.333724 0.069974 0.997549 0.000000 5.090485 0.000000 0.000000 1.000000 0.000000
0.997192 -0.074892 0.000000 89.660503 0.074892 0.997192 0.000000 5.188841 0.000000 0.000000 1.000000 0.000000
0.996574 -0.082708 0.000000 92.044504 0.082708 0.996574 0.000000 5.416549 0.000000 0.000000 1.000000 0.000000
0.995978 -0.089600 0.000000 94.372823 0.089600 0.995978 0.000000 5.606341 0.000000 0.000000 1.000000 0.000000
0.995638 -0.093298 0.000000 96.774962 0.093298 0.995638 0.000000 5.784325 0.000000 0.000000 1.000000 0.000000
0.995522 -0.094528 0.000000 99.167709 0.094528 0.995522 0.000000 5.927998 0.000000 0.000000 1.000000 0.000000
0.995479 -0.094985 0.000000 101.546228 0.094985 0.995479 0.000000 6.117059 0.000000 0.000000 1.000000 0.000000
0.995432 -0.095470 0.000000 103.993183 0.095470 0.995432 0.000000 6.319659 0.000000 0.000000 1.000000 0.000000
0.995322 -0.096618 0.000000 106.472839 0.096618 0.995322 0.000000 6.542172 0.000000 0.000000 1.000000 0.000000
0.995230 -0.097553 0.000000 108.925030 0.097553 0.995230 0.000000 6.756258 0.000000 0.000000 1.000000 0.000000
0.995198 -0.097877 0.000000 111.400369 0.097877 0.995198 0.000000 6.968270 0.000000 0.000000 1.000000 0.000000
0.995134 -0.098530 0.000000 113.895036 0.098530 0.995134 0.000000 7.180772 0.000000 0.000000 1.000000 0.000000
0.994994 -0.099937 0.000000 116.334182 0.099937 0.994994 0.000000 7.375607 0.000000 0.000000 1.000000 0.000000
0.995036 -0.099511 0.000000 118.798585 0.099511 0.995036 0.000000 7.631188 0.000000 0.000000 1.000000 0.000000
0.995006 -0.099812 0.000000 121.285627 0.099812 0.995006 0.000000 7.808761 0.000000 0.000000 1.000000 0.000000
0.995087 -0.099009 0.000000 123.726782 0.099009 0.995087 0.000000 8.056911 0.000000 0.000000 1.000000 0.000000
0.994986 -0.100014 0.000000 126.203829 0.100014 0.994986 0.000000 8.290934 0.000000 0.000000 1.000000 0.000000
0.994964 -0.100229 0.000000 128.731988 0.100229 0.994964 0.000000 8.472832 0.000000 0.000000 1.000000 0.000000
0.995071 -0.099169 0.000000 131.238353 0.099169 0.995071 0.000000 8.741273 0.000000 0.000000 1.000000 0.000000
0.995118 -0.098690 0.000000 133.844102 0.098690 0.995118 0.000000 8.955036 0.000000 0.000000 1.000000 0.000000
0.995172 -0.098142 0.000000 136.330121 0.098142 0.995172 0.000000 9.154197 0.000000 0.000000 1.000000 0.000000
0.995146 -0.098406 0.000000 138.961087 0.098406 0.995146 0.000000 9.344848 0.000000 0.000000 1.000000 0.000000
0.995064 -0.099238 0.000000 141.497604 0.099238 0.995064 0.000000 9.575404 0.000000 0.000000 1.000000 0.000000
0.994956 -0.100311 0.000000 144.005476 0.100311 0.994956 0.000000 9.798383 0.000000 0.000000 1.000000 0.000000
0.994960 -0.100271 0.000000 146.513286 0.100271 0.994960 0.000000 10.071255 0.000000 0.000000 1.000000 0.000000
0.994877 -0.101091 0.000000 149.146627 0.101091 0.994877 0.000000 10.292629 0.000000 0.000000 1.000000 0.000000
0.994824 -0.101611 0.000000 151.649265 0.101611 0.994824 0.000000 10.549869 0.000000 0.000000 1.000000 0.000000
0.994769 -0.102152 0.000000 154.225389 0.102152 0.994769 0.000000 10.815357 0.000000 0.000000 1.000000 0.000000
0.994805 -0.101801 0.000000 156.780415 0.101801 0.994805 0.000000 11.032755 0.000000 0.000000 1.000000 0.000000
0.994761 -0.102226 0.000000 159.242159 0.102226 0.994761 0.000000 11.285179 0.000000 0.000000 1.000000 0.000000
0.994795 -0.101893 0.000000 161.670298 0.101893 0.994795 0.000000 11.489762 0.000000 0.000000 1.000000 0.000000
0.994841 -0.101449 0.000000 164.126457 0.101449 0.994841 0.000000 11.754833 0.000000 0.000000 1.000000 0.000000
0.994882 -0.101046 0.000000 166.571961 0.101046 0.994882 0.000000 11.984695 0.000000 0.000000 1.000000 0.000000
0.994939 -0.100486 0.000000 168.984170 0.100486 0.994939 0.000000 12.219497 0.000000 0.000000 1.000000 0.000000
0.994982 -0.100051 0.000000 171.391659 0.100051 0.994982 0.000000 12.405632 0.000000 0.000000 1.000000 0.000000
0.994813 -0.101719 0.000000 173.824810 0.101719 0.994813 0.000000 12.614696 0.000000 0.000000 1.000000 0.000000
0.994634 -0.103459 0.000000 176.246191 0.103459 0.994634 0.000000 12.883531 0.000000 0.000000 1.000000 0.000000
0.994346 -0.106188 0.000000 178.669503 0.106188 0.994346 0.000000 13.094383 0.000000 0.000000 1.000000 0.000000
0.994108 -0.108398 0.000000 181.035433 0.108398 0.994108 0.000000 13.308494 0.000000 0.000000 1.000000 0.000000
0.993839 -0.110830 0.000000 183.459513 0.110830 0.993839 0.000000 13.573171 0.000000 0.000000 1.000000 0.000000
0.993528 -0.113589 0.000000 185.854776 0.113589 0.993528 0.000000 13.811316 0.000000 0.000000 1.000000 0.000000
0.993417 -0.114552 0.000000 188.253563 0.114552 0.993417 0.000000 14.050377 0.000000 0.000000 1.000000 0.000000
0.993302 -0.115548 0.000000 190.687979 0.115548 0.993302 0.000000 14.327478 0.000000 0.000000 1.000000 0.000000
0.993177 -0.116616 0.000000 193.128476 0.116616 0.993177 0.000000 14.616245 0.000000 0.000000 1.000000 0.000000
0.993248 -0.116008 0.000000 195.555257 0.116008 0.993248 0.000000 14.892571 0.000000 0.000000 1.000000 0.000000
0.993428 -0.114459 0.000000 197.876549 0.114459 0.993428 0.000000 15.140561 0.000000 0.000000 1.000000 0.000000
0.993578 -0.113149 0.000000 200.221111 0.113149 0.993578 0.000000 15.387189 0.000000 0.000000 1.000000 0.000000
0.993846 -0.110772 0.000000 202.591222 0.110772 0.993846 0.000000 15.652893 0.000000 0.000000 1.000000 0.000000
0.994155 -0.107966 0.000000 204.904019 0.107966 0.994155 0.000000 15.889694 0.000000 0.000000 1.000000 0.000000
0.994551 -0.104246 0.000000 207.213503 0.104246 0.994551 0.000000 16.062133 0.000000 0.000000 1.000000 0.000000
0.994702 -0.102800 0.000000 209.491727 0.102800 0.994702 0.000000 16.258671 0.000000 0.000000 1.000000 0.000000
0.994702 -0.102804 0.000000 211.767150 0.102804 0.994702 0.000000 16.498560 0.000000 0.000000 1.000000 0.000000
0.994362 -0.106041 0.000000 214.025522 0.106041 0.994362 0.000000 16.655444 0.000000 0.000000 1.000000 0.000000
0.993657 -0.112449 0.000000 216.272905 0.112449 0.993657 0.000000 16.878172 0.000000 0.000000 1.000000 0.000000
0.992418 -0.122908 0.000000 218.497276 0.122908 0.992418 0.000000 17.074824 0.000000 0.000000 1.000000 0.000000
0.990563 -0.137061 0.000000 220.802131 0.137061 0.990563 0.000000 17.387613 0.000000 0.000000 1.000000 0.000000
0.988864 -0.148822 0.000000 223.088871 0.148822 0.988864 0.000000 17.709810 0.000000 0.000000 1.000000 0.000000
0.986983 -0.160827 0.000000 225.322963 0.160827 0.986983 0.000000 18.039516 0.000000 0.000000 1.000000 0.000000
0.985359 -0.170493 0.000000 227.484246 0.170493 0.985359 0.000000 18.341471 0.000000 0.000000 1.000000 0.000000
0.983869 -0.178888 0.000000 229.715110 0.178888 0.983869 0.000000 18.790336 0.000000 0.000000 1.000000 0.000000
0.982852 -0.184396 0.000000 232.070712 0.184396 0.982852 0.000000 19.207928 0.000000 0.000000 1.000000 0.000000
0.982230 -0.187680 0.000000 234.366934 0.187680 0.982230 0.000000 19.688812 0.000000 0.000000 1.000000 0.000000
0.981400 -0.191975 0.000000 236.557973 0.191975 0.981400 0.000000 20.032504 0.000000 0.000000 1.000000 0.000000
0.980504 -0.196499 0.000000 238.854428 0.196499 0.980504 0.000000 20.466173 0.000000 0.000000 1.000000 0.000000
0.979816 -0.199903 0.000000 241.200072 0.199903 0.979816 0.000000 20.894151 0.000000 0.000000 1.000000 0.000000
0.979284 -0.202493 0.000000 243.483086 0.202493 0.979284 0.000000 21.375251 0.000000 0.000000 1.000000 0.000000
0.978937 -0.204161 0.000000 245.781995 0.204161 0.978937 0.000000 21.801386 0.000000 0.000000 1.000000 0.000000
0.978673 -0.205426 0.000000 248.070955 0.205426 0.978673 0.000000 22.298217 0.000000 0.000000 1.000000 0.000000
0.978113 -0.208074 0.000000 250.356039 0.208074 0.978113 0.000000 22.758650 0.000000 0.000000 1.000000 0.000000
0.977809 -0.209496 0.000000 252.623046 0.209496 0.977809 0.000000 23.221076 0.000000 0.000000 1.000000 0.000000
0.977615 -0.210402 0.000000 254.883067 0.210402 0.977615 0.000000 23.660439 0.000000 0.000000 1.000000 0.000000
0.977231 -0.212176 0.000000 257.177003 0.212176 0.977231 0.000000 24.109451 0.000000 0.000000 1.000000 0.000000
0.976874 -0.213816 0.000000 259.482009 0.213816 0.976874 0.000000 24.629295 0.000000 0.000000 1.000000 0.000000
0.976325 -0.216308 0.000000 261.769436 0.216308 0.976325 0.000000 25.108861 0.000000 0.000000 1.000000 0.000000
0.975489 -0.220048 0.000000 264.039861 0.220048 0.975489 0.000000 25.604472 0.000000 0.000000 1.000000 0.000000
0.974286 -0.225316 0.000000 266.389323 0.225316 0.974286 0.000000 26.148502 0.000000 0.000000 1.000000 0.000000
0.972993 -0.230836 0.000000 268.593527 0.230836 0.972993 0.000000 26.712112 0.000000 0.000000 1.000000 0.000000
0.972390 -0.233363 0.000000 270.994345 0.233363 0.972390 0.000000 27.255883 0.000000 0.000000 1.000000 0.000000
0.971512 -0.236990 0.000000 273.389486 0.236990 0.971512 0.000000 27.792022 0.000000 0.000000 1.000000 0.000000
0.970467 -0.241234 0.000000 275.626894 0.241234 0.970467 0.000000 28.338351 0.000000 0.000000 1.000000 0.000000
0.969457 -0.245261 0.000000 277.956104 0.245261 0.969457 0.000000 28.936698 0.000000 0.000000 1.000000 0.000000
0.968840 -0.247687 0.000000 280.253719 0.247687 0.968840 0.000000 29.434413 0.000000 0.000000 1.000000 0.000000
0.968332 -0.249668 0.000000 282.521679 0.249668 0.968332 0.000000 30.057922 0.000000 0.000000 1.000000 0.000000
0.969182 -0.246344 0.000000 284.861752 0.246344 0.969182 0.000000 30.568523 0.000000 0.000000 1.000000 0.000000
0.971446 -0.237260 0.000000 287.185793 0.237260 0.971446 0.000000 31.083359 0.000000 0.000000 1.000000 0.000000
0.974504 -0.224370 0.000000 289.480186 0.224370 0.974504 0.000000 31.627844 0.000000 0.000000 1.000000 0.000000
0.976473 -0.215641 0.000000 291.824726 0.215641 0.976473 0.000000 32.065429 0.000000 0.000000 1.000000 0.000000
0.978371 -0.206859 0.000000 294.194895 0.206859 0.978371 0.000000 32.561795 0.000000 0.000000 1.000000 0.000000
0.980317 -0.197432 0.000000 296.575202 0.197432 0.980317 0.000000 33.010562 0.000000 0.000000 1.000000 0.000000
0.981626 -0.190814 0.000000 298.885673 0.190814 0.981626 0.000000 33.411527 0.000000 0.000000 1.000000 0.000000
0.982896 -0.184164 0.000000 301.222400 0.184164 0.982896 0.000000 33.829189 0.000000 0.000000 1.000000 0.000000
0.983912 -0.178652 0.000000 303.571371 0.178652 0.983912 0.000000 34.189006 0.000000 0.000000 1.000000 0.000000
0.984831 -0.173514 0.000000 305.940954 0.173514 0.984831 0.000000 34.588588 0.000000 0.000000 1.000000 0.000000
0.985257 -0.171082 0.000000 308.337011 0.171082 0.985257 0.000000 34.968204 0.000000 0.000000 1.000000 0.000000
0.985428 -0.170093 0.000000 310.764502 0.170093 0.985428 0.000000 35.388642 0.000000 0.000000 1.000000 0.000000
0.985582 -0.169196 0.000000 313.210869 0.169196 0.985582 0.000000 35.779985 0.000000 0.000000 1.000000 0.000000
0.986058 -0.166400 0.000000 315.740703 0.166400 0.986058 0.000000 36.149669 0.000000 0.000000 1.000000 0.000000
0.986655 -0.162823 0.000000 318.188174 0.162823 0.986655 0.000000 36.464504 0.000000 0.000000 1.000000 0.000000
0.987391 -0.158298 0.000000 320.708812 0.158298 0.987391 0.000000 36.823684 0.000000 0.000000 1.000000 0.000000
0.988167 -0.153382 0.000000 323.108884 0.153382 0.988167 0.000000 37.238087 0.000000 0.000000 1.000000 0.000000
0.989133 -0.147023 0.000000 325.570416 0.147023 0.989133 0.000000 37.533154 0.000000 0.000000 1.000000 0.000000
0.990045 -0.140749 0.000000 328.020155 0.140749 0.990045 0.000000 37.861950 0.000000 0.000000 1.000000 0.000000
0.990897 -0.134623 0.000000 330.388933 0.134623 0.990897 0.000000 38.177087 0.000000 0.000000 1.000000 0.000000
0.991652 -0.128940 0.000000 332.874295 0.128940 0.991652 0.000000 38.471628 0.000000 0.000000 1.000000 0.000000
0.992502 -0.122232 0.000000 335.225038 0.122232 0.992502 0.000000 38.699290 0.000000 0.000000 1.000000 0.000000
0.993299 -0.115572 0.000000 337.653983 0.115572 0.993299 0.000000 38.914070 0.000000 0.000000 1.000000 0.000000
0.994164 -0.107880 0.000000 340.081924 0.107880 0.994164 0.000000 39.136254 0.000000 0.000000 1.000000 0.000000
0.994772 -0.102121 0.000000 342.507897 0.102121 0.994772 0.000000 39.393947 0.000000 0.000000 1.000000 0.000000
0.995401 -0.095793 0.000000 344.922311 0.095793 0.995401 0.000000 39.631973 0.000000 0.000000 1.000000 0.000000
0.995873 -0.090755 0.000000 347.381456 0.090755 0.995873 0.000000 39.772377 0.000000 0.000000 1.000000 0.000000
0.996488 -0.083732 0.000000 349.782690 0.083732 0.996488 0.000000 39.945842 0.000000 0.000000 1.000000 0.000000
0.996879 -0.078939 0.000000 352.144668 0.078939 0.996879 0.000000 40.056769 0.000000 0.000000 1.000000 0.000000
0.997275 -0.073777 0.000000 354.496604 0.073777 0.997275 0.000000 40.189257 0.000000 0.000000 1.000000 0.000000
0.997847 -0.065586 0.000000 356.907847 0.065586 0.997847 0.000000 40.291600 0.000000 0.000000 1.000000 0.000000
0.998235 -0.059386 0.000000 359.310515 0.059386 0.998235 0.000000 40.383198 0.000000 0.000000 1.000000 0.000000
0.998577 -0.053322 0.000000 361.755892 0.053322 0.998577 0.000000 40.465050 0.000000 0.000000 1.000000 0.000000
0.998756 -0.049869 0.000000 364.220379 0.049869 0.998756 0.000000 40.604424 0.000000 0.000000 1.000000 0.000000
0.998898 -0.046923 0.000000 366.640797 0.046923 0.998898 0.000000 40.663240 0.000000 0.000000 1.000000 0.000000
0.999012 -0.044448 0.000000 369.078510 0.044448 0.999012 0.000000 40.685813 0.000000 0.000000 1.000000 0.000000
0.999051 -0.043553 0.000000 371.563516 0.043553 0.999051 0.000000 40.787749 0.000000 0.000000 1.000000 0.000000
0.999124 -0.041837 0.000000 373.986660 0.041837 0.999124 0.000000 40.840573 0.000000 0.000000 1.000000 0.000000
0.999114 -0.042094 0.000000 376.438186 0.042094 0.999114 0.000000 40.942564 0.000000 0.000000 1.000000 0.000000
0.999108 -0.042230 0.000000 378.900614 0.042230 0.999108 0.000000 41.039060 0.000000 0.000000 1.000000 0.000000
0.999091 -0.042626 0.000000 381.380024 0.042626 0.999091 0.000000 41.067443 0.000000 0.000000 1.000000 0.000000
0.999065 -0.043231 0.000000 383.797240 0.043231 0.999065 0.000000 41.182038 0.000000 0.000000 1.000000 0.000000
0.998961 -0.045566 0.000000 386.235201 0.045566 0.998961 0.000000 41.258113 0.000000 0.000000 1.000000 0.000000
0.998889 -0.047117 0.000000 388.679378 0.047117 0.998889 0.000000 41.342691 0.000000 0.000000 1.000000 0.000000
0.998741 -0.050169 0.000000 391.113162 0.050169 0.998741 0.000000 41.423050 0.000000 0.000000 1.000000 0.000000
0.998448 -0.055685 0.000000 393.573028 0.055685 0.998448 0.000000 41.551917 0.000000 0.000000 1.000000 0.000000
0.998124 -0.061220 0.000000 396.010312 0.061220 0.998124 0.000000 41.641854 0.000000 0.000000 1.000000 0.000000
0.997677 -0.068121 0.000000 398.479835 0.068121 0.997677 0.000000 41.706041 0.000000 0.000000 1.000000 0.000000
0.997365 -0.072544 0.000000 400.979044 0.072544 0.997365 0.000000 41.882496 0.000000 0.000000 1.000000 0.000000
0.996918 -0.078444 0.000000 403.503532 0.078444 0.996918 0.000000 42.065991 0.000000 0.000000 1.000000 0.000000
0.996497 -0.083633 0.000000 405.998761 0.083633 0.996497 0.000000 42.292549 0.000000 0.000000 1.000000 0.000000
0.995828 -0.091250 0.000000 408.496196 0.091250 0.995828 0.000000 42.468732 0.000000 0.000000 1.000000 0.000000
0.995217 -0.097684 0.000000 411.036388 0.097684 0.995217 0.000000 42.689936 0.000000 0.000000 1.000000 0.000000
0.994581 -0.103966 0.000000 413.558050 0.103966 0.994581 0.000000 42.918498 0.000000 0.000000 1.000000 0.000000
0.993954 -0.109797 0.000000 416.067887 0.109797 0.993954 0.000000 43.146730 0.000000 0.000000 1.000000 0.000000
0.993545 -0.113436 0.000000 418.635427 0.113436 0.993545 0.000000 43.405939 0.000000 0.000000 1.000000 0.000000
0.993181 -0.116579 0.000000 421.177058 0.116579 0.993181 0.000000 43.682541 0.000000 0.000000 1.000000 0.000000
0.993033 -0.117833 0.000000 423.681589 0.117833 0.993033 0.000000 43.924475 0.000000 0.000000 1.000000 0.000000
0.992899 -0.118963 0.000000 426.218616 0.118963 0.992899 0.000000 44.166789 0.000000 0.000000 1.000000 0.000000
0.992824 -0.119581 0.000000 428.802673 0.119581 0.992824 0.000000 44.459984 0.000000 0.000000 1.000000 0.000000
0.992872 -0.119188 0.000000 431.253960 0.119188 0.992872 0.000000 44.730398 0.000000 0.000000 1.000000 0.000000
0.992751 -0.120189 0.000000 433.701725 0.120189 0.992751 0.000000 44.977682 0.000000 0.000000 1.000000 0.000000
0.992911 -0.118859 0.000000 436.054023 0.118859 0.992911 0.000000 45.216412 0.000000 0.000000 1.000000 0.000000
0.992899 -0.118960 0.000000 438.404797 0.118960 0.992899 0.000000 45.463267 0.000000 0.000000 1.000000 0.000000
0.992899 -0.118959 0.000000 440.668779 0.118959 0.992899 0.000000 45.653003 0.000000 0.000000 1.000000 0.000000
0.992951 -0.118524 0.000000 442.859093 0.118524 0.992951 0.000000 45.913928 0.000000 0.000000 1.000000 0.000000
0.993019 -0.117955 0.000000 444.976351 0.117955 0.993019 0.000000 46.127936 0.000000 0.000000 1.000000 0.000000
0.993342 -0.115200 0.000000 447.026476 0.115200 0.993342 0.000000 46.336569 0.000000 0.000000 1.000000 0.000000
0.993672 -0.112317 0.000000 448.999356 0.112317 0.993672 0.000000 46.527901 0.000000 0.000000 1.000000 0.000000
0.994333 -0.106314 0.000000 450.869908 0.106314 0.994333 0.000000 46.677572 0.000000 0.000000 1.000000 0.000000
0.995232 -0.097541 0.000000 452.642649 0.097541 0.995232 0.000000 46.841752 0.000000 0.000000 1.000000 0.000000
0.996157 -0.087589 0.000000 454.350578 0.087589 0.996157 0.000000 46.949516 0.000000 0.000000 1.000000 0.000000
0.997588 -0.069412 0.000000 455.911072 0.069412 0.997588 0.000000 47.060469 0.000000 0.000000 1.000000 0.000000
0.999136 -0.041569 0.000000 457.474100 0.041569 0.999136 0.000000 47.083130 0.000000 0.000000 1.000000 0.000000
0.998804 0.048889 0.000000 460.297308 -0.048889 0.998804 -0.000000 46.931029 -0.000000 0.000000 1.000000 0.000000
0.986358 0.164616 0.000000 462.755492 -0.164616 0.986358 -0.000000 46.572597 -0.000000 0.000000 1.000000 0.000000
0.948578 0.316544 0.000000 465.032187 -0.316544 0.948578 -0.000000 45.872897 -0.000000 0.000000 1.000000 0.000000
0.914673 0.404194 0.000000 466.003390 -0.404194 0.914673 -0.000000 45.336311 -0.000000 0.000000 1.000000 0.000000
0.869135 0.494575 0.000000 466.894689 -0.494575 0.869135 -0.000000 44.699228 -0.000000 0.000000 1.000000 0.000000
0.809283 0.587419 0.000000 467.644687 -0.587419 0.809283 -0.000000 44.085296 -0.000000 0.000000 1.000000 0.000000
0.732861 0.680378 0.000000 468.341822 -0.680378 0.732861 -0.000000 43.304846 -0.000000 0.000000 1.000000 0.000000
0.642951 0.765908 0.000000 468.917720 -0.765908 0.642951 -0.000000 42.526642 -0.000000 0.000000 1.000000 0.000000
0.537332 0.843371 0.000000 469.349059 -0.843371 0.537332 -0.000000 41.662822 -0.000000 0.000000 1.000000 0.000000
0.421113 0.907008 0.000000 469.633624 -0.907008 0.421113 -0.000000 40.749669 -0.000000 0.000000 1.000000 0.000000
0.291957 0.956432 0.000000 469.808898 -0.956432 0.291957 -0.000000 39.828746 -0.000000 0.000000 1.000000 0.000000
0.151375 0.988476 0.000000 469.907992 -0.988476 0.151375 -0.000000 38.907587 -0.000000 0.000000 1.000000 0.000000
0.005017 0.999987 0.000000 469.793482 -0.999987 0.005017 -0.000000 37.893318 -0.000000 0.000000 1.000000 0.000000
-0.143263 0.989685 0.000000 469.594089 -0.989685 -0.143263 -0.000000 36.926518 -0.000000 0.000000 1.000000 0.000000
-0.288244 0.957557 0.000000 469.199946 -0.957557 -0.288244 -0.000000 35.860338 -0.000000 0.000000 1.000000 0.000000
-0.423218 0.906028 0.000000 468.667116 -0.906028 -0.423218 -0.000000 34.902410 -0.000000 0.000000 1.000000 0.000000
-0.538760 0.842459 0.000000 467.977629 -0.842459 -0.538760 0.000000 33.949080 0.000000 0.000000 1.000000 0.000000
-0.641562 0.767071 0.000000 467.137791 -0.767071 -0.641562 0.000000 33.184747 0.000000 0.000000 1.000000 0.000000
-0.730312 0.683114 0.000000 466.175830 -0.683114 -0.730312 0.000000 32.311468 0.000000 0.000000 1.000000 0.000000
-0.791375 0.611331 0.000000 465.173869 -0.611331 -0.791375 0.000000 31.436231 0.000000 0.000000 1.000000 0.000000
-0.849004 0.528387 0.000000 462.672647 -0.528387 -0.849004 0.000000 30.020821 0.000000 0.000000 1.000000 0.000000
-0.854935 0.518736 0.000000 461.313022 -0.518736 -0.854935 0.000000 29.335421 0.000000 0.000000 1.000000 0.000000
-0.858881 0.512175 0.000000 459.923597 -0.512175 -0.858881 0.000000 28.661889 0.000000 0.000000 1.000000 0.000000
-0.859233 0.511584 0.000000 458.467447 -0.511584 -0.859233 0.000000 27.832812 0.000000 0.000000 1.000000 0.000000
-0.860405 0.509611 0.000000 456.928855 -0.509611 -0.860405 0.000000 27.025798 0.000000 0.000000 1.000000 0.000000
-0.861322 0.508060 0.000000 455.348662 -0.508060 -0.861322 0.000000 26.158972 0.000000 0.000000 1.000000 0.000000
-0.862020 0.506875 0.000000 453.656991 -0.506875 -0.862020 0.000000 25.239904 0.000000 0.000000 1.000000 0.000000
-0.862166 0.506625 0.000000 451.993450 -0.506625 -0.862166 0.000000 24.269376 0.000000 0.000000 1.000000 0.000000
-0.862967 0.505260 0.000000 450.232970 -0.505260 -0.862967 0.000000 23.244752 0.000000 0.000000 1.000000 0.000000
-0.863798 0.503838 0.000000 448.363694 -0.503838 -0.863798 0.000000 22.208174 0.000000 0.000000 1.000000 0.000000
-0.864361 0.502871 0.000000 446.461099 -0.502871 -0.864361 0.000000 21.156543 0.000000 0.000000 1.000000 0.000000
-0.864645 0.502383 0.000000 444.544924 -0.502383 -0.864645 0.000000 20.041243 0.000000 0.000000 1.000000 0.000000
-0.865526 0.500865 0.000000 442.541470 -0.500865 -0.865526 0.000000 18.915490 0.000000 0.000000 1.000000 0.000000
-0.866467 0.499235 0.000000 440.509616 -0.499235 -0.866467 0.000000 17.804816 0.000000 0.000000 1.000000 0.000000
-0.867856 0.496816 0.000000 438.410847 -0.496816 -0.867856 0.000000 16.637893 0.000000 0.000000 1.000000 0.000000
-0.869136 0.494573 0.000000 436.318001 -0.494573 -0.869136 0.000000 15.503683 0.000000 0.000000 1.000000 0.000000
-0.872099 0.489329 0.000000 434.165071 -0.489329 -0.872099 0.000000 14.297938 0.000000 0.000000 1.000000 0.000000
-0.873884 0.486135 0.000000 431.987404 -0.486135 -0.873884 0.000000 13.103939 0.000000 0.000000 1.000000 0.000000
-0.875715 0.482829 0.000000 429.769231 -0.482829 -0.875715 0.000000 11.892514 0.000000 0.000000 1.000000 0.000000
-0.878078 0.478518 0.000000 427.517427 -0.478518 -0.878078 0.000000 10.700880 0.000000 0.000000 1.000000 0.000000
-0.879565 0.475779 0.000000 425.253770 -0.475779 -0.879565 0.000000 9.478564 0.000000 0.000000 1.000000 0.000000
-0.880308 0.474402 0.000000 422.990359 -0.474402 -0.880308 0.000000 8.298583 0.000000 0.000000 1.000000 0.000000
-0.880757 0.473568 0.000000 420.698688 -0.473568 -0.880757 0.000000 7.101913 0.000000 0.000000 1.000000 0.000000
-0.881545 0.472100 0.000000 418.426477 -0.472100 -0.881545 0.000000 5.907400 0.000000 0.000000 1.000000 0.000000
-0.882453 0.470400 0.000000 416.168898 -0.470400 -0.882453 0.000000 4.725555 0.000000 0.000000 1.000000 0.000000
-0.883146 0.469098 0.000000 413.906426 -0.469098 -0.883146 0.000000 3.553006 0.000000 0.000000 1.000000 0.000000
-0.883721 0.468014 0.000000 411.594129 -0.468014 -0.883721 0.000000 2.402105 0.000000 0.000000 1.000000 0.000000
-0.884593 0.466365 0.000000 409.323516 -0.466365 -0.884593 0.000000 1.190034 0.000000 0.000000 1.000000 0.000000
-0.885445 0.464744 0.000000 407.010923 -0.464744 -0.885445 0.000000 -0.006384 0.000000 0.000000 1.000000 0.000000
-0.885912 0.463853 0.000000 404.650573 -0.463853 -0.885912 0.000000 -1.203625 0.000000 0.000000 1.000000 0.000000
-0.885895 0.463886 0.000000 402.369227 -0.463886 -0.885895 0.000000 -2.385614 0.000000 0.000000 1.000000 0.000000
-0.886024 0.463639 0.000000 400.053340 -0.463639 -0.886024 0.000000 -3.582790 0.000000 0.000000 1.000000 0.000000
-0.886464 0.462797 0.000000 397.752412 -0.462797 -0.886464 0.000000 -4.726186 0.000000 0.000000 1.000000 0.000000
-0.886825 0.462105 0.000000 395.454521 -0.462105 -0.886825 0.000000 -5.898993 0.000000 0.000000 1.000000 0.000000
-0.887331 0.461134 0.000000 393.167037 -0.461134 -0.887331 0.000000 -7.087404 0.000000 0.000000 1.000000 0.000000
-0.888106 0.459640 0.000000 390.871286 -0.459640 -0.888106 0.000000 -8.266072 0.000000 0.000000 1.000000 0.000000
-0.888645 0.458596 0.000000 388.558539 -0.458596 -0.888645 0.000000 -9.448931 0.000000 0.000000 1.000000 0.000000
-0.889128 0.457658 0.000000 386.248551 -0.457658 -0.889128 0.000000 -10.592207 0.000000 0.000000 1.000000 0.000000
-0.890503 0.454977 0.000000 383.957660 -0.454977 -0.890503 0.000000 -11.720377 0.000000 0.000000 1.000000 0.000000
-0.891683 0.452661 0.000000 381.637508 -0.452661 -0.891683 0.000000 -12.816761 0.000000 0.000000 1.000000 0.000000
-0.894278 0.447512 0.000000 379.376626 -0.447512 -0.894278 0.000000 -13.917755 0.000000 0.000000 1.000000 0.000000
-0.897382 0.441254 0.000000 377.100274 -0.441254 -0.897382 0.000000 -15.005878 0.000000 0.000000 1.000000 0.000000
-0.901475 0.432830 0.000000 374.867352 -0.432830 -0.901475 0.000000 -16.059023 0.000000 0.000000 1.000000 0.000000
-0.904670 0.426112 0.000000 372.584444 -0.426112 -0.904670 0.000000 -17.067984 0.000000 0.000000 1.000000 0.000000
-0.908352 0.418206 0.000000 370.302667 -0.418206 -0.908352 0.000000 -18.137415 0.000000 0.000000 1.000000 0.000000
-0.912006 0.410177 0.000000 368.002407 -0.410177 -0.912006 0.000000 -19.133413 0.000000 0.000000 1.000000 0.000000
-0.915302 0.402768 0.000000 365.678403 -0.402768 -0.915302 0.000000 -20.106073 0.000000 0.000000 1.000000 0.000000
-0.918386 0.395686 0.000000 363.370065 -0.395686 -0.918386 0.000000 -21.036056 0.000000 0.000000 1.000000 0.000000
-0.922099 0.386954 0.000000 361.052977 -0.386954 -0.922099 0.000000 -22.003538 0.000000 0.000000 1.000000 0.000000
-0.926030 0.377450 0.000000 358.729693 -0.377450 -0.926030 0.000000 -22.928802 0.000000 0.000000 1.000000 0.000000
-0.929546 0.368707 0.000000 356.384879 -0.368707 -0.929546 0.000000 -23.826793 0.000000 0.000000 1.000000 0.000000
-0.932611 0.360883 0.000000 354.038999 -0.360883 -0.932611 0.000000 -24.670480 0.000000 0.000000 1.000000 0.000000
-0.935085 0.354424 0.000000 351.687036 -0.354424 -0.935085 0.000000 -25.570308 0.000000 0.000000 1.000000 0.000000
-0.935639 0.352960 0.000000 349.317933 -0.352960 -0.935639 0.000000 -26.353992 0.000000 0.000000 1.000000 0.000000
-0.936134 0.351643 0.000000 346.991737 -0.351643 -0.936134 0.000000 -27.169414 0.000000 0.000000 1.000000 0.000000
-0.935412 0.353559 0.000000 344.670204 -0.353559 -0.935412 0.000000 -28.027574 0.000000 0.000000 1.000000 0.000000
-0.935328 0.353781 0.000000 342.315031 -0.353781 -0.935328 0.000000 -28.897371 0.000000 0.000000 1.000000 0.000000
-0.935093 0.354403 0.000000 339.989269 -0.354403 -0.935093 0.000000 -29.783047 0.000000 0.000000 1.000000 0.000000
-0.934100 0.357011 0.000000 337.650915 -0.357011 -0.934100 0.000000 -30.610485 0.000000 0.000000 1.000000 0.000000
-0.932225 0.361879 0.000000 335.371713 -0.361879 -0.932225 0.000000 -31.517076 0.000000 0.000000 1.000000 0.000000
-0.930446 0.366428 0.000000 333.091732 -0.366428 -0.930446 0.000000 -32.361471 0.000000 0.000000 1.000000 0.000000
-0.928637 0.370989 0.000000 330.747553 -0.370989 -0.928637 0.000000 -33.261303 0.000000 0.000000 1.000000 0.000000
-0.926719 0.375755 0.000000 328.479861 -0.375755 -0.926719 0.000000 -34.178076 0.000000 0.000000 1.000000 0.000000
-0.925004 0.379957 0.000000 326.135512 -0.379957 -0.925004 0.000000 -35.103031 0.000000 0.000000 1.000000 0.000000
-0.923268 0.384157 0.000000 323.790390 -0.384157 -0.923268 0.000000 -36.057143 0.000000 0.000000 1.000000 0.000000
-0.921543 0.388276 0.000000 321.461624 -0.388276 -0.921543 0.000000 -37.021878 0.000000 0.000000 1.000000 0.000000
-0.919632 0.392780 0.000000 319.105844 -0.392780 -0.919632 0.000000 -37.982699 0.000000 0.000000 1.000000 0.000000
-0.917792 0.397062 0.000000 316.751487 -0.397062 -0.917792 0.000000 -38.926578 0.000000 0.000000 1.000000 0.000000
-0.917035 0.398806 0.000000 314.372702 -0.398806 -0.917035 0.000000 -39.933697 0.000000 0.000000 1.000000 0.000000
-0.915813 0.401605 0.000000 311.989104 -0.401605 -0.915813 0.000000 -40.958685 0.000000 0.000000 1.000000 0.000000
-0.915674 0.401922 0.000000 309.706582 -0.401922 -0.915674 0.000000 -41.954244 0.000000 0.000000 1.000000 0.000000
-0.915530 0.402249 0.000000 307.359108 -0.402249 -0.915530 0.000000 -43.003070 0.000000 0.000000 1.000000 0.000000
-0.914755 0.404010 0.000000 304.993779 -0.404010 -0.914755 0.000000 -44.002866 0.000000 0.000000 1.000000 0.000000
-0.914378 0.404861 0.000000 302.621946 -0.404861 -0.914378 0.000000 -45.019723 0.000000 0.000000 1.000000 0.000000
-0.912772 0.408470 0.000000 300.332354 -0.408470 -0.912772 0.000000 -46.029404 0.000000 0.000000 1.000000 0.000000
-0.911314 0.411712 0.000000 298.018734 -0.411712 -0.911314 0.000000 -47.054558 0.000000 0.000000 1.000000 0.000000
-0.910293 0.413966 0.000000 295.733075 -0.413966 -0.910293 0.000000 -48.045170 0.000000 0.000000 1.000000 0.000000
-0.909418 0.415882 0.000000 293.471907 -0.415882 -0.909418 0.000000 -49.024743 0.000000 0.000000 1.000000 0.000000
-0.908081 0.418794 0.000000 291.210276 -0.418794 -0.908081 0.000000 -50.051907 0.000000 0.000000 1.000000 0.000000
-0.906807 0.421546 0.000000 288.848255 -0.421546 -0.906807 0.000000 -51.007587 0.000000 0.000000 1.000000 0.000000
-0.906398 0.422425 0.000000 286.673577 -0.422425 -0.906398 0.000000 -51.981953 0.000000 0.000000 1.000000 0.000000
-0.905353 0.424660 0.000000 284.395305 -0.424660 -0.905353 0.000000 -53.077413 0.000000 0.000000 1.000000 0.000000
-0.904735 0.425974 0.000000 282.127732 -0.425974 -0.904735 0.000000 -54.102570 0.000000 0.000000 1.000000 0.000000
-0.903827 0.427899 0.000000 279.872315 -0.427899 -0.903827 0.000000 -55.070539 0.000000 0.000000 1.000000 0.000000
-0.902387 0.430926 0.000000 277.681989 -0.430926 -0.902387 0.000000 -56.122224 0.000000 0.000000 1.000000 0.000000
-0.901596 0.432579 0.000000 275.387544 -0.432579 -0.901596 0.000000 -57.170771 0.000000 0.000000 1.000000 0.000000
-0.900823 0.434186 0.000000 273.130905 -0.434186 -0.900823 0.000000 -58.232052 0.000000 0.000000 1.000000 0.000000
-0.900413 0.435036 0.000000 270.908584 -0.435036 -0.900413 0.000000 -59.296578 0.000000 0.000000 1.000000 0.000000
-0.900720 0.434400 0.000000 268.639961 -0.434400 -0.900720 0.000000 -60.355560 0.000000 0.000000 1.000000 0.000000
-0.901575 0.432624 0.000000 266.356028 -0.432624 -0.901575 0.000000 -61.383841 0.000000 0.000000 1.000000 0.000000
-0.901771 0.432215 0.000000 264.056649 -0.432215 -0.901771 0.000000 -62.447690 0.000000 0.000000 1.000000 0.000000
-0.902620 0.430438 0.000000 261.820798 -0.430438 -0.902620 0.000000 -63.439446 0.000000 0.000000 1.000000 0.000000
-0.903231 0.429154 0.000000 259.508724 -0.429154 -0.903231 0.000000 -64.492625 0.000000 0.000000 1.000000 0.000000
-0.903521 0.428544 0.000000 257.222624 -0.428544 -0.903521 0.000000 -65.569102 0.000000 0.000000 1.000000 0.000000
-0.903649 0.428273 0.000000 254.886192 -0.428273 -0.903649 0.000000 -66.660798 0.000000 0.000000 1.000000 0.000000
-0.903240 0.429135 0.000000 252.616776 -0.429135 -0.903240 0.000000 -67.703444 0.000000 0.000000 1.000000 0.000000
-0.903268 0.429077 0.000000 250.280622 -0.429077 -0.903268 0.000000 -68.754638 0.000000 0.000000 1.000000 0.000000
-0.901521 0.432735 0.000000 248.009355 -0.432735 -0.901521 0.000000 -69.796075 0.000000 0.000000 1.000000 0.000000
-0.900430 0.435001 0.000000 245.764535 -0.435001 -0.900430 0.000000 -70.929365 0.000000 0.000000 1.000000 0.000000
-0.898973 0.438004 0.000000 243.478806 -0.438004 -0.898973 0.000000 -71.982377 0.000000 0.000000 1.000000 0.000000
-0.898627 0.438714 0.000000 241.186259 -0.438714 -0.898627 0.000000 -73.056011 0.000000 0.000000 1.000000 0.000000
-0.897862 0.440276 0.000000 238.898509 -0.440276 -0.897862 0.000000 -74.146696 0.000000 0.000000 1.000000 0.000000
-0.897510 0.440995 0.000000 236.640224 -0.440995 -0.897510 0.000000 -75.237089 0.000000 0.000000 1.000000 0.000000
-0.897274 0.441475 0.000000 234.358025 -0.441475 -0.897274 0.000000 -76.344440 0.000000 0.000000 1.000000 0.000000
-0.896777 0.442482 0.000000 232.050110 -0.442482 -0.896777 0.000000 -77.387413 0.000000 0.000000 1.000000 0.000000
-0.896863 0.442309 0.000000 229.670747 -0.442309 -0.896863 0.000000 -78.552774 0.000000 0.000000 1.000000 0.000000
-0.897343 0.441334 0.000000 227.368315 -0.441334 -0.897343 0.000000 -79.718217 0.000000 0.000000 1.000000 0.000000
-0.897187 0.441651 0.000000 224.995740 -0.441651 -0.897187 0.000000 -80.836632 0.000000 0.000000 1.000000 0.000000
-0.897230 0.441564 0.000000 222.630236 -0.441564 -0.897230 0.000000 -81.934052 0.000000 0.000000 1.000000 0.000000
-0.897496 0.441022 0.000000 220.253431 -0.441022 -0.897496 0.000000 -83.088416 0.000000 0.000000 1.000000 0.000000
-0.898064 0.439865 0.000000 217.830398 -0.439865 -0.898064 0.000000 -84.239419 0.000000 0.000000 1.000000 0.000000
-0.898576 0.438818 0.000000 215.403337 -0.438818 -0.898576 0.000000 -85.379229 0.000000 0.000000 1.000000 0.000000
-0.898542 0.438887 0.000000 212.988295 -0.438887 -0.898542 0.000000 -86.515594 0.000000 0.000000 1.000000 0.000000
-0.898844 0.438268 0.000000 210.582578 -0.438268 -0.898844 0.000000 -87.706848 0.000000 0.000000 1.000000 0.000000
-0.899159 0.437622 0.000000 208.145351 -0.437622 -0.899159 0.000000 -88.804666 0.000000 0.000000 1.000000 0.000000
-0.899066 0.437813 0.000000 205.736504 -0.437813 -0.899066 0.000000 -89.943490 0.000000 0.000000 1.000000 0.000000
-0.899469 0.436985 0.000000 203.303668 -0.436985 -0.899469 0.000000 -91.096985 0.000000 0.000000 1.000000 0.000000
-0.899700 0.436509 0.000000 200.903287 -0.436509 -0.899700 0.000000 -92.260134 0.000000 0.000000 1.000000 0.000000
-0.899543 0.436832 0.000000 198.449851 -0.436832 -0.899543 0.000000 -93.391902 0.000000 0.000000 1.000000 0.000000
-0.899189 0.437560 0.000000 196.035578 -0.437560 -0.899189 0.000000 -94.494158 0.000000 0.000000 1.000000 0.000000
-0.898327 0.439328 0.000000 193.633960 -0.439328 -0.898327 0.000000 -95.701983 0.000000 0.000000 1.000000 0.000000
-0.897984 0.440027 0.000000 191.192647 -0.440027 -0.897984 0.000000 -96.807226 0.000000 0.000000 1.000000 0.000000
-0.897922 0.440155 0.000000 188.739899 -0.440155 -0.897922 0.000000 -97.988463 0.000000 0.000000 1.000000 0.000000
-0.898078 0.439837 0.000000 186.290095 -0.439837 -0.898078 0.000000 -99.140174 0.000000 0.000000 1.000000 0.000000
-0.898279 0.439425 0.000000 183.871282 -0.439425 -0.898279 0.000000 -100.329974 0.000000 0.000000 1.000000 0.000000
-0.898939 0.438074 0.000000 181.425517 -0.438074 -0.898939 0.000000 -101.470512 0.000000 0.000000 1.000000 0.000000
-0.900513 0.434830 0.000000 178.966676 -0.434830 -0.900513 0.000000 -102.601638 0.000000 0.000000 1.000000 0.000000
-0.901557 0.432661 0.000000 176.475798 -0.432661 -0.901557 0.000000 -103.702293 0.000000 0.000000 1.000000 0.000000
-0.902600 0.430481 0.000000 173.999047 -0.430481 -0.902600 0.000000 -104.819317 0.000000 0.000000 1.000000 0.000000
-0.904521 0.426429 0.000000 171.510061 -0.426429 -0.904521 0.000000 -106.007851 0.000000 0.000000 1.000000 0.000000
-0.906842 0.421471 0.000000 168.993172 -0.421471 -0.906842 0.000000 -107.043649 0.000000 0.000000 1.000000 0.000000
-0.908780 0.417275 0.000000 166.444901 -0.417275 -0.908780 0.000000 -108.124823 0.000000 0.000000 1.000000 0.000000
-0.910119 0.414347 0.000000 163.987807 -0.414347 -0.910119 0.000000 -109.273817 0.000000 0.000000 1.000000 0.000000
-0.911288 0.411769 0.000000 161.481571 -0.411769 -0.911288 0.000000 -110.392947 0.000000 0.000000 1.000000 0.000000
-0.912193 0.409761 0.000000 158.954506 -0.409761 -0.912193 0.000000 -111.476940 0.000000 0.000000 1.000000 0.000000
-0.912930 0.408116 0.000000 156.413741 -0.408116 -0.912930 0.000000 -112.534479 0.000000 0.000000 1.000000 0.000000
-0.913612 0.406587 0.000000 153.939819 -0.406587 -0.913612 0.000000 -113.623081 0.000000 0.000000 1.000000 0.000000
-0.913833 0.406089 0.000000 151.440159 -0.406089 -0.913833 0.000000 -114.683586 0.000000 0.000000 1.000000 0.000000
-0.914773 0.403969 0.000000 148.988399 -0.403969 -0.914773 0.000000 -115.740429 0.000000 0.000000 1.000000 0.000000
