0.999927 0.012076 0.000000 -0.847214 -0.012076 0.999927 -0.000000 1.650561 -0.000000 0.000000 1.000000 0.000000 1567496037218466000

0.999916 0.012960 0.000000 0.935349 -0.012960 0.999916 -0.000000 1.623940 -0.000000 0.000000 1.000000 0.000000 1567496044208661000

0.999912 0.013293 0.000000 2.934352 -0.013293 0.999912 -0.000000 1.607543 -0.000000 0.000000 1.000000 0.000000 1567496045208898000

0.999932 0.011670 0.000000 4.894132 -0.011670 0.999932 -0.000000 1.534795 -0.000000 0.000000 1.000000 0.000000 1567496045958342000

0.999944 0.010581 0.000000 6.429613 -0.010581 0.999944 -0.000000 1.541947 -0.000000 0.000000 1.000000 0.000000 1567496046458065000

0.999952 0.009760 0.000000 8.128289 -0.009760 0.999952 -0.000000 1.529463 -0.000000 0.000000 1.000000 0.000000 1567496046957574000

0.999965 0.008328 0.000000 9.982076 -0.008328 0.999965 -0.000000 1.537413 -0.000000 0.000000 1.000000 0.000000 1567496047456982000

0.999980 0.006374 0.000000 11.921056 -0.006374 0.999980 -0.000000 1.499938 -0.000000 0.000000 1.000000 0.000000 1567496047956733000

0.999986 0.005303 0.000000 13.984208 -0.005303 0.999986 -0.000000 1.504351 -0.000000 0.000000 1.000000 0.000000 1567496048456499000

0.999988 0.004844 0.000000 16.216617 -0.004844 0.999988 -0.000000 1.498892 -0.000000 0.000000 1.000000 0.000000 1567496048955486000

0.999992 0.004019 0.000000 18.523508 -0.004019 0.999992 -0.000000 1.494939 -0.000000 0.000000 1.000000 0.000000 1567496049455491000

0.999996 0.002654 0.000000 20.893774 -0.002654 0.999996 -0.000000 1.467319 -0.000000 0.000000 1.000000 0.000000 1567496049954843000

0.999998 0.001812 0.000000 23.313905 -0.001812 0.999998 -0.000000 1.454709 -0.000000 0.000000 1.000000 0.000000 1567496050454180000

0.999920 -0.012627 0.000000 25.675981 0.012627 0.999920 0.000000 1.532773 0.000000 0.000000 1.000000 0.000000 1567496050953311000

0.999328 -0.036649 0.000000 28.158520 0.036649 0.999328 0.000000 1.625532 0.000000 0.000000 1.000000 0.000000 1567496051452110000

0.998043 -0.062530 0.000000 30.645204 0.062530 0.998043 0.000000 1.834962 0.000000 0.000000 1.000000 0.000000 1567496051951662000

0.996277 -0.086211 0.000000 33.130636 0.086211 0.996277 0.000000 2.048851 0.000000 0.000000 1.000000 0.000000 1567496052451203000

0.994577 -0.103999 0.000000 35.653616 0.103999 0.994577 0.000000 2.266464 0.000000 0.000000 1.000000 0.000000 1567496052950250000

0.994166 -0.107861 0.000000 38.229350 0.107861 0.994166 0.000000 2.554618 0.000000 0.000000 1.000000 0.000000 1567496053449597000

0.994388 -0.105792 0.000000 40.825306 0.105792 0.994388 0.000000 2.843464 0.000000 0.000000 1.000000 0.000000 1567496053948891000

0.994859 -0.101268 0.000000 43.533399 0.101268 0.994859 0.000000 3.105025 0.000000 0.000000 1.000000 0.000000 1567496054447792000

0.994901 -0.100856 0.000000 46.296454 0.100856 0.994901 0.000000 3.393110 0.000000 0.000000 1.000000 0.000000 1567496054947386000

0.994250 -0.107083 0.000000 49.124300 0.107083 0.994250 0.000000 3.703283 0.000000 0.000000 1.000000 0.000000 1567496055446536000

0.992929 -0.118712 0.000000 51.989509 0.118712 0.992929 0.000000 4.048867 0.000000 0.000000 1.000000 0.000000 1567496055945897000

0.990828 -0.135131 0.000000 54.954946 0.135131 0.990828 0.000000 4.468412 0.000000 0.000000 1.000000 0.000000 1567496056446224000

0.989787 -0.142556 0.000000 56.452344 0.142556 0.989787 0.000000 4.702723 0.000000 0.000000 1.000000 0.000000 1567496056694831000

0.988715 -0.149808 0.000000 57.995734 0.149808 0.988715 0.000000 4.949132 0.000000 0.000000 1.000000 0.000000 1567496056944880000

0.987680 -0.156490 0.000000 59.499069 0.156490 0.987680 0.000000 5.197516 0.000000 0.000000 1.000000 0.000000 1567496057194671000

0.986519 -0.163647 0.000000 61.035134 0.163647 0.986519 0.000000 5.489942 0.000000 0.000000 1.000000 0.000000 1567496057444230000

0.985302 -0.170820 0.000000 62.540039 0.170820 0.985302 0.000000 5.715128 0.000000 0.000000 1.000000 0.000000 1567496057693906000

0.983207 -0.182496 0.000000 65.554115 0.182496 0.983207 0.000000 6.269063 0.000000 0.000000 1.000000 0.000000 1567496058192800000

0.982716 -0.185122 0.000000 68.530673 0.185122 0.982716 0.000000 6.839212 0.000000 0.000000 1.000000 0.000000 1567496058691625000

0.983348 -0.181735 0.000000 71.428709 0.181735 0.983348 0.000000 7.392526 0.000000 0.000000 1.000000 0.000000 1567496059190321000

0.984205 -0.177034 0.000000 74.257080 0.177034 0.984205 0.000000 7.922278 0.000000 0.000000 1.000000 0.000000 1567496059689663000

0.985335 -0.170634 0.000000 76.792071 0.170634 0.985335 0.000000 8.383625 0.000000 0.000000 1.000000 0.000000 1567496060187809000

0.985984 -0.166840 0.000000 79.072471 0.166840 0.985984 0.000000 8.721877 0.000000 0.000000 1.000000 0.000000 1567496060686218000

0.986609 -0.163106 0.000000 81.026032 0.163106 0.986609 0.000000 9.055049 0.000000 0.000000 1.000000 0.000000 1567496061184476000

0.986603 -0.163138 0.000000 82.577579 0.163138 0.986603 0.000000 9.300769 0.000000 0.000000 1.000000 0.000000 1567496061682817000

0.986141 -0.165911 0.000000 84.251960 0.165911 0.986141 0.000000 9.599114 0.000000 0.000000 1.000000 0.000000 1567496062431678000

0.985022 -0.172432 0.000000 86.059857 0.172432 0.985022 0.000000 9.901298 0.000000 0.000000 1.000000 0.000000 1567496063679618000

0.981353 -0.192214 0.000000 87.638228 0.192214 0.981353 0.000000 10.254181 0.000000 0.000000 1.000000 0.000000 1567496064678126000

0.976023 -0.217665 0.000000 89.309520 0.217665 0.976023 0.000000 10.691471 0.000000 0.000000 1.000000 0.000000 1567496065427818000

0.965976 -0.258631 0.000000 91.405908 0.258631 0.965976 0.000000 11.285507 0.000000 0.000000 1.000000 0.000000 1567496066177316000

0.954815 -0.297201 0.000000 93.060022 0.297201 0.954815 0.000000 11.775150 0.000000 0.000000 1.000000 0.000000 1567496066676715000

0.935640 -0.352955 0.000000 95.838282 0.352955 0.935640 0.000000 13.001984 0.000000 0.000000 1.000000 0.000000 1567496067175966000

0.906736 -0.421699 0.000000 97.889804 0.421699 0.906736 0.000000 13.876602 0.000000 0.000000 1.000000 0.000000 1567496067926080000

0.877507 -0.479564 0.000000 99.933872 0.479564 0.877507 0.000000 15.056906 0.000000 0.000000 1.000000 0.000000 1567496068424728000

0.839262 -0.543727 0.000000 102.183327 0.543727 0.839262 0.000000 16.524848 0.000000 0.000000 1.000000 0.000000 1567496068924480000

0.793588 -0.608455 0.000000 104.316923 0.608455 0.793588 0.000000 18.273102 0.000000 0.000000 1.000000 0.000000 1567496069424627000

0.750126 -0.661295 0.000000 106.600281 0.661295 0.750126 0.000000 20.226769 0.000000 0.000000 1.000000 0.000000 1567496069923495000

0.721451 -0.692465 0.000000 108.819673 0.692465 0.721451 0.000000 22.370202 0.000000 0.000000 1.000000 0.000000 1567496070423567000

0.712738 -0.701431 0.000000 109.970563 0.701431 0.712738 0.000000 23.471659 0.000000 0.000000 1.000000 0.000000 1567496070673831000

0.708419 -0.705792 0.000000 111.164551 0.705792 0.708419 0.000000 24.645763 0.000000 0.000000 1.000000 0.000000 1567496070923353000

0.708996 -0.705213 0.000000 112.341834 0.705213 0.708996 0.000000 25.871697 0.000000 0.000000 1.000000 0.000000 1567496071173338000

0.713286 -0.700873 0.000000 113.518055 0.700873 0.713286 0.000000 27.070602 0.000000 0.000000 1.000000 0.000000 1567496071421800000

0.717617 -0.696438 0.000000 114.727451 0.696438 0.717617 0.000000 28.246039 0.000000 0.000000 1.000000 0.000000 1567496071671839000

0.721976 -0.691918 0.000000 116.015673 0.691918 0.721976 0.000000 29.508563 0.000000 0.000000 1.000000 0.000000 1567496071921655000

0.725685 -0.688028 0.000000 117.367027 0.688028 0.725685 0.000000 30.793590 0.000000 0.000000 1.000000 0.000000 1567496072171411000

0.729426 -0.684060 0.000000 118.723955 0.684060 0.729426 0.000000 32.068103 0.000000 0.000000 1.000000 0.000000 1567496072421113000

0.732156 -0.681136 0.000000 120.085432 0.681136 0.732156 0.000000 33.311500 0.000000 0.000000 1.000000 0.000000 1567496072670255000

0.735167 -0.677886 0.000000 121.519278 0.677886 0.735167 0.000000 34.656202 0.000000 0.000000 1.000000 0.000000 1567496072919958000

0.738636 -0.674104 0.000000 122.932538 0.674104 0.738636 0.000000 35.943602 0.000000 0.000000 1.000000 0.000000 1567496073169332000

0.741847 -0.670569 0.000000 124.367913 0.670569 0.741847 0.000000 37.248244 0.000000 0.000000 1.000000 0.000000 1567496073418366000

0.745094 -0.666959 0.000000 125.905491 0.666959 0.745094 0.000000 38.598308 0.000000 0.000000 1.000000 0.000000 1567496073668840000

0.748516 -0.663116 0.000000 127.406517 0.663116 0.748516 0.000000 39.958919 0.000000 0.000000 1.000000 0.000000 1567496073918408000

0.752525 -0.658563 0.000000 128.964847 0.658563 0.752525 0.000000 41.250127 0.000000 0.000000 1.000000 0.000000 1567496074167821000

0.757877 -0.652397 0.000000 130.468063 0.652397 0.757877 0.000000 42.589324 0.000000 0.000000 1.000000 0.000000 1567496074417463000

0.766177 -0.642630 0.000000 132.068643 0.642630 0.766177 0.000000 43.927605 0.000000 0.000000 1.000000 0.000000 1567496074666935000

0.773224 -0.634132 0.000000 133.648215 0.634132 0.773224 0.000000 45.215279 0.000000 0.000000 1.000000 0.000000 1567496074916070000

0.784034 -0.620718 0.000000 135.298123 0.620718 0.784034 0.000000 46.521248 0.000000 0.000000 1.000000 0.000000 1567496075165752000

0.793835 -0.608134 0.000000 136.899957 0.608134 0.793835 0.000000 47.751601 0.000000 0.000000 1.000000 0.000000 1567496075415834000

0.803970 -0.594670 0.000000 138.606700 0.594670 0.803970 0.000000 49.000414 0.000000 0.000000 1.000000 0.000000 1567496075665704000

0.813508 -0.581554 0.000000 140.349232 0.581554 0.813508 0.000000 50.230785 0.000000 0.000000 1.000000 0.000000 1567496075915003000

0.822787 -0.568350 0.000000 142.137159 0.568350 0.822787 0.000000 51.424523 0.000000 0.000000 1.000000 0.000000 1567496076164285000

0.832973 -0.553313 0.000000 143.891415 0.553313 0.832973 0.000000 52.595012 0.000000 0.000000 1.000000 0.000000 1567496076413865000

0.843565 -0.537026 0.000000 145.695408 0.537026 0.843565 0.000000 53.706716 0.000000 0.000000 1.000000 0.000000 1567496076663175000

0.855538 -0.517741 0.000000 147.486525 0.517741 0.855538 0.000000 54.857854 0.000000 0.000000 1.000000 0.000000 1567496076913315000

0.868337 -0.495974 0.000000 149.365507 0.495974 0.868337 0.000000 55.882776 0.000000 0.000000 1.000000 0.000000 1567496077162711000

0.881275 -0.472604 0.000000 151.229931 0.472604 0.881275 0.000000 56.869920 0.000000 0.000000 1.000000 0.000000 1567496077412134000

0.893726 -0.448613 0.000000 153.077694 0.448613 0.893726 0.000000 57.786088 0.000000 0.000000 1.000000 0.000000 1567496077661653000

0.905533 -0.424276 0.000000 155.008012 0.424276 0.905533 0.000000 58.686354 0.000000 0.000000 1.000000 0.000000 1567496077911286000

0.916321 -0.400444 0.000000 156.969113 0.400444 0.916321 0.000000 59.512276 0.000000 0.000000 1.000000 0.000000 1567496078161017000

0.926390 -0.376565 0.000000 158.915898 0.376565 0.926390 0.000000 60.309786 0.000000 0.000000 1.000000 0.000000 1567496078409966000

0.934642 -0.355591 0.000000 160.870717 0.355591 0.934642 0.000000 61.034530 0.000000 0.000000 1.000000 0.000000 1567496078660146000

0.941843 -0.336053 0.000000 162.895821 0.336053 0.941843 0.000000 61.756428 0.000000 0.000000 1.000000 0.000000 1567496078909901000

0.948070 -0.318062 0.000000 164.903968 0.318062 0.948070 0.000000 62.446135 0.000000 0.000000 1.000000 0.000000 1567496079159659000

0.954779 -0.297317 0.000000 166.947598 0.297317 0.954779 0.000000 63.057856 0.000000 0.000000 1.000000 0.000000 1567496079409416000

0.961839 -0.273614 0.000000 169.018021 0.273614 0.961839 0.000000 63.646041 0.000000 0.000000 1.000000 0.000000 1567496079658533000

0.968425 -0.249306 0.000000 171.067765 0.249306 0.968425 0.000000 64.175924 0.000000 0.000000 1.000000 0.000000 1567496079907638000

0.973328 -0.229420 0.000000 173.131522 0.229420 0.973328 0.000000 64.636776 0.000000 0.000000 1.000000 0.000000 1567496080157855000

0.978194 -0.207693 0.000000 175.265610 0.207693 0.978194 0.000000 65.101736 0.000000 0.000000 1.000000 0.000000 1567496080407781000

0.982285 -0.187393 0.000000 177.339486 0.187393 0.982285 0.000000 65.480589 0.000000 0.000000 1.000000 0.000000 1567496080658690000

0.985198 -0.171418 0.000000 179.476639 0.171418 0.985198 0.000000 65.852941 0.000000 0.000000 1.000000 0.000000 1567496080907506000

0.987711 -0.156291 0.000000 181.633409 0.156291 0.987711 0.000000 66.227477 0.000000 0.000000 1.000000 0.000000 1567496081157219000

0.990059 -0.140650 0.000000 183.779019 0.140650 0.990059 0.000000 66.521772 0.000000 0.000000 1.000000 0.000000 1567496081406925000

0.992174 -0.124862 0.000000 185.977168 0.124862 0.992174 0.000000 66.778772 0.000000 0.000000 1.000000 0.000000 1567496081657171000

0.993991 -0.109460 0.000000 188.150544 0.109460 0.993991 0.000000 67.015360 0.000000 0.000000 1.000000 0.000000 1567496081905471000

0.995415 -0.095651 0.000000 190.330340 0.095651 0.995415 0.000000 67.229324 0.000000 0.000000 1.000000 0.000000 1567496082154706000

0.996650 -0.081788 0.000000 192.538487 0.081788 0.996650 0.000000 67.400953 0.000000 0.000000 1.000000 0.000000 1567496082404332000

0.997531 -0.070232 0.000000 194.708478 0.070232 0.997531 0.000000 67.518426 0.000000 0.000000 1.000000 0.000000 1567496082653810000

0.998393 -0.056662 0.000000 196.866473 0.056662 0.998393 0.000000 67.657178 0.000000 0.000000 1.000000 0.000000 1567496082904078000

0.999134 -0.041609 0.000000 199.017337 0.041609 0.999134 0.000000 67.716319 0.000000 0.000000 1.000000 0.000000 1567496083153689000

0.999772 -0.021365 0.000000 201.180577 0.021365 0.999772 0.000000 67.775377 0.000000 0.000000 1.000000 0.000000 1567496083403225000

0.999997 -0.002586 0.000000 203.308805 0.002586 0.999997 0.000000 67.781397 0.000000 0.000000 1.000000 0.000000 1567496083653160000

0.999874 0.015889 0.000000 205.423563 -0.015889 0.999874 -0.000000 67.744397 -0.000000 0.000000 1.000000 0.000000 1567496083902332000

0.999463 0.032757 0.000000 207.521251 -0.032757 0.999463 -0.000000 67.657676 -0.000000 0.000000 1.000000 0.000000 1567496084152166000

0.998798 0.049011 0.000000 209.664719 -0.049011 0.998798 -0.000000 67.562521 -0.000000 0.000000 1.000000 0.000000 1567496084401368000

0.997890 0.064923 0.000000 211.812849 -0.064923 0.997890 -0.000000 67.406780 -0.000000 0.000000 1.000000 0.000000 1567496084651279000

0.996654 0.081737 0.000000 213.959885 -0.081737 0.996654 -0.000000 67.235705 -0.000000 0.000000 1.000000 0.000000 1567496084900757000

0.995241 0.097448 0.000000 216.088554 -0.097448 0.995241 -0.000000 67.014478 -0.000000 0.000000 1.000000 0.000000 1567496085150056000

0.993545 0.113441 0.000000 218.292241 -0.113441 0.993545 -0.000000 66.757064 -0.000000 0.000000 1.000000 0.000000 1567496085399998000

0.991901 0.127010 0.000000 220.445092 -0.127010 0.991901 -0.000000 66.447241 -0.000000 0.000000 1.000000 0.000000 1567496085648829000

0.990349 0.138594 0.000000 222.623993 -0.138594 0.990349 -0.000000 66.145856 -0.000000 0.000000 1.000000 0.000000 1567496085897991000

0.988729 0.149719 0.000000 224.770513 -0.149719 0.988729 -0.000000 65.811716 -0.000000 0.000000 1.000000 0.000000 1567496086147735000

0.986542 0.163511 0.000000 226.940969 -0.163511 0.986542 -0.000000 65.484359 -0.000000 0.000000 1.000000 0.000000 1567496086397123000

0.983896 0.178741 0.000000 229.070352 -0.178741 0.983896 -0.000000 65.078666 -0.000000 0.000000 1.000000 0.000000 1567496086646129000

0.981102 0.193492 0.000000 231.263227 -0.193492 0.981102 -0.000000 64.675128 -0.000000 0.000000 1.000000 0.000000 1567496086895438000

0.977799 0.209546 0.000000 233.397142 -0.209546 0.977799 -0.000000 64.221029 -0.000000 0.000000 1.000000 0.000000 1567496087145130000

0.973740 0.227664 0.000000 235.560732 -0.227664 0.973740 -0.000000 63.713116 -0.000000 0.000000 1.000000 0.000000 1567496087394943000

0.969271 0.245997 0.000000 237.653619 -0.245997 0.969271 -0.000000 63.200837 -0.000000 0.000000 1.000000 0.000000 1567496087643900000

0.965040 0.262101 0.000000 239.720953 -0.262101 0.965040 -0.000000 62.614870 -0.000000 0.000000 1.000000 0.000000 1567496087893738000

0.961493 0.274829 0.000000 241.841589 -0.274829 0.961493 -0.000000 62.002671 -0.000000 0.000000 1.000000 0.000000 1567496088143113000

0.956273 0.292474 0.000000 243.996174 -0.292474 0.956273 -0.000000 61.357921 -0.000000 0.000000 1.000000 0.000000 1567496088392933000

0.949967 0.312350 0.000000 246.058600 -0.312350 0.949967 -0.000000 60.651734 -0.000000 0.000000 1.000000 0.000000 1567496088642511000

0.941068 0.338218 0.000000 248.134663 -0.338218 0.941068 -0.000000 59.917344 -0.000000 0.000000 1.000000 0.000000 1567496088892161000

0.931004 0.365010 0.000000 250.075363 -0.365010 0.931004 -0.000000 59.104026 -0.000000 0.000000 1.000000 0.000000 1567496089141376000

0.920223 0.391394 0.000000 252.159221 -0.391394 0.920223 -0.000000 58.259520 -0.000000 0.000000 1.000000 0.000000 1567496089391114000

0.908345 0.418222 0.000000 254.085156 -0.418222 0.908345 -0.000000 57.337438 -0.000000 0.000000 1.000000 0.000000 1567496089640949000

0.895850 0.444356 0.000000 256.084025 -0.444356 0.895850 -0.000000 56.377358 -0.000000 0.000000 1.000000 0.000000 1567496089891064000

0.881536 0.472116 0.000000 258.002703 -0.472116 0.881536 -0.000000 55.290864 -0.000000 0.000000 1.000000 0.000000 1567496090140033000

0.866786 0.498681 0.000000 259.889045 -0.498681 0.866786 -0.000000 54.175905 -0.000000 0.000000 1.000000 0.000000 1567496090389710000

0.852717 0.522374 0.000000 261.725011 -0.522374 0.852717 -0.000000 53.034674 -0.000000 0.000000 1.000000 0.000000 1567496090639579000

0.840666 0.541554 0.000000 263.551473 -0.541554 0.840666 -0.000000 51.871009 -0.000000 0.000000 1.000000 0.000000 1567496090888285000

0.830261 0.557375 0.000000 265.381172 -0.557375 0.830261 -0.000000 50.672327 -0.000000 0.000000 1.000000 0.000000 1567496091138897000

0.820088 0.572238 0.000000 267.084984 -0.572238 0.820088 -0.000000 49.441448 -0.000000 0.000000 1.000000 0.000000 1567496091388657000

0.810025 0.586395 0.000000 268.848804 -0.586395 0.810025 -0.000000 48.193971 -0.000000 0.000000 1.000000 0.000000 1567496091637931000

0.799076 0.601230 0.000000 270.495717 -0.601230 0.799076 -0.000000 46.917592 -0.000000 0.000000 1.000000 0.000000 1567496091887795000

0.788456 0.615091 0.000000 272.169452 -0.615091 0.788456 -0.000000 45.658052 -0.000000 0.000000 1.000000 0.000000 1567496092136815000

0.776942 0.629572 0.000000 273.774485 -0.629572 0.776942 -0.000000 44.304305 -0.000000 0.000000 1.000000 0.000000 1567496092385539000

0.763970 0.645251 0.000000 275.285347 -0.645251 0.763970 -0.000000 42.984572 -0.000000 0.000000 1.000000 0.000000 1567496092635302000

0.750344 0.661047 0.000000 276.795774 -0.661047 0.750344 -0.000000 41.595899 -0.000000 0.000000 1.000000 0.000000 1567496092884264000

0.736223 0.676739 0.000000 278.288265 -0.676739 0.736223 -0.000000 40.251813 -0.000000 0.000000 1.000000 0.000000 1567496093133682000

0.722901 0.690951 0.000000 279.768911 -0.690951 0.722901 -0.000000 38.828241 -0.000000 0.000000 1.000000 0.000000 1567496093383564000

0.709917 0.704285 0.000000 281.185839 -0.704285 0.709917 -0.000000 37.356577 -0.000000 0.000000 1.000000 0.000000 1567496093633135000

0.698971 0.715150 0.000000 282.605956 -0.715150 0.698971 -0.000000 35.939809 -0.000000 0.000000 1.000000 0.000000 1567496093882828000

0.690624 0.723214 0.000000 284.018320 -0.723214 0.690624 -0.000000 34.441852 -0.000000 0.000000 1.000000 0.000000 1567496094132528000

0.682076 0.731281 0.000000 285.386424 -0.731281 0.682076 -0.000000 32.953592 -0.000000 0.000000 1.000000 0.000000 1567496094381693000

0.673262 0.739404 0.000000 286.774319 -0.739404 0.673262 -0.000000 31.476965 -0.000000 0.000000 1.000000 0.000000 1567496094630899000

0.667565 0.744552 0.000000 288.114555 -0.744552 0.667565 -0.000000 30.004621 -0.000000 0.000000 1.000000 0.000000 1567496094880531000

0.663961 0.747767 0.000000 289.457924 -0.747767 0.663961 -0.000000 28.483465 -0.000000 0.000000 1.000000 0.000000 1567496095130028000

0.662027 0.749480 0.000000 290.789531 -0.749480 0.662027 -0.000000 27.036957 -0.000000 0.000000 1.000000 0.000000 1567496095379688000

0.662355 0.749190 0.000000 292.085843 -0.749190 0.662355 -0.000000 25.542281 -0.000000 0.000000 1.000000 0.000000 1567496095628683000

0.665872 0.746066 0.000000 293.405661 -0.746066 0.665872 -0.000000 24.106262 -0.000000 0.000000 1.000000 0.000000 1567496095878575000

0.672187 0.740381 0.000000 294.719098 -0.740381 0.672187 -0.000000 22.691205 -0.000000 0.000000 1.000000 0.000000 1567496096128010000

0.683226 0.730207 0.000000 296.006470 -0.730207 0.683226 -0.000000 21.282852 -0.000000 0.000000 1.000000 0.000000 1567496096377257000

0.696189 0.717859 0.000000 297.373398 -0.717859 0.696189 -0.000000 19.960740 -0.000000 0.000000 1.000000 0.000000 1567496096626094000

0.710888 0.703305 0.000000 298.734295 -0.703305 0.710888 -0.000000 18.599954 -0.000000 0.000000 1.000000 0.000000 1567496096875592000

0.725995 0.687700 0.000000 300.095398 -0.687700 0.725995 -0.000000 17.344588 -0.000000 0.000000 1.000000 0.000000 1567496097124690000

0.743063 0.669221 0.000000 301.480169 -0.669221 0.743063 -0.000000 16.097859 -0.000000 0.000000 1.000000 0.000000 1567496097374330000

0.759336 0.650698 0.000000 302.948601 -0.650698 0.759336 -0.000000 14.888443 -0.000000 0.000000 1.000000 0.000000 1567496097623552000

0.777275 0.629161 0.000000 304.367378 -0.629161 0.777275 -0.000000 13.746431 -0.000000 0.000000 1.000000 0.000000 1567496097873048000

0.795207 0.606338 0.000000 305.880857 -0.606338 0.795207 -0.000000 12.638103 -0.000000 0.000000 1.000000 0.000000 1567496098122692000

0.815728 0.578435 0.000000 307.411085 -0.578435 0.815728 -0.000000 11.602272 -0.000000 0.000000 1.000000 0.000000 1567496098371761000

0.836778 0.547543 0.000000 309.009411 -0.547543 0.836778 -0.000000 10.606017 -0.000000 0.000000 1.000000 0.000000 1567496098621900000

0.857323 0.514779 0.000000 310.623518 -0.514779 0.857323 -0.000000 9.687184 -0.000000 0.000000 1.000000 0.000000 1567496098870709000

0.879434 0.476021 0.000000 312.233057 -0.476021 0.879434 -0.000000 8.817964 -0.000000 0.000000 1.000000 0.000000 1567496099120136000

0.901201 0.433400 0.000000 313.979206 -0.433400 0.901201 -0.000000 7.999375 -0.000000 0.000000 1.000000 0.000000 1567496099369399000

0.922072 0.387019 0.000000 315.698943 -0.387019 0.922072 -0.000000 7.324172 -0.000000 0.000000 1.000000 0.000000 1567496099619284000

0.940923 0.338620 0.000000 317.526802 -0.338620 0.940923 -0.000000 6.664215 -0.000000 0.000000 1.000000 0.000000 1567496099868919000

0.957844 0.287289 0.000000 319.330697 -0.287289 0.957844 -0.000000 6.174127 -0.000000 0.000000 1.000000 0.000000 1567496100118770000

0.970958 0.239252 0.000000 321.316745 -0.239252 0.970958 -0.000000 5.675870 -0.000000 0.000000 1.000000 0.000000 1567496100369525000

0.979251 0.202651 0.000000 323.253639 -0.202651 0.979251 -0.000000 5.268550 -0.000000 0.000000 1.000000 0.000000 1567496100618466000

0.984992 0.172599 0.000000 325.113937 -0.172599 0.984992 -0.000000 4.987100 -0.000000 0.000000 1.000000 0.000000 1567496100868466000

0.989199 0.146576 0.000000 327.046287 -0.146576 0.989199 -0.000000 4.730776 -0.000000 0.000000 1.000000 0.000000 1567496101117424000

0.992730 0.120362 0.000000 329.000049 -0.120362 0.992730 -0.000000 4.534901 -0.000000 0.000000 1.000000 0.000000 1567496101366663000

0.995135 0.098521 0.000000 330.981801 -0.098521 0.995135 -0.000000 4.344810 -0.000000 0.000000 1.000000 0.000000 1567496101616703000

0.996613 0.082229 0.000000 332.980029 -0.082229 0.996613 -0.000000 4.177559 -0.000000 0.000000 1.000000 0.000000 1567496101866283000

0.997590 0.069377 0.000000 335.013395 -0.069377 0.997590 -0.000000 4.062995 -0.000000 0.000000 1.000000 0.000000 1567496102116560000

0.998144 0.060898 0.000000 337.058902 -0.060898 0.998144 -0.000000 3.922891 -0.000000 0.000000 1.000000 0.000000 1567496102365647000

0.998263 0.058920 0.000000 339.070738 -0.058920 0.998263 -0.000000 3.840647 -0.000000 0.000000 1.000000 0.000000 1567496102615469000

0.998202 0.059947 0.000000 341.141631 -0.059947 0.998202 -0.000000 3.712929 -0.000000 0.000000 1.000000 0.000000 1567496102864891000

0.997992 0.063342 0.000000 343.189808 -0.063342 0.997992 -0.000000 3.579783 -0.000000 0.000000 1.000000 0.000000 1567496103114240000

0.997711 0.067619 0.000000 345.264161 -0.067619 0.997711 -0.000000 3.433071 -0.000000 0.000000 1.000000 0.000000 1567496103363683000

0.997390 0.072206 0.000000 347.307788 -0.072206 0.997390 -0.000000 3.299947 -0.000000 0.000000 1.000000 0.000000 1567496103612813000

0.997078 0.076388 0.000000 349.458749 -0.076388 0.997078 -0.000000 3.129418 -0.000000 0.000000 1.000000 0.000000 1567496103862855000

0.996840 0.079430 0.000000 351.554968 -0.079430 0.996840 -0.000000 2.977460 -0.000000 0.000000 1.000000 0.000000 1567496104112598000

0.996597 0.082430 0.000000 353.646559 -0.082430 0.996597 -0.000000 2.793105 -0.000000 0.000000 1.000000 0.000000 1567496104361948000

0.996356 0.085288 0.000000 355.795164 -0.085288 0.996356 -0.000000 2.575655 -0.000000 0.000000 1.000000 0.000000 1567496104611871000

0.996099 0.088246 0.000000 357.937146 -0.088246 0.996099 -0.000000 2.402901 -0.000000 0.000000 1.000000 0.000000 1567496104861611000

0.995916 0.090283 0.000000 360.092679 -0.090283 0.995916 -0.000000 2.207615 -0.000000 0.000000 1.000000 0.000000 1567496105111526000

0.995793 0.091636 0.000000 362.217554 -0.091636 0.995793 -0.000000 2.030626 -0.000000 0.000000 1.000000 0.000000 1567496105360392000

0.995853 0.090979 0.000000 364.409272 -0.090979 0.995853 -0.000000 1.846497 -0.000000 0.000000 1.000000 0.000000 1567496105610628000

0.996100 0.088237 0.000000 366.608010 -0.088237 0.996100 -0.000000 1.604956 -0.000000 0.000000 1.000000 0.000000 1567496105860239000

0.996322 0.085691 0.000000 368.815749 -0.085691 0.996322 -0.000000 1.378157 -0.000000 0.000000 1.000000 0.000000 1567496106110117000

0.996616 0.082196 0.000000 371.050886 -0.082196 0.996616 -0.000000 1.181904 -0.000000 0.000000 1.000000 0.000000 1567496106359938000

0.996855 0.079246 0.000000 373.265133 -0.079246 0.996855 -0.000000 1.045499 -0.000000 0.000000 1.000000 0.000000 1567496106609707000

0.997150 0.075450 0.000000 375.477907 -0.075450 0.997150 -0.000000 0.855737 -0.000000 0.000000 1.000000 0.000000 1567496106858412000

0.997515 0.070457 0.000000 377.734592 -0.070457 0.997515 -0.000000 0.657370 -0.000000 0.000000 1.000000 0.000000 1567496107108321000

0.998156 0.060704 0.000000 379.974439 -0.060704 0.998156 -0.000000 0.576862 -0.000000 0.000000 1.000000 0.000000 1567496107359514000

0.998602 0.052850 0.000000 382.302243 -0.052850 0.998602 -0.000000 0.402583 -0.000000 0.000000 1.000000 0.000000 1567496107607877000

0.998884 0.047222 0.000000 384.556129 -0.047222 0.998884 -0.000000 0.325972 -0.000000 0.000000 1.000000 0.000000 1567496107856731000

0.999161 0.040956 0.000000 386.891902 -0.040956 0.999161 -0.000000 0.189135 -0.000000 0.000000 1.000000 0.000000 1567496108107880000

0.999277 0.038010 0.000000 389.183234 -0.038010 0.999277 -0.000000 0.089445 -0.000000 0.000000 1.000000 0.000000 1567496108356618000

0.999473 0.032466 0.000000 391.445388 -0.032466 0.999473 -0.000000 0.019170 -0.000000 0.000000 1.000000 0.000000 1567496108606214000

0.999569 0.029359 0.000000 393.704578 -0.029359 0.999569 -0.000000 -0.030431 -0.000000 0.000000 1.000000 0.000000 1567496108855611000

0.999660 0.026057 0.000000 395.969755 -0.026057 0.999660 -0.000000 -0.140666 -0.000000 0.000000 1.000000 0.000000 1567496109105175000

0.999749 0.022403 0.000000 398.206143 -0.022403 0.999749 -0.000000 -0.186996 -0.000000 0.000000 1.000000 0.000000 1567496109354603000

0.999769 0.021480 0.000000 400.466823 -0.021480 0.999769 -0.000000 -0.219985 -0.000000 0.000000 1.000000 0.000000 1567496109604149000

0.999730 0.023233 0.000000 402.676468 -0.023233 0.999730 -0.000000 -0.303848 -0.000000 0.000000 1.000000 0.000000 1567496109853407000

0.999727 0.023377 0.000000 404.886121 -0.023377 0.999727 -0.000000 -0.336929 -0.000000 0.000000 1.000000 0.000000 1567496110103382000

0.999740 0.022787 0.000000 407.076350 -0.022787 0.999740 -0.000000 -0.415032 -0.000000 0.000000 1.000000 0.000000 1567496110352670000

0.999769 0.021473 0.000000 409.280125 -0.021473 0.999769 -0.000000 -0.423198 -0.000000 0.000000 1.000000 0.000000 1567496110601996000

0.999781 0.020909 0.000000 411.532683 -0.020909 0.999781 -0.000000 -0.527280 -0.000000 0.000000 1.000000 0.000000 1567496110851055000

0.999764 0.021717 0.000000 413.710157 -0.021717 0.999764 -0.000000 -0.513476 -0.000000 0.000000 1.000000 0.000000 1567496111101356000

0.999734 0.023075 0.000000 415.892027 -0.023075 0.999734 -0.000000 -0.617106 -0.000000 0.000000 1.000000 0.000000 1567496111350626000

0.999689 0.024934 0.000000 418.064834 -0.024934 0.999689 -0.000000 -0.652092 -0.000000 0.000000 1.000000 0.000000 1567496111600354000

0.999662 0.025979 0.000000 420.300671 -0.025979 0.999662 -0.000000 -0.626583 -0.000000 0.000000 1.000000 0.000000 1567496111850027000

0.999692 0.024807 0.000000 422.472197 -0.024807 0.999692 -0.000000 -0.710285 -0.000000 0.000000 1.000000 0.000000 1567496112099076000

0.999716 0.023851 0.000000 424.614427 -0.023851 0.999716 -0.000000 -0.778522 -0.000000 0.000000 1.000000 0.000000 1567496112348443000

0.999745 0.022594 0.000000 426.744424 -0.022594 0.999745 -0.000000 -0.865614 -0.000000 0.000000 1.000000 0.000000 1567496112598053000

0.999750 0.022347 0.000000 428.882420 -0.022347 0.999750 -0.000000 -0.906882 -0.000000 0.000000 1.000000 0.000000 1567496112847558000

0.999762 0.021801 0.000000 430.986116 -0.021801 0.999762 -0.000000 -0.935506 -0.000000 0.000000 1.000000 0.000000 1567496113097215000

0.999860 0.016745 0.000000 433.096203 -0.016745 0.999860 -0.000000 -0.981381 -0.000000 0.000000 1.000000 0.000000 1567496113346212000

0.999909 0.013514 0.000000 435.183767 -0.013514 0.999909 -0.000000 -0.998267 -0.000000 0.000000 1.000000 0.000000 1567496113595860000

0.999943 0.010710 0.000000 437.237520 -0.010710 0.999943 -0.000000 -1.077527 -0.000000 0.000000 1.000000 0.000000 1567496113844895000

0.999965 0.008308 0.000000 439.282443 -0.008308 0.999965 -0.000000 -1.069290 -0.000000 0.000000 1.000000 0.000000 1567496114093853000

0.999980 0.006358 0.000000 441.299660 -0.006358 0.999980 -0.000000 -1.100732 -0.000000 0.000000 1.000000 0.000000 1567496114343976000

0.999993 0.003778 0.000000 443.299949 -0.003778 0.999993 -0.000000 -1.094811 -0.000000 0.000000 1.000000 0.000000 1567496114592980000

0.999995 0.003230 0.000000 445.260372 -0.003230 0.999995 -0.000000 -1.068642 -0.000000 0.000000 1.000000 0.000000 1567496114842650000

0.999998 0.002026 0.000000 447.293572 -0.002026 0.999998 -0.000000 -1.054417 -0.000000 0.000000 1.000000 0.000000 1567496115092437000

0.999999 0.001362 0.000000 449.244011 -0.001362 0.999999 -0.000000 -1.065612 -0.000000 0.000000 1.000000 0.000000 1567496115341574000

1.000000 0.000634 0.000000 451.133049 -0.000634 1.000000 -0.000000 -1.108086 -0.000000 0.000000 1.000000 0.000000 1567496115590983000

1.000000 0.000611 0.000000 453.115297 -0.000611 1.000000 -0.000000 -1.102953 -0.000000 0.000000 1.000000 0.000000 1567496115840084000

0.999995 0.003104 0.000000 454.978860 -0.003104 0.999995 -0.000000 -1.068431 -0.000000 0.000000 1.000000 0.000000 1567496116089399000

0.999994 0.003461 0.000000 456.866643 -0.003461 0.999994 -0.000000 -1.066796 -0.000000 0.000000 1.000000 0.000000 1567496116339059000

0.999980 0.006272 0.000000 458.682850 -0.006272 0.999980 -0.000000 -1.059219 -0.000000 0.000000 1.000000 0.000000 1567496116587775000

0.999987 0.005048 0.000000 460.453481 -0.005048 0.999987 -0.000000 -1.056170 -0.000000 0.000000 1.000000 0.000000 1567496116836421000

0.999957 0.009248 0.000000 462.178855 -0.009248 0.999957 -0.000000 -1.119698 -0.000000 0.000000 1.000000 0.000000 1567496117086189000

0.999946 0.010419 0.000000 463.836150 -0.010419 0.999946 -0.000000 -1.089032 -0.000000 0.000000 1.000000 0.000000 1567496117335086000

0.999914 0.013100 0.000000 465.359177 -0.013100 0.999914 -0.000000 -1.132843 -0.000000 0.000000 1.000000 0.000000 1567496117584271000

0.999803 0.019836 0.000000 466.916526 -0.019836 0.999803 -0.000000 -1.117258 -0.000000 0.000000 1.000000 0.000000 1567496117833397000

0.999151 0.041202 0.000000 469.771256 -0.041202 0.999151 -0.000000 -1.240617 -0.000000 0.000000 1.000000 0.000000 1567496118332578000

0.994678 0.103037 0.000000 472.438218 -0.103037 0.994678 -0.000000 -1.559369 -0.000000 0.000000 1.000000 0.000000 1567496118831140000

0.977172 0.212450 0.000000 474.777998 -0.212450 0.977172 -0.000000 -2.097854 -0.000000 0.000000 1.000000 0.000000 1567496119329474000

0.942660 0.333756 0.000000 477.064943 -0.333756 0.942660 -0.000000 -3.001769 -0.000000 0.000000 1.000000 0.000000 1567496119828534000

0.884980 0.465629 0.000000 479.111449 -0.465629 0.884980 -0.000000 -4.061552 -0.000000 0.000000 1.000000 0.000000 1567496120327163000

0.800680 0.599092 0.000000 480.993753 -0.599092 0.800680 -0.000000 -5.583113 -0.000000 0.000000 1.000000 0.000000 1567496120826270000

0.744665 0.667438 0.000000 481.856230 -0.667438 0.744665 -0.000000 -6.404017 -0.000000 0.000000 1.000000 0.000000 1567496121075563000

0.679942 0.733266 0.000000 482.585252 -0.733266 0.679942 -0.000000 -7.338419 -0.000000 0.000000 1.000000 0.000000 1567496121325034000

0.606152 0.795349 0.000000 483.181763 -0.795349 0.606152 -0.000000 -8.309454 -0.000000 0.000000 1.000000 0.000000 1567496121574013000

0.521654 0.853157 0.000000 483.762994 -0.853157 0.521654 -0.000000 -9.383245 -0.000000 0.000000 1.000000 0.000000 1567496121823226000

0.433347 0.901227 0.000000 484.197513 -0.901227 0.433347 -0.000000 -10.503265 -0.000000 0.000000 1.000000 0.000000 1567496122072827000

0.342002 0.939699 0.000000 484.528054 -0.939699 0.342002 -0.000000 -11.662373 -0.000000 0.000000 1.000000 0.000000 1567496122322117000

0.211235 0.977435 0.000000 484.925134 -0.977435 0.211235 -0.000000 -14.147148 -0.000000 0.000000 1.000000 0.000000 1567496122821083000

0.143973 0.989582 0.000000 485.355098 -0.989582 0.143973 -0.000000 -16.781558 -0.000000 0.000000 1.000000 0.000000 1567496123320171000

0.104893 0.994484 0.000000 485.682487 -0.994484 0.104893 -0.000000 -19.600215 -0.000000 0.000000 1.000000 0.000000 1567496123819142000

0.073007 0.997331 0.000000 485.885257 -0.997331 0.073007 -0.000000 -22.552302 -0.000000 0.000000 1.000000 0.000000 1567496124318467000

0.062083 0.998071 0.000000 485.964816 -0.998071 0.062083 -0.000000 -24.075930 -0.000000 0.000000 1.000000 0.000000 1567496124567914000

0.049341 0.998782 0.000000 486.009490 -0.998782 0.049341 -0.000000 -25.710755 -0.000000 0.000000 1.000000 0.000000 1567496124816799000

0.038362 0.999264 0.000000 486.061199 -0.999264 0.038362 -0.000000 -27.332960 -0.000000 0.000000 1.000000 0.000000 1567496125066788000

0.028564 0.999592 0.000000 486.059655 -0.999592 0.028564 -0.000000 -29.006311 -0.000000 0.000000 1.000000 0.000000 1567496125316423000

0.016379 0.999866 0.000000 486.145267 -0.999866 0.016379 -0.000000 -30.712217 -0.000000 0.000000 1.000000 0.000000 1567496125565309000

0.005237 0.999986 0.000000 486.114832 -0.999986 0.005237 -0.000000 -32.359292 -0.000000 0.000000 1.000000 0.000000 1567496125814692000

-0.007161 0.999974 0.000000 486.089598 -0.999974 -0.007161 -0.000000 -34.169606 -0.000000 0.000000 1.000000 0.000000 1567496126064926000

-0.016535 0.999863 0.000000 486.024820 -0.999863 -0.016535 -0.000000 -35.928484 -0.000000 0.000000 1.000000 0.000000 1567496126313932000

-0.024661 0.999696 0.000000 485.951330 -0.999696 -0.024661 -0.000000 -37.751813 -0.000000 0.000000 1.000000 0.000000 1567496126563326000

-0.029939 0.999552 0.000000 485.898392 -0.999552 -0.029939 -0.000000 -39.603557 -0.000000 0.000000 1.000000 0.000000 1567496126812995000

-0.034418 0.999408 0.000000 485.848287 -0.999408 -0.034418 -0.000000 -41.512204 -0.000000 0.000000 1.000000 0.000000 1567496127062752000

-0.037371 0.999301 0.000000 485.790176 -0.999301 -0.037371 -0.000000 -43.470288 -0.000000 0.000000 1.000000 0.000000 1567496127312321000

-0.036583 0.999331 0.000000 485.696590 -0.999331 -0.036583 -0.000000 -45.377650 -0.000000 0.000000 1.000000 0.000000 1567496127561350000

-0.036795 0.999323 0.000000 485.635042 -0.999323 -0.036795 -0.000000 -47.383835 -0.000000 0.000000 1.000000 0.000000 1567496127811090000

-0.037372 0.999301 0.000000 485.569249 -0.999301 -0.037372 -0.000000 -49.419664 -0.000000 0.000000 1.000000 0.000000 1567496128060160000

-0.038349 0.999264 0.000000 485.482167 -0.999264 -0.038349 -0.000000 -51.424144 -0.000000 0.000000 1.000000 0.000000 1567496128309511000

-0.042439 0.999099 0.000000 485.424466 -0.999099 -0.042439 -0.000000 -53.385770 -0.000000 0.000000 1.000000 0.000000 1567496128559177000

-0.047912 0.998852 0.000000 485.347880 -0.998852 -0.047912 -0.000000 -55.398195 -0.000000 0.000000 1.000000 0.000000 1567496128808726000

-0.052766 0.998607 0.000000 485.220839 -0.998607 -0.052766 -0.000000 -57.350353 -0.000000 0.000000 1.000000 0.000000 1567496129058424000

-0.052999 0.998595 0.000000 485.074505 -0.998595 -0.052999 -0.000000 -59.388203 -0.000000 0.000000 1.000000 0.000000 1567496129308113000

-0.051954 0.998649 0.000000 484.992006 -0.998649 -0.051954 -0.000000 -61.443793 -0.000000 0.000000 1.000000 0.000000 1567496129558183000

-0.049412 0.998778 0.000000 484.886896 -0.998778 -0.049412 -0.000000 -63.542051 -0.000000 0.000000 1.000000 0.000000 1567496129807744000

-0.049182 0.998790 0.000000 484.774196 -0.998790 -0.049182 -0.000000 -65.605981 -0.000000 0.000000 1.000000 0.000000 1567496130057412000

-0.048612 0.998818 0.000000 484.623333 -0.998818 -0.048612 -0.000000 -67.691167 -0.000000 0.000000 1.000000 0.000000 1567496130306822000

-0.049266 0.998786 0.000000 484.487533 -0.998786 -0.049266 -0.000000 -69.799716 -0.000000 0.000000 1.000000 0.000000 1567496130556393000

-0.051601 0.998668 0.000000 484.385226 -0.998668 -0.051601 -0.000000 -71.933272 -0.000000 0.000000 1.000000 0.000000 1567496130806267000

-0.052696 0.998611 0.000000 484.289146 -0.998611 -0.052696 -0.000000 -74.095600 -0.000000 0.000000 1.000000 0.000000 1567496131055422000

-0.053298 0.998579 0.000000 484.144535 -0.998579 -0.053298 -0.000000 -76.284584 -0.000000 0.000000 1.000000 0.000000 1567496131304295000

-0.054445 0.998517 0.000000 484.018025 -0.998517 -0.054445 -0.000000 -78.480727 -0.000000 0.000000 1.000000 0.000000 1567496131553688000

-0.055765 0.998444 0.000000 483.879893 -0.998444 -0.055765 -0.000000 -80.657835 -0.000000 0.000000 1.000000 0.000000 1567496131802920000

-0.058437 0.998291 0.000000 483.740632 -0.998291 -0.058437 -0.000000 -82.837882 -0.000000 0.000000 1.000000 0.000000 1567496132052523000

-0.061776 0.998090 0.000000 483.594407 -0.998090 -0.061776 -0.000000 -85.115547 -0.000000 0.000000 1.000000 0.000000 1567496132302759000

-0.066122 0.997812 0.000000 483.441786 -0.997812 -0.066122 -0.000000 -87.323558 -0.000000 0.000000 1.000000 0.000000 1567496132551346000

-0.071999 0.997405 0.000000 483.287181 -0.997405 -0.071999 -0.000000 -89.574466 -0.000000 0.000000 1.000000 0.000000 1567496132801048000

-0.080550 0.996751 0.000000 483.106472 -0.996751 -0.080550 -0.000000 -91.851194 -0.000000 0.000000 1.000000 0.000000 1567496133050083000

-0.089849 0.995955 0.000000 482.829355 -0.995955 -0.089849 -0.000000 -94.244950 -0.000000 0.000000 1.000000 0.000000 1567496133299426000

-0.098673 0.995120 0.000000 482.588544 -0.995120 -0.098673 -0.000000 -96.489483 -0.000000 0.000000 1.000000 0.000000 1567496133548837000

-0.108591 0.994087 0.000000 482.310030 -0.994087 -0.108591 -0.000000 -98.807952 -0.000000 0.000000 1.000000 0.000000 1567496133798169000

-0.116165 0.993230 0.000000 482.068599 -0.993230 -0.116165 -0.000000 -101.192276 -0.000000 0.000000 1.000000 0.000000 1567496134047050000

-0.123114 0.992393 0.000000 481.678155 -0.992393 -0.123114 -0.000000 -103.480829 -0.000000 0.000000 1.000000 0.000000 1567496134296391000

