0.999993 -0.003844 0.000000 -4.257685 0.003844 0.999993 0.000000 1.583066 0.000000 0.000000 1.000000 0.000000
0.994862 -0.101244 0.000000 -3.446586 0.101244 0.994862 0.000000 1.702012 0.000000 0.000000 1.000000 0.000000
0.977466 -0.211094 0.000000 -2.491929 0.211094 0.977466 0.000000 1.941003 0.000000 0.000000 1.000000 0.000000
0.956011 -0.293332 0.000000 -0.959336 0.293332 0.956011 0.000000 2.284550 0.000000 0.000000 1.000000 0.000000
0.963758 -0.266779 0.000000 1.203230 0.266779 0.963758 0.000000 2.909505 0.000000 0.000000 1.000000 0.000000
0.976260 -0.216600 0.000000 3.025391 0.216600 0.976260 0.000000 3.368533 0.000000 0.000000 1.000000 0.000000
0.985096 -0.172008 0.000000 5.211161 0.172008 0.985096 0.000000 3.680660 0.000000 0.000000 1.000000 0.000000
0.991745 -0.128227 0.000000 7.729741 0.128227 0.991745 0.000000 3.943747 0.000000 0.000000 1.000000 0.000000
0.995026 -0.099617 0.000000 10.515812 0.099617 0.995026 0.000000 4.204016 0.000000 0.000000 1.000000 0.000000
0.996789 -0.080074 0.000000 13.461846 0.080074 0.996789 0.000000 4.404671 0.000000 0.000000 1.000000 0.000000
0.997616 -0.069008 0.000000 15.043935 0.069008 0.997616 0.000000 4.487416 0.000000 0.000000 1.000000 0.000000
0.998083 -0.061887 0.000000 16.690813 0.061887 0.998083 0.000000 4.516255 0.000000 0.000000 1.000000 0.000000
0.998346 -0.057496 0.000000 18.351027 0.057496 0.998346 0.000000 4.617425 0.000000 0.000000 1.000000 0.000000
0.998551 -0.053809 0.000000 20.022966 0.053809 0.998551 0.000000 4.707061 0.000000 0.000000 1.000000 0.000000
0.998809 -0.048797 0.000000 21.742747 0.048797 0.998809 0.000000 4.789455 0.000000 0.000000 1.000000 0.000000
0.998993 -0.044876 0.000000 23.484049 0.044876 0.998993 0.000000 4.818925 0.000000 0.000000 1.000000 0.000000
0.998966 -0.045459 0.000000 25.202187 0.045459 0.998966 0.000000 4.909435 0.000000 0.000000 1.000000 0.000000
0.998695 -0.051073 0.000000 26.952525 0.051073 0.998695 0.000000 4.938777 0.000000 0.000000 1.000000 0.000000
0.998397 -0.056594 0.000000 28.723143 0.056594 0.998397 0.000000 5.064419 0.000000 0.000000 1.000000 0.000000
0.998033 -0.062686 0.000000 30.575052 0.062686 0.998033 0.000000 5.142362 0.000000 0.000000 1.000000 0.000000
0.997880 -0.065080 0.000000 32.341370 0.065080 0.997880 0.000000 5.243525 0.000000 0.000000 1.000000 0.000000
0.997871 -0.065225 0.000000 34.229280 0.065225 0.997871 0.000000 5.328759 0.000000 0.000000 1.000000 0.000000
0.997984 -0.063474 0.000000 36.113594 0.063474 0.997984 0.000000 5.404199 0.000000 0.000000 1.000000 0.000000
0.997896 -0.064828 0.000000 37.960123 0.064828 0.997896 0.000000 5.532605 0.000000 0.000000 1.000000 0.000000
0.997619 -0.068968 0.000000 39.903512 0.068968 0.997619 0.000000 5.626418 0.000000 0.000000 1.000000 0.000000
0.997368 -0.072503 0.000000 41.835480 0.072503 0.997368 0.000000 5.713654 0.000000 0.000000 1.000000 0.000000
0.996996 -0.077451 0.000000 43.787925 0.077451 0.996996 0.000000 5.890998 0.000000 0.000000 1.000000 0.000000
0.996614 -0.082226 0.000000 45.755221 0.082226 0.996614 0.000000 6.084256 0.000000 0.000000 1.000000 0.000000
0.996407 -0.084693 0.000000 47.710849 0.084693 0.996407 0.000000 6.211641 0.000000 0.000000 1.000000 0.000000
0.996458 -0.084092 0.000000 49.709564 0.084092 0.996458 0.000000 6.360911 0.000000 0.000000 1.000000 0.000000
0.996775 -0.080253 0.000000 51.703025 0.080253 0.996775 0.000000 6.469361 0.000000 0.000000 1.000000 0.000000
0.997082 -0.076340 0.000000 53.781616 0.076340 0.997082 0.000000 6.583573 0.000000 0.000000 1.000000 0.000000
0.997421 -0.071776 0.000000 55.805802 0.071776 0.997421 0.000000 6.723275 0.000000 0.000000 1.000000 0.000000
0.997547 -0.069999 0.000000 57.861135 0.069999 0.997547 0.000000 6.800104 0.000000 0.000000 1.000000 0.000000
0.997749 -0.067052 0.000000 59.868000 0.067052 0.997749 0.000000 6.881032 0.000000 0.000000 1.000000 0.000000
0.997982 -0.063490 0.000000 61.953656 0.063490 0.997982 0.000000 6.982909 0.000000 0.000000 1.000000 0.000000
0.998258 -0.059001 0.000000 64.021301 0.059001 0.998258 0.000000 7.078178 0.000000 0.000000 1.000000 0.000000
0.998529 -0.054225 0.000000 66.053492 0.054225 0.998529 0.000000 7.153170 0.000000 0.000000 1.000000 0.000000
0.998935 -0.046134 0.000000 68.081977 0.046134 0.998935 0.000000 7.247413 0.000000 0.000000 1.000000 0.000000
0.999193 -0.040175 0.000000 70.208693 0.040175 0.999193 0.000000 7.309048 0.000000 0.000000 1.000000 0.000000
0.999333 -0.036524 0.000000 72.260160 0.036524 0.999333 0.000000 7.325371 0.000000 0.000000 1.000000 0.000000
0.999563 -0.029548 0.000000 74.308618 0.029548 0.999563 0.000000 7.336501 0.000000 0.000000 1.000000 0.000000
0.999673 -0.025577 0.000000 76.406924 0.025577 0.999673 0.000000 7.316634 0.000000 0.000000 1.000000 0.000000
0.999754 -0.022171 0.000000 78.453412 0.022171 0.999754 0.000000 7.348500 0.000000 0.000000 1.000000 0.000000
0.999802 -0.019879 0.000000 80.551368 0.019879 0.999802 0.000000 7.452144 0.000000 0.000000 1.000000 0.000000
0.999773 -0.021319 0.000000 82.687866 0.021319 0.999773 0.000000 7.415788 0.000000 0.000000 1.000000 0.000000
0.999668 -0.025766 0.000000 84.739266 0.025766 0.999668 0.000000 7.404048 0.000000 0.000000 1.000000 0.000000
0.999527 -0.030765 0.000000 86.865948 0.030765 0.999527 0.000000 7.427754 0.000000 0.000000 1.000000 0.000000
0.999356 -0.035886 0.000000 88.951831 0.035886 0.999356 0.000000 7.478090 0.000000 0.000000 1.000000 0.000000
0.999195 -0.040119 0.000000 91.021908 0.040119 0.999195 0.000000 7.542739 0.000000 0.000000 1.000000 0.000000
0.998811 -0.048759 0.000000 93.138087 0.048759 0.998811 0.000000 7.564903 0.000000 0.000000 1.000000 0.000000
0.998409 -0.056396 0.000000 95.244220 0.056396 0.998409 0.000000 7.746777 0.000000 0.000000 1.000000 0.000000
0.997873 -0.065183 0.000000 97.293357 0.065183 0.997873 0.000000 7.783694 0.000000 0.000000 1.000000 0.000000
0.997391 -0.072192 0.000000 99.383510 0.072192 0.997391 0.000000 7.852215 0.000000 0.000000 1.000000 0.000000
0.996871 -0.079040 0.000000 101.456870 0.079040 0.996871 0.000000 8.048728 0.000000 0.000000 1.000000 0.000000
0.996455 -0.084123 0.000000 103.478249 0.084123 0.996455 0.000000 8.176187 0.000000 0.000000 1.000000 0.000000
0.995917 -0.090276 0.000000 105.529299 0.090276 0.995917 0.000000 8.283617 0.000000 0.000000 1.000000 0.000000
0.995466 -0.095117 0.000000 107.559346 0.095117 0.995466 0.000000 8.452716 0.000000 0.000000 1.000000 0.000000
0.995106 -0.098813 0.000000 109.642289 0.098813 0.995106 0.000000 8.645186 0.000000 0.000000 1.000000 0.000000
0.994679 -0.103023 0.000000 111.691636 0.103023 0.994679 0.000000 8.843493 0.000000 0.000000 1.000000 0.000000
0.994412 -0.105573 0.000000 113.696743 0.105573 0.994412 0.000000 9.033706 0.000000 0.000000 1.000000 0.000000
0.994207 -0.107481 0.000000 115.697759 0.107481 0.994207 0.000000 9.252071 0.000000 0.000000 1.000000 0.000000
0.993990 -0.109475 0.000000 117.644141 0.109475 0.993990 0.000000 9.429215 0.000000 0.000000 1.000000 0.000000
0.993774 -0.111416 0.000000 119.733482 0.111416 0.993774 0.000000 9.633734 0.000000 0.000000 1.000000 0.000000
0.993932 -0.109993 0.000000 121.743045 0.109993 0.993932 0.000000 9.813657 0.000000 0.000000 1.000000 0.000000
0.994263 -0.106959 0.000000 123.816304 0.106959 0.994263 0.000000 10.021319 0.000000 0.000000 1.000000 0.000000
0.994423 -0.105464 0.000000 125.844440 0.105464 0.994423 0.000000 10.193191 0.000000 0.000000 1.000000 0.000000
0.994895 -0.100919 0.000000 127.947851 0.100919 0.994895 0.000000 10.358226 0.000000 0.000000 1.000000 0.000000
0.995439 -0.095404 0.000000 130.005369 0.095404 0.995439 0.000000 10.562991 0.000000 0.000000 1.000000 0.000000
0.995908 -0.090376 0.000000 132.059085 0.090376 0.995908 0.000000 10.718486 0.000000 0.000000 1.000000 0.000000
0.996312 -0.085809 0.000000 134.167343 0.085809 0.996312 0.000000 10.901453 0.000000 0.000000 1.000000 0.000000
0.996275 -0.086234 0.000000 136.250742 0.086234 0.996275 0.000000 11.007143 0.000000 0.000000 1.000000 0.000000
0.996243 -0.086606 0.000000 138.300625 0.086606 0.996243 0.000000 11.190569 0.000000 0.000000 1.000000 0.000000
0.996145 -0.087723 0.000000 140.431145 0.087723 0.996145 0.000000 11.313566 0.000000 0.000000 1.000000 0.000000
0.996041 -0.088893 0.000000 142.531596 0.088893 0.996041 0.000000 11.449989 0.000000 0.000000 1.000000 0.000000
0.996024 -0.089088 0.000000 144.655328 0.089088 0.996024 0.000000 11.588490 0.000000 0.000000 1.000000 0.000000
0.996161 -0.087540 0.000000 146.723285 0.087540 0.996161 0.000000 11.773494 0.000000 0.000000 1.000000 0.000000
0.996185 -0.087271 0.000000 148.897574 0.087271 0.996185 0.000000 11.977360 0.000000 0.000000 1.000000 0.000000
0.996147 -0.087701 0.000000 151.023314 0.087701 0.996147 0.000000 12.132108 0.000000 0.000000 1.000000 0.000000
0.996122 -0.087980 0.000000 153.178638 0.087980 0.996122 0.000000 12.330653 0.000000 0.000000 1.000000 0.000000
0.995943 -0.089982 0.000000 155.336676 0.089982 0.995943 0.000000 12.481447 0.000000 0.000000 1.000000 0.000000
0.995799 -0.091567 0.000000 157.525828 0.091567 0.995799 0.000000 12.663447 0.000000 0.000000 1.000000 0.000000
0.995552 -0.094210 0.000000 159.698440 0.094210 0.995552 0.000000 12.826606 0.000000 0.000000 1.000000 0.000000
0.995328 -0.096549 0.000000 161.904679 0.096549 0.995328 0.000000 13.016008 0.000000 0.000000 1.000000 0.000000
0.995148 -0.098386 0.000000 164.096324 0.098386 0.995148 0.000000 13.219087 0.000000 0.000000 1.000000 0.000000
0.995092 -0.098951 0.000000 166.302859 0.098951 0.995092 0.000000 13.407322 0.000000 0.000000 1.000000 0.000000
0.994965 -0.100221 0.000000 168.568814 0.100221 0.994965 0.000000 13.574197 0.000000 0.000000 1.000000 0.000000
0.994918 -0.100685 0.000000 170.801642 0.100685 0.994918 0.000000 13.804318 0.000000 0.000000 1.000000 0.000000
0.994825 -0.101608 0.000000 173.005167 0.101608 0.994825 0.000000 14.018195 0.000000 0.000000 1.000000 0.000000
0.994709 -0.102728 0.000000 175.155857 0.102728 0.994709 0.000000 14.235452 0.000000 0.000000 1.000000 0.000000
0.994560 -0.104162 0.000000 177.336054 0.104162 0.994560 0.000000 14.501013 0.000000 0.000000 1.000000 0.000000
0.994496 -0.104774 0.000000 179.520158 0.104774 0.994496 0.000000 14.693892 0.000000 0.000000 1.000000 0.000000
0.994410 -0.105588 0.000000 181.651911 0.105588 0.994410 0.000000 14.904689 0.000000 0.000000 1.000000 0.000000
0.994307 -0.106552 0.000000 183.823790 0.106552 0.994307 0.000000 15.102499 0.000000 0.000000 1.000000 0.000000
0.994237 -0.107201 0.000000 185.928568 0.107201 0.994237 0.000000 15.292432 0.000000 0.000000 1.000000 0.000000
0.994147 -0.108034 0.000000 188.001058 0.108034 0.994147 0.000000 15.480268 0.000000 0.000000 1.000000 0.000000
0.994180 -0.107733 0.000000 190.083812 0.107733 0.994180 0.000000 15.694547 0.000000 0.000000 1.000000 0.000000
0.994167 -0.107852 0.000000 192.154729 0.107852 0.994167 0.000000 15.879281 0.000000 0.000000 1.000000 0.000000
0.994187 -0.107665 0.000000 194.152943 0.107665 0.994187 0.000000 16.071053 0.000000 0.000000 1.000000 0.000000
0.994194 -0.107605 0.000000 196.104936 0.107605 0.994194 0.000000 16.254829 0.000000 0.000000 1.000000 0.000000
0.994206 -0.107490 0.000000 198.036659 0.107490 0.994206 0.000000 16.499652 0.000000 0.000000 1.000000 0.000000
0.994140 -0.108103 0.000000 199.914094 0.108103 0.994140 0.000000 16.690247 0.000000 0.000000 1.000000 0.000000
0.994117 -0.108315 0.000000 201.775550 0.108315 0.994117 0.000000 16.883423 0.000000 0.000000 1.000000 0.000000
0.994055 -0.108883 0.000000 203.572591 0.108883 0.994055 0.000000 17.069457 0.000000 0.000000 1.000000 0.000000
0.994046 -0.108957 0.000000 205.303985 0.108957 0.994046 0.000000 17.264171 0.000000 0.000000 1.000000 0.000000
0.994063 -0.108805 0.000000 207.021821 0.108805 0.994063 0.000000 17.421286 0.000000 0.000000 1.000000 0.000000
0.994244 -0.107143 0.000000 208.696273 0.107143 0.994244 0.000000 17.585639 0.000000 0.000000 1.000000 0.000000
0.994473 -0.104990 0.000000 210.201574 0.104990 0.994473 0.000000 17.744956 0.000000 0.000000 1.000000 0.000000
0.994522 -0.104528 0.000000 211.701448 0.104528 0.994522 0.000000 17.871413 0.000000 0.000000 1.000000 0.000000
0.994857 -0.101292 0.000000 214.410917 0.101292 0.994857 0.000000 18.078374 0.000000 0.000000 1.000000 0.000000
0.995087 -0.099006 0.000000 216.890211 0.099006 0.995087 0.000000 18.279662 0.000000 0.000000 1.000000 0.000000
0.994920 -0.100667 0.000000 218.975763 0.100667 0.994920 0.000000 18.437557 0.000000 0.000000 1.000000 0.000000
0.994215 -0.107406 0.000000 220.910019 0.107406 0.994215 0.000000 18.619948 0.000000 0.000000 1.000000 0.000000
0.993026 -0.117897 0.000000 222.824660 0.117897 0.993026 0.000000 18.789069 0.000000 0.000000 1.000000 0.000000
0.992196 -0.124690 0.000000 224.570535 0.124690 0.992196 0.000000 19.021129 0.000000 0.000000 1.000000 0.000000
0.990975 -0.134046 0.000000 226.230326 0.134046 0.990975 0.000000 19.279491 0.000000 0.000000 1.000000 0.000000
0.989492 -0.144588 0.000000 227.937926 0.144588 0.989492 0.000000 19.443714 0.000000 0.000000 1.000000 0.000000
0.987739 -0.156116 0.000000 229.803873 0.156116 0.987739 0.000000 19.712893 0.000000 0.000000 1.000000 0.000000
0.986425 -0.164210 0.000000 231.664265 0.164210 0.986425 0.000000 20.077851 0.000000 0.000000 1.000000 0.000000
0.984378 -0.176066 0.000000 233.700286 0.176066 0.984378 0.000000 20.368171 0.000000 0.000000 1.000000 0.000000
0.982767 -0.184847 0.000000 235.694608 0.184847 0.982767 0.000000 20.705197 0.000000 0.000000 1.000000 0.000000
0.981410 -0.191922 0.000000 237.754356 0.191922 0.981410 0.000000 21.087204 0.000000 0.000000 1.000000 0.000000
0.981393 -0.192008 0.000000 239.941596 0.192008 0.981393 0.000000 21.517155 0.000000 0.000000 1.000000 0.000000
0.981632 -0.190782 0.000000 242.304581 0.190782 0.981632 0.000000 21.964220 0.000000 0.000000 1.000000 0.000000
0.981683 -0.190524 0.000000 244.795214 0.190524 0.981683 0.000000 22.397698 0.000000 0.000000 1.000000 0.000000
0.981980 -0.188984 0.000000 247.438249 0.188984 0.981980 0.000000 22.881326 0.000000 0.000000 1.000000 0.000000
0.981912 -0.189339 0.000000 250.166906 0.189339 0.981912 0.000000 23.401278 0.000000 0.000000 1.000000 0.000000
0.981645 -0.190717 0.000000 252.987438 0.190717 0.981645 0.000000 23.917836 0.000000 0.000000 1.000000 0.000000
0.981271 -0.192635 0.000000 255.935327 0.192635 0.981271 0.000000 24.485952 0.000000 0.000000 1.000000 0.000000
0.980584 -0.196100 0.000000 257.584878 0.196100 0.980584 0.000000 24.763594 0.000000 0.000000 1.000000 0.000000
0.980108 -0.198463 0.000000 259.143471 0.198463 0.980108 0.000000 25.025197 0.000000 0.000000 1.000000 0.000000
0.980014 -0.198931 0.000000 260.710758 0.198931 0.980014 0.000000 25.379803 0.000000 0.000000 1.000000 0.000000
0.980047 -0.198768 0.000000 262.255336 0.198768 0.980047 0.000000 25.654496 0.000000 0.000000 1.000000 0.000000
0.980016 -0.198917 0.000000 263.869466 0.198917 0.980016 0.000000 25.985956 0.000000 0.000000 1.000000 0.000000
0.979976 -0.199115 0.000000 265.471291 0.199115 0.979976 0.000000 26.311513 0.000000 0.000000 1.000000 0.000000
0.980054 -0.198733 0.000000 267.125745 0.198733 0.980054 0.000000 26.607839 0.000000 0.000000 1.000000 0.000000
0.980095 -0.198527 0.000000 268.766682 0.198527 0.980095 0.000000 26.970313 0.000000 0.000000 1.000000 0.000000
0.980239 -0.197818 0.000000 270.454176 0.197818 0.980239 0.000000 27.271501 0.000000 0.000000 1.000000 0.000000
0.980308 -0.197473 0.000000 272.175613 0.197473 0.980308 0.000000 27.627494 0.000000 0.000000 1.000000 0.000000
0.980096 -0.198524 0.000000 274.031513 0.198524 0.980096 0.000000 27.972923 0.000000 0.000000 1.000000 0.000000
0.979518 -0.201358 0.000000 275.846673 0.201358 0.979518 0.000000 28.319010 0.000000 0.000000 1.000000 0.000000
0.978852 -0.204570 0.000000 277.605198 0.204570 0.978852 0.000000 28.713413 0.000000 0.000000 1.000000 0.000000
0.978786 -0.204884 0.000000 279.377751 0.204884 0.978786 0.000000 29.038507 0.000000 0.000000 1.000000 0.000000
0.978728 -0.205162 0.000000 281.177314 0.205162 0.978728 0.000000 29.405887 0.000000 0.000000 1.000000 0.000000
0.978639 -0.205585 0.000000 282.993749 0.205585 0.978639 0.000000 29.728297 0.000000 0.000000 1.000000 0.000000
0.978828 -0.204683 0.000000 284.764704 0.204683 0.978828 0.000000 30.095419 0.000000 0.000000 1.000000 0.000000
0.978651 -0.205530 0.000000 286.627566 0.205530 0.978651 0.000000 30.403302 0.000000 0.000000 1.000000 0.000000
0.978242 -0.207468 0.000000 288.383750 0.207468 0.978242 0.000000 30.740083 0.000000 0.000000 1.000000 0.000000
0.977954 -0.208822 0.000000 290.230253 0.208822 0.977954 0.000000 31.107142 0.000000 0.000000 1.000000 0.000000
0.977791 -0.209582 0.000000 292.000599 0.209582 0.977791 0.000000 31.468209 0.000000 0.000000 1.000000 0.000000
0.977553 -0.210688 0.000000 293.771518 0.210688 0.977553 0.000000 31.798830 0.000000 0.000000 1.000000 0.000000
0.977338 -0.211684 0.000000 295.483710 0.211684 0.977338 0.000000 32.203919 0.000000 0.000000 1.000000 0.000000
0.977165 -0.212481 0.000000 297.249585 0.212481 0.977165 0.000000 32.525764 0.000000 0.000000 1.000000 0.000000
0.977260 -0.212045 0.000000 299.039967 0.212045 0.977260 0.000000 32.899868 0.000000 0.000000 1.000000 0.000000
0.977419 -0.211312 0.000000 300.725545 0.211312 0.977419 0.000000 33.252478 0.000000 0.000000 1.000000 0.000000
0.977964 -0.208773 0.000000 302.497528 0.208773 0.977964 0.000000 33.582775 0.000000 0.000000 1.000000 0.000000
0.978564 -0.205945 0.000000 304.254613 0.205945 0.978564 0.000000 33.924772 0.000000 0.000000 1.000000 0.000000
0.979120 -0.203285 0.000000 306.083828 0.203285 0.979120 0.000000 34.294625 0.000000 0.000000 1.000000 0.000000
0.979734 -0.200301 0.000000 307.929018 0.200301 0.979734 0.000000 34.611711 0.000000 0.000000 1.000000 0.000000
0.980666 -0.195690 0.000000 309.739806 0.195690 0.980666 0.000000 34.981506 0.000000 0.000000 1.000000 0.000000
0.981079 -0.193609 0.000000 311.596809 0.193609 0.981079 0.000000 35.278812 0.000000 0.000000 1.000000 0.000000
0.981361 -0.192174 0.000000 313.428640 0.192174 0.981361 0.000000 35.630638 0.000000 0.000000 1.000000 0.000000
0.981396 -0.191997 0.000000 315.365223 0.191997 0.981396 0.000000 35.931110 0.000000 0.000000 1.000000 0.000000
0.981564 -0.191136 0.000000 317.293688 0.191136 0.981564 0.000000 36.294064 0.000000 0.000000 1.000000 0.000000
0.981624 -0.190828 0.000000 319.230867 0.190828 0.981624 0.000000 36.660449 0.000000 0.000000 1.000000 0.000000
0.981808 -0.189876 0.000000 321.104627 0.189876 0.981808 0.000000 37.003920 0.000000 0.000000 1.000000 0.000000
0.982483 -0.186352 0.000000 322.973629 0.186352 0.982483 0.000000 37.355990 0.000000 0.000000 1.000000 0.000000
0.983612 -0.180299 0.000000 324.832387 0.180299 0.983612 0.000000 37.623727 0.000000 0.000000 1.000000 0.000000
0.984515 -0.175301 0.000000 326.652099 0.175301 0.984515 0.000000 37.921198 0.000000 0.000000 1.000000 0.000000
0.984753 -0.173961 0.000000 328.413373 0.173961 0.984753 0.000000 38.193831 0.000000 0.000000 1.000000 0.000000
0.985264 -0.171039 0.000000 330.075340 0.171039 0.985264 0.000000 38.468103 0.000000 0.000000 1.000000 0.000000
0.985432 -0.170068 0.000000 331.642906 0.170068 0.985432 0.000000 38.739313 0.000000 0.000000 1.000000 0.000000
0.986041 -0.166505 0.000000 333.146249 0.166505 0.986041 0.000000 39.038771 0.000000 0.000000 1.000000 0.000000
0.986816 -0.161846 0.000000 335.984070 0.161846 0.986816 0.000000 39.414914 0.000000 0.000000 1.000000 0.000000
0.988073 -0.153985 0.000000 338.607269 0.153985 0.988073 0.000000 39.760375 0.000000 0.000000 1.000000 0.000000
0.988737 -0.149665 0.000000 340.907442 0.149665 0.988737 0.000000 40.076910 0.000000 0.000000 1.000000 0.000000
0.989508 -0.144480 0.000000 343.034316 0.144480 0.989508 0.000000 40.357304 0.000000 0.000000 1.000000 0.000000
0.990202 -0.139645 0.000000 344.829073 0.139645 0.990202 0.000000 40.607073 0.000000 0.000000 1.000000 0.000000
0.991006 -0.133817 0.000000 346.476442 0.133817 0.991006 0.000000 40.812350 0.000000 0.000000 1.000000 0.000000
0.992290 -0.123942 0.000000 348.555671 0.123942 0.992290 0.000000 41.030857 0.000000 0.000000 1.000000 0.000000
0.993481 -0.114002 0.000000 350.238308 0.114002 0.993481 0.000000 41.177060 0.000000 0.000000 1.000000 0.000000
0.994143 -0.108070 0.000000 351.770720 0.108070 0.994143 0.000000 41.304264 0.000000 0.000000 1.000000 0.000000
0.993824 -0.110970 0.000000 353.352640 0.110970 0.993824 0.000000 41.419048 0.000000 0.000000 1.000000 0.000000
0.994167 -0.107848 0.000000 355.381839 0.107848 0.994167 0.000000 41.576247 0.000000 0.000000 1.000000 0.000000
0.995303 -0.096811 0.000000 356.923853 0.096811 0.995303 0.000000 41.693193 0.000000 0.000000 1.000000 0.000000
0.996960 -0.077912 0.000000 358.881943 0.077912 0.996960 0.000000 41.805634 0.000000 0.000000 1.000000 0.000000
0.998083 -0.061885 0.000000 361.170407 0.061885 0.998083 0.000000 41.888345 0.000000 0.000000 1.000000 0.000000
0.998693 -0.051104 0.000000 363.818613 0.051104 0.998693 0.000000 41.982220 0.000000 0.000000 1.000000 0.000000
0.999074 -0.043021 0.000000 366.701969 0.043021 0.999074 0.000000 42.081042 0.000000 0.000000 1.000000 0.000000
0.999232 -0.039185 0.000000 368.299950 0.039185 0.999232 0.000000 42.136504 0.000000 0.000000 1.000000 0.000000
0.999413 -0.034246 0.000000 369.899400 0.034246 0.999413 0.000000 42.125304 0.000000 0.000000 1.000000 0.000000
0.999527 -0.030746 0.000000 371.634707 0.030746 0.999527 0.000000 42.167252 0.000000 0.000000 1.000000 0.000000
0.999592 -0.028576 0.000000 373.385280 0.028576 0.999592 0.000000 42.181008 0.000000 0.000000 1.000000 0.000000
0.999602 -0.028206 0.000000 375.143749 0.028206 0.999602 0.000000 42.237032 0.000000 0.000000 1.000000 0.000000
0.999578 -0.029039 0.000000 376.932572 0.029039 0.999578 0.000000 42.268919 0.000000 0.000000 1.000000 0.000000
0.999554 -0.029861 0.000000 378.797788 0.029861 0.999554 0.000000 42.321389 0.000000 0.000000 1.000000 0.000000
0.999435 -0.033598 0.000000 380.683280 0.033598 0.999435 0.000000 42.353095 0.000000 0.000000 1.000000 0.000000
0.999270 -0.038199 0.000000 382.542515 0.038199 0.999270 0.000000 42.366537 0.000000 0.000000 1.000000 0.000000
0.999188 -0.040289 0.000000 384.502506 0.040289 0.999188 0.000000 42.463976 0.000000 0.000000 1.000000 0.000000
0.999140 -0.041458 0.000000 386.432493 0.041458 0.999140 0.000000 42.508071 0.000000 0.000000 1.000000 0.000000
0.999080 -0.042878 0.000000 388.439700 0.042878 0.999080 0.000000 42.567500 0.000000 0.000000 1.000000 0.000000
0.998977 -0.045229 0.000000 390.448076 0.045229 0.998977 0.000000 42.618952 0.000000 0.000000 1.000000 0.000000
0.998721 -0.050570 0.000000 392.467669 0.050570 0.998721 0.000000 42.723542 0.000000 0.000000 1.000000 0.000000
0.998502 -0.054723 0.000000 394.535094 0.054723 0.998502 0.000000 42.875634 0.000000 0.000000 1.000000 0.000000
0.998218 -0.059670 0.000000 396.625296 0.059670 0.998218 0.000000 42.943828 0.000000 0.000000 1.000000 0.000000
0.997944 -0.064093 0.000000 398.712064 0.064093 0.997944 0.000000 43.052135 0.000000 0.000000 1.000000 0.000000
0.997584 -0.069470 0.000000 400.849361 0.069470 0.997584 0.000000 43.133676 0.000000 0.000000 1.000000 0.000000
0.997312 -0.073266 0.000000 402.998165 0.073266 0.997312 0.000000 43.290195 0.000000 0.000000 1.000000 0.000000
0.996994 -0.077476 0.000000 405.085952 0.077476 0.996994 0.000000 43.446905 0.000000 0.000000 1.000000 0.000000
0.996724 -0.080872 0.000000 407.176020 0.080872 0.996724 0.000000 43.552339 0.000000 0.000000 1.000000 0.000000
0.996567 -0.082784 0.000000 409.300249 0.082784 0.996567 0.000000 43.729679 0.000000 0.000000 1.000000 0.000000
0.996377 -0.085050 0.000000 411.378642 0.085050 0.996377 0.000000 43.894015 0.000000 0.000000 1.000000 0.000000
0.996100 -0.088234 0.000000 413.531996 0.088234 0.996100 0.000000 44.029384 0.000000 0.000000 1.000000 0.000000
0.995873 -0.090761 0.000000 415.599849 0.090761 0.995873 0.000000 44.206462 0.000000 0.000000 1.000000 0.000000
0.995722 -0.092396 0.000000 417.735782 0.092396 0.995722 0.000000 44.361417 0.000000 0.000000 1.000000 0.000000
0.995433 -0.095463 0.000000 419.868496 0.095463 0.995433 0.000000 44.570147 0.000000 0.000000 1.000000 0.000000
0.995291 -0.096936 0.000000 421.980337 0.096936 0.995291 0.000000 44.743680 0.000000 0.000000 1.000000 0.000000
0.995109 -0.098785 0.000000 424.079815 0.098785 0.995109 0.000000 44.902448 0.000000 0.000000 1.000000 0.000000
0.994885 -0.101010 0.000000 426.149194 0.101010 0.994885 0.000000 45.098032 0.000000 0.000000 1.000000 0.000000
0.994673 -0.103082 0.000000 428.227415 0.103082 0.994673 0.000000 45.272095 0.000000 0.000000 1.000000 0.000000
0.994488 -0.104854 0.000000 430.334058 0.104854 0.994488 0.000000 45.452002 0.000000 0.000000 1.000000 0.000000
0.994589 -0.103889 0.000000 432.356979 0.103889 0.994589 0.000000 45.624912 0.000000 0.000000 1.000000 0.000000
0.994603 -0.103756 0.000000 434.449646 0.103756 0.994603 0.000000 45.845776 0.000000 0.000000 1.000000 0.000000
0.994517 -0.104577 0.000000 436.534049 0.104577 0.994517 0.000000 46.007250 0.000000 0.000000 1.000000 0.000000
0.994370 -0.105961 0.000000 438.640966 0.105961 0.994370 0.000000 46.202952 0.000000 0.000000 1.000000 0.000000
0.994261 -0.106980 0.000000 440.674177 0.106980 0.994261 0.000000 46.363924 0.000000 0.000000 1.000000 0.000000
0.994240 -0.107181 0.000000 442.697345 0.107181 0.994240 0.000000 46.548728 0.000000 0.000000 1.000000 0.000000
0.994218 -0.107384 0.000000 444.718734 0.107384 0.994218 0.000000 46.730681 0.000000 0.000000 1.000000 0.000000
0.994305 -0.106570 0.000000 446.633377 0.106570 0.994305 0.000000 46.910150 0.000000 0.000000 1.000000 0.000000
0.994408 -0.105602 0.000000 448.585363 0.105602 0.994408 0.000000 47.031396 0.000000 0.000000 1.000000 0.000000
0.994581 -0.103963 0.000000 450.456982 0.103963 0.994581 0.000000 47.274171 0.000000 0.000000 1.000000 0.000000
0.994665 -0.103160 0.000000 452.269087 0.103160 0.994665 0.000000 47.442165 0.000000 0.000000 1.000000 0.000000
0.994768 -0.102164 0.000000 453.952169 0.102164 0.994768 0.000000 47.547282 0.000000 0.000000 1.000000 0.000000
0.995008 -0.099795 0.000000 455.549814 0.099795 0.995008 0.000000 47.717886 0.000000 0.000000 1.000000 0.000000
0.995511 -0.094646 0.000000 457.087683 0.094646 0.995511 0.000000 47.831986 0.000000 0.000000 1.000000 0.000000
0.997681 -0.068065 0.000000 459.907575 0.068065 0.997681 0.000000 47.959490 0.000000 0.000000 1.000000 0.000000
0.999924 -0.012354 0.000000 462.387153 0.012354 0.999924 0.000000 47.995351 0.000000 0.000000 1.000000 0.000000
0.997657 0.068420 0.000000 464.468109 -0.068420 0.997657 -0.000000 47.826730 -0.000000 0.000000 1.000000 0.000000
0.984117 0.177522 0.000000 466.241436 -0.177522 0.984117 -0.000000 47.466538 -0.000000 0.000000 1.000000 0.000000
0.956956 0.290234 0.000000 467.661519 -0.290234 0.956956 -0.000000 46.984565 -0.000000 0.000000 1.000000 0.000000
0.919067 0.394101 0.000000 468.698723 -0.394101 0.919067 -0.000000 46.314398 -0.000000 0.000000 1.000000 0.000000
0.881025 0.473070 0.000000 469.605604 -0.473070 0.881025 -0.000000 45.811645 -0.000000 0.000000 1.000000 0.000000
0.831726 0.555186 0.000000 470.338738 -0.555186 0.831726 -0.000000 45.145770 -0.000000 0.000000 1.000000 0.000000
0.778957 0.627077 0.000000 470.998768 -0.627077 0.778957 -0.000000 44.596690 -0.000000 0.000000 1.000000 0.000000
0.694144 0.719836 0.000000 471.641022 -0.719836 0.694144 -0.000000 43.930864 -0.000000 0.000000 1.000000 0.000000
0.571124 0.820864 0.000000 472.163847 -0.820864 0.571124 -0.000000 43.048519 -0.000000 0.000000 1.000000 0.000000
0.489870 0.871796 0.000000 472.316085 -0.871796 0.489870 -0.000000 42.488419 -0.000000 0.000000 1.000000 0.000000
0.390254 0.920707 0.000000 472.513112 -0.920707 0.390254 -0.000000 41.870452 -0.000000 0.000000 1.000000 0.000000
0.279918 0.960024 0.000000 472.661290 -0.960024 0.279918 -0.000000 41.089640 -0.000000 0.000000 1.000000 0.000000
0.158979 0.987282 0.000000 472.731027 -0.987282 0.158979 -0.000000 40.387220 -0.000000 0.000000 1.000000 0.000000
0.027450 0.999623 0.000000 472.636987 -0.999623 0.027450 -0.000000 39.550111 -0.000000 0.000000 1.000000 0.000000
-0.117277 0.993099 0.000000 472.401478 -0.993099 -0.117277 -0.000000 38.680141 -0.000000 0.000000 1.000000 0.000000
-0.261412 0.965227 0.000000 472.096583 -0.965227 -0.261412 -0.000000 37.653188 -0.000000 0.000000 1.000000 0.000000
-0.394124 0.919057 0.000000 471.576361 -0.919057 -0.394124 -0.000000 36.625769 -0.000000 0.000000 1.000000 0.000000
-0.509342 0.860564 0.000000 470.963716 -0.860564 -0.509342 0.000000 35.746622 0.000000 0.000000 1.000000 0.000000
-0.609606 0.792704 0.000000 470.210628 -0.792704 -0.609606 0.000000 34.856534 0.000000 0.000000 1.000000 0.000000
-0.687884 0.725820 0.000000 469.362709 -0.725820 -0.687884 0.000000 33.951185 0.000000 0.000000 1.000000 0.000000
-0.785194 0.619250 0.000000 467.216295 -0.619250 -0.785194 0.000000 32.293751 0.000000 0.000000 1.000000 0.000000
-0.826379 0.563115 0.000000 464.760877 -0.563115 -0.826379 0.000000 30.779554 0.000000 0.000000 1.000000 0.000000
-0.837708 0.546118 0.000000 463.445093 -0.546118 -0.837708 0.000000 30.051237 0.000000 0.000000 1.000000 0.000000
-0.846995 0.531601 0.000000 462.078455 -0.531601 -0.846995 0.000000 29.242141 0.000000 0.000000 1.000000 0.000000
-0.851842 0.523799 0.000000 460.622530 -0.523799 -0.851842 0.000000 28.392644 0.000000 0.000000 1.000000 0.000000
-0.855859 0.517209 0.000000 459.120037 -0.517209 -0.855859 0.000000 27.592253 0.000000 0.000000 1.000000 0.000000
-0.858531 0.512762 0.000000 457.590147 -0.512762 -0.858531 0.000000 26.726764 0.000000 0.000000 1.000000 0.000000
-0.861244 0.508191 0.000000 456.039431 -0.508191 -0.861244 0.000000 25.908498 0.000000 0.000000 1.000000 0.000000
-0.863429 0.504470 0.000000 454.403361 -0.504470 -0.863429 0.000000 25.001787 0.000000 0.000000 1.000000 0.000000
-0.866483 0.499207 0.000000 452.757273 -0.499207 -0.866483 0.000000 24.096132 0.000000 0.000000 1.000000 0.000000
-0.869904 0.493221 0.000000 451.033957 -0.493221 -0.869904 0.000000 23.125768 0.000000 0.000000 1.000000 0.000000
-0.872693 0.488270 0.000000 449.252284 -0.488270 -0.872693 0.000000 22.180074 0.000000 0.000000 1.000000 0.000000
-0.873219 0.487328 0.000000 447.441465 -0.487328 -0.873219 0.000000 21.177590 0.000000 0.000000 1.000000 0.000000
-0.873008 0.487706 0.000000 445.613780 -0.487706 -0.873008 0.000000 20.173363 0.000000 0.000000 1.000000 0.000000
-0.872761 0.488147 0.000000 443.758610 -0.488147 -0.872761 0.000000 19.234941 0.000000 0.000000 1.000000 0.000000
-0.872901 0.487897 0.000000 441.906472 -0.487897 -0.872901 0.000000 18.190861 0.000000 0.000000 1.000000 0.000000
-0.872982 0.487753 0.000000 440.005788 -0.487753 -0.872982 0.000000 17.180494 0.000000 0.000000 1.000000 0.000000
-0.874225 0.485521 0.000000 438.110900 -0.485521 -0.874225 0.000000 16.134115 0.000000 0.000000 1.000000 0.000000
-0.874896 0.484311 0.000000 436.164221 -0.484311 -0.874896 0.000000 15.110197 0.000000 0.000000 1.000000 0.000000
-0.876173 0.481996 0.000000 434.206208 -0.481996 -0.876173 0.000000 14.083619 0.000000 0.000000 1.000000 0.000000
-0.877402 0.479756 0.000000 432.274258 -0.479756 -0.877402 0.000000 13.008518 0.000000 0.000000 1.000000 0.000000
-0.878429 0.477874 0.000000 430.384036 -0.477874 -0.878429 0.000000 12.022273 0.000000 0.000000 1.000000 0.000000
-0.878437 0.477858 0.000000 428.503635 -0.477858 -0.878437 0.000000 10.987802 0.000000 0.000000 1.000000 0.000000
-0.878702 0.477371 0.000000 426.638565 -0.477371 -0.878702 0.000000 10.006782 0.000000 0.000000 1.000000 0.000000
-0.878823 0.477147 0.000000 424.814290 -0.477147 -0.878823 0.000000 9.054899 0.000000 0.000000 1.000000 0.000000
-0.878809 0.477174 0.000000 423.011017 -0.477174 -0.878809 0.000000 8.131104 0.000000 0.000000 1.000000 0.000000
-0.879217 0.476421 0.000000 421.272933 -0.476421 -0.879217 0.000000 7.196446 0.000000 0.000000 1.000000 0.000000
-0.880398 0.474236 0.000000 419.563600 -0.474236 -0.880398 0.000000 6.257783 0.000000 0.000000 1.000000 0.000000
-0.880770 0.473545 0.000000 417.875102 -0.473545 -0.880770 0.000000 5.395355 0.000000 0.000000 1.000000 0.000000
-0.881796 0.471631 0.000000 416.260882 -0.471631 -0.881796 0.000000 4.600633 0.000000 0.000000 1.000000 0.000000
-0.882379 0.470540 0.000000 414.672231 -0.470540 -0.882379 0.000000 3.753583 0.000000 0.000000 1.000000 0.000000
-0.882997 0.469379 0.000000 413.149137 -0.469379 -0.882997 0.000000 2.914634 0.000000 0.000000 1.000000 0.000000
-0.883104 0.469177 0.000000 411.689549 -0.469177 -0.883104 0.000000 2.156236 0.000000 0.000000 1.000000 0.000000
-0.883067 0.469247 0.000000 410.189042 -0.469247 -0.883067 0.000000 1.393550 0.000000 0.000000 1.000000 0.000000
-0.883772 0.467918 0.000000 408.688378 -0.467918 -0.883772 0.000000 0.578313 0.000000 0.000000 1.000000 0.000000
-0.884037 0.467416 0.000000 407.200648 -0.467416 -0.884037 0.000000 -0.188134 0.000000 0.000000 1.000000 0.000000
-0.884417 0.466697 0.000000 405.668814 -0.466697 -0.884417 0.000000 -0.964064 0.000000 0.000000 1.000000 0.000000
-0.885034 0.465527 0.000000 404.165165 -0.465527 -0.885034 0.000000 -1.767863 0.000000 0.000000 1.000000 0.000000
-0.885811 0.464047 0.000000 402.583853 -0.464047 -0.885811 0.000000 -2.576339 0.000000 0.000000 1.000000 0.000000
-0.886270 0.463169 0.000000 401.013269 -0.463169 -0.886270 0.000000 -3.372632 0.000000 0.000000 1.000000 0.000000
-0.887239 0.461310 0.000000 399.412048 -0.461310 -0.887239 0.000000 -4.170029 0.000000 0.000000 1.000000 0.000000
-0.887929 0.459981 0.000000 397.739572 -0.459981 -0.887929 0.000000 -5.004978 0.000000 0.000000 1.000000 0.000000
-0.889077 0.457757 0.000000 396.092263 -0.457757 -0.889077 0.000000 -5.832454 0.000000 0.000000 1.000000 0.000000
-0.889491 0.456953 0.000000 394.473016 -0.456953 -0.889491 0.000000 -6.683096 0.000000 0.000000 1.000000 0.000000
-0.890227 0.455518 0.000000 392.771563 -0.455518 -0.890227 0.000000 -7.518052 0.000000 0.000000 1.000000 0.000000
-0.891706 0.452615 0.000000 391.049615 -0.452615 -0.891706 0.000000 -8.347475 0.000000 0.000000 1.000000 0.000000
-0.892291 0.451461 0.000000 389.313517 -0.451461 -0.892291 0.000000 -9.176521 0.000000 0.000000 1.000000 0.000000
-0.892889 0.450276 0.000000 387.576612 -0.450276 -0.892889 0.000000 -10.028269 0.000000 0.000000 1.000000 0.000000
-0.893998 0.448070 0.000000 385.844067 -0.448070 -0.893998 0.000000 -10.954329 0.000000 0.000000 1.000000 0.000000
-0.894037 0.447994 0.000000 383.982931 -0.447994 -0.894037 0.000000 -11.836703 0.000000 0.000000 1.000000 0.000000
-0.894547 0.446973 0.000000 382.229918 -0.446973 -0.894547 0.000000 -12.661085 0.000000 0.000000 1.000000 0.000000
-0.895077 0.445912 0.000000 380.397032 -0.445912 -0.895077 0.000000 -13.539743 0.000000 0.000000 1.000000 0.000000
-0.895565 0.444930 0.000000 378.554538 -0.444930 -0.895565 0.000000 -14.407245 0.000000 0.000000 1.000000 0.000000
-0.896113 0.443827 0.000000 376.708859 -0.443827 -0.896113 0.000000 -15.292855 0.000000 0.000000 1.000000 0.000000
-0.896937 0.442159 0.000000 374.826043 -0.442159 -0.896937 0.000000 -16.191003 0.000000 0.000000 1.000000 0.000000
-0.898825 0.438308 0.000000 372.936690 -0.438308 -0.898825 0.000000 -17.084483 0.000000 0.000000 1.000000 0.000000
-0.901430 0.432925 0.000000 371.022656 -0.432925 -0.901430 0.000000 -17.969685 0.000000 0.000000 1.000000 0.000000
-0.904381 0.426726 0.000000 369.099117 -0.426726 -0.904381 0.000000 -18.805766 0.000000 0.000000 1.000000 0.000000
-0.908151 0.418642 0.000000 367.215472 -0.418642 -0.908151 0.000000 -19.653580 0.000000 0.000000 1.000000 0.000000
-0.911473 0.411361 0.000000 365.246930 -0.411361 -0.911473 0.000000 -20.448760 0.000000 0.000000 1.000000 0.000000
-0.915361 0.402634 0.000000 363.291167 -0.402634 -0.915361 0.000000 -21.298119 0.000000 0.000000 1.000000 0.000000
-0.919959 0.392016 0.000000 361.331219 -0.392016 -0.919959 0.000000 -22.128177 0.000000 0.000000 1.000000 0.000000
-0.923606 0.383344 0.000000 359.339400 -0.383344 -0.923606 0.000000 -22.906002 0.000000 0.000000 1.000000 0.000000
-0.927577 0.373633 0.000000 357.350994 -0.373633 -0.927577 0.000000 -23.681819 0.000000 0.000000 1.000000 0.000000
-0.930777 0.365588 0.000000 355.385220 -0.365588 -0.930777 0.000000 -24.466435 0.000000 0.000000 1.000000 0.000000
-0.933276 0.359159 0.000000 353.396802 -0.359159 -0.933276 0.000000 -25.208460 0.000000 0.000000 1.000000 0.000000
-0.934583 0.355745 0.000000 351.424346 -0.355745 -0.934583 0.000000 -25.901073 0.000000 0.000000 1.000000 0.000000
-0.934955 0.354767 0.000000 349.388148 -0.354767 -0.934955 0.000000 -26.641016 0.000000 0.000000 1.000000 0.000000
-0.935511 0.353297 0.000000 347.468595 -0.353297 -0.935511 0.000000 -27.378330 0.000000 0.000000 1.000000 0.000000
-0.935596 0.353071 0.000000 345.509570 -0.353071 -0.935596 0.000000 -28.083996 0.000000 0.000000 1.000000 0.000000
-0.935202 0.354115 0.000000 343.535827 -0.354115 -0.935202 0.000000 -28.797600 0.000000 0.000000 1.000000 0.000000
-0.935153 0.354245 0.000000 341.576119 -0.354245 -0.935153 0.000000 -29.548755 0.000000 0.000000 1.000000 0.000000
-0.934938 0.354811 0.000000 339.603416 -0.354811 -0.934938 0.000000 -30.233507 0.000000 0.000000 1.000000 0.000000
-0.934450 0.356095 0.000000 337.648095 -0.356095 -0.934450 0.000000 -30.990338 0.000000 0.000000 1.000000 0.000000
-0.934194 0.356765 0.000000 335.675804 -0.356765 -0.934194 0.000000 -31.717898 0.000000 0.000000 1.000000 0.000000
-0.931708 0.363208 0.000000 333.700493 -0.363208 -0.931708 0.000000 -32.468201 0.000000 0.000000 1.000000 0.000000
-0.930349 0.366674 0.000000 331.790380 -0.366674 -0.930349 0.000000 -33.193284 0.000000 0.000000 1.000000 0.000000
-0.928238 0.371986 0.000000 329.816124 -0.371986 -0.928238 0.000000 -33.950984 0.000000 0.000000 1.000000 0.000000
-0.926700 0.375802 0.000000 327.873947 -0.375802 -0.926700 0.000000 -34.705137 0.000000 0.000000 1.000000 0.000000
-0.925266 0.379318 0.000000 325.930136 -0.379318 -0.925266 0.000000 -35.474186 0.000000 0.000000 1.000000 0.000000
-0.924155 0.382018 0.000000 323.964267 -0.382018 -0.924155 0.000000 -36.249188 0.000000 0.000000 1.000000 0.000000
-0.923618 0.383315 0.000000 322.034353 -0.383315 -0.923618 0.000000 -37.073714 0.000000 0.000000 1.000000 0.000000
-0.922612 0.385729 0.000000 320.096270 -0.385729 -0.922612 0.000000 -37.789230 0.000000 0.000000 1.000000 0.000000
-0.921865 0.387511 0.000000 318.141375 -0.387511 -0.921865 0.000000 -38.586124 0.000000 0.000000 1.000000 0.000000
-0.921174 0.389150 0.000000 316.225440 -0.389150 -0.921174 0.000000 -39.388810 0.000000 0.000000 1.000000 0.000000
-0.920068 0.391758 0.000000 314.343034 -0.391758 -0.920068 0.000000 -40.191994 0.000000 0.000000 1.000000 0.000000
-0.918710 0.394934 0.000000 312.437908 -0.394934 -0.918710 0.000000 -40.954786 0.000000 0.000000 1.000000 0.000000
-0.917358 0.398062 0.000000 310.596260 -0.398062 -0.917358 0.000000 -41.783408 0.000000 0.000000 1.000000 0.000000
-0.915434 0.402468 0.000000 308.712830 -0.402468 -0.915434 0.000000 -42.596353 0.000000 0.000000 1.000000 0.000000
-0.913599 0.406616 0.000000 306.894562 -0.406616 -0.913599 0.000000 -43.397771 0.000000 0.000000 1.000000 0.000000
-0.912715 0.408596 0.000000 305.053257 -0.408596 -0.912715 0.000000 -44.227706 0.000000 0.000000 1.000000 0.000000
-0.910668 0.413139 0.000000 303.256791 -0.413139 -0.910668 0.000000 -45.011990 0.000000 0.000000 1.000000 0.000000
-0.909754 0.415147 0.000000 301.434477 -0.415147 -0.909754 0.000000 -45.852649 0.000000 0.000000 1.000000 0.000000
-0.909664 0.415346 0.000000 299.597824 -0.415346 -0.909664 0.000000 -46.661166 0.000000 0.000000 1.000000 0.000000
-0.909177 0.416411 0.000000 297.762699 -0.416411 -0.909177 0.000000 -47.398851 0.000000 0.000000 1.000000 0.000000
-0.908627 0.417608 0.000000 295.969726 -0.417608 -0.908627 0.000000 -48.212760 0.000000 0.000000 1.000000 0.000000
-0.908359 0.418192 0.000000 294.141330 -0.418192 -0.908359 0.000000 -49.015276 0.000000 0.000000 1.000000 0.000000
-0.908540 0.417797 0.000000 292.343077 -0.417797 -0.908540 0.000000 -49.813700 0.000000 0.000000 1.000000 0.000000
