0.999728 0.023330 0.000000 6.254216 -0.023330 0.999728 0.000000 -0.161392 0.000000 0.000000 1.000000 0.000000
0.999620 0.027552 0.000000 7.166651 -0.027552 0.999620 0.000000 -0.183857 0.000000 0.000000 1.000000 0.000000
0.999461 0.032828 0.000000 8.141943 -0.032828 0.999461 0.000000 -0.216323 0.000000 0.000000 1.000000 0.000000
0.999315 0.036994 0.000000 9.173540 -0.036994 0.999315 0.000000 -0.264940 0.000000 0.000000 1.000000 0.000000
0.999156 0.041087 0.000000 10.209177 -0.041087 0.999156 0.000000 -0.306828 0.000000 0.000000 1.000000 0.000000
0.999006 0.044565 0.000000 11.315001 -0.044565 0.999006 0.000000 -0.375396 0.000000 0.000000 1.000000 0.000000
0.998850 0.047946 0.000000 12.460637 -0.047946 0.998850 0.000000 -0.394970 0.000000 0.000000 1.000000 0.000000
0.998808 0.048805 0.000000 13.678968 -0.048805 0.998808 0.000000 -0.469264 0.000000 0.000000 1.000000 0.000000
0.998863 0.047669 0.000000 14.936945 -0.047669 0.998863 0.000000 -0.530587 0.000000 0.000000 1.000000 0.000000
0.998910 0.046685 0.000000 16.229389 -0.046685 0.998910 0.000000 -0.586023 0.000000 0.000000 1.000000 0.000000
0.998947 0.045885 0.000000 17.557190 -0.045885 0.998947 0.000000 -0.640723 0.000000 0.000000 1.000000 0.000000
0.999017 0.044330 0.000000 18.985834 -0.044330 0.999017 0.000000 -0.703566 0.000000 0.000000 1.000000 0.000000
0.999079 0.042918 0.000000 20.404541 -0.042918 0.999079 0.000000 -0.750985 0.000000 0.000000 1.000000 0.000000
0.999096 0.042502 0.000000 21.876730 -0.042502 0.999096 0.000000 -0.880877 0.000000 0.000000 1.000000 0.000000
0.999057 0.043407 0.000000 23.338912 -0.043407 0.999057 0.000000 -1.020960 0.000000 0.000000 1.000000 0.000000
0.999076 0.042972 0.000000 24.938189 -0.042972 0.999076 0.000000 -1.043163 0.000000 0.000000 1.000000 0.000000
0.999202 0.039952 0.000000 26.616220 -0.039952 0.999202 0.000000 -1.029470 0.000000 0.000000 1.000000 0.000000
0.999396 0.034764 0.000000 28.328367 -0.034764 0.999396 0.000000 -1.097227 0.000000 0.000000 1.000000 0.000000
0.999419 0.034074 0.000000 30.069672 -0.034074 0.999419 0.000000 -1.224151 0.000000 0.000000 1.000000 0.000000
0.999516 0.031099 0.000000 31.877297 -0.031099 0.999516 0.000000 -1.231560 0.000000 0.000000 1.000000 0.000000
0.999557 0.029774 0.000000 33.790700 -0.029774 0.999557 0.000000 -1.269585 0.000000 0.000000 1.000000 0.000000
0.999555 0.029820 0.000000 35.711127 -0.029820 0.999555 0.000000 -1.364432 0.000000 0.000000 1.000000 0.000000
0.999538 0.030388 0.000000 37.671822 -0.030388 0.999538 0.000000 -1.453939 0.000000 0.000000 1.000000 0.000000
0.999612 0.027871 0.000000 39.732732 -0.027871 0.999612 0.000000 -1.510646 0.000000 0.000000 1.000000 0.000000
0.999716 0.023832 0.000000 41.835740 -0.023832 0.999716 0.000000 -1.546184 0.000000 0.000000 1.000000 0.000000
0.999800 0.020004 0.000000 43.959563 -0.020004 0.999800 0.000000 -1.590939 0.000000 0.000000 1.000000 0.000000
0.999851 0.017274 0.000000 46.185781 -0.017274 0.999851 0.000000 -1.604893 0.000000 0.000000 1.000000 0.000000
0.999905 0.013810 0.000000 48.419444 -0.013810 0.999905 0.000000 -1.626470 0.000000 0.000000 1.000000 0.000000
0.999955 0.009446 0.000000 50.659830 -0.009446 0.999955 0.000000 -1.673133 0.000000 0.000000 1.000000 0.000000
0.999988 0.004952 0.000000 52.874631 -0.004952 0.999988 0.000000 -1.624503 0.000000 0.000000 1.000000 0.000000
1.000000 -0.000489 0.000000 55.062941 0.000489 1.000000 0.000000 -1.641888 0.000000 0.000000 1.000000 0.000000
0.999990 -0.004384 0.000000 57.223936 0.004384 0.999990 0.000000 -1.641682 0.000000 0.000000 1.000000 0.000000
0.999953 -0.009732 0.000000 59.391167 0.009732 0.999953 0.000000 -1.613195 0.000000 0.000000 1.000000 0.000000
0.999906 -0.013720 0.000000 61.531283 0.013720 0.999906 0.000000 -1.577014 0.000000 0.000000 1.000000 0.000000
0.999856 -0.016967 0.000000 63.633872 0.016967 0.999856 0.000000 -1.497634 0.000000 0.000000 1.000000 0.000000
0.999817 -0.019125 0.000000 65.780653 0.019125 0.999817 0.000000 -1.461243 0.000000 0.000000 1.000000 0.000000
0.999773 -0.021308 0.000000 67.909723 0.021308 0.999773 0.000000 -1.429825 0.000000 0.000000 1.000000 0.000000
0.999713 -0.023974 0.000000 69.995312 0.023974 0.999713 0.000000 -1.385244 0.000000 0.000000 1.000000 0.000000
0.999682 -0.025232 0.000000 72.058980 0.025232 0.999682 0.000000 -1.322690 0.000000 0.000000 1.000000 0.000000
0.999585 -0.028795 0.000000 74.090759 0.028795 0.999585 0.000000 -1.276263 0.000000 0.000000 1.000000 0.000000
0.999545 -0.030173 0.000000 76.179628 0.030173 0.999545 0.000000 -1.209409 0.000000 0.000000 1.000000 0.000000
0.999299 -0.037447 0.000000 78.262174 0.037447 0.999299 0.000000 -1.208188 0.000000 0.000000 1.000000 0.000000
0.999132 -0.041649 0.000000 80.388899 0.041649 0.999132 0.000000 -1.106246 0.000000 0.000000 1.000000 0.000000
0.999022 -0.044210 0.000000 82.429702 0.044210 0.999022 0.000000 -0.893934 0.000000 0.000000 1.000000 0.000000
0.998841 -0.048126 0.000000 84.511237 0.048126 0.998841 0.000000 -0.813410 0.000000 0.000000 1.000000 0.000000
0.998640 -0.052129 0.000000 86.652835 0.052129 0.998640 0.000000 -0.738294 0.000000 0.000000 1.000000 0.000000
0.998457 -0.055528 0.000000 88.823502 0.055528 0.998457 0.000000 -0.602003 0.000000 0.000000 1.000000 0.000000
0.998300 -0.058276 0.000000 90.964622 0.058276 0.998300 0.000000 -0.472068 0.000000 0.000000 1.000000 0.000000
0.998198 -0.060006 0.000000 93.132067 0.060006 0.998198 0.000000 -0.337538 0.000000 0.000000 1.000000 0.000000
0.998122 -0.061258 0.000000 95.329583 0.061258 0.998122 0.000000 -0.207722 0.000000 0.000000 1.000000 0.000000
0.998019 -0.062918 0.000000 97.489830 0.062918 0.998019 0.000000 -0.042612 0.000000 0.000000 1.000000 0.000000
0.997749 -0.067052 0.000000 99.727990 0.067052 0.997749 0.000000 0.139980 0.000000 0.000000 1.000000 0.000000
0.997530 -0.070241 0.000000 101.954823 0.070241 0.997530 0.000000 0.301798 0.000000 0.000000 1.000000 0.000000
0.997330 -0.073026 0.000000 104.212304 0.073026 0.997330 0.000000 0.457358 0.000000 0.000000 1.000000 0.000000
0.997133 -0.075674 0.000000 106.449938 0.075674 0.997133 0.000000 0.677532 0.000000 0.000000 1.000000 0.000000
0.997047 -0.076790 0.000000 108.743099 0.076790 0.997047 0.000000 0.845782 0.000000 0.000000 1.000000 0.000000
0.996981 -0.077651 0.000000 111.016514 0.077651 0.996981 0.000000 1.012578 0.000000 0.000000 1.000000 0.000000
0.997159 -0.075331 0.000000 113.331796 0.075331 0.997159 0.000000 1.209655 0.000000 0.000000 1.000000 0.000000
0.997327 -0.073065 0.000000 115.612111 0.073065 0.997327 0.000000 1.352897 0.000000 0.000000 1.000000 0.000000
0.997420 -0.071786 0.000000 117.923449 0.071786 0.997420 0.000000 1.532210 0.000000 0.000000 1.000000 0.000000
0.997533 -0.070194 0.000000 120.246523 0.070194 0.997533 0.000000 1.717310 0.000000 0.000000 1.000000 0.000000
0.997621 -0.068939 0.000000 122.493010 0.068939 0.997621 0.000000 1.873492 0.000000 0.000000 1.000000 0.000000
0.997642 -0.068627 0.000000 124.750594 0.068627 0.997642 0.000000 2.032870 0.000000 0.000000 1.000000 0.000000
0.997674 -0.068162 0.000000 126.995874 0.068162 0.997674 0.000000 2.172612 0.000000 0.000000 1.000000 0.000000
0.997654 -0.068457 0.000000 129.200025 0.068457 0.997654 0.000000 2.333431 0.000000 0.000000 1.000000 0.000000
0.997664 -0.068312 0.000000 131.355064 0.068312 0.997664 0.000000 2.454386 0.000000 0.000000 1.000000 0.000000
0.997708 -0.067672 0.000000 133.441953 0.067672 0.997708 0.000000 2.588787 0.000000 0.000000 1.000000 0.000000
0.997748 -0.067072 0.000000 135.692393 0.067072 0.997748 0.000000 2.762539 0.000000 0.000000 1.000000 0.000000
0.997442 -0.071481 0.000000 137.870610 0.071481 0.997442 0.000000 2.996536 0.000000 0.000000 1.000000 0.000000
0.997183 -0.075005 0.000000 140.006740 0.075005 0.997183 0.000000 3.142647 0.000000 0.000000 1.000000 0.000000
0.996916 -0.078482 0.000000 142.267305 0.078482 0.996916 0.000000 3.329100 0.000000 0.000000 1.000000 0.000000
0.996693 -0.081257 0.000000 144.495514 0.081257 0.996693 0.000000 3.525252 0.000000 0.000000 1.000000 0.000000
0.996433 -0.084392 0.000000 146.717640 0.084392 0.996433 0.000000 3.691420 0.000000 0.000000 1.000000 0.000000
0.996135 -0.087837 0.000000 148.990058 0.087837 0.996135 0.000000 3.935305 0.000000 0.000000 1.000000 0.000000
0.995708 -0.092546 0.000000 151.246853 0.092546 0.995708 0.000000 4.130295 0.000000 0.000000 1.000000 0.000000
0.995286 -0.096988 0.000000 153.505927 0.096988 0.995286 0.000000 4.359623 0.000000 0.000000 1.000000 0.000000
0.994836 -0.101499 0.000000 155.791046 0.101499 0.994836 0.000000 4.590346 0.000000 0.000000 1.000000 0.000000
0.994410 -0.105590 0.000000 158.084982 0.105590 0.994410 0.000000 4.802761 0.000000 0.000000 1.000000 0.000000
0.993969 -0.109658 0.000000 160.356526 0.109658 0.993969 0.000000 5.033446 0.000000 0.000000 1.000000 0.000000
0.993743 -0.111689 0.000000 162.675744 0.111689 0.993743 0.000000 5.349369 0.000000 0.000000 1.000000 0.000000
0.993520 -0.113660 0.000000 165.001582 0.113660 0.993520 0.000000 5.594754 0.000000 0.000000 1.000000 0.000000
0.993027 -0.117889 0.000000 167.288991 0.117889 0.993027 0.000000 5.896342 0.000000 0.000000 1.000000 0.000000
0.992474 -0.122454 0.000000 169.629378 0.122454 0.992474 0.000000 6.199706 0.000000 0.000000 1.000000 0.000000
0.991985 -0.126355 0.000000 171.945015 0.126355 0.991985 0.000000 6.470326 0.000000 0.000000 1.000000 0.000000
0.991301 -0.131618 0.000000 174.293240 0.131618 0.991301 0.000000 6.809838 0.000000 0.000000 1.000000 0.000000
0.990783 -0.135455 0.000000 176.665387 0.135455 0.990783 0.000000 7.144065 0.000000 0.000000 1.000000 0.000000
0.990184 -0.139771 0.000000 178.964834 0.139771 0.990184 0.000000 7.455576 0.000000 0.000000 1.000000 0.000000
0.989741 -0.142874 0.000000 181.407604 0.142874 0.989741 0.000000 7.800505 0.000000 0.000000 1.000000 0.000000
0.989261 -0.146161 0.000000 183.802997 0.146161 0.989261 0.000000 8.205950 0.000000 0.000000 1.000000 0.000000
0.988750 -0.149578 0.000000 186.194305 0.149578 0.988750 0.000000 8.552741 0.000000 0.000000 1.000000 0.000000
0.988172 -0.153351 0.000000 188.617849 0.153351 0.988172 0.000000 8.946257 0.000000 0.000000 1.000000 0.000000
0.987404 -0.158220 0.000000 190.955183 0.158220 0.987404 0.000000 9.337254 0.000000 0.000000 1.000000 0.000000
0.986518 -0.163651 0.000000 193.381486 0.163651 0.986518 0.000000 9.748174 0.000000 0.000000 1.000000 0.000000
0.985448 -0.169974 0.000000 195.711915 0.169974 0.985448 0.000000 10.162857 0.000000 0.000000 1.000000 0.000000
0.984757 -0.173938 0.000000 198.017696 0.173938 0.984757 0.000000 10.578514 0.000000 0.000000 1.000000 0.000000
0.983591 -0.180415 0.000000 200.282704 0.180415 0.983591 0.000000 11.027800 0.000000 0.000000 1.000000 0.000000
0.982790 -0.184727 0.000000 202.510737 0.184727 0.982790 0.000000 11.452648 0.000000 0.000000 1.000000 0.000000
0.981932 -0.189232 0.000000 204.725856 0.189232 0.981932 0.000000 11.913219 0.000000 0.000000 1.000000 0.000000
0.981034 -0.193834 0.000000 206.905510 0.193834 0.981034 0.000000 12.284073 0.000000 0.000000 1.000000 0.000000
0.979951 -0.199241 0.000000 209.136363 0.199241 0.979951 0.000000 12.793447 0.000000 0.000000 1.000000 0.000000
0.978856 -0.204550 0.000000 211.343981 0.204550 0.978856 0.000000 13.238887 0.000000 0.000000 1.000000 0.000000
0.977672 -0.210136 0.000000 213.488517 0.210136 0.977672 0.000000 13.686663 0.000000 0.000000 1.000000 0.000000
0.976895 -0.213722 0.000000 215.746833 0.213722 0.976895 0.000000 14.180600 0.000000 0.000000 1.000000 0.000000
0.976075 -0.217433 0.000000 217.965504 0.217433 0.976075 0.000000 14.677484 0.000000 0.000000 1.000000 0.000000
0.975637 -0.219390 0.000000 220.211173 0.219390 0.975637 0.000000 15.243524 0.000000 0.000000 1.000000 0.000000
0.975170 -0.221460 0.000000 222.474648 0.221460 0.975170 0.000000 15.770248 0.000000 0.000000 1.000000 0.000000
0.974446 -0.224621 0.000000 224.760915 0.224621 0.974446 0.000000 16.257045 0.000000 0.000000 1.000000 0.000000
0.973883 -0.227050 0.000000 226.997299 0.227050 0.973883 0.000000 16.877218 0.000000 0.000000 1.000000 0.000000
0.973298 -0.229544 0.000000 229.262029 0.229544 0.973298 0.000000 17.380653 0.000000 0.000000 1.000000 0.000000
0.972387 -0.233373 0.000000 231.547783 0.233373 0.972387 0.000000 17.962869 0.000000 0.000000 1.000000 0.000000
0.971540 -0.236875 0.000000 233.827687 0.236875 0.971540 0.000000 18.491676 0.000000 0.000000 1.000000 0.000000
0.970222 -0.242218 0.000000 236.099458 0.242218 0.970222 0.000000 19.096337 0.000000 0.000000 1.000000 0.000000
0.969267 -0.246012 0.000000 238.364821 0.246012 0.969267 0.000000 19.614896 0.000000 0.000000 1.000000 0.000000
0.968158 -0.250339 0.000000 240.674585 0.250339 0.968158 0.000000 20.283377 0.000000 0.000000 1.000000 0.000000
0.966740 -0.255760 0.000000 242.957598 0.255760 0.966740 0.000000 20.908736 0.000000 0.000000 1.000000 0.000000
0.965559 -0.260183 0.000000 245.334701 0.260183 0.965559 0.000000 21.527335 0.000000 0.000000 1.000000 0.000000
0.963924 -0.266177 0.000000 247.687897 0.266177 0.963924 0.000000 22.196870 0.000000 0.000000 1.000000 0.000000
0.962992 -0.269530 0.000000 250.004061 0.269530 0.962992 0.000000 22.844216 0.000000 0.000000 1.000000 0.000000
0.961531 -0.274696 0.000000 252.405902 0.274696 0.961531 0.000000 23.523982 0.000000 0.000000 1.000000 0.000000
0.960300 -0.278970 0.000000 254.753467 0.278970 0.960300 0.000000 24.192123 0.000000 0.000000 1.000000 0.000000
0.958966 -0.283520 0.000000 257.155291 0.283520 0.958966 0.000000 24.854029 0.000000 0.000000 1.000000 0.000000
0.957858 -0.287243 0.000000 259.521270 0.287243 0.957858 0.000000 25.606101 0.000000 0.000000 1.000000 0.000000
0.957168 -0.289534 0.000000 261.914899 0.289534 0.957168 0.000000 26.330383 0.000000 0.000000 1.000000 0.000000
0.956401 -0.292056 0.000000 264.289975 0.292056 0.956401 0.000000 27.117806 0.000000 0.000000 1.000000 0.000000
0.955405 -0.295298 0.000000 266.629206 0.295298 0.955405 0.000000 27.833201 0.000000 0.000000 1.000000 0.000000
0.954255 -0.298993 0.000000 269.000437 0.298993 0.954255 0.000000 28.574782 0.000000 0.000000 1.000000 0.000000
0.953588 -0.301113 0.000000 271.239858 0.301113 0.953588 0.000000 29.307539 0.000000 0.000000 1.000000 0.000000
0.952876 -0.303361 0.000000 273.558737 0.303361 0.952876 0.000000 30.041865 0.000000 0.000000 1.000000 0.000000
0.952025 -0.306020 0.000000 275.809262 0.306020 0.952025 0.000000 30.769180 0.000000 0.000000 1.000000 0.000000
0.951487 -0.307689 0.000000 278.088485 0.307689 0.951487 0.000000 31.499358 0.000000 0.000000 1.000000 0.000000
0.950754 -0.309945 0.000000 280.292066 0.309945 0.950754 0.000000 32.208110 0.000000 0.000000 1.000000 0.000000
0.950178 -0.311706 0.000000 282.436718 0.311706 0.950178 0.000000 32.944880 0.000000 0.000000 1.000000 0.000000
0.949372 -0.314155 0.000000 284.581987 0.314155 0.949372 0.000000 33.650323 0.000000 0.000000 1.000000 0.000000
0.948241 -0.317551 0.000000 286.728842 0.317551 0.948241 0.000000 34.351807 0.000000 0.000000 1.000000 0.000000
0.947324 -0.320277 0.000000 288.741364 0.320277 0.947324 0.000000 35.053052 0.000000 0.000000 1.000000 0.000000
0.946157 -0.323708 0.000000 290.701752 0.323708 0.946157 0.000000 35.655052 0.000000 0.000000 1.000000 0.000000
0.944839 -0.327535 0.000000 292.599283 0.327535 0.944839 0.000000 36.370825 0.000000 0.000000 1.000000 0.000000
0.942858 -0.333196 0.000000 294.448327 0.333196 0.942858 0.000000 36.959680 0.000000 0.000000 1.000000 0.000000
0.940988 -0.338441 0.000000 296.267881 0.338441 0.940988 0.000000 37.660818 0.000000 0.000000 1.000000 0.000000
0.938385 -0.345593 0.000000 298.112098 0.345593 0.938385 0.000000 38.327877 0.000000 0.000000 1.000000 0.000000
0.936411 -0.350905 0.000000 299.901540 0.350905 0.936411 0.000000 38.919725 0.000000 0.000000 1.000000 0.000000
0.933973 -0.357343 0.000000 301.540788 0.357343 0.933973 0.000000 39.550723 0.000000 0.000000 1.000000 0.000000
0.932639 -0.360812 0.000000 303.338941 0.360812 0.932639 0.000000 40.222820 0.000000 0.000000 1.000000 0.000000
0.931170 -0.364586 0.000000 304.977328 0.364586 0.931170 0.000000 40.908518 0.000000 0.000000 1.000000 0.000000
0.930649 -0.365914 0.000000 306.631262 0.365914 0.930649 0.000000 41.541985 0.000000 0.000000 1.000000 0.000000
0.929925 -0.367749 0.000000 308.235504 0.367749 0.929925 0.000000 42.203171 0.000000 0.000000 1.000000 0.000000
0.930380 -0.366596 0.000000 309.814394 0.366596 0.930380 0.000000 42.805855 0.000000 0.000000 1.000000 0.000000
0.933504 -0.358567 0.000000 311.347795 0.358567 0.933504 0.000000 43.355311 0.000000 0.000000 1.000000 0.000000
0.938286 -0.345861 0.000000 312.783875 0.345861 0.938286 0.000000 43.887038 0.000000 0.000000 1.000000 0.000000
0.946664 -0.322223 0.000000 314.229251 0.322223 0.946664 0.000000 44.283805 0.000000 0.000000 1.000000 0.000000
0.958139 -0.286303 0.000000 315.512127 0.286303 0.958139 0.000000 44.727412 0.000000 0.000000 1.000000 0.000000
0.972558 -0.232661 0.000000 316.861432 0.232661 0.972558 0.000000 44.936925 0.000000 0.000000 1.000000 0.000000
0.986673 -0.162714 0.000000 318.051955 0.162714 0.986673 0.000000 45.012343 0.000000 0.000000 1.000000 0.000000
0.996273 -0.086258 0.000000 319.180789 0.086258 0.996273 0.000000 45.052734 0.000000 0.000000 1.000000 0.000000
0.999989 0.004784 0.000000 320.276143 -0.004784 0.999989 0.000000 44.911254 0.000000 0.000000 1.000000 0.000000
0.994345 0.106200 0.000000 321.310699 -0.106200 0.994345 0.000000 44.694259 0.000000 0.000000 1.000000 0.000000
0.975626 0.219441 0.000000 322.368732 -0.219441 0.975626 0.000000 44.337715 0.000000 0.000000 1.000000 0.000000
0.941115 0.338088 0.000000 323.311531 -0.338088 0.941115 0.000000 43.891281 0.000000 0.000000 1.000000 0.000000
0.886155 0.463390 0.000000 324.175855 -0.463390 0.886155 0.000000 43.206214 0.000000 0.000000 1.000000 0.000000
0.810693 0.585471 0.000000 324.903491 -0.585471 0.810693 0.000000 42.624371 0.000000 0.000000 1.000000 0.000000
0.717487 0.696572 0.000000 325.541940 -0.696572 0.717487 0.000000 41.740298 0.000000 0.000000 1.000000 0.000000
0.605835 0.795590 0.000000 326.069672 -0.795590 0.605835 0.000000 40.786172 0.000000 0.000000 1.000000 0.000000
0.485308 0.874343 0.000000 326.414477 -0.874343 0.485308 0.000000 39.787853 0.000000 0.000000 1.000000 0.000000
0.362661 0.931921 0.000000 326.710134 -0.931921 0.362661 0.000000 38.692976 0.000000 0.000000 1.000000 0.000000
0.249391 0.968403 0.000000 326.858382 -0.968403 0.249391 0.000000 37.586426 0.000000 0.000000 1.000000 0.000000
0.163859 0.986484 0.000000 326.886259 -0.986484 0.163859 0.000000 36.467765 0.000000 0.000000 1.000000 0.000000
0.115692 0.993285 0.000000 326.990061 -0.993285 0.115692 0.000000 35.213708 0.000000 0.000000 1.000000 0.000000
0.094476 0.995527 0.000000 327.286724 -0.995527 0.094476 0.000000 33.715103 0.000000 0.000000 1.000000 0.000000
0.080995 0.996714 0.000000 327.580565 -0.996714 0.080995 0.000000 32.274635 0.000000 0.000000 1.000000 0.000000
0.070921 0.997482 0.000000 327.676268 -0.997482 0.070921 0.000000 30.831198 0.000000 0.000000 1.000000 0.000000
0.061442 0.998111 0.000000 327.695629 -0.998111 0.061442 0.000000 29.416946 0.000000 0.000000 1.000000 0.000000
0.055753 0.998445 0.000000 327.773937 -0.998445 0.055753 0.000000 27.881205 0.000000 0.000000 1.000000 0.000000
0.059058 0.998255 0.000000 327.865139 -0.998255 0.059058 0.000000 26.270263 0.000000 0.000000 1.000000 0.000000
0.065397 0.997859 0.000000 328.019026 -0.997859 0.065397 0.000000 24.615207 0.000000 0.000000 1.000000 0.000000
0.068433 0.997656 0.000000 328.136187 -0.997656 0.068433 0.000000 22.965951 0.000000 0.000000 1.000000 0.000000
0.066957 0.997756 0.000000 328.242360 -0.997756 0.066957 0.000000 21.238314 0.000000 0.000000 1.000000 0.000000
0.067370 0.997728 0.000000 328.402371 -0.997728 0.067370 0.000000 19.530147 0.000000 0.000000 1.000000 0.000000
0.066779 0.997768 0.000000 328.508819 -0.997768 0.066779 0.000000 17.686267 0.000000 0.000000 1.000000 0.000000
0.067160 0.997742 0.000000 328.588442 -0.997742 0.067160 0.000000 15.796718 0.000000 0.000000 1.000000 0.000000
0.066753 0.997770 0.000000 328.738771 -0.997770 0.066753 0.000000 13.926027 0.000000 0.000000 1.000000 0.000000
0.064909 0.997891 0.000000 328.888604 -0.997891 0.064909 0.000000 12.038502 0.000000 0.000000 1.000000 0.000000
0.063092 0.998008 0.000000 329.005761 -0.998008 0.063092 0.000000 10.066749 0.000000 0.000000 1.000000 0.000000
0.063215 0.998000 0.000000 329.124268 -0.998000 0.063215 0.000000 8.029924 0.000000 0.000000 1.000000 0.000000
0.062661 0.998035 0.000000 329.255712 -0.998035 0.062661 0.000000 5.955327 0.000000 0.000000 1.000000 0.000000
0.062655 0.998035 0.000000 329.368193 -0.998035 0.062655 0.000000 3.889520 0.000000 0.000000 1.000000 0.000000
0.065709 0.997839 0.000000 329.556189 -0.997839 0.065709 0.000000 1.751937 0.000000 0.000000 1.000000 0.000000
0.067253 0.997736 0.000000 329.688317 -0.997736 0.067253 0.000000 -0.391298 0.000000 0.000000 1.000000 0.000000
0.068471 0.997653 0.000000 329.844825 -0.997653 0.068471 0.000000 -2.601073 0.000000 0.000000 1.000000 0.000000
0.068367 0.997660 0.000000 329.926768 -0.997660 0.068367 0.000000 -4.882463 0.000000 0.000000 1.000000 0.000000
0.068535 0.997649 0.000000 330.088483 -0.997649 0.068535 0.000000 -7.097665 0.000000 0.000000 1.000000 0.000000
0.069603 0.997575 0.000000 330.256259 -0.997575 0.069603 0.000000 -9.343799 0.000000 0.000000 1.000000 0.000000
0.070711 0.997497 0.000000 330.448831 -0.997497 0.070711 0.000000 -11.605000 0.000000 0.000000 1.000000 0.000000
0.071113 0.997468 0.000000 330.626100 -0.997468 0.071113 0.000000 -13.811345 0.000000 0.000000 1.000000 0.000000
0.071581 0.997435 0.000000 330.778304 -0.997435 0.071581 0.000000 -16.001709 0.000000 0.000000 1.000000 0.000000
0.070941 0.997481 0.000000 330.922238 -0.997481 0.070941 0.000000 -18.153943 0.000000 0.000000 1.000000 0.000000
0.070726 0.997496 0.000000 331.126581 -0.997496 0.070726 0.000000 -20.353119 0.000000 0.000000 1.000000 0.000000
0.070794 0.997491 0.000000 331.242142 -0.997491 0.070794 0.000000 -22.489893 0.000000 0.000000 1.000000 0.000000
0.070580 0.997506 0.000000 331.376567 -0.997506 0.070580 0.000000 -24.541090 0.000000 0.000000 1.000000 0.000000
0.070559 0.997508 0.000000 331.527724 -0.997508 0.070559 0.000000 -26.623309 0.000000 0.000000 1.000000 0.000000
0.068968 0.997619 0.000000 331.646570 -0.997619 0.068968 0.000000 -28.518566 0.000000 0.000000 1.000000 0.000000
0.067654 0.997709 0.000000 331.822662 -0.997709 0.067654 0.000000 -30.327423 0.000000 0.000000 1.000000 0.000000
0.067118 0.997745 0.000000 331.972390 -0.997745 0.067118 0.000000 -32.162182 0.000000 0.000000 1.000000 0.000000
0.068918 0.997622 0.000000 332.079359 -0.997622 0.068918 0.000000 -33.992940 0.000000 0.000000 1.000000 0.000000
0.072591 0.997362 0.000000 332.181383 -0.997362 0.072591 0.000000 -35.791910 0.000000 0.000000 1.000000 0.000000
0.077419 0.996999 0.000000 332.327883 -0.996999 0.077419 0.000000 -37.491420 0.000000 0.000000 1.000000 0.000000
0.078925 0.996881 0.000000 332.506089 -0.996881 0.078925 0.000000 -39.242315 0.000000 0.000000 1.000000 0.000000
0.080352 0.996767 0.000000 332.776839 -0.996767 0.080352 0.000000 -41.175637 0.000000 0.000000 1.000000 0.000000
0.079992 0.996796 0.000000 332.819425 -0.996796 0.079992 0.000000 -42.820079 0.000000 0.000000 1.000000 0.000000
0.080414 0.996762 0.000000 332.935525 -0.996762 0.080414 0.000000 -44.563070 0.000000 0.000000 1.000000 0.000000
0.080316 0.996769 0.000000 333.119559 -0.996769 0.080316 0.000000 -46.390400 0.000000 0.000000 1.000000 0.000000
0.079966 0.996798 0.000000 333.320499 -0.996798 0.079966 0.000000 -48.143324 0.000000 0.000000 1.000000 0.000000
0.080776 0.996732 0.000000 333.451572 -0.996732 0.080776 0.000000 -49.914776 0.000000 0.000000 1.000000 0.000000
0.081010 0.996713 0.000000 333.604730 -0.996713 0.081010 0.000000 -51.706946 0.000000 0.000000 1.000000 0.000000
0.080097 0.996787 0.000000 333.816909 -0.996787 0.080097 0.000000 -53.494080 0.000000 0.000000 1.000000 0.000000
0.081468 0.996676 0.000000 333.942530 -0.996676 0.081468 0.000000 -55.297375 0.000000 0.000000 1.000000 0.000000
0.082729 0.996572 0.000000 334.038437 -0.996572 0.082729 0.000000 -57.052246 0.000000 0.000000 1.000000 0.000000
0.081372 0.996684 0.000000 334.215011 -0.996684 0.081372 0.000000 -58.787069 0.000000 0.000000 1.000000 0.000000
0.082490 0.996592 0.000000 334.369873 -0.996592 0.082490 0.000000 -60.574630 0.000000 0.000000 1.000000 0.000000
0.081771 0.996651 0.000000 334.503254 -0.996651 0.081771 0.000000 -62.282578 0.000000 0.000000 1.000000 0.000000
0.079678 0.996821 0.000000 334.643413 -0.996821 0.079678 0.000000 -64.004963 0.000000 0.000000 1.000000 0.000000
0.079063 0.996870 0.000000 334.768638 -0.996870 0.079063 0.000000 -65.585191 0.000000 0.000000 1.000000 0.000000
0.078935 0.996880 0.000000 334.882100 -0.996880 0.078935 0.000000 -67.246368 0.000000 0.000000 1.000000 0.000000
0.077648 0.996981 0.000000 335.030224 -0.996981 0.077648 0.000000 -68.981156 0.000000 0.000000 1.000000 0.000000
0.077881 0.996963 0.000000 335.146376 -0.996963 0.077881 0.000000 -70.536630 0.000000 0.000000 1.000000 0.000000
0.073829 0.997271 0.000000 335.326686 -0.997271 0.073829 0.000000 -72.092728 0.000000 0.000000 1.000000 0.000000
0.070319 0.997525 0.000000 335.469436 -0.997525 0.070319 0.000000 -73.704036 0.000000 0.000000 1.000000 0.000000
0.070061 0.997543 0.000000 335.519855 -0.997543 0.070061 0.000000 -75.338218 0.000000 0.000000 1.000000 0.000000
0.070404 0.997519 0.000000 335.640472 -0.997519 0.070404 0.000000 -76.943202 0.000000 0.000000 1.000000 0.000000
0.071209 0.997461 0.000000 335.739323 -0.997461 0.071209 0.000000 -78.548571 0.000000 0.000000 1.000000 0.000000
0.072155 0.997393 0.000000 335.822962 -0.997393 0.072155 0.000000 -80.075191 0.000000 0.000000 1.000000 0.000000
0.071795 0.997419 0.000000 335.871948 -0.997419 0.071795 0.000000 -81.576496 0.000000 0.000000 1.000000 0.000000
0.071527 0.997439 0.000000 335.965529 -0.997439 0.071527 0.000000 -82.958275 0.000000 0.000000 1.000000 0.000000
0.070997 0.997477 0.000000 336.032552 -0.997477 0.070997 0.000000 -84.159354 0.000000 0.000000 1.000000 0.000000
0.070291 0.997527 0.000000 336.124449 -0.997527 0.070291 0.000000 -85.351490 0.000000 0.000000 1.000000 0.000000
0.072246 0.997387 0.000000 336.288549 -0.997387 0.072246 0.000000 -86.616936 0.000000 0.000000 1.000000 0.000000
0.073284 0.997311 0.000000 336.279551 -0.997311 0.073284 0.000000 -87.719088 0.000000 0.000000 1.000000 0.000000
0.071483 0.997442 0.000000 336.347970 -0.997442 0.071483 0.000000 -88.593537 0.000000 0.000000 1.000000 0.000000
0.070884 0.997485 0.000000 336.399968 -0.997485 0.070884 0.000000 -89.410586 0.000000 0.000000 1.000000 0.000000
0.072377 0.997377 0.000000 336.480411 -0.997377 0.072377 0.000000 -90.357460 0.000000 0.000000 1.000000 0.000000
0.073346 0.997307 0.000000 336.531619 -0.997307 0.073346 0.000000 -91.122250 0.000000 0.000000 1.000000 0.000000
0.072830 0.997344 0.000000 336.578186 -0.997344 0.072830 0.000000 -91.861929 0.000000 0.000000 1.000000 0.000000
0.072635 0.997359 0.000000 336.610977 -0.997359 0.072635 0.000000 -92.537135 0.000000 0.000000 1.000000 0.000000
0.073112 0.997324 0.000000 336.671915 -0.997324 0.073112 0.000000 -93.114023 0.000000 0.000000 1.000000 0.000000
0.072653 0.997357 0.000000 336.714695 -0.997357 0.072653 0.000000 -93.754569 0.000000 0.000000 1.000000 0.000000
0.074706 0.997206 0.000000 336.744617 -0.997206 0.074706 0.000000 -94.400053 0.000000 0.000000 1.000000 0.000000
0.074174 0.997245 0.000000 336.703009 -0.997245 0.074174 0.000000 -95.122035 0.000000 0.000000 1.000000 0.000000
0.074575 0.997215 0.000000 336.805727 -0.997215 0.074575 0.000000 -95.720424 0.000000 0.000000 1.000000 0.000000
0.076378 0.997079 0.000000 336.886300 -0.997079 0.076378 0.000000 -96.329912 0.000000 0.000000 1.000000 0.000000
0.076128 0.997098 0.000000 336.896365 -0.997098 0.076128 0.000000 -96.927481 0.000000 0.000000 1.000000 0.000000
0.079407 0.996842 0.000000 336.979470 -0.996842 0.079407 0.000000 -97.532371 0.000000 0.000000 1.000000 0.000000
0.079655 0.996822 0.000000 336.998786 -0.996822 0.079655 0.000000 -98.101604 0.000000 0.000000 1.000000 0.000000
0.080417 0.996761 0.000000 337.143195 -0.996761 0.080417 0.000000 -98.707954 0.000000 0.000000 1.000000 0.000000
0.082379 0.996601 0.000000 337.084109 -0.996601 0.082379 0.000000 -99.275683 0.000000 0.000000 1.000000 0.000000
0.085123 0.996370 0.000000 337.124074 -0.996370 0.085123 0.000000 -99.823685 0.000000 0.000000 1.000000 0.000000
0.085320 0.996354 0.000000 337.182969 -0.996354 0.085320 0.000000 -100.371379 0.000000 0.000000 1.000000 0.000000
0.087389 0.996174 0.000000 337.206917 -0.996174 0.087389 0.000000 -100.877354 0.000000 0.000000 1.000000 0.000000
0.084510 0.996423 0.000000 337.257279 -0.996423 0.084510 0.000000 -101.447055 0.000000 0.000000 1.000000 0.000000
0.081812 0.996648 0.000000 337.298435 -0.996648 0.081812 0.000000 -102.037551 0.000000 0.000000 1.000000 0.000000
0.077389 0.997001 0.000000 337.353008 -0.997001 0.077389 0.000000 -102.704077 0.000000 0.000000 1.000000 0.000000
0.068781 0.997632 0.000000 337.349291 -0.997632 0.068781 0.000000 -103.394408 0.000000 0.000000 1.000000 0.000000
0.049319 0.998783 0.000000 337.323835 -0.998783 0.049319 0.000000 -104.178712 0.000000 0.000000 1.000000 0.000000
0.019713 0.999806 0.000000 337.355414 -0.999806 0.019713 0.000000 -104.893227 0.000000 0.000000 1.000000 0.000000
-0.017605 0.999845 0.000000 337.284977 -0.999845 -0.017605 0.000000 -105.755251 0.000000 0.000000 1.000000 0.000000
-0.059876 0.998206 0.000000 337.191145 -0.998206 -0.059876 0.000000 -106.548047 0.000000 0.000000 1.000000 0.000000
-0.113914 0.993491 0.000000 337.037568 -0.993491 -0.113914 0.000000 -107.463471 0.000000 0.000000 1.000000 0.000000
-0.173094 0.984905 0.000000 336.839482 -0.984905 -0.173094 0.000000 -108.348552 0.000000 0.000000 1.000000 0.000000
-0.236039 0.971744 0.000000 336.628881 -0.971744 -0.236039 0.000000 -109.329719 0.000000 0.000000 1.000000 0.000000
-0.299705 0.954032 0.000000 336.332296 -0.954032 -0.299705 0.000000 -110.384708 0.000000 0.000000 1.000000 0.000000
-0.362864 0.931842 0.000000 335.842079 -0.931842 -0.362864 0.000000 -111.389828 0.000000 0.000000 1.000000 0.000000
-0.421796 0.906691 0.000000 335.390831 -0.906691 -0.421796 0.000000 -112.283378 0.000000 0.000000 1.000000 0.000000
-0.475348 0.879798 0.000000 334.791798 -0.879798 -0.475348 0.000000 -113.191284 0.000000 0.000000 1.000000 0.000000
-0.523145 0.852243 0.000000 334.075644 -0.852243 -0.523145 0.000000 -114.177042 0.000000 0.000000 1.000000 0.000000
-0.570463 0.821323 0.000000 333.397348 -0.821323 -0.570463 0.000000 -115.068796 0.000000 0.000000 1.000000 0.000000
-0.613522 0.789678 0.000000 332.684063 -0.789678 -0.613522 0.000000 -115.938019 0.000000 0.000000 1.000000 0.000000
-0.652142 0.758097 0.000000 331.831485 -0.758097 -0.652142 0.000000 -116.861234 0.000000 0.000000 1.000000 0.000000
-0.684659 0.728863 0.000000 330.895388 -0.728863 -0.684659 0.000000 -117.833708 0.000000 0.000000 1.000000 0.000000
-0.715333 0.698784 0.000000 329.889812 -0.698784 -0.715333 0.000000 -118.711992 0.000000 0.000000 1.000000 0.000000
-0.744343 0.667798 0.000000 328.832353 -0.667798 -0.744343 0.000000 -119.596762 0.000000 0.000000 1.000000 0.000000
-0.771824 0.635836 0.000000 327.681034 -0.635836 -0.771824 0.000000 -120.475141 0.000000 0.000000 1.000000 0.000000
-0.797982 0.602681 0.000000 326.498650 -0.602681 -0.797982 0.000000 -121.363885 0.000000 0.000000 1.000000 0.000000
-0.820999 0.570930 0.000000 325.214594 -0.570930 -0.820999 0.000000 -122.240350 0.000000 0.000000 1.000000 0.000000
-0.841930 0.539587 0.000000 323.862519 -0.539587 -0.841930 0.000000 -123.056220 0.000000 0.000000 1.000000 0.000000
-0.862147 0.506658 0.000000 322.426603 -0.506658 -0.862147 0.000000 -123.893077 0.000000 0.000000 1.000000 0.000000
-0.881411 0.472350 0.000000 320.904601 -0.472350 -0.881411 0.000000 -124.643535 0.000000 0.000000 1.000000 0.000000
-0.899635 0.436643 0.000000 319.376671 -0.436643 -0.899635 0.000000 -125.343224 0.000000 0.000000 1.000000 0.000000
-0.913197 0.407519 0.000000 317.898850 -0.407519 -0.913197 0.000000 -126.021522 0.000000 0.000000 1.000000 0.000000
-0.923746 0.383005 0.000000 316.310067 -0.383005 -0.923746 0.000000 -126.602658 0.000000 0.000000 1.000000 0.000000
-0.931594 0.363501 0.000000 314.715804 -0.363501 -0.931594 0.000000 -127.268263 0.000000 0.000000 1.000000 0.000000
-0.935109 0.354360 0.000000 313.089970 -0.354360 -0.935109 0.000000 -127.854538 0.000000 0.000000 1.000000 0.000000
-0.936511 0.350638 0.000000 311.395498 -0.350638 -0.936511 0.000000 -128.498049 0.000000 0.000000 1.000000 0.000000
-0.937620 0.347661 0.000000 309.719841 -0.347661 -0.937620 0.000000 -129.062507 0.000000 0.000000 1.000000 0.000000
-0.938082 0.346413 0.000000 307.967332 -0.346413 -0.938082 0.000000 -129.748972 0.000000 0.000000 1.000000 0.000000
-0.938340 0.345713 0.000000 306.264445 -0.345713 -0.938340 0.000000 -130.434494 0.000000 0.000000 1.000000 0.000000
-0.938866 0.344282 0.000000 304.550711 -0.344282 -0.938866 0.000000 -131.085501 0.000000 0.000000 1.000000 0.000000
-0.938522 0.345219 0.000000 302.776067 -0.345219 -0.938522 0.000000 -131.743303 0.000000 0.000000 1.000000 0.000000
-0.938388 0.345582 0.000000 300.882091 -0.345582 -0.938388 0.000000 -132.451047 0.000000 0.000000 1.000000 0.000000
-0.937168 0.348880 0.000000 299.041257 -0.348880 -0.937168 0.000000 -133.142577 0.000000 0.000000 1.000000 0.000000
-0.936580 0.350454 0.000000 297.120716 -0.350454 -0.936580 0.000000 -133.903959 0.000000 0.000000 1.000000 0.000000
-0.935572 0.353135 0.000000 295.187382 -0.353135 -0.935572 0.000000 -134.633621 0.000000 0.000000 1.000000 0.000000
-0.935526 0.353257 0.000000 293.215517 -0.353257 -0.935526 0.000000 -135.378068 0.000000 0.000000 1.000000 0.000000
-0.935556 0.353178 0.000000 291.249962 -0.353178 -0.935556 0.000000 -136.141241 0.000000 0.000000 1.000000 0.000000
-0.935786 0.352568 0.000000 289.244134 -0.352568 -0.935786 0.000000 -136.913676 0.000000 0.000000 1.000000 0.000000
-0.935702 0.352792 0.000000 287.236399 -0.352792 -0.935702 0.000000 -137.706202 0.000000 0.000000 1.000000 0.000000
-0.935940 0.352159 0.000000 285.101216 -0.352159 -0.935940 0.000000 -138.487024 0.000000 0.000000 1.000000 0.000000
-0.936312 0.351170 0.000000 283.035823 -0.351170 -0.936312 0.000000 -139.292024 0.000000 0.000000 1.000000 0.000000
-0.936400 0.350933 0.000000 280.891765 -0.350933 -0.936400 0.000000 -140.075120 0.000000 0.000000 1.000000 0.000000
-0.936444 0.350816 0.000000 278.691855 -0.350816 -0.936444 0.000000 -140.927538 0.000000 0.000000 1.000000 0.000000
-0.936182 0.351515 0.000000 276.492895 -0.351515 -0.936182 0.000000 -141.730691 0.000000 0.000000 1.000000 0.000000
-0.936199 0.351469 0.000000 274.325468 -0.351469 -0.936199 0.000000 -142.585407 0.000000 0.000000 1.000000 0.000000
-0.934805 0.355161 0.000000 272.158830 -0.355161 -0.934805 0.000000 -143.430480 0.000000 0.000000 1.000000 0.000000
-0.932986 0.359913 0.000000 269.880142 -0.359913 -0.932986 0.000000 -144.318596 0.000000 0.000000 1.000000 0.000000
-0.931564 0.363577 0.000000 267.614233 -0.363577 -0.931564 0.000000 -145.186405 0.000000 0.000000 1.000000 0.000000
-0.929321 0.369274 0.000000 265.390957 -0.369274 -0.929321 0.000000 -146.095418 0.000000 0.000000 1.000000 0.000000
-0.926556 0.376158 0.000000 263.180652 -0.376158 -0.926556 0.000000 -146.969927 0.000000 0.000000 1.000000 0.000000
-0.922964 0.384886 0.000000 260.903584 -0.384886 -0.922964 0.000000 -147.930922 0.000000 0.000000 1.000000 0.000000
-0.919543 0.392990 0.000000 258.669155 -0.392990 -0.919543 0.000000 -148.874591 0.000000 0.000000 1.000000 0.000000
-0.915884 0.401443 0.000000 256.489835 -0.401443 -0.915884 0.000000 -149.872917 0.000000 0.000000 1.000000 0.000000
-0.912427 0.409239 0.000000 254.234348 -0.409239 -0.912427 0.000000 -150.912526 0.000000 0.000000 1.000000 0.000000
-0.907734 0.419546 0.000000 252.077278 -0.419546 -0.907734 0.000000 -151.989194 0.000000 0.000000 1.000000 0.000000
-0.904124 0.427269 0.000000 249.853830 -0.427269 -0.904124 0.000000 -153.029172 0.000000 0.000000 1.000000 0.000000
-0.899579 0.436759 0.000000 247.634152 -0.436759 -0.899579 0.000000 -154.098359 0.000000 0.000000 1.000000 0.000000
-0.895308 0.445448 0.000000 245.443942 -0.445448 -0.895308 0.000000 -155.228954 0.000000 0.000000 1.000000 0.000000
-0.889828 0.456297 0.000000 243.287825 -0.456297 -0.889828 0.000000 -156.355051 0.000000 0.000000 1.000000 0.000000
-0.884081 0.467334 0.000000 241.060164 -0.467334 -0.884081 0.000000 -157.556760 0.000000 0.000000 1.000000 0.000000
-0.876543 0.481324 0.000000 238.924811 -0.481324 -0.876543 0.000000 -158.749974 0.000000 0.000000 1.000000 0.000000
-0.869536 0.493870 0.000000 236.780942 -0.493870 -0.869536 0.000000 -159.985391 0.000000 0.000000 1.000000 0.000000
-0.862104 0.506732 0.000000 234.657260 -0.506732 -0.862104 0.000000 -161.246087 0.000000 0.000000 1.000000 0.000000
-0.854478 0.519487 0.000000 232.501681 -0.519487 -0.854478 0.000000 -162.552593 0.000000 0.000000 1.000000 0.000000
-0.847036 0.531536 0.000000 230.363101 -0.531536 -0.847036 0.000000 -163.874420 0.000000 0.000000 1.000000 0.000000
-0.839096 0.543983 0.000000 228.296728 -0.543983 -0.839096 0.000000 -165.286775 0.000000 0.000000 1.000000 0.000000
-0.831297 0.555829 0.000000 226.241202 -0.555829 -0.831297 0.000000 -166.723671 0.000000 0.000000 1.000000 0.000000
-0.824639 0.565659 0.000000 224.141555 -0.565659 -0.824639 0.000000 -168.201672 0.000000 0.000000 1.000000 0.000000
-0.817964 0.575269 0.000000 222.049285 -0.575269 -0.817964 0.000000 -169.645362 0.000000 0.000000 1.000000 0.000000
-0.810474 0.585775 0.000000 220.039879 -0.585775 -0.810474 0.000000 -171.117374 0.000000 0.000000 1.000000 0.000000
-0.804034 0.594583 0.000000 217.967521 -0.594583 -0.804034 0.000000 -172.598036 0.000000 0.000000 1.000000 0.000000
-0.796558 0.604562 0.000000 216.005176 -0.604562 -0.796558 0.000000 -174.148680 0.000000 0.000000 1.000000 0.000000
-0.789960 0.613158 0.000000 214.011579 -0.613158 -0.789960 0.000000 -175.646710 0.000000 0.000000 1.000000 0.000000
-0.781371 0.624066 0.000000 212.174940 -0.624066 -0.781371 0.000000 -177.202186 0.000000 0.000000 1.000000 0.000000
-0.772545 0.634960 0.000000 210.234041 -0.634960 -0.772545 0.000000 -178.755074 0.000000 0.000000 1.000000 0.000000
-0.763544 0.645756 0.000000 208.294927 -0.645756 -0.763544 0.000000 -180.357712 0.000000 0.000000 1.000000 0.000000
-0.754925 0.655811 0.000000 206.466669 -0.655811 -0.754925 0.000000 -182.015243 0.000000 0.000000 1.000000 0.000000
-0.745529 0.666473 0.000000 204.657427 -0.666473 -0.745529 0.000000 -183.639485 0.000000 0.000000 1.000000 0.000000
-0.737018 0.675873 0.000000 202.827381 -0.675873 -0.737018 0.000000 -185.328426 0.000000 0.000000 1.000000 0.000000
-0.730073 0.683370 0.000000 201.086829 -0.683370 -0.730073 0.000000 -187.013708 0.000000 0.000000 1.000000 0.000000
-0.724397 0.689383 0.000000 199.312240 -0.689383 -0.724397 0.000000 -188.700675 0.000000 0.000000 1.000000 0.000000
-0.717015 0.697058 0.000000 197.495217 -0.697058 -0.717015 0.000000 -190.364928 0.000000 0.000000 1.000000 0.000000
-0.709292 0.704915 0.000000 195.743153 -0.704915 -0.709292 0.000000 -192.146354 0.000000 0.000000 1.000000 0.000000
-0.701995 0.712182 0.000000 194.066537 -0.712182 -0.701995 0.000000 -193.831354 0.000000 0.000000 1.000000 0.000000
-0.692532 0.721387 0.000000 192.421922 -0.721387 -0.692532 0.000000 -195.552560 0.000000 0.000000 1.000000 0.000000
-0.681912 0.731434 0.000000 190.759740 -0.731434 -0.681912 0.000000 -197.302675 0.000000 0.000000 1.000000 0.000000
-0.669931 0.742424 0.000000 189.177889 -0.742424 -0.669931 0.000000 -198.999218 0.000000 0.000000 1.000000 0.000000
-0.658728 0.752381 0.000000 187.700835 -0.752381 -0.658728 0.000000 -200.737367 0.000000 0.000000 1.000000 0.000000
-0.647294 0.762240 0.000000 186.250409 -0.762240 -0.647294 0.000000 -202.427326 0.000000 0.000000 1.000000 0.000000
-0.639863 0.768489 0.000000 184.887045 -0.768489 -0.639863 0.000000 -204.049457 0.000000 0.000000 1.000000 0.000000
