1.000000 -0.000090 0.000000 -3.133399 0.000090 1.000000 0.000000 2.026558 0.000000 0.000000 1.000000 0.000000
0.997311 -0.073285 0.000000 -1.390470 0.073285 0.997311 0.000000 2.115989 0.000000 0.000000 1.000000 0.000000
0.989715 -0.143052 0.000000 0.147054 0.143052 0.989715 0.000000 2.424893 0.000000 0.000000 1.000000 0.000000
0.980459 -0.196722 0.000000 2.329694 0.196722 0.980459 0.000000 2.701661 0.000000 0.000000 1.000000 0.000000
0.982095 -0.188387 0.000000 4.068526 0.188387 0.982095 0.000000 3.061162 0.000000 0.000000 1.000000 0.000000
0.985935 -0.167128 0.000000 6.133480 0.167128 0.985935 0.000000 3.434882 0.000000 0.000000 1.000000 0.000000
0.990581 -0.136929 0.000000 8.422549 0.136929 0.990581 0.000000 3.694224 0.000000 0.000000 1.000000 0.000000
0.994972 -0.100157 0.000000 10.957739 0.100157 0.994972 0.000000 3.920390 0.000000 0.000000 1.000000 0.000000
0.998278 -0.058665 0.000000 13.586452 0.058665 0.998278 0.000000 4.029680 0.000000 0.000000 1.000000 0.000000
0.999573 -0.029224 0.000000 16.234987 0.029224 0.999573 0.000000 4.047301 0.000000 0.000000 1.000000 0.000000
0.999828 -0.018546 0.000000 18.933569 0.018546 0.999828 0.000000 4.102612 0.000000 0.000000 1.000000 0.000000
0.999969 -0.007922 0.000000 21.656382 0.007922 0.999969 0.000000 4.116754 0.000000 0.000000 1.000000 0.000000
1.000000 0.000202 0.000000 24.431729 -0.000202 1.000000 -0.000000 4.074787 -0.000000 0.000000 1.000000 0.000000
0.999942 0.010756 0.000000 27.273328 -0.010756 0.999942 -0.000000 4.003533 -0.000000 0.000000 1.000000 0.000000
0.999886 0.015072 0.000000 30.223477 -0.015072 0.999886 -0.000000 3.941511 -0.000000 0.000000 1.000000 0.000000
0.999854 0.017079 0.000000 33.280781 -0.017079 0.999854 -0.000000 3.831746 -0.000000 0.000000 1.000000 0.000000
0.999861 0.016644 0.000000 34.880033 -0.016644 0.999861 -0.000000 3.820768 -0.000000 0.000000 1.000000 0.000000
0.999882 0.015349 0.000000 36.407840 -0.015349 0.999882 -0.000000 3.758364 -0.000000 0.000000 1.000000 0.000000
0.999882 0.015373 0.000000 38.083836 -0.015373 0.999882 -0.000000 3.706090 -0.000000 0.000000 1.000000 0.000000
0.999890 0.014835 0.000000 39.690153 -0.014835 0.999890 -0.000000 3.655017 -0.000000 0.000000 1.000000 0.000000
0.999909 0.013497 0.000000 41.381456 -0.013497 0.999909 -0.000000 3.595783 -0.000000 0.000000 1.000000 0.000000
0.999930 0.011865 0.000000 43.101825 -0.011865 0.999930 -0.000000 3.579933 -0.000000 0.000000 1.000000 0.000000
0.999948 0.010190 0.000000 44.811521 -0.010190 0.999948 -0.000000 3.541101 -0.000000 0.000000 1.000000 0.000000
0.999973 0.007378 0.000000 46.552561 -0.007378 0.999973 -0.000000 3.531461 -0.000000 0.000000 1.000000 0.000000
0.999986 0.005336 0.000000 48.280526 -0.005336 0.999986 -0.000000 3.491655 -0.000000 0.000000 1.000000 0.000000
0.999997 0.002513 0.000000 49.988016 -0.002513 0.999997 -0.000000 3.455875 -0.000000 0.000000 1.000000 0.000000
1.000000 0.000749 0.000000 51.706900 -0.000749 1.000000 -0.000000 3.443386 -0.000000 0.000000 1.000000 0.000000
1.000000 -0.000858 0.000000 53.457730 0.000858 1.000000 0.000000 3.445174 0.000000 0.000000 1.000000 0.000000
0.999998 -0.002069 0.000000 55.192878 0.002069 0.999998 0.000000 3.412846 0.000000 0.000000 1.000000 0.000000
0.999998 -0.001973 0.000000 56.942957 0.001973 0.999998 0.000000 3.360887 0.000000 0.000000 1.000000 0.000000
1.000000 0.000010 0.000000 58.751489 -0.000010 1.000000 -0.000000 3.376546 -0.000000 0.000000 1.000000 0.000000
0.999997 0.002263 0.000000 60.528156 -0.002263 0.999997 -0.000000 3.328794 -0.000000 0.000000 1.000000 0.000000
0.999993 0.003814 0.000000 62.303908 -0.003814 0.999993 -0.000000 3.276488 -0.000000 0.000000 1.000000 0.000000
0.999992 0.003888 0.000000 64.113627 -0.003888 0.999992 -0.000000 3.225250 -0.000000 0.000000 1.000000 0.000000
0.999994 0.003499 0.000000 65.956342 -0.003499 0.999994 -0.000000 3.242866 -0.000000 0.000000 1.000000 0.000000
0.999993 0.003728 0.000000 67.740831 -0.003728 0.999993 -0.000000 3.191182 -0.000000 0.000000 1.000000 0.000000
0.999990 0.004394 0.000000 69.574504 -0.004394 0.999990 -0.000000 3.115327 -0.000000 0.000000 1.000000 0.000000
0.999991 0.004292 0.000000 71.335186 -0.004292 0.999991 -0.000000 3.169401 -0.000000 0.000000 1.000000 0.000000
0.999997 0.002635 0.000000 73.164510 -0.002635 0.999997 -0.000000 3.063604 -0.000000 0.000000 1.000000 0.000000
0.999999 0.001290 0.000000 75.005678 -0.001290 0.999999 -0.000000 3.014912 -0.000000 0.000000 1.000000 0.000000
1.000000 0.000471 0.000000 76.836693 -0.000471 1.000000 -0.000000 3.034029 -0.000000 0.000000 1.000000 0.000000
1.000000 0.000315 0.000000 78.645011 -0.000315 1.000000 -0.000000 3.006721 -0.000000 0.000000 1.000000 0.000000
1.000000 0.000863 0.000000 80.478190 -0.000863 1.000000 -0.000000 2.973501 -0.000000 0.000000 1.000000 0.000000
0.999997 0.002254 0.000000 82.256079 -0.002254 0.999997 -0.000000 2.944458 -0.000000 0.000000 1.000000 0.000000
0.999985 0.005462 0.000000 83.998982 -0.005462 0.999985 -0.000000 2.868614 -0.000000 0.000000 1.000000 0.000000
0.999977 0.006806 0.000000 85.779951 -0.006806 0.999977 -0.000000 2.844080 -0.000000 0.000000 1.000000 0.000000
0.999981 0.006197 0.000000 87.466244 -0.006197 0.999981 -0.000000 2.817957 -0.000000 0.000000 1.000000 0.000000
0.999988 0.004993 0.000000 89.240881 -0.004993 0.999988 -0.000000 2.756298 -0.000000 0.000000 1.000000 0.000000
0.999994 0.003516 0.000000 90.934737 -0.003516 0.999994 -0.000000 2.772954 -0.000000 0.000000 1.000000 0.000000
0.999997 -0.002357 0.000000 92.716781 0.002357 0.999997 0.000000 2.759866 0.000000 0.000000 1.000000 0.000000
0.999977 -0.006831 0.000000 94.378094 0.006831 0.999977 0.000000 2.785353 0.000000 0.000000 1.000000 0.000000
0.999923 -0.012402 0.000000 96.065035 0.012402 0.999923 0.000000 2.735015 0.000000 0.000000 1.000000 0.000000
0.999816 -0.019180 0.000000 97.770235 0.019180 0.999816 0.000000 2.742230 0.000000 0.000000 1.000000 0.000000
0.999649 -0.026496 0.000000 99.403877 0.026496 0.999649 0.000000 2.748572 0.000000 0.000000 1.000000 0.000000
0.999493 -0.031843 0.000000 101.086018 0.031843 0.999493 0.000000 2.766011 0.000000 0.000000 1.000000 0.000000
0.999335 -0.036456 0.000000 102.682138 0.036456 0.999335 0.000000 2.784920 0.000000 0.000000 1.000000 0.000000
0.999110 -0.042189 0.000000 104.334803 0.042189 0.999110 0.000000 2.875630 0.000000 0.000000 1.000000 0.000000
0.998941 -0.046010 0.000000 105.960277 0.046010 0.998941 0.000000 2.918477 0.000000 0.000000 1.000000 0.000000
0.998730 -0.050378 0.000000 107.528722 0.050378 0.998730 0.000000 2.942744 0.000000 0.000000 1.000000 0.000000
0.998281 -0.058602 0.000000 110.631763 0.058602 0.998281 0.000000 3.034062 0.000000 0.000000 1.000000 0.000000
0.998111 -0.061436 0.000000 112.177296 0.061436 0.998111 0.000000 3.104538 0.000000 0.000000 1.000000 0.000000
0.997549 -0.069968 0.000000 115.128937 0.069968 0.997549 0.000000 3.275431 0.000000 0.000000 1.000000 0.000000
0.997543 -0.070058 0.000000 118.032335 0.070058 0.997543 0.000000 3.423018 0.000000 0.000000 1.000000 0.000000
0.998179 -0.060316 0.000000 121.038136 0.060316 0.998179 0.000000 3.584281 0.000000 0.000000 1.000000 0.000000
0.998478 -0.055156 0.000000 122.581774 0.055156 0.998478 0.000000 3.582506 0.000000 0.000000 1.000000 0.000000
0.999138 -0.041501 0.000000 125.371282 0.041501 0.999138 0.000000 3.759137 0.000000 0.000000 1.000000 0.000000
0.999673 -0.025565 0.000000 128.223845 0.025565 0.999673 0.000000 3.785239 0.000000 0.000000 1.000000 0.000000
0.999917 -0.012845 0.000000 131.176311 0.012845 0.999917 0.000000 3.803828 0.000000 0.000000 1.000000 0.000000
0.999964 -0.008471 0.000000 134.128512 0.008471 0.999964 0.000000 3.783034 0.000000 0.000000 1.000000 0.000000
0.999961 -0.008869 0.000000 137.096741 0.008869 0.999961 0.000000 3.766873 0.000000 0.000000 1.000000 0.000000
0.999948 -0.010181 0.000000 140.080792 0.010181 0.999948 0.000000 3.700451 0.000000 0.000000 1.000000 0.000000
0.999928 -0.012023 0.000000 141.623626 0.012023 0.999928 0.000000 3.692084 0.000000 0.000000 1.000000 0.000000
0.999922 -0.012479 0.000000 143.127807 0.012479 0.999922 0.000000 3.719849 0.000000 0.000000 1.000000 0.000000
0.999874 -0.015843 0.000000 145.858477 0.015843 0.999874 0.000000 3.662030 0.000000 0.000000 1.000000 0.000000
0.999818 -0.019094 0.000000 148.724596 0.019094 0.999818 0.000000 3.746805 0.000000 0.000000 1.000000 0.000000
0.999796 -0.020201 0.000000 151.531650 0.020201 0.999796 0.000000 3.773385 0.000000 0.000000 1.000000 0.000000
0.999813 -0.019333 0.000000 154.379273 0.019333 0.999813 0.000000 3.817328 0.000000 0.000000 1.000000 0.000000
0.999796 -0.020188 0.000000 157.378916 0.020188 0.999796 0.000000 3.857447 0.000000 0.000000 1.000000 0.000000
0.999779 -0.021010 0.000000 160.392246 0.021010 0.999779 0.000000 3.889328 0.000000 0.000000 1.000000 0.000000
0.999741 -0.022774 0.000000 162.004914 0.022774 0.999741 0.000000 3.907351 0.000000 0.000000 1.000000 0.000000
0.999706 -0.024264 0.000000 163.573452 0.024264 0.999706 0.000000 3.892789 0.000000 0.000000 1.000000 0.000000
0.999655 -0.026253 0.000000 165.170455 0.026253 0.999655 0.000000 3.918726 0.000000 0.000000 1.000000 0.000000
0.999617 -0.027673 0.000000 166.789048 0.027673 0.999617 0.000000 3.981829 0.000000 0.000000 1.000000 0.000000
0.999558 -0.029731 0.000000 168.350073 0.029731 0.999558 0.000000 4.004384 0.000000 0.000000 1.000000 0.000000
0.999503 -0.031520 0.000000 170.039010 0.031520 0.999503 0.000000 3.983183 0.000000 0.000000 1.000000 0.000000
0.999475 -0.032406 0.000000 171.748526 0.032406 0.999475 0.000000 4.015891 0.000000 0.000000 1.000000 0.000000
0.999437 -0.033551 0.000000 173.480205 0.033551 0.999437 0.000000 4.076228 0.000000 0.000000 1.000000 0.000000
0.999388 -0.034983 0.000000 175.205573 0.034983 0.999388 0.000000 4.105834 0.000000 0.000000 1.000000 0.000000
0.999322 -0.036821 0.000000 176.971725 0.036821 0.999322 0.000000 4.189587 0.000000 0.000000 1.000000 0.000000
0.999265 -0.038332 0.000000 178.781958 0.038332 0.999265 0.000000 4.241059 0.000000 0.000000 1.000000 0.000000
0.999213 -0.039670 0.000000 180.549843 0.039670 0.999213 0.000000 4.275919 0.000000 0.000000 1.000000 0.000000
0.999122 -0.041896 0.000000 182.408404 0.041896 0.999122 0.000000 4.316634 0.000000 0.000000 1.000000 0.000000
0.999164 -0.040874 0.000000 184.247124 0.040874 0.999164 0.000000 4.380891 0.000000 0.000000 1.000000 0.000000
0.999143 -0.041399 0.000000 186.042510 0.041399 0.999143 0.000000 4.426470 0.000000 0.000000 1.000000 0.000000
0.999086 -0.042750 0.000000 187.763525 0.042750 0.999086 0.000000 4.499391 0.000000 0.000000 1.000000 0.000000
0.999049 -0.043611 0.000000 189.578944 0.043611 0.999049 0.000000 4.535152 0.000000 0.000000 1.000000 0.000000
0.999022 -0.044218 0.000000 191.365554 0.044218 0.999022 0.000000 4.565072 0.000000 0.000000 1.000000 0.000000
0.998974 -0.045281 0.000000 193.153605 0.045281 0.998974 0.000000 4.639927 0.000000 0.000000 1.000000 0.000000
0.998935 -0.046143 0.000000 194.893241 0.046143 0.998935 0.000000 4.721344 0.000000 0.000000 1.000000 0.000000
0.998867 -0.047585 0.000000 196.571793 0.047585 0.998867 0.000000 4.811556 0.000000 0.000000 1.000000 0.000000
0.998834 -0.048277 0.000000 198.181128 0.048277 0.998834 0.000000 4.880986 0.000000 0.000000 1.000000 0.000000
0.998786 -0.049256 0.000000 199.695769 0.049256 0.998786 0.000000 4.948991 0.000000 0.000000 1.000000 0.000000
0.998702 -0.050933 0.000000 201.235337 0.050933 0.998702 0.000000 5.018027 0.000000 0.000000 1.000000 0.000000
0.998572 -0.053428 0.000000 204.280250 0.053428 0.998572 0.000000 5.189627 0.000000 0.000000 1.000000 0.000000
0.998522 -0.054356 0.000000 205.827737 0.054356 0.998522 0.000000 5.282321 0.000000 0.000000 1.000000 0.000000
0.998502 -0.054719 0.000000 207.330393 0.054719 0.998502 0.000000 5.347361 0.000000 0.000000 1.000000 0.000000
0.998581 -0.053250 0.000000 208.906849 0.053250 0.998581 0.000000 5.395085 0.000000 0.000000 1.000000 0.000000
0.998776 -0.049459 0.000000 210.496022 0.049459 0.998776 0.000000 5.444267 0.000000 0.000000 1.000000 0.000000
0.999044 -0.043712 0.000000 212.027130 0.043712 0.999044 0.000000 5.470444 0.000000 0.000000 1.000000 0.000000
0.999334 -0.036497 0.000000 213.655946 0.036497 0.999334 0.000000 5.507886 0.000000 0.000000 1.000000 0.000000
0.999532 -0.030594 0.000000 215.259938 0.030594 0.999532 0.000000 5.530616 0.000000 0.000000 1.000000 0.000000
0.999707 -0.024195 0.000000 216.978890 0.024195 0.999707 0.000000 5.527613 0.000000 0.000000 1.000000 0.000000
0.999820 -0.018972 0.000000 218.672624 0.018972 0.999820 0.000000 5.520423 0.000000 0.000000 1.000000 0.000000
0.999799 -0.020069 0.000000 220.360509 0.020069 0.999799 0.000000 5.511993 0.000000 0.000000 1.000000 0.000000
0.999612 -0.027854 0.000000 222.054274 0.027854 0.999612 0.000000 5.485734 0.000000 0.000000 1.000000 0.000000
0.999074 -0.043014 0.000000 223.819902 0.043014 0.999074 0.000000 5.565137 0.000000 0.000000 1.000000 0.000000
0.998068 -0.062123 0.000000 225.610662 0.062123 0.998068 0.000000 5.671399 0.000000 0.000000 1.000000 0.000000
0.996952 -0.078019 0.000000 227.346409 0.078019 0.996952 0.000000 5.806568 0.000000 0.000000 1.000000 0.000000
0.995189 -0.097979 0.000000 229.074499 0.097979 0.995189 0.000000 5.959221 0.000000 0.000000 1.000000 0.000000
0.993624 -0.112745 0.000000 230.851299 0.112745 0.993624 0.000000 6.164202 0.000000 0.000000 1.000000 0.000000
0.992714 -0.120493 0.000000 232.564623 0.120493 0.992714 0.000000 6.424156 0.000000 0.000000 1.000000 0.000000
0.992265 -0.124135 0.000000 234.425898 0.124135 0.992265 0.000000 6.614314 0.000000 0.000000 1.000000 0.000000
0.991546 -0.129753 0.000000 236.200779 0.129753 0.991546 0.000000 6.832750 0.000000 0.000000 1.000000 0.000000
0.990690 -0.136137 0.000000 238.031195 0.136137 0.990690 0.000000 7.088721 0.000000 0.000000 1.000000 0.000000
0.990125 -0.140189 0.000000 239.886898 0.140189 0.990125 0.000000 7.370373 0.000000 0.000000 1.000000 0.000000
0.989699 -0.143164 0.000000 241.811045 0.143164 0.989699 0.000000 7.595058 0.000000 0.000000 1.000000 0.000000
0.989156 -0.146870 0.000000 243.739468 0.146870 0.989156 0.000000 7.892079 0.000000 0.000000 1.000000 0.000000
0.988836 -0.149011 0.000000 245.635100 0.149011 0.988836 0.000000 8.168934 0.000000 0.000000 1.000000 0.000000
0.989223 -0.146417 0.000000 247.652044 0.146417 0.989223 0.000000 8.472118 0.000000 0.000000 1.000000 0.000000
0.989486 -0.144629 0.000000 249.649842 0.144629 0.989486 0.000000 8.728791 0.000000 0.000000 1.000000 0.000000
0.989694 -0.143196 0.000000 251.685810 0.143196 0.989694 0.000000 9.011928 0.000000 0.000000 1.000000 0.000000
0.990038 -0.140798 0.000000 253.678859 0.140798 0.990038 0.000000 9.297805 0.000000 0.000000 1.000000 0.000000
0.989981 -0.141198 0.000000 255.670960 0.141198 0.989981 0.000000 9.556507 0.000000 0.000000 1.000000 0.000000
0.989637 -0.143593 0.000000 257.720778 0.143593 0.989637 0.000000 9.772034 0.000000 0.000000 1.000000 0.000000
0.989941 -0.141481 0.000000 259.737896 0.141481 0.989941 0.000000 10.066554 0.000000 0.000000 1.000000 0.000000
0.990295 -0.138979 0.000000 261.817156 0.138979 0.990295 0.000000 10.335188 0.000000 0.000000 1.000000 0.000000
0.990412 -0.138144 0.000000 263.832207 0.138144 0.990412 0.000000 10.615873 0.000000 0.000000 1.000000 0.000000
0.990577 -0.136957 0.000000 265.764703 0.136957 0.990577 0.000000 10.867737 0.000000 0.000000 1.000000 0.000000
0.990770 -0.135555 0.000000 267.725031 0.135555 0.990770 0.000000 11.188606 0.000000 0.000000 1.000000 0.000000
0.990945 -0.134269 0.000000 269.681473 0.134269 0.990945 0.000000 11.436476 0.000000 0.000000 1.000000 0.000000
0.991005 -0.133822 0.000000 271.670281 0.133822 0.991005 0.000000 11.686482 0.000000 0.000000 1.000000 0.000000
0.990901 -0.134595 0.000000 273.631981 0.134595 0.990901 0.000000 11.922473 0.000000 0.000000 1.000000 0.000000
0.990611 -0.136713 0.000000 275.567922 0.136713 0.990611 0.000000 12.131011 0.000000 0.000000 1.000000 0.000000
0.990483 -0.137638 0.000000 277.445835 0.137638 0.990483 0.000000 12.367080 0.000000 0.000000 1.000000 0.000000
0.990410 -0.138162 0.000000 279.437127 0.138162 0.990410 0.000000 12.590989 0.000000 0.000000 1.000000 0.000000
0.990405 -0.138197 0.000000 281.429408 0.138197 0.990405 0.000000 12.879603 0.000000 0.000000 1.000000 0.000000
0.990567 -0.137028 0.000000 283.391201 0.137028 0.990567 0.000000 13.125537 0.000000 0.000000 1.000000 0.000000
0.990730 -0.135844 0.000000 285.450416 0.135844 0.990730 0.000000 13.343579 0.000000 0.000000 1.000000 0.000000
0.990579 -0.136946 0.000000 287.472457 0.136946 0.990579 0.000000 13.641781 0.000000 0.000000 1.000000 0.000000
0.990775 -0.135517 0.000000 289.511190 0.135517 0.990775 0.000000 13.895022 0.000000 0.000000 1.000000 0.000000
0.990849 -0.134978 0.000000 291.544114 0.134978 0.990849 0.000000 14.087352 0.000000 0.000000 1.000000 0.000000
0.990923 -0.134430 0.000000 293.618058 0.134430 0.990923 0.000000 14.350170 0.000000 0.000000 1.000000 0.000000
0.991024 -0.133686 0.000000 295.719573 0.133686 0.991024 0.000000 14.619558 0.000000 0.000000 1.000000 0.000000
0.991452 -0.130475 0.000000 297.859626 0.130475 0.991452 0.000000 14.836020 0.000000 0.000000 1.000000 0.000000
0.991662 -0.128867 0.000000 299.986043 0.128867 0.991662 0.000000 15.117711 0.000000 0.000000 1.000000 0.000000
0.991981 -0.126385 0.000000 302.061365 0.126385 0.991981 0.000000 15.352036 0.000000 0.000000 1.000000 0.000000
0.992361 -0.123364 0.000000 304.284253 0.123364 0.992361 0.000000 15.552356 0.000000 0.000000 1.000000 0.000000
0.992841 -0.119447 0.000000 306.513027 0.119447 0.992841 0.000000 15.801839 0.000000 0.000000 1.000000 0.000000
0.993316 -0.115428 0.000000 308.642785 0.115428 0.993316 0.000000 16.055957 0.000000 0.000000 1.000000 0.000000
0.993610 -0.112864 0.000000 310.827793 0.112864 0.993610 0.000000 16.297328 0.000000 0.000000 1.000000 0.000000
0.993989 -0.109477 0.000000 312.991955 0.109477 0.993989 0.000000 16.495577 0.000000 0.000000 1.000000 0.000000
0.994299 -0.106630 0.000000 315.120627 0.106630 0.994299 0.000000 16.710348 0.000000 0.000000 1.000000 0.000000
0.994633 -0.103465 0.000000 317.301125 0.103465 0.994633 0.000000 16.900505 0.000000 0.000000 1.000000 0.000000
0.994868 -0.101185 0.000000 319.532726 0.101185 0.994868 0.000000 17.052131 0.000000 0.000000 1.000000 0.000000
0.995020 -0.099677 0.000000 321.716018 0.099677 0.995020 0.000000 17.253813 0.000000 0.000000 1.000000 0.000000
0.995166 -0.098211 0.000000 323.832150 0.098211 0.995166 0.000000 17.432389 0.000000 0.000000 1.000000 0.000000
0.995386 -0.095955 0.000000 325.994062 0.095955 0.995386 0.000000 17.620711 0.000000 0.000000 1.000000 0.000000
0.995499 -0.094770 0.000000 328.304636 0.094770 0.995499 0.000000 17.779238 0.000000 0.000000 1.000000 0.000000
0.995715 -0.092473 0.000000 330.455019 0.092473 0.995715 0.000000 17.962869 0.000000 0.000000 1.000000 0.000000
0.995776 -0.091814 0.000000 332.631104 0.091814 0.995776 0.000000 18.136353 0.000000 0.000000 1.000000 0.000000
0.995946 -0.089952 0.000000 334.871015 0.089952 0.995946 0.000000 18.295526 0.000000 0.000000 1.000000 0.000000
0.995924 -0.090191 0.000000 336.996754 0.090191 0.995924 0.000000 18.453302 0.000000 0.000000 1.000000 0.000000
0.995902 -0.090437 0.000000 339.284464 0.090437 0.995902 0.000000 18.636238 0.000000 0.000000 1.000000 0.000000
0.995789 -0.091671 0.000000 341.440342 0.091671 0.995789 0.000000 18.785613 0.000000 0.000000 1.000000 0.000000
0.995658 -0.093082 0.000000 343.628091 0.093082 0.995658 0.000000 18.947783 0.000000 0.000000 1.000000 0.000000
0.995746 -0.092136 0.000000 345.891425 0.092136 0.995746 0.000000 19.082122 0.000000 0.000000 1.000000 0.000000
0.995928 -0.090151 0.000000 348.092541 0.090151 0.995928 0.000000 19.292015 0.000000 0.000000 1.000000 0.000000
0.996288 -0.086080 0.000000 350.373683 0.086080 0.996288 0.000000 19.482680 0.000000 0.000000 1.000000 0.000000
0.996830 -0.079564 0.000000 352.501036 0.079564 0.996830 0.000000 19.584826 0.000000 0.000000 1.000000 0.000000
0.997630 -0.068805 0.000000 354.638931 0.068805 0.997630 0.000000 19.679620 0.000000 0.000000 1.000000 0.000000
0.998449 -0.055673 0.000000 356.829873 0.055673 0.998449 0.000000 19.824680 0.000000 0.000000 1.000000 0.000000
0.999235 -0.039111 0.000000 359.080500 0.039111 0.999235 0.000000 19.870800 0.000000 0.000000 1.000000 0.000000
0.999763 -0.021753 0.000000 361.256959 0.021753 0.999763 0.000000 19.900876 0.000000 0.000000 1.000000 0.000000
0.999998 -0.002144 0.000000 363.455667 0.002144 0.999998 0.000000 19.869523 0.000000 0.000000 1.000000 0.000000
0.999885 0.015167 0.000000 365.732754 -0.015167 0.999885 -0.000000 19.810001 -0.000000 0.000000 1.000000 0.000000
0.999502 0.031557 0.000000 367.892964 -0.031557 0.999502 -0.000000 19.675165 -0.000000 0.000000 1.000000 0.000000
0.998939 0.046048 0.000000 370.102173 -0.046048 0.998939 -0.000000 19.559320 -0.000000 0.000000 1.000000 0.000000
0.998343 0.057549 0.000000 372.321085 -0.057549 0.998343 -0.000000 19.418192 -0.000000 0.000000 1.000000 0.000000
0.997904 0.064718 0.000000 374.451084 -0.064718 0.997904 -0.000000 19.197940 -0.000000 0.000000 1.000000 0.000000
0.997682 0.068048 0.000000 376.699620 -0.068048 0.997682 -0.000000 19.058760 -0.000000 0.000000 1.000000 0.000000
0.997844 0.065624 0.000000 378.888444 -0.065624 0.997844 -0.000000 18.884171 -0.000000 0.000000 1.000000 0.000000
0.998268 0.058833 0.000000 381.144902 -0.058833 0.998268 -0.000000 18.737840 -0.000000 0.000000 1.000000 0.000000
0.998600 0.052889 0.000000 383.252376 -0.052889 0.998600 -0.000000 18.564028 -0.000000 0.000000 1.000000 0.000000
0.998998 0.044749 0.000000 385.517833 -0.044749 0.998998 -0.000000 18.442296 -0.000000 0.000000 1.000000 0.000000
0.999390 0.034927 0.000000 387.720977 -0.034927 0.999390 -0.000000 18.391273 -0.000000 0.000000 1.000000 0.000000
0.999653 0.026349 0.000000 389.942475 -0.026349 0.999653 -0.000000 18.283391 -0.000000 0.000000 1.000000 0.000000
0.999859 0.016794 0.000000 392.169789 -0.016794 0.999859 -0.000000 18.207357 -0.000000 0.000000 1.000000 0.000000
0.999949 0.010093 0.000000 394.357423 -0.010093 0.999949 -0.000000 18.166577 -0.000000 0.000000 1.000000 0.000000
0.999997 0.002510 0.000000 396.649782 -0.002510 0.999997 -0.000000 18.172422 -0.000000 0.000000 1.000000 0.000000
0.999994 -0.003356 0.000000 398.836958 0.003356 0.999994 0.000000 18.146429 0.000000 0.000000 1.000000 0.000000
0.999961 -0.008779 0.000000 401.089475 0.008779 0.999961 0.000000 18.109619 0.000000 0.000000 1.000000 0.000000
0.999925 -0.012259 0.000000 403.312221 0.012259 0.999925 0.000000 18.116190 0.000000 0.000000 1.000000 0.000000
0.999850 -0.017320 0.000000 405.570296 0.017320 0.999850 0.000000 18.130175 0.000000 0.000000 1.000000 0.000000
0.999790 -0.020490 0.000000 407.789463 0.020490 0.999790 0.000000 18.155278 0.000000 0.000000 1.000000 0.000000
0.999723 -0.023543 0.000000 410.061640 0.023543 0.999723 0.000000 18.191477 0.000000 0.000000 1.000000 0.000000
0.999658 -0.026167 0.000000 412.319395 0.026167 0.999658 0.000000 18.263016 0.000000 0.000000 1.000000 0.000000
0.999581 -0.028949 0.000000 414.552174 0.028949 0.999581 0.000000 18.237631 0.000000 0.000000 1.000000 0.000000
0.999515 -0.031135 0.000000 416.787985 0.031135 0.999515 0.000000 18.259638 0.000000 0.000000 1.000000 0.000000
0.999450 -0.033162 0.000000 419.055941 0.033162 0.999450 0.000000 18.336193 0.000000 0.000000 1.000000 0.000000
0.999379 -0.035240 0.000000 421.366066 0.035240 0.999379 0.000000 18.384857 0.000000 0.000000 1.000000 0.000000
0.999315 -0.037012 0.000000 423.612048 0.037012 0.999315 0.000000 18.442969 0.000000 0.000000 1.000000 0.000000
0.999215 -0.039614 0.000000 425.909624 0.039614 0.999215 0.000000 18.518517 0.000000 0.000000 1.000000 0.000000
0.999136 -0.041553 0.000000 428.067176 0.041553 0.999136 0.000000 18.570252 0.000000 0.000000 1.000000 0.000000
0.999000 -0.044719 0.000000 430.346069 0.044719 0.999000 0.000000 18.582185 0.000000 0.000000 1.000000 0.000000
0.998983 -0.045079 0.000000 432.503849 0.045079 0.998983 0.000000 18.680064 0.000000 0.000000 1.000000 0.000000
0.998917 -0.046520 0.000000 434.655433 0.046520 0.998917 0.000000 18.754256 0.000000 0.000000 1.000000 0.000000
0.998868 -0.047566 0.000000 436.785036 0.047566 0.998868 0.000000 18.842282 0.000000 0.000000 1.000000 0.000000
0.998858 -0.047775 0.000000 438.790397 0.047775 0.998858 0.000000 18.888761 0.000000 0.000000 1.000000 0.000000
0.998762 -0.049738 0.000000 440.832460 0.049738 0.998762 0.000000 18.951063 0.000000 0.000000 1.000000 0.000000
0.998675 -0.051467 0.000000 442.805854 0.051467 0.998675 0.000000 19.040507 0.000000 0.000000 1.000000 0.000000
0.998584 -0.053205 0.000000 444.733810 0.053205 0.998584 0.000000 19.120119 0.000000 0.000000 1.000000 0.000000
0.998554 -0.053757 0.000000 446.566495 0.053757 0.998554 0.000000 19.179167 0.000000 0.000000 1.000000 0.000000
0.998541 -0.054001 0.000000 448.429013 0.054001 0.998541 0.000000 19.273294 0.000000 0.000000 1.000000 0.000000
0.998608 -0.052737 0.000000 450.228035 0.052737 0.998608 0.000000 19.287125 0.000000 0.000000 1.000000 0.000000
0.998739 -0.050210 0.000000 451.952386 0.050210 0.998739 0.000000 19.332495 0.000000 0.000000 1.000000 0.000000
0.998849 -0.047963 0.000000 453.578264 0.047963 0.998849 0.000000 19.401467 0.000000 0.000000 1.000000 0.000000
0.999010 -0.044477 0.000000 455.145879 0.044477 0.999010 0.000000 19.445679 0.000000 0.000000 1.000000 0.000000
0.999680 -0.025294 0.000000 458.004816 0.025294 0.999680 0.000000 19.471916 0.000000 0.000000 1.000000 0.000000
0.999908 0.013550 0.000000 460.595913 -0.013550 0.999908 -0.000000 19.426085 -0.000000 0.000000 1.000000 0.000000
0.997392 0.072175 0.000000 462.902577 -0.072175 0.997392 -0.000000 19.212768 -0.000000 0.000000 1.000000 0.000000
0.987442 0.157984 0.000000 464.965730 -0.157984 0.987442 -0.000000 18.852121 -0.000000 0.000000 1.000000 0.000000
0.966276 0.257510 0.000000 466.926490 -0.257510 0.966276 -0.000000 18.322374 -0.000000 0.000000 1.000000 0.000000
0.925369 0.379067 0.000000 468.567171 -0.379067 0.925369 -0.000000 17.612801 -0.000000 0.000000 1.000000 0.000000
0.850595 0.525821 0.000000 470.124451 -0.525821 0.850595 -0.000000 16.645728 -0.000000 0.000000 1.000000 0.000000
0.794405 0.607388 0.000000 470.733365 -0.607388 0.794405 -0.000000 16.038410 -0.000000 0.000000 1.000000 0.000000
0.724988 0.688762 0.000000 471.354833 -0.688762 0.724988 -0.000000 15.322829 -0.000000 0.000000 1.000000 0.000000
0.638816 0.769359 0.000000 471.861641 -0.769359 0.638816 -0.000000 14.641492 -0.000000 0.000000 1.000000 0.000000
0.539088 0.842249 0.000000 472.274273 -0.842249 0.539088 -0.000000 13.756697 -0.000000 0.000000 1.000000 0.000000
0.426243 0.904609 0.000000 472.531485 -0.904609 0.426243 -0.000000 12.981533 -0.000000 0.000000 1.000000 0.000000
0.299848 0.953987 0.000000 472.724325 -0.953987 0.299848 -0.000000 12.101484 -0.000000 0.000000 1.000000 0.000000
0.163111 0.986608 0.000000 472.787014 -0.986608 0.163111 -0.000000 11.118632 -0.000000 0.000000 1.000000 0.000000
0.019141 0.999817 0.000000 472.818503 -0.999817 0.019141 -0.000000 10.170230 -0.000000 0.000000 1.000000 0.000000
-0.127386 0.991853 0.000000 472.537025 -0.991853 -0.127386 -0.000000 9.216726 -0.000000 0.000000 1.000000 0.000000
-0.270137 0.962822 0.000000 472.163261 -0.962822 -0.270137 -0.000000 8.221448 -0.000000 0.000000 1.000000 0.000000
-0.404601 0.914493 0.000000 471.680323 -0.914493 -0.404601 -0.000000 7.262738 -0.000000 0.000000 1.000000 0.000000
-0.526688 0.850059 0.000000 470.964079 -0.850059 -0.526688 0.000000 6.344975 0.000000 0.000000 1.000000 0.000000
-0.629691 0.776846 0.000000 470.215269 -0.776846 -0.629691 0.000000 5.412962 0.000000 0.000000 1.000000 0.000000
-0.710335 0.703864 0.000000 469.335836 -0.703864 -0.710335 0.000000 4.574835 0.000000 0.000000 1.000000 0.000000
-0.808508 0.588486 0.000000 467.195290 -0.588486 -0.808508 0.000000 3.094612 0.000000 0.000000 1.000000 0.000000
-0.852609 0.522549 0.000000 464.781405 -0.522549 -0.852609 0.000000 1.765711 0.000000 0.000000 1.000000 0.000000
-0.875194 0.483772 0.000000 462.094905 -0.483772 -0.875194 0.000000 0.511221 0.000000 0.000000 1.000000 0.000000
-0.885728 0.464205 0.000000 460.700511 -0.464205 -0.885728 0.000000 -0.225634 0.000000 0.000000 1.000000 0.000000
-0.893744 0.448578 0.000000 459.155950 -0.448578 -0.893744 0.000000 -0.932264 0.000000 0.000000 1.000000 0.000000
-0.900179 0.435521 0.000000 457.603923 -0.435521 -0.900179 0.000000 -1.599033 0.000000 0.000000 1.000000 0.000000
-0.905336 0.424695 0.000000 455.923044 -0.424695 -0.905336 0.000000 -2.342869 0.000000 0.000000 1.000000 0.000000
-0.909641 0.415395 0.000000 454.217791 -0.415395 -0.909641 0.000000 -3.074246 0.000000 0.000000 1.000000 0.000000
-0.911266 0.411818 0.000000 452.507183 -0.411818 -0.911266 0.000000 -3.863718 0.000000 0.000000 1.000000 0.000000
-0.911700 0.410856 0.000000 450.681914 -0.410856 -0.911700 0.000000 -4.585874 0.000000 0.000000 1.000000 0.000000
-0.911277 0.411793 0.000000 448.866294 -0.411793 -0.911277 0.000000 -5.388638 0.000000 0.000000 1.000000 0.000000
-0.911024 0.412354 0.000000 447.078444 -0.412354 -0.911024 0.000000 -6.191961 0.000000 0.000000 1.000000 0.000000
-0.910053 0.414491 0.000000 445.154467 -0.414491 -0.910053 0.000000 -7.022065 0.000000 0.000000 1.000000 0.000000
-0.908916 0.416980 0.000000 443.282024 -0.416980 -0.908916 0.000000 -7.874101 0.000000 0.000000 1.000000 0.000000
-0.907128 0.420855 0.000000 441.316317 -0.420855 -0.907128 0.000000 -8.686116 0.000000 0.000000 1.000000 0.000000
-0.906041 0.423189 0.000000 439.410177 -0.423189 -0.906041 0.000000 -9.577646 0.000000 0.000000 1.000000 0.000000
-0.905797 0.423711 0.000000 437.542970 -0.423711 -0.905797 0.000000 -10.457639 0.000000 0.000000 1.000000 0.000000
-0.905348 0.424671 0.000000 435.629655 -0.424671 -0.905348 0.000000 -11.278743 0.000000 0.000000 1.000000 0.000000
-0.905035 0.425337 0.000000 433.742709 -0.425337 -0.905035 0.000000 -12.153678 0.000000 0.000000 1.000000 0.000000
-0.905135 0.425125 0.000000 431.896223 -0.425125 -0.905135 0.000000 -13.042377 0.000000 0.000000 1.000000 0.000000
-0.905772 0.423766 0.000000 429.985548 -0.423766 -0.905772 0.000000 -13.915706 0.000000 0.000000 1.000000 0.000000
-0.906735 0.421701 0.000000 428.126821 -0.421701 -0.906735 0.000000 -14.736891 0.000000 0.000000 1.000000 0.000000
-0.906887 0.421373 0.000000 426.272222 -0.421373 -0.906887 0.000000 -15.611512 0.000000 0.000000 1.000000 0.000000
-0.907069 0.420982 0.000000 424.448871 -0.420982 -0.907069 0.000000 -16.449931 0.000000 0.000000 1.000000 0.000000
-0.907118 0.420876 0.000000 422.624228 -0.420876 -0.907118 0.000000 -17.275125 0.000000 0.000000 1.000000 0.000000
-0.906875 0.421401 0.000000 420.828331 -0.421401 -0.906875 0.000000 -18.074337 0.000000 0.000000 1.000000 0.000000
-0.906245 0.422752 0.000000 419.022684 -0.422752 -0.906245 0.000000 -18.902414 0.000000 0.000000 1.000000 0.000000
-0.906498 0.422210 0.000000 417.211873 -0.422210 -0.906498 0.000000 -19.742078 0.000000 0.000000 1.000000 0.000000
-0.906432 0.422352 0.000000 415.392830 -0.422352 -0.906432 0.000000 -20.513353 0.000000 0.000000 1.000000 0.000000
-0.906437 0.422342 0.000000 413.680472 -0.422342 -0.906437 0.000000 -21.314141 0.000000 0.000000 1.000000 0.000000
-0.906857 0.421438 0.000000 411.940092 -0.421438 -0.906857 0.000000 -22.091878 0.000000 0.000000 1.000000 0.000000
-0.907548 0.419949 0.000000 410.274568 -0.419949 -0.907548 0.000000 -22.836555 0.000000 0.000000 1.000000 0.000000
-0.908026 0.418913 0.000000 408.593550 -0.418913 -0.908026 0.000000 -23.583025 0.000000 0.000000 1.000000 0.000000
-0.908338 0.418237 0.000000 407.011840 -0.418237 -0.908338 0.000000 -24.333180 0.000000 0.000000 1.000000 0.000000
-0.909167 0.416432 0.000000 405.466184 -0.416432 -0.909167 0.000000 -25.034030 0.000000 0.000000 1.000000 0.000000
-0.909131 0.416510 0.000000 404.001821 -0.416510 -0.909131 0.000000 -25.712363 0.000000 0.000000 1.000000 0.000000
-0.909674 0.415322 0.000000 402.593085 -0.415322 -0.909674 0.000000 -26.370398 0.000000 0.000000 1.000000 0.000000
-0.910710 0.413046 0.000000 399.906939 -0.413046 -0.910710 0.000000 -27.482567 0.000000 0.000000 1.000000 0.000000
-0.911773 0.410694 0.000000 397.478611 -0.410694 -0.911773 0.000000 -28.537883 0.000000 0.000000 1.000000 0.000000
-0.912204 0.409736 0.000000 395.328727 -0.409736 -0.912204 0.000000 -29.460162 0.000000 0.000000 1.000000 0.000000
-0.912742 0.408535 0.000000 393.410953 -0.408535 -0.912742 0.000000 -30.292921 0.000000 0.000000 1.000000 0.000000
-0.912955 0.408061 0.000000 391.687415 -0.408061 -0.912955 0.000000 -31.064622 0.000000 0.000000 1.000000 0.000000
-0.914481 0.404629 0.000000 390.170897 -0.404629 -0.914481 0.000000 -31.687147 0.000000 0.000000 1.000000 0.000000
-0.917138 0.398569 0.000000 388.191218 -0.398569 -0.917138 0.000000 -32.555604 0.000000 0.000000 1.000000 0.000000
-0.918757 0.394824 0.000000 386.585854 -0.394824 -0.918757 0.000000 -33.180227 0.000000 0.000000 1.000000 0.000000
-0.920852 0.389912 0.000000 384.884552 -0.389912 -0.920852 0.000000 -33.853114 0.000000 0.000000 1.000000 0.000000
-0.922690 0.385543 0.000000 383.453565 -0.385543 -0.922690 0.000000 -34.450579 0.000000 0.000000 1.000000 0.000000
-0.924669 0.380772 0.000000 381.802225 -0.380772 -0.924669 0.000000 -35.087855 0.000000 0.000000 1.000000 0.000000
-0.926264 0.376875 0.000000 379.783764 -0.376875 -0.926264 0.000000 -35.852604 0.000000 0.000000 1.000000 0.000000
-0.927035 0.374975 0.000000 378.359936 -0.374975 -0.927035 0.000000 -36.412210 0.000000 0.000000 1.000000 0.000000
-0.927303 0.374311 0.000000 376.679437 -0.374311 -0.927303 0.000000 -37.083562 0.000000 0.000000 1.000000 0.000000
-0.927993 0.372599 0.000000 374.644829 -0.372599 -0.927993 0.000000 -37.844390 0.000000 0.000000 1.000000 0.000000
-0.928879 0.370382 0.000000 372.403119 -0.370382 -0.928879 0.000000 -38.681207 0.000000 0.000000 1.000000 0.000000
-0.931864 0.362808 0.000000 369.846115 -0.362808 -0.931864 0.000000 -39.613567 0.000000 0.000000 1.000000 0.000000
-0.935479 0.353383 0.000000 367.097953 -0.353383 -0.935479 0.000000 -40.615957 0.000000 0.000000 1.000000 0.000000
-0.937728 0.347371 0.000000 365.652698 -0.347371 -0.937728 0.000000 -41.151113 0.000000 0.000000 1.000000 0.000000
-0.939873 0.341524 0.000000 364.164516 -0.341524 -0.939873 0.000000 -41.640719 0.000000 0.000000 1.000000 0.000000
-0.941736 0.336352 0.000000 362.554134 -0.336352 -0.941736 0.000000 -42.161560 0.000000 0.000000 1.000000 0.000000
-0.943491 0.331399 0.000000 360.928161 -0.331399 -0.943491 0.000000 -42.714584 0.000000 0.000000 1.000000 0.000000
-0.945372 0.325993 0.000000 359.258017 -0.325993 -0.945372 0.000000 -43.298503 0.000000 0.000000 1.000000 0.000000
-0.946490 0.322733 0.000000 357.519800 -0.322733 -0.946490 0.000000 -43.805413 0.000000 0.000000 1.000000 0.000000
-0.947975 0.318346 0.000000 355.742791 -0.318346 -0.947975 0.000000 -44.398671 0.000000 0.000000 1.000000 0.000000
-0.949830 0.312766 0.000000 353.907665 -0.312766 -0.949830 0.000000 -45.024108 0.000000 0.000000 1.000000 0.000000
-0.951501 0.307645 0.000000 352.039092 -0.307645 -0.951501 0.000000 -45.608602 0.000000 0.000000 1.000000 0.000000
-0.953231 0.302243 0.000000 350.093698 -0.302243 -0.953231 0.000000 -46.182862 0.000000 0.000000 1.000000 0.000000
-0.954899 0.296929 0.000000 348.143669 -0.296929 -0.954899 0.000000 -46.755971 0.000000 0.000000 1.000000 0.000000
-0.956373 0.292150 0.000000 346.087094 -0.292150 -0.956373 0.000000 -47.342589 0.000000 0.000000 1.000000 0.000000
-0.957677 0.287844 0.000000 344.030401 -0.287844 -0.957677 0.000000 -47.923117 0.000000 0.000000 1.000000 0.000000
-0.959139 0.282937 0.000000 341.871035 -0.282937 -0.959139 0.000000 -48.548480 0.000000 0.000000 1.000000 0.000000
-0.960030 0.279898 0.000000 339.755029 -0.279898 -0.960030 0.000000 -49.127258 0.000000 0.000000 1.000000 0.000000
-0.960161 0.279446 0.000000 337.566163 -0.279446 -0.960161 0.000000 -49.729752 0.000000 0.000000 1.000000 0.000000
-0.959274 0.282479 0.000000 335.366820 -0.282479 -0.959274 0.000000 -50.329982 0.000000 0.000000 1.000000 0.000000
-0.958286 0.285812 0.000000 333.177343 -0.285812 -0.958286 0.000000 -51.006542 0.000000 0.000000 1.000000 0.000000
-0.957270 0.289196 0.000000 330.940935 -0.289196 -0.957270 0.000000 -51.628252 0.000000 0.000000 1.000000 0.000000
-0.955798 0.294023 0.000000 328.696080 -0.294023 -0.955798 0.000000 -52.289113 0.000000 0.000000 1.000000 0.000000
-0.953615 0.301029 0.000000 326.435052 -0.301029 -0.953615 0.000000 -52.970755 0.000000 0.000000 1.000000 0.000000
-0.950692 0.310135 0.000000 324.216167 -0.310135 -0.950692 0.000000 -53.681050 0.000000 0.000000 1.000000 0.000000
-0.947769 0.318958 0.000000 321.979697 -0.318958 -0.947769 0.000000 -54.409046 0.000000 0.000000 1.000000 0.000000
-0.944855 0.327490 0.000000 319.694261 -0.327490 -0.944855 0.000000 -55.167068 0.000000 0.000000 1.000000 0.000000
-0.943074 0.332583 0.000000 317.448254 -0.332583 -0.943074 0.000000 -55.934765 0.000000 0.000000 1.000000 0.000000
-0.942377 0.334553 0.000000 315.192058 -0.334553 -0.942377 0.000000 -56.732465 0.000000 0.000000 1.000000 0.000000
-0.942469 0.334292 0.000000 312.829853 -0.334292 -0.942469 0.000000 -57.546169 0.000000 0.000000 1.000000 0.000000
-0.942074 0.335406 0.000000 310.532491 -0.335406 -0.942074 0.000000 -58.297272 0.000000 0.000000 1.000000 0.000000
-0.940723 0.339175 0.000000 308.229178 -0.339175 -0.940723 0.000000 -59.117449 0.000000 0.000000 1.000000 0.000000
-0.939237 0.343269 0.000000 305.950938 -0.343269 -0.939237 0.000000 -59.956531 0.000000 0.000000 1.000000 0.000000
-0.937985 0.346675 0.000000 303.612107 -0.346675 -0.937985 0.000000 -60.771605 0.000000 0.000000 1.000000 0.000000
-0.936631 0.350318 0.000000 301.289749 -0.350318 -0.936631 0.000000 -61.648232 0.000000 0.000000 1.000000 0.000000
-0.934794 0.355189 0.000000 298.927039 -0.355189 -0.934794 0.000000 -62.515188 0.000000 0.000000 1.000000 0.000000
-0.932874 0.360202 0.000000 296.698665 -0.360202 -0.932874 0.000000 -63.372780 0.000000 0.000000 1.000000 0.000000
-0.931795 0.362984 0.000000 294.325140 -0.362984 -0.931795 0.000000 -64.236726 0.000000 0.000000 1.000000 0.000000
-0.930651 0.365907 0.000000 292.030276 -0.365907 -0.930651 0.000000 -65.112283 0.000000 0.000000 1.000000 0.000000
-0.929311 0.369298 0.000000 289.683155 -0.369298 -0.929311 0.000000 -66.001988 0.000000 0.000000 1.000000 0.000000
-0.928797 0.370589 0.000000 287.364221 -0.370589 -0.928797 0.000000 -66.861633 0.000000 0.000000 1.000000 0.000000
-0.929182 0.369622 0.000000 285.016168 -0.369622 -0.929182 0.000000 -67.716910 0.000000 0.000000 1.000000 0.000000
-0.929921 0.367758 0.000000 282.675639 -0.367758 -0.929921 0.000000 -68.598976 0.000000 0.000000 1.000000 0.000000
-0.930457 0.366402 0.000000 280.283521 -0.366402 -0.930457 0.000000 -69.514492 0.000000 0.000000 1.000000 0.000000
-0.931253 0.364372 0.000000 277.892878 -0.364372 -0.931253 0.000000 -70.434010 0.000000 0.000000 1.000000 0.000000
-0.931193 0.364528 0.000000 275.516123 -0.364528 -0.931193 0.000000 -71.286126 0.000000 0.000000 1.000000 0.000000
-0.930712 0.365752 0.000000 273.109785 -0.365752 -0.930712 0.000000 -72.212650 0.000000 0.000000 1.000000 0.000000
-0.930892 0.365294 0.000000 270.739449 -0.365294 -0.930892 0.000000 -73.120792 0.000000 0.000000 1.000000 0.000000
-0.930887 0.365307 0.000000 268.343228 -0.365307 -0.930887 0.000000 -74.005062 0.000000 0.000000 1.000000 0.000000
-0.930303 0.366791 0.000000 265.934283 -0.366791 -0.930303 0.000000 -74.949217 0.000000 0.000000 1.000000 0.000000
-0.930068 0.367389 0.000000 263.534390 -0.367389 -0.930068 0.000000 -75.784836 0.000000 0.000000 1.000000 0.000000
-0.929518 0.368776 0.000000 261.124923 -0.368776 -0.929518 0.000000 -76.701896 0.000000 0.000000 1.000000 0.000000
-0.928271 0.371904 0.000000 258.672771 -0.371904 -0.928271 0.000000 -77.653655 0.000000 0.000000 1.000000 0.000000
-0.927546 0.373709 0.000000 256.235267 -0.373709 -0.927546 0.000000 -78.592424 0.000000 0.000000 1.000000 0.000000
