0.999994 -0.003331 0.000000 -3.895577 0.003331 0.999994 0.000000 1.518933 0.000000 0.000000 1.000000 0.000000
0.994913 -0.100734 0.000000 -3.084418 0.100734 0.994913 0.000000 1.637464 0.000000 0.000000 1.000000 0.000000
0.977574 -0.210593 0.000000 -2.129643 0.210593 0.977574 0.000000 1.875964 0.000000 0.000000 1.000000 0.000000
0.956161 -0.292842 0.000000 -0.596879 0.292842 0.956161 0.000000 2.218725 0.000000 0.000000 1.000000 0.000000
0.963895 -0.266284 0.000000 1.566002 0.266284 0.963895 0.000000 2.842571 0.000000 0.000000 1.000000 0.000000
0.976371 -0.216099 0.000000 3.388394 0.216099 0.976371 0.000000 3.300664 0.000000 0.000000 1.000000 0.000000
0.985184 -0.171502 0.000000 5.574319 0.171502 0.985184 0.000000 3.611668 0.000000 0.000000 1.000000 0.000000
0.991811 -0.127717 0.000000 8.093029 0.127717 0.991811 0.000000 3.873460 0.000000 0.000000 1.000000 0.000000
0.995077 -0.099105 0.000000 10.879229 0.099105 0.995077 0.000000 4.132295 0.000000 0.000000 1.000000 0.000000
0.996830 -0.079560 0.000000 13.825361 0.079560 0.996830 0.000000 4.331433 0.000000 0.000000 1.000000 0.000000
0.997652 -0.068494 0.000000 15.407487 0.068494 0.997652 0.000000 4.413362 0.000000 0.000000 1.000000 0.000000
0.998115 -0.061372 0.000000 17.054375 0.061372 0.998115 0.000000 4.441350 0.000000 0.000000 1.000000 0.000000
0.998375 -0.056980 0.000000 18.714637 0.056980 0.998375 0.000000 4.541662 0.000000 0.000000 1.000000 0.000000
0.998579 -0.053293 0.000000 20.386617 0.053293 0.998579 0.000000 4.630433 0.000000 0.000000 1.000000 0.000000
0.998834 -0.048280 0.000000 22.106436 0.048280 0.998834 0.000000 4.711937 0.000000 0.000000 1.000000 0.000000
0.999016 -0.044359 0.000000 23.847748 0.044359 0.999016 0.000000 4.740505 0.000000 0.000000 1.000000 0.000000
0.998990 -0.044941 0.000000 25.565928 0.044941 0.998990 0.000000 4.830125 0.000000 0.000000 1.000000 0.000000
0.998721 -0.050556 0.000000 27.316276 0.050556 0.998721 0.000000 4.858559 0.000000 0.000000 1.000000 0.000000
0.998426 -0.056076 0.000000 29.086955 0.056076 0.998426 0.000000 4.983282 0.000000 0.000000 1.000000 0.000000
0.998066 -0.062168 0.000000 30.938899 0.062168 0.998066 0.000000 5.060263 0.000000 0.000000 1.000000 0.000000
0.997914 -0.064562 0.000000 32.705265 0.064562 0.997914 0.000000 5.160509 0.000000 0.000000 1.000000 0.000000
0.997904 -0.064707 0.000000 34.593214 0.064707 0.997904 0.000000 5.244762 0.000000 0.000000 1.000000 0.000000
0.998016 -0.062955 0.000000 36.477562 0.062955 0.998016 0.000000 5.319223 0.000000 0.000000 1.000000 0.000000
0.997930 -0.064309 0.000000 38.324152 0.064309 0.997930 0.000000 5.446669 0.000000 0.000000 1.000000 0.000000
0.997655 -0.068449 0.000000 40.267585 0.068449 0.997655 0.000000 5.539471 0.000000 0.000000 1.000000 0.000000
0.997406 -0.071984 0.000000 42.199593 0.071984 0.997406 0.000000 5.625703 0.000000 0.000000 1.000000 0.000000
0.997036 -0.076932 0.000000 44.152126 0.076932 0.997036 0.000000 5.802031 0.000000 0.000000 1.000000 0.000000
0.996656 -0.081708 0.000000 46.119517 0.081708 0.996656 0.000000 5.994266 0.000000 0.000000 1.000000 0.000000
0.996451 -0.084175 0.000000 48.075206 0.084175 0.996451 0.000000 6.120633 0.000000 0.000000 1.000000 0.000000
0.996502 -0.083574 0.000000 50.073994 0.083574 0.996502 0.000000 6.268864 0.000000 0.000000 1.000000 0.000000
0.996816 -0.079735 0.000000 52.067506 0.079735 0.996816 0.000000 6.376276 0.000000 0.000000 1.000000 0.000000
0.997121 -0.075821 0.000000 54.146152 0.075821 0.997121 0.000000 6.489407 0.000000 0.000000 1.000000 0.000000
0.997458 -0.071257 0.000000 56.170405 0.071257 0.997458 0.000000 6.628056 0.000000 0.000000 1.000000 0.000000
0.997583 -0.069480 0.000000 58.225773 0.069480 0.997583 0.000000 6.703814 0.000000 0.000000 1.000000 0.000000
0.997784 -0.066534 0.000000 60.232676 0.066534 0.997784 0.000000 6.783699 0.000000 0.000000 1.000000 0.000000
0.998015 -0.062971 0.000000 62.318379 0.062971 0.998015 0.000000 6.884490 0.000000 0.000000 1.000000 0.000000
0.998288 -0.058482 0.000000 64.386069 0.058482 0.998288 0.000000 6.978684 0.000000 0.000000 1.000000 0.000000
0.998557 -0.053706 0.000000 66.418293 0.053706 0.998557 0.000000 7.052620 0.000000 0.000000 1.000000 0.000000
0.998959 -0.045615 0.000000 68.446822 0.045615 0.998959 0.000000 7.145808 0.000000 0.000000 1.000000 0.000000
0.999213 -0.039656 0.000000 70.573566 0.039656 0.999213 0.000000 7.206338 0.000000 0.000000 1.000000 0.000000
0.999352 -0.036005 0.000000 72.625036 0.036005 0.999352 0.000000 7.221595 0.000000 0.000000 1.000000 0.000000
0.999579 -0.029029 0.000000 74.673494 0.029029 0.999579 0.000000 7.231663 0.000000 0.000000 1.000000 0.000000
0.999686 -0.025059 0.000000 76.771785 0.025059 0.999686 0.000000 7.210708 0.000000 0.000000 1.000000 0.000000
0.999766 -0.021653 0.000000 78.818285 0.021653 0.999766 0.000000 7.241514 0.000000 0.000000 1.000000 0.000000
0.999813 -0.019362 0.000000 80.916289 0.019362 0.999813 0.000000 7.344072 0.000000 0.000000 1.000000 0.000000
0.999784 -0.020803 0.000000 83.052764 0.020803 0.999784 0.000000 7.306612 0.000000 0.000000 1.000000 0.000000
0.999681 -0.025250 0.000000 85.104153 0.025250 0.999681 0.000000 7.293813 0.000000 0.000000 1.000000 0.000000
0.999542 -0.030250 0.000000 87.230842 0.030250 0.999542 0.000000 7.316424 0.000000 0.000000 1.000000 0.000000
0.999374 -0.035372 0.000000 89.316745 0.035372 0.999374 0.000000 7.365686 0.000000 0.000000 1.000000 0.000000
0.999215 -0.039607 0.000000 91.386851 0.039607 0.999215 0.000000 7.429273 0.000000 0.000000 1.000000 0.000000
0.998835 -0.048247 0.000000 93.503036 0.048247 0.998835 0.000000 7.450352 0.000000 0.000000 1.000000 0.000000
0.998437 -0.055885 0.000000 95.609258 0.055885 0.998437 0.000000 7.631149 0.000000 0.000000 1.000000 0.000000
0.997906 -0.064674 0.000000 97.658408 0.064674 0.997906 0.000000 7.667019 0.000000 0.000000 1.000000 0.000000
0.997427 -0.071684 0.000000 99.748591 0.071684 0.997427 0.000000 7.734476 0.000000 0.000000 1.000000 0.000000
0.996912 -0.078533 0.000000 101.822045 0.078533 0.996912 0.000000 7.929935 0.000000 0.000000 1.000000 0.000000
0.996498 -0.083618 0.000000 103.843484 0.083618 0.996498 0.000000 8.056369 0.000000 0.000000 1.000000 0.000000
0.995962 -0.089772 0.000000 105.894583 0.089772 0.995962 0.000000 8.162762 0.000000 0.000000 1.000000 0.000000
0.995514 -0.094615 0.000000 107.924711 0.094615 0.995514 0.000000 8.330836 0.000000 0.000000 1.000000 0.000000
0.995156 -0.098312 0.000000 110.007746 0.098312 0.995156 0.000000 8.522256 0.000000 0.000000 1.000000 0.000000
0.994731 -0.102523 0.000000 112.057188 0.102523 0.994731 0.000000 8.719534 0.000000 0.000000 1.000000 0.000000
0.994464 -0.105074 0.000000 114.062385 0.105074 0.994464 0.000000 8.908741 0.000000 0.000000 1.000000 0.000000
0.994261 -0.106984 0.000000 116.063506 0.106984 0.994261 0.000000 9.126106 0.000000 0.000000 1.000000 0.000000
0.994044 -0.108979 0.000000 118.009971 0.108979 0.994044 0.000000 9.302278 0.000000 0.000000 1.000000 0.000000
0.993829 -0.110921 0.000000 120.099408 0.110921 0.993829 0.000000 9.505757 0.000000 0.000000 1.000000 0.000000
0.993987 -0.109499 0.000000 122.109056 0.109499 0.993987 0.000000 9.684682 0.000000 0.000000 1.000000 0.000000
0.994316 -0.106466 0.000000 124.182413 0.106466 0.994316 0.000000 9.891316 0.000000 0.000000 1.000000 0.000000
0.994475 -0.104972 0.000000 126.210629 0.104972 0.994475 0.000000 10.062184 0.000000 0.000000 1.000000 0.000000
0.994944 -0.100428 0.000000 128.314116 0.100428 0.994944 0.000000 10.226180 0.000000 0.000000 1.000000 0.000000
0.995485 -0.094914 0.000000 130.371730 0.094914 0.995485 0.000000 10.429932 0.000000 0.000000 1.000000 0.000000
0.995952 -0.089887 0.000000 132.425518 0.089887 0.995952 0.000000 10.584417 0.000000 0.000000 1.000000 0.000000
0.996354 -0.085320 0.000000 134.533860 0.085320 0.996354 0.000000 10.766349 0.000000 0.000000 1.000000 0.000000
0.996317 -0.085746 0.000000 136.617306 0.085746 0.996317 0.000000 10.871019 0.000000 0.000000 1.000000 0.000000
0.996285 -0.086119 0.000000 138.667274 0.086119 0.996285 0.000000 11.053445 0.000000 0.000000 1.000000 0.000000
0.996188 -0.087238 0.000000 140.797849 0.087238 0.996188 0.000000 11.175403 0.000000 0.000000 1.000000 0.000000
0.996084 -0.088408 0.000000 142.898362 0.088408 0.996084 0.000000 11.310804 0.000000 0.000000 1.000000 0.000000
0.996067 -0.088604 0.000000 145.022155 0.088604 0.996067 0.000000 11.448274 0.000000 0.000000 1.000000 0.000000
0.996203 -0.087058 0.000000 147.090197 0.087058 0.996203 0.000000 11.632276 0.000000 0.000000 1.000000 0.000000
0.996227 -0.086790 0.000000 149.264579 0.086790 0.996227 0.000000 11.835092 0.000000 0.000000 1.000000 0.000000
0.996189 -0.087221 0.000000 151.390389 0.087221 0.996189 0.000000 11.988815 0.000000 0.000000 1.000000 0.000000
0.996164 -0.087501 0.000000 153.545804 0.087501 0.996164 0.000000 12.186324 0.000000 0.000000 1.000000 0.000000
0.995986 -0.089504 0.000000 155.703909 0.089504 0.995986 0.000000 12.336083 0.000000 0.000000 1.000000 0.000000
0.995843 -0.091091 0.000000 157.893144 0.091091 0.995843 0.000000 12.517035 0.000000 0.000000 1.000000 0.000000
0.995597 -0.093735 0.000000 160.065829 0.093735 0.995597 0.000000 12.679155 0.000000 0.000000 1.000000 0.000000
0.995374 -0.096075 0.000000 162.272153 0.096075 0.995374 0.000000 12.867506 0.000000 0.000000 1.000000 0.000000
0.995195 -0.097913 0.000000 164.463889 0.097913 0.995195 0.000000 13.069543 0.000000 0.000000 1.000000 0.000000
0.995139 -0.098479 0.000000 166.670509 0.098479 0.995139 0.000000 13.256730 0.000000 0.000000 1.000000 0.000000
0.995013 -0.099750 0.000000 168.936537 0.099750 0.995013 0.000000 13.422534 0.000000 0.000000 1.000000 0.000000
0.994966 -0.100215 0.000000 171.169469 0.100215 0.994966 0.000000 13.651599 0.000000 0.000000 1.000000 0.000000
0.994872 -0.101139 0.000000 173.373091 0.101139 0.994872 0.000000 13.864438 0.000000 0.000000 1.000000 0.000000
0.994758 -0.102260 0.000000 175.523878 0.102260 0.994758 0.000000 14.080684 0.000000 0.000000 1.000000 0.000000
0.994609 -0.103695 0.000000 177.704195 0.103695 0.994609 0.000000 14.345222 0.000000 0.000000 1.000000 0.000000
0.994545 -0.104309 0.000000 179.888384 0.104309 0.994545 0.000000 14.537078 0.000000 0.000000 1.000000 0.000000
0.994459 -0.105123 0.000000 182.020231 0.105123 0.994459 0.000000 14.746879 0.000000 0.000000 1.000000 0.000000
0.994357 -0.106088 0.000000 184.192197 0.106088 0.994357 0.000000 14.943676 0.000000 0.000000 1.000000 0.000000
0.994287 -0.106739 0.000000 186.297059 0.106739 0.994287 0.000000 15.132629 0.000000 0.000000 1.000000 0.000000
0.994197 -0.107572 0.000000 188.369631 0.107572 0.994197 0.000000 15.319502 0.000000 0.000000 1.000000 0.000000
0.994230 -0.107272 0.000000 190.452479 0.107272 0.994230 0.000000 15.532816 0.000000 0.000000 1.000000 0.000000
0.994217 -0.107393 0.000000 192.523476 0.107393 0.994217 0.000000 15.716591 0.000000 0.000000 1.000000 0.000000
0.994237 -0.107206 0.000000 194.521774 0.107206 0.994237 0.000000 15.907441 0.000000 0.000000 1.000000 0.000000
0.994243 -0.107147 0.000000 196.473847 0.107147 0.994243 0.000000 16.090317 0.000000 0.000000 1.000000 0.000000
0.994256 -0.107033 0.000000 198.405677 0.107033 0.994256 0.000000 16.334251 0.000000 0.000000 1.000000 0.000000
0.994189 -0.107646 0.000000 200.283195 0.107646 0.994189 0.000000 16.523984 0.000000 0.000000 1.000000 0.000000
0.994166 -0.107859 0.000000 202.144735 0.107859 0.994166 0.000000 16.716306 0.000000 0.000000 1.000000 0.000000
0.994104 -0.108428 0.000000 203.941856 0.108428 0.994104 0.000000 16.901518 0.000000 0.000000 1.000000 0.000000
0.994096 -0.108503 0.000000 205.673335 0.108503 0.994096 0.000000 17.095440 0.000000 0.000000 1.000000 0.000000
0.994113 -0.108352 0.000000 207.391237 0.108352 0.994113 0.000000 17.251771 0.000000 0.000000 1.000000 0.000000
0.994292 -0.106690 0.000000 209.065759 0.106690 0.994292 0.000000 17.415361 0.000000 0.000000 1.000000 0.000000
0.994521 -0.104538 0.000000 210.571128 0.104538 0.994521 0.000000 17.573994 0.000000 0.000000 1.000000 0.000000
0.994569 -0.104076 0.000000 212.071054 0.104076 0.994569 0.000000 17.699769 0.000000 0.000000 1.000000 0.000000
0.994903 -0.100841 0.000000 214.780612 0.100841 0.994903 0.000000 17.905501 0.000000 0.000000 1.000000 0.000000
0.995132 -0.098556 0.000000 217.259993 0.098556 0.995132 0.000000 18.105667 0.000000 0.000000 1.000000 0.000000
0.994966 -0.100218 0.000000 219.345611 0.100218 0.994966 0.000000 18.262619 0.000000 0.000000 1.000000 0.000000
0.994264 -0.106958 0.000000 221.279944 0.106958 0.994264 0.000000 18.444136 0.000000 0.000000 1.000000 0.000000
0.993079 -0.117450 0.000000 223.194657 0.117450 0.993079 0.000000 18.612394 0.000000 0.000000 1.000000 0.000000
0.992252 -0.124243 0.000000 224.940632 0.124243 0.992252 0.000000 18.843668 0.000000 0.000000 1.000000 0.000000
0.991035 -0.133601 0.000000 226.600534 0.133601 0.991035 0.000000 19.101284 0.000000 0.000000 1.000000 0.000000
0.989557 -0.144144 0.000000 228.308202 0.144144 0.989557 0.000000 19.264740 0.000000 0.000000 1.000000 0.000000
0.987809 -0.155674 0.000000 230.174266 0.155674 0.987809 0.000000 19.533082 0.000000 0.000000 1.000000 0.000000
0.986499 -0.163769 0.000000 232.034816 0.163769 0.986499 0.000000 19.897208 0.000000 0.000000 1.000000 0.000000
0.984457 -0.175626 0.000000 234.070962 0.175626 0.984457 0.000000 20.186616 0.000000 0.000000 1.000000 0.000000
0.982850 -0.184408 0.000000 236.065429 0.184408 0.982850 0.000000 20.522750 0.000000 0.000000 1.000000 0.000000
0.981496 -0.191483 0.000000 238.125343 0.191483 0.981496 0.000000 20.903837 0.000000 0.000000 1.000000 0.000000
0.981479 -0.191570 0.000000 240.312771 0.191570 0.981479 0.000000 21.332810 0.000000 0.000000 1.000000 0.000000
0.981718 -0.190343 0.000000 242.675950 0.190343 0.981718 0.000000 21.778819 0.000000 0.000000 1.000000 0.000000
0.981768 -0.190085 0.000000 245.166773 0.190085 0.981768 0.000000 22.211184 0.000000 0.000000 1.000000 0.000000
0.982064 -0.188546 0.000000 247.810019 0.188546 0.982064 0.000000 22.693631 0.000000 0.000000 1.000000 0.000000
0.981996 -0.188900 0.000000 250.538904 0.188900 0.981996 0.000000 23.212361 0.000000 0.000000 1.000000 0.000000
0.981730 -0.190277 0.000000 253.359662 0.190277 0.981730 0.000000 23.727657 0.000000 0.000000 1.000000 0.000000
0.981357 -0.192195 0.000000 256.307801 0.192195 0.981357 0.000000 24.294450 0.000000 0.000000 1.000000 0.000000
0.980672 -0.195660 0.000000 257.957472 0.195660 0.980672 0.000000 24.571351 0.000000 0.000000 1.000000 0.000000
0.980198 -0.198022 0.000000 259.516178 0.198022 0.980198 0.000000 24.832252 0.000000 0.000000 1.000000 0.000000
0.980103 -0.198489 0.000000 261.083620 0.198489 0.980103 0.000000 25.186151 0.000000 0.000000 1.000000 0.000000
0.980136 -0.198325 0.000000 262.628317 0.198325 0.980136 0.000000 25.460145 0.000000 0.000000 1.000000 0.000000
0.980106 -0.198472 0.000000 264.242592 0.198472 0.980106 0.000000 25.790874 0.000000 0.000000 1.000000 0.000000
0.980067 -0.198670 0.000000 265.844560 0.198670 0.980067 0.000000 26.115703 0.000000 0.000000 1.000000 0.000000
0.980144 -0.198287 0.000000 267.499145 0.198287 0.980144 0.000000 26.411274 0.000000 0.000000 1.000000 0.000000
0.980186 -0.198079 0.000000 269.140243 0.198079 0.980186 0.000000 26.772998 0.000000 0.000000 1.000000 0.000000
0.980329 -0.197369 0.000000 270.827870 0.197369 0.980329 0.000000 27.073413 0.000000 0.000000 1.000000 0.000000
0.980399 -0.197022 0.000000 272.549466 0.197022 0.980399 0.000000 27.428613 0.000000 0.000000 1.000000 0.000000
0.980188 -0.198071 0.000000 274.405521 0.198071 0.980188 0.000000 27.773185 0.000000 0.000000 1.000000 0.000000
0.979611 -0.200904 0.000000 276.220836 0.200904 0.979611 0.000000 28.118431 0.000000 0.000000 1.000000 0.000000
0.978947 -0.204115 0.000000 277.979540 0.204115 0.978947 0.000000 28.512015 0.000000 0.000000 1.000000 0.000000
0.978882 -0.204427 0.000000 279.752240 0.204427 0.978882 0.000000 28.836280 0.000000 0.000000 1.000000 0.000000
0.978824 -0.204703 0.000000 281.551971 0.204703 0.978824 0.000000 29.202815 0.000000 0.000000 1.000000 0.000000
0.978736 -0.205124 0.000000 283.368553 0.205124 0.978736 0.000000 29.524369 0.000000 0.000000 1.000000 0.000000
0.978925 -0.204219 0.000000 285.139677 0.204219 0.978925 0.000000 29.890652 0.000000 0.000000 1.000000 0.000000
0.978749 -0.205064 0.000000 287.002681 0.205064 0.978749 0.000000 30.197647 0.000000 0.000000 1.000000 0.000000
0.978341 -0.207000 0.000000 288.759021 0.207000 0.978341 0.000000 30.533587 0.000000 0.000000 1.000000 0.000000
0.978054 -0.208351 0.000000 290.605696 0.208351 0.978054 0.000000 30.899757 0.000000 0.000000 1.000000 0.000000
0.977892 -0.209109 0.000000 292.376211 0.209109 0.977892 0.000000 31.259968 0.000000 0.000000 1.000000 0.000000
0.977656 -0.210213 0.000000 294.147286 0.210213 0.977656 0.000000 31.589727 0.000000 0.000000 1.000000 0.000000
0.977442 -0.211205 0.000000 295.859672 0.211205 0.977442 0.000000 31.993978 0.000000 0.000000 1.000000 0.000000
0.977270 -0.212000 0.000000 297.625701 0.212000 0.977270 0.000000 32.314953 0.000000 0.000000 1.000000 0.000000
0.977365 -0.211561 0.000000 299.416263 0.211561 0.977365 0.000000 32.688171 0.000000 0.000000 1.000000 0.000000
0.977524 -0.210825 0.000000 301.102012 0.210825 0.977524 0.000000 33.039940 0.000000 0.000000 1.000000 0.000000
0.978069 -0.208282 0.000000 302.874155 0.208282 0.978069 0.000000 33.369347 0.000000 0.000000 1.000000 0.000000
0.978667 -0.205451 0.000000 304.631408 0.205451 0.978667 0.000000 33.710457 0.000000 0.000000 1.000000 0.000000
0.979223 -0.202787 0.000000 306.460807 0.202787 0.979223 0.000000 34.079380 0.000000 0.000000 1.000000 0.000000
0.979837 -0.199800 0.000000 308.306154 0.199800 0.979837 0.000000 34.395521 0.000000 0.000000 1.000000 0.000000
0.980766 -0.195185 0.000000 310.117128 0.195185 0.980766 0.000000 34.764381 0.000000 0.000000 1.000000 0.000000
0.981179 -0.193100 0.000000 311.974280 0.193100 0.981179 0.000000 35.060723 0.000000 0.000000 1.000000 0.000000
0.981461 -0.191660 0.000000 313.806290 0.191660 0.981461 0.000000 35.411590 0.000000 0.000000 1.000000 0.000000
0.981497 -0.191479 0.000000 315.743027 0.191479 0.981497 0.000000 35.711041 0.000000 0.000000 1.000000 0.000000
0.981665 -0.190615 0.000000 317.671680 0.190615 0.981665 0.000000 36.072971 0.000000 0.000000 1.000000 0.000000
0.981726 -0.190302 0.000000 319.609050 0.190302 0.981726 0.000000 36.438318 0.000000 0.000000 1.000000 0.000000
0.981910 -0.189347 0.000000 321.482991 0.189347 0.981910 0.000000 36.780779 0.000000 0.000000 1.000000 0.000000
0.982584 -0.185818 0.000000 323.352179 0.185818 0.982584 0.000000 37.131832 0.000000 0.000000 1.000000 0.000000
0.983710 -0.179760 0.000000 325.211079 0.179760 0.983710 0.000000 37.398551 0.000000 0.000000 1.000000 0.000000
0.984612 -0.174757 0.000000 327.030951 0.174757 0.984612 0.000000 37.695016 0.000000 0.000000 1.000000 0.000000
0.984849 -0.173413 0.000000 328.792371 0.173413 0.984849 0.000000 37.966668 0.000000 0.000000 1.000000 0.000000
0.985360 -0.170486 0.000000 330.454488 0.170486 0.985360 0.000000 38.240006 0.000000 0.000000 1.000000 0.000000
0.985528 -0.169510 0.000000 332.022202 0.169510 0.985528 0.000000 38.510329 0.000000 0.000000 1.000000 0.000000
0.986136 -0.165942 0.000000 333.525711 0.165942 0.986136 0.000000 38.808929 0.000000 0.000000 1.000000 0.000000
0.986909 -0.161278 0.000000 336.363744 0.161278 0.986909 0.000000 39.183438 0.000000 0.000000 1.000000 0.000000
0.988162 -0.153412 0.000000 338.987138 0.153412 0.988162 0.000000 39.527377 0.000000 0.000000 1.000000 0.000000
0.988824 -0.149087 0.000000 341.287491 0.149087 0.988824 0.000000 39.842565 0.000000 0.000000 1.000000 0.000000
0.989593 -0.143896 0.000000 343.414526 0.143896 0.989593 0.000000 40.121704 0.000000 0.000000 1.000000 0.000000
0.990285 -0.139056 0.000000 345.209426 0.139056 0.990285 0.000000 40.370404 0.000000 0.000000 1.000000 0.000000
0.991086 -0.133222 0.000000 346.856914 0.133222 0.991086 0.000000 40.574692 0.000000 0.000000 1.000000 0.000000
0.992364 -0.123341 0.000000 348.936270 0.123341 0.992364 0.000000 40.791940 0.000000 0.000000 1.000000 0.000000
0.993550 -0.113395 0.000000 350.618991 0.113395 0.993550 0.000000 40.937114 0.000000 0.000000 1.000000 0.000000
0.994210 -0.107458 0.000000 352.151477 0.107458 0.994210 0.000000 41.063375 0.000000 0.000000 1.000000 0.000000
0.993892 -0.110353 0.000000 353.733463 0.110353 0.993892 0.000000 41.177177 0.000000 0.000000 1.000000 0.000000
0.994235 -0.107226 0.000000 355.762755 0.107226 0.994235 0.000000 41.333105 0.000000 0.000000 1.000000 0.000000
0.995364 -0.096183 0.000000 357.304838 0.096183 0.995364 0.000000 41.449078 0.000000 0.000000 1.000000 0.000000
0.997010 -0.077278 0.000000 359.262995 0.077278 0.997010 0.000000 41.560273 0.000000 0.000000 1.000000 0.000000
0.998123 -0.061244 0.000000 361.551508 0.061244 0.998123 0.000000 41.641515 0.000000 0.000000 1.000000 0.000000
0.998726 -0.050459 0.000000 364.199769 0.050459 0.998726 0.000000 41.733679 0.000000 0.000000 1.000000 0.000000
0.999102 -0.042370 0.000000 367.083184 0.042370 0.999102 0.000000 41.830622 0.000000 0.000000 1.000000 0.000000
0.999257 -0.038529 0.000000 368.681197 0.038529 0.999257 0.000000 41.885035 0.000000 0.000000 1.000000 0.000000
0.999436 -0.033585 0.000000 370.280634 0.033585 0.999436 0.000000 41.872777 0.000000 0.000000 1.000000 0.000000
0.999547 -0.030081 0.000000 372.015964 0.030081 0.999547 0.000000 41.913568 0.000000 0.000000 1.000000 0.000000
0.999611 -0.027906 0.000000 373.766542 0.027906 0.999611 0.000000 41.926150 0.000000 0.000000 1.000000 0.000000
0.999621 -0.027530 0.000000 375.525043 0.027530 0.999621 0.000000 41.980986 0.000000 0.000000 1.000000 0.000000
0.999598 -0.028359 0.000000 377.313883 0.028359 0.999598 0.000000 42.011656 0.000000 0.000000 1.000000 0.000000
0.999574 -0.029177 0.000000 379.179130 0.029177 0.999574 0.000000 42.062848 0.000000 0.000000 1.000000 0.000000
0.999458 -0.032909 0.000000 381.064638 0.032909 0.999458 0.000000 42.093254 0.000000 0.000000 1.000000 0.000000
0.999296 -0.037506 0.000000 382.923878 0.037506 0.999296 0.000000 42.105405 0.000000 0.000000 1.000000 0.000000
0.999216 -0.039591 0.000000 384.883932 0.039591 0.999216 0.000000 42.201475 0.000000 0.000000 1.000000 0.000000
0.999169 -0.040756 0.000000 386.813945 0.040756 0.999169 0.000000 42.244212 0.000000 0.000000 1.000000 0.000000
0.999110 -0.042171 0.000000 388.821189 0.042171 0.999110 0.000000 42.302221 0.000000 0.000000 1.000000 0.000000
0.999009 -0.044518 0.000000 390.829596 0.044518 0.999009 0.000000 42.352243 0.000000 0.000000 1.000000 0.000000
0.998756 -0.049855 0.000000 392.849259 0.049855 0.998756 0.000000 42.455387 0.000000 0.000000 1.000000 0.000000
0.998541 -0.054004 0.000000 394.916789 0.054004 0.998541 0.000000 42.605990 0.000000 0.000000 1.000000 0.000000
0.998261 -0.058947 0.000000 397.007034 0.058947 0.998261 0.000000 42.672670 0.000000 0.000000 1.000000 0.000000
0.997990 -0.063366 0.000000 399.093876 0.063366 0.997990 0.000000 42.779457 0.000000 0.000000 1.000000 0.000000
0.997635 -0.068739 0.000000 401.231228 0.068739 0.997635 0.000000 42.859431 0.000000 0.000000 1.000000 0.000000
0.997366 -0.072531 0.000000 403.380142 0.072531 0.997366 0.000000 43.014366 0.000000 0.000000 1.000000 0.000000
0.997051 -0.076737 0.000000 405.468040 0.076737 0.997051 0.000000 43.169528 0.000000 0.000000 1.000000 0.000000
0.996784 -0.080130 0.000000 407.558182 0.080130 0.996784 0.000000 43.273405 0.000000 0.000000 1.000000 0.000000
0.996629 -0.082038 0.000000 409.682538 0.082038 0.996629 0.000000 43.449153 0.000000 0.000000 1.000000 0.000000
0.996440 -0.084299 0.000000 411.761050 0.084299 0.996440 0.000000 43.611923 0.000000 0.000000 1.000000 0.000000
0.996166 -0.087480 0.000000 413.914502 0.087480 0.996166 0.000000 43.745661 0.000000 0.000000 1.000000 0.000000
0.995942 -0.090003 0.000000 415.982483 0.090003 0.995942 0.000000 43.921164 0.000000 0.000000 1.000000 0.000000
0.995793 -0.091634 0.000000 418.118531 0.091634 0.995793 0.000000 44.074484 0.000000 0.000000 1.000000 0.000000
0.995506 -0.094697 0.000000 420.251400 0.094697 0.995506 0.000000 44.281571 0.000000 0.000000 1.000000 0.000000
0.995365 -0.096166 0.000000 422.363369 0.096166 0.995365 0.000000 44.453470 0.000000 0.000000 1.000000 0.000000
0.995185 -0.098011 0.000000 424.462966 0.098011 0.995185 0.000000 44.610605 0.000000 0.000000 1.000000 0.000000
0.994964 -0.100232 0.000000 426.532492 0.100232 0.994964 0.000000 44.804572 0.000000 0.000000 1.000000 0.000000
0.994754 -0.102300 0.000000 428.610845 0.102300 0.994754 0.000000 44.977000 0.000000 0.000000 1.000000 0.000000
0.994570 -0.104068 0.000000 430.717625 0.104068 0.994570 0.000000 45.155243 0.000000 0.000000 1.000000 0.000000
0.994671 -0.103099 0.000000 432.740679 0.103099 0.994671 0.000000 45.326546 0.000000 0.000000 1.000000 0.000000
0.994685 -0.102962 0.000000 434.833516 0.102962 0.994685 0.000000 45.545740 0.000000 0.000000 1.000000 0.000000
0.994600 -0.103779 0.000000 436.918044 0.103779 0.994600 0.000000 45.705541 0.000000 0.000000 1.000000 0.000000
0.994455 -0.105160 0.000000 439.025113 0.105160 0.994455 0.000000 45.899544 0.000000 0.000000 1.000000 0.000000
0.994348 -0.106174 0.000000 441.058449 0.106174 0.994348 0.000000 46.058867 0.000000 0.000000 1.000000 0.000000
0.994327 -0.106371 0.000000 443.081763 0.106371 0.994327 0.000000 46.242022 0.000000 0.000000 1.000000 0.000000
0.994305 -0.106570 0.000000 445.103295 0.106570 0.994305 0.000000 46.422320 0.000000 0.000000 1.000000 0.000000
0.994393 -0.105752 0.000000 447.018081 0.105752 0.994393 0.000000 46.600213 0.000000 0.000000 1.000000 0.000000
0.994495 -0.104779 0.000000 448.970162 0.104779 0.994495 0.000000 46.719844 0.000000 0.000000 1.000000 0.000000
0.994667 -0.103136 0.000000 450.841977 0.103136 0.994667 0.000000 46.961063 0.000000 0.000000 1.000000 0.000000
0.994751 -0.102329 0.000000 452.654218 0.102329 0.994751 0.000000 47.127543 0.000000 0.000000 1.000000 0.000000
0.994853 -0.101329 0.000000 454.337383 0.101329 0.994853 0.000000 47.231246 0.000000 0.000000 1.000000 0.000000
0.995092 -0.098956 0.000000 455.935167 0.098956 0.995092 0.000000 47.400501 0.000000 0.000000 1.000000 0.000000
0.995591 -0.093802 0.000000 457.473127 0.093802 0.995591 0.000000 47.513296 0.000000 0.000000 1.000000 0.000000
0.997739 -0.067215 0.000000 460.293121 0.067215 0.997739 0.000000 47.638397 0.000000 0.000000 1.000000 0.000000
0.999934 -0.011498 0.000000 462.772725 0.011498 0.999934 0.000000 47.672134 0.000000 0.000000 1.000000 0.000000
0.997597 0.069278 0.000000 464.853531 -0.069278 0.997597 -0.000000 47.501722 -0.000000 0.000000 1.000000 0.000000
0.983963 0.178373 0.000000 466.626541 -0.178373 0.983963 -0.000000 47.139997 -0.000000 0.000000 1.000000 0.000000
0.956704 0.291064 0.000000 468.046201 -0.291064 0.956704 -0.000000 46.656791 -0.000000 0.000000 1.000000 0.000000
0.918723 0.394902 0.000000 469.082815 -0.394902 0.918723 -0.000000 45.985720 -0.000000 0.000000 1.000000 0.000000
0.880611 0.473840 0.000000 469.989252 -0.473840 0.880611 -0.000000 45.482174 -0.000000 0.000000 1.000000 0.000000
0.831239 0.555915 0.000000 470.721796 -0.555915 0.831239 -0.000000 44.815656 -0.000000 0.000000 1.000000 0.000000
0.778405 0.627762 0.000000 471.381339 -0.627762 0.778405 -0.000000 44.265995 -0.000000 0.000000 1.000000 0.000000
0.693510 0.720447 0.000000 472.023001 -0.720447 0.693510 -0.000000 43.599603 -0.000000 0.000000 1.000000 0.000000
0.570398 0.821368 0.000000 472.545041 -0.821368 0.570398 -0.000000 42.716795 -0.000000 0.000000 1.000000 0.000000
0.489098 0.872229 0.000000 472.696779 -0.872229 0.489098 -0.000000 42.156561 -0.000000 0.000000 1.000000 0.000000
0.389438 0.921053 0.000000 472.893253 -0.921053 0.389438 -0.000000 41.538419 -0.000000 0.000000 1.000000 0.000000
0.279066 0.960272 0.000000 473.040734 -0.960272 0.279066 -0.000000 40.757476 -0.000000 0.000000 1.000000 0.000000
0.158104 0.987423 0.000000 473.109843 -0.987423 0.158104 -0.000000 40.054991 -0.000000 0.000000 1.000000 0.000000
0.026563 0.999647 0.000000 473.015053 -0.999647 0.026563 -0.000000 39.217961 -0.000000 0.000000 1.000000 0.000000
-0.118157 0.992995 0.000000 472.778766 -0.992995 -0.118157 -0.000000 38.348196 -0.000000 0.000000 1.000000 0.000000
-0.262266 0.964996 0.000000 472.472954 -0.964996 -0.262266 -0.000000 37.321510 -0.000000 0.000000 1.000000 0.000000
-0.394936 0.918709 0.000000 471.951817 -0.918709 -0.394936 -0.000000 36.294546 -0.000000 0.000000 1.000000 0.000000
-0.510100 0.860115 0.000000 471.338389 -0.860115 -0.510100 0.000000 35.415935 0.000000 0.000000 1.000000 0.000000
-0.610302 0.792169 0.000000 470.584510 -0.792169 -0.610302 0.000000 34.526503 0.000000 0.000000 1.000000 0.000000
-0.688519 0.725218 0.000000 469.735791 -0.725218 -0.688519 0.000000 33.621892 0.000000 0.000000 1.000000 0.000000
-0.785734 0.618565 0.000000 467.587923 -0.618565 -0.785734 0.000000 31.966322 0.000000 0.000000 1.000000 0.000000
-0.826867 0.562397 0.000000 465.131183 -0.562397 -0.826867 0.000000 30.454248 0.000000 0.000000 1.000000 0.000000
-0.838180 0.545393 0.000000 463.814759 -0.545393 -0.838180 0.000000 29.727059 0.000000 0.000000 1.000000 0.000000
-0.847453 0.530870 0.000000 462.447414 -0.530870 -0.847453 0.000000 28.919132 0.000000 0.000000 1.000000 0.000000
-0.852292 0.523066 0.000000 460.990747 -0.523066 -0.852292 0.000000 28.070876 0.000000 0.000000 1.000000 0.000000
-0.856304 0.516473 0.000000 459.487555 -0.516473 -0.856304 0.000000 27.271767 0.000000 0.000000 1.000000 0.000000
-0.858972 0.512023 0.000000 457.956910 -0.512023 -0.858972 0.000000 26.407582 0.000000 0.000000 1.000000 0.000000
-0.861682 0.507448 0.000000 456.405477 -0.507448 -0.861682 0.000000 25.590640 0.000000 0.000000 1.000000 0.000000
-0.863865 0.503723 0.000000 454.768612 -0.503723 -0.863865 0.000000 24.685331 0.000000 0.000000 1.000000 0.000000
-0.866917 0.498453 0.000000 453.121724 -0.498453 -0.866917 0.000000 23.781093 0.000000 0.000000 1.000000 0.000000
-0.870335 0.492460 0.000000 451.397547 -0.492460 -0.870335 0.000000 22.812221 0.000000 0.000000 1.000000 0.000000
-0.873123 0.487501 0.000000 449.615027 -0.487501 -0.873123 0.000000 21.868083 0.000000 0.000000 1.000000 0.000000
-0.873652 0.486552 0.000000 447.803303 -0.486552 -0.873652 0.000000 20.867194 0.000000 0.000000 1.000000 0.000000
-0.873446 0.486922 0.000000 445.974702 -0.486922 -0.873446 0.000000 19.864593 0.000000 0.000000 1.000000 0.000000
-0.873204 0.487354 0.000000 444.118665 -0.487354 -0.873204 0.000000 18.927842 0.000000 0.000000 1.000000 0.000000
-0.873350 0.487094 0.000000 442.265551 -0.487094 -0.873350 0.000000 17.885451 0.000000 0.000000 1.000000 0.000000
-0.873437 0.486938 0.000000 440.363909 -0.486938 -0.873437 0.000000 16.876843 0.000000 0.000000 1.000000 0.000000
-0.874685 0.484692 0.000000 438.468014 -0.484692 -0.874685 0.000000 15.832246 0.000000 0.000000 1.000000 0.000000
-0.875362 0.483468 0.000000 436.520333 -0.483468 -0.875362 0.000000 14.810188 0.000000 0.000000 1.000000 0.000000
-0.876645 0.481137 0.000000 434.561298 -0.481137 -0.876645 0.000000 13.785514 0.000000 0.000000 1.000000 0.000000
-0.877880 0.478881 0.000000 432.628258 -0.478881 -0.877880 0.000000 12.712326 0.000000 0.000000 1.000000 0.000000
-0.878914 0.476980 0.000000 430.737017 -0.476980 -0.878914 0.000000 11.727989 0.000000 0.000000 1.000000 0.000000
-0.878932 0.476947 0.000000 428.855526 -0.476947 -0.878932 0.000000 10.695454 0.000000 0.000000 1.000000 0.000000
-0.879206 0.476441 0.000000 426.989400 -0.476441 -0.879206 0.000000 9.716393 0.000000 0.000000 1.000000 0.000000
-0.879338 0.476198 0.000000 425.164079 -0.476198 -0.879338 0.000000 8.766467 0.000000 0.000000 1.000000 0.000000
-0.879335 0.476204 0.000000 423.359769 -0.476204 -0.879335 0.000000 7.844646 0.000000 0.000000 1.000000 0.000000
-0.879753 0.475431 0.000000 421.620613 -0.475431 -0.879753 0.000000 6.911932 0.000000 0.000000 1.000000 0.000000
-0.880943 0.473223 0.000000 419.910182 -0.473223 -0.880943 0.000000 5.975223 0.000000 0.000000 1.000000 0.000000
-0.881326 0.472509 0.000000 418.220651 -0.472509 -0.881326 0.000000 5.114765 0.000000 0.000000 1.000000 0.000000
-0.882362 0.470572 0.000000 416.605456 -0.470572 -0.882362 0.000000 4.321968 0.000000 0.000000 1.000000 0.000000
-0.882955 0.469457 0.000000 415.015747 -0.469457 -0.882955 0.000000 3.476853 0.000000 0.000000 1.000000 0.000000
-0.883584 0.468272 0.000000 413.491581 -0.468272 -0.883584 0.000000 2.639799 0.000000 0.000000 1.000000 0.000000
-0.883704 0.468046 0.000000 412.031001 -0.468046 -0.883704 0.000000 1.883255 0.000000 0.000000 1.000000 0.000000
-0.883679 0.468093 0.000000 410.529475 -0.468093 -0.883679 0.000000 1.122516 0.000000 0.000000 1.000000 0.000000
-0.884395 0.466739 0.000000 409.027703 -0.466739 -0.884395 0.000000 0.309269 0.000000 0.000000 1.000000 0.000000
-0.884673 0.466213 0.000000 407.538907 -0.466213 -0.884673 0.000000 -0.455166 0.000000 0.000000 1.000000 0.000000
-0.885064 0.465468 0.000000 406.005974 -0.465468 -0.885064 0.000000 -1.228981 0.000000 0.000000 1.000000 0.000000
-0.885692 0.464273 0.000000 404.501164 -0.464273 -0.885692 0.000000 -2.030664 0.000000 0.000000 1.000000 0.000000
-0.886480 0.462767 0.000000 402.918661 -0.462767 -0.886480 0.000000 -2.836868 0.000000 0.000000 1.000000 0.000000
-0.886951 0.461863 0.000000 401.346883 -0.461863 -0.886951 0.000000 -3.630860 0.000000 0.000000 1.000000 0.000000
-0.887930 0.459978 0.000000 399.744441 -0.459978 -0.887930 0.000000 -4.425866 0.000000 0.000000 1.000000 0.000000
-0.888631 0.458623 0.000000 398.070666 -0.458623 -0.888631 0.000000 -5.258269 0.000000 0.000000 1.000000 0.000000
-0.889789 0.456372 0.000000 396.422045 -0.456372 -0.889789 0.000000 -6.083190 0.000000 0.000000 1.000000 0.000000
-0.890214 0.455542 0.000000 394.801426 -0.455542 -0.890214 0.000000 -6.931276 0.000000 0.000000 1.000000 0.000000
-0.890961 0.454080 0.000000 393.098602 -0.454080 -0.890961 0.000000 -7.763495 0.000000 0.000000 1.000000 0.000000
-0.892448 0.451150 0.000000 391.375269 -0.451150 -0.892448 0.000000 -8.590101 0.000000 0.000000 1.000000 0.000000
-0.893044 0.449970 0.000000 389.637762 -0.449970 -0.893044 0.000000 -9.416257 0.000000 0.000000 1.000000 0.000000
-0.893653 0.448759 0.000000 387.899388 -0.448759 -0.893653 0.000000 -10.265065 0.000000 0.000000 1.000000 0.000000
-0.894770 0.446526 0.000000 386.165222 -0.446526 -0.894770 0.000000 -11.188144 0.000000 0.000000 1.000000 0.000000
-0.894821 0.446425 0.000000 384.302516 -0.446425 -0.894821 0.000000 -12.067265 0.000000 0.000000 1.000000 0.000000
-0.895342 0.445380 0.000000 382.548014 -0.445380 -0.895342 0.000000 -12.888535 0.000000 0.000000 1.000000 0.000000
-0.895881 0.444294 0.000000 380.713517 -0.444294 -0.895881 0.000000 -13.763889 0.000000 0.000000 1.000000 0.000000
-0.896380 0.443286 0.000000 378.869411 -0.443286 -0.896380 0.000000 -14.628021 0.000000 0.000000 1.000000 0.000000
-0.896937 0.442158 0.000000 377.022063 -0.442158 -0.896937 0.000000 -15.510204 0.000000 0.000000 1.000000 0.000000
-0.897770 0.440465 0.000000 375.137531 -0.440465 -0.897770 0.000000 -16.404806 0.000000 0.000000 1.000000 0.000000
-0.899662 0.436587 0.000000 373.246448 -0.436587 -0.899662 0.000000 -17.294679 0.000000 0.000000 1.000000 0.000000
-0.902268 0.431176 0.000000 371.330678 -0.431176 -0.902268 0.000000 -18.176176 0.000000 0.000000 1.000000 0.000000
-0.905218 0.424948 0.000000 369.405477 -0.424948 -0.905218 0.000000 -19.008485 0.000000 0.000000 1.000000 0.000000
-0.908983 0.416834 0.000000 367.520125 -0.416834 -0.908983 0.000000 -19.852557 0.000000 0.000000 1.000000 0.000000
-0.912300 0.409523 0.000000 365.549962 -0.409523 -0.912300 0.000000 -20.643775 0.000000 0.000000 1.000000 0.000000
-0.916181 0.400766 0.000000 363.592447 -0.400766 -0.916181 0.000000 -21.489149 0.000000 0.000000 1.000000 0.000000
-0.920766 0.390115 0.000000 361.630768 -0.390115 -0.920766 0.000000 -22.315165 0.000000 0.000000 1.000000 0.000000
-0.924405 0.381414 0.000000 359.637306 -0.381414 -0.924405 0.000000 -23.088835 0.000000 0.000000 1.000000 0.000000
-0.928364 0.371673 0.000000 357.647244 -0.371673 -0.928364 0.000000 -23.860456 0.000000 0.000000 1.000000 0.000000
-0.931556 0.363598 0.000000 355.679777 -0.363598 -0.931556 0.000000 -24.640876 0.000000 0.000000 1.000000 0.000000
-0.934049 0.357144 0.000000 353.689741 -0.357144 -0.934049 0.000000 -25.378612 0.000000 0.000000 1.000000 0.000000
-0.935357 0.353706 0.000000 351.715759 -0.353706 -0.935357 0.000000 -26.066925 0.000000 0.000000 1.000000 0.000000
-0.935734 0.352707 0.000000 349.677915 -0.352707 -0.935734 0.000000 -26.802385 0.000000 0.000000 1.000000 0.000000
-0.936295 0.351215 0.000000 347.756706 -0.351215 -0.936295 0.000000 -27.535431 0.000000 0.000000 1.000000 0.000000
-0.936387 0.350970 0.000000 345.796083 -0.350970 -0.936387 0.000000 -28.236701 0.000000 0.000000 1.000000 0.000000
-0.936001 0.351997 0.000000 343.820710 -0.351997 -0.936001 0.000000 -28.945837 0.000000 0.000000 1.000000 0.000000
-0.935959 0.352110 0.000000 341.859274 -0.352110 -0.935959 0.000000 -29.692518 0.000000 0.000000 1.000000 0.000000
-0.935752 0.352660 0.000000 339.884982 -0.352660 -0.935752 0.000000 -30.372734 0.000000 0.000000 1.000000 0.000000
-0.935272 0.353929 0.000000 337.927894 -0.353929 -0.935272 0.000000 -31.125034 0.000000 0.000000 1.000000 0.000000
-0.935024 0.354584 0.000000 335.953892 -0.354584 -0.935024 0.000000 -31.847992 0.000000 0.000000 1.000000 0.000000
-0.932559 0.361019 0.000000 333.976806 -0.361019 -0.932559 0.000000 -32.593657 0.000000 0.000000 1.000000 0.000000
-0.931213 0.364475 0.000000 332.064967 -0.364475 -0.931213 0.000000 -33.314228 0.000000 0.000000 1.000000 0.000000
-0.929119 0.369780 0.000000 330.088898 -0.369780 -0.929119 0.000000 -34.067238 0.000000 0.000000 1.000000 0.000000
-0.927595 0.373588 0.000000 328.144907 -0.373588 -0.927595 0.000000 -34.816753 0.000000 0.000000 1.000000 0.000000
-0.926174 0.377096 0.000000 326.199238 -0.377096 -0.926174 0.000000 -35.581137 0.000000 0.000000 1.000000 0.000000
-0.925074 0.379788 0.000000 324.231488 -0.379788 -0.925074 0.000000 -36.351399 0.000000 0.000000 1.000000 0.000000
-0.924543 0.381077 0.000000 322.299566 -0.381077 -0.924543 0.000000 -37.171252 0.000000 0.000000 1.000000 0.000000
-0.923547 0.383485 0.000000 320.359731 -0.383485 -0.923547 0.000000 -37.882058 0.000000 0.000000 1.000000 0.000000
-0.922808 0.385260 0.000000 318.402880 -0.385260 -0.922808 0.000000 -38.674183 0.000000 0.000000 1.000000 0.000000
-0.922125 0.386893 0.000000 316.484968 -0.386893 -0.922125 0.000000 -39.472179 0.000000 0.000000 1.000000 0.000000
-0.921028 0.389497 0.000000 314.600577 -0.389497 -0.921028 0.000000 -40.270740 0.000000 0.000000 1.000000 0.000000
-0.919680 0.392669 0.000000 312.693561 -0.392669 -0.919680 0.000000 -41.028841 0.000000 0.000000 1.000000 0.000000
-0.918339 0.395795 0.000000 310.849855 -0.395795 -0.918339 0.000000 -41.852916 0.000000 0.000000 1.000000 0.000000
-0.916428 0.400200 0.000000 308.964401 -0.400200 -0.916428 0.000000 -42.661198 0.000000 0.000000 1.000000 0.000000
-0.914605 0.404348 0.000000 307.144133 -0.404348 -0.914605 0.000000 -43.458106 0.000000 0.000000 1.000000 0.000000
-0.913729 0.406325 0.000000 305.300753 -0.406325 -0.913729 0.000000 -44.283464 0.000000 0.000000 1.000000 0.000000
-0.911694 0.410869 0.000000 303.502322 -0.410869 -0.911694 0.000000 -45.063275 0.000000 0.000000 1.000000 0.000000
-0.910788 0.412875 0.000000 301.677899 -0.412875 -0.910788 0.000000 -45.899389 0.000000 0.000000 1.000000 0.000000
-0.910699 0.413071 0.000000 299.839215 -0.413071 -0.910699 0.000000 -46.703319 0.000000 0.000000 1.000000 0.000000
-0.910216 0.414134 0.000000 298.002234 -0.414134 -0.910216 0.000000 -47.436415 0.000000 0.000000 1.000000 0.000000
-0.909671 0.415329 0.000000 296.207211 -0.415329 -0.909671 0.000000 -48.245835 0.000000 0.000000 1.000000 0.000000
-0.909405 0.415911 0.000000 294.376790 -0.415911 -0.909405 0.000000 -49.043766 0.000000 0.000000 1.000000 0.000000
-0.909588 0.415512 0.000000 292.576521 -0.415512 -0.909588 0.000000 -49.837675 0.000000 0.000000 1.000000 0.000000
