0.999137 -0.041526 0.000000 1.040491 0.041526 0.999137 0.000000 0.312983 0.000000 0.000000 1.000000 0.000000 1565943694446610000

0.998592 -0.053045 0.000000 2.702800 0.053045 0.998592 0.000000 0.407746 0.000000 0.000000 1.000000 0.000000 1565943700963489000

0.998309 -0.058128 0.000000 4.777343 0.058128 0.998309 0.000000 0.577222 0.000000 0.000000 1.000000 0.000000 1565943701966096000

0.998027 -0.062791 0.000000 6.898368 0.062791 0.998027 0.000000 0.720440 0.000000 0.000000 1.000000 0.000000 1565943702717649000

0.997808 -0.066175 0.000000 8.632603 0.066175 0.997808 0.000000 0.812747 0.000000 0.000000 1.000000 0.000000 1565943703220795000

0.997448 -0.071393 0.000000 10.704660 0.071393 0.997448 0.000000 0.963748 0.000000 0.000000 1.000000 0.000000 1565943703720972000

0.996831 -0.079551 0.000000 12.921362 0.079551 0.996831 0.000000 1.116077 0.000000 0.000000 1.000000 0.000000 1565943704222060000

0.995987 -0.089494 0.000000 15.370152 0.089494 0.995987 0.000000 1.399002 0.000000 0.000000 1.000000 0.000000 1565943704722912000

0.994986 -0.100016 0.000000 18.116828 0.100016 0.994986 0.000000 1.587567 0.000000 0.000000 1.000000 0.000000 1565943705223832000

0.993549 -0.113405 0.000000 21.079856 0.113405 0.993549 0.000000 1.936667 0.000000 0.000000 1.000000 0.000000 1565943705725175000

0.993072 -0.117506 0.000000 22.623161 0.117506 0.993072 0.000000 2.124220 0.000000 0.000000 1.000000 0.000000 1565943705976023000

0.992454 -0.122618 0.000000 24.196511 0.122618 0.992454 0.000000 2.342151 0.000000 0.000000 1.000000 0.000000 1565943706226669000

0.992096 -0.125480 0.000000 25.835391 0.125480 0.992096 0.000000 2.514429 0.000000 0.000000 1.000000 0.000000 1565943706477139000

0.991869 -0.127262 0.000000 27.489325 0.127262 0.991869 0.000000 2.730004 0.000000 0.000000 1.000000 0.000000 1565943706728044000

0.991657 -0.128903 0.000000 29.251630 0.128903 0.991657 0.000000 2.922249 0.000000 0.000000 1.000000 0.000000 1565943706979443000

0.991490 -0.130186 0.000000 31.009227 0.130186 0.991490 0.000000 3.206778 0.000000 0.000000 1.000000 0.000000 1565943707230143000

0.991753 -0.128160 0.000000 32.843125 0.128160 0.991753 0.000000 3.401410 0.000000 0.000000 1.000000 0.000000 1565943707481094000

0.992302 -0.123842 0.000000 34.736698 0.123842 0.992302 0.000000 3.650162 0.000000 0.000000 1.000000 0.000000 1565943707731325000

0.993002 -0.118095 0.000000 36.635020 0.118095 0.993002 0.000000 3.835788 0.000000 0.000000 1.000000 0.000000 1565943707981869000

0.993878 -0.110487 0.000000 38.622106 0.110487 0.993878 0.000000 4.099762 0.000000 0.000000 1.000000 0.000000 1565943708232165000

0.994552 -0.104242 0.000000 40.626386 0.104242 0.994552 0.000000 4.247215 0.000000 0.000000 1.000000 0.000000 1565943708483372000

0.995311 -0.096731 0.000000 42.656232 0.096731 0.995311 0.000000 4.427069 0.000000 0.000000 1.000000 0.000000 1565943708733453000

0.995973 -0.089652 0.000000 44.779860 0.089652 0.995973 0.000000 4.591972 0.000000 0.000000 1.000000 0.000000 1565943708983682000

0.996724 -0.080876 0.000000 46.885775 0.080876 0.996724 0.000000 4.749183 0.000000 0.000000 1.000000 0.000000 1565943709234564000

0.997317 -0.073201 0.000000 49.082568 0.073201 0.997317 0.000000 4.862848 0.000000 0.000000 1.000000 0.000000 1565943709484793000

0.997803 -0.066252 0.000000 51.264995 0.066252 0.997803 0.000000 5.001504 0.000000 0.000000 1.000000 0.000000 1565943709735208000

0.998318 -0.057978 0.000000 53.568636 0.057978 0.998318 0.000000 5.114988 0.000000 0.000000 1.000000 0.000000 1565943709986460000

0.998717 -0.050635 0.000000 55.824383 0.050635 0.998717 0.000000 5.226285 0.000000 0.000000 1.000000 0.000000 1565943710237028000

0.998911 -0.046648 0.000000 58.180952 0.046648 0.998911 0.000000 5.287843 0.000000 0.000000 1.000000 0.000000 1565943710487122000

0.998873 -0.047469 0.000000 60.523473 0.047469 0.998873 0.000000 5.407413 0.000000 0.000000 1.000000 0.000000 1565943710738122000

0.998778 -0.049424 0.000000 62.954696 0.049424 0.998778 0.000000 5.569358 0.000000 0.000000 1.000000 0.000000 1565943710987685000

0.998684 -0.051292 0.000000 65.388227 0.051292 0.998684 0.000000 5.700134 0.000000 0.000000 1.000000 0.000000 1565943711239866000

0.998623 -0.052462 0.000000 67.857969 0.052462 0.998623 0.000000 5.811429 0.000000 0.000000 1.000000 0.000000 1565943711490493000

0.998661 -0.051735 0.000000 70.371522 0.051735 0.998661 0.000000 5.930232 0.000000 0.000000 1.000000 0.000000 1565943711740090000

0.998694 -0.051096 0.000000 72.947085 0.051096 0.998694 0.000000 6.050733 0.000000 0.000000 1.000000 0.000000 1565943711991146000

0.998720 -0.050574 0.000000 75.522868 0.050574 0.998720 0.000000 6.143334 0.000000 0.000000 1.000000 0.000000 1565943712241087000

0.998783 -0.049323 0.000000 78.078727 0.049323 0.998783 0.000000 6.240677 0.000000 0.000000 1.000000 0.000000 1565943712492026000

0.998835 -0.048254 0.000000 80.730646 0.048254 0.998835 0.000000 6.367228 0.000000 0.000000 1.000000 0.000000 1565943712743233000

0.998876 -0.047408 0.000000 83.391581 0.047408 0.998876 0.000000 6.474610 0.000000 0.000000 1.000000 0.000000 1565943712993560000

0.998875 -0.047424 0.000000 86.069530 0.047424 0.998875 0.000000 6.585283 0.000000 0.000000 1.000000 0.000000 1565943713243900000

0.998909 -0.046696 0.000000 88.804585 0.046696 0.998909 0.000000 6.701226 0.000000 0.000000 1.000000 0.000000 1565943713494906000

0.999034 -0.043955 0.000000 91.533662 0.043955 0.999034 0.000000 6.886460 0.000000 0.000000 1.000000 0.000000 1565943713745377000

0.999128 -0.041762 0.000000 94.239794 0.041762 0.999128 0.000000 6.904376 0.000000 0.000000 1.000000 0.000000 1565943713995638000

0.999239 -0.039006 0.000000 96.966128 0.039006 0.999239 0.000000 7.007455 0.000000 0.000000 1.000000 0.000000 1565943714245755000

0.999390 -0.034916 0.000000 99.645836 0.034916 0.999390 0.000000 7.094930 0.000000 0.000000 1.000000 0.000000 1565943714496290000

0.999478 -0.032316 0.000000 102.266651 0.032316 0.999478 0.000000 7.199013 0.000000 0.000000 1.000000 0.000000 1565943714746878000

0.999477 -0.032346 0.000000 104.894367 0.032346 0.999477 0.000000 7.257466 0.000000 0.000000 1.000000 0.000000 1565943714997385000

0.999441 -0.033425 0.000000 107.506240 0.033425 0.999441 0.000000 7.375926 0.000000 0.000000 1.000000 0.000000 1565943715248436000

0.999421 -0.034039 0.000000 110.107836 0.034039 0.999421 0.000000 7.483149 0.000000 0.000000 1.000000 0.000000 1565943715498941000

0.999305 -0.037271 0.000000 112.649039 0.037271 0.999305 0.000000 7.550597 0.000000 0.000000 1.000000 0.000000 1565943715750188000

0.998888 -0.047150 0.000000 115.151754 0.047150 0.998888 0.000000 7.646564 0.000000 0.000000 1.000000 0.000000 1565943715999524000

0.998315 -0.058023 0.000000 117.672495 0.058023 0.998315 0.000000 7.773095 0.000000 0.000000 1.000000 0.000000 1565943716250101000

0.997527 -0.070283 0.000000 120.211160 0.070283 0.997527 0.000000 7.836055 0.000000 0.000000 1.000000 0.000000 1565943716500841000

0.996516 -0.083401 0.000000 122.793598 0.083401 0.996516 0.000000 8.087954 0.000000 0.000000 1.000000 0.000000 1565943716751019000

0.995606 -0.093646 0.000000 125.290158 0.093646 0.995606 0.000000 8.266255 0.000000 0.000000 1.000000 0.000000 1565943717001733000

0.994673 -0.103083 0.000000 127.797462 0.103083 0.994673 0.000000 8.559448 0.000000 0.000000 1.000000 0.000000 1565943717252167000

0.993799 -0.111188 0.000000 130.315886 0.111188 0.993799 0.000000 8.753759 0.000000 0.000000 1.000000 0.000000 1565943717502544000

0.993535 -0.113522 0.000000 132.868434 0.113522 0.993535 0.000000 9.123777 0.000000 0.000000 1.000000 0.000000 1565943717753298000

0.993190 -0.116504 0.000000 135.436949 0.116504 0.993190 0.000000 9.355135 0.000000 0.000000 1.000000 0.000000 1565943718003818000

0.993128 -0.117037 0.000000 137.984020 0.117037 0.993128 0.000000 9.642833 0.000000 0.000000 1.000000 0.000000 1565943718254543000

0.993257 -0.115932 0.000000 140.562515 0.115932 0.993257 0.000000 9.893287 0.000000 0.000000 1.000000 0.000000 1565943718504956000

0.993665 -0.112385 0.000000 143.088430 0.112385 0.993665 0.000000 10.190278 0.000000 0.000000 1.000000 0.000000 1565943718755429000

0.994555 -0.104209 0.000000 145.634022 0.104209 0.994555 0.000000 10.497730 0.000000 0.000000 1.000000 0.000000 1565943719005867000

0.995133 -0.098543 0.000000 148.119827 0.098543 0.995133 0.000000 10.685181 0.000000 0.000000 1.000000 0.000000 1565943719256663000

0.995695 -0.092692 0.000000 150.638775 0.092692 0.995695 0.000000 10.999126 0.000000 0.000000 1.000000 0.000000 1565943719506597000

0.996388 -0.084918 0.000000 153.056877 0.084918 0.996388 0.000000 11.128816 0.000000 0.000000 1.000000 0.000000 1565943719757240000

0.996832 -0.079532 0.000000 155.569891 0.079532 0.996832 0.000000 11.345196 0.000000 0.000000 1.000000 0.000000 1565943720007856000

0.997217 -0.074551 0.000000 158.042933 0.074551 0.997217 0.000000 11.601864 0.000000 0.000000 1.000000 0.000000 1565943720258680000

0.997516 -0.070442 0.000000 160.416025 0.070442 0.997516 0.000000 11.759535 0.000000 0.000000 1.000000 0.000000 1565943720509320000

0.997811 -0.066129 0.000000 162.805211 0.066129 0.997811 0.000000 11.966154 0.000000 0.000000 1.000000 0.000000 1565943720759818000

0.998102 -0.061590 0.000000 165.169532 0.061590 0.998102 0.000000 12.105340 0.000000 0.000000 1.000000 0.000000 1565943721009980000

0.998347 -0.057473 0.000000 167.580589 0.057473 0.998347 0.000000 12.281025 0.000000 0.000000 1.000000 0.000000 1565943721260725000

0.998609 -0.052732 0.000000 169.906467 0.052732 0.998609 0.000000 12.414800 0.000000 0.000000 1.000000 0.000000 1565943721511009000

0.998824 -0.048487 0.000000 172.265504 0.048487 0.998824 0.000000 12.502556 0.000000 0.000000 1.000000 0.000000 1565943721761744000

0.998989 -0.044947 0.000000 174.547415 0.044947 0.998989 0.000000 12.582372 0.000000 0.000000 1.000000 0.000000 1565943722012376000

0.999051 -0.043563 0.000000 176.832817 0.043563 0.999051 0.000000 12.650205 0.000000 0.000000 1.000000 0.000000 1565943722263116000

0.999071 -0.043100 0.000000 179.101241 0.043100 0.999071 0.000000 12.770041 0.000000 0.000000 1.000000 0.000000 1565943722513447000

0.999182 -0.040444 0.000000 181.351052 0.040444 0.999182 0.000000 12.834640 0.000000 0.000000 1.000000 0.000000 1565943722763978000

0.999179 -0.040508 0.000000 183.589566 0.040508 0.999179 0.000000 12.952665 0.000000 0.000000 1.000000 0.000000 1565943723014712000

0.999227 -0.039307 0.000000 185.802309 0.039307 0.999227 0.000000 13.058242 0.000000 0.000000 1.000000 0.000000 1565943723265272000

0.999275 -0.038064 0.000000 188.008183 0.038064 0.999275 0.000000 13.104120 0.000000 0.000000 1.000000 0.000000 1565943723515788000

0.999284 -0.037835 0.000000 190.194179 0.037835 0.999284 0.000000 13.145937 0.000000 0.000000 1.000000 0.000000 1565943723766146000

0.999276 -0.038038 0.000000 192.350260 0.038038 0.999276 0.000000 13.271351 0.000000 0.000000 1.000000 0.000000 1565943724016550000

0.999208 -0.039802 0.000000 194.464030 0.039802 0.999208 0.000000 13.324990 0.000000 0.000000 1.000000 0.000000 1565943724270774000

0.999182 -0.040444 0.000000 196.575380 0.040444 0.999182 0.000000 13.444005 0.000000 0.000000 1.000000 0.000000 1565943724517663000

0.999124 -0.041853 0.000000 198.659059 0.041853 0.999124 0.000000 13.471364 0.000000 0.000000 1.000000 0.000000 1565943724767465000

0.999107 -0.042260 0.000000 200.706083 0.042260 0.999107 0.000000 13.629912 0.000000 0.000000 1.000000 0.000000 1565943725019162000

0.999116 -0.042036 0.000000 202.769044 0.042036 0.999116 0.000000 13.681205 0.000000 0.000000 1.000000 0.000000 1565943725277179000

0.999084 -0.042796 0.000000 204.766336 0.042796 0.999084 0.000000 13.800634 0.000000 0.000000 1.000000 0.000000 1565943725520290000

0.999094 -0.042556 0.000000 206.801662 0.042556 0.999094 0.000000 13.947247 0.000000 0.000000 1.000000 0.000000 1565943725770787000

0.999071 -0.043104 0.000000 208.749655 0.043104 0.999071 0.000000 14.008321 0.000000 0.000000 1.000000 0.000000 1565943726021669000

0.999121 -0.041918 0.000000 210.663135 0.041918 0.999121 0.000000 14.080780 0.000000 0.000000 1.000000 0.000000 1565943726271476000

0.999106 -0.042265 0.000000 212.565074 0.042265 0.999106 0.000000 14.153391 0.000000 0.000000 1.000000 0.000000 1565943726522162000

0.999003 -0.044637 0.000000 214.398726 0.044637 0.999003 0.000000 14.200811 0.000000 0.000000 1.000000 0.000000 1565943726773011000

0.999088 -0.042695 0.000000 216.256349 0.042695 0.999088 0.000000 14.312247 0.000000 0.000000 1.000000 0.000000 1565943727023391000

0.999157 -0.041050 0.000000 218.021051 0.041050 0.999157 0.000000 14.387052 0.000000 0.000000 1.000000 0.000000 1565943727276535000

0.999167 -0.040811 0.000000 219.741860 0.040811 0.999167 0.000000 14.423537 0.000000 0.000000 1.000000 0.000000 1565943727524003000

0.999265 -0.038327 0.000000 221.421810 0.038327 0.999265 0.000000 14.519961 0.000000 0.000000 1.000000 0.000000 1565943727774882000

0.999384 -0.035083 0.000000 223.046713 0.035083 0.999384 0.000000 14.607773 0.000000 0.000000 1.000000 0.000000 1565943728025241000

0.999380 -0.035208 0.000000 224.667767 0.035208 0.999380 0.000000 14.602910 0.000000 0.000000 1.000000 0.000000 1565943728275420000

0.999465 -0.032695 0.000000 226.181233 0.032695 0.999465 0.000000 14.737063 0.000000 0.000000 1.000000 0.000000 1565943728525978000

0.999557 -0.029753 0.000000 228.992629 0.029753 0.999557 0.000000 14.776681 0.000000 0.000000 1.000000 0.000000 1565943729026989000

0.999576 -0.029116 0.000000 231.626033 0.029116 0.999576 0.000000 14.781262 0.000000 0.000000 1.000000 0.000000 1565943729527757000

0.999489 -0.031959 0.000000 233.996291 0.031959 0.999489 0.000000 14.839721 0.000000 0.000000 1.000000 0.000000 1565943730027702000

0.999518 -0.031060 0.000000 235.899841 0.031060 0.999518 0.000000 14.934381 0.000000 0.000000 1.000000 0.000000 1565943730529199000

0.999515 -0.031129 0.000000 237.463359 0.031129 0.999515 0.000000 14.944669 0.000000 0.000000 1.000000 0.000000 1565943731029142000

0.999537 -0.030440 0.000000 239.191564 0.030440 0.999537 0.000000 14.973266 0.000000 0.000000 1.000000 0.000000 1565943731779882000

0.999540 -0.030325 0.000000 240.749212 0.030325 0.999540 0.000000 14.991290 0.000000 0.000000 1.000000 0.000000 1565943733783441000

0.999586 -0.028767 0.000000 242.371456 0.028767 0.999586 0.000000 15.040906 0.000000 0.000000 1.000000 0.000000 1565943788673030000

0.999597 -0.028379 0.000000 244.126100 0.028379 0.999597 0.000000 15.128863 0.000000 0.000000 1.000000 0.000000 1565943789926699000

0.999598 -0.028360 0.000000 246.118910 0.028360 0.999598 0.000000 15.116691 0.000000 0.000000 1.000000 0.000000 1565943790679931000

0.999612 -0.027868 0.000000 247.868908 0.027868 0.999612 0.000000 15.214685 0.000000 0.000000 1.000000 0.000000 1565943791181542000

0.999606 -0.028078 0.000000 249.905536 0.028078 0.999606 0.000000 15.224411 0.000000 0.000000 1.000000 0.000000 1565943791682731000

0.999570 -0.029308 0.000000 252.229349 0.029308 0.999570 0.000000 15.266772 0.000000 0.000000 1.000000 0.000000 1565943792184835000

0.999485 -0.032098 0.000000 254.802569 0.032098 0.999485 0.000000 15.375346 0.000000 0.000000 1.000000 0.000000 1565943792686076000

0.999433 -0.033671 0.000000 257.696802 0.033671 0.999433 0.000000 15.487113 0.000000 0.000000 1.000000 0.000000 1565943793187284000

0.999294 -0.037566 0.000000 260.835367 0.037566 0.999294 0.000000 15.532208 0.000000 0.000000 1.000000 0.000000 1565943793688602000

0.999309 -0.037170 0.000000 262.458553 0.037170 0.999309 0.000000 15.586087 0.000000 0.000000 1.000000 0.000000 1565943793940176000

0.999253 -0.038643 0.000000 264.178791 0.038643 0.999253 0.000000 15.592886 0.000000 0.000000 1.000000 0.000000 1565943794190675000

0.999193 -0.040178 0.000000 265.985733 0.040178 0.999193 0.000000 15.634460 0.000000 0.000000 1.000000 0.000000 1565943794441187000

0.999127 -0.041788 0.000000 267.840858 0.041788 0.999127 0.000000 15.730370 0.000000 0.000000 1.000000 0.000000 1565943794692732000

0.999096 -0.042511 0.000000 269.736955 0.042511 0.999096 0.000000 15.804464 0.000000 0.000000 1.000000 0.000000 1565943794943765000

0.999118 -0.041993 0.000000 271.659435 0.041993 0.999118 0.000000 15.912246 0.000000 0.000000 1.000000 0.000000 1565943795193121000

0.999008 -0.044523 0.000000 273.700046 0.044523 0.999008 0.000000 15.988263 0.000000 0.000000 1.000000 0.000000 1565943795443590000

0.999021 -0.044236 0.000000 275.794502 0.044236 0.999021 0.000000 16.074984 0.000000 0.000000 1.000000 0.000000 1565943795694736000

0.999032 -0.043990 0.000000 277.921105 0.043990 0.999032 0.000000 16.167780 0.000000 0.000000 1.000000 0.000000 1565943795945285000

0.999100 -0.042429 0.000000 280.052375 0.042429 0.999100 0.000000 16.281810 0.000000 0.000000 1.000000 0.000000 1565943796196309000

0.999088 -0.042698 0.000000 282.330054 0.042698 0.999088 0.000000 16.324298 0.000000 0.000000 1.000000 0.000000 1565943796446788000

0.999167 -0.040801 0.000000 284.629052 0.040801 0.999167 0.000000 16.405905 0.000000 0.000000 1.000000 0.000000 1565943796698799000

0.999225 -0.039356 0.000000 286.968846 0.039356 0.999225 0.000000 16.526050 0.000000 0.000000 1.000000 0.000000 1565943796948852000

0.999274 -0.038090 0.000000 289.413137 0.038090 0.999274 0.000000 16.601766 0.000000 0.000000 1.000000 0.000000 1565943797199586000

0.999293 -0.037602 0.000000 291.823060 0.037602 0.999293 0.000000 16.649909 0.000000 0.000000 1.000000 0.000000 1565943797450329000

0.999285 -0.037822 0.000000 294.323144 0.037822 0.999285 0.000000 16.726354 0.000000 0.000000 1.000000 0.000000 1565943797700891000

0.999292 -0.037616 0.000000 296.843104 0.037616 0.999292 0.000000 16.804403 0.000000 0.000000 1.000000 0.000000 1565943797951684000

0.999309 -0.037158 0.000000 299.442989 0.037158 0.999309 0.000000 16.880739 0.000000 0.000000 1.000000 0.000000 1565943798202025000

0.999316 -0.036991 0.000000 302.043689 0.036991 0.999316 0.000000 16.961371 0.000000 0.000000 1.000000 0.000000 1565943798453101000

0.999312 -0.037101 0.000000 304.700133 0.037101 0.999312 0.000000 17.046975 0.000000 0.000000 1.000000 0.000000 1565943798703412000

0.999229 -0.039265 0.000000 307.388288 0.039265 0.999229 0.000000 17.141722 0.000000 0.000000 1.000000 0.000000 1565943798954546000

0.999211 -0.039710 0.000000 310.138995 0.039710 0.999211 0.000000 17.238199 0.000000 0.000000 1.000000 0.000000 1565943799204842000

0.999230 -0.039227 0.000000 312.907810 0.039227 0.999230 0.000000 17.303477 0.000000 0.000000 1.000000 0.000000 1565943799455438000

0.999205 -0.039862 0.000000 315.705484 0.039862 0.999205 0.000000 17.435710 0.000000 0.000000 1.000000 0.000000 1565943799705941000

0.999187 -0.040327 0.000000 318.522024 0.040327 0.999187 0.000000 17.519760 0.000000 0.000000 1.000000 0.000000 1565943799955906000

0.999152 -0.041174 0.000000 321.398216 0.041174 0.999152 0.000000 17.645513 0.000000 0.000000 1.000000 0.000000 1565943800206813000

0.999166 -0.040837 0.000000 324.306602 0.040837 0.999166 0.000000 17.731447 0.000000 0.000000 1.000000 0.000000 1565943800458600000

0.999131 -0.041688 0.000000 327.200886 0.041688 0.999131 0.000000 17.817073 0.000000 0.000000 1.000000 0.000000 1565943800708692000

0.999167 -0.040798 0.000000 330.130026 0.040798 0.999167 0.000000 17.935184 0.000000 0.000000 1.000000 0.000000 1565943800959274000

0.999183 -0.040404 0.000000 333.083207 0.040404 0.999183 0.000000 18.049134 0.000000 0.000000 1.000000 0.000000 1565943801210011000

0.999185 -0.040362 0.000000 336.038176 0.040362 0.999185 0.000000 18.171796 0.000000 0.000000 1.000000 0.000000 1565943801460645000

0.999234 -0.039133 0.000000 339.101453 0.039133 0.999234 0.000000 18.302763 0.000000 0.000000 1.000000 0.000000 1565943801711554000

0.999241 -0.038959 0.000000 342.152283 0.038959 0.999241 0.000000 18.399494 0.000000 0.000000 1.000000 0.000000 1565943801962207000

0.999220 -0.039478 0.000000 345.170789 0.039478 0.999220 0.000000 18.508453 0.000000 0.000000 1.000000 0.000000 1565943802212863000

0.999244 -0.038871 0.000000 348.194964 0.038871 0.999244 0.000000 18.628245 0.000000 0.000000 1.000000 0.000000 1565943802463263000

0.999279 -0.037978 0.000000 351.300947 0.037978 0.999279 0.000000 18.731097 0.000000 0.000000 1.000000 0.000000 1565943802713668000

0.999272 -0.038144 0.000000 354.514210 0.038144 0.999272 0.000000 18.767630 0.000000 0.000000 1.000000 0.000000 1565943802963945000

0.999273 -0.038137 0.000000 357.637644 0.038137 0.999273 0.000000 18.917697 0.000000 0.000000 1.000000 0.000000 1565943803214756000

0.999264 -0.038364 0.000000 360.734514 0.038364 0.999264 0.000000 19.046879 0.000000 0.000000 1.000000 0.000000 1565943803465889000

0.999199 -0.040023 0.000000 363.932188 0.040023 0.999199 0.000000 19.153318 0.000000 0.000000 1.000000 0.000000 1565943803716608000

0.999162 -0.040922 0.000000 367.120869 0.040922 0.999162 0.000000 19.310274 0.000000 0.000000 1.000000 0.000000 1565943803966961000

0.999072 -0.043061 0.000000 370.514822 0.043061 0.999072 0.000000 19.396975 0.000000 0.000000 1.000000 0.000000 1565943804217799000

0.998958 -0.045645 0.000000 373.813816 0.045645 0.998958 0.000000 19.507396 0.000000 0.000000 1.000000 0.000000 1565943804468410000

0.998998 -0.044745 0.000000 377.066094 0.044745 0.998998 0.000000 19.636184 0.000000 0.000000 1.000000 0.000000 1565943804719118000

0.999037 -0.043885 0.000000 380.406934 0.043885 0.999037 0.000000 19.783056 0.000000 0.000000 1.000000 0.000000 1565943804969600000

0.999094 -0.042551 0.000000 383.747319 0.042551 0.999094 0.000000 19.887316 0.000000 0.000000 1.000000 0.000000 1565943805220611000

0.999082 -0.042849 0.000000 387.093815 0.042849 0.999082 0.000000 20.001954 0.000000 0.000000 1.000000 0.000000 1565943805471045000

0.999139 -0.041498 0.000000 390.467473 0.041498 0.999139 0.000000 20.150802 0.000000 0.000000 1.000000 0.000000 1565943805721736000

0.999185 -0.040370 0.000000 393.826120 0.040370 0.999185 0.000000 20.292206 0.000000 0.000000 1.000000 0.000000 1565943805973066000

0.999214 -0.039653 0.000000 397.231112 0.039653 0.999214 0.000000 20.407793 0.000000 0.000000 1.000000 0.000000 1565943806223320000

0.999259 -0.038483 0.000000 400.656877 0.038483 0.999259 0.000000 20.485145 0.000000 0.000000 1.000000 0.000000 1565943806473647000

0.999269 -0.038238 0.000000 404.082015 0.038238 0.999269 0.000000 20.564170 0.000000 0.000000 1.000000 0.000000 1565943806724439000

0.999256 -0.038559 0.000000 407.523731 0.038559 0.999256 0.000000 20.725356 0.000000 0.000000 1.000000 0.000000 1565943806974727000

0.999241 -0.038943 0.000000 410.929609 0.038943 0.999241 0.000000 20.769235 0.000000 0.000000 1.000000 0.000000 1565943807225237000

0.999241 -0.038951 0.000000 414.374731 0.038951 0.999241 0.000000 20.919717 0.000000 0.000000 1.000000 0.000000 1565943807476084000

0.999215 -0.039616 0.000000 417.830116 0.039616 0.999215 0.000000 21.013671 0.000000 0.000000 1.000000 0.000000 1565943807726559000

0.999163 -0.040914 0.000000 421.375832 0.040914 0.999163 0.000000 21.134997 0.000000 0.000000 1.000000 0.000000 1565943807977599000

0.999160 -0.040968 0.000000 424.960586 0.040968 0.999160 0.000000 21.278489 0.000000 0.000000 1.000000 0.000000 1565943808228668000

0.999187 -0.040325 0.000000 428.402689 0.040325 0.999187 0.000000 21.385594 0.000000 0.000000 1.000000 0.000000 1565943808478055000

0.999135 -0.041577 0.000000 431.920481 0.041577 0.999135 0.000000 21.612699 0.000000 0.000000 1.000000 0.000000 1565943808728855000

0.999092 -0.042600 0.000000 435.394639 0.042600 0.999092 0.000000 21.645891 0.000000 0.000000 1.000000 0.000000 1565943808979581000

0.999070 -0.043112 0.000000 438.966421 0.043112 0.999070 0.000000 21.780098 0.000000 0.000000 1.000000 0.000000 1565943809230145000

0.999022 -0.044207 0.000000 442.535229 0.044207 0.999022 0.000000 21.834372 0.000000 0.000000 1.000000 0.000000 1565943809480617000

0.999074 -0.043017 0.000000 446.076082 0.043017 0.999074 0.000000 22.029339 0.000000 0.000000 1.000000 0.000000 1565943809731468000

0.999053 -0.043507 0.000000 449.652374 0.043507 0.999053 0.000000 22.173225 0.000000 0.000000 1.000000 0.000000 1565943809982085000

0.999062 -0.043298 0.000000 453.266277 0.043298 0.999062 0.000000 22.332738 0.000000 0.000000 1.000000 0.000000 1565943810232956000

0.999152 -0.041182 0.000000 456.880682 0.041182 0.999152 0.000000 22.477153 0.000000 0.000000 1.000000 0.000000 1565943810483452000

0.999226 -0.039325 0.000000 460.537679 0.039325 0.999226 0.000000 22.586290 0.000000 0.000000 1.000000 0.000000 1565943810734213000

0.999278 -0.037984 0.000000 464.215226 0.037984 0.999278 0.000000 22.701624 0.000000 0.000000 1.000000 0.000000 1565943810985480000

0.999331 -0.036566 0.000000 467.865972 0.036566 0.999331 0.000000 22.796685 0.000000 0.000000 1.000000 0.000000 1565943811235393000

0.999419 -0.034071 0.000000 471.642601 0.034071 0.999419 0.000000 22.955267 0.000000 0.000000 1.000000 0.000000 1565943811485746000

0.999444 -0.033327 0.000000 475.308092 0.033327 0.999444 0.000000 23.030063 0.000000 0.000000 1.000000 0.000000 1565943811737038000

0.999409 -0.034383 0.000000 478.997334 0.034383 0.999409 0.000000 23.162829 0.000000 0.000000 1.000000 0.000000 1565943811991081000

0.999409 -0.034378 0.000000 482.695640 0.034378 0.999409 0.000000 23.288899 0.000000 0.000000 1.000000 0.000000 1565943812238270000

0.999428 -0.033831 0.000000 486.423476 0.033831 0.999428 0.000000 23.297378 0.000000 0.000000 1.000000 0.000000 1565943812488430000

0.999411 -0.034322 0.000000 490.116396 0.034322 0.999411 0.000000 23.442370 0.000000 0.000000 1.000000 0.000000 1565943812739253000

0.999388 -0.034990 0.000000 493.877266 0.034990 0.999388 0.000000 23.525683 0.000000 0.000000 1.000000 0.000000 1565943812989898000

0.999338 -0.036372 0.000000 497.650700 0.036372 0.999338 0.000000 23.621383 0.000000 0.000000 1.000000 0.000000 1565943813240421000

0.999153 -0.041141 0.000000 501.396031 0.041141 0.999153 0.000000 23.737198 0.000000 0.000000 1.000000 0.000000 1565943813490591000

0.999076 -0.042984 0.000000 505.198389 0.042984 0.999076 0.000000 23.903804 0.000000 0.000000 1.000000 0.000000 1565943813741362000

0.999035 -0.043912 0.000000 509.015021 0.043912 0.999035 0.000000 24.059955 0.000000 0.000000 1.000000 0.000000 1565943813991648000

0.998919 -0.046485 0.000000 512.685023 0.046485 0.998919 0.000000 24.233691 0.000000 0.000000 1.000000 0.000000 1565943814242280000

0.998842 -0.048110 0.000000 516.391196 0.048110 0.998842 0.000000 24.313300 0.000000 0.000000 1.000000 0.000000 1565943814492784000

0.998929 -0.046271 0.000000 520.066893 0.046271 0.998929 0.000000 24.523926 0.000000 0.000000 1.000000 0.000000 1565943814742918000

0.999057 -0.043407 0.000000 523.803558 0.043407 0.999057 0.000000 24.648402 0.000000 0.000000 1.000000 0.000000 1565943814996173000

0.999207 -0.039809 0.000000 527.485227 0.039809 0.999207 0.000000 24.717434 0.000000 0.000000 1.000000 0.000000 1565943815244252000

0.999382 -0.035147 0.000000 531.107880 0.035147 0.999382 0.000000 24.865730 0.000000 0.000000 1.000000 0.000000 1565943815494435000

0.999411 -0.034305 0.000000 534.691083 0.034305 0.999411 0.000000 24.921047 0.000000 0.000000 1.000000 0.000000 1565943815745280000

0.999378 -0.035269 0.000000 538.380121 0.035269 0.999378 0.000000 25.062520 0.000000 0.000000 1.000000 0.000000 1565943815996112000

0.999260 -0.038454 0.000000 542.030179 0.038454 0.999260 0.000000 25.124917 0.000000 0.000000 1.000000 0.000000 1565943816246345000

0.999057 -0.043417 0.000000 545.655914 0.043417 0.999057 0.000000 25.225900 0.000000 0.000000 1.000000 0.000000 1565943816496213000

0.998935 -0.046146 0.000000 549.338401 0.046146 0.998935 0.000000 25.409554 0.000000 0.000000 1.000000 0.000000 1565943816748943000

0.998608 -0.052743 0.000000 552.969427 0.052743 0.998608 0.000000 25.473340 0.000000 0.000000 1.000000 0.000000 1565943816999848000

0.998622 -0.052478 0.000000 556.614332 0.052478 0.998622 0.000000 25.600572 0.000000 0.000000 1.000000 0.000000 1565943817249386000

0.998688 -0.051218 0.000000 560.285344 0.051218 0.998688 0.000000 25.799087 0.000000 0.000000 1.000000 0.000000 1565943817500132000

0.998781 -0.049357 0.000000 564.016113 0.049357 0.998781 0.000000 25.965962 0.000000 0.000000 1.000000 0.000000 1565943817751211000

0.998814 -0.048684 0.000000 567.615475 0.048684 0.998814 0.000000 26.136170 0.000000 0.000000 1.000000 0.000000 1565943818002996000

0.998877 -0.047384 0.000000 571.313585 0.047384 0.998877 0.000000 26.290815 0.000000 0.000000 1.000000 0.000000 1565943818252792000

0.998858 -0.047768 0.000000 574.961675 0.047768 0.998858 0.000000 26.487136 0.000000 0.000000 1.000000 0.000000 1565943818503077000

0.998884 -0.047226 0.000000 578.620701 0.047226 0.998884 0.000000 26.580686 0.000000 0.000000 1.000000 0.000000 1565943818753902000

0.998823 -0.048508 0.000000 582.324910 0.048508 0.998823 0.000000 26.808277 0.000000 0.000000 1.000000 0.000000 1565943819004551000

0.998764 -0.049713 0.000000 586.059948 0.049713 0.998764 0.000000 26.963162 0.000000 0.000000 1.000000 0.000000 1565943819255162000

0.998686 -0.051243 0.000000 589.695892 0.051243 0.998686 0.000000 27.136301 0.000000 0.000000 1.000000 0.000000 1565943819505740000

0.998743 -0.050114 0.000000 593.422240 0.050114 0.998743 0.000000 27.360430 0.000000 0.000000 1.000000 0.000000 1565943819756197000

0.998767 -0.049635 0.000000 597.100651 0.049635 0.998767 0.000000 27.504623 0.000000 0.000000 1.000000 0.000000 1565943820006693000

0.998768 -0.049621 0.000000 600.814765 0.049621 0.998768 0.000000 27.608835 0.000000 0.000000 1.000000 0.000000 1565943820257656000

0.998742 -0.050135 0.000000 604.502128 0.050135 0.998742 0.000000 27.793297 0.000000 0.000000 1.000000 0.000000 1565943820509334000

0.998700 -0.050983 0.000000 608.284499 0.050983 0.998700 0.000000 27.977501 0.000000 0.000000 1.000000 0.000000 1565943820758281000

0.998610 -0.052704 0.000000 611.948699 0.052704 0.998610 0.000000 28.096072 0.000000 0.000000 1.000000 0.000000 1565943821009420000

0.998532 -0.054173 0.000000 615.578194 0.054173 0.998532 0.000000 28.306216 0.000000 0.000000 1.000000 0.000000 1565943821261061000

0.998527 -0.054253 0.000000 619.272131 0.054253 0.998527 0.000000 28.471711 0.000000 0.000000 1.000000 0.000000 1565943821510260000

0.998544 -0.053935 0.000000 622.924730 0.053935 0.998544 0.000000 28.630046 0.000000 0.000000 1.000000 0.000000 1565943821760345000

0.998649 -0.051967 0.000000 626.619372 0.051967 0.998649 0.000000 28.777771 0.000000 0.000000 1.000000 0.000000 1565943822011202000

0.998823 -0.048509 0.000000 630.261226 0.048509 0.998823 0.000000 28.950502 0.000000 0.000000 1.000000 0.000000 1565943822261406000

0.998984 -0.045057 0.000000 633.908119 0.045057 0.998984 0.000000 29.083551 0.000000 0.000000 1.000000 0.000000 1565943822512454000

0.999068 -0.043159 0.000000 637.549724 0.043159 0.999068 0.000000 29.186672 0.000000 0.000000 1.000000 0.000000 1565943822762878000

0.999205 -0.039876 0.000000 641.193331 0.039876 0.999205 0.000000 29.313632 0.000000 0.000000 1.000000 0.000000 1565943823012963000

0.999319 -0.036907 0.000000 644.788669 0.036907 0.999319 0.000000 29.409802 0.000000 0.000000 1.000000 0.000000 1565943823263891000

0.999380 -0.035211 0.000000 648.351786 0.035211 0.999380 0.000000 29.484008 0.000000 0.000000 1.000000 0.000000 1565943823514194000

0.999535 -0.030488 0.000000 651.988339 0.030488 0.999535 0.000000 29.610995 0.000000 0.000000 1.000000 0.000000 1565943823764612000

0.999642 -0.026770 0.000000 655.557899 0.026770 0.999642 0.000000 29.681135 0.000000 0.000000 1.000000 0.000000 1565943824015349000

0.999731 -0.023201 0.000000 659.139584 0.023201 0.999731 0.000000 29.763035 0.000000 0.000000 1.000000 0.000000 1565943824265839000

0.999829 -0.018507 0.000000 662.721249 0.018507 0.999829 0.000000 29.795729 0.000000 0.000000 1.000000 0.000000 1565943824516736000

0.999933 -0.011564 0.000000 666.290433 0.011564 0.999933 0.000000 29.826604 0.000000 0.000000 1.000000 0.000000 1565943824767192000

0.999986 -0.005268 0.000000 669.876201 0.005268 0.999986 0.000000 29.815409 0.000000 0.000000 1.000000 0.000000 1565943825018320000

0.999997 0.002643 0.000000 673.451587 -0.002643 0.999997 -0.000000 29.811274 -0.000000 0.000000 1.000000 0.000000 1565943825269103000

0.999917 0.012851 0.000000 677.065827 -0.012851 0.999917 -0.000000 29.739252 -0.000000 0.000000 1.000000 0.000000 1565943825519353000

0.999745 0.022593 0.000000 680.638610 -0.022593 0.999745 -0.000000 29.681507 -0.000000 0.000000 1.000000 0.000000 1565943825769861000

0.999517 0.031090 0.000000 684.185131 -0.031090 0.999517 -0.000000 29.542369 -0.000000 0.000000 1.000000 0.000000 1565943826020219000

0.999219 0.039510 0.000000 687.806486 -0.039510 0.999219 -0.000000 29.401583 -0.000000 0.000000 1.000000 0.000000 1565943826270914000

0.998928 0.046298 0.000000 691.333830 -0.046298 0.998928 -0.000000 29.216700 -0.000000 0.000000 1.000000 0.000000 1565943826521721000

0.998805 0.048878 0.000000 694.859403 -0.048878 0.998805 -0.000000 29.008897 -0.000000 0.000000 1.000000 0.000000 1565943826772020000

0.998853 0.047885 0.000000 698.490245 -0.047885 0.998853 -0.000000 28.775223 -0.000000 0.000000 1.000000 0.000000 1565943827023949000

0.998825 0.048455 0.000000 702.003781 -0.048455 0.998825 -0.000000 28.608842 -0.000000 0.000000 1.000000 0.000000 1565943827273603000

0.998791 0.049166 0.000000 705.561694 -0.049166 0.998791 -0.000000 28.367131 -0.000000 0.000000 1.000000 0.000000 1565943827524531000

0.998652 0.051897 0.000000 709.074277 -0.051897 0.998652 -0.000000 28.177268 -0.000000 0.000000 1.000000 0.000000 1565943827775056000

0.998457 0.055526 0.000000 712.632852 -0.055526 0.998457 -0.000000 27.966760 -0.000000 0.000000 1.000000 0.000000 1565943828025796000

0.998246 0.059204 0.000000 716.172322 -0.059204 0.998246 -0.000000 27.703196 -0.000000 0.000000 1.000000 0.000000 1565943828276404000

0.998027 0.062785 0.000000 719.650962 -0.062785 0.998027 -0.000000 27.433570 -0.000000 0.000000 1.000000 0.000000 1565943828527196000

0.998061 0.062250 0.000000 723.235293 -0.062250 0.998061 -0.000000 27.209506 -0.000000 0.000000 1.000000 0.000000 1565943828777878000

0.997879 0.065094 0.000000 726.720777 -0.065094 0.997879 -0.000000 26.942204 -0.000000 0.000000 1.000000 0.000000 1565943829028530000

0.997888 0.064961 0.000000 730.208710 -0.064961 0.997888 -0.000000 26.686714 -0.000000 0.000000 1.000000 0.000000 1565943829279379000

0.997907 0.064666 0.000000 733.704245 -0.064666 0.997907 -0.000000 26.442139 -0.000000 0.000000 1.000000 0.000000 1565943829529988000

0.997914 0.064563 0.000000 737.258007 -0.064563 0.997914 -0.000000 26.184688 -0.000000 0.000000 1.000000 0.000000 1565943829780691000

0.998016 0.062966 0.000000 740.756421 -0.062966 0.998016 -0.000000 25.867373 -0.000000 0.000000 1.000000 0.000000 1565943830030840000

0.998137 0.061020 0.000000 744.292254 -0.061020 0.998137 -0.000000 25.701912 -0.000000 0.000000 1.000000 0.000000 1565943830282573000

0.998189 0.060154 0.000000 747.760557 -0.060154 0.998189 -0.000000 25.450034 -0.000000 0.000000 1.000000 0.000000 1565943830532276000

0.998235 0.059389 0.000000 751.207047 -0.059389 0.998235 -0.000000 25.178192 -0.000000 0.000000 1.000000 0.000000 1565943830782900000

0.998126 0.061186 0.000000 754.723249 -0.061186 0.998126 -0.000000 24.989027 -0.000000 0.000000 1.000000 0.000000 1565943831033398000

0.998090 0.061780 0.000000 758.138712 -0.061780 0.998090 -0.000000 24.770010 -0.000000 0.000000 1.000000 0.000000 1565943831283904000

0.998047 0.062475 0.000000 761.655898 -0.062475 0.998047 -0.000000 24.531414 -0.000000 0.000000 1.000000 0.000000 1565943831534674000

0.997980 0.063522 0.000000 765.068822 -0.063522 0.997980 -0.000000 24.294439 -0.000000 0.000000 1.000000 0.000000 1565943831785292000

0.997966 0.063743 0.000000 768.590001 -0.063743 0.997966 -0.000000 24.056688 -0.000000 0.000000 1.000000 0.000000 1565943832035892000

0.997956 0.063912 0.000000 772.090490 -0.063912 0.997956 -0.000000 23.821091 -0.000000 0.000000 1.000000 0.000000 1565943832286385000

0.998115 0.061371 0.000000 775.554878 -0.061371 0.998115 -0.000000 23.624863 -0.000000 0.000000 1.000000 0.000000 1565943832537059000

0.998098 0.061654 0.000000 779.046859 -0.061654 0.998098 -0.000000 23.415010 -0.000000 0.000000 1.000000 0.000000 1565943832797376000

0.998156 0.060696 0.000000 782.528063 -0.060696 0.998156 -0.000000 23.157812 -0.000000 0.000000 1.000000 0.000000 1565943833038198000

0.998116 0.061353 0.000000 786.015528 -0.061353 0.998116 -0.000000 22.915827 -0.000000 0.000000 1.000000 0.000000 1565943833287964000

0.998163 0.060580 0.000000 789.483669 -0.060580 0.998163 -0.000000 22.685093 -0.000000 0.000000 1.000000 0.000000 1565943833539776000

0.998229 0.059493 0.000000 792.958198 -0.059493 0.998229 -0.000000 22.487012 -0.000000 0.000000 1.000000 0.000000 1565943833790789000

0.998243 0.059256 0.000000 796.459959 -0.059256 0.998243 -0.000000 22.254052 -0.000000 0.000000 1.000000 0.000000 1565943834041184000

0.998207 0.059849 0.000000 799.926053 -0.059849 0.998207 -0.000000 22.086353 -0.000000 0.000000 1.000000 0.000000 1565943834291795000

0.998217 0.059682 0.000000 803.382348 -0.059682 0.998217 -0.000000 21.826512 -0.000000 0.000000 1.000000 0.000000 1565943834542039000

0.998183 0.060258 0.000000 806.869761 -0.060258 0.998183 -0.000000 21.569482 -0.000000 0.000000 1.000000 0.000000 1565943834793088000

0.998206 0.059866 0.000000 810.331612 -0.059866 0.998206 -0.000000 21.362149 -0.000000 0.000000 1.000000 0.000000 1565943835044250000

0.998164 0.060565 0.000000 813.833712 -0.060565 0.998164 -0.000000 21.112577 -0.000000 0.000000 1.000000 0.000000 1565943835294612000

0.998118 0.061319 0.000000 817.286671 -0.061319 0.998118 -0.000000 20.852648 -0.000000 0.000000 1.000000 0.000000 1565943835544984000

0.998095 0.061704 0.000000 820.739786 -0.061704 0.998095 -0.000000 20.604058 -0.000000 0.000000 1.000000 0.000000 1565943835795628000

0.998070 0.062107 0.000000 824.258686 -0.062107 0.998070 -0.000000 20.388719 -0.000000 0.000000 1.000000 0.000000 1565943836045981000

0.998009 0.063069 0.000000 827.679858 -0.063069 0.998009 -0.000000 20.151647 -0.000000 0.000000 1.000000 0.000000 1565943836296875000

0.997946 0.064054 0.000000 831.152204 -0.064054 0.997946 -0.000000 19.858875 -0.000000 0.000000 1.000000 0.000000 1565943836547631000

0.997898 0.064797 0.000000 834.603170 -0.064797 0.997898 -0.000000 19.661967 -0.000000 0.000000 1.000000 0.000000 1565943836798259000

0.997796 0.066362 0.000000 838.122305 -0.066362 0.997796 -0.000000 19.408216 -0.000000 0.000000 1.000000 0.000000 1565943837047963000

0.997742 0.067170 0.000000 841.582560 -0.067170 0.997742 -0.000000 19.216468 -0.000000 0.000000 1.000000 0.000000 1565943837299815000

0.997786 0.066502 0.000000 845.040090 -0.066502 0.997786 -0.000000 18.873516 -0.000000 0.000000 1.000000 0.000000 1565943837549695000

0.997746 0.067102 0.000000 848.549123 -0.067102 0.997746 -0.000000 18.656794 -0.000000 0.000000 1.000000 0.000000 1565943837800679000

0.997665 0.068296 0.000000 852.006372 -0.068296 0.997665 -0.000000 18.505027 -0.000000 0.000000 1.000000 0.000000 1565943838051266000

0.997693 0.067894 0.000000 855.445508 -0.067894 0.997693 -0.000000 18.168435 -0.000000 0.000000 1.000000 0.000000 1565943838302154000

0.997781 0.066585 0.000000 858.954440 -0.066585 0.997781 -0.000000 17.992699 -0.000000 0.000000 1.000000 0.000000 1565943838552759000

0.997873 0.065188 0.000000 862.394648 -0.065188 0.997873 -0.000000 17.788355 -0.000000 0.000000 1.000000 0.000000 1565943838803124000

0.997873 0.065181 0.000000 865.936258 -0.065181 0.997873 -0.000000 17.451774 -0.000000 0.000000 1.000000 0.000000 1565943839053798000

0.997909 0.064632 0.000000 869.428504 -0.064632 0.997909 -0.000000 17.284864 -0.000000 0.000000 1.000000 0.000000 1565943839304069000

0.998174 0.060411 0.000000 872.894642 -0.060411 0.998174 -0.000000 17.039491 -0.000000 0.000000 1.000000 0.000000 1565943839554536000

