1.000000 0.000000 0.000000 0.000000 0.000000 1.000000 0.000000 0.000000 0.000000 0.000000 1.000000 0.000000
0.997123 -0.075798 0.000000 1.426865 0.075798 0.997123 0.000000 0.083638 0.000000 0.000000 1.000000 0.000000
0.989129 -0.147049 0.000000 3.201751 0.147049 0.989129 0.000000 0.341038 0.000000 0.000000 1.000000 0.000000
0.983597 -0.180381 0.000000 4.934217 0.180381 0.983597 0.000000 0.646978 0.000000 0.000000 1.000000 0.000000
0.983788 -0.179338 0.000000 7.112113 0.179338 0.983788 0.000000 1.021670 0.000000 0.000000 1.000000 0.000000
0.984025 -0.178031 0.000000 9.611201 0.178031 0.984025 0.000000 1.444368 0.000000 0.000000 1.000000 0.000000
0.985528 -0.169512 0.000000 12.055901 0.169512 0.985528 0.000000 1.837031 0.000000 0.000000 1.000000 0.000000
0.989766 -0.142703 0.000000 15.086018 0.142703 0.989766 0.000000 2.262318 0.000000 0.000000 1.000000 0.000000
0.991850 -0.127414 0.000000 16.694078 0.127414 0.991850 0.000000 2.443901 0.000000 0.000000 1.000000 0.000000
0.993945 -0.109882 0.000000 18.339449 0.109882 0.993945 0.000000 2.610815 0.000000 0.000000 1.000000 0.000000
0.995643 -0.093252 0.000000 20.044994 0.093252 0.995643 0.000000 2.751756 0.000000 0.000000 1.000000 0.000000
0.996995 -0.077466 0.000000 21.809435 0.077466 0.996995 0.000000 2.867282 0.000000 0.000000 1.000000 0.000000
0.997926 -0.064365 0.000000 23.590270 0.064365 0.997926 0.000000 2.966592 0.000000 0.000000 1.000000 0.000000
0.998616 -0.052587 0.000000 25.345287 0.052587 0.998616 0.000000 3.042076 0.000000 0.000000 1.000000 0.000000
0.999099 -0.042433 0.000000 27.091522 0.042433 0.999099 0.000000 3.103818 0.000000 0.000000 1.000000 0.000000
0.999345 -0.036195 0.000000 28.890890 0.036195 0.999345 0.000000 3.149129 0.000000 0.000000 1.000000 0.000000
0.999513 -0.031211 0.000000 30.696000 0.031211 0.999513 0.000000 3.188610 0.000000 0.000000 1.000000 0.000000
0.999621 -0.027522 0.000000 32.496112 0.027522 0.999621 0.000000 3.223287 0.000000 0.000000 1.000000 0.000000
0.999578 -0.029051 0.000000 34.321240 0.029051 0.999578 0.000000 3.253138 0.000000 0.000000 1.000000 0.000000
0.999565 -0.029482 0.000000 36.165320 0.029482 0.999565 0.000000 3.294045 0.000000 0.000000 1.000000 0.000000
0.999554 -0.029880 0.000000 38.029644 0.029880 0.999554 0.000000 3.339743 0.000000 0.000000 1.000000 0.000000
0.999561 -0.029635 0.000000 39.883054 0.029635 0.999561 0.000000 3.381760 0.000000 0.000000 1.000000 0.000000
0.999581 -0.028947 0.000000 41.755084 0.028947 0.999581 0.000000 3.424754 0.000000 0.000000 1.000000 0.000000
0.999586 -0.028781 0.000000 43.640999 0.028781 0.999586 0.000000 3.465304 0.000000 0.000000 1.000000 0.000000
0.999578 -0.029054 0.000000 45.531733 0.029054 0.999578 0.000000 3.510409 0.000000 0.000000 1.000000 0.000000
0.999596 -0.028428 0.000000 47.408975 0.028428 0.999596 0.000000 3.555620 0.000000 0.000000 1.000000 0.000000
0.999582 -0.028896 0.000000 49.264768 0.028896 0.999582 0.000000 3.596670 0.000000 0.000000 1.000000 0.000000
0.999602 -0.028194 0.000000 51.134357 0.028194 0.999602 0.000000 3.638378 0.000000 0.000000 1.000000 0.000000
0.999656 -0.026240 0.000000 53.016479 0.026240 0.999656 0.000000 3.683213 0.000000 0.000000 1.000000 0.000000
0.999717 -0.023773 0.000000 54.861694 0.023773 0.999717 0.000000 3.710902 0.000000 0.000000 1.000000 0.000000
0.999810 -0.019504 0.000000 56.715304 0.019504 0.999810 0.000000 3.734973 0.000000 0.000000 1.000000 0.000000
0.999864 -0.016469 0.000000 58.596644 0.016469 0.999864 0.000000 3.751430 0.000000 0.000000 1.000000 0.000000
0.999892 -0.014687 0.000000 60.457796 0.014687 0.999892 0.000000 3.765678 0.000000 0.000000 1.000000 0.000000
0.999915 -0.013016 0.000000 62.293730 0.013016 0.999915 0.000000 3.780475 0.000000 0.000000 1.000000 0.000000
0.999940 -0.010933 0.000000 64.112660 0.010933 0.999940 0.000000 3.792584 0.000000 0.000000 1.000000 0.000000
0.999948 -0.010191 0.000000 65.906244 0.010191 0.999948 0.000000 3.804187 0.000000 0.000000 1.000000 0.000000
0.999965 -0.008381 0.000000 67.679544 0.008381 0.999965 0.000000 3.809381 0.000000 0.000000 1.000000 0.000000
0.999967 -0.008119 0.000000 69.439843 0.008119 0.999967 0.000000 3.816526 0.000000 0.000000 1.000000 0.000000
0.999975 -0.007064 0.000000 71.191828 0.007064 0.999975 0.000000 3.817811 0.000000 0.000000 1.000000 0.000000
0.999986 -0.005264 0.000000 72.946277 0.005264 0.999986 0.000000 3.818276 0.000000 0.000000 1.000000 0.000000
0.999993 -0.003762 0.000000 74.709351 0.003762 0.999993 0.000000 3.808957 0.000000 0.000000 1.000000 0.000000
1.000000 -0.000816 0.000000 76.465733 0.000816 1.000000 0.000000 3.800206 0.000000 0.000000 1.000000 0.000000
0.999997 0.002348 0.000000 78.223290 -0.002348 0.999997 -0.000000 3.791057 -0.000000 0.000000 1.000000 0.000000
0.999989 0.004603 0.000000 79.970620 -0.004603 0.999989 -0.000000 3.775855 -0.000000 0.000000 1.000000 0.000000
0.999988 0.004896 0.000000 81.693046 -0.004896 0.999988 -0.000000 3.767748 -0.000000 0.000000 1.000000 0.000000
0.999974 0.007251 0.000000 83.402603 -0.007251 0.999974 -0.000000 3.751442 -0.000000 0.000000 1.000000 0.000000
0.999947 0.010325 0.000000 85.117250 -0.010325 0.999947 -0.000000 3.728385 -0.000000 0.000000 1.000000 0.000000
0.999899 0.014205 0.000000 86.826433 -0.014205 0.999899 -0.000000 3.697569 -0.000000 0.000000 1.000000 0.000000
0.999830 0.018451 0.000000 88.539672 -0.018451 0.999830 -0.000000 3.659253 -0.000000 0.000000 1.000000 0.000000
0.999809 0.019539 0.000000 90.256592 -0.019539 0.999809 -0.000000 3.617021 -0.000000 0.000000 1.000000 0.000000
0.999838 0.018012 0.000000 91.985930 -0.018012 0.999838 -0.000000 3.571477 -0.000000 0.000000 1.000000 0.000000
0.999897 0.014386 0.000000 93.722182 -0.014386 0.999897 -0.000000 3.535852 -0.000000 0.000000 1.000000 0.000000
0.999962 0.008735 0.000000 95.449738 -0.008735 0.999962 -0.000000 3.512689 -0.000000 0.000000 1.000000 0.000000
0.999996 0.002670 0.000000 97.196902 -0.002670 0.999996 -0.000000 3.497929 -0.000000 0.000000 1.000000 0.000000
0.999985 -0.005438 0.000000 99.062492 0.005438 0.999985 0.000000 3.498221 0.000000 0.000000 1.000000 0.000000
0.999912 -0.013291 0.000000 100.934646 0.013291 0.999912 0.000000 3.518864 0.000000 0.000000 1.000000 0.000000
0.999741 -0.022773 0.000000 102.820897 0.022773 0.999741 0.000000 3.555165 0.000000 0.000000 1.000000 0.000000
0.999463 -0.032757 0.000000 104.727765 0.032757 0.999463 0.000000 3.602431 0.000000 0.000000 1.000000 0.000000
0.999107 -0.042252 0.000000 106.645265 0.042252 0.999107 0.000000 3.671900 0.000000 0.000000 1.000000 0.000000
0.998685 -0.051275 0.000000 108.593388 0.051275 0.998685 0.000000 3.765248 0.000000 0.000000 1.000000 0.000000
0.998368 -0.057108 0.000000 110.543604 0.057108 0.998368 0.000000 3.874375 0.000000 0.000000 1.000000 0.000000
0.998028 -0.062771 0.000000 112.497149 0.062771 0.998028 0.000000 3.985052 0.000000 0.000000 1.000000 0.000000
0.997743 -0.067149 0.000000 114.455279 0.067149 0.997743 0.000000 4.106491 0.000000 0.000000 1.000000 0.000000
0.997631 -0.068799 0.000000 116.437133 0.068799 0.997631 0.000000 4.233247 0.000000 0.000000 1.000000 0.000000
0.997644 -0.068610 0.000000 118.391870 0.068610 0.997644 0.000000 4.361384 0.000000 0.000000 1.000000 0.000000
0.997655 -0.068437 0.000000 120.311023 0.068437 0.997655 0.000000 4.489062 0.000000 0.000000 1.000000 0.000000
0.997733 -0.067293 0.000000 122.233271 0.067293 0.997733 0.000000 4.608090 0.000000 0.000000 1.000000 0.000000
0.997833 -0.065792 0.000000 124.161893 0.065792 0.997833 0.000000 4.720828 0.000000 0.000000 1.000000 0.000000
0.997886 -0.064985 0.000000 126.071854 0.064985 0.997886 0.000000 4.840702 0.000000 0.000000 1.000000 0.000000
0.997994 -0.063307 0.000000 127.976593 0.063307 0.997994 0.000000 4.955433 0.000000 0.000000 1.000000 0.000000
0.998041 -0.062559 0.000000 129.932300 0.062559 0.998041 0.000000 5.075414 0.000000 0.000000 1.000000 0.000000
0.998117 -0.061335 0.000000 131.888948 0.061335 0.998117 0.000000 5.191589 0.000000 0.000000 1.000000 0.000000
0.998217 -0.059694 0.000000 133.848190 0.059694 0.998217 0.000000 5.299305 0.000000 0.000000 1.000000 0.000000
0.998383 -0.056851 0.000000 135.818925 0.056851 0.998383 0.000000 5.409744 0.000000 0.000000 1.000000 0.000000
0.998590 -0.053082 0.000000 137.797514 0.053082 0.998590 0.000000 5.520349 0.000000 0.000000 1.000000 0.000000
0.998740 -0.050185 0.000000 139.818731 0.050185 0.998740 0.000000 5.631283 0.000000 0.000000 1.000000 0.000000
0.998812 -0.048723 0.000000 141.858561 0.048723 0.998812 0.000000 5.717476 0.000000 0.000000 1.000000 0.000000
0.998847 -0.048014 0.000000 143.875980 0.048014 0.998847 0.000000 5.799253 0.000000 0.000000 1.000000 0.000000
0.998893 -0.047034 0.000000 145.889217 0.047034 0.998893 0.000000 5.883926 0.000000 0.000000 1.000000 0.000000
0.998943 -0.045969 0.000000 147.885690 0.045969 0.998943 0.000000 5.965962 0.000000 0.000000 1.000000 0.000000
0.998959 -0.045627 0.000000 149.897727 0.045627 0.998959 0.000000 6.043309 0.000000 0.000000 1.000000 0.000000
0.999009 -0.044501 0.000000 151.899535 0.044501 0.999009 0.000000 6.128721 0.000000 0.000000 1.000000 0.000000
0.999090 -0.042658 0.000000 153.911263 0.042658 0.999090 0.000000 6.215096 0.000000 0.000000 1.000000 0.000000
0.999151 -0.041204 0.000000 155.941157 0.041204 0.999151 0.000000 6.301590 0.000000 0.000000 1.000000 0.000000
0.999168 -0.040792 0.000000 158.037295 0.040792 0.999168 0.000000 6.378074 0.000000 0.000000 1.000000 0.000000
0.999205 -0.039870 0.000000 160.226970 0.039870 0.999205 0.000000 6.459224 0.000000 0.000000 1.000000 0.000000
0.999248 -0.038783 0.000000 162.384916 0.038783 0.999248 0.000000 6.543830 0.000000 0.000000 1.000000 0.000000
0.999251 -0.038700 0.000000 164.553380 0.038700 0.999251 0.000000 6.620610 0.000000 0.000000 1.000000 0.000000
0.999253 -0.038638 0.000000 166.748735 0.038638 0.999253 0.000000 6.696376 0.000000 0.000000 1.000000 0.000000
0.999227 -0.039319 0.000000 168.923167 0.039319 0.999227 0.000000 6.769439 0.000000 0.000000 1.000000 0.000000
0.999143 -0.041394 0.000000 171.077295 0.041394 0.999143 0.000000 6.843807 0.000000 0.000000 1.000000 0.000000
0.998959 -0.045618 0.000000 173.180790 0.045618 0.998959 0.000000 6.928426 0.000000 0.000000 1.000000 0.000000
0.998786 -0.049267 0.000000 175.258797 0.049267 0.998786 0.000000 7.020049 0.000000 0.000000 1.000000 0.000000
0.998586 -0.053158 0.000000 177.261197 0.053158 0.998586 0.000000 7.117110 0.000000 0.000000 1.000000 0.000000
0.998442 -0.055805 0.000000 179.205212 0.055805 0.998442 0.000000 7.219223 0.000000 0.000000 1.000000 0.000000
0.998283 -0.058575 0.000000 181.265479 0.058575 0.998283 0.000000 7.330998 0.000000 0.000000 1.000000 0.000000
0.998207 -0.059862 0.000000 183.295514 0.059862 0.998207 0.000000 7.447691 0.000000 0.000000 1.000000 0.000000
0.998235 -0.059392 0.000000 185.300519 0.059392 0.998235 0.000000 7.561606 0.000000 0.000000 1.000000 0.000000
0.998291 -0.058437 0.000000 187.239763 0.058437 0.998291 0.000000 7.665943 0.000000 0.000000 1.000000 0.000000
0.998337 -0.057646 0.000000 189.150421 0.057646 0.998337 0.000000 7.774702 0.000000 0.000000 1.000000 0.000000
0.998331 -0.057756 0.000000 191.025078 0.057756 0.998331 0.000000 7.874085 0.000000 0.000000 1.000000 0.000000
0.998274 -0.058732 0.000000 192.858626 0.058732 0.998274 0.000000 7.974613 0.000000 0.000000 1.000000 0.000000
0.998225 -0.059554 0.000000 194.664603 0.059554 0.998225 0.000000 8.077353 0.000000 0.000000 1.000000 0.000000
0.998168 -0.060497 0.000000 196.455759 0.060497 0.998168 0.000000 8.174159 0.000000 0.000000 1.000000 0.000000
0.998085 -0.061860 0.000000 198.246237 0.061860 0.998085 0.000000 8.264168 0.000000 0.000000 1.000000 0.000000
0.998020 -0.062897 0.000000 199.990610 0.062897 0.998020 0.000000 8.357824 0.000000 0.000000 1.000000 0.000000
0.997978 -0.063567 0.000000 201.725125 0.063567 0.997978 0.000000 8.456266 0.000000 0.000000 1.000000 0.000000
0.997966 -0.063752 0.000000 203.446071 0.063752 0.997966 0.000000 8.562075 0.000000 0.000000 1.000000 0.000000
0.998023 -0.062847 0.000000 205.133698 0.062847 0.998023 0.000000 8.661244 0.000000 0.000000 1.000000 0.000000
0.998148 -0.060834 0.000000 206.766407 0.060834 0.998148 0.000000 8.755779 0.000000 0.000000 1.000000 0.000000
0.998322 -0.057914 0.000000 208.380247 0.057914 0.998322 0.000000 8.842176 0.000000 0.000000 1.000000 0.000000
0.998480 -0.055118 0.000000 209.945802 0.055118 0.998480 0.000000 8.926970 0.000000 0.000000 1.000000 0.000000
0.998611 -0.052692 0.000000 211.467294 0.052692 0.998611 0.000000 9.005551 0.000000 0.000000 1.000000 0.000000
0.998696 -0.051051 0.000000 214.390182 0.051051 0.998696 0.000000 9.151437 0.000000 0.000000 1.000000 0.000000
0.998633 -0.052267 0.000000 217.211809 0.052267 0.998633 0.000000 9.294064 0.000000 0.000000 1.000000 0.000000
0.998630 -0.052330 0.000000 220.006909 0.052330 0.998630 0.000000 9.446697 0.000000 0.000000 1.000000 0.000000
0.998563 -0.053597 0.000000 222.800369 0.053597 0.998563 0.000000 9.600407 0.000000 0.000000 1.000000 0.000000
0.997970 -0.063688 0.000000 225.549339 0.063688 0.997970 0.000000 9.762166 0.000000 0.000000 1.000000 0.000000
0.995962 -0.089771 0.000000 228.273404 0.089771 0.995962 0.000000 9.991980 0.000000 0.000000 1.000000 0.000000
0.992813 -0.119673 0.000000 231.028245 0.119673 0.992813 0.000000 10.299752 0.000000 0.000000 1.000000 0.000000
0.988289 -0.152596 0.000000 233.911924 0.152596 0.988289 0.000000 10.721110 0.000000 0.000000 1.000000 0.000000
0.984785 -0.173778 0.000000 236.939046 0.173778 0.984785 0.000000 11.231910 0.000000 0.000000 1.000000 0.000000
0.984182 -0.177159 0.000000 238.516320 0.177159 0.984182 0.000000 11.519565 0.000000 0.000000 1.000000 0.000000
0.983873 -0.178869 0.000000 240.150810 0.178869 0.983873 0.000000 11.810293 0.000000 0.000000 1.000000 0.000000
0.983393 -0.181488 0.000000 241.831530 0.181488 0.983393 0.000000 12.113892 0.000000 0.000000 1.000000 0.000000
0.982522 -0.186147 0.000000 243.556378 0.186147 0.982522 0.000000 12.440504 0.000000 0.000000 1.000000 0.000000
0.981820 -0.189813 0.000000 245.291472 0.189813 0.981820 0.000000 12.773728 0.000000 0.000000 1.000000 0.000000
0.981139 -0.193303 0.000000 247.052870 0.193303 0.981139 0.000000 13.114278 0.000000 0.000000 1.000000 0.000000
0.980631 -0.195863 0.000000 248.846515 0.195863 0.980631 0.000000 13.464629 0.000000 0.000000 1.000000 0.000000
0.980474 -0.196648 0.000000 250.651048 0.196648 0.980474 0.000000 13.825884 0.000000 0.000000 1.000000 0.000000
0.980829 -0.194868 0.000000 252.475711 0.194868 0.980829 0.000000 14.189887 0.000000 0.000000 1.000000 0.000000
0.981307 -0.192451 0.000000 254.315043 0.192451 0.981307 0.000000 14.546553 0.000000 0.000000 1.000000 0.000000
0.982095 -0.188387 0.000000 256.159080 0.188387 0.982095 0.000000 14.895490 0.000000 0.000000 1.000000 0.000000
0.983065 -0.183258 0.000000 258.021565 0.183258 0.983065 0.000000 15.237626 0.000000 0.000000 1.000000 0.000000
0.984111 -0.177555 0.000000 259.910020 0.177555 0.984111 0.000000 15.577945 0.000000 0.000000 1.000000 0.000000
0.985102 -0.171969 0.000000 261.817529 0.171969 0.985102 0.000000 15.911885 0.000000 0.000000 1.000000 0.000000
0.985962 -0.166972 0.000000 263.732511 0.166972 0.985962 0.000000 16.234945 0.000000 0.000000 1.000000 0.000000
0.986744 -0.162285 0.000000 265.671571 0.162285 0.986744 0.000000 16.553413 0.000000 0.000000 1.000000 0.000000
0.987300 -0.158864 0.000000 267.635824 0.158864 0.987300 0.000000 16.866875 0.000000 0.000000 1.000000 0.000000
0.987631 -0.156795 0.000000 269.629490 0.156795 0.987631 0.000000 17.174963 0.000000 0.000000 1.000000 0.000000
0.987783 -0.155835 0.000000 271.645256 0.155835 0.987783 0.000000 17.483665 0.000000 0.000000 1.000000 0.000000
0.987979 -0.154590 0.000000 273.678073 0.154590 0.987979 0.000000 17.794651 0.000000 0.000000 1.000000 0.000000
0.988090 -0.153879 0.000000 275.697137 0.153879 0.988090 0.000000 18.103827 0.000000 0.000000 1.000000 0.000000
0.988075 -0.153974 0.000000 277.668975 0.153974 0.988075 0.000000 18.406883 0.000000 0.000000 1.000000 0.000000
0.987982 -0.154570 0.000000 279.644079 0.154570 0.987982 0.000000 18.711040 0.000000 0.000000 1.000000 0.000000
0.987891 -0.155148 0.000000 281.623185 0.155148 0.987891 0.000000 19.018099 0.000000 0.000000 1.000000 0.000000
0.987910 -0.155031 0.000000 283.610886 0.155031 0.987910 0.000000 19.328835 0.000000 0.000000 1.000000 0.000000
0.988430 -0.151679 0.000000 285.595467 0.151679 0.988430 0.000000 19.634033 0.000000 0.000000 1.000000 0.000000
0.989015 -0.147818 0.000000 287.540310 0.147818 0.989015 0.000000 19.918846 0.000000 0.000000 1.000000 0.000000
0.989752 -0.142800 0.000000 289.433032 0.142800 0.989752 0.000000 20.188974 0.000000 0.000000 1.000000 0.000000
0.990310 -0.138876 0.000000 291.358133 0.138876 0.990310 0.000000 20.454632 0.000000 0.000000 1.000000 0.000000
0.990908 -0.134538 0.000000 293.281120 0.134538 0.990908 0.000000 20.710190 0.000000 0.000000 1.000000 0.000000
0.991351 -0.131235 0.000000 295.192095 0.131235 0.991351 0.000000 20.951321 0.000000 0.000000 1.000000 0.000000
0.991312 -0.131531 0.000000 297.088874 0.131531 0.991312 0.000000 21.194157 0.000000 0.000000 1.000000 0.000000
0.990931 -0.134371 0.000000 298.999969 0.134371 0.990931 0.000000 21.436869 0.000000 0.000000 1.000000 0.000000
0.990418 -0.138099 0.000000 300.932955 0.138099 0.990418 0.000000 21.696164 0.000000 0.000000 1.000000 0.000000
0.989719 -0.143029 0.000000 302.857716 0.143029 0.989719 0.000000 21.964427 0.000000 0.000000 1.000000 0.000000
0.989016 -0.147806 0.000000 304.789823 0.147806 0.989016 0.000000 22.245249 0.000000 0.000000 1.000000 0.000000
0.988106 -0.153775 0.000000 306.731928 0.153775 0.988106 0.000000 22.533194 0.000000 0.000000 1.000000 0.000000
0.986917 -0.161230 0.000000 308.681790 0.161230 0.986917 0.000000 22.838737 0.000000 0.000000 1.000000 0.000000
0.985748 -0.168230 0.000000 310.639312 0.168230 0.985748 0.000000 23.160066 0.000000 0.000000 1.000000 0.000000
0.984614 -0.174741 0.000000 312.614559 0.174741 0.984614 0.000000 23.501328 0.000000 0.000000 1.000000 0.000000
0.983692 -0.179863 0.000000 314.602509 0.179863 0.983692 0.000000 23.854378 0.000000 0.000000 1.000000 0.000000
0.983150 -0.182800 0.000000 316.593395 0.182800 0.983150 0.000000 24.221784 0.000000 0.000000 1.000000 0.000000
0.982985 -0.183684 0.000000 318.580580 0.183684 0.982985 0.000000 24.586697 0.000000 0.000000 1.000000 0.000000
0.983073 -0.183213 0.000000 320.569713 0.183213 0.983073 0.000000 24.953306 0.000000 0.000000 1.000000 0.000000
0.983538 -0.180699 0.000000 322.546208 0.180699 0.983538 0.000000 25.317323 0.000000 0.000000 1.000000 0.000000
0.983933 -0.178539 0.000000 324.487291 0.178539 0.983933 0.000000 25.662973 0.000000 0.000000 1.000000 0.000000
0.984439 -0.175727 0.000000 326.398614 0.175727 0.984439 0.000000 25.998116 0.000000 0.000000 1.000000 0.000000
0.985106 -0.171947 0.000000 328.303755 0.171947 0.985106 0.000000 26.327508 0.000000 0.000000 1.000000 0.000000
0.985952 -0.167031 0.000000 330.220745 0.167031 0.985952 0.000000 26.646798 0.000000 0.000000 1.000000 0.000000
0.986951 -0.161019 0.000000 332.131790 0.161019 0.986951 0.000000 26.955144 0.000000 0.000000 1.000000 0.000000
0.988221 -0.153034 0.000000 334.026455 0.153034 0.988221 0.000000 27.245810 0.000000 0.000000 1.000000 0.000000
0.990079 -0.140513 0.000000 335.927009 0.140513 0.990079 0.000000 27.516829 0.000000 0.000000 1.000000 0.000000
0.992410 -0.122970 0.000000 337.868172 0.122970 0.992410 0.000000 27.753627 0.000000 0.000000 1.000000 0.000000
0.994812 -0.101726 0.000000 339.812762 0.101726 0.994812 0.000000 27.954636 0.000000 0.000000 1.000000 0.000000
0.996932 -0.078273 0.000000 341.771107 0.078273 0.996932 0.000000 28.116732 0.000000 0.000000 1.000000 0.000000
0.998480 -0.055112 0.000000 343.754650 0.055112 0.998480 0.000000 28.229120 0.000000 0.000000 1.000000 0.000000
0.999447 -0.033246 0.000000 345.756261 0.033246 0.999447 0.000000 28.291041 0.000000 0.000000 1.000000 0.000000
0.999907 -0.013654 0.000000 347.757313 0.013654 0.999907 0.000000 28.308086 0.000000 0.000000 1.000000 0.000000
0.999997 0.002348 0.000000 349.780584 -0.002348 0.999997 -0.000000 28.294096 -0.000000 0.000000 1.000000 0.000000
0.999890 0.014798 0.000000 351.812630 -0.014798 0.999890 -0.000000 28.254695 -0.000000 0.000000 1.000000 0.000000
0.999778 0.021090 0.000000 353.858594 -0.021090 0.999778 -0.000000 28.200905 -0.000000 0.000000 1.000000 0.000000
0.999733 0.023104 0.000000 355.899098 -0.023104 0.999733 -0.000000 28.145968 -0.000000 0.000000 1.000000 0.000000
0.999708 0.024155 0.000000 357.931900 -0.024155 0.999708 -0.000000 28.087498 -0.000000 0.000000 1.000000 0.000000
0.999701 0.024441 0.000000 359.968604 -0.024441 0.999701 -0.000000 28.029031 -0.000000 0.000000 1.000000 0.000000
0.999713 0.023968 0.000000 362.025745 -0.023968 0.999713 -0.000000 27.968024 -0.000000 0.000000 1.000000 0.000000
0.999717 0.023771 0.000000 364.098896 -0.023771 0.999717 -0.000000 27.914963 -0.000000 0.000000 1.000000 0.000000
0.999738 0.022869 0.000000 366.149194 -0.022869 0.999738 -0.000000 27.864891 -0.000000 0.000000 1.000000 0.000000
0.999758 0.022002 0.000000 368.189433 -0.022002 0.999758 -0.000000 27.810772 -0.000000 0.000000 1.000000 0.000000
0.999788 0.020585 0.000000 370.227378 -0.020585 0.999788 -0.000000 27.772146 -0.000000 0.000000 1.000000 0.000000
0.999818 0.019102 0.000000 372.265002 -0.019102 0.999818 -0.000000 27.730791 -0.000000 0.000000 1.000000 0.000000
0.999869 0.016210 0.000000 374.308593 -0.016210 0.999869 -0.000000 27.689752 -0.000000 0.000000 1.000000 0.000000
0.999915 0.013011 0.000000 376.375181 -0.013011 0.999915 -0.000000 27.646284 -0.000000 0.000000 1.000000 0.000000
0.999959 0.009105 0.000000 378.447621 -0.009105 0.999959 -0.000000 27.610377 -0.000000 0.000000 1.000000 0.000000
0.999985 0.005450 0.000000 380.491242 -0.005450 0.999985 -0.000000 27.585487 -0.000000 0.000000 1.000000 0.000000
0.999996 0.002721 0.000000 382.533006 -0.002721 0.999996 -0.000000 27.569346 -0.000000 0.000000 1.000000 0.000000
0.999998 0.001895 0.000000 384.590190 -0.001895 0.999998 -0.000000 27.561208 -0.000000 0.000000 1.000000 0.000000
0.999996 0.002699 0.000000 386.639218 -0.002699 0.999996 -0.000000 27.546427 -0.000000 0.000000 1.000000 0.000000
0.999997 0.002550 0.000000 388.676853 -0.002550 0.999997 -0.000000 27.535740 -0.000000 0.000000 1.000000 0.000000
0.999999 0.001650 0.000000 390.725831 -0.001650 0.999999 -0.000000 27.523453 -0.000000 0.000000 1.000000 0.000000
0.999999 -0.001206 0.000000 392.791595 0.001206 0.999999 0.000000 27.519585 0.000000 0.000000 1.000000 0.000000
0.999991 -0.004125 0.000000 394.877193 0.004125 0.999991 0.000000 27.521571 0.000000 0.000000 1.000000 0.000000
0.999975 -0.007100 0.000000 396.956456 0.007100 0.999975 0.000000 27.529423 0.000000 0.000000 1.000000 0.000000
0.999939 -0.011088 0.000000 399.025729 0.011088 0.999939 0.000000 27.544228 0.000000 0.000000 1.000000 0.000000
0.999871 -0.016041 0.000000 401.123051 0.016041 0.999871 0.000000 27.565461 0.000000 0.000000 1.000000 0.000000
0.999756 -0.022100 0.000000 403.224393 0.022100 0.999756 0.000000 27.595008 0.000000 0.000000 1.000000 0.000000
0.999627 -0.027300 0.000000 405.351920 0.027300 0.999627 0.000000 27.639817 0.000000 0.000000 1.000000 0.000000
0.999437 -0.033564 0.000000 407.483626 0.033564 0.999437 0.000000 27.701859 0.000000 0.000000 1.000000 0.000000
0.999313 -0.037070 0.000000 409.682011 0.037070 0.999313 0.000000 27.771209 0.000000 0.000000 1.000000 0.000000
0.999230 -0.039228 0.000000 411.727018 0.039228 0.999230 0.000000 27.839867 0.000000 0.000000 1.000000 0.000000
0.999164 -0.040881 0.000000 413.789964 0.040881 0.999164 0.000000 27.909475 0.000000 0.000000 1.000000 0.000000
0.999049 -0.043603 0.000000 415.936625 0.043603 0.999049 0.000000 27.982695 0.000000 0.000000 1.000000 0.000000
0.998937 -0.046100 0.000000 418.099750 0.046100 0.998937 0.000000 28.070889 0.000000 0.000000 1.000000 0.000000
0.998815 -0.048667 0.000000 420.264314 0.048667 0.998815 0.000000 28.165721 0.000000 0.000000 1.000000 0.000000
0.998694 -0.051090 0.000000 422.449799 0.051090 0.998694 0.000000 28.246868 0.000000 0.000000 1.000000 0.000000
0.998526 -0.054284 0.000000 424.592198 0.054284 0.998526 0.000000 28.346264 0.000000 0.000000 1.000000 0.000000
0.998385 -0.056815 0.000000 426.771523 0.056815 0.998385 0.000000 28.443419 0.000000 0.000000 1.000000 0.000000
0.998332 -0.057735 0.000000 428.888998 0.057735 0.998332 0.000000 28.550116 0.000000 0.000000 1.000000 0.000000
0.998321 -0.057917 0.000000 430.972854 0.057917 0.998321 0.000000 28.651337 0.000000 0.000000 1.000000 0.000000
0.998299 -0.058298 0.000000 433.046169 0.058298 0.998299 0.000000 28.750069 0.000000 0.000000 1.000000 0.000000
0.998181 -0.060296 0.000000 435.124216 0.060296 0.998181 0.000000 28.856561 0.000000 0.000000 1.000000 0.000000
0.997999 -0.063227 0.000000 437.156704 0.063227 0.997999 0.000000 28.971617 0.000000 0.000000 1.000000 0.000000
0.997765 -0.066821 0.000000 439.168403 0.066821 0.997765 0.000000 29.091129 0.000000 0.000000 1.000000 0.000000
0.997471 -0.071076 0.000000 441.167309 0.071076 0.997471 0.000000 29.217670 0.000000 0.000000 1.000000 0.000000
0.997163 -0.075269 0.000000 443.177801 0.075269 0.997163 0.000000 29.351148 0.000000 0.000000 1.000000 0.000000
0.996890 -0.078804 0.000000 445.169044 0.078804 0.996890 0.000000 29.491233 0.000000 0.000000 1.000000 0.000000
0.996628 -0.082050 0.000000 447.142018 0.082050 0.996628 0.000000 29.637342 0.000000 0.000000 1.000000 0.000000
0.996366 -0.085172 0.000000 449.110566 0.085172 0.996366 0.000000 29.787376 0.000000 0.000000 1.000000 0.000000
0.996256 -0.086457 0.000000 451.035733 0.086457 0.996256 0.000000 29.936315 0.000000 0.000000 1.000000 0.000000
0.996347 -0.085402 0.000000 452.881679 0.085402 0.996347 0.000000 30.081514 0.000000 0.000000 1.000000 0.000000
0.996644 -0.081857 0.000000 454.666395 0.081857 0.996644 0.000000 30.214099 0.000000 0.000000 1.000000 0.000000
0.997035 -0.076944 0.000000 456.388182 0.076944 0.997035 0.000000 30.333354 0.000000 0.000000 1.000000 0.000000
0.997587 -0.069427 0.000000 458.052341 0.069427 0.997587 0.000000 30.434993 0.000000 0.000000 1.000000 0.000000
0.998452 -0.055620 0.000000 459.649503 0.055620 0.998452 0.000000 30.514814 0.000000 0.000000 1.000000 0.000000
0.999915 -0.013040 0.000000 462.665471 0.013040 0.999915 0.000000 30.569951 0.000000 0.000000 1.000000 0.000000
0.998705 0.050885 0.000000 465.394383 -0.050885 0.998705 -0.000000 30.448656 -0.000000 0.000000 1.000000 0.000000
0.989640 0.143569 0.000000 467.875927 -0.143569 0.989640 -0.000000 30.126130 -0.000000 0.000000 1.000000 0.000000
0.961933 0.273287 0.000000 470.058479 -0.273287 0.961933 -0.000000 29.549453 -0.000000 0.000000 1.000000 0.000000
0.911495 0.411311 0.000000 471.931664 -0.411311 0.911495 -0.000000 28.723226 -0.000000 0.000000 1.000000 0.000000
0.830435 0.557115 0.000000 473.557234 -0.557115 0.830435 -0.000000 27.653641 -0.000000 0.000000 1.000000 0.000000
0.774876 0.632113 0.000000 474.263736 -0.632113 0.774876 -0.000000 27.025169 -0.000000 0.000000 1.000000 0.000000
0.706247 0.707966 0.000000 474.910762 -0.707966 0.706247 -0.000000 26.321716 -0.000000 0.000000 1.000000 0.000000
0.617480 0.786586 0.000000 475.470908 -0.786586 0.617480 -0.000000 25.542222 -0.000000 0.000000 1.000000 0.000000
0.515094 0.857134 0.000000 475.930867 -0.857134 0.515094 -0.000000 24.690472 -0.000000 0.000000 1.000000 0.000000
0.394578 0.918862 0.000000 476.274733 -0.918862 0.394578 -0.000000 23.773159 -0.000000 0.000000 1.000000 0.000000
0.260402 0.965500 0.000000 476.503391 -0.965500 0.260402 -0.000000 22.801176 -0.000000 0.000000 1.000000 0.000000
0.118939 0.992902 0.000000 476.577170 -0.992902 0.118939 -0.000000 21.795922 -0.000000 0.000000 1.000000 0.000000
-0.028551 0.999592 0.000000 476.503828 -0.999592 -0.028551 -0.000000 20.768424 -0.000000 0.000000 1.000000 0.000000
-0.178593 0.983923 0.000000 476.274410 -0.983923 -0.178593 -0.000000 19.736731 -0.000000 0.000000 1.000000 0.000000
-0.325843 0.945424 0.000000 475.874508 -0.945424 -0.325843 -0.000000 18.707084 -0.000000 0.000000 1.000000 0.000000
-0.463594 0.886048 0.000000 475.316738 -0.886048 -0.463594 -0.000000 17.715337 -0.000000 0.000000 1.000000 0.000000
-0.589815 0.807539 0.000000 474.594060 -0.807539 -0.589815 0.000000 16.790099 0.000000 0.000000 1.000000 0.000000
-0.698269 0.715835 0.000000 473.714327 -0.715835 -0.698269 0.000000 15.922148 0.000000 0.000000 1.000000 0.000000
-0.784703 0.619872 0.000000 472.690827 -0.619872 -0.784703 0.000000 15.145655 0.000000 0.000000 1.000000 0.000000
-0.844891 0.534939 0.000000 471.546710 -0.534939 -0.844891 0.000000 14.443593 0.000000 0.000000 1.000000 0.000000
-0.892382 0.451281 0.000000 468.994223 -0.451281 -0.892382 0.000000 13.128659 0.000000 0.000000 1.000000 0.000000
-0.893996 0.448075 0.000000 466.184954 -0.448075 -0.893996 0.000000 11.760084 0.000000 0.000000 1.000000 0.000000
-0.890574 0.454838 0.000000 464.695805 -0.454838 -0.890574 0.000000 11.011116 0.000000 0.000000 1.000000 0.000000
-0.887919 0.460000 0.000000 463.147451 -0.460000 -0.887919 0.000000 10.224107 0.000000 0.000000 1.000000 0.000000
-0.886615 0.462508 0.000000 461.563402 -0.462508 -0.886615 0.000000 9.412917 0.000000 0.000000 1.000000 0.000000
-0.886950 0.461866 0.000000 459.943450 -0.461866 -0.886950 0.000000 8.588296 0.000000 0.000000 1.000000 0.000000
-0.887978 0.459886 0.000000 458.270760 -0.459886 -0.887978 0.000000 7.741494 0.000000 0.000000 1.000000 0.000000
-0.889026 0.457857 0.000000 456.539114 -0.457857 -0.889026 0.000000 6.868239 0.000000 0.000000 1.000000 0.000000
-0.890286 0.455401 0.000000 454.763958 -0.455401 -0.890286 0.000000 5.977619 0.000000 0.000000 1.000000 0.000000
-0.891408 0.453202 0.000000 452.938016 -0.453202 -0.891408 0.000000 5.065632 0.000000 0.000000 1.000000 0.000000
-0.891995 0.452046 0.000000 451.040169 -0.452046 -0.891995 0.000000 4.132252 0.000000 0.000000 1.000000 0.000000
-0.892313 0.451417 0.000000 449.109817 -0.451417 -0.892313 0.000000 3.190381 0.000000 0.000000 1.000000 0.000000
-0.892942 0.450172 0.000000 447.163178 -0.450172 -0.892942 0.000000 2.228983 0.000000 0.000000 1.000000 0.000000
-0.893704 0.448658 0.000000 445.183305 -0.448658 -0.893704 0.000000 1.263423 0.000000 0.000000 1.000000 0.000000
-0.894861 0.446345 0.000000 443.223212 -0.446345 -0.894861 0.000000 0.301897 0.000000 0.000000 1.000000 0.000000
-0.895491 0.445080 0.000000 441.275678 -0.445080 -0.895491 0.000000 -0.656245 0.000000 0.000000 1.000000 0.000000
-0.895970 0.444114 0.000000 439.318724 -0.444114 -0.895970 0.000000 -1.611526 0.000000 0.000000 1.000000 0.000000
-0.896135 0.443781 0.000000 437.339049 -0.443781 -0.896135 0.000000 -2.568809 0.000000 0.000000 1.000000 0.000000
-0.896641 0.442759 0.000000 435.309634 -0.442759 -0.896641 0.000000 -3.558909 0.000000 0.000000 1.000000 0.000000
-0.897134 0.441759 0.000000 433.276509 -0.441759 -0.897134 0.000000 -4.549476 0.000000 0.000000 1.000000 0.000000
-0.897318 0.441384 0.000000 431.253223 -0.441384 -0.897318 0.000000 -5.519556 0.000000 0.000000 1.000000 0.000000
-0.897496 0.441022 0.000000 429.238550 -0.441022 -0.897496 0.000000 -6.496579 0.000000 0.000000 1.000000 0.000000
-0.897721 0.440564 0.000000 427.229313 -0.440564 -0.897721 0.000000 -7.475162 0.000000 0.000000 1.000000 0.000000
-0.897385 0.441248 0.000000 425.227729 -0.441248 -0.897385 0.000000 -8.434786 0.000000 0.000000 1.000000 0.000000
-0.897077 0.441874 0.000000 423.249433 -0.441874 -0.897077 0.000000 -9.389542 0.000000 0.000000 1.000000 0.000000
-0.897006 0.442018 0.000000 421.315878 -0.442018 -0.897006 0.000000 -10.324814 0.000000 0.000000 1.000000 0.000000
-0.896727 0.442583 0.000000 419.396343 -0.442583 -0.896727 0.000000 -11.251874 0.000000 0.000000 1.000000 0.000000
-0.896694 0.442651 0.000000 417.484435 -0.442651 -0.896694 0.000000 -12.178223 0.000000 0.000000 1.000000 0.000000
-0.897530 0.440953 0.000000 415.611005 -0.440953 -0.897530 0.000000 -13.085194 0.000000 0.000000 1.000000 0.000000
-0.898548 0.438875 0.000000 413.752133 -0.438875 -0.898548 0.000000 -13.974856 0.000000 0.000000 1.000000 0.000000
-0.899984 0.435922 0.000000 411.929881 -0.435922 -0.899984 0.000000 -14.844378 0.000000 0.000000 1.000000 0.000000
-0.901293 0.433210 0.000000 410.129825 -0.433210 -0.901293 0.000000 -15.690725 0.000000 0.000000 1.000000 0.000000
-0.902339 0.431028 0.000000 408.401305 -0.431028 -0.902339 0.000000 -16.503044 0.000000 0.000000 1.000000 0.000000
-0.903151 0.429323 0.000000 406.759394 -0.429323 -0.903151 0.000000 -17.271488 0.000000 0.000000 1.000000 0.000000
-0.903661 0.428248 0.000000 405.215863 -0.428248 -0.903661 0.000000 -17.989709 0.000000 0.000000 1.000000 0.000000
-0.903991 0.427551 0.000000 403.757094 -0.427551 -0.903991 0.000000 -18.666071 0.000000 0.000000 1.000000 0.000000
-0.904268 0.426966 0.000000 402.378953 -0.426966 -0.904268 0.000000 -19.305116 0.000000 0.000000 1.000000 0.000000
-0.905567 0.424203 0.000000 399.875744 -0.424203 -0.905567 0.000000 -20.464585 0.000000 0.000000 1.000000 0.000000
-0.906564 0.422067 0.000000 397.684364 -0.422067 -0.906564 0.000000 -21.480672 0.000000 0.000000 1.000000 0.000000
-0.907508 0.420034 0.000000 395.777822 -0.420034 -0.907508 0.000000 -22.353617 0.000000 0.000000 1.000000 0.000000
-0.907904 0.419178 0.000000 394.168994 -0.419178 -0.907904 0.000000 -23.093808 0.000000 0.000000 1.000000 0.000000
-0.907218 0.420661 0.000000 392.257101 -0.420661 -0.907218 0.000000 -23.978281 0.000000 0.000000 1.000000 0.000000
-0.905469 0.424412 0.000000 390.551162 -0.424412 -0.905469 0.000000 -24.763311 0.000000 0.000000 1.000000 0.000000
-0.904079 0.427365 0.000000 389.162104 -0.427365 -0.904079 0.000000 -25.416375 0.000000 0.000000 1.000000 0.000000
-0.905756 0.423800 0.000000 387.755180 -0.423800 -0.905756 0.000000 -26.066676 0.000000 0.000000 1.000000 0.000000
-0.907830 0.419338 0.000000 386.393418 -0.419338 -0.907830 0.000000 -26.688191 0.000000 0.000000 1.000000 0.000000
-0.909596 0.415494 0.000000 384.424479 -0.415494 -0.909596 0.000000 -27.572145 0.000000 0.000000 1.000000 0.000000
-0.910320 0.413905 0.000000 382.766234 -0.413905 -0.910320 0.000000 -28.308634 0.000000 0.000000 1.000000 0.000000
-0.910738 0.412984 0.000000 380.863450 -0.412984 -0.910738 0.000000 -29.160402 0.000000 0.000000 1.000000 0.000000
-0.911035 0.412329 0.000000 378.731005 -0.412329 -0.911035 0.000000 -30.113541 0.000000 0.000000 1.000000 0.000000
-0.910456 0.413606 0.000000 376.369465 -0.413606 -0.910456 0.000000 -31.167447 0.000000 0.000000 1.000000 0.000000
-0.911602 0.411073 0.000000 373.842843 -0.411073 -0.911602 0.000000 -32.309066 0.000000 0.000000 1.000000 0.000000
-0.912283 0.409560 0.000000 371.168586 -0.409560 -0.912283 0.000000 -33.499751 0.000000 0.000000 1.000000 0.000000
-0.913422 0.407013 0.000000 369.786647 -0.407013 -0.913422 0.000000 -34.113390 0.000000 0.000000 1.000000 0.000000
-0.915475 0.402376 0.000000 366.938903 -0.402376 -0.915475 0.000000 -35.368342 0.000000 0.000000 1.000000 0.000000
-0.917918 0.396770 0.000000 365.497161 -0.396770 -0.917918 0.000000 -35.986833 0.000000 0.000000 1.000000 0.000000
-0.920599 0.390508 0.000000 364.081945 -0.390508 -0.920599 0.000000 -36.589342 0.000000 0.000000 1.000000 0.000000
-0.923757 0.382980 0.000000 362.617664 -0.382980 -0.923757 0.000000 -37.191273 0.000000 0.000000 1.000000 0.000000
-0.928192 0.372102 0.000000 361.080678 -0.372102 -0.928192 0.000000 -37.798782 0.000000 0.000000 1.000000 0.000000
-0.935196 0.354130 0.000000 359.484881 -0.354130 -0.935196 0.000000 -38.401255 0.000000 0.000000 1.000000 0.000000
-0.943741 0.330686 0.000000 357.812604 -0.330686 -0.943741 0.000000 -38.982643 0.000000 0.000000 1.000000 0.000000
-0.951243 0.308444 0.000000 356.073216 -0.308444 -0.951243 0.000000 -39.537663 0.000000 0.000000 1.000000 0.000000
-0.957056 0.289903 0.000000 354.288610 -0.289903 -0.957056 0.000000 -40.073551 0.000000 0.000000 1.000000 0.000000
-0.960607 0.277910 0.000000 352.448557 -0.277910 -0.960607 0.000000 -40.596273 0.000000 0.000000 1.000000 0.000000
-0.962394 0.271657 0.000000 350.541650 -0.271657 -0.962394 0.000000 -41.116086 0.000000 0.000000 1.000000 0.000000
-0.963728 0.266887 0.000000 348.528711 -0.266887 -0.963728 0.000000 -41.649386 0.000000 0.000000 1.000000 0.000000
-0.965073 0.261979 0.000000 346.453884 -0.261979 -0.965073 0.000000 -42.207897 0.000000 0.000000 1.000000 0.000000
-0.966521 0.256586 0.000000 344.344858 -0.256586 -0.966521 0.000000 -42.767357 0.000000 0.000000 1.000000 0.000000
-0.968106 0.250540 0.000000 342.203789 -0.250540 -0.968106 0.000000 -43.333118 0.000000 0.000000 1.000000 0.000000
-0.968985 0.247120 0.000000 340.047525 -0.247120 -0.968985 0.000000 -43.880277 0.000000 0.000000 1.000000 0.000000
-0.969147 0.246483 0.000000 337.941600 -0.246483 -0.969147 0.000000 -44.423460 0.000000 0.000000 1.000000 0.000000
-0.968320 0.249712 0.000000 335.876535 -0.249712 -0.968320 0.000000 -44.957077 0.000000 0.000000 1.000000 0.000000
-0.967252 0.253817 0.000000 333.832985 -0.253817 -0.967252 0.000000 -45.480772 0.000000 0.000000 1.000000 0.000000
-0.966001 0.258537 0.000000 331.835131 -0.258537 -0.966001 0.000000 -46.005416 0.000000 0.000000 1.000000 0.000000
-0.963663 0.267122 0.000000 329.876033 -0.267122 -0.963663 0.000000 -46.532497 0.000000 0.000000 1.000000 0.000000
-0.960855 0.277053 0.000000 327.912628 -0.277053 -0.960855 0.000000 -47.084550 0.000000 0.000000 1.000000 0.000000
-0.958176 0.286178 0.000000 325.934056 -0.286178 -0.958176 0.000000 -47.663796 0.000000 0.000000 1.000000 0.000000
-0.955409 0.295285 0.000000 323.962254 -0.295285 -0.955409 0.000000 -48.258641 0.000000 0.000000 1.000000 0.000000
-0.952356 0.304989 0.000000 322.004657 -0.304989 -0.952356 0.000000 -48.869141 0.000000 0.000000 1.000000 0.000000
-0.948728 0.316095 0.000000 320.027465 -0.316095 -0.948728 0.000000 -49.508461 0.000000 0.000000 1.000000 0.000000
-0.945517 0.325573 0.000000 318.046341 -0.325573 -0.945517 0.000000 -50.179031 0.000000 0.000000 1.000000 0.000000
-0.942016 0.335568 0.000000 316.075328 -0.335568 -0.942016 0.000000 -50.863845 0.000000 0.000000 1.000000 0.000000
-0.938506 0.345264 0.000000 314.130841 -0.345264 -0.938506 0.000000 -51.553885 0.000000 0.000000 1.000000 0.000000
-0.935499 0.353328 0.000000 312.192490 -0.353328 -0.935499 0.000000 -52.277892 0.000000 0.000000 1.000000 0.000000
-0.932993 0.359895 0.000000 310.241596 -0.359895 -0.932993 0.000000 -53.010236 0.000000 0.000000 1.000000 0.000000
-0.932026 0.362392 0.000000 308.295811 -0.362392 -0.932026 0.000000 -53.759345 0.000000 0.000000 1.000000 0.000000
-0.932198 0.361948 0.000000 306.332501 -0.361948 -0.932198 0.000000 -54.535035 0.000000 0.000000 1.000000 0.000000
-0.932449 0.361302 0.000000 304.311075 -0.361302 -0.932449 0.000000 -55.311564 0.000000 0.000000 1.000000 0.000000
-0.933056 0.359731 0.000000 302.251184 -0.359731 -0.933056 0.000000 -56.096401 0.000000 0.000000 1.000000 0.000000
-0.933040 0.359773 0.000000 300.227421 -0.359773 -0.933040 0.000000 -56.871687 0.000000 0.000000 1.000000 0.000000
-0.932849 0.360268 0.000000 298.201678 -0.360268 -0.932849 0.000000 -57.642803 0.000000 0.000000 1.000000 0.000000
-0.932166 0.362030 0.000000 296.161297 -0.362030 -0.932166 0.000000 -58.424930 0.000000 0.000000 1.000000 0.000000
-0.931957 0.362570 0.000000 294.122237 -0.362570 -0.931957 0.000000 -59.212001 0.000000 0.000000 1.000000 0.000000
-0.932034 0.362370 0.000000 292.092776 -0.362370 -0.932034 0.000000 -59.992832 0.000000 0.000000 1.000000 0.000000
-0.931260 0.364356 0.000000 290.041628 -0.364356 -0.931260 0.000000 -60.778776 0.000000 0.000000 1.000000 0.000000
-0.931997 0.362465 0.000000 287.959400 -0.362465 -0.931997 0.000000 -61.563699 0.000000 0.000000 1.000000 0.000000
-0.932472 0.361242 0.000000 285.879347 -0.361242 -0.932472 0.000000 -62.359479 0.000000 0.000000 1.000000 0.000000
-0.933725 0.357990 0.000000 283.785313 -0.357990 -0.933725 0.000000 -63.152035 0.000000 0.000000 1.000000 0.000000
-0.934973 0.354719 0.000000 281.664178 -0.354719 -0.934973 0.000000 -63.934008 0.000000 0.000000 1.000000 0.000000
