1.000000 0.000000 0.000000 0.000000 0.000000 1.000000 0.000000 0.000000 0.000000 0.000000 1.000000 0.000000
1.000000 -0.000159 0.000000 0.002571 0.000159 1.000000 0.000000 0.001135 0.000000 0.000000 1.000000 0.000000
1.000000 0.000200 0.000000 0.001690 -0.000200 1.000000 0.000000 0.002330 0.000000 0.000000 1.000000 0.000000
1.000000 -0.000015 0.000000 0.001769 0.000015 1.000000 0.000000 -0.001293 0.000000 0.000000 1.000000 0.000000
1.000000 0.000032 0.000000 -0.000383 -0.000032 1.000000 0.000000 0.006142 0.000000 0.000000 1.000000 0.000000
1.000000 0.000093 0.000000 0.001510 -0.000093 1.000000 0.000000 0.003797 0.000000 0.000000 1.000000 0.000000
1.000000 -0.000123 0.000000 0.010626 0.000123 1.000000 0.000000 -0.003054 0.000000 0.000000 1.000000 0.000000
1.000000 0.000022 0.000000 0.008622 -0.000022 1.000000 0.000000 -0.001095 0.000000 0.000000 1.000000 0.000000
1.000000 0.000111 0.000000 0.004765 -0.000111 1.000000 0.000000 -0.002580 0.000000 0.000000 1.000000 0.000000
1.000000 -0.000047 0.000000 -0.000627 0.000047 1.000000 0.000000 0.003607 0.000000 0.000000 1.000000 0.000000
1.000000 -0.000125 0.000000 -0.000196 0.000125 1.000000 0.000000 0.008351 0.000000 0.000000 1.000000 0.000000
1.000000 -0.000151 0.000000 0.000550 0.000151 1.000000 0.000000 0.003047 0.000000 0.000000 1.000000 0.000000
1.000000 -0.000203 0.000000 0.004016 0.000203 1.000000 0.000000 0.005002 0.000000 0.000000 1.000000 0.000000
1.000000 -0.000124 0.000000 0.002169 0.000124 1.000000 0.000000 0.000236 0.000000 0.000000 1.000000 0.000000
1.000000 -0.000046 0.000000 0.005674 0.000046 1.000000 0.000000 -0.001148 0.000000 0.000000 1.000000 0.000000
1.000000 -0.000179 0.000000 0.003827 0.000179 1.000000 0.000000 0.001174 0.000000 0.000000 1.000000 0.000000
1.000000 0.000030 0.000000 0.005765 -0.000030 1.000000 0.000000 0.003531 0.000000 0.000000 1.000000 0.000000
1.000000 -0.000100 0.000000 0.008554 0.000100 1.000000 0.000000 0.006016 0.000000 0.000000 1.000000 0.000000
1.000000 -0.000126 0.000000 0.005527 0.000126 1.000000 0.000000 0.007979 0.000000 0.000000 1.000000 0.000000
1.000000 -0.000130 0.000000 0.003856 0.000130 1.000000 0.000000 -0.000125 0.000000 0.000000 1.000000 0.000000
1.000000 -0.000221 0.000000 0.001868 0.000221 1.000000 0.000000 0.001690 0.000000 0.000000 1.000000 0.000000
1.000000 -0.000260 0.000000 0.004302 0.000260 1.000000 0.000000 0.004919 0.000000 0.000000 1.000000 0.000000
1.000000 -0.000377 0.000000 0.006965 0.000377 1.000000 0.000000 0.000434 0.000000 0.000000 1.000000 0.000000
1.000000 -0.000285 0.000000 0.000427 0.000285 1.000000 0.000000 0.011708 0.000000 0.000000 1.000000 0.000000
1.000000 -0.000084 0.000000 0.004383 0.000084 1.000000 0.000000 0.002197 0.000000 0.000000 1.000000 0.000000
1.000000 -0.000245 0.000000 0.001694 0.000245 1.000000 0.000000 -0.001519 0.000000 0.000000 1.000000 0.000000
1.000000 -0.000225 0.000000 0.003989 0.000225 1.000000 0.000000 0.008250 0.000000 0.000000 1.000000 0.000000
1.000000 -0.000175 0.000000 -0.000346 0.000175 1.000000 0.000000 0.001082 0.000000 0.000000 1.000000 0.000000
1.000000 -0.000303 0.000000 0.005449 0.000303 1.000000 0.000000 -0.002018 0.000000 0.000000 1.000000 0.000000
1.000000 -0.000202 0.000000 -0.002757 0.000202 1.000000 0.000000 0.006005 0.000000 0.000000 1.000000 0.000000
1.000000 -0.000179 0.000000 0.004560 0.000179 1.000000 0.000000 0.009367 0.000000 0.000000 1.000000 0.000000
1.000000 -0.000183 0.000000 0.005513 0.000183 1.000000 0.000000 -0.004549 0.000000 0.000000 1.000000 0.000000
1.000000 -0.000207 0.000000 0.008534 0.000207 1.000000 0.000000 -0.002881 0.000000 0.000000 1.000000 0.000000
1.000000 -0.000282 0.000000 0.007798 0.000282 1.000000 0.000000 0.005513 0.000000 0.000000 1.000000 0.000000
1.000000 -0.000173 0.000000 0.012874 0.000173 1.000000 0.000000 0.002920 0.000000 0.000000 1.000000 0.000000
1.000000 -0.000157 0.000000 0.008803 0.000157 1.000000 0.000000 0.006279 0.000000 0.000000 1.000000 0.000000
1.000000 -0.000116 0.000000 0.003239 0.000116 1.000000 0.000000 0.005349 0.000000 0.000000 1.000000 0.000000
1.000000 -0.000252 0.000000 0.003648 0.000252 1.000000 0.000000 0.001603 0.000000 0.000000 1.000000 0.000000
1.000000 -0.000012 0.000000 0.005495 0.000012 1.000000 0.000000 0.001966 0.000000 0.000000 1.000000 0.000000
1.000000 -0.000270 0.000000 0.004476 0.000270 1.000000 0.000000 0.008772 0.000000 0.000000 1.000000 0.000000
1.000000 -0.000115 0.000000 0.004184 0.000115 1.000000 0.000000 0.001400 0.000000 0.000000 1.000000 0.000000
1.000000 -0.000099 0.000000 0.002159 0.000099 1.000000 0.000000 0.005090 0.000000 0.000000 1.000000 0.000000
1.000000 -0.000184 0.000000 0.009313 0.000184 1.000000 0.000000 0.012822 0.000000 0.000000 1.000000 0.000000
1.000000 -0.000262 0.000000 0.012395 0.000262 1.000000 0.000000 0.000344 0.000000 0.000000 1.000000 0.000000
1.000000 -0.000078 0.000000 0.009508 0.000078 1.000000 0.000000 0.005510 0.000000 0.000000 1.000000 0.000000
1.000000 -0.000031 0.000000 -0.000496 0.000031 1.000000 0.000000 0.005013 0.000000 0.000000 1.000000 0.000000
1.000000 -0.000121 0.000000 0.000265 0.000121 1.000000 0.000000 0.000156 0.000000 0.000000 1.000000 0.000000
1.000000 -0.000023 0.000000 0.005471 0.000023 1.000000 0.000000 0.001042 0.000000 0.000000 1.000000 0.000000
1.000000 -0.000063 0.000000 0.003978 0.000063 1.000000 0.000000 0.005648 0.000000 0.000000 1.000000 0.000000
1.000000 -0.000268 0.000000 0.004529 0.000268 1.000000 0.000000 0.003722 0.000000 0.000000 1.000000 0.000000
1.000000 -0.000310 0.000000 0.006969 0.000310 1.000000 0.000000 0.000519 0.000000 0.000000 1.000000 0.000000
1.000000 -0.000313 0.000000 0.002629 0.000313 1.000000 0.000000 0.007622 0.000000 0.000000 1.000000 0.000000
1.000000 -0.000013 0.000000 0.005074 0.000013 1.000000 0.000000 -0.007966 0.000000 0.000000 1.000000 0.000000
1.000000 -0.000300 0.000000 0.001915 0.000300 1.000000 0.000000 0.004647 0.000000 0.000000 1.000000 0.000000
1.000000 -0.000308 0.000000 0.005881 0.000308 1.000000 0.000000 -0.003778 0.000000 0.000000 1.000000 0.000000
1.000000 -0.000289 0.000000 0.000358 0.000289 1.000000 0.000000 0.004328 0.000000 0.000000 1.000000 0.000000
1.000000 -0.000375 0.000000 0.006120 0.000375 1.000000 0.000000 0.000353 0.000000 0.000000 1.000000 0.000000
1.000000 -0.000223 0.000000 0.000272 0.000223 1.000000 0.000000 -0.002173 0.000000 0.000000 1.000000 0.000000
1.000000 -0.000040 0.000000 0.016588 0.000040 1.000000 0.000000 0.001753 0.000000 0.000000 1.000000 0.000000
1.000000 -0.000152 0.000000 -0.000602 0.000152 1.000000 0.000000 0.006319 0.000000 0.000000 1.000000 0.000000
1.000000 -0.000002 0.000000 0.005382 0.000002 1.000000 0.000000 0.004197 0.000000 0.000000 1.000000 0.000000
1.000000 -0.000179 0.000000 0.008078 0.000179 1.000000 0.000000 0.003234 0.000000 0.000000 1.000000 0.000000
1.000000 -0.000039 0.000000 0.003882 0.000039 1.000000 0.000000 -0.003220 0.000000 0.000000 1.000000 0.000000
1.000000 -0.000073 0.000000 0.001804 0.000073 1.000000 0.000000 -0.005262 0.000000 0.000000 1.000000 0.000000
1.000000 -0.000249 0.000000 0.011156 0.000249 1.000000 0.000000 0.005327 0.000000 0.000000 1.000000 0.000000
1.000000 -0.000224 0.000000 0.007313 0.000224 1.000000 0.000000 -0.001736 0.000000 0.000000 1.000000 0.000000
1.000000 -0.000209 0.000000 0.006938 0.000209 1.000000 0.000000 0.002797 0.000000 0.000000 1.000000 0.000000
1.000000 -0.000303 0.000000 0.002250 0.000303 1.000000 0.000000 -0.001783 0.000000 0.000000 1.000000 0.000000
1.000000 -0.000290 0.000000 0.007438 0.000290 1.000000 0.000000 0.005056 0.000000 0.000000 1.000000 0.000000
1.000000 -0.000204 0.000000 0.009741 0.000204 1.000000 0.000000 0.005073 0.000000 0.000000 1.000000 0.000000
1.000000 -0.000258 0.000000 -0.006633 0.000258 1.000000 0.000000 -0.004882 0.000000 0.000000 1.000000 0.000000
1.000000 -0.000166 0.000000 0.002225 0.000166 1.000000 0.000000 0.005255 0.000000 0.000000 1.000000 0.000000
1.000000 -0.000124 0.000000 0.001818 0.000124 1.000000 0.000000 -0.000849 0.000000 0.000000 1.000000 0.000000
1.000000 -0.000209 0.000000 0.027914 0.000209 1.000000 0.000000 -0.002864 0.000000 0.000000 1.000000 0.000000
1.000000 -0.000749 0.000000 0.086999 0.000749 1.000000 0.000000 0.000684 0.000000 0.000000 1.000000 0.000000
0.999996 -0.002999 0.000000 0.143375 0.002999 0.999996 0.000000 -0.004118 0.000000 0.000000 1.000000 0.000000
0.999930 -0.011803 0.000000 0.259414 0.011803 0.999930 0.000000 0.004970 0.000000 0.000000 1.000000 0.000000
0.999751 -0.022298 0.000000 0.437276 0.022298 0.999751 0.000000 -0.030285 0.000000 0.000000 1.000000 0.000000
0.999332 -0.036536 0.000000 0.673999 0.036536 0.999332 0.000000 0.030869 0.000000 0.000000 1.000000 0.000000
0.998384 -0.056821 0.000000 0.950772 0.056821 0.998384 0.000000 0.036686 0.000000 0.000000 1.000000 0.000000
0.996753 -0.080520 0.000000 1.249400 0.080520 0.996753 0.000000 0.096835 0.000000 0.000000 1.000000 0.000000
0.994866 -0.101205 0.000000 1.761633 0.101205 0.994866 0.000000 0.146065 0.000000 0.000000 1.000000 0.000000
0.991897 -0.127047 0.000000 2.260421 0.127047 0.991897 0.000000 0.241636 0.000000 0.000000 1.000000 0.000000
0.989226 -0.146395 0.000000 2.860989 0.146395 0.989226 0.000000 0.296127 0.000000 0.000000 1.000000 0.000000
0.987075 -0.160257 0.000000 3.528206 0.160257 0.987075 0.000000 0.426696 0.000000 0.000000 1.000000 0.000000
0.986193 -0.165602 0.000000 4.207422 0.165602 0.986193 0.000000 0.522871 0.000000 0.000000 1.000000 0.000000
0.986093 -0.166193 0.000000 5.052981 0.166193 0.986093 0.000000 0.682511 0.000000 0.000000 1.000000 0.000000
0.986631 -0.162969 0.000000 5.951190 0.162969 0.986631 0.000000 0.778042 0.000000 0.000000 1.000000 0.000000
0.987247 -0.159197 0.000000 6.933605 0.159197 0.987247 0.000000 0.905102 0.000000 0.000000 1.000000 0.000000
0.988283 -0.152633 0.000000 7.983479 0.152633 0.988283 0.000000 1.063681 0.000000 0.000000 1.000000 0.000000
0.990142 -0.140064 0.000000 9.151833 0.140064 0.990142 0.000000 1.153108 0.000000 0.000000 1.000000 0.000000
0.992020 -0.126081 0.000000 10.320424 0.126081 0.992020 0.000000 1.337572 0.000000 0.000000 1.000000 0.000000
0.993991 -0.109460 0.000000 11.643181 0.109460 0.993991 0.000000 1.436515 0.000000 0.000000 1.000000 0.000000
0.996117 -0.088042 0.000000 12.968950 0.088042 0.996117 0.000000 1.540657 0.000000 0.000000 1.000000 0.000000
0.997683 -0.068037 0.000000 14.375744 0.068037 0.997683 0.000000 1.585103 0.000000 0.000000 1.000000 0.000000
0.998905 -0.046793 0.000000 15.819860 0.046793 0.998905 0.000000 1.617123 0.000000 0.000000 1.000000 0.000000
0.999768 -0.021530 0.000000 17.295346 0.021530 0.999768 0.000000 1.620443 0.000000 0.000000 1.000000 0.000000
1.000000 -0.000747 0.000000 18.781928 0.000747 1.000000 0.000000 1.575073 0.000000 0.000000 1.000000 0.000000
0.999964 0.008499 0.000000 20.291691 -0.008499 0.999964 0.000000 1.467125 0.000000 0.000000 1.000000 0.000000
0.999950 0.009995 0.000000 21.910709 -0.009995 0.999950 0.000000 1.493863 0.000000 0.000000 1.000000 0.000000
0.999977 0.006852 0.000000 23.489882 -0.006852 0.999977 0.000000 1.443390 0.000000 0.000000 1.000000 0.000000
0.999985 0.005550 0.000000 25.190867 -0.005550 0.999985 0.000000 1.420679 0.000000 0.000000 1.000000 0.000000
0.999990 0.004452 0.000000 26.835214 -0.004452 0.999990 0.000000 1.410490 0.000000 0.000000 1.000000 0.000000
0.999992 0.003888 0.000000 28.512005 -0.003888 0.999992 0.000000 1.388435 0.000000 0.000000 1.000000 0.000000
0.999994 0.003425 0.000000 30.199858 -0.003425 0.999994 0.000000 1.390233 0.000000 0.000000 1.000000 0.000000
0.999989 0.004761 0.000000 31.960372 -0.004761 0.999989 0.000000 1.347305 0.000000 0.000000 1.000000 0.000000
0.999990 0.004391 0.000000 33.712760 -0.004391 0.999990 0.000000 1.326656 0.000000 0.000000 1.000000 0.000000
0.999994 0.003465 0.000000 35.511095 -0.003465 0.999994 0.000000 1.300331 0.000000 0.000000 1.000000 0.000000
0.999989 0.004587 0.000000 37.372618 -0.004587 0.999989 0.000000 1.279465 0.000000 0.000000 1.000000 0.000000
0.999987 0.005093 0.000000 39.208445 -0.005093 0.999987 0.000000 1.224702 0.000000 0.000000 1.000000 0.000000
0.999977 0.006740 0.000000 41.131689 -0.006740 0.999977 0.000000 1.173849 0.000000 0.000000 1.000000 0.000000
0.999968 0.008050 0.000000 43.060455 -0.008050 0.999968 0.000000 1.138129 0.000000 0.000000 1.000000 0.000000
0.999963 0.008657 0.000000 45.008298 -0.008657 0.999963 0.000000 1.100887 0.000000 0.000000 1.000000 0.000000
0.999948 0.010204 0.000000 46.990579 -0.010204 0.999948 0.000000 1.078318 0.000000 0.000000 1.000000 0.000000
0.999940 0.010912 0.000000 49.008741 -0.010912 0.999940 0.000000 1.047456 0.000000 0.000000 1.000000 0.000000
0.999913 0.013166 0.000000 51.025371 -0.013166 0.999913 0.000000 0.985286 0.000000 0.000000 1.000000 0.000000
0.999895 0.014518 0.000000 53.065629 -0.014518 0.999895 0.000000 0.936695 0.000000 0.000000 1.000000 0.000000
0.999876 0.015759 0.000000 55.066137 -0.015759 0.999876 0.000000 0.837524 0.000000 0.000000 1.000000 0.000000
0.999850 0.017344 0.000000 57.216487 -0.017344 0.999850 0.000000 0.817796 0.000000 0.000000 1.000000 0.000000
0.999836 0.018136 0.000000 59.384166 -0.018136 0.999836 0.000000 0.741002 0.000000 0.000000 1.000000 0.000000
0.999808 0.019613 0.000000 61.503100 -0.019613 0.999808 0.000000 0.648020 0.000000 0.000000 1.000000 0.000000
0.999793 0.020336 0.000000 63.708208 -0.020336 0.999793 0.000000 0.589581 0.000000 0.000000 1.000000 0.000000
0.999772 0.021332 0.000000 65.984157 -0.021332 0.999772 0.000000 0.500313 0.000000 0.000000 1.000000 0.000000
0.999748 0.022449 0.000000 68.234493 -0.022449 0.999748 0.000000 0.422117 0.000000 0.000000 1.000000 0.000000
0.999746 0.022536 0.000000 70.490017 -0.022536 0.999746 0.000000 0.331131 0.000000 0.000000 1.000000 0.000000
0.999727 0.023374 0.000000 72.760012 -0.023374 0.999727 0.000000 0.229068 0.000000 0.000000 1.000000 0.000000
0.999727 0.023360 0.000000 75.098158 -0.023360 0.999727 0.000000 0.130894 0.000000 0.000000 1.000000 0.000000
0.999750 0.022367 0.000000 77.377722 -0.022367 0.999750 0.000000 0.052266 0.000000 0.000000 1.000000 0.000000
0.999743 0.022658 0.000000 79.751228 -0.022658 0.999743 0.000000 -0.071272 0.000000 0.000000 1.000000 0.000000
0.999727 0.023350 0.000000 82.118227 -0.023350 0.999727 0.000000 -0.087276 0.000000 0.000000 1.000000 0.000000
0.999727 0.023372 0.000000 84.556561 -0.023372 0.999727 0.000000 -0.206415 0.000000 0.000000 1.000000 0.000000
0.999748 0.022452 0.000000 86.954501 -0.022452 0.999748 0.000000 -0.307268 0.000000 0.000000 1.000000 0.000000
0.999791 0.020426 0.000000 89.271851 -0.020426 0.999791 0.000000 -0.388654 0.000000 0.000000 1.000000 0.000000
0.999847 0.017475 0.000000 91.639465 -0.017475 0.999847 0.000000 -0.474352 0.000000 0.000000 1.000000 0.000000
0.999905 0.013774 0.000000 94.032553 -0.013774 0.999905 0.000000 -0.536608 0.000000 0.000000 1.000000 0.000000
0.999971 0.007605 0.000000 96.491228 -0.007605 0.999971 0.000000 -0.601445 0.000000 0.000000 1.000000 0.000000
1.000000 -0.000654 0.000000 98.939002 0.000654 1.000000 0.000000 -0.620537 0.000000 0.000000 1.000000 0.000000
0.999960 -0.008979 0.000000 101.320488 0.008979 0.999960 0.000000 -0.666810 0.000000 0.000000 1.000000 0.000000
0.999899 -0.014223 0.000000 103.773659 0.014223 0.999899 0.000000 -0.653848 0.000000 0.000000 1.000000 0.000000
0.999809 -0.019527 0.000000 106.165676 0.019527 0.999809 0.000000 -0.683010 0.000000 0.000000 1.000000 0.000000
0.999720 -0.023668 0.000000 108.612326 0.023668 0.999720 0.000000 -0.629264 0.000000 0.000000 1.000000 0.000000
0.999694 -0.024738 0.000000 111.082590 0.024738 0.999694 0.000000 -0.630741 0.000000 0.000000 1.000000 0.000000
0.999730 -0.023251 0.000000 113.541909 0.023251 0.999730 0.000000 -0.592177 0.000000 0.000000 1.000000 0.000000
0.999740 -0.022784 0.000000 116.014131 0.022784 0.999740 0.000000 -0.606011 0.000000 0.000000 1.000000 0.000000
0.999763 -0.021752 0.000000 118.442235 0.021752 0.999763 0.000000 -0.580350 0.000000 0.000000 1.000000 0.000000
0.999765 -0.021685 0.000000 120.869831 0.021685 0.999765 0.000000 -0.553050 0.000000 0.000000 1.000000 0.000000
0.999792 -0.020406 0.000000 123.262292 0.020406 0.999792 0.000000 -0.532786 0.000000 0.000000 1.000000 0.000000
0.999818 -0.019064 0.000000 125.631534 0.019064 0.999818 0.000000 -0.527168 0.000000 0.000000 1.000000 0.000000
0.999807 -0.019669 0.000000 127.962418 0.019669 0.999807 0.000000 -0.493096 0.000000 0.000000 1.000000 0.000000
0.999826 -0.018644 0.000000 130.272143 0.018644 0.999826 0.000000 -0.431459 0.000000 0.000000 1.000000 0.000000
0.999827 -0.018625 0.000000 132.624785 0.018625 0.999827 0.000000 -0.452626 0.000000 0.000000 1.000000 0.000000
0.999827 -0.018578 0.000000 134.881883 0.018578 0.999827 0.000000 -0.447419 0.000000 0.000000 1.000000 0.000000
0.999835 -0.018164 0.000000 137.121395 0.018164 0.999835 0.000000 -0.407920 0.000000 0.000000 1.000000 0.000000
0.999832 -0.018333 0.000000 139.315508 0.018333 0.999832 0.000000 -0.433156 0.000000 0.000000 1.000000 0.000000
0.999826 -0.018660 0.000000 141.437365 0.018660 0.999826 0.000000 -0.419346 0.000000 0.000000 1.000000 0.000000
0.999843 -0.017705 0.000000 143.515657 0.017705 0.999843 0.000000 -0.388617 0.000000 0.000000 1.000000 0.000000
0.999838 -0.018006 0.000000 145.568335 0.018006 0.999838 0.000000 -0.420444 0.000000 0.000000 1.000000 0.000000
0.999841 -0.017838 0.000000 147.583804 0.017838 0.999841 0.000000 -0.436042 0.000000 0.000000 1.000000 0.000000
0.999838 -0.017985 0.000000 149.476067 0.017985 0.999838 0.000000 -0.439257 0.000000 0.000000 1.000000 0.000000
0.999845 -0.017597 0.000000 151.341612 0.017597 0.999845 0.000000 -0.422156 0.000000 0.000000 1.000000 0.000000
0.999848 -0.017433 0.000000 153.179802 0.017433 0.999848 0.000000 -0.429151 0.000000 0.000000 1.000000 0.000000
0.999863 -0.016557 0.000000 154.954821 0.016557 0.999863 0.000000 -0.380243 0.000000 0.000000 1.000000 0.000000
0.999871 -0.016068 0.000000 156.676666 0.016068 0.999871 0.000000 -0.390703 0.000000 0.000000 1.000000 0.000000
0.999872 -0.015975 0.000000 158.295003 0.015975 0.999872 0.000000 -0.391565 0.000000 0.000000 1.000000 0.000000
0.999880 -0.015504 0.000000 159.911873 0.015504 0.999880 0.000000 -0.352506 0.000000 0.000000 1.000000 0.000000
0.999870 -0.016103 0.000000 161.441797 0.016103 0.999870 0.000000 -0.329168 0.000000 0.000000 1.000000 0.000000
0.999864 -0.016494 0.000000 162.916227 0.016494 0.999864 0.000000 -0.339149 0.000000 0.000000 1.000000 0.000000
0.999855 -0.017016 0.000000 164.326052 0.017016 0.999855 0.000000 -0.326400 0.000000 0.000000 1.000000 0.000000
0.999831 -0.018365 0.000000 165.657786 0.018365 0.999831 0.000000 -0.315193 0.000000 0.000000 1.000000 0.000000
0.999792 -0.020407 0.000000 166.974878 0.020407 0.999792 0.000000 -0.310817 0.000000 0.000000 1.000000 0.000000
0.999757 -0.022052 0.000000 168.166976 0.022052 0.999757 0.000000 -0.335370 0.000000 0.000000 1.000000 0.000000
0.999709 -0.024113 0.000000 169.374901 0.024113 0.999709 0.000000 -0.295174 0.000000 0.000000 1.000000 0.000000
0.999662 -0.026008 0.000000 170.406151 0.026008 0.999662 0.000000 -0.284600 0.000000 0.000000 1.000000 0.000000
0.999638 -0.026913 0.000000 171.465624 0.026913 0.999638 0.000000 -0.275706 0.000000 0.000000 1.000000 0.000000
0.999616 -0.027726 0.000000 172.376399 0.027726 0.999616 0.000000 -0.242471 0.000000 0.000000 1.000000 0.000000
0.999579 -0.029004 0.000000 173.251923 0.029004 0.999579 0.000000 -0.224947 0.000000 0.000000 1.000000 0.000000
0.999548 -0.030062 0.000000 174.077883 0.030062 0.999548 0.000000 -0.190978 0.000000 0.000000 1.000000 0.000000
0.999552 -0.029937 0.000000 174.819515 0.029937 0.999552 0.000000 -0.202563 0.000000 0.000000 1.000000 0.000000
0.999549 -0.030033 0.000000 175.502077 0.030033 0.999549 0.000000 -0.185869 0.000000 0.000000 1.000000 0.000000
0.999529 -0.030697 0.000000 176.107421 0.030697 0.999529 0.000000 -0.144063 0.000000 0.000000 1.000000 0.000000
0.999557 -0.029750 0.000000 176.686453 0.029750 0.999557 0.000000 -0.158701 0.000000 0.000000 1.000000 0.000000
0.999584 -0.028845 0.000000 177.169375 0.028845 0.999584 0.000000 -0.197622 0.000000 0.000000 1.000000 0.000000
0.999560 -0.029666 0.000000 177.562686 0.029666 0.999560 0.000000 -0.148345 0.000000 0.000000 1.000000 0.000000
0.999539 -0.030364 0.000000 177.895154 0.030364 0.999539 0.000000 -0.136593 0.000000 0.000000 1.000000 0.000000
0.999540 -0.030341 0.000000 178.163922 0.030341 0.999540 0.000000 -0.121177 0.000000 0.000000 1.000000 0.000000
0.999546 -0.030125 0.000000 178.423441 0.030125 0.999546 0.000000 -0.110831 0.000000 0.000000 1.000000 0.000000
0.999537 -0.030413 0.000000 178.644702 0.030413 0.999537 0.000000 -0.106326 0.000000 0.000000 1.000000 0.000000
0.999546 -0.030133 0.000000 178.832747 0.030133 0.999546 0.000000 -0.100909 0.000000 0.000000 1.000000 0.000000
0.999540 -0.030328 0.000000 179.006079 0.030328 0.999540 0.000000 -0.115574 0.000000 0.000000 1.000000 0.000000
0.999533 -0.030562 0.000000 179.143717 0.030562 0.999533 0.000000 -0.099128 0.000000 0.000000 1.000000 0.000000
0.999523 -0.030880 0.000000 179.263982 0.030880 0.999523 0.000000 -0.105150 0.000000 0.000000 1.000000 0.000000
0.999515 -0.031138 0.000000 179.345142 0.031138 0.999515 0.000000 -0.099433 0.000000 0.000000 1.000000 0.000000
0.999526 -0.030787 0.000000 179.453094 0.030787 0.999526 0.000000 -0.087614 0.000000 0.000000 1.000000 0.000000
0.999526 -0.030790 0.000000 179.521260 0.030790 0.999526 0.000000 -0.084341 0.000000 0.000000 1.000000 0.000000
0.999524 -0.030845 0.000000 179.586561 0.030845 0.999524 0.000000 -0.080139 0.000000 0.000000 1.000000 0.000000
0.999516 -0.031113 0.000000 179.689362 0.031113 0.999516 0.000000 -0.070844 0.000000 0.000000 1.000000 0.000000
0.999523 -0.030898 0.000000 179.766901 0.030898 0.999523 0.000000 -0.065178 0.000000 0.000000 1.000000 0.000000
0.999522 -0.030931 0.000000 179.844857 0.030931 0.999522 0.000000 -0.067555 0.000000 0.000000 1.000000 0.000000
0.999491 -0.031909 0.000000 179.989084 0.031909 0.999491 0.000000 -0.049184 0.000000 0.000000 1.000000 0.000000
0.999485 -0.032090 0.000000 180.134071 0.032090 0.999485 0.000000 -0.060621 0.000000 0.000000 1.000000 0.000000
0.999484 -0.032116 0.000000 180.346279 0.032116 0.999484 0.000000 -0.066824 0.000000 0.000000 1.000000 0.000000
0.999510 -0.031307 0.000000 180.607116 0.031307 0.999510 0.000000 -0.046883 0.000000 0.000000 1.000000 0.000000
0.999492 -0.031863 0.000000 180.884847 0.031863 0.999492 0.000000 -0.054256 0.000000 0.000000 1.000000 0.000000
0.999510 -0.031312 0.000000 181.206821 0.031312 0.999510 0.000000 -0.066376 0.000000 0.000000 1.000000 0.000000
0.999539 -0.030370 0.000000 181.588784 0.030370 0.999539 0.000000 -0.054518 0.000000 0.000000 1.000000 0.000000
0.999562 -0.029609 0.000000 182.075675 0.029609 0.999562 0.000000 -0.058137 0.000000 0.000000 1.000000 0.000000
0.999587 -0.028741 0.000000 182.655208 0.028741 0.999587 0.000000 -0.030442 0.000000 0.000000 1.000000 0.000000
0.999600 -0.028289 0.000000 183.227029 0.028289 0.999600 0.000000 -0.020227 0.000000 0.000000 1.000000 0.000000
0.999626 -0.027358 0.000000 183.845831 0.027358 0.999626 0.000000 -0.018908 0.000000 0.000000 1.000000 0.000000
0.999649 -0.026507 0.000000 184.623606 0.026507 0.999649 0.000000 -0.012771 0.000000 0.000000 1.000000 0.000000
0.999649 -0.026491 0.000000 185.479031 0.026491 0.999649 0.000000 0.011507 0.000000 0.000000 1.000000 0.000000
0.999667 -0.025819 0.000000 186.415389 0.025819 0.999667 0.000000 0.035940 0.000000 0.000000 1.000000 0.000000
0.999708 -0.024182 0.000000 187.498021 0.024182 0.999708 0.000000 0.038143 0.000000 0.000000 1.000000 0.000000
0.999746 -0.022516 0.000000 188.583138 0.022516 0.999746 0.000000 0.050182 0.000000 0.000000 1.000000 0.000000
0.999765 -0.021691 0.000000 189.835498 0.021691 0.999765 0.000000 0.039473 0.000000 0.000000 1.000000 0.000000
0.999796 -0.020175 0.000000 191.142179 0.020175 0.999796 0.000000 0.045928 0.000000 0.000000 1.000000 0.000000
0.999798 -0.020096 0.000000 192.573957 0.020096 0.999798 0.000000 0.065723 0.000000 0.000000 1.000000 0.000000
0.999811 -0.019438 0.000000 194.018210 0.019438 0.999811 0.000000 0.064622 0.000000 0.000000 1.000000 0.000000
0.999819 -0.019025 0.000000 195.633603 0.019025 0.999819 0.000000 0.080546 0.000000 0.000000 1.000000 0.000000
0.999825 -0.018699 0.000000 197.237788 0.018699 0.999825 0.000000 0.071047 0.000000 0.000000 1.000000 0.000000
0.999833 -0.018298 0.000000 198.909246 0.018298 0.999833 0.000000 0.102301 0.000000 0.000000 1.000000 0.000000
0.999818 -0.019064 0.000000 200.652890 0.019064 0.999818 0.000000 0.116621 0.000000 0.000000 1.000000 0.000000
0.999813 -0.019339 0.000000 202.444712 0.019339 0.999813 0.000000 0.130087 0.000000 0.000000 1.000000 0.000000
0.999819 -0.019037 0.000000 204.222576 0.019037 0.999819 0.000000 0.145482 0.000000 0.000000 1.000000 0.000000
0.999797 -0.020126 0.000000 206.063923 0.020126 0.999797 0.000000 0.156687 0.000000 0.000000 1.000000 0.000000
0.999756 -0.022076 0.000000 208.005419 0.022076 0.999756 0.000000 0.212767 0.000000 0.000000 1.000000 0.000000
0.999716 -0.023847 0.000000 209.960410 0.023847 0.999716 0.000000 0.232277 0.000000 0.000000 1.000000 0.000000
0.999654 -0.026301 0.000000 211.860166 0.026301 0.999654 0.000000 0.254546 0.000000 0.000000 1.000000 0.000000
0.999542 -0.030277 0.000000 213.851032 0.030277 0.999542 0.000000 0.314520 0.000000 0.000000 1.000000 0.000000
0.999406 -0.034458 0.000000 215.836326 0.034458 0.999406 0.000000 0.358918 0.000000 0.000000 1.000000 0.000000
0.999182 -0.040428 0.000000 217.883561 0.040428 0.999182 0.000000 0.365089 0.000000 0.000000 1.000000 0.000000
0.998944 -0.045937 0.000000 219.861860 0.045937 0.998944 0.000000 0.414585 0.000000 0.000000 1.000000 0.000000
0.998579 -0.053295 0.000000 221.939000 0.053295 0.998579 0.000000 0.513092 0.000000 0.000000 1.000000 0.000000
0.998128 -0.061157 0.000000 223.912093 0.061157 0.998128 0.000000 0.591569 0.000000 0.000000 1.000000 0.000000
0.997576 -0.069583 0.000000 226.000950 0.069583 0.997576 0.000000 0.678448 0.000000 0.000000 1.000000 0.000000
0.996742 -0.080660 0.000000 228.120961 0.080660 0.996742 0.000000 0.828632 0.000000 0.000000 1.000000 0.000000
0.995801 -0.091545 0.000000 230.098916 0.091545 0.995801 0.000000 1.001131 0.000000 0.000000 1.000000 0.000000
0.994745 -0.102386 0.000000 232.050036 0.102386 0.994745 0.000000 1.199211 0.000000 0.000000 1.000000 0.000000
0.993825 -0.110957 0.000000 234.146371 0.110957 0.993825 0.000000 1.400486 0.000000 0.000000 1.000000 0.000000
0.993046 -0.117730 0.000000 236.211637 0.117730 0.993046 0.000000 1.641287 0.000000 0.000000 1.000000 0.000000
0.992039 -0.125930 0.000000 238.305937 0.125930 0.992039 0.000000 1.908643 0.000000 0.000000 1.000000 0.000000
0.991313 -0.131527 0.000000 240.382346 0.131527 0.991313 0.000000 2.189457 0.000000 0.000000 1.000000 0.000000
0.990934 -0.134353 0.000000 242.390219 0.134353 0.990934 0.000000 2.422570 0.000000 0.000000 1.000000 0.000000
0.990887 -0.134693 0.000000 244.528604 0.134693 0.990887 0.000000 2.735586 0.000000 0.000000 1.000000 0.000000
0.990870 -0.134818 0.000000 246.692428 0.134818 0.990870 0.000000 3.018121 0.000000 0.000000 1.000000 0.000000
0.990839 -0.135048 0.000000 248.730280 0.135048 0.990839 0.000000 3.220146 0.000000 0.000000 1.000000 0.000000
0.990648 -0.136443 0.000000 250.804504 0.136443 0.990648 0.000000 3.541132 0.000000 0.000000 1.000000 0.000000
0.990693 -0.136113 0.000000 252.969258 0.136113 0.990693 0.000000 3.812134 0.000000 0.000000 1.000000 0.000000
0.990767 -0.135573 0.000000 255.089192 0.135573 0.990767 0.000000 4.084139 0.000000 0.000000 1.000000 0.000000
0.990936 -0.134337 0.000000 257.248416 0.134337 0.990936 0.000000 4.315043 0.000000 0.000000 1.000000 0.000000
0.991027 -0.133661 0.000000 259.344204 0.133661 0.991027 0.000000 4.601988 0.000000 0.000000 1.000000 0.000000
0.991014 -0.133761 0.000000 261.601804 0.133761 0.991014 0.000000 4.853344 0.000000 0.000000 1.000000 0.000000
0.990922 -0.134441 0.000000 263.845348 0.134441 0.990922 0.000000 5.130216 0.000000 0.000000 1.000000 0.000000
0.991122 -0.132958 0.000000 266.093638 0.132958 0.991122 0.000000 5.449620 0.000000 0.000000 1.000000 0.000000
0.991148 -0.132759 0.000000 268.294684 0.132759 0.991148 0.000000 5.706956 0.000000 0.000000 1.000000 0.000000
0.991225 -0.132183 0.000000 270.565260 0.132183 0.991225 0.000000 5.969021 0.000000 0.000000 1.000000 0.000000
0.991108 -0.133062 0.000000 272.803260 0.133062 0.991108 0.000000 6.290473 0.000000 0.000000 1.000000 0.000000
0.991194 -0.132417 0.000000 275.038439 0.132417 0.991194 0.000000 6.588170 0.000000 0.000000 1.000000 0.000000
0.991134 -0.132868 0.000000 277.263656 0.132868 0.991134 0.000000 6.874999 0.000000 0.000000 1.000000 0.000000
0.991096 -0.133153 0.000000 279.554445 0.133153 0.991096 0.000000 7.132229 0.000000 0.000000 1.000000 0.000000
0.991280 -0.131775 0.000000 281.895588 0.131775 0.991280 0.000000 7.385333 0.000000 0.000000 1.000000 0.000000
0.991403 -0.130845 0.000000 284.192798 0.130845 0.991403 0.000000 7.706689 0.000000 0.000000 1.000000 0.000000
0.991279 -0.131777 0.000000 286.532775 0.131777 0.991279 0.000000 7.969431 0.000000 0.000000 1.000000 0.000000
0.991180 -0.132521 0.000000 288.884134 0.132521 0.991180 0.000000 8.282621 0.000000 0.000000 1.000000 0.000000
0.990930 -0.134376 0.000000 291.258060 0.134376 0.990930 0.000000 8.542334 0.000000 0.000000 1.000000 0.000000
0.990315 -0.138839 0.000000 293.620733 0.138839 0.990315 0.000000 8.852783 0.000000 0.000000 1.000000 0.000000
0.989523 -0.144376 0.000000 295.938879 0.144376 0.989523 0.000000 9.189865 0.000000 0.000000 1.000000 0.000000
0.988867 -0.148803 0.000000 298.301106 0.148803 0.988867 0.000000 9.479846 0.000000 0.000000 1.000000 0.000000
0.988700 -0.149910 0.000000 300.607373 0.149910 0.988700 0.000000 9.785276 0.000000 0.000000 1.000000 0.000000
0.988904 -0.148558 0.000000 302.899333 0.148558 0.988904 0.000000 10.123448 0.000000 0.000000 1.000000 0.000000
0.989441 -0.144935 0.000000 305.148741 0.144935 0.989441 0.000000 10.412340 0.000000 0.000000 1.000000 0.000000
0.989827 -0.142274 0.000000 307.425857 0.142274 0.989827 0.000000 10.681583 0.000000 0.000000 1.000000 0.000000
0.989975 -0.141245 0.000000 309.643542 0.141245 0.989975 0.000000 10.935846 0.000000 0.000000 1.000000 0.000000
0.990066 -0.140604 0.000000 311.814652 0.140604 0.990066 0.000000 11.251949 0.000000 0.000000 1.000000 0.000000
0.990179 -0.139805 0.000000 313.911572 0.139805 0.990179 0.000000 11.489573 0.000000 0.000000 1.000000 0.000000
0.990344 -0.138628 0.000000 315.979732 0.138628 0.990344 0.000000 11.771893 0.000000 0.000000 1.000000 0.000000
0.990502 -0.137497 0.000000 318.028984 0.137497 0.990502 0.000000 12.044096 0.000000 0.000000 1.000000 0.000000
0.990694 -0.136109 0.000000 319.997983 0.136109 0.990694 0.000000 12.291163 0.000000 0.000000 1.000000 0.000000
0.990765 -0.135593 0.000000 321.929753 0.135593 0.990765 0.000000 12.525051 0.000000 0.000000 1.000000 0.000000
0.991220 -0.132226 0.000000 323.835574 0.132226 0.991220 0.000000 12.705676 0.000000 0.000000 1.000000 0.000000
0.991326 -0.131427 0.000000 325.662857 0.131427 0.991326 0.000000 12.894984 0.000000 0.000000 1.000000 0.000000
0.991465 -0.130375 0.000000 327.434250 0.130375 0.991465 0.000000 13.140724 0.000000 0.000000 1.000000 0.000000
0.991640 -0.129035 0.000000 329.193202 0.129035 0.991640 0.000000 13.326522 0.000000 0.000000 1.000000 0.000000
0.992031 -0.125993 0.000000 330.874199 0.125993 0.992031 0.000000 13.564276 0.000000 0.000000 1.000000 0.000000
0.992236 -0.124368 0.000000 332.509479 0.124368 0.992236 0.000000 13.697146 0.000000 0.000000 1.000000 0.000000
0.992408 -0.122988 0.000000 334.143994 0.122988 0.992408 0.000000 13.886995 0.000000 0.000000 1.000000 0.000000
0.992888 -0.119053 0.000000 335.686676 0.119053 0.992888 0.000000 14.091214 0.000000 0.000000 1.000000 0.000000
0.993323 -0.115363 0.000000 337.179497 0.115363 0.993323 0.000000 14.196677 0.000000 0.000000 1.000000 0.000000
0.993895 -0.110332 0.000000 338.645373 0.110332 0.993895 0.000000 14.391374 0.000000 0.000000 1.000000 0.000000
0.994263 -0.106960 0.000000 340.075024 0.106960 0.994263 0.000000 14.486486 0.000000 0.000000 1.000000 0.000000
0.994607 -0.103718 0.000000 341.403749 0.103718 0.994607 0.000000 14.631617 0.000000 0.000000 1.000000 0.000000
0.994922 -0.100652 0.000000 342.711660 0.100652 0.994922 0.000000 14.698750 0.000000 0.000000 1.000000 0.000000
0.995186 -0.098006 0.000000 344.026914 0.098006 0.995186 0.000000 14.815328 0.000000 0.000000 1.000000 0.000000
0.995337 -0.096456 0.000000 345.159602 0.096456 0.995337 0.000000 14.914823 0.000000 0.000000 1.000000 0.000000
0.995570 -0.094025 0.000000 346.325809 0.094025 0.995570 0.000000 14.996444 0.000000 0.000000 1.000000 0.000000
0.995760 -0.091988 0.000000 347.361547 0.091988 0.995760 0.000000 15.070377 0.000000 0.000000 1.000000 0.000000
0.995908 -0.090378 0.000000 348.414969 0.090378 0.995908 0.000000 15.135637 0.000000 0.000000 1.000000 0.000000
0.996116 -0.088054 0.000000 349.388012 0.088054 0.996116 0.000000 15.182026 0.000000 0.000000 1.000000 0.000000
0.996541 -0.083105 0.000000 350.294105 0.083105 0.996541 0.000000 15.279118 0.000000 0.000000 1.000000 0.000000
0.997253 -0.074077 0.000000 351.117176 0.074077 0.997253 0.000000 15.344242 0.000000 0.000000 1.000000 0.000000
0.997918 -0.064503 0.000000 351.865209 0.064503 0.997918 0.000000 15.394771 0.000000 0.000000 1.000000 0.000000
0.998579 -0.053299 0.000000 352.608937 0.053299 0.998579 0.000000 15.381691 0.000000 0.000000 1.000000 0.000000
0.998994 -0.044835 0.000000 353.228443 0.044835 0.998994 0.000000 15.360965 0.000000 0.000000 1.000000 0.000000
0.999352 -0.036003 0.000000 353.881120 0.036003 0.999352 0.000000 15.404315 0.000000 0.000000 1.000000 0.000000
0.999558 -0.029720 0.000000 354.449560 0.029720 0.999558 0.000000 15.383160 0.000000 0.000000 1.000000 0.000000
0.999700 -0.024495 0.000000 355.018527 0.024495 0.999700 0.000000 15.401505 0.000000 0.000000 1.000000 0.000000
0.999779 -0.021036 0.000000 355.478541 0.021036 0.999779 0.000000 15.373261 0.000000 0.000000 1.000000 0.000000
0.999813 -0.019340 0.000000 355.871707 0.019340 0.999813 0.000000 15.371726 0.000000 0.000000 1.000000 0.000000
0.999832 -0.018328 0.000000 356.248188 0.018328 0.999832 0.000000 15.377465 0.000000 0.000000 1.000000 0.000000
0.999824 -0.018783 0.000000 356.444798 0.018783 0.999824 0.000000 15.396697 0.000000 0.000000 1.000000 0.000000
0.999852 -0.017196 0.000000 356.605423 0.017196 0.999852 0.000000 15.404793 0.000000 0.000000 1.000000 0.000000
0.999863 -0.016580 0.000000 356.683237 0.016580 0.999863 0.000000 15.369854 0.000000 0.000000 1.000000 0.000000
0.999868 -0.016244 0.000000 356.820242 0.016244 0.999868 0.000000 15.402054 0.000000 0.000000 1.000000 0.000000
0.999901 -0.014100 0.000000 356.931306 0.014100 0.999901 0.000000 15.378620 0.000000 0.000000 1.000000 0.000000
0.999902 -0.014018 0.000000 357.085939 0.014018 0.999902 0.000000 15.385246 0.000000 0.000000 1.000000 0.000000
0.999925 -0.012254 0.000000 357.240280 0.012254 0.999925 0.000000 15.364106 0.000000 0.000000 1.000000 0.000000
0.999958 -0.009150 0.000000 357.430020 0.009150 0.999958 0.000000 15.360102 0.000000 0.000000 1.000000 0.000000
0.999994 -0.003451 0.000000 357.680213 0.003451 0.999994 0.000000 15.338970 0.000000 0.000000 1.000000 0.000000
0.999999 0.001522 0.000000 357.977588 -0.001522 0.999999 0.000000 15.294393 0.000000 0.000000 1.000000 0.000000
0.999939 0.011062 0.000000 358.366949 -0.011062 0.999939 0.000000 15.243064 0.000000 0.000000 1.000000 0.000000
0.999836 0.018119 0.000000 358.875761 -0.018119 0.999836 0.000000 15.310636 0.000000 0.000000 1.000000 0.000000
0.999698 0.024577 0.000000 359.290583 -0.024577 0.999698 0.000000 15.276534 0.000000 0.000000 1.000000 0.000000
0.999442 0.033393 0.000000 359.845785 -0.033393 0.999442 0.000000 15.242380 0.000000 0.000000 1.000000 0.000000
0.999172 0.040686 0.000000 360.424204 -0.040686 0.999172 0.000000 15.202893 0.000000 0.000000 1.000000 0.000000
0.999061 0.043319 0.000000 360.981560 -0.043319 0.999061 0.000000 15.200697 0.000000 0.000000 1.000000 0.000000
0.998952 0.045775 0.000000 361.689952 -0.045775 0.998952 0.000000 15.147087 0.000000 0.000000 1.000000 0.000000
0.998832 0.048319 0.000000 362.433553 -0.048319 0.998832 0.000000 15.091977 0.000000 0.000000 1.000000 0.000000
0.998704 0.050900 0.000000 363.188453 -0.050900 0.998704 0.000000 15.007459 0.000000 0.000000 1.000000 0.000000
0.998648 0.051976 0.000000 364.049003 -0.051976 0.998648 0.000000 14.963470 0.000000 0.000000 1.000000 0.000000
0.998590 0.053082 0.000000 365.007511 -0.053082 0.998590 0.000000 14.927322 0.000000 0.000000 1.000000 0.000000
0.998543 0.053955 0.000000 365.958610 -0.053955 0.998543 0.000000 14.758872 0.000000 0.000000 1.000000 0.000000
0.998566 0.053529 0.000000 367.075062 -0.053529 0.998566 0.000000 14.736588 0.000000 0.000000 1.000000 0.000000
0.998578 0.053316 0.000000 368.277716 -0.053316 0.998578 0.000000 14.672045 0.000000 0.000000 1.000000 0.000000
0.998796 0.049066 0.000000 369.587303 -0.049066 0.998796 0.000000 14.661921 0.000000 0.000000 1.000000 0.000000
0.998888 0.047137 0.000000 370.928489 -0.047137 0.998888 0.000000 14.436357 0.000000 0.000000 1.000000 0.000000
0.999003 0.044632 0.000000 372.366423 -0.044632 0.999003 0.000000 14.437086 0.000000 0.000000 1.000000 0.000000
0.999110 0.042172 0.000000 373.824958 -0.042172 0.999110 0.000000 14.251286 0.000000 0.000000 1.000000 0.000000
0.999162 0.040918 0.000000 375.378766 -0.040918 0.999162 0.000000 14.145764 0.000000 0.000000 1.000000 0.000000
0.999158 0.041030 0.000000 377.055075 -0.041030 0.999158 0.000000 14.118572 0.000000 0.000000 1.000000 0.000000
0.999196 0.040103 0.000000 378.741208 -0.040103 0.999196 0.000000 14.025179 0.000000 0.000000 1.000000 0.000000
0.999181 0.040469 0.000000 380.482134 -0.040469 0.999181 0.000000 13.949252 0.000000 0.000000 1.000000 0.000000
0.999178 0.040531 0.000000 382.283198 -0.040531 0.999178 0.000000 13.922717 0.000000 0.000000 1.000000 0.000000
0.999219 0.039519 0.000000 384.071709 -0.039519 0.999219 0.000000 13.805875 0.000000 0.000000 1.000000 0.000000
0.999260 0.038453 0.000000 385.962040 -0.038453 0.999260 0.000000 13.755773 0.000000 0.000000 1.000000 0.000000
0.999302 0.037365 0.000000 387.916159 -0.037365 0.999302 0.000000 13.694245 0.000000 0.000000 1.000000 0.000000
0.999357 0.035855 0.000000 389.798767 -0.035855 0.999357 0.000000 13.592175 0.000000 0.000000 1.000000 0.000000
0.999430 0.033772 0.000000 391.742576 -0.033772 0.999430 0.000000 13.492278 0.000000 0.000000 1.000000 0.000000
0.999533 0.030544 0.000000 393.697438 -0.030544 0.999533 0.000000 13.379067 0.000000 0.000000 1.000000 0.000000
0.999608 0.028009 0.000000 395.719477 -0.028009 0.999608 0.000000 13.311868 0.000000 0.000000 1.000000 0.000000
0.999668 0.025749 0.000000 397.618023 -0.025749 0.999668 0.000000 13.227786 0.000000 0.000000 1.000000 0.000000
0.999759 0.021951 0.000000 399.598642 -0.021951 0.999759 0.000000 13.156891 0.000000 0.000000 1.000000 0.000000
0.999818 0.019080 0.000000 401.492558 -0.019080 0.999818 0.000000 13.115048 0.000000 0.000000 1.000000 0.000000
0.999847 0.017513 0.000000 403.356794 -0.017513 0.999847 0.000000 13.091229 0.000000 0.000000 1.000000 0.000000
0.999898 0.014315 0.000000 405.227605 -0.014315 0.999898 0.000000 13.006920 0.000000 0.000000 1.000000 0.000000
0.999932 0.011633 0.000000 407.052341 -0.011633 0.999932 0.000000 12.956201 0.000000 0.000000 1.000000 0.000000
0.999959 0.009073 0.000000 408.857010 -0.009073 0.999959 0.000000 12.911727 0.000000 0.000000 1.000000 0.000000
0.999975 0.007051 0.000000 410.629277 -0.007051 0.999975 0.000000 12.858286 0.000000 0.000000 1.000000 0.000000
0.999993 0.003621 0.000000 412.358389 -0.003621 0.999993 0.000000 12.836866 0.000000 0.000000 1.000000 0.000000
0.999999 0.001495 0.000000 414.084169 -0.001495 0.999999 0.000000 12.842515 0.000000 0.000000 1.000000 0.000000
1.000000 -0.000203 0.000000 415.811433 0.000203 1.000000 0.000000 12.833465 0.000000 0.000000 1.000000 0.000000
