1.000000 0.000000 0.000000 0.000000 0.000000 1.000000 0.000000 0.000000 0.000000 0.000000 1.000000 0.000000 1564718964389940707

0.999814 -0.019312 0.000000 1.577612 0.019312 0.999814 0.000000 0.030273 0.000000 0.000000 1.000000 0.000000 1564718975660565251

0.997836 -0.065754 0.000000 3.708516 0.065754 0.997836 0.000000 0.264156 0.000000 0.000000 1.000000 0.000000 1564718976662580809

0.992035 -0.125965 0.000000 5.812712 0.125965 0.992035 0.000000 0.541948 0.000000 0.000000 1.000000 0.000000 1564718977413168692

0.983614 -0.180285 0.000000 7.486810 0.180285 0.983614 0.000000 0.890694 0.000000 0.000000 1.000000 0.000000 1564718977914059079

0.970945 -0.239303 0.000000 9.298899 0.239303 0.970945 0.000000 1.356361 0.000000 0.000000 1.000000 0.000000 1564718978415483776

0.956677 -0.291151 0.000000 11.184098 0.291151 0.956677 0.000000 2.017744 0.000000 0.000000 1.000000 0.000000 1564718978915990234

0.946275 -0.323364 0.000000 13.271339 0.323364 0.946275 0.000000 2.743726 0.000000 0.000000 1.000000 0.000000 1564718979417842206

0.943175 -0.332296 0.000000 15.431418 0.332296 0.943175 0.000000 3.521456 0.000000 0.000000 1.000000 0.000000 1564718979918879938

0.943346 -0.331810 0.000000 17.745938 0.331810 0.943346 0.000000 4.337310 0.000000 0.000000 1.000000 0.000000 1564718980420800029

0.944067 -0.329753 0.000000 20.243534 0.329753 0.944067 0.000000 5.198693 0.000000 0.000000 1.000000 0.000000 1564718980920502322

0.943000 -0.332793 0.000000 22.796144 0.332793 0.943000 0.000000 6.147352 0.000000 0.000000 1.000000 0.000000 1564718981421350870

0.938965 -0.344014 0.000000 25.548659 0.344014 0.938965 0.000000 7.218882 0.000000 0.000000 1.000000 0.000000 1564718981921895463

0.932863 -0.360231 0.000000 28.280971 0.360231 0.932863 0.000000 8.327508 0.000000 0.000000 1.000000 0.000000 1564718982423172778

0.927885 -0.372866 0.000000 29.753851 0.372866 0.927885 0.000000 8.873284 0.000000 0.000000 1.000000 0.000000 1564718982674261027

0.922554 -0.385869 0.000000 31.229672 0.385869 0.922554 0.000000 9.554684 0.000000 0.000000 1.000000 0.000000 1564718982924224190

0.915389 -0.402572 0.000000 32.686027 0.402572 0.915389 0.000000 10.270738 0.000000 0.000000 1.000000 0.000000 1564718983174398553

0.906241 -0.422761 0.000000 34.231375 0.422761 0.906241 0.000000 11.007560 0.000000 0.000000 1.000000 0.000000 1564718983424771711

0.894841 -0.446385 0.000000 35.734968 0.446385 0.894841 0.000000 11.810396 0.000000 0.000000 1.000000 0.000000 1564718983675983803

0.881350 -0.472463 0.000000 37.317657 0.472463 0.881350 0.000000 12.678757 0.000000 0.000000 1.000000 0.000000 1564718983926542016

0.866455 -0.499255 0.000000 38.874575 0.499255 0.866455 0.000000 13.629645 0.000000 0.000000 1.000000 0.000000 1564718984175593837

0.850356 -0.526207 0.000000 40.424790 0.526207 0.850356 0.000000 14.611653 0.000000 0.000000 1.000000 0.000000 1564718984425904658

0.833697 -0.552222 0.000000 41.937800 0.552222 0.833697 0.000000 15.676512 0.000000 0.000000 1.000000 0.000000 1564718984676392967

0.816773 -0.576959 0.000000 43.479646 0.576959 0.816773 0.000000 16.816833 0.000000 0.000000 1.000000 0.000000 1564718984926656908

0.800910 -0.598785 0.000000 45.089516 0.598785 0.800910 0.000000 18.015627 0.000000 0.000000 1.000000 0.000000 1564718985177860317

0.789770 -0.613402 0.000000 46.643408 0.613402 0.789770 0.000000 19.288093 0.000000 0.000000 1.000000 0.000000 1564718985428174881

0.780513 -0.625139 0.000000 48.113460 0.625139 0.780513 0.000000 20.493893 0.000000 0.000000 1.000000 0.000000 1564718985678474964

0.770799 -0.637079 0.000000 49.643533 0.637079 0.770799 0.000000 21.803993 0.000000 0.000000 1.000000 0.000000 1564718985929491058

0.763608 -0.645680 0.000000 51.203375 0.645680 0.763608 0.000000 23.161990 0.000000 0.000000 1.000000 0.000000 1564718986178608921

0.757267 -0.653105 0.000000 52.736996 0.653105 0.757267 0.000000 24.472814 0.000000 0.000000 1.000000 0.000000 1564718986428674022

0.753336 -0.657636 0.000000 54.293910 0.657636 0.753336 0.000000 25.869528 0.000000 0.000000 1.000000 0.000000 1564718986679023249

0.753552 -0.657388 0.000000 55.870068 0.657388 0.753552 0.000000 27.247250 0.000000 0.000000 1.000000 0.000000 1564718986929175131

0.755179 -0.655519 0.000000 57.407445 0.655519 0.755179 0.000000 28.627839 0.000000 0.000000 1.000000 0.000000 1564718987179531197

0.756923 -0.653504 0.000000 58.958041 0.653504 0.756923 0.000000 29.997536 0.000000 0.000000 1.000000 0.000000 1564718987429648312

0.759308 -0.650731 0.000000 60.535719 0.650731 0.759308 0.000000 31.335495 0.000000 0.000000 1.000000 0.000000 1564718987680265426

0.762460 -0.647035 0.000000 62.096283 0.647035 0.762460 0.000000 32.630066 0.000000 0.000000 1.000000 0.000000 1564718987930777518

0.768520 -0.639826 0.000000 63.623274 0.639826 0.768520 0.000000 33.933924 0.000000 0.000000 1.000000 0.000000 1564718988180460569

0.774471 -0.632609 0.000000 65.166603 0.632609 0.774471 0.000000 35.213735 0.000000 0.000000 1.000000 0.000000 1564718988431390567

0.782018 -0.623256 0.000000 66.735018 0.623256 0.782018 0.000000 36.470835 0.000000 0.000000 1.000000 0.000000 1564718988680326233

0.790642 -0.612279 0.000000 68.325425 0.612279 0.790642 0.000000 37.743843 0.000000 0.000000 1.000000 0.000000 1564718988931150550

0.799017 -0.601308 0.000000 69.905140 0.601308 0.799017 0.000000 38.989218 0.000000 0.000000 1.000000 0.000000 1564718989180571713

0.808208 -0.588897 0.000000 71.560382 0.588897 0.808208 0.000000 40.153190 0.000000 0.000000 1.000000 0.000000 1564718989431513812

0.817012 -0.576621 0.000000 73.235836 0.576621 0.817012 0.000000 41.316629 0.000000 0.000000 1.000000 0.000000 1564718989681898429

0.827371 -0.561656 0.000000 74.958799 0.561656 0.827371 0.000000 42.458771 0.000000 0.000000 1.000000 0.000000 1564718989932423339

0.838745 -0.544524 0.000000 76.619714 0.544524 0.838745 0.000000 43.581597 0.000000 0.000000 1.000000 0.000000 1564718990182409886

0.850016 -0.526756 0.000000 78.309585 0.526756 0.850016 0.000000 44.661730 0.000000 0.000000 1.000000 0.000000 1564718990432558217

0.861263 -0.508160 0.000000 80.073849 0.508160 0.861263 0.000000 45.698264 0.000000 0.000000 1.000000 0.000000 1564718990682749379

0.873034 -0.487659 0.000000 81.884234 0.487659 0.873034 0.000000 46.691020 0.000000 0.000000 1.000000 0.000000 1564718990933330921

0.884760 -0.466047 0.000000 83.677575 0.466047 0.884760 0.000000 47.642022 0.000000 0.000000 1.000000 0.000000 1564718991183637862

0.895714 -0.444630 0.000000 85.567037 0.444630 0.895714 0.000000 48.568515 0.000000 0.000000 1.000000 0.000000 1564718991434059199

0.905506 -0.424332 0.000000 87.423536 0.424332 0.905506 0.000000 49.459510 0.000000 0.000000 1.000000 0.000000 1564718991684437177

0.915677 -0.401915 0.000000 89.317669 0.401915 0.915677 0.000000 50.280800 0.000000 0.000000 1.000000 0.000000 1564718991934725300

0.925137 -0.379633 0.000000 91.199537 0.379633 0.925137 0.000000 51.084522 0.000000 0.000000 1.000000 0.000000 1564718992185213448

0.933808 -0.357774 0.000000 93.163565 0.357774 0.933808 0.000000 51.843529 0.000000 0.000000 1.000000 0.000000 1564718992435208969

0.942182 -0.335103 0.000000 95.133682 0.335103 0.942182 0.000000 52.560533 0.000000 0.000000 1.000000 0.000000 1564718992684601187

0.949309 -0.314345 0.000000 97.156095 0.314345 0.949309 0.000000 53.203194 0.000000 0.000000 1.000000 0.000000 1564718992935097373

0.955380 -0.295380 0.000000 99.155326 0.295380 0.955380 0.000000 53.825874 0.000000 0.000000 1.000000 0.000000 1564718993185284781

0.960411 -0.278586 0.000000 101.223044 0.278586 0.960411 0.000000 54.428812 0.000000 0.000000 1.000000 0.000000 1564718993435400095

0.965083 -0.261946 0.000000 103.275703 0.261946 0.965083 0.000000 55.028911 0.000000 0.000000 1.000000 0.000000 1564718993685763362

0.969611 -0.244650 0.000000 105.341946 0.244650 0.969611 0.000000 55.534080 0.000000 0.000000 1.000000 0.000000 1564718993935835032

0.973722 -0.227739 0.000000 107.431238 0.227739 0.973722 0.000000 56.050380 0.000000 0.000000 1.000000 0.000000 1564718994186303061

0.977734 -0.209846 0.000000 109.531639 0.209846 0.977734 0.000000 56.500986 0.000000 0.000000 1.000000 0.000000 1564718994436138616

0.981789 -0.189973 0.000000 111.607355 0.189973 0.981789 0.000000 56.929393 0.000000 0.000000 1.000000 0.000000 1564718994688191448

0.985175 -0.171551 0.000000 113.711069 0.171551 0.985175 0.000000 57.324255 0.000000 0.000000 1.000000 0.000000 1564718994938898613

0.988457 -0.151504 0.000000 115.839029 0.151504 0.988457 0.000000 57.655472 0.000000 0.000000 1.000000 0.000000 1564718995188289279

0.991198 -0.132387 0.000000 117.996440 0.132387 0.991198 0.000000 57.966366 0.000000 0.000000 1.000000 0.000000 1564718995438662676

0.993649 -0.112525 0.000000 120.195341 0.112525 0.993649 0.000000 58.240879 0.000000 0.000000 1.000000 0.000000 1564718995689352059

0.995639 -0.093288 0.000000 122.381959 0.093288 0.995639 0.000000 58.453221 0.000000 0.000000 1.000000 0.000000 1564718995938679298

0.997300 -0.073441 0.000000 124.582806 0.073441 0.997300 0.000000 58.602903 0.000000 0.000000 1.000000 0.000000 1564718996189084342

0.998568 -0.053495 0.000000 126.790797 0.053495 0.998568 0.000000 58.751748 0.000000 0.000000 1.000000 0.000000 1564718996440221179

0.999437 -0.033543 0.000000 129.023829 0.033543 0.999437 0.000000 58.825427 0.000000 0.000000 1.000000 0.000000 1564718996690742546

0.999911 -0.013345 0.000000 131.278313 0.013345 0.999911 0.000000 58.878757 0.000000 0.000000 1.000000 0.000000 1564718996941499468

0.999994 0.003317 0.000000 133.488502 -0.003317 0.999994 -0.000000 58.859661 -0.000000 0.000000 1.000000 0.000000 1564718997191494772

0.999778 0.021092 0.000000 135.761679 -0.021092 0.999778 -0.000000 58.845955 -0.000000 0.000000 1.000000 0.000000 1564718997442117079

0.999272 0.038146 0.000000 138.046980 -0.038146 0.999272 -0.000000 58.756148 -0.000000 0.000000 1.000000 0.000000 1564718997692585966

0.998527 0.054252 0.000000 140.393193 -0.054252 0.998527 -0.000000 58.642617 -0.000000 0.000000 1.000000 0.000000 1564718997942988756

0.997394 0.072147 0.000000 142.661239 -0.072147 0.997394 -0.000000 58.510029 -0.000000 0.000000 1.000000 0.000000 1564718998191904585

0.995928 0.090149 0.000000 144.970548 -0.090149 0.995928 -0.000000 58.309222 -0.000000 0.000000 1.000000 0.000000 1564718998442780526

0.994053 0.108896 0.000000 147.287234 -0.108896 0.994053 -0.000000 58.075837 -0.000000 0.000000 1.000000 0.000000 1564718998693162739

0.991693 0.128625 0.000000 149.628871 -0.128625 0.991693 -0.000000 57.770352 -0.000000 0.000000 1.000000 0.000000 1564718998943101021

0.988802 0.149234 0.000000 152.008033 -0.149234 0.988802 -0.000000 57.432971 -0.000000 0.000000 1.000000 0.000000 1564718999193840641

0.985606 0.169060 0.000000 154.406632 -0.169060 0.985606 -0.000000 57.051740 -0.000000 0.000000 1.000000 0.000000 1564718999443854855

0.982268 0.187483 0.000000 156.758028 -0.187483 0.982268 -0.000000 56.599220 -0.000000 0.000000 1.000000 0.000000 1564718999695371363

0.978841 0.204621 0.000000 159.159560 -0.204621 0.978841 -0.000000 56.100524 -0.000000 0.000000 1.000000 0.000000 1564718999944884610

0.974938 0.222475 0.000000 161.572490 -0.222475 0.974938 -0.000000 55.578998 -0.000000 0.000000 1.000000 0.000000 1564719000195599728

0.970814 0.239835 0.000000 163.934703 -0.239835 0.970814 -0.000000 55.040390 -0.000000 0.000000 1.000000 0.000000 1564719000445958703

0.966735 0.255779 0.000000 166.346520 -0.255779 0.966735 -0.000000 54.388458 -0.000000 0.000000 1.000000 0.000000 1564719000696512530

0.962120 0.272625 0.000000 168.770466 -0.272625 0.962120 -0.000000 53.712745 -0.000000 0.000000 1.000000 0.000000 1564719000947006298

0.957355 0.288915 0.000000 171.112420 -0.288915 0.957355 -0.000000 53.022134 -0.000000 0.000000 1.000000 0.000000 1564719001196448409

0.953005 0.302956 0.000000 173.479058 -0.302956 0.953005 -0.000000 52.285987 -0.000000 0.000000 1.000000 0.000000 1564719001446824049

0.948973 0.315357 0.000000 175.873929 -0.315357 0.948973 -0.000000 51.519176 -0.000000 0.000000 1.000000 0.000000 1564719001696884413

0.944368 0.328890 0.000000 178.239437 -0.328890 0.944368 -0.000000 50.701391 -0.000000 0.000000 1.000000 0.000000 1564719001947351286

0.939330 0.343014 0.000000 180.662559 -0.343014 0.939330 -0.000000 49.817514 -0.000000 0.000000 1.000000 0.000000 1564719002197261126

0.932873 0.360206 0.000000 183.071976 -0.360206 0.932873 -0.000000 48.891388 -0.000000 0.000000 1.000000 0.000000 1564719002447812680

0.925576 0.378562 0.000000 185.461796 -0.378562 0.925576 -0.000000 47.945733 -0.000000 0.000000 1.000000 0.000000 1564719002697694587

0.917783 0.397083 0.000000 187.806155 -0.397083 0.917783 -0.000000 46.910716 -0.000000 0.000000 1.000000 0.000000 1564719002948409303

0.908485 0.417917 0.000000 190.160647 -0.417917 0.908485 -0.000000 45.884464 -0.000000 0.000000 1.000000 0.000000 1564719003198863704

0.897831 0.440341 0.000000 192.439293 -0.440341 0.897831 -0.000000 44.794329 -0.000000 0.000000 1.000000 0.000000 1564719003448808952

0.884794 0.465983 0.000000 194.640236 -0.465983 0.884794 -0.000000 43.634163 -0.000000 0.000000 1.000000 0.000000 1564719003698874663

0.870933 0.491402 0.000000 196.792241 -0.491402 0.870933 -0.000000 42.416355 -0.000000 0.000000 1.000000 0.000000 1564719003949267889

0.856610 0.515964 0.000000 198.934857 -0.515964 0.856610 -0.000000 41.153343 -0.000000 0.000000 1.000000 0.000000 1564719004198695701

0.842613 0.538520 0.000000 201.043944 -0.538520 0.842613 -0.000000 39.852168 -0.000000 0.000000 1.000000 0.000000 1564719004448739219

0.827262 0.561817 0.000000 203.040250 -0.561817 0.827262 -0.000000 38.425442 -0.000000 0.000000 1.000000 0.000000 1564719004698732796

0.810593 0.585610 0.000000 205.063780 -0.585610 0.810593 -0.000000 37.062820 -0.000000 0.000000 1.000000 0.000000 1564719004949478246

0.792626 0.609708 0.000000 206.982978 -0.609708 0.792626 -0.000000 35.584646 -0.000000 0.000000 1.000000 0.000000 1564719005199968087

0.773685 0.633570 0.000000 208.894674 -0.633570 0.773685 -0.000000 34.039142 -0.000000 0.000000 1.000000 0.000000 1564719005450483321

0.754436 0.656373 0.000000 210.727633 -0.656373 0.754436 -0.000000 32.475083 -0.000000 0.000000 1.000000 0.000000 1564719005699955700

0.733992 0.679158 0.000000 212.484738 -0.679158 0.733992 -0.000000 30.863657 -0.000000 0.000000 1.000000 0.000000 1564719005950440659

0.713417 0.700740 0.000000 214.159770 -0.700740 0.713417 -0.000000 29.188568 -0.000000 0.000000 1.000000 0.000000 1564719006200566468

0.693589 0.720371 0.000000 215.795445 -0.720371 0.693589 -0.000000 27.481287 -0.000000 0.000000 1.000000 0.000000 1564719006450693142

0.675976 0.736923 0.000000 217.385218 -0.736923 0.675976 -0.000000 25.822237 -0.000000 0.000000 1.000000 0.000000 1564719006700620349

0.662064 0.749447 0.000000 218.924532 -0.749447 0.662064 -0.000000 24.101346 -0.000000 0.000000 1.000000 0.000000 1564719006950662798

0.652667 0.757645 0.000000 220.438123 -0.757645 0.652667 -0.000000 22.285444 -0.000000 0.000000 1.000000 0.000000 1564719007200239676

0.643650 0.765320 0.000000 222.000758 -0.765320 0.643650 -0.000000 20.570442 -0.000000 0.000000 1.000000 0.000000 1564719007450133721

0.634862 0.772626 0.000000 223.485485 -0.772626 0.634862 -0.000000 18.807942 -0.000000 0.000000 1.000000 0.000000 1564719007700305646

0.633212 0.773979 0.000000 224.886371 -0.773979 0.633212 -0.000000 17.052755 -0.000000 0.000000 1.000000 0.000000 1564719007951403252

0.634807 0.772671 0.000000 226.343625 -0.772671 0.634807 -0.000000 15.288899 -0.000000 0.000000 1.000000 0.000000 1564719008200715189

0.638458 0.769657 0.000000 227.829532 -0.769657 0.638458 -0.000000 13.575911 -0.000000 0.000000 1.000000 0.000000 1564719008450855655

0.644745 0.764397 0.000000 229.334151 -0.764397 0.644745 -0.000000 11.886713 -0.000000 0.000000 1.000000 0.000000 1564719008701308235

0.652224 0.758026 0.000000 230.790959 -0.758026 0.652224 -0.000000 10.181130 -0.000000 0.000000 1.000000 0.000000 1564719008951448311

0.663359 0.748302 0.000000 232.299811 -0.748302 0.663359 -0.000000 8.521913 -0.000000 0.000000 1.000000 0.000000 1564719009201017483

0.675864 0.737026 0.000000 233.836496 -0.737026 0.675864 -0.000000 6.915662 -0.000000 0.000000 1.000000 0.000000 1564719009450245970

0.690865 0.722984 0.000000 235.381312 -0.722984 0.690865 -0.000000 5.348481 -0.000000 0.000000 1.000000 0.000000 1564719009700899909

0.709060 0.705149 0.000000 236.953093 -0.705149 0.709060 -0.000000 3.802819 -0.000000 0.000000 1.000000 0.000000 1564719009951521239

0.728960 0.684556 0.000000 238.615365 -0.684556 0.728960 -0.000000 2.247605 -0.000000 0.000000 1.000000 0.000000 1564719010201706306

0.748483 0.663154 0.000000 240.304188 -0.663154 0.748483 -0.000000 0.822275 -0.000000 0.000000 1.000000 0.000000 1564719010452274669

0.770257 0.637734 0.000000 242.057936 -0.637734 0.770257 -0.000000 -0.499236 -0.000000 0.000000 1.000000 0.000000 1564719010704335626

0.794073 0.607823 0.000000 243.833254 -0.607823 0.794073 -0.000000 -1.827820 -0.000000 0.000000 1.000000 0.000000 1564719010952658226

0.820530 0.571604 0.000000 245.694262 -0.571604 0.820530 -0.000000 -3.080264 -0.000000 0.000000 1.000000 0.000000 1564719011202749363

0.846242 0.532798 0.000000 247.623299 -0.532798 0.846242 -0.000000 -4.295320 -0.000000 0.000000 1.000000 0.000000 1564719011453711877

0.870863 0.491526 0.000000 249.612813 -0.491526 0.870863 -0.000000 -5.353451 -0.000000 0.000000 1.000000 0.000000 1564719011704808870

0.893365 0.449332 0.000000 251.639765 -0.449332 0.893365 -0.000000 -6.381205 -0.000000 0.000000 1.000000 0.000000 1564719011954429914

0.914745 0.404031 0.000000 253.794569 -0.404031 0.914745 -0.000000 -7.285573 -0.000000 0.000000 1.000000 0.000000 1564719012204716686

0.933626 0.358250 0.000000 255.914323 -0.358250 0.933626 -0.000000 -8.072970 -0.000000 0.000000 1.000000 0.000000 1564719012453800026

0.948859 0.315701 0.000000 258.211978 -0.315701 0.948859 -0.000000 -8.855245 -0.000000 0.000000 1.000000 0.000000 1564719012704300024

0.958838 0.283955 0.000000 260.492345 -0.283955 0.958838 -0.000000 -9.539004 -0.000000 0.000000 1.000000 0.000000 1564719012954770596

0.965808 0.259257 0.000000 262.758435 -0.259257 0.965808 -0.000000 -10.031449 -0.000000 0.000000 1.000000 0.000000 1564719013204215878

0.971359 0.237616 0.000000 265.061115 -0.237616 0.971359 -0.000000 -10.595732 -0.000000 0.000000 1.000000 0.000000 1564719013455314984

0.975729 0.218983 0.000000 267.428938 -0.218983 0.975729 -0.000000 -11.112395 -0.000000 0.000000 1.000000 0.000000 1564719013705146837

0.978927 0.204209 0.000000 269.809568 -0.204209 0.978927 -0.000000 -11.578526 -0.000000 0.000000 1.000000 0.000000 1564719013955674297

0.981244 0.192770 0.000000 272.180392 -0.192770 0.981244 -0.000000 -11.996901 -0.000000 0.000000 1.000000 0.000000 1564719014205984749

0.983054 0.183314 0.000000 274.614014 -0.183314 0.983054 -0.000000 -12.439348 -0.000000 0.000000 1.000000 0.000000 1564719014456331739

0.984846 0.173429 0.000000 277.040998 -0.173429 0.984846 -0.000000 -12.782653 -0.000000 0.000000 1.000000 0.000000 1564719014706497660

0.986488 0.163836 0.000000 279.499671 -0.163836 0.986488 -0.000000 -13.187097 -0.000000 0.000000 1.000000 0.000000 1564719014955948846

0.988053 0.154113 0.000000 281.974770 -0.154113 0.988053 -0.000000 -13.613458 -0.000000 0.000000 1.000000 0.000000 1564719015207763397

0.989584 0.143957 0.000000 284.550468 -0.143957 0.989584 -0.000000 -13.965774 -0.000000 0.000000 1.000000 0.000000 1564719015457314411

0.990942 0.134290 0.000000 287.022431 -0.134290 0.990942 -0.000000 -14.272040 -0.000000 0.000000 1.000000 0.000000 1564719015707564636

0.992114 0.125336 0.000000 289.602214 -0.125336 0.992114 -0.000000 -14.630014 -0.000000 0.000000 1.000000 0.000000 1564719015957977019

0.992929 0.118712 0.000000 292.181118 -0.118712 0.992929 -0.000000 -14.908717 -0.000000 0.000000 1.000000 0.000000 1564719016209018197

0.993609 0.112875 0.000000 294.756598 -0.112875 0.993609 -0.000000 -15.136511 -0.000000 0.000000 1.000000 0.000000 1564719016458920785

0.994248 0.107104 0.000000 297.377708 -0.107104 0.994248 -0.000000 -15.398609 -0.000000 0.000000 1.000000 0.000000 1564719016709758076

0.994776 0.102077 0.000000 299.996057 -0.102077 0.994776 -0.000000 -15.611775 -0.000000 0.000000 1.000000 0.000000 1564719016959710020

0.995229 0.097570 0.000000 302.655985 -0.097570 0.995229 -0.000000 -15.902928 -0.000000 0.000000 1.000000 0.000000 1564719017210173253

0.995695 0.092692 0.000000 305.337717 -0.092692 0.995695 -0.000000 -16.101680 -0.000000 0.000000 1.000000 0.000000 1564719017460621716

0.996135 0.087841 0.000000 308.037755 -0.087841 0.996135 -0.000000 -16.393480 -0.000000 0.000000 1.000000 0.000000 1564719017710763546

0.996465 0.084009 0.000000 310.643772 -0.084009 0.996465 -0.000000 -16.608315 -0.000000 0.000000 1.000000 0.000000 1564719017961254709

0.996734 0.080750 0.000000 313.312409 -0.080750 0.996734 -0.000000 -16.768909 -0.000000 0.000000 1.000000 0.000000 1564719018211691241

0.997155 0.075373 0.000000 315.900954 -0.075373 0.997155 -0.000000 -16.936078 -0.000000 0.000000 1.000000 0.000000 1564719018460863552

0.997415 0.071856 0.000000 318.540523 -0.071856 0.997415 -0.000000 -17.174970 -0.000000 0.000000 1.000000 0.000000 1564719018711620898

0.997693 0.067892 0.000000 321.163589 -0.067892 0.997693 -0.000000 -17.300821 -0.000000 0.000000 1.000000 0.000000 1564719018961623859

0.997962 0.063817 0.000000 323.697352 -0.063817 0.997962 -0.000000 -17.438172 -0.000000 0.000000 1.000000 0.000000 1564719019211362986

0.998204 0.059902 0.000000 326.270063 -0.059902 0.998204 -0.000000 -17.564333 -0.000000 0.000000 1.000000 0.000000 1564719019461513146

0.998562 0.053612 0.000000 328.755747 -0.053612 0.998562 -0.000000 -17.713438 -0.000000 0.000000 1.000000 0.000000 1564719019711745515

0.998786 0.049268 0.000000 331.325412 -0.049268 0.998786 -0.000000 -17.858148 -0.000000 0.000000 1.000000 0.000000 1564719019962042246

0.998962 0.045550 0.000000 333.815430 -0.045550 0.998962 -0.000000 -17.967507 -0.000000 0.000000 1.000000 0.000000 1564719020212041111

0.999026 0.044136 0.000000 336.293149 -0.044136 0.999026 -0.000000 -18.030457 -0.000000 0.000000 1.000000 0.000000 1564719020461846819

0.999003 0.044650 0.000000 338.754801 -0.044650 0.999003 -0.000000 -18.125395 -0.000000 0.000000 1.000000 0.000000 1564719020711895338

0.999045 0.043691 0.000000 341.238775 -0.043691 0.999045 -0.000000 -18.206539 -0.000000 0.000000 1.000000 0.000000 1564719020962530043

0.998819 0.048589 0.000000 343.743335 -0.048589 0.998819 -0.000000 -18.307979 -0.000000 0.000000 1.000000 0.000000 1564719021212816797

0.998490 0.054929 0.000000 346.159644 -0.054929 0.998490 -0.000000 -18.420114 -0.000000 0.000000 1.000000 0.000000 1564719021463031163

0.997770 0.066749 0.000000 348.611798 -0.066749 0.997770 -0.000000 -18.633534 -0.000000 0.000000 1.000000 0.000000 1564719021713168547

0.997131 0.075694 0.000000 351.070577 -0.075694 0.997131 -0.000000 -18.788671 -0.000000 0.000000 1.000000 0.000000 1564719021962858842

0.996349 0.085377 0.000000 353.500814 -0.085377 0.996349 -0.000000 -18.948652 -0.000000 0.000000 1.000000 0.000000 1564719022213047614

0.996228 0.086774 0.000000 355.972725 -0.086774 0.996228 -0.000000 -19.070371 -0.000000 0.000000 1.000000 0.000000 1564719022463359925

0.996213 0.086945 0.000000 358.486721 -0.086945 0.996213 -0.000000 -19.373288 -0.000000 0.000000 1.000000 0.000000 1564719022713755558

0.996078 0.088478 0.000000 360.932533 -0.088478 0.996078 -0.000000 -19.557189 -0.000000 0.000000 1.000000 0.000000 1564719022963754406

0.996238 0.086664 0.000000 363.398254 -0.086664 0.996238 -0.000000 -19.750014 -0.000000 0.000000 1.000000 0.000000 1564719023213906191

0.996486 0.083763 0.000000 365.891436 -0.083763 0.996486 -0.000000 -20.013288 -0.000000 0.000000 1.000000 0.000000 1564719023463820996

0.996780 0.080186 0.000000 368.339091 -0.080186 0.996780 -0.000000 -20.168997 -0.000000 0.000000 1.000000 0.000000 1564719023713833876

0.996930 0.078304 0.000000 370.776112 -0.078304 0.996930 -0.000000 -20.357819 -0.000000 0.000000 1.000000 0.000000 1564719023963875374

0.996899 0.078689 0.000000 373.237043 -0.078689 0.996899 -0.000000 -20.552924 -0.000000 0.000000 1.000000 0.000000 1564719024214331493

0.996825 0.079628 0.000000 375.621065 -0.079628 0.996825 -0.000000 -20.731655 -0.000000 0.000000 1.000000 0.000000 1564719024464227063

0.996698 0.081200 0.000000 378.022383 -0.081200 0.996698 -0.000000 -20.890764 -0.000000 0.000000 1.000000 0.000000 1564719024714345909

0.996791 0.080049 0.000000 380.365682 -0.080049 0.996791 -0.000000 -21.061364 -0.000000 0.000000 1.000000 0.000000 1564719024964609884

0.996828 0.079589 0.000000 382.719776 -0.079589 0.996828 -0.000000 -21.193415 -0.000000 0.000000 1.000000 0.000000 1564719025214673396

0.996822 0.079656 0.000000 384.957897 -0.079656 0.996822 -0.000000 -21.364025 -0.000000 0.000000 1.000000 0.000000 1564719025464627542

0.997115 0.075908 0.000000 387.239712 -0.075908 0.997115 -0.000000 -21.517263 -0.000000 0.000000 1.000000 0.000000 1564719025714939269

0.997231 0.074370 0.000000 389.389620 -0.074370 0.997231 -0.000000 -21.702490 -0.000000 0.000000 1.000000 0.000000 1564719025964984941

0.997195 0.074851 0.000000 391.432064 -0.074851 0.997195 -0.000000 -21.850830 -0.000000 0.000000 1.000000 0.000000 1564719026215276915

0.997320 0.073166 0.000000 393.458462 -0.073166 0.997320 -0.000000 -21.934944 -0.000000 0.000000 1.000000 0.000000 1564719026465560876

0.997423 0.071739 0.000000 395.380931 -0.071739 0.997423 -0.000000 -22.134608 -0.000000 0.000000 1.000000 0.000000 1564719026715436338

0.997498 0.070697 0.000000 397.260519 -0.070697 0.997498 -0.000000 -22.238304 -0.000000 0.000000 1.000000 0.000000 1564719026965553332

0.997541 0.070091 0.000000 399.147003 -0.070091 0.997541 -0.000000 -22.369914 -0.000000 0.000000 1.000000 0.000000 1564719027215439875

0.997376 0.072399 0.000000 400.838302 -0.072399 0.997376 -0.000000 -22.526627 -0.000000 0.000000 1.000000 0.000000 1564719027465133472

0.997236 0.074299 0.000000 402.508639 -0.074299 0.997236 -0.000000 -22.612679 -0.000000 0.000000 1.000000 0.000000 1564719027715516607

0.996690 0.081291 0.000000 404.139809 -0.081291 0.996690 -0.000000 -22.692361 -0.000000 0.000000 1.000000 0.000000 1564719027965866808

0.995453 0.095249 0.000000 405.662382 -0.095249 0.995453 -0.000000 -22.773448 -0.000000 0.000000 1.000000 0.000000 1564719028216101549

0.984355 0.176199 0.000000 408.358133 -0.176199 0.984355 -0.000000 -23.354931 -0.000000 0.000000 1.000000 0.000000 1564719028716187223

0.958291 0.285794 0.000000 410.721883 -0.285794 0.958291 -0.000000 -23.998494 -0.000000 0.000000 1.000000 0.000000 1564719029216335329

0.907025 0.421076 0.000000 412.871113 -0.421076 0.907025 -0.000000 -24.992146 -0.000000 0.000000 1.000000 0.000000 1564719029716026472

0.824185 0.566321 0.000000 414.642792 -0.566321 0.824185 -0.000000 -26.307457 -0.000000 0.000000 1.000000 0.000000 1564719030216491728

0.770136 0.637880 0.000000 415.421504 -0.637880 0.770136 -0.000000 -27.060165 -0.000000 0.000000 1.000000 0.000000 1564719030466893564

0.655050 0.755585 0.000000 416.790194 -0.755585 0.655050 -0.000000 -28.767326 -0.000000 0.000000 1.000000 0.000000 1564719030967519694

0.536815 0.843700 0.000000 417.900164 -0.843700 0.536815 -0.000000 -30.697867 -0.000000 0.000000 1.000000 0.000000 1564719031468078732

0.428686 0.903454 0.000000 418.954280 -0.903454 0.428686 -0.000000 -32.740857 -0.000000 0.000000 1.000000 0.000000 1564719031968496962

0.334702 0.942324 0.000000 419.738822 -0.942324 0.334702 -0.000000 -35.021890 -0.000000 0.000000 1.000000 0.000000 1564719032468650498

0.247382 0.968918 0.000000 420.436940 -0.968918 0.247382 -0.000000 -37.574936 -0.000000 0.000000 1.000000 0.000000 1564719032968938469

0.157095 0.987583 0.000000 420.873525 -0.987583 0.157095 -0.000000 -40.323064 -0.000000 0.000000 1.000000 0.000000 1564719033469291370

0.057369 0.998353 0.000000 421.052797 -0.998353 0.057369 -0.000000 -43.242881 -0.000000 0.000000 1.000000 0.000000 1564719033968820849

0.015856 0.999874 0.000000 421.046505 -0.999874 0.015856 -0.000000 -44.813620 -0.000000 0.000000 1.000000 0.000000 1564719034218744225

-0.016843 0.999858 0.000000 420.986335 -0.999858 -0.016843 -0.000000 -46.437678 -0.000000 0.000000 1.000000 0.000000 1564719034469335700

-0.045520 0.998963 0.000000 420.962091 -0.998963 -0.045520 -0.000000 -48.119632 -0.000000 0.000000 1.000000 0.000000 1564719034720049814

-0.072105 0.997397 0.000000 420.800804 -0.997397 -0.072105 -0.000000 -49.852886 -0.000000 0.000000 1.000000 0.000000 1564719034970019799

-0.091129 0.995839 0.000000 420.629767 -0.995839 -0.091129 -0.000000 -51.623086 -0.000000 0.000000 1.000000 0.000000 1564719035219589107

-0.105278 0.994443 0.000000 420.414510 -0.994443 -0.105278 -0.000000 -53.406826 -0.000000 0.000000 1.000000 0.000000 1564719035470293334

-0.115364 0.993323 0.000000 420.233142 -0.993323 -0.115364 -0.000000 -55.300257 -0.000000 0.000000 1.000000 0.000000 1564719035720924106

-0.119062 0.992887 0.000000 419.965911 -0.992887 -0.119062 -0.000000 -57.286469 -0.000000 0.000000 1.000000 0.000000 1564719035970342315

-0.117447 0.993079 0.000000 419.740407 -0.993079 -0.117447 -0.000000 -59.234688 -0.000000 0.000000 1.000000 0.000000 1564719036220514622

-0.118425 0.992963 0.000000 419.519169 -0.992963 -0.118425 -0.000000 -61.299176 -0.000000 0.000000 1.000000 0.000000 1564719036471097540

-0.117583 0.993063 0.000000 419.305000 -0.993063 -0.117583 -0.000000 -63.444106 -0.000000 0.000000 1.000000 0.000000 1564719036721010693

-0.117601 0.993061 0.000000 419.055318 -0.993061 -0.117601 -0.000000 -65.597264 -0.000000 0.000000 1.000000 0.000000 1564719036971009872

-0.114900 0.993377 0.000000 418.825481 -0.993377 -0.114900 -0.000000 -67.778595 -0.000000 0.000000 1.000000 0.000000 1564719037221058098

-0.113546 0.993533 0.000000 418.569782 -0.993533 -0.113546 -0.000000 -70.039570 -0.000000 0.000000 1.000000 0.000000 1564719037471194784

-0.115234 0.993338 0.000000 418.307941 -0.993338 -0.115234 -0.000000 -72.382479 -0.000000 0.000000 1.000000 0.000000 1564719037722073073

-0.117326 0.993093 0.000000 418.034647 -0.993093 -0.117326 -0.000000 -74.693047 -0.000000 0.000000 1.000000 0.000000 1564719037971186672

-0.120386 0.992727 0.000000 417.790624 -0.992727 -0.120386 -0.000000 -77.095910 -0.000000 0.000000 1.000000 0.000000 1564719038221261812

-0.121517 0.992589 0.000000 417.468709 -0.992589 -0.121517 -0.000000 -79.424990 -0.000000 0.000000 1.000000 0.000000 1564719038471381788

-0.120804 0.992676 0.000000 417.188902 -0.992676 -0.120804 -0.000000 -81.819696 -0.000000 0.000000 1.000000 0.000000 1564719038721169999

-0.118894 0.992907 0.000000 416.943976 -0.992907 -0.118894 -0.000000 -84.205629 -0.000000 0.000000 1.000000 0.000000 1564719038971509626

-0.115984 0.993251 0.000000 416.667386 -0.993251 -0.115984 -0.000000 -86.625391 -0.000000 0.000000 1.000000 0.000000 1564719039221254452

-0.115408 0.993318 0.000000 416.364970 -0.993318 -0.115408 -0.000000 -89.122507 -0.000000 0.000000 1.000000 0.000000 1564719039471317805

-0.114687 0.993402 0.000000 416.137106 -0.993402 -0.114687 -0.000000 -91.567041 -0.000000 0.000000 1.000000 0.000000 1564719039721591787

-0.114302 0.993446 0.000000 415.818981 -0.993446 -0.114302 -0.000000 -94.125314 -0.000000 0.000000 1.000000 0.000000 1564719039971551146

-0.113754 0.993509 0.000000 415.543440 -0.993509 -0.113754 -0.000000 -96.671751 -0.000000 0.000000 1.000000 0.000000 1564719040222150109

-0.114115 0.993468 0.000000 415.264971 -0.993468 -0.114115 -0.000000 -99.287631 -0.000000 0.000000 1.000000 0.000000 1564719040472247811

-0.115986 0.993251 0.000000 414.962442 -0.993251 -0.115986 -0.000000 -101.897141 -0.000000 0.000000 1.000000 0.000000 1564719040722561945

-0.118601 0.992942 0.000000 414.652084 -0.992942 -0.118601 -0.000000 -104.533298 -0.000000 0.000000 1.000000 0.000000 1564719040972392565

-0.122014 0.992528 0.000000 414.338568 -0.992528 -0.122014 -0.000000 -107.237067 -0.000000 0.000000 1.000000 0.000000 1564719041223009921

-0.125558 0.992086 0.000000 414.018251 -0.992086 -0.125558 -0.000000 -109.913550 -0.000000 0.000000 1.000000 0.000000 1564719041472802153

-0.130691 0.991423 0.000000 413.622258 -0.991423 -0.130691 -0.000000 -112.649570 -0.000000 0.000000 1.000000 0.000000 1564719041723744415

-0.135785 0.990738 0.000000 413.284841 -0.990738 -0.135785 -0.000000 -115.427276 -0.000000 0.000000 1.000000 0.000000 1564719041973892405

-0.142020 0.989864 0.000000 412.903904 -0.989864 -0.142020 -0.000000 -118.195611 -0.000000 0.000000 1.000000 0.000000 1564719042223165803

-0.147444 0.989070 0.000000 412.465989 -0.989070 -0.147444 -0.000000 -121.017460 -0.000000 0.000000 1.000000 0.000000 1564719042473412025

-0.156423 0.987690 0.000000 412.029970 -0.987690 -0.156423 -0.000000 -123.847248 -0.000000 0.000000 1.000000 0.000000 1564719042723529757

-0.167668 0.985844 0.000000 411.535429 -0.985844 -0.167668 -0.000000 -126.717798 -0.000000 0.000000 1.000000 0.000000 1564719042973797237

-0.178704 0.983903 0.000000 411.017865 -0.983903 -0.178704 -0.000000 -129.626747 -0.000000 0.000000 1.000000 0.000000 1564719043223157384

-0.189942 0.981795 0.000000 410.517731 -0.981795 -0.189942 -0.000000 -132.485729 -0.000000 0.000000 1.000000 0.000000 1564719043473468198

-0.201628 0.979462 0.000000 409.888112 -0.979462 -0.201628 -0.000000 -135.399649 -0.000000 0.000000 1.000000 0.000000 1564719043724019138

-0.212590 0.977141 0.000000 409.315840 -0.977141 -0.212590 -0.000000 -138.346069 -0.000000 0.000000 1.000000 0.000000 1564719043976133544

-0.223886 0.974615 0.000000 408.683231 -0.974615 -0.223886 -0.000000 -141.321156 -0.000000 0.000000 1.000000 0.000000 1564719044223823475

-0.237374 0.971418 0.000000 407.959477 -0.971418 -0.237374 -0.000000 -144.304015 -0.000000 0.000000 1.000000 0.000000 1564719044473937727

-0.250103 0.968219 0.000000 407.194493 -0.968219 -0.250103 -0.000000 -147.241250 -0.000000 0.000000 1.000000 0.000000 1564719044723610859

-0.265385 0.964142 0.000000 406.415688 -0.964142 -0.265385 -0.000000 -150.202445 -0.000000 0.000000 1.000000 0.000000 1564719044973336029

-0.283105 0.959089 0.000000 405.587812 -0.959089 -0.283105 -0.000000 -153.206597 -0.000000 0.000000 1.000000 0.000000 1564719045223091446

-0.303314 0.952891 0.000000 404.658279 -0.952891 -0.303314 -0.000000 -156.111835 -0.000000 0.000000 1.000000 0.000000 1564719045473107072

-0.323043 0.946384 0.000000 403.691750 -0.946384 -0.323043 -0.000000 -159.115627 -0.000000 0.000000 1.000000 0.000000 1564719045723781896

-0.339404 0.940641 0.000000 402.712859 -0.940641 -0.339404 -0.000000 -162.134485 -0.000000 0.000000 1.000000 0.000000 1564719045973362779

-0.354174 0.935180 0.000000 401.620001 -0.935180 -0.354174 -0.000000 -165.110078 -0.000000 0.000000 1.000000 0.000000 1564719046223614393

-0.368406 0.929665 0.000000 400.458270 -0.929665 -0.368406 -0.000000 -168.107423 -0.000000 0.000000 1.000000 0.000000 1564719046473905589

-0.380115 0.924939 0.000000 399.291490 -0.924939 -0.380115 -0.000000 -171.131416 -0.000000 0.000000 1.000000 0.000000 1564719046723814876

-0.391320 0.920255 0.000000 398.047683 -0.920255 -0.391320 -0.000000 -174.087734 -0.000000 0.000000 1.000000 0.000000 1564719046973942456

-0.402148 0.915575 0.000000 396.783085 -0.915575 -0.402148 -0.000000 -176.985418 -0.000000 0.000000 1.000000 0.000000 1564719047223739399

-0.413599 0.910459 0.000000 395.511878 -0.910459 -0.413599 -0.000000 -180.005241 -0.000000 0.000000 1.000000 0.000000 1564719047474529895

-0.425332 0.905037 0.000000 394.166536 -0.905037 -0.425332 -0.000000 -182.976307 -0.000000 0.000000 1.000000 0.000000 1564719047724427436

-0.436393 0.899756 0.000000 392.761706 -0.899756 -0.436393 -0.000000 -185.902730 -0.000000 0.000000 1.000000 0.000000 1564719047974199890

-0.447703 0.894182 0.000000 391.307029 -0.894182 -0.447703 -0.000000 -188.793946 -0.000000 0.000000 1.000000 0.000000 1564719048224261771

-0.459160 0.888354 0.000000 389.780476 -0.888354 -0.459160 -0.000000 -191.708831 -0.000000 0.000000 1.000000 0.000000 1564719048474825581

-0.470872 0.882202 0.000000 388.262637 -0.882202 -0.470872 -0.000000 -194.647098 -0.000000 0.000000 1.000000 0.000000 1564719048724790112

-0.482614 0.875833 0.000000 386.699385 -0.875833 -0.482614 -0.000000 -197.568717 -0.000000 0.000000 1.000000 0.000000 1564719048974998941

-0.495408 0.868660 0.000000 385.101113 -0.868660 -0.495408 -0.000000 -200.485414 -0.000000 0.000000 1.000000 0.000000 1564719049225278686

-0.503420 0.864042 0.000000 383.435718 -0.864042 -0.503420 0.000000 -203.299430 0.000000 0.000000 1.000000 0.000000 1564719049475311199

-0.507422 0.861698 0.000000 381.750051 -0.861698 -0.507422 0.000000 -206.097049 0.000000 0.000000 1.000000 0.000000 1564719049725138393

-0.506173 0.862432 0.000000 380.170699 -0.862432 -0.506173 0.000000 -208.962291 0.000000 0.000000 1.000000 0.000000 1564719049976394843

-0.504591 0.863359 0.000000 378.528545 -0.863359 -0.504591 0.000000 -211.742173 0.000000 0.000000 1.000000 0.000000 1564719050224893465

-0.503306 0.864108 0.000000 376.942082 -0.864108 -0.503306 0.000000 -214.517669 0.000000 0.000000 1.000000 0.000000 1564719050474928514

-0.501786 0.864992 0.000000 375.388032 -0.864992 -0.501786 0.000000 -217.283301 0.000000 0.000000 1.000000 0.000000 1564719050724652417

-0.501187 0.865339 0.000000 373.876522 -0.865339 -0.501187 0.000000 -220.039095 0.000000 0.000000 1.000000 0.000000 1564719050974480233

-0.499467 0.866333 0.000000 372.163626 -0.866333 -0.499467 0.000000 -222.729012 0.000000 0.000000 1.000000 0.000000 1564719051224409354

-0.501046 0.865421 0.000000 370.699077 -0.865421 -0.501046 0.000000 -225.470438 0.000000 0.000000 1.000000 0.000000 1564719051474577394

-0.500502 0.865735 0.000000 369.059680 -0.865735 -0.500502 0.000000 -228.203273 0.000000 0.000000 1.000000 0.000000 1564719051724565969

-0.501658 0.865066 0.000000 367.523374 -0.865066 -0.501658 0.000000 -230.898337 0.000000 0.000000 1.000000 0.000000 1564719051974990934

-0.502175 0.864766 0.000000 365.995149 -0.864766 -0.502175 0.000000 -233.641173 0.000000 0.000000 1.000000 0.000000 1564719052224948810

-0.504153 0.863614 0.000000 364.395381 -0.863614 -0.504153 0.000000 -236.333829 0.000000 0.000000 1.000000 0.000000 1564719052475318857

-0.505855 0.862619 0.000000 362.867170 -0.862619 -0.505855 0.000000 -239.003247 0.000000 0.000000 1.000000 0.000000 1564719052725208164

-0.507634 0.861573 0.000000 361.320175 -0.861573 -0.507634 0.000000 -241.638995 0.000000 0.000000 1.000000 0.000000 1564719052974913108

-0.509986 0.860183 0.000000 359.786302 -0.860183 -0.509986 0.000000 -244.227336 0.000000 0.000000 1.000000 0.000000 1564719053227306418

-0.512424 0.858733 0.000000 358.245717 -0.858733 -0.512424 0.000000 -246.839509 0.000000 0.000000 1.000000 0.000000 1564719053476835186

-0.515327 0.856994 0.000000 356.674921 -0.856994 -0.515327 0.000000 -249.431299 0.000000 0.000000 1.000000 0.000000 1564719053728886732

-0.518325 0.855184 0.000000 355.092208 -0.855184 -0.518325 0.000000 -251.995392 0.000000 0.000000 1.000000 0.000000 1564719053976661352

-0.521447 0.853283 0.000000 353.536203 -0.853283 -0.521447 0.000000 -254.610850 0.000000 0.000000 1.000000 0.000000 1564719054226472645

-0.525935 0.850525 0.000000 351.948876 -0.850525 -0.525935 0.000000 -257.214729 0.000000 0.000000 1.000000 0.000000 1564719054476670361

-0.529545 0.848282 0.000000 350.385986 -0.848282 -0.529545 0.000000 -259.781217 0.000000 0.000000 1.000000 0.000000 1564719054727490783

-0.533909 0.845542 0.000000 348.854668 -0.845542 -0.533909 0.000000 -262.303183 0.000000 0.000000 1.000000 0.000000 1564719054977946991

-0.539841 0.841767 0.000000 347.220617 -0.841767 -0.539841 0.000000 -264.801674 0.000000 0.000000 1.000000 0.000000 1564719055228208285

-0.546642 0.837366 0.000000 345.622517 -0.837366 -0.546642 0.000000 -267.352604 0.000000 0.000000 1.000000 0.000000 1564719055478045084

