1.000000 0.000000 0.000000 0.000000 0.000000 1.000000 0.000000 0.000000 0.000000 0.000000 1.000000 0.000000
1.000000 -0.000037 0.000000 -0.001577 0.000037 1.000000 0.000000 0.001792 0.000000 0.000000 1.000000 0.000000
1.000000 -0.000059 0.000000 0.002696 0.000059 1.000000 0.000000 0.005358 0.000000 0.000000 1.000000 0.000000
1.000000 -0.000004 0.000000 -0.002428 0.000004 1.000000 0.000000 0.003280 0.000000 0.000000 1.000000 0.000000
1.000000 0.000101 0.000000 0.000986 -0.000101 1.000000 0.000000 -0.001594 0.000000 0.000000 1.000000 0.000000
1.000000 0.000288 0.000000 0.002019 -0.000288 1.000000 0.000000 0.001105 0.000000 0.000000 1.000000 0.000000
1.000000 0.000151 0.000000 0.004067 -0.000151 1.000000 0.000000 -0.001744 0.000000 0.000000 1.000000 0.000000
1.000000 0.000079 0.000000 0.001094 -0.000079 1.000000 0.000000 0.001494 0.000000 0.000000 1.000000 0.000000
1.000000 0.000030 0.000000 -0.003716 -0.000030 1.000000 0.000000 -0.002975 0.000000 0.000000 1.000000 0.000000
1.000000 0.000125 0.000000 -0.000970 -0.000125 1.000000 0.000000 0.003938 0.000000 0.000000 1.000000 0.000000
1.000000 0.000039 0.000000 -0.002458 -0.000039 1.000000 0.000000 0.003828 0.000000 0.000000 1.000000 0.000000
1.000000 0.000067 0.000000 0.000555 -0.000067 1.000000 0.000000 0.003298 0.000000 0.000000 1.000000 0.000000
1.000000 0.000005 0.000000 0.002563 -0.000005 1.000000 0.000000 0.006626 0.000000 0.000000 1.000000 0.000000
1.000000 -0.000028 0.000000 0.000289 0.000028 1.000000 0.000000 0.001453 0.000000 0.000000 1.000000 0.000000
1.000000 0.000061 0.000000 0.001163 -0.000061 1.000000 0.000000 0.006805 0.000000 0.000000 1.000000 0.000000
1.000000 0.000044 0.000000 -0.002922 -0.000044 1.000000 0.000000 0.008275 0.000000 0.000000 1.000000 0.000000
1.000000 0.000145 0.000000 0.001496 -0.000145 1.000000 0.000000 0.007143 0.000000 0.000000 1.000000 0.000000
1.000000 0.000075 0.000000 -0.001966 -0.000075 1.000000 0.000000 -0.000985 0.000000 0.000000 1.000000 0.000000
1.000000 -0.000124 0.000000 -0.007750 0.000124 1.000000 0.000000 0.001864 0.000000 0.000000 1.000000 0.000000
1.000000 -0.000163 0.000000 -0.002866 0.000163 1.000000 0.000000 0.003769 0.000000 0.000000 1.000000 0.000000
1.000000 0.000028 0.000000 0.000576 -0.000028 1.000000 0.000000 0.002983 0.000000 0.000000 1.000000 0.000000
1.000000 0.000043 0.000000 -0.000060 -0.000043 1.000000 0.000000 -0.001807 0.000000 0.000000 1.000000 0.000000
1.000000 0.000015 0.000000 0.000115 -0.000015 1.000000 0.000000 0.004137 0.000000 0.000000 1.000000 0.000000
1.000000 0.000129 0.000000 0.001848 -0.000129 1.000000 0.000000 0.001451 0.000000 0.000000 1.000000 0.000000
1.000000 0.000153 0.000000 0.002828 -0.000153 1.000000 0.000000 0.003474 0.000000 0.000000 1.000000 0.000000
1.000000 0.000040 0.000000 0.003361 -0.000040 1.000000 0.000000 -0.001922 0.000000 0.000000 1.000000 0.000000
1.000000 0.000097 0.000000 -0.001171 -0.000097 1.000000 0.000000 0.000754 0.000000 0.000000 1.000000 0.000000
1.000000 0.000120 0.000000 0.001098 -0.000120 1.000000 0.000000 -0.001114 0.000000 0.000000 1.000000 0.000000
1.000000 0.000182 0.000000 0.002382 -0.000182 1.000000 0.000000 -0.005224 0.000000 0.000000 1.000000 0.000000
1.000000 0.000194 0.000000 0.001215 -0.000194 1.000000 0.000000 -0.004254 0.000000 0.000000 1.000000 0.000000
1.000000 0.000087 0.000000 -0.000772 -0.000087 1.000000 0.000000 -0.002150 0.000000 0.000000 1.000000 0.000000
1.000000 0.000091 0.000000 -0.000413 -0.000091 1.000000 0.000000 -0.000168 0.000000 0.000000 1.000000 0.000000
1.000000 0.000058 0.000000 0.001797 -0.000058 1.000000 0.000000 0.004615 0.000000 0.000000 1.000000 0.000000
1.000000 0.000090 0.000000 -0.006333 -0.000090 1.000000 0.000000 -0.000846 0.000000 0.000000 1.000000 0.000000
1.000000 0.000136 0.000000 -0.006834 -0.000136 1.000000 0.000000 0.000751 0.000000 0.000000 1.000000 0.000000
1.000000 0.000145 0.000000 -0.008097 -0.000145 1.000000 0.000000 0.000358 0.000000 0.000000 1.000000 0.000000
1.000000 0.000143 0.000000 0.000143 -0.000143 1.000000 0.000000 0.006101 0.000000 0.000000 1.000000 0.000000
1.000000 0.000071 0.000000 0.002306 -0.000071 1.000000 0.000000 0.002128 0.000000 0.000000 1.000000 0.000000
1.000000 -0.000028 0.000000 0.000453 0.000028 1.000000 0.000000 0.001563 0.000000 0.000000 1.000000 0.000000
1.000000 -0.000052 0.000000 -0.000670 0.000052 1.000000 0.000000 -0.001990 0.000000 0.000000 1.000000 0.000000
1.000000 0.000075 0.000000 -0.005564 -0.000075 1.000000 0.000000 0.001751 0.000000 0.000000 1.000000 0.000000
1.000000 -0.000040 0.000000 -0.004420 0.000040 1.000000 0.000000 -0.000088 0.000000 0.000000 1.000000 0.000000
1.000000 0.000022 0.000000 0.001598 -0.000022 1.000000 0.000000 0.004699 0.000000 0.000000 1.000000 0.000000
1.000000 0.000090 0.000000 -0.004301 -0.000090 1.000000 0.000000 0.001463 0.000000 0.000000 1.000000 0.000000
1.000000 0.000183 0.000000 -0.001836 -0.000183 1.000000 0.000000 -0.006106 0.000000 0.000000 1.000000 0.000000
1.000000 0.000043 0.000000 -0.002815 -0.000043 1.000000 0.000000 -0.003280 0.000000 0.000000 1.000000 0.000000
1.000000 0.000087 0.000000 -0.004284 -0.000087 1.000000 0.000000 -0.000487 0.000000 0.000000 1.000000 0.000000
1.000000 -0.000037 0.000000 -0.005164 0.000037 1.000000 0.000000 -0.007188 0.000000 0.000000 1.000000 0.000000
1.000000 0.000054 0.000000 -0.000983 -0.000054 1.000000 0.000000 -0.002277 0.000000 0.000000 1.000000 0.000000
1.000000 0.000199 0.000000 -0.001244 -0.000199 1.000000 0.000000 -0.005994 0.000000 0.000000 1.000000 0.000000
1.000000 0.000118 0.000000 0.000536 -0.000118 1.000000 0.000000 -0.005174 0.000000 0.000000 1.000000 0.000000
1.000000 0.000082 0.000000 -0.001332 -0.000082 1.000000 0.000000 -0.006222 0.000000 0.000000 1.000000 0.000000
1.000000 0.000036 0.000000 -0.001782 -0.000036 1.000000 0.000000 -0.005046 0.000000 0.000000 1.000000 0.000000
1.000000 0.000086 0.000000 -0.000487 -0.000086 1.000000 0.000000 -0.002035 0.000000 0.000000 1.000000 0.000000
1.000000 0.000140 0.000000 0.000464 -0.000140 1.000000 0.000000 -0.000234 0.000000 0.000000 1.000000 0.000000
1.000000 0.000175 0.000000 -0.001533 -0.000175 1.000000 0.000000 -0.002393 0.000000 0.000000 1.000000 0.000000
1.000000 0.000173 0.000000 -0.001868 -0.000173 1.000000 0.000000 -0.001543 0.000000 0.000000 1.000000 0.000000
1.000000 0.000117 0.000000 -0.001650 -0.000117 1.000000 0.000000 -0.003859 0.000000 0.000000 1.000000 0.000000
1.000000 0.000024 0.000000 0.001703 -0.000024 1.000000 0.000000 -0.006644 0.000000 0.000000 1.000000 0.000000
1.000000 0.000009 0.000000 -0.001643 -0.000009 1.000000 0.000000 -0.002415 0.000000 0.000000 1.000000 0.000000
1.000000 0.000028 0.000000 -0.000577 -0.000028 1.000000 0.000000 -0.003316 0.000000 0.000000 1.000000 0.000000
1.000000 -0.000033 0.000000 -0.002482 0.000033 1.000000 0.000000 -0.002571 0.000000 0.000000 1.000000 0.000000
1.000000 -0.000031 0.000000 -0.004053 0.000031 1.000000 0.000000 0.001117 0.000000 0.000000 1.000000 0.000000
1.000000 0.000013 0.000000 -0.004402 -0.000013 1.000000 0.000000 -0.002899 0.000000 0.000000 1.000000 0.000000
1.000000 0.000072 0.000000 -0.003146 -0.000072 1.000000 0.000000 -0.003112 0.000000 0.000000 1.000000 0.000000
1.000000 0.000198 0.000000 -0.005945 -0.000198 1.000000 0.000000 -0.007475 0.000000 0.000000 1.000000 0.000000
1.000000 0.000097 0.000000 -0.002416 -0.000097 1.000000 0.000000 -0.004245 0.000000 0.000000 1.000000 0.000000
1.000000 0.000187 0.000000 -0.001783 -0.000187 1.000000 0.000000 -0.005637 0.000000 0.000000 1.000000 0.000000
1.000000 0.000116 0.000000 -0.001376 -0.000116 1.000000 0.000000 -0.000702 0.000000 0.000000 1.000000 0.000000
1.000000 0.000196 0.000000 -0.004070 -0.000196 1.000000 0.000000 -0.000699 0.000000 0.000000 1.000000 0.000000
1.000000 0.000118 0.000000 -0.003730 -0.000118 1.000000 0.000000 -0.001126 0.000000 0.000000 1.000000 0.000000
1.000000 0.000112 0.000000 -0.000466 -0.000112 1.000000 0.000000 0.000198 0.000000 0.000000 1.000000 0.000000
1.000000 0.000083 0.000000 -0.000412 -0.000083 1.000000 0.000000 -0.002431 0.000000 0.000000 1.000000 0.000000
1.000000 0.000047 0.000000 -0.003743 -0.000047 1.000000 0.000000 0.001199 0.000000 0.000000 1.000000 0.000000
1.000000 0.000153 0.000000 -0.001345 -0.000153 1.000000 0.000000 -0.000835 0.000000 0.000000 1.000000 0.000000
1.000000 0.000143 0.000000 0.003037 -0.000143 1.000000 0.000000 -0.001924 0.000000 0.000000 1.000000 0.000000
1.000000 0.000120 0.000000 0.001852 -0.000120 1.000000 0.000000 -0.001112 0.000000 0.000000 1.000000 0.000000
1.000000 0.000161 0.000000 0.002722 -0.000161 1.000000 0.000000 -0.004129 0.000000 0.000000 1.000000 0.000000
1.000000 0.000208 0.000000 -0.002697 -0.000208 1.000000 0.000000 -0.003543 0.000000 0.000000 1.000000 0.000000
1.000000 0.000222 0.000000 -0.003253 -0.000222 1.000000 0.000000 -0.001256 0.000000 0.000000 1.000000 0.000000
1.000000 0.000168 0.000000 -0.000923 -0.000168 1.000000 0.000000 -0.001343 0.000000 0.000000 1.000000 0.000000
1.000000 0.000127 0.000000 0.002825 -0.000127 1.000000 0.000000 -0.002623 0.000000 0.000000 1.000000 0.000000
1.000000 0.000108 0.000000 0.000579 -0.000108 1.000000 0.000000 -0.004553 0.000000 0.000000 1.000000 0.000000
1.000000 0.000042 0.000000 0.000863 -0.000042 1.000000 0.000000 -0.002378 0.000000 0.000000 1.000000 0.000000
1.000000 -0.000077 0.000000 -0.002785 0.000077 1.000000 0.000000 -0.002242 0.000000 0.000000 1.000000 0.000000
1.000000 0.000092 0.000000 -0.002440 -0.000092 1.000000 0.000000 -0.002211 0.000000 0.000000 1.000000 0.000000
1.000000 -0.000056 0.000000 -0.000422 0.000056 1.000000 0.000000 -0.002865 0.000000 0.000000 1.000000 0.000000
1.000000 -0.000023 0.000000 -0.004427 0.000023 1.000000 0.000000 -0.001578 0.000000 0.000000 1.000000 0.000000
1.000000 0.000131 0.000000 -0.003362 -0.000131 1.000000 0.000000 -0.003980 0.000000 0.000000 1.000000 0.000000
1.000000 0.000108 0.000000 -0.004213 -0.000108 1.000000 0.000000 -0.002873 0.000000 0.000000 1.000000 0.000000
1.000000 0.000068 0.000000 -0.005275 -0.000068 1.000000 0.000000 -0.006379 0.000000 0.000000 1.000000 0.000000
1.000000 0.000112 0.000000 0.001414 -0.000112 1.000000 0.000000 -0.001988 0.000000 0.000000 1.000000 0.000000
1.000000 -0.000004 0.000000 -0.000515 0.000004 1.000000 0.000000 -0.002656 0.000000 0.000000 1.000000 0.000000
1.000000 0.000061 0.000000 -0.001122 -0.000061 1.000000 0.000000 -0.000718 0.000000 0.000000 1.000000 0.000000
1.000000 0.000071 0.000000 0.001031 -0.000071 1.000000 0.000000 -0.000342 0.000000 0.000000 1.000000 0.000000
1.000000 0.000033 0.000000 0.003599 -0.000033 1.000000 0.000000 0.001293 0.000000 0.000000 1.000000 0.000000
1.000000 -0.000034 0.000000 0.001004 0.000034 1.000000 0.000000 -0.002297 0.000000 0.000000 1.000000 0.000000
1.000000 0.000034 0.000000 0.001274 -0.000034 1.000000 0.000000 0.001053 0.000000 0.000000 1.000000 0.000000
1.000000 0.000016 0.000000 0.001130 -0.000016 1.000000 0.000000 -0.003539 0.000000 0.000000 1.000000 0.000000
1.000000 0.000067 0.000000 -0.001091 -0.000067 1.000000 0.000000 0.001963 0.000000 0.000000 1.000000 0.000000
1.000000 0.000031 0.000000 -0.001407 -0.000031 1.000000 0.000000 0.000360 0.000000 0.000000 1.000000 0.000000
1.000000 0.000050 0.000000 -0.000564 -0.000050 1.000000 0.000000 0.000064 0.000000 0.000000 1.000000 0.000000
1.000000 0.000099 0.000000 0.000592 -0.000099 1.000000 0.000000 -0.000929 0.000000 0.000000 1.000000 0.000000
1.000000 0.000078 0.000000 0.002116 -0.000078 1.000000 0.000000 -0.000502 0.000000 0.000000 1.000000 0.000000
1.000000 0.000146 0.000000 0.004106 -0.000146 1.000000 0.000000 -0.000377 0.000000 0.000000 1.000000 0.000000
1.000000 0.000159 0.000000 0.001106 -0.000159 1.000000 0.000000 0.001343 0.000000 0.000000 1.000000 0.000000
1.000000 0.000086 0.000000 -0.000813 -0.000086 1.000000 0.000000 -0.008049 0.000000 0.000000 1.000000 0.000000
1.000000 0.000029 0.000000 -0.003796 -0.000029 1.000000 0.000000 -0.005653 0.000000 0.000000 1.000000 0.000000
1.000000 0.000134 0.000000 -0.003333 -0.000134 1.000000 0.000000 -0.007162 0.000000 0.000000 1.000000 0.000000
1.000000 0.000159 0.000000 -0.002248 -0.000159 1.000000 0.000000 -0.002944 0.000000 0.000000 1.000000 0.000000
1.000000 0.000022 0.000000 0.000684 -0.000022 1.000000 0.000000 -0.003096 0.000000 0.000000 1.000000 0.000000
1.000000 0.000093 0.000000 -0.002672 -0.000093 1.000000 0.000000 -0.006115 0.000000 0.000000 1.000000 0.000000
1.000000 0.000163 0.000000 -0.006008 -0.000163 1.000000 0.000000 -0.000881 0.000000 0.000000 1.000000 0.000000
1.000000 0.000063 0.000000 -0.003462 -0.000063 1.000000 0.000000 -0.002738 0.000000 0.000000 1.000000 0.000000
1.000000 0.000252 0.000000 -0.001142 -0.000252 1.000000 0.000000 0.000861 0.000000 0.000000 1.000000 0.000000
1.000000 0.000133 0.000000 -0.001849 -0.000133 1.000000 0.000000 -0.000408 0.000000 0.000000 1.000000 0.000000
1.000000 0.000084 0.000000 -0.004808 -0.000084 1.000000 0.000000 0.003960 0.000000 0.000000 1.000000 0.000000
1.000000 0.000147 0.000000 -0.000075 -0.000147 1.000000 0.000000 -0.002620 0.000000 0.000000 1.000000 0.000000
1.000000 0.000134 0.000000 0.003569 -0.000134 1.000000 0.000000 -0.000154 0.000000 0.000000 1.000000 0.000000
1.000000 0.000165 0.000000 -0.002113 -0.000165 1.000000 0.000000 -0.001525 0.000000 0.000000 1.000000 0.000000
1.000000 0.000238 0.000000 -0.000897 -0.000238 1.000000 0.000000 0.001158 0.000000 0.000000 1.000000 0.000000
1.000000 0.000241 0.000000 -0.002449 -0.000241 1.000000 0.000000 0.000172 0.000000 0.000000 1.000000 0.000000
1.000000 0.000030 0.000000 0.004159 -0.000030 1.000000 0.000000 0.003324 0.000000 0.000000 1.000000 0.000000
1.000000 0.000111 0.000000 -0.002467 -0.000111 1.000000 0.000000 0.000971 0.000000 0.000000 1.000000 0.000000
1.000000 0.000144 0.000000 -0.000761 -0.000144 1.000000 0.000000 0.002985 0.000000 0.000000 1.000000 0.000000
1.000000 0.000189 0.000000 -0.000195 -0.000189 1.000000 0.000000 0.002903 0.000000 0.000000 1.000000 0.000000
1.000000 0.000175 0.000000 -0.001705 -0.000175 1.000000 0.000000 -0.002083 0.000000 0.000000 1.000000 0.000000
1.000000 0.000154 0.000000 0.000116 -0.000154 1.000000 0.000000 -0.000779 0.000000 0.000000 1.000000 0.000000
1.000000 0.000092 0.000000 -0.000307 -0.000092 1.000000 0.000000 0.002792 0.000000 0.000000 1.000000 0.000000
1.000000 0.000196 0.000000 0.003130 -0.000196 1.000000 0.000000 -0.000234 0.000000 0.000000 1.000000 0.000000
1.000000 0.000202 0.000000 -0.001492 -0.000202 1.000000 0.000000 -0.002177 0.000000 0.000000 1.000000 0.000000
1.000000 0.000139 0.000000 -0.002848 -0.000139 1.000000 0.000000 0.000293 0.000000 0.000000 1.000000 0.000000
1.000000 0.000141 0.000000 -0.003345 -0.000141 1.000000 0.000000 -0.003224 0.000000 0.000000 1.000000 0.000000
1.000000 0.000183 0.000000 0.002873 -0.000183 1.000000 0.000000 -0.003729 0.000000 0.000000 1.000000 0.000000
1.000000 0.000152 0.000000 -0.000526 -0.000152 1.000000 0.000000 0.001800 0.000000 0.000000 1.000000 0.000000
1.000000 0.000216 0.000000 -0.001209 -0.000216 1.000000 0.000000 0.002166 0.000000 0.000000 1.000000 0.000000
1.000000 0.000222 0.000000 0.001374 -0.000222 1.000000 0.000000 0.002723 0.000000 0.000000 1.000000 0.000000
1.000000 0.000137 0.000000 -0.001451 -0.000137 1.000000 0.000000 -0.005741 0.000000 0.000000 1.000000 0.000000
1.000000 0.000101 0.000000 0.002923 -0.000101 1.000000 0.000000 -0.002097 0.000000 0.000000 1.000000 0.000000
1.000000 0.000136 0.000000 0.006095 -0.000136 1.000000 0.000000 0.009509 0.000000 0.000000 1.000000 0.000000
1.000000 0.000241 0.000000 0.008518 -0.000241 1.000000 0.000000 0.005179 0.000000 0.000000 1.000000 0.000000
1.000000 0.000198 0.000000 0.004052 -0.000198 1.000000 0.000000 0.004035 0.000000 0.000000 1.000000 0.000000
1.000000 0.000267 0.000000 0.010384 -0.000267 1.000000 0.000000 0.003673 0.000000 0.000000 1.000000 0.000000
1.000000 0.000221 0.000000 0.008118 -0.000221 1.000000 0.000000 -0.000535 0.000000 0.000000 1.000000 0.000000
1.000000 0.000081 0.000000 0.007381 -0.000081 1.000000 0.000000 -0.000041 0.000000 0.000000 1.000000 0.000000
1.000000 0.000138 0.000000 0.000548 -0.000138 1.000000 0.000000 -0.000951 0.000000 0.000000 1.000000 0.000000
1.000000 0.000143 0.000000 0.001856 -0.000143 1.000000 0.000000 -0.003511 0.000000 0.000000 1.000000 0.000000
1.000000 -0.000000 0.000000 -0.003059 0.000000 1.000000 0.000000 0.002974 0.000000 0.000000 1.000000 0.000000
1.000000 0.000072 0.000000 -0.003329 -0.000072 1.000000 0.000000 -0.001939 0.000000 0.000000 1.000000 0.000000
1.000000 0.000060 0.000000 -0.003666 -0.000060 1.000000 0.000000 -0.005150 0.000000 0.000000 1.000000 0.000000
1.000000 0.000103 0.000000 -0.004326 -0.000103 1.000000 0.000000 -0.004540 0.000000 0.000000 1.000000 0.000000
1.000000 0.000101 0.000000 0.003058 -0.000101 1.000000 0.000000 -0.005347 0.000000 0.000000 1.000000 0.000000
1.000000 -0.000013 0.000000 -0.000472 0.000013 1.000000 0.000000 -0.009926 0.000000 0.000000 1.000000 0.000000
1.000000 0.000020 0.000000 0.006011 -0.000020 1.000000 0.000000 -0.008928 0.000000 0.000000 1.000000 0.000000
1.000000 0.000127 0.000000 0.007672 -0.000127 1.000000 0.000000 -0.009213 0.000000 0.000000 1.000000 0.000000
1.000000 0.000235 0.000000 0.004667 -0.000235 1.000000 0.000000 -0.003230 0.000000 0.000000 1.000000 0.000000
1.000000 0.000053 0.000000 0.001857 -0.000053 1.000000 0.000000 -0.002918 0.000000 0.000000 1.000000 0.000000
1.000000 0.000024 0.000000 -0.000707 -0.000024 1.000000 0.000000 -0.001511 0.000000 0.000000 1.000000 0.000000
1.000000 0.000045 0.000000 0.001065 -0.000045 1.000000 0.000000 -0.002441 0.000000 0.000000 1.000000 0.000000
1.000000 0.000249 0.000000 0.000254 -0.000249 1.000000 0.000000 -0.002531 0.000000 0.000000 1.000000 0.000000
1.000000 0.000216 0.000000 0.000088 -0.000216 1.000000 0.000000 -0.005212 0.000000 0.000000 1.000000 0.000000
1.000000 0.000078 0.000000 -0.002635 -0.000078 1.000000 0.000000 0.003253 0.000000 0.000000 1.000000 0.000000
1.000000 0.000068 0.000000 0.002894 -0.000068 1.000000 0.000000 -0.003230 0.000000 0.000000 1.000000 0.000000
1.000000 0.000007 0.000000 0.005357 -0.000007 1.000000 0.000000 -0.004303 0.000000 0.000000 1.000000 0.000000
1.000000 -0.000022 0.000000 0.001710 0.000022 1.000000 0.000000 0.000276 0.000000 0.000000 1.000000 0.000000
1.000000 -0.000192 0.000000 0.003640 0.000192 1.000000 0.000000 -0.003002 0.000000 0.000000 1.000000 0.000000
1.000000 0.000036 0.000000 -0.000065 -0.000036 1.000000 0.000000 0.000316 0.000000 0.000000 1.000000 0.000000
1.000000 0.000046 0.000000 0.002970 -0.000046 1.000000 0.000000 -0.002582 0.000000 0.000000 1.000000 0.000000
1.000000 -0.000039 0.000000 -0.000666 0.000039 1.000000 0.000000 -0.001541 0.000000 0.000000 1.000000 0.000000
1.000000 0.000039 0.000000 -0.001517 -0.000039 1.000000 0.000000 -0.005574 0.000000 0.000000 1.000000 0.000000
1.000000 -0.000006 0.000000 0.000761 0.000006 1.000000 0.000000 -0.003128 0.000000 0.000000 1.000000 0.000000
1.000000 0.000073 0.000000 -0.000143 -0.000073 1.000000 0.000000 -0.001848 0.000000 0.000000 1.000000 0.000000
1.000000 0.000098 0.000000 -0.000273 -0.000098 1.000000 0.000000 -0.004251 0.000000 0.000000 1.000000 0.000000
1.000000 0.000078 0.000000 -0.000895 -0.000078 1.000000 0.000000 -0.005367 0.000000 0.000000 1.000000 0.000000
1.000000 0.000025 0.000000 0.007753 -0.000025 1.000000 0.000000 -0.003644 0.000000 0.000000 1.000000 0.000000
1.000000 -0.000012 0.000000 0.000789 0.000012 1.000000 0.000000 -0.004779 0.000000 0.000000 1.000000 0.000000
1.000000 0.000116 0.000000 0.001819 -0.000116 1.000000 0.000000 -0.001768 0.000000 0.000000 1.000000 0.000000
1.000000 0.000151 0.000000 -0.000910 -0.000151 1.000000 0.000000 0.000014 0.000000 0.000000 1.000000 0.000000
1.000000 0.000092 0.000000 0.003573 -0.000092 1.000000 0.000000 -0.000803 0.000000 0.000000 1.000000 0.000000
1.000000 0.000030 0.000000 0.000976 -0.000030 1.000000 0.000000 -0.004534 0.000000 0.000000 1.000000 0.000000
1.000000 0.000188 0.000000 -0.002772 -0.000188 1.000000 0.000000 -0.004579 0.000000 0.000000 1.000000 0.000000
1.000000 0.000050 0.000000 0.002625 -0.000050 1.000000 0.000000 -0.004357 0.000000 0.000000 1.000000 0.000000
1.000000 -0.000007 0.000000 0.002977 0.000007 1.000000 0.000000 -0.004401 0.000000 0.000000 1.000000 0.000000
1.000000 0.000066 0.000000 0.000423 -0.000066 1.000000 0.000000 -0.001663 0.000000 0.000000 1.000000 0.000000
1.000000 0.000097 0.000000 -0.000097 -0.000097 1.000000 0.000000 -0.003047 0.000000 0.000000 1.000000 0.000000
1.000000 0.000053 0.000000 0.001161 -0.000053 1.000000 0.000000 -0.004552 0.000000 0.000000 1.000000 0.000000
1.000000 0.000096 0.000000 0.000051 -0.000096 1.000000 0.000000 -0.006331 0.000000 0.000000 1.000000 0.000000
1.000000 0.000074 0.000000 -0.001859 -0.000074 1.000000 0.000000 -0.001765 0.000000 0.000000 1.000000 0.000000
1.000000 0.000028 0.000000 -0.003600 -0.000028 1.000000 0.000000 -0.003766 0.000000 0.000000 1.000000 0.000000
1.000000 0.000043 0.000000 0.000768 -0.000043 1.000000 0.000000 -0.000173 0.000000 0.000000 1.000000 0.000000
1.000000 0.000146 0.000000 -0.003442 -0.000146 1.000000 0.000000 -0.007250 0.000000 0.000000 1.000000 0.000000
1.000000 0.000262 0.000000 -0.003625 -0.000262 1.000000 0.000000 -0.006372 0.000000 0.000000 1.000000 0.000000
1.000000 0.000087 0.000000 0.000335 -0.000087 1.000000 0.000000 -0.001792 0.000000 0.000000 1.000000 0.000000
1.000000 0.000064 0.000000 -0.003979 -0.000064 1.000000 0.000000 -0.003901 0.000000 0.000000 1.000000 0.000000
1.000000 0.000039 0.000000 0.000371 -0.000039 1.000000 0.000000 -0.006301 0.000000 0.000000 1.000000 0.000000
1.000000 -0.000005 0.000000 0.001150 0.000005 1.000000 0.000000 -0.003747 0.000000 0.000000 1.000000 0.000000
1.000000 0.000058 0.000000 0.000475 -0.000058 1.000000 0.000000 -0.005731 0.000000 0.000000 1.000000 0.000000
1.000000 0.000104 0.000000 -0.000893 -0.000104 1.000000 0.000000 -0.003019 0.000000 0.000000 1.000000 0.000000
1.000000 0.000044 0.000000 0.001307 -0.000044 1.000000 0.000000 -0.007037 0.000000 0.000000 1.000000 0.000000
1.000000 0.000132 0.000000 0.001732 -0.000132 1.000000 0.000000 -0.011067 0.000000 0.000000 1.000000 0.000000
1.000000 -0.000012 0.000000 -0.001631 0.000012 1.000000 0.000000 -0.006025 0.000000 0.000000 1.000000 0.000000
1.000000 0.000175 0.000000 0.001773 -0.000175 1.000000 0.000000 -0.000348 0.000000 0.000000 1.000000 0.000000
1.000000 0.000061 0.000000 -0.002475 -0.000061 1.000000 0.000000 -0.007260 0.000000 0.000000 1.000000 0.000000
1.000000 0.000051 0.000000 -0.001577 -0.000051 1.000000 0.000000 -0.003443 0.000000 0.000000 1.000000 0.000000
1.000000 -0.000046 0.000000 -0.001027 0.000046 1.000000 0.000000 -0.003434 0.000000 0.000000 1.000000 0.000000
1.000000 -0.000082 0.000000 0.001390 0.000082 1.000000 0.000000 -0.003204 0.000000 0.000000 1.000000 0.000000
1.000000 0.000001 0.000000 0.000123 -0.000001 1.000000 0.000000 -0.007092 0.000000 0.000000 1.000000 0.000000
1.000000 -0.000028 0.000000 -0.002671 0.000028 1.000000 0.000000 -0.005215 0.000000 0.000000 1.000000 0.000000
1.000000 -0.000039 0.000000 -0.002315 0.000039 1.000000 0.000000 -0.007508 0.000000 0.000000 1.000000 0.000000
1.000000 0.000114 0.000000 -0.003047 -0.000114 1.000000 0.000000 -0.005840 0.000000 0.000000 1.000000 0.000000
1.000000 0.000015 0.000000 -0.002442 -0.000015 1.000000 0.000000 -0.007686 0.000000 0.000000 1.000000 0.000000
1.000000 0.000169 0.000000 -0.005680 -0.000169 1.000000 0.000000 -0.011514 0.000000 0.000000 1.000000 0.000000
1.000000 0.000080 0.000000 0.000357 -0.000080 1.000000 0.000000 -0.007286 0.000000 0.000000 1.000000 0.000000
1.000000 0.000122 0.000000 -0.006098 -0.000122 1.000000 0.000000 -0.008589 0.000000 0.000000 1.000000 0.000000
1.000000 0.000065 0.000000 -0.005333 -0.000065 1.000000 0.000000 -0.006372 0.000000 0.000000 1.000000 0.000000
1.000000 0.000062 0.000000 0.001568 -0.000062 1.000000 0.000000 -0.010294 0.000000 0.000000 1.000000 0.000000
1.000000 0.000188 0.000000 -0.001267 -0.000188 1.000000 0.000000 -0.006452 0.000000 0.000000 1.000000 0.000000
1.000000 0.000169 0.000000 -0.000532 -0.000169 1.000000 0.000000 -0.003568 0.000000 0.000000 1.000000 0.000000
1.000000 0.000191 0.000000 -0.004430 -0.000191 1.000000 0.000000 -0.003075 0.000000 0.000000 1.000000 0.000000
1.000000 0.000196 0.000000 -0.001633 -0.000196 1.000000 0.000000 -0.001420 0.000000 0.000000 1.000000 0.000000
1.000000 0.000144 0.000000 -0.000840 -0.000144 1.000000 0.000000 -0.002920 0.000000 0.000000 1.000000 0.000000
1.000000 0.000066 0.000000 -0.004266 -0.000066 1.000000 0.000000 -0.002618 0.000000 0.000000 1.000000 0.000000
1.000000 0.000006 0.000000 0.000837 -0.000006 1.000000 0.000000 -0.002354 0.000000 0.000000 1.000000 0.000000
1.000000 -0.000003 0.000000 -0.000156 0.000003 1.000000 0.000000 0.002044 0.000000 0.000000 1.000000 0.000000
1.000000 -0.000033 0.000000 -0.000950 0.000033 1.000000 0.000000 -0.001813 0.000000 0.000000 1.000000 0.000000
1.000000 0.000043 0.000000 -0.003106 -0.000043 1.000000 0.000000 -0.004588 0.000000 0.000000 1.000000 0.000000
1.000000 -0.000032 0.000000 0.003347 0.000032 1.000000 0.000000 -0.007333 0.000000 0.000000 1.000000 0.000000
1.000000 -0.000126 0.000000 0.001507 0.000126 1.000000 0.000000 0.000507 0.000000 0.000000 1.000000 0.000000
1.000000 -0.000284 0.000000 -0.002392 0.000284 1.000000 0.000000 -0.005110 0.000000 0.000000 1.000000 0.000000
1.000000 0.000095 0.000000 -0.001726 -0.000095 1.000000 0.000000 0.000962 0.000000 0.000000 1.000000 0.000000
1.000000 0.000027 0.000000 -0.004917 -0.000027 1.000000 0.000000 -0.002043 0.000000 0.000000 1.000000 0.000000
1.000000 -0.000189 0.000000 -0.006644 0.000189 1.000000 0.000000 -0.001141 0.000000 0.000000 1.000000 0.000000
1.000000 -0.000183 0.000000 -0.002694 0.000183 1.000000 0.000000 -0.005001 0.000000 0.000000 1.000000 0.000000
1.000000 0.000089 0.000000 -0.002597 -0.000089 1.000000 0.000000 -0.001666 0.000000 0.000000 1.000000 0.000000
1.000000 -0.000025 0.000000 0.003387 0.000025 1.000000 0.000000 0.001641 0.000000 0.000000 1.000000 0.000000
1.000000 0.000132 0.000000 0.002253 -0.000132 1.000000 0.000000 -0.002824 0.000000 0.000000 1.000000 0.000000
1.000000 0.000125 0.000000 -0.002583 -0.000125 1.000000 0.000000 -0.005135 0.000000 0.000000 1.000000 0.000000
1.000000 0.000060 0.000000 -0.002535 -0.000060 1.000000 0.000000 -0.002017 0.000000 0.000000 1.000000 0.000000
1.000000 0.000298 0.000000 -0.000470 -0.000298 1.000000 0.000000 -0.008398 0.000000 0.000000 1.000000 0.000000
1.000000 -0.000039 0.000000 -0.001208 0.000039 1.000000 0.000000 0.002052 0.000000 0.000000 1.000000 0.000000
1.000000 0.000082 0.000000 -0.000366 -0.000082 1.000000 0.000000 -0.006901 0.000000 0.000000 1.000000 0.000000
1.000000 0.000142 0.000000 -0.002384 -0.000142 1.000000 0.000000 -0.003444 0.000000 0.000000 1.000000 0.000000
1.000000 0.000240 0.000000 -0.002649 -0.000240 1.000000 0.000000 -0.000399 0.000000 0.000000 1.000000 0.000000
1.000000 0.000177 0.000000 -0.002613 -0.000177 1.000000 0.000000 -0.000510 0.000000 0.000000 1.000000 0.000000
1.000000 0.000150 0.000000 -0.003459 -0.000150 1.000000 0.000000 0.000590 0.000000 0.000000 1.000000 0.000000
1.000000 -0.000018 0.000000 0.001250 0.000018 1.000000 0.000000 0.002158 0.000000 0.000000 1.000000 0.000000
1.000000 0.000089 0.000000 -0.001887 -0.000089 1.000000 0.000000 -0.001568 0.000000 0.000000 1.000000 0.000000
1.000000 -0.000084 0.000000 -0.008043 0.000084 1.000000 0.000000 0.001663 0.000000 0.000000 1.000000 0.000000
1.000000 -0.000129 0.000000 -0.003404 0.000129 1.000000 0.000000 -0.003831 0.000000 0.000000 1.000000 0.000000
1.000000 0.000096 0.000000 -0.002703 -0.000096 1.000000 0.000000 -0.001941 0.000000 0.000000 1.000000 0.000000
1.000000 -0.000054 0.000000 -0.001680 0.000054 1.000000 0.000000 0.000577 0.000000 0.000000 1.000000 0.000000
1.000000 -0.000028 0.000000 -0.004218 0.000028 1.000000 0.000000 -0.002439 0.000000 0.000000 1.000000 0.000000
1.000000 0.000074 0.000000 -0.003799 -0.000074 1.000000 0.000000 -0.005166 0.000000 0.000000 1.000000 0.000000
1.000000 0.000028 0.000000 -0.006373 -0.000028 1.000000 0.000000 -0.007059 0.000000 0.000000 1.000000 0.000000
1.000000 -0.000094 0.000000 -0.005012 0.000094 1.000000 0.000000 0.000379 0.000000 0.000000 1.000000 0.000000
1.000000 -0.000194 0.000000 -0.004313 0.000194 1.000000 0.000000 0.002156 0.000000 0.000000 1.000000 0.000000
1.000000 0.000043 0.000000 -0.003444 -0.000043 1.000000 0.000000 0.000091 0.000000 0.000000 1.000000 0.000000
1.000000 0.000154 0.000000 -0.006836 -0.000154 1.000000 0.000000 -0.001793 0.000000 0.000000 1.000000 0.000000
1.000000 0.000055 0.000000 -0.002848 -0.000055 1.000000 0.000000 -0.002644 0.000000 0.000000 1.000000 0.000000
1.000000 -0.000122 0.000000 -0.004225 0.000122 1.000000 0.000000 -0.003361 0.000000 0.000000 1.000000 0.000000
1.000000 -0.000869 0.000000 0.000190 0.000869 1.000000 0.000000 -0.001070 0.000000 0.000000 1.000000 0.000000
0.999998 -0.002212 0.000000 0.014300 0.002212 0.999998 0.000000 0.001658 0.000000 0.000000 1.000000 0.000000
0.999990 -0.004404 0.000000 0.043623 0.004404 0.999990 0.000000 -0.007891 0.000000 0.000000 1.000000 0.000000
0.999956 -0.009403 0.000000 0.096133 0.009403 0.999956 0.000000 -0.010320 0.000000 0.000000 1.000000 0.000000
0.999854 -0.017093 0.000000 0.159723 0.017093 0.999854 0.000000 0.021896 0.000000 0.000000 1.000000 0.000000
0.999617 -0.027660 0.000000 0.246368 0.027660 0.999617 0.000000 0.001479 0.000000 0.000000 1.000000 0.000000
0.999040 -0.043796 0.000000 0.408376 0.043796 0.999040 0.000000 0.000640 0.000000 0.000000 1.000000 0.000000
0.997646 -0.068578 0.000000 0.609757 0.068578 0.997646 0.000000 0.052389 0.000000 0.000000 1.000000 0.000000
0.995243 -0.097419 0.000000 0.811549 0.097419 0.995243 0.000000 0.115827 0.000000 0.000000 1.000000 0.000000
0.991359 -0.131175 0.000000 1.101410 0.131175 0.991359 0.000000 0.170147 0.000000 0.000000 1.000000 0.000000
0.985835 -0.167718 0.000000 1.402652 0.167718 0.985835 0.000000 0.278731 0.000000 0.000000 1.000000 0.000000
0.978270 -0.207335 0.000000 1.767122 0.207335 0.978270 0.000000 0.351144 0.000000 0.000000 1.000000 0.000000
0.970219 -0.242229 0.000000 2.196460 0.242229 0.970219 0.000000 0.466734 0.000000 0.000000 1.000000 0.000000
0.962506 -0.271261 0.000000 2.674590 0.271261 0.962506 0.000000 0.579080 0.000000 0.000000 1.000000 0.000000
0.957131 -0.289655 0.000000 3.301028 0.289655 0.957131 0.000000 0.688795 0.000000 0.000000 1.000000 0.000000
0.956037 -0.293247 0.000000 3.883300 0.293247 0.956037 0.000000 0.850585 0.000000 0.000000 1.000000 0.000000
0.958938 -0.283617 0.000000 4.626276 0.283617 0.958938 0.000000 1.023782 0.000000 0.000000 1.000000 0.000000
0.964776 -0.263072 0.000000 5.465984 0.263072 0.964776 0.000000 1.305431 0.000000 0.000000 1.000000 0.000000
0.970726 -0.240190 0.000000 6.348302 0.240190 0.970726 0.000000 1.531354 0.000000 0.000000 1.000000 0.000000
0.977086 -0.212847 0.000000 7.289899 0.212847 0.977086 0.000000 1.757451 0.000000 0.000000 1.000000 0.000000
0.982182 -0.187933 0.000000 8.329071 0.187933 0.982182 0.000000 1.938443 0.000000 0.000000 1.000000 0.000000
0.985749 -0.168223 0.000000 9.476855 0.168223 0.985749 0.000000 2.061178 0.000000 0.000000 1.000000 0.000000
0.989315 -0.145796 0.000000 10.640192 0.145796 0.989315 0.000000 2.182201 0.000000 0.000000 1.000000 0.000000
0.992230 -0.124418 0.000000 11.996429 0.124418 0.992230 0.000000 2.314592 0.000000 0.000000 1.000000 0.000000
0.994128 -0.108208 0.000000 13.331103 0.108208 0.994128 0.000000 2.442003 0.000000 0.000000 1.000000 0.000000
0.995401 -0.095799 0.000000 14.783482 0.095799 0.995401 0.000000 2.564169 0.000000 0.000000 1.000000 0.000000
0.996155 -0.087614 0.000000 16.231218 0.087614 0.996155 0.000000 2.652226 0.000000 0.000000 1.000000 0.000000
0.997089 -0.076253 0.000000 17.730267 0.076253 0.997089 0.000000 2.753529 0.000000 0.000000 1.000000 0.000000
0.997873 -0.065188 0.000000 19.312664 0.065188 0.997873 0.000000 2.830214 0.000000 0.000000 1.000000 0.000000
0.998313 -0.058069 0.000000 20.959644 0.058069 0.998313 0.000000 2.852751 0.000000 0.000000 1.000000 0.000000
0.998558 -0.053681 0.000000 22.620235 0.053681 0.998558 0.000000 2.947575 0.000000 0.000000 1.000000 0.000000
0.998749 -0.049999 0.000000 24.292508 0.049999 0.998749 0.000000 3.030830 0.000000 0.000000 1.000000 0.000000
0.998987 -0.044990 0.000000 26.012594 0.044990 0.998987 0.000000 3.106669 0.000000 0.000000 1.000000 0.000000
0.999156 -0.041075 0.000000 27.753998 0.041075 0.999156 0.000000 3.129511 0.000000 0.000000 1.000000 0.000000
0.999132 -0.041664 0.000000 29.472471 0.041664 0.999132 0.000000 3.213492 0.000000 0.000000 1.000000 0.000000
0.998881 -0.047285 0.000000 31.222911 0.047285 0.998881 0.000000 3.236194 0.000000 0.000000 1.000000 0.000000
0.998604 -0.052814 0.000000 32.993996 0.052814 0.998604 0.000000 3.355129 0.000000 0.000000 1.000000 0.000000
0.998263 -0.058914 0.000000 34.846190 0.058914 0.998263 0.000000 3.426071 0.000000 0.000000 1.000000 0.000000
0.998118 -0.061316 0.000000 36.612881 0.061316 0.998118 0.000000 3.520569 0.000000 0.000000 1.000000 0.000000
0.998109 -0.061468 0.000000 38.501101 0.061468 0.998109 0.000000 3.598694 0.000000 0.000000 1.000000 0.000000
0.998215 -0.059725 0.000000 40.385689 0.059725 0.998215 0.000000 3.667055 0.000000 0.000000 1.000000 0.000000
0.998132 -0.061088 0.000000 42.232689 0.061088 0.998132 0.000000 3.788538 0.000000 0.000000 1.000000 0.000000
0.997870 -0.065237 0.000000 44.176419 0.065237 0.997870 0.000000 3.875082 0.000000 0.000000 1.000000 0.000000
0.997632 -0.068782 0.000000 46.108702 0.068782 0.997632 0.000000 3.955110 0.000000 0.000000 1.000000 0.000000
0.997277 -0.073741 0.000000 48.061797 0.073741 0.997277 0.000000 4.125187 0.000000 0.000000 1.000000 0.000000
0.996912 -0.078528 0.000000 50.029799 0.078528 0.996912 0.000000 4.311143 0.000000 0.000000 1.000000 0.000000
0.996714 -0.081006 0.000000 51.985888 0.081006 0.996714 0.000000 4.431290 0.000000 0.000000 1.000000 0.000000
0.996761 -0.080416 0.000000 53.985145 0.080416 0.996761 0.000000 4.573185 0.000000 0.000000 1.000000 0.000000
0.997063 -0.076587 0.000000 55.978994 0.076587 0.997063 0.000000 4.674300 0.000000 0.000000 1.000000 0.000000
0.997355 -0.072684 0.000000 58.057993 0.072684 0.997355 0.000000 4.780890 0.000000 0.000000 1.000000 0.000000
0.997676 -0.068131 0.000000 60.082679 0.068131 0.997676 0.000000 4.913193 0.000000 0.000000 1.000000 0.000000
0.997795 -0.066366 0.000000 62.138282 0.066366 0.997795 0.000000 4.982535 0.000000 0.000000 1.000000 0.000000
0.997986 -0.063432 0.000000 64.145431 0.063432 0.997986 0.000000 5.056179 0.000000 0.000000 1.000000 0.000000
0.998205 -0.059882 0.000000 66.231445 0.059882 0.998205 0.000000 5.150513 0.000000 0.000000 1.000000 0.000000
0.998464 -0.055405 0.000000 68.299423 0.055405 0.998464 0.000000 5.238333 0.000000 0.000000 1.000000 0.000000
0.998717 -0.050642 0.000000 70.331873 0.050642 0.998717 0.000000 5.306033 0.000000 0.000000 1.000000 0.000000
0.999094 -0.042565 0.000000 72.360685 0.042565 0.999094 0.000000 5.393026 0.000000 0.000000 1.000000 0.000000
0.999329 -0.036620 0.000000 74.487611 0.036620 0.999329 0.000000 5.447091 0.000000 0.000000 1.000000 0.000000
0.999456 -0.032984 0.000000 76.539126 0.032984 0.999456 0.000000 5.456145 0.000000 0.000000 1.000000 0.000000
0.999661 -0.026022 0.000000 78.587613 0.026022 0.999661 0.000000 5.460049 0.000000 0.000000 1.000000 0.000000
0.999756 -0.022067 0.000000 80.685840 0.022067 0.999756 0.000000 5.432813 0.000000 0.000000 1.000000 0.000000
0.999826 -0.018677 0.000000 82.732431 0.018677 0.999826 0.000000 5.457526 0.000000 0.000000 1.000000 0.000000
0.999865 -0.016403 0.000000 84.830738 0.016403 0.999865 0.000000 5.553872 0.000000 0.000000 1.000000 0.000000
0.999841 -0.017860 0.000000 86.967101 0.017860 0.999841 0.000000 5.510122 0.000000 0.000000 1.000000 0.000000
0.999751 -0.022324 0.000000 89.018452 0.022324 0.999751 0.000000 5.491318 0.000000 0.000000 1.000000 0.000000
0.999626 -0.027342 0.000000 91.145205 0.027342 0.999626 0.000000 5.507740 0.000000 0.000000 1.000000 0.000000
0.999472 -0.032482 0.000000 93.231251 0.032482 0.999472 0.000000 5.550969 0.000000 0.000000 1.000000 0.000000
0.999325 -0.036735 0.000000 95.301538 0.036735 0.999325 0.000000 5.608605 0.000000 0.000000 1.000000 0.000000
0.998969 -0.045395 0.000000 97.417784 0.045395 0.998969 0.000000 5.623640 0.000000 0.000000 1.000000 0.000000
0.998592 -0.053052 0.000000 99.524518 0.053052 0.998592 0.000000 5.798459 0.000000 0.000000 1.000000 0.000000
0.998085 -0.061861 0.000000 101.573769 0.061861 0.998085 0.000000 5.828554 0.000000 0.000000 1.000000 0.000000
0.997624 -0.068892 0.000000 103.664141 0.068892 0.997624 0.000000 5.890160 0.000000 0.000000 1.000000 0.000000
0.997126 -0.075763 0.000000 105.738138 0.075763 0.997126 0.000000 6.079855 0.000000 0.000000 1.000000 0.000000
0.996725 -0.080868 0.000000 107.759926 0.080868 0.996725 0.000000 6.200712 0.000000 0.000000 1.000000 0.000000
0.996204 -0.087045 0.000000 109.811317 0.087045 0.996204 0.000000 6.301486 0.000000 0.000000 1.000000 0.000000
0.995767 -0.091910 0.000000 111.841902 0.091910 0.995767 0.000000 6.464043 0.000000 0.000000 1.000000 0.000000
0.995417 -0.095630 0.000000 113.925454 0.095630 0.995417 0.000000 6.649847 0.000000 0.000000 1.000000 0.000000
0.995001 -0.099863 0.000000 115.975423 0.099863 0.995001 0.000000 6.841643 0.000000 0.000000 1.000000 0.000000
0.994739 -0.102438 0.000000 117.981123 0.102438 0.994739 0.000000 7.025532 0.000000 0.000000 1.000000 0.000000
0.994539 -0.104370 0.000000 119.982817 0.104370 0.994539 0.000000 7.237635 0.000000 0.000000 1.000000 0.000000
0.994325 -0.106389 0.000000 121.929742 0.106389 0.994325 0.000000 7.408734 0.000000 0.000000 1.000000 0.000000
0.994112 -0.108356 0.000000 124.019706 0.108356 0.994112 0.000000 7.606818 0.000000 0.000000 1.000000 0.000000
0.994264 -0.106957 0.000000 126.029812 0.106957 0.994264 0.000000 7.780601 0.000000 0.000000 1.000000 0.000000
0.994583 -0.103947 0.000000 128.103694 0.103947 0.994583 0.000000 7.981982 0.000000 0.000000 1.000000 0.000000
0.994735 -0.102478 0.000000 130.132341 0.102478 0.994735 0.000000 8.147763 0.000000 0.000000 1.000000 0.000000
0.995191 -0.097958 0.000000 132.236236 0.097958 0.995191 0.000000 8.306536 0.000000 0.000000 1.000000 0.000000
0.995716 -0.092469 0.000000 134.294353 0.092469 0.995716 0.000000 8.505232 0.000000 0.000000 1.000000 0.000000
0.996167 -0.087467 0.000000 136.348518 0.087467 0.996167 0.000000 8.654725 0.000000 0.000000 1.000000 0.000000
0.996556 -0.082926 0.000000 138.457299 0.082926 0.996556 0.000000 8.831590 0.000000 0.000000 1.000000 0.000000
0.996518 -0.083379 0.000000 140.540996 0.083379 0.996518 0.000000 8.931309 0.000000 0.000000 1.000000 0.000000
0.996484 -0.083780 0.000000 142.591394 0.083780 0.996484 0.000000 9.108920 0.000000 0.000000 1.000000 0.000000
0.996387 -0.084927 0.000000 144.722255 0.084927 0.996387 0.000000 9.225934 0.000000 0.000000 1.000000 0.000000
0.996284 -0.086126 0.000000 146.823080 0.086126 0.996284 0.000000 9.356521 0.000000 0.000000 1.000000 0.000000
0.996265 -0.086351 0.000000 148.947188 0.086351 0.996265 0.000000 9.489185 0.000000 0.000000 1.000000 0.000000
0.996395 -0.084834 0.000000 151.015643 0.084834 0.996395 0.000000 9.668569 0.000000 0.000000 1.000000 0.000000
0.996415 -0.084595 0.000000 153.190475 0.084595 0.996415 0.000000 9.866593 0.000000 0.000000 1.000000 0.000000
0.996376 -0.085056 0.000000 155.316622 0.085056 0.996376 0.000000 10.015696 0.000000 0.000000 1.000000 0.000000
0.996350 -0.085367 0.000000 157.472463 0.085367 0.996350 0.000000 10.208587 0.000000 0.000000 1.000000 0.000000
0.996173 -0.087402 0.000000 159.630887 0.087402 0.996173 0.000000 10.353790 0.000000 0.000000 1.000000 0.000000
0.996030 -0.089021 0.000000 161.820501 0.089021 0.996030 0.000000 10.530189 0.000000 0.000000 1.000000 0.000000
0.995787 -0.091697 0.000000 163.993521 0.091697 0.995787 0.000000 10.687861 0.000000 0.000000 1.000000 0.000000
0.995566 -0.094070 0.000000 166.200228 0.094070 0.995566 0.000000 10.871767 0.000000 0.000000 1.000000 0.000000
