1.000000 0.000000 0.000000 0.000000 0.000000 1.000000 0.000000 0.000000 0.000000 0.000000 1.000000 0.000000
0.994382 -0.105855 0.000000 1.764832 0.105855 0.994382 0.000000 0.162445 0.000000 0.000000 1.000000 0.000000
0.986127 -0.165994 0.000000 3.516970 0.165994 0.986127 0.000000 0.449495 0.000000 0.000000 1.000000 0.000000
0.985059 -0.172215 0.000000 5.077779 0.172215 0.985059 0.000000 0.711161 0.000000 0.000000 1.000000 0.000000
0.986213 -0.165483 0.000000 6.969969 0.165483 0.986213 0.000000 1.004242 0.000000 0.000000 1.000000 0.000000
0.988776 -0.149406 0.000000 9.176654 0.149406 0.988776 0.000000 1.314117 0.000000 0.000000 1.000000 0.000000
0.992901 -0.118941 0.000000 11.696250 0.118941 0.992901 0.000000 1.605605 0.000000 0.000000 1.000000 0.000000
0.996913 -0.078520 0.000000 14.443496 0.078520 0.996913 0.000000 1.824410 0.000000 0.000000 1.000000 0.000000
0.999508 -0.031356 0.000000 17.299197 0.031356 0.999508 0.000000 1.926161 0.000000 0.000000 1.000000 0.000000
0.999986 -0.005346 0.000000 20.371605 0.005346 0.999986 0.000000 1.922016 0.000000 0.000000 1.000000 0.000000
0.999994 -0.003597 0.000000 21.970751 0.003597 0.999994 0.000000 1.916674 0.000000 0.000000 1.000000 0.000000
0.999970 -0.007749 0.000000 23.602724 0.007749 0.999970 0.000000 1.911797 0.000000 0.000000 1.000000 0.000000
0.999957 -0.009246 0.000000 25.149448 0.009246 0.999957 0.000000 1.918812 0.000000 0.000000 1.000000 0.000000
0.999955 -0.009533 0.000000 26.804729 0.009533 0.999955 0.000000 1.920637 0.000000 0.000000 1.000000 0.000000
0.999948 -0.010154 0.000000 28.507191 0.010154 0.999948 0.000000 1.915235 0.000000 0.000000 1.000000 0.000000
0.999944 -0.010557 0.000000 30.238128 0.010557 0.999944 0.000000 1.914487 0.000000 0.000000 1.000000 0.000000
0.999948 -0.010243 0.000000 32.000767 0.010243 0.999948 0.000000 1.922034 0.000000 0.000000 1.000000 0.000000
0.999938 -0.011102 0.000000 33.732518 0.011102 0.999938 0.000000 1.932151 0.000000 0.000000 1.000000 0.000000
0.999948 -0.010239 0.000000 35.484420 0.010239 0.999948 0.000000 1.938831 0.000000 0.000000 1.000000 0.000000
0.999959 -0.009088 0.000000 37.300208 0.009088 0.999959 0.000000 1.942265 0.000000 0.000000 1.000000 0.000000
0.999971 -0.007657 0.000000 39.184411 0.007657 0.999971 0.000000 1.941893 0.000000 0.000000 1.000000 0.000000
0.999976 -0.006870 0.000000 41.084284 0.006870 0.999976 0.000000 1.938697 0.000000 0.000000 1.000000 0.000000
0.999985 -0.005547 0.000000 43.048392 0.005547 0.999985 0.000000 1.936121 0.000000 0.000000 1.000000 0.000000
0.999992 -0.004100 0.000000 44.991141 0.004100 0.999992 0.000000 1.930273 0.000000 0.000000 1.000000 0.000000
0.999997 -0.002495 0.000000 46.933761 0.002495 0.999997 0.000000 1.922203 0.000000 0.000000 1.000000 0.000000
0.999999 -0.001332 0.000000 48.900102 0.001332 0.999999 0.000000 1.911110 0.000000 0.000000 1.000000 0.000000
0.999999 0.001477 0.000000 50.801699 -0.001477 0.999999 -0.000000 1.900367 -0.000000 0.000000 1.000000 0.000000
0.999994 0.003476 0.000000 52.744884 -0.003476 0.999994 -0.000000 1.879455 -0.000000 0.000000 1.000000 0.000000
0.999987 0.005154 0.000000 54.645101 -0.005154 0.999987 -0.000000 1.843749 -0.000000 0.000000 1.000000 0.000000
0.999972 0.007523 0.000000 56.687122 -0.007523 0.999972 -0.000000 1.812327 -0.000000 0.000000 1.000000 0.000000
0.999954 0.009626 0.000000 58.825496 -0.009626 0.999954 -0.000000 1.783958 -0.000000 0.000000 1.000000 0.000000
0.999927 0.012097 0.000000 60.992644 -0.012097 0.999927 -0.000000 1.754071 -0.000000 0.000000 1.000000 0.000000
0.999893 0.014621 0.000000 63.107264 -0.014621 0.999893 -0.000000 1.718003 -0.000000 0.000000 1.000000 0.000000
0.999870 0.016095 0.000000 65.245708 -0.016095 0.999870 -0.000000 1.677535 -0.000000 0.000000 1.000000 0.000000
0.999823 0.018800 0.000000 67.389719 -0.018800 0.999823 -0.000000 1.628794 -0.000000 0.000000 1.000000 0.000000
0.999800 0.020015 0.000000 69.581582 -0.020015 0.999800 -0.000000 1.575375 -0.000000 0.000000 1.000000 0.000000
0.999741 0.022770 0.000000 71.888159 -0.022770 0.999741 -0.000000 1.519532 -0.000000 0.000000 1.000000 0.000000
0.999729 0.023286 0.000000 74.224374 -0.023286 0.999729 -0.000000 1.447699 -0.000000 0.000000 1.000000 0.000000
0.999725 0.023467 0.000000 76.595126 -0.023467 0.999725 -0.000000 1.383399 -0.000000 0.000000 1.000000 0.000000
0.999722 0.023587 0.000000 78.901253 -0.023587 0.999722 -0.000000 1.319061 -0.000000 0.000000 1.000000 0.000000
0.999709 0.024109 0.000000 81.078404 -0.024109 0.999709 -0.000000 1.259928 -0.000000 0.000000 1.000000 0.000000
0.999660 0.026059 0.000000 83.230193 -0.026059 0.999660 -0.000000 1.199586 -0.000000 0.000000 1.000000 0.000000
0.999659 0.026119 0.000000 85.546545 -0.026119 0.999659 -0.000000 1.130117 -0.000000 0.000000 1.000000 0.000000
0.999686 0.025059 0.000000 87.815003 -0.025059 0.999686 -0.000000 1.067493 -0.000000 0.000000 1.000000 0.000000
0.999748 0.022447 0.000000 90.077307 -0.022447 0.999748 -0.000000 1.014151 -0.000000 0.000000 1.000000 0.000000
0.999830 0.018445 0.000000 92.400741 -0.018445 0.999830 -0.000000 0.959991 -0.000000 0.000000 1.000000 0.000000
0.999940 0.010954 0.000000 94.851210 -0.010954 0.999940 -0.000000 0.914277 -0.000000 0.000000 1.000000 0.000000
0.999986 0.005213 0.000000 97.320082 -0.005213 0.999986 -0.000000 0.892554 -0.000000 0.000000 1.000000 0.000000
0.999998 -0.001983 0.000000 99.757544 0.001983 0.999998 0.000000 0.884092 0.000000 0.000000 1.000000 0.000000
0.999967 -0.008175 0.000000 102.210065 0.008175 0.999967 0.000000 0.893290 0.000000 0.000000 1.000000 0.000000
0.999900 -0.014143 0.000000 104.622136 0.014143 0.999900 0.000000 0.916424 0.000000 0.000000 1.000000 0.000000
0.999824 -0.018760 0.000000 106.808151 0.018760 0.999824 0.000000 0.941516 0.000000 0.000000 1.000000 0.000000
0.999832 -0.018314 0.000000 109.291788 0.018314 0.999832 0.000000 0.981236 0.000000 0.000000 1.000000 0.000000
0.999857 -0.016894 0.000000 111.782818 0.016894 0.999857 0.000000 1.017952 0.000000 0.000000 1.000000 0.000000
0.999881 -0.015451 0.000000 114.271738 0.015451 0.999881 0.000000 1.046389 0.000000 0.000000 1.000000 0.000000
0.999901 -0.014091 0.000000 116.745011 0.014091 0.999901 0.000000 1.073653 0.000000 0.000000 1.000000 0.000000
0.999918 -0.012829 0.000000 119.209185 0.012829 0.999918 0.000000 1.100332 0.000000 0.000000 1.000000 0.000000
0.999922 -0.012497 0.000000 121.390108 0.012497 0.999922 0.000000 1.116746 0.000000 0.000000 1.000000 0.000000
0.999930 -0.011861 0.000000 123.704259 0.011861 0.999930 0.000000 1.133654 0.000000 0.000000 1.000000 0.000000
0.999923 -0.012390 0.000000 126.096393 0.012390 0.999923 0.000000 1.154424 0.000000 0.000000 1.000000 0.000000
0.999930 -0.011833 0.000000 128.425534 0.011833 0.999930 0.000000 1.176403 0.000000 0.000000 1.000000 0.000000
0.999930 -0.011821 0.000000 130.530555 0.011821 0.999930 0.000000 1.197280 0.000000 0.000000 1.000000 0.000000
0.999936 -0.011309 0.000000 132.880495 0.011309 0.999936 0.000000 1.224597 0.000000 0.000000 1.000000 0.000000
0.999939 -0.011013 0.000000 135.143300 0.011013 0.999939 0.000000 1.248201 0.000000 0.000000 1.000000 0.000000
0.999947 -0.010304 0.000000 137.387298 0.010304 0.999947 0.000000 1.271121 0.000000 0.000000 1.000000 0.000000
0.999952 -0.009775 0.000000 139.621204 0.009775 0.999952 0.000000 1.291566 0.000000 0.000000 1.000000 0.000000
0.999964 -0.008484 0.000000 141.791158 0.008484 0.999964 0.000000 1.318586 0.000000 0.000000 1.000000 0.000000
0.999969 -0.007918 0.000000 143.904874 0.007918 0.999969 0.000000 1.334501 0.000000 0.000000 1.000000 0.000000
0.999972 -0.007509 0.000000 145.938694 0.007509 0.999972 0.000000 1.353512 0.000000 0.000000 1.000000 0.000000
0.999979 -0.006550 0.000000 147.729131 0.006550 0.999979 0.000000 1.368549 0.000000 0.000000 1.000000 0.000000
0.999982 -0.006043 0.000000 149.354934 0.006043 0.999982 0.000000 1.376708 0.000000 0.000000 1.000000 0.000000
0.999985 -0.005538 0.000000 151.269147 0.005538 0.999985 0.000000 1.385769 0.000000 0.000000 1.000000 0.000000
0.999987 -0.005188 0.000000 153.090731 0.005188 0.999987 0.000000 1.389467 0.000000 0.000000 1.000000 0.000000
0.999988 -0.004892 0.000000 154.842949 0.004892 0.999988 0.000000 1.392421 0.000000 0.000000 1.000000 0.000000
0.999986 -0.005224 0.000000 156.552179 0.005224 0.999986 0.000000 1.386226 0.000000 0.000000 1.000000 0.000000
0.999985 -0.005483 0.000000 158.206390 0.005483 0.999985 0.000000 1.388711 0.000000 0.000000 1.000000 0.000000
0.999985 -0.005426 0.000000 159.775021 0.005426 0.999985 0.000000 1.407817 0.000000 0.000000 1.000000 0.000000
0.999979 -0.006506 0.000000 162.779194 0.006506 0.999979 0.000000 1.414167 0.000000 0.000000 1.000000 0.000000
0.999957 -0.009279 0.000000 165.507900 0.009279 0.999957 0.000000 1.429461 0.000000 0.000000 1.000000 0.000000
0.999902 -0.014003 0.000000 167.993668 0.014003 0.999902 0.000000 1.441543 0.000000 0.000000 1.000000 0.000000
0.999847 -0.017477 0.000000 170.157711 0.017477 0.999847 0.000000 1.474003 0.000000 0.000000 1.000000 0.000000
0.999801 -0.019961 0.000000 172.073453 0.019961 0.999801 0.000000 1.510354 0.000000 0.000000 1.000000 0.000000
0.999762 -0.021817 0.000000 173.672409 0.021817 0.999762 0.000000 1.536333 0.000000 0.000000 1.000000 0.000000
0.999765 -0.021661 0.000000 175.584527 0.021661 0.999765 0.000000 1.572269 0.000000 0.000000 1.000000 0.000000
0.999741 -0.022752 0.000000 177.455523 0.022752 0.999741 0.000000 1.608912 0.000000 0.000000 1.000000 0.000000
0.999716 -0.023824 0.000000 178.812179 0.023824 0.999716 0.000000 1.639931 0.000000 0.000000 1.000000 0.000000
0.999744 -0.022633 0.000000 180.476553 0.022633 0.999744 0.000000 1.669306 0.000000 0.000000 1.000000 0.000000
0.999808 -0.019588 0.000000 182.082633 0.019588 0.999808 0.000000 1.701355 0.000000 0.000000 1.000000 0.000000
0.999853 -0.017166 0.000000 184.372856 0.017166 0.999853 0.000000 1.716440 0.000000 0.000000 1.000000 0.000000
0.999904 -0.013851 0.000000 186.393839 0.013851 0.999904 0.000000 1.746219 0.000000 0.000000 1.000000 0.000000
0.999937 -0.011195 0.000000 188.794817 0.011195 0.999937 0.000000 1.767310 0.000000 0.000000 1.000000 0.000000
0.999951 -0.009874 0.000000 191.566657 0.009874 0.999951 0.000000 1.786346 0.000000 0.000000 1.000000 0.000000
0.999952 -0.009759 0.000000 194.631465 0.009759 0.999952 0.000000 1.798177 0.000000 0.000000 1.000000 0.000000
0.999955 -0.009459 0.000000 196.272880 0.009459 0.999955 0.000000 1.806891 0.000000 0.000000 1.000000 0.000000
0.999956 -0.009377 0.000000 197.972929 0.009377 0.999956 0.000000 1.815782 0.000000 0.000000 1.000000 0.000000
0.999951 -0.009933 0.000000 199.725383 0.009933 0.999951 0.000000 1.822772 0.000000 0.000000 1.000000 0.000000
0.999939 -0.011058 0.000000 201.551751 0.011058 0.999939 0.000000 1.830993 0.000000 0.000000 1.000000 0.000000
0.999927 -0.012069 0.000000 203.402940 0.012069 0.999927 0.000000 1.843140 0.000000 0.000000 1.000000 0.000000
0.999910 -0.013393 0.000000 205.285613 0.013393 0.999910 0.000000 1.859233 0.000000 0.000000 1.000000 0.000000
0.999890 -0.014836 0.000000 207.198067 0.014836 0.999890 0.000000 1.889345 0.000000 0.000000 1.000000 0.000000
0.999852 -0.017185 0.000000 209.130999 0.017185 0.999852 0.000000 1.919070 0.000000 0.000000 1.000000 0.000000
0.999787 -0.020661 0.000000 211.101371 0.020661 0.999787 0.000000 1.960114 0.000000 0.000000 1.000000 0.000000
0.999708 -0.024162 0.000000 213.106744 0.024162 0.999708 0.000000 2.006924 0.000000 0.000000 1.000000 0.000000
0.999576 -0.029107 0.000000 215.124955 0.029107 0.999576 0.000000 2.060827 0.000000 0.000000 1.000000 0.000000
0.999391 -0.034904 0.000000 217.166879 0.034904 0.999391 0.000000 2.128741 0.000000 0.000000 1.000000 0.000000
0.999152 -0.041175 0.000000 219.207170 0.041175 0.999152 0.000000 2.208291 0.000000 0.000000 1.000000 0.000000
0.998826 -0.048448 0.000000 221.225465 0.048448 0.998826 0.000000 2.304400 0.000000 0.000000 1.000000 0.000000
0.998410 -0.056374 0.000000 223.267610 0.056374 0.998410 0.000000 2.414539 0.000000 0.000000 1.000000 0.000000
0.997796 -0.066362 0.000000 225.332317 0.066362 0.997796 0.000000 2.541368 0.000000 0.000000 1.000000 0.000000
0.997042 -0.076854 0.000000 227.332062 0.076854 0.997042 0.000000 2.691248 0.000000 0.000000 1.000000 0.000000
0.995998 -0.089376 0.000000 229.409189 0.089376 0.995998 0.000000 2.872098 0.000000 0.000000 1.000000 0.000000
0.994935 -0.100525 0.000000 231.493090 0.100525 0.994935 0.000000 3.075171 0.000000 0.000000 1.000000 0.000000
0.994115 -0.108331 0.000000 233.446162 0.108331 0.994115 0.000000 3.284628 0.000000 0.000000 1.000000 0.000000
0.993232 -0.116143 0.000000 235.260291 0.116143 0.993232 0.000000 3.495718 0.000000 0.000000 1.000000 0.000000
0.992392 -0.123116 0.000000 237.343319 0.123116 0.992392 0.000000 3.750256 0.000000 0.000000 1.000000 0.000000
0.991713 -0.128476 0.000000 239.443150 0.128476 0.991713 0.000000 4.018057 0.000000 0.000000 1.000000 0.000000
0.991392 -0.130926 0.000000 241.565973 0.130926 0.991392 0.000000 4.290441 0.000000 0.000000 1.000000 0.000000
0.991218 -0.132235 0.000000 243.684167 0.132235 0.991218 0.000000 4.572982 0.000000 0.000000 1.000000 0.000000
0.991226 -0.132181 0.000000 245.804509 0.132181 0.991226 0.000000 4.854236 0.000000 0.000000 1.000000 0.000000
0.991008 -0.133801 0.000000 247.950091 0.133801 0.991008 0.000000 5.132054 0.000000 0.000000 1.000000 0.000000
0.991009 -0.133792 0.000000 250.067825 0.133792 0.991009 0.000000 5.414072 0.000000 0.000000 1.000000 0.000000
0.991163 -0.132651 0.000000 252.192486 0.132651 0.991163 0.000000 5.695918 0.000000 0.000000 1.000000 0.000000
0.991236 -0.132103 0.000000 254.350550 0.132103 0.991236 0.000000 5.977332 0.000000 0.000000 1.000000 0.000000
0.991253 -0.131976 0.000000 256.533682 0.131976 0.991253 0.000000 6.261636 0.000000 0.000000 1.000000 0.000000
0.991405 -0.130828 0.000000 258.720671 0.130828 0.991405 0.000000 6.544158 0.000000 0.000000 1.000000 0.000000
0.991368 -0.131110 0.000000 260.924619 0.131110 0.991368 0.000000 6.823077 0.000000 0.000000 1.000000 0.000000
0.991461 -0.130402 0.000000 263.132535 0.130402 0.991461 0.000000 7.109831 0.000000 0.000000 1.000000 0.000000
0.991522 -0.129943 0.000000 265.367427 0.129943 0.991522 0.000000 7.399266 0.000000 0.000000 1.000000 0.000000
0.991493 -0.130158 0.000000 267.639985 0.130158 0.991493 0.000000 7.686134 0.000000 0.000000 1.000000 0.000000
0.991516 -0.129982 0.000000 269.840089 0.129982 0.991516 0.000000 7.966747 0.000000 0.000000 1.000000 0.000000
0.991518 -0.129970 0.000000 272.046308 0.129970 0.991518 0.000000 8.243624 0.000000 0.000000 1.000000 0.000000
0.991534 -0.129844 0.000000 274.315014 0.129844 0.991534 0.000000 8.538155 0.000000 0.000000 1.000000 0.000000
0.991631 -0.129102 0.000000 276.613262 0.129102 0.991631 0.000000 8.838763 0.000000 0.000000 1.000000 0.000000
0.991626 -0.129145 0.000000 278.920271 0.129145 0.991626 0.000000 9.130931 0.000000 0.000000 1.000000 0.000000
0.991693 -0.128625 0.000000 281.277880 0.128625 0.991693 0.000000 9.424715 0.000000 0.000000 1.000000 0.000000
0.991784 -0.127924 0.000000 283.613284 0.127924 0.991784 0.000000 9.719655 0.000000 0.000000 1.000000 0.000000
0.991822 -0.127625 0.000000 285.823413 0.127625 0.991822 0.000000 9.996683 0.000000 0.000000 1.000000 0.000000
0.991834 -0.127535 0.000000 288.038368 0.127535 0.991834 0.000000 10.274163 0.000000 0.000000 1.000000 0.000000
0.991172 -0.132579 0.000000 290.391524 0.132579 0.991172 0.000000 10.573379 0.000000 0.000000 1.000000 0.000000
0.990576 -0.136964 0.000000 292.820346 0.136964 0.990576 0.000000 10.909362 0.000000 0.000000 1.000000 0.000000
0.989881 -0.141899 0.000000 295.200031 0.141899 0.989881 0.000000 11.240874 0.000000 0.000000 1.000000 0.000000
0.989305 -0.145863 0.000000 297.416689 0.145863 0.989305 0.000000 11.552810 0.000000 0.000000 1.000000 0.000000
0.989239 -0.146311 0.000000 299.628550 0.146311 0.989239 0.000000 11.867335 0.000000 0.000000 1.000000 0.000000
0.989354 -0.145531 0.000000 301.959546 0.145531 0.989354 0.000000 12.199578 0.000000 0.000000 1.000000 0.000000
0.989769 -0.142678 0.000000 304.259278 0.142678 0.989769 0.000000 12.523523 0.000000 0.000000 1.000000 0.000000
0.989973 -0.141259 0.000000 306.339086 0.141259 0.989973 0.000000 12.810604 0.000000 0.000000 1.000000 0.000000
0.990119 -0.140226 0.000000 308.536317 0.140226 0.990119 0.000000 13.110422 0.000000 0.000000 1.000000 0.000000
0.990288 -0.139029 0.000000 310.669498 0.139029 0.990288 0.000000 13.399887 0.000000 0.000000 1.000000 0.000000
0.990451 -0.137864 0.000000 312.670950 0.137864 0.990451 0.000000 13.669484 0.000000 0.000000 1.000000 0.000000
0.990690 -0.136139 0.000000 314.762391 0.136139 0.990690 0.000000 13.951135 0.000000 0.000000 1.000000 0.000000
0.990943 -0.134286 0.000000 316.816281 0.134286 0.990943 0.000000 14.222683 0.000000 0.000000 1.000000 0.000000
0.991095 -0.133158 0.000000 318.785498 0.133158 0.991095 0.000000 14.479009 0.000000 0.000000 1.000000 0.000000
0.991315 -0.131511 0.000000 320.720839 0.131511 0.991315 0.000000 14.732166 0.000000 0.000000 1.000000 0.000000
0.991676 -0.128757 0.000000 322.644775 0.128757 0.991676 0.000000 14.977723 0.000000 0.000000 1.000000 0.000000
0.991924 -0.126831 0.000000 324.544138 0.126831 0.991924 0.000000 15.213373 0.000000 0.000000 1.000000 0.000000
0.992145 -0.125089 0.000000 326.380611 0.125089 0.992145 0.000000 15.436381 0.000000 0.000000 1.000000 0.000000
0.992378 -0.123231 0.000000 328.189496 0.123231 0.992378 0.000000 15.654847 0.000000 0.000000 1.000000 0.000000
0.992714 -0.120492 0.000000 329.944585 0.120492 0.992714 0.000000 15.857866 0.000000 0.000000 1.000000 0.000000
0.992972 -0.118349 0.000000 331.619186 0.118349 0.992972 0.000000 16.047049 0.000000 0.000000 1.000000 0.000000
0.993268 -0.115836 0.000000 333.245082 0.115836 0.993268 0.000000 16.228196 0.000000 0.000000 1.000000 0.000000
0.993713 -0.111961 0.000000 334.682336 0.111961 0.993713 0.000000 16.384384 0.000000 0.000000 1.000000 0.000000
0.994662 -0.103190 0.000000 337.663259 0.103190 0.994662 0.000000 16.684645 0.000000 0.000000 1.000000 0.000000
0.995398 -0.095825 0.000000 340.459718 0.095825 0.995398 0.000000 16.944018 0.000000 0.000000 1.000000 0.000000
0.995871 -0.090776 0.000000 342.982503 0.090776 0.995871 0.000000 17.164086 0.000000 0.000000 1.000000 0.000000
0.996282 -0.086150 0.000000 345.297319 0.086150 0.996282 0.000000 17.352280 0.000000 0.000000 1.000000 0.000000
0.996634 -0.081983 0.000000 347.388658 0.081983 0.996634 0.000000 17.514310 0.000000 0.000000 1.000000 0.000000
0.997205 -0.074708 0.000000 349.257612 0.074708 0.997205 0.000000 17.648149 0.000000 0.000000 1.000000 0.000000
0.998462 -0.055440 0.000000 350.885919 0.055440 0.998462 0.000000 17.731672 0.000000 0.000000 1.000000 0.000000
0.999619 -0.027592 0.000000 352.927427 0.027592 0.999619 0.000000 17.777186 0.000000 0.000000 1.000000 0.000000
0.999930 -0.011866 0.000000 354.556028 0.011866 0.999930 0.000000 17.779895 0.000000 0.000000 1.000000 0.000000
0.999983 -0.005888 0.000000 356.076030 0.005888 0.999983 0.000000 17.783176 0.000000 0.000000 1.000000 0.000000
0.999623 0.027457 0.000000 357.810754 -0.027457 0.999623 -0.000000 17.722349 -0.000000 0.000000 1.000000 0.000000
0.998752 0.049939 0.000000 359.366840 -0.049939 0.998752 -0.000000 17.632658 -0.000000 0.000000 1.000000 0.000000
0.998259 0.058989 0.000000 361.372829 -0.058989 0.998259 -0.000000 17.507786 -0.000000 0.000000 1.000000 0.000000
0.998068 0.062136 0.000000 362.908329 -0.062136 0.998068 -0.000000 17.397282 -0.000000 0.000000 1.000000 0.000000
0.997995 0.063301 0.000000 364.764148 -0.063301 0.997995 -0.000000 17.263031 -0.000000 0.000000 1.000000 0.000000
0.997969 0.063708 0.000000 367.039928 -0.063708 0.997969 -0.000000 17.110601 -0.000000 0.000000 1.000000 0.000000
0.998305 0.058201 0.000000 369.692078 -0.058201 0.998305 -0.000000 16.946749 -0.000000 0.000000 1.000000 0.000000
0.998543 0.053959 0.000000 372.548506 -0.053959 0.998543 -0.000000 16.782003 -0.000000 0.000000 1.000000 0.000000
0.998641 0.052116 0.000000 374.038104 -0.052116 0.998641 -0.000000 16.695754 -0.000000 0.000000 1.000000 0.000000
0.998649 0.051965 0.000000 375.589474 -0.051965 0.998649 -0.000000 16.611046 -0.000000 0.000000 1.000000 0.000000
0.998687 0.051231 0.000000 377.188510 -0.051231 0.998687 -0.000000 16.518397 -0.000000 0.000000 1.000000 0.000000
0.998674 0.051483 0.000000 378.853606 -0.051483 0.998674 -0.000000 16.431264 -0.000000 0.000000 1.000000 0.000000
0.998726 0.050459 0.000000 380.562646 -0.050459 0.998726 -0.000000 16.333665 -0.000000 0.000000 1.000000 0.000000
0.998776 0.049467 0.000000 382.316802 -0.049467 0.998776 -0.000000 16.240369 -0.000000 0.000000 1.000000 0.000000
0.998802 0.048932 0.000000 384.090127 -0.048932 0.998802 -0.000000 16.151881 -0.000000 0.000000 1.000000 0.000000
0.998894 0.047022 0.000000 385.888024 -0.047022 0.998894 -0.000000 16.062543 -0.000000 0.000000 1.000000 0.000000
0.998939 0.046046 0.000000 387.724996 -0.046046 0.998939 -0.000000 15.973468 -0.000000 0.000000 1.000000 0.000000
0.999036 0.043890 0.000000 389.574665 -0.043890 0.999036 -0.000000 15.885078 -0.000000 0.000000 1.000000 0.000000
0.999156 0.041074 0.000000 391.437101 -0.041074 0.999156 -0.000000 15.799520 -0.000000 0.000000 1.000000 0.000000
0.999266 0.038299 0.000000 393.305360 -0.038299 0.999266 -0.000000 15.721360 -0.000000 0.000000 1.000000 0.000000
0.999371 0.035454 0.000000 395.171153 -0.035454 0.999371 -0.000000 15.648788 -0.000000 0.000000 1.000000 0.000000
0.999474 0.032420 0.000000 397.029406 -0.032420 0.999474 -0.000000 15.579927 -0.000000 0.000000 1.000000 0.000000
0.999549 0.030030 0.000000 398.845509 -0.030030 0.999549 -0.000000 15.520701 -0.000000 0.000000 1.000000 0.000000
0.999630 0.027195 0.000000 400.641296 -0.027195 0.999630 -0.000000 15.465099 -0.000000 0.000000 1.000000 0.000000
0.999706 0.024254 0.000000 402.423412 -0.024254 0.999706 -0.000000 15.410346 -0.000000 0.000000 1.000000 0.000000
0.999765 0.021699 0.000000 404.188559 -0.021699 0.999765 -0.000000 15.363635 -0.000000 0.000000 1.000000 0.000000
0.999815 0.019249 0.000000 405.953200 -0.019249 0.999815 -0.000000 15.317449 -0.000000 0.000000 1.000000 0.000000
0.999863 0.016573 0.000000 407.685678 -0.016573 0.999863 -0.000000 15.276443 -0.000000 0.000000 1.000000 0.000000
0.999899 0.014244 0.000000 409.361939 -0.014244 0.999899 -0.000000 15.239053 -0.000000 0.000000 1.000000 0.000000
0.999926 0.012170 0.000000 411.042321 -0.012170 0.999926 -0.000000 15.210523 -0.000000 0.000000 1.000000 0.000000
0.999956 0.009414 0.000000 412.763844 -0.009414 0.999956 -0.000000 15.179565 -0.000000 0.000000 1.000000 0.000000
0.999977 0.006852 0.000000 414.352751 -0.006852 0.999977 -0.000000 15.154274 -0.000000 0.000000 1.000000 0.000000
0.999990 0.004512 0.000000 415.985625 -0.004512 0.999990 -0.000000 15.134013 -0.000000 0.000000 1.000000 0.000000
0.999999 0.001695 0.000000 417.680739 -0.001695 0.999999 -0.000000 15.117379 -0.000000 0.000000 1.000000 0.000000
0.999999 -0.001488 0.000000 419.403823 0.001488 0.999999 0.000000 15.102392 0.000000 0.000000 1.000000 0.000000
0.999993 -0.003721 0.000000 421.113103 0.003721 0.999993 0.000000 15.094786 0.000000 0.000000 1.000000 0.000000
0.999987 -0.005051 0.000000 422.765033 0.005051 0.999987 0.000000 15.090251 0.000000 0.000000 1.000000 0.000000
0.999976 -0.006933 0.000000 424.379076 0.006933 0.999976 0.000000 15.089831 0.000000 0.000000 1.000000 0.000000
0.999963 -0.008602 0.000000 426.006187 0.008602 0.999963 0.000000 15.089056 0.000000 0.000000 1.000000 0.000000
0.999960 -0.008980 0.000000 427.624449 0.008980 0.999960 0.000000 15.098055 0.000000 0.000000 1.000000 0.000000
0.999932 -0.011621 0.000000 430.717659 0.011621 0.999932 0.000000 15.102910 0.000000 0.000000 1.000000 0.000000
0.999917 -0.012885 0.000000 432.211663 0.012885 0.999917 0.000000 15.107277 0.000000 0.000000 1.000000 0.000000
0.999895 -0.014478 0.000000 433.724227 0.014478 0.999895 0.000000 15.116954 0.000000 0.000000 1.000000 0.000000
0.999867 -0.016319 0.000000 435.288222 0.016319 0.999867 0.000000 15.131870 0.000000 0.000000 1.000000 0.000000
0.999845 -0.017586 0.000000 436.885344 0.017586 0.999845 0.000000 15.156362 0.000000 0.000000 1.000000 0.000000
0.999835 -0.018159 0.000000 438.303302 0.018159 0.999835 0.000000 15.173578 0.000000 0.000000 1.000000 0.000000
0.999818 -0.019059 0.000000 439.960389 0.019059 0.999818 0.000000 15.189507 0.000000 0.000000 1.000000 0.000000
0.999757 -0.022058 0.000000 441.567524 0.022058 0.999757 0.000000 15.208431 0.000000 0.000000 1.000000 0.000000
0.999669 -0.025709 0.000000 443.168695 0.025709 0.999669 0.000000 15.233736 0.000000 0.000000 1.000000 0.000000
0.999583 -0.028886 0.000000 444.807450 0.028886 0.999583 0.000000 15.272360 0.000000 0.000000 1.000000 0.000000
0.999480 -0.032232 0.000000 446.487534 0.032232 0.999480 0.000000 15.316836 0.000000 0.000000 1.000000 0.000000
0.999351 -0.036025 0.000000 448.119381 0.036025 0.999351 0.000000 15.356103 0.000000 0.000000 1.000000 0.000000
0.999181 -0.040462 0.000000 449.744393 0.040462 0.999181 0.000000 15.406402 0.000000 0.000000 1.000000 0.000000
0.998909 -0.046694 0.000000 452.871435 0.046694 0.998909 0.000000 15.528541 0.000000 0.000000 1.000000 0.000000
0.998657 -0.051808 0.000000 455.797194 0.051808 0.998657 0.000000 15.652730 0.000000 0.000000 1.000000 0.000000
0.998796 -0.049048 0.000000 458.607099 0.049048 0.998796 0.000000 15.775520 0.000000 0.000000 1.000000 0.000000
0.999294 -0.037577 0.000000 461.276640 0.037577 0.999294 0.000000 15.869535 0.000000 0.000000 1.000000 0.000000
0.999989 -0.004701 0.000000 463.794543 0.004701 0.999989 0.000000 15.874032 0.000000 0.000000 1.000000 0.000000
0.997923 0.064412 0.000000 466.120613 -0.064412 0.997923 -0.000000 15.733879 -0.000000 0.000000 1.000000 0.000000
0.987445 0.157962 0.000000 468.245008 -0.157962 0.987445 -0.000000 15.405641 -0.000000 0.000000 1.000000 0.000000
0.961162 0.275985 0.000000 470.140633 -0.275985 0.961162 -0.000000 14.872821 -0.000000 0.000000 1.000000 0.000000
0.905710 0.423899 0.000000 471.744362 -0.423899 0.905710 -0.000000 14.124041 -0.000000 0.000000 1.000000 0.000000
0.820495 0.571653 0.000000 473.015514 -0.571653 0.820495 -0.000000 13.221786 -0.000000 0.000000 1.000000 0.000000
0.712801 0.701366 0.000000 473.955351 -0.701366 0.712801 -0.000000 12.241641 -0.000000 0.000000 1.000000 0.000000
0.594779 0.803889 0.000000 474.636596 -0.803889 0.594779 -0.000000 11.237399 -0.000000 0.000000 1.000000 0.000000
0.475621 0.879650 0.000000 475.143746 -0.879650 0.475621 -0.000000 10.206193 -0.000000 0.000000 1.000000 0.000000
0.346111 0.938194 0.000000 475.476725 -0.938194 0.346111 -0.000000 9.152220 -0.000000 0.000000 1.000000 0.000000
0.187891 0.982190 0.000000 475.669168 -0.982190 0.187891 -0.000000 7.961639 -0.000000 0.000000 1.000000 0.000000
0.091262 0.995827 0.000000 475.687138 -0.995827 0.091262 -0.000000 7.269362 -0.000000 0.000000 1.000000 0.000000
-0.016308 0.999867 0.000000 475.622668 -0.999867 -0.016308 -0.000000 6.505687 -0.000000 0.000000 1.000000 0.000000
-0.134363 0.990932 0.000000 475.458899 -0.990932 -0.134363 -0.000000 5.676796 -0.000000 0.000000 1.000000 0.000000
-0.258259 0.966076 0.000000 475.168883 -0.966076 -0.258259 -0.000000 4.811119 -0.000000 0.000000 1.000000 0.000000
-0.382293 0.924041 0.000000 474.746040 -0.924041 -0.382293 -0.000000 3.900496 -0.000000 0.000000 1.000000 0.000000
-0.500276 0.865866 0.000000 474.158901 -0.865866 -0.500276 0.000000 2.981275 0.000000 0.000000 1.000000 0.000000
-0.609022 0.793153 0.000000 473.413613 -0.793153 -0.609022 0.000000 2.068154 0.000000 0.000000 1.000000 0.000000
-0.698531 0.715580 0.000000 472.509548 -0.715580 -0.698531 0.000000 1.176302 0.000000 0.000000 1.000000 0.000000
-0.771296 0.636477 0.000000 471.438161 -0.636477 -0.771296 0.000000 0.322171 0.000000 0.000000 1.000000 0.000000
-0.825563 0.564310 0.000000 470.214390 -0.564310 -0.825563 0.000000 -0.501444 0.000000 0.000000 1.000000 0.000000
-0.859416 0.511278 0.000000 468.837894 -0.511278 -0.859416 0.000000 -1.311741 0.000000 0.000000 1.000000 0.000000
-0.879617 0.475682 0.000000 467.315483 -0.475682 -0.879617 0.000000 -2.133987 0.000000 0.000000 1.000000 0.000000
-0.891103 0.453801 0.000000 465.684182 -0.453801 -0.891103 0.000000 -2.962428 0.000000 0.000000 1.000000 0.000000
-0.897929 0.440140 0.000000 463.959955 -0.440140 -0.897929 0.000000 -3.799654 0.000000 0.000000 1.000000 0.000000
-0.900677 0.434490 0.000000 462.122151 -0.434490 -0.900677 0.000000 -4.674083 0.000000 0.000000 1.000000 0.000000
-0.903158 0.429308 0.000000 460.169756 -0.429308 -0.903158 0.000000 -5.597284 0.000000 0.000000 1.000000 0.000000
-0.905462 0.424428 0.000000 458.129947 -0.424428 -0.905462 0.000000 -6.542606 0.000000 0.000000 1.000000 0.000000
-0.907058 0.421007 0.000000 456.012017 -0.421007 -0.907058 0.000000 -7.506200 0.000000 0.000000 1.000000 0.000000
-0.908258 0.418412 0.000000 453.726780 -0.418412 -0.908258 0.000000 -8.545130 0.000000 0.000000 1.000000 0.000000
-0.908969 0.416863 0.000000 451.369088 -0.416863 -0.908969 0.000000 -9.613751 0.000000 0.000000 1.000000 0.000000
-0.910054 0.414490 0.000000 448.948325 -0.414490 -0.910054 0.000000 -10.708607 0.000000 0.000000 1.000000 0.000000
-0.911470 0.411365 0.000000 446.489211 -0.411365 -0.911470 0.000000 -11.805000 0.000000 0.000000 1.000000 0.000000
-0.912604 0.408844 0.000000 444.032732 -0.408844 -0.912604 0.000000 -12.892713 0.000000 0.000000 1.000000 0.000000
-0.912575 0.408908 0.000000 441.558032 -0.408908 -0.912575 0.000000 -13.983432 0.000000 0.000000 1.000000 0.000000
-0.912164 0.409824 0.000000 439.194009 -0.409824 -0.912164 0.000000 -15.030682 0.000000 0.000000 1.000000 0.000000
-0.911683 0.410895 0.000000 436.854372 -0.410895 -0.911683 0.000000 -16.067807 0.000000 0.000000 1.000000 0.000000
-0.911775 0.410690 0.000000 434.429447 -0.410690 -0.911775 0.000000 -17.146431 0.000000 0.000000 1.000000 0.000000
-0.911851 0.410520 0.000000 432.043397 -0.410520 -0.911851 0.000000 -18.221572 0.000000 0.000000 1.000000 0.000000
-0.911861 0.410498 0.000000 429.700445 -0.410498 -0.911861 0.000000 -19.260541 0.000000 0.000000 1.000000 0.000000
-0.911790 0.410657 0.000000 427.365811 -0.410657 -0.911790 0.000000 -20.296578 0.000000 0.000000 1.000000 0.000000
-0.911902 0.410407 0.000000 425.060673 -0.410407 -0.911902 0.000000 -21.322845 0.000000 0.000000 1.000000 0.000000
-0.912111 0.409943 0.000000 422.796099 -0.409943 -0.912111 0.000000 -22.328803 0.000000 0.000000 1.000000 0.000000
-0.913465 0.406918 0.000000 420.555784 -0.406918 -0.913465 0.000000 -23.330392 0.000000 0.000000 1.000000 0.000000
-0.914961 0.403542 0.000000 418.347886 -0.403542 -0.914961 0.000000 -24.306316 0.000000 0.000000 1.000000 0.000000
-0.916251 0.400605 0.000000 416.216264 -0.400605 -0.916251 0.000000 -25.234840 0.000000 0.000000 1.000000 0.000000
-0.917263 0.398282 0.000000 414.146160 -0.398282 -0.917263 0.000000 -26.126990 0.000000 0.000000 1.000000 0.000000
-0.918727 0.394894 0.000000 412.112706 -0.394894 -0.918727 0.000000 -26.998055 0.000000 0.000000 1.000000 0.000000
-0.919791 0.392408 0.000000 410.187647 -0.392408 -0.919791 0.000000 -27.811024 0.000000 0.000000 1.000000 0.000000
-0.921168 0.389165 0.000000 408.266735 -0.389165 -0.921168 0.000000 -28.620847 0.000000 0.000000 1.000000 0.000000
-0.922328 0.386409 0.000000 406.459527 -0.386409 -0.922328 0.000000 -29.373203 0.000000 0.000000 1.000000 0.000000
-0.923352 0.383954 0.000000 404.682382 -0.383954 -0.923352 0.000000 -30.109215 0.000000 0.000000 1.000000 0.000000
-0.924361 0.381520 0.000000 402.922409 -0.381520 -0.924361 0.000000 -30.835727 0.000000 0.000000 1.000000 0.000000
-0.925190 0.379505 0.000000 401.276758 -0.379505 -0.925190 0.000000 -31.506619 0.000000 0.000000 1.000000 0.000000
-0.925681 0.378305 0.000000 399.684920 -0.378305 -0.925681 0.000000 -32.151422 0.000000 0.000000 1.000000 0.000000
-0.926055 0.377389 0.000000 398.213149 -0.377389 -0.926055 0.000000 -32.748637 0.000000 0.000000 1.000000 0.000000
-0.926953 0.375178 0.000000 395.535958 -0.375178 -0.926953 0.000000 -33.832758 0.000000 0.000000 1.000000 0.000000
-0.926832 0.375475 0.000000 393.198825 -0.375475 -0.926832 0.000000 -34.773090 0.000000 0.000000 1.000000 0.000000
-0.926350 0.376663 0.000000 391.163442 -0.376663 -0.926350 0.000000 -35.594657 0.000000 0.000000 1.000000 0.000000
-0.926797 0.375562 0.000000 389.405078 -0.375562 -0.926797 0.000000 -36.306767 0.000000 0.000000 1.000000 0.000000
-0.927140 0.374716 0.000000 387.365774 -0.374716 -0.927140 0.000000 -37.128860 0.000000 0.000000 1.000000 0.000000
-0.927697 0.373333 0.000000 385.827495 -0.373333 -0.927697 0.000000 -37.747809 0.000000 0.000000 1.000000 0.000000
-0.927814 0.373044 0.000000 384.351318 -0.373044 -0.927814 0.000000 -38.340859 0.000000 0.000000 1.000000 0.000000
-0.927863 0.372921 0.000000 382.978744 -0.372921 -0.927863 0.000000 -38.886786 0.000000 0.000000 1.000000 0.000000
-0.927986 0.372615 0.000000 381.357872 -0.372615 -0.927986 0.000000 -39.534404 0.000000 0.000000 1.000000 0.000000
-0.927832 0.372998 0.000000 379.717838 -0.372998 -0.927832 0.000000 -40.177768 0.000000 0.000000 1.000000 0.000000
-0.927541 0.373720 0.000000 378.192572 -0.373720 -0.927541 0.000000 -40.784055 0.000000 0.000000 1.000000 0.000000
-0.928000 0.372579 0.000000 376.226988 -0.372579 -0.928000 0.000000 -41.561719 0.000000 0.000000 1.000000 0.000000
-0.930258 0.366906 0.000000 373.687945 -0.366906 -0.930258 0.000000 -42.558952 0.000000 0.000000 1.000000 0.000000
-0.931834 0.362884 0.000000 372.260828 -0.362884 -0.931834 0.000000 -43.104186 0.000000 0.000000 1.000000 0.000000
-0.934413 0.356192 0.000000 370.754655 -0.356192 -0.934413 0.000000 -43.669304 0.000000 0.000000 1.000000 0.000000
-0.938211 0.346063 0.000000 369.129851 -0.346063 -0.938211 0.000000 -44.263054 0.000000 0.000000 1.000000 0.000000
-0.942326 0.334696 0.000000 367.418564 -0.334696 -0.942326 0.000000 -44.868432 0.000000 0.000000 1.000000 0.000000
-0.946625 0.322337 0.000000 365.579670 -0.322337 -0.946625 0.000000 -45.493829 0.000000 0.000000 1.000000 0.000000
-0.950505 0.310708 0.000000 363.631711 -0.310708 -0.950505 0.000000 -46.128538 0.000000 0.000000 1.000000 0.000000
-0.954029 0.299715 0.000000 361.598475 -0.299715 -0.954029 0.000000 -46.761433 0.000000 0.000000 1.000000 0.000000
-0.957158 0.289567 0.000000 359.474323 -0.289567 -0.957158 0.000000 -47.400833 0.000000 0.000000 1.000000 0.000000
-0.959355 0.282203 0.000000 357.259424 -0.282203 -0.959355 0.000000 -48.043005 0.000000 0.000000 1.000000 0.000000
-0.960376 0.278708 0.000000 354.993310 -0.278708 -0.960376 0.000000 -48.691802 0.000000 0.000000 1.000000 0.000000
-0.961549 0.274634 0.000000 352.683592 -0.274634 -0.961549 0.000000 -49.341451 0.000000 0.000000 1.000000 0.000000
-0.962836 0.270088 0.000000 350.314171 -0.270088 -0.962836 0.000000 -49.996501 0.000000 0.000000 1.000000 0.000000
-0.963855 0.266428 0.000000 347.882182 -0.266428 -0.963855 0.000000 -50.657160 0.000000 0.000000 1.000000 0.000000
-0.964659 0.263502 0.000000 345.429609 -0.263502 -0.964659 0.000000 -51.308373 0.000000 0.000000 1.000000 0.000000
-0.964530 0.263974 0.000000 342.870619 -0.263974 -0.964530 0.000000 -51.998428 0.000000 0.000000 1.000000 0.000000
-0.963955 0.266067 0.000000 340.250240 -0.266067 -0.963955 0.000000 -52.714070 0.000000 0.000000 1.000000 0.000000
-0.963124 0.269059 0.000000 337.654407 -0.269059 -0.963124 0.000000 -53.436915 0.000000 0.000000 1.000000 0.000000
-0.961996 0.273063 0.000000 334.932274 -0.273063 -0.961996 0.000000 -54.200534 0.000000 0.000000 1.000000 0.000000
-0.960414 0.278577 0.000000 332.292809 -0.278577 -0.960414 0.000000 -54.954582 0.000000 0.000000 1.000000 0.000000
-0.958937 0.283619 0.000000 329.622011 -0.283619 -0.958937 0.000000 -55.732185 0.000000 0.000000 1.000000 0.000000
-0.957236 0.289308 0.000000 326.932816 -0.289308 -0.957236 0.000000 -56.528804 0.000000 0.000000 1.000000 0.000000
-0.955889 0.293729 0.000000 324.236559 -0.293729 -0.955889 0.000000 -57.347312 0.000000 0.000000 1.000000 0.000000
-0.954907 0.296905 0.000000 321.524551 -0.296905 -0.954907 0.000000 -58.182534 0.000000 0.000000 1.000000 0.000000
-0.953702 0.300754 0.000000 318.836496 -0.300754 -0.953702 0.000000 -59.017534 0.000000 0.000000 1.000000 0.000000
-0.952545 0.304398 0.000000 315.981734 -0.304398 -0.952545 0.000000 -59.916852 0.000000 0.000000 1.000000 0.000000
-0.951567 0.307441 0.000000 313.161919 -0.307441 -0.951567 0.000000 -60.821026 0.000000 0.000000 1.000000 0.000000
-0.950449 0.310880 0.000000 310.436023 -0.310880 -0.950449 0.000000 -61.692032 0.000000 0.000000 1.000000 0.000000
-0.949701 0.313158 0.000000 307.772101 -0.313158 -0.949701 0.000000 -62.552651 0.000000 0.000000 1.000000 0.000000
-0.949058 0.315101 0.000000 305.111843 -0.315101 -0.949058 0.000000 -63.427476 0.000000 0.000000 1.000000 0.000000
-0.948383 0.317127 0.000000 302.444057 -0.317127 -0.948383 0.000000 -64.314092 0.000000 0.000000 1.000000 0.000000
-0.948110 0.317944 0.000000 299.751296 -0.317944 -0.948110 0.000000 -65.211009 0.000000 0.000000 1.000000 0.000000
-0.948090 0.318001 0.000000 297.099114 -0.318001 -0.948090 0.000000 -66.096203 0.000000 0.000000 1.000000 0.000000
-0.948110 0.317944 0.000000 294.478188 -0.317944 -0.948110 0.000000 -66.966258 0.000000 0.000000 1.000000 0.000000
-0.948301 0.317374 0.000000 291.944584 -0.317374 -0.948301 0.000000 -67.805964 0.000000 0.000000 1.000000 0.000000
-0.948915 0.315532 0.000000 289.436475 -0.315532 -0.948915 0.000000 -68.634621 0.000000 0.000000 1.000000 0.000000
-0.948599 0.316481 0.000000 286.911887 -0.316481 -0.948599 0.000000 -69.465906 0.000000 0.000000 1.000000 0.000000
-0.948615 0.316433 0.000000 284.408669 -0.316433 -0.948615 0.000000 -70.291117 0.000000 0.000000 1.000000 0.000000
-0.947002 0.321228 0.000000 281.953399 -0.321228 -0.947002 0.000000 -71.105397 0.000000 0.000000 1.000000 0.000000
-0.944541 0.328394 0.000000 279.512973 -0.328394 -0.944541 0.000000 -71.927059 0.000000 0.000000 1.000000 0.000000
-0.941736 0.336352 0.000000 277.080733 -0.336352 -0.941736 0.000000 -72.762633 0.000000 0.000000 1.000000 0.000000
-0.939201 0.343368 0.000000 274.665800 -0.343368 -0.939201 0.000000 -73.619121 0.000000 0.000000 1.000000 0.000000
-0.936687 0.350168 0.000000 272.295857 -0.350168 -0.936687 0.000000 -74.477627 0.000000 0.000000 1.000000 0.000000
-0.934574 0.355768 0.000000 269.944025 -0.355768 -0.934574 0.000000 -75.356385 0.000000 0.000000 1.000000 0.000000
-0.932107 0.362182 0.000000 267.646484 -0.362182 -0.932107 0.000000 -76.238369 0.000000 0.000000 1.000000 0.000000
-0.930500 0.366292 0.000000 265.308770 -0.366292 -0.930500 0.000000 -77.153073 0.000000 0.000000 1.000000 0.000000
-0.928898 0.370335 0.000000 262.988311 -0.370335 -0.928898 0.000000 -78.071599 0.000000 0.000000 1.000000 0.000000
-0.927497 0.373831 0.000000 260.659267 -0.373831 -0.927497 0.000000 -79.005017 0.000000 0.000000 1.000000 0.000000
-0.926353 0.376656 0.000000 258.327532 -0.376656 -0.926353 0.000000 -79.942633 0.000000 0.000000 1.000000 0.000000
-0.925465 0.378833 0.000000 255.998530 -0.378833 -0.925465 0.000000 -80.884166 0.000000 0.000000 1.000000 0.000000
-0.924835 0.380368 0.000000 253.675091 -0.380368 -0.924835 0.000000 -81.831954 0.000000 0.000000 1.000000 0.000000
-0.924329 0.381597 0.000000 251.351434 -0.381597 -0.924329 0.000000 -82.779020 0.000000 0.000000 1.000000 0.000000
-0.924333 0.381588 0.000000 249.048151 -0.381588 -0.924333 0.000000 -83.720130 0.000000 0.000000 1.000000 0.000000
-0.924568 0.381017 0.000000 246.807113 -0.381017 -0.924568 0.000000 -84.634262 0.000000 0.000000 1.000000 0.000000
-0.925925 0.377707 0.000000 244.375265 -0.377707 -0.925925 0.000000 -85.617313 0.000000 0.000000 1.000000 0.000000
-0.927187 0.374598 0.000000 242.008767 -0.374598 -0.927187 0.000000 -86.561708 0.000000 0.000000 1.000000 0.000000
-0.928177 0.372138 0.000000 239.710363 -0.372138 -0.928177 0.000000 -87.470623 0.000000 0.000000 1.000000 0.000000
-0.929274 0.369391 0.000000 237.385536 -0.369391 -0.929274 0.000000 -88.388832 0.000000 0.000000 1.000000 0.000000
