0.999941 0.010866 0.000000 -4.535121 -0.010866 0.999941 -0.000000 1.132922 -0.000000 0.000000 1.000000 0.000000
0.998747 -0.050042 0.000000 -2.908291 0.050042 0.998747 0.000000 1.238291 0.000000 0.000000 1.000000 0.000000
0.995753 -0.092065 0.000000 -1.273462 0.092065 0.995753 0.000000 1.365841 0.000000 0.000000 1.000000 0.000000
0.993936 -0.109958 0.000000 0.230305 0.109958 0.993936 0.000000 1.566564 0.000000 0.000000 1.000000 0.000000
0.993541 -0.113473 0.000000 2.004485 0.113473 0.993541 0.000000 1.764814 0.000000 0.000000 1.000000 0.000000
0.993596 -0.112992 0.000000 4.072908 0.112992 0.993596 0.000000 2.017323 0.000000 0.000000 1.000000 0.000000
0.993866 -0.110595 0.000000 6.356653 0.110595 0.993866 0.000000 2.256377 0.000000 0.000000 1.000000 0.000000
0.994745 -0.102387 0.000000 8.808086 0.102387 0.994745 0.000000 2.524395 0.000000 0.000000 1.000000 0.000000
0.995454 -0.095239 0.000000 11.310486 0.095239 0.995454 0.000000 2.692618 0.000000 0.000000 1.000000 0.000000
0.996306 -0.085879 0.000000 13.927895 0.085879 0.996306 0.000000 2.923959 0.000000 0.000000 1.000000 0.000000
0.997361 -0.072604 0.000000 16.622022 0.072604 0.997361 0.000000 3.139247 0.000000 0.000000 1.000000 0.000000
0.998352 -0.057390 0.000000 19.358873 0.057390 0.998352 0.000000 3.266015 0.000000 0.000000 1.000000 0.000000
0.998628 -0.052374 0.000000 22.075630 0.052374 0.998628 0.000000 3.351199 0.000000 0.000000 1.000000 0.000000
0.998845 -0.048050 0.000000 24.943253 0.048050 0.998845 0.000000 3.507328 0.000000 0.000000 1.000000 0.000000
0.998854 -0.047866 0.000000 26.449322 0.047866 0.998854 0.000000 3.541400 0.000000 0.000000 1.000000 0.000000
0.998919 -0.046486 0.000000 28.007239 0.046486 0.998919 0.000000 3.643242 0.000000 0.000000 1.000000 0.000000
0.998944 -0.045950 0.000000 29.651461 0.045950 0.998944 0.000000 3.706040 0.000000 0.000000 1.000000 0.000000
0.999005 -0.044601 0.000000 31.343730 0.044601 0.999005 0.000000 3.761801 0.000000 0.000000 1.000000 0.000000
0.999077 -0.042949 0.000000 32.998092 0.042949 0.999077 0.000000 3.855374 0.000000 0.000000 1.000000 0.000000
0.999119 -0.041963 0.000000 34.815777 0.041963 0.999119 0.000000 3.918460 0.000000 0.000000 1.000000 0.000000
0.999410 -0.034357 0.000000 36.697805 0.034357 0.999410 0.000000 3.974415 0.000000 0.000000 1.000000 0.000000
0.999515 -0.031137 0.000000 38.539451 0.031137 0.999515 0.000000 3.964039 0.000000 0.000000 1.000000 0.000000
0.999646 -0.026620 0.000000 40.416265 0.026620 0.999646 0.000000 4.049040 0.000000 0.000000 1.000000 0.000000
0.999736 -0.022970 0.000000 42.374591 0.022970 0.999736 0.000000 4.089841 0.000000 0.000000 1.000000 0.000000
0.999860 -0.016737 0.000000 44.295771 0.016737 0.999860 0.000000 4.121863 0.000000 0.000000 1.000000 0.000000
0.999940 -0.010980 0.000000 46.294949 0.010980 0.999940 0.000000 4.106018 0.000000 0.000000 1.000000 0.000000
0.999986 -0.005228 0.000000 48.283947 0.005228 0.999986 0.000000 4.062858 0.000000 0.000000 1.000000 0.000000
0.999994 0.003393 0.000000 50.341625 -0.003393 0.999994 -0.000000 4.086688 -0.000000 0.000000 1.000000 0.000000
0.999893 0.014621 0.000000 52.353565 -0.014621 0.999893 -0.000000 4.080476 -0.000000 0.000000 1.000000 0.000000
0.999672 0.025610 0.000000 54.334833 -0.025610 0.999672 -0.000000 3.996378 -0.000000 0.000000 1.000000 0.000000
0.999477 0.032347 0.000000 56.366604 -0.032347 0.999477 -0.000000 3.897247 -0.000000 0.000000 1.000000 0.000000
0.999502 0.031544 0.000000 58.352620 -0.031544 0.999502 -0.000000 3.809403 -0.000000 0.000000 1.000000 0.000000
0.999739 0.022842 0.000000 60.341055 -0.022842 0.999739 -0.000000 3.708919 -0.000000 0.000000 1.000000 0.000000
0.999963 0.008550 0.000000 62.319870 -0.008550 0.999963 -0.000000 3.748550 -0.000000 0.000000 1.000000 0.000000
0.999994 -0.003414 0.000000 64.331859 0.003414 0.999994 0.000000 3.749955 0.000000 0.000000 1.000000 0.000000
0.999903 -0.013958 0.000000 66.425031 0.013958 0.999903 0.000000 3.801281 0.000000 0.000000 1.000000 0.000000
0.999715 -0.023892 0.000000 68.493540 0.023892 0.999715 0.000000 3.843243 0.000000 0.000000 1.000000 0.000000
0.999445 -0.033316 0.000000 70.574174 0.033316 0.999445 0.000000 3.903030 0.000000 0.000000 1.000000 0.000000
0.998984 -0.045075 0.000000 72.702377 0.045075 0.998984 0.000000 3.976724 0.000000 0.000000 1.000000 0.000000
0.998489 -0.054950 0.000000 74.822660 0.054950 0.998489 0.000000 4.035632 0.000000 0.000000 1.000000 0.000000
0.998301 -0.058269 0.000000 76.927021 0.058269 0.998301 0.000000 4.181321 0.000000 0.000000 1.000000 0.000000
0.998245 -0.059221 0.000000 79.109298 0.059221 0.998245 0.000000 4.333656 0.000000 0.000000 1.000000 0.000000
0.998335 -0.057688 0.000000 81.343881 0.057688 0.998335 0.000000 4.432546 0.000000 0.000000 1.000000 0.000000
0.998310 -0.058119 0.000000 83.543783 0.058119 0.998310 0.000000 4.516368 0.000000 0.000000 1.000000 0.000000
0.998339 -0.057617 0.000000 85.721898 0.057617 0.998339 0.000000 4.623004 0.000000 0.000000 1.000000 0.000000
0.998372 -0.057042 0.000000 87.956856 0.057042 0.998372 0.000000 4.749051 0.000000 0.000000 1.000000 0.000000
0.998469 -0.055316 0.000000 90.250722 0.055316 0.998469 0.000000 4.858446 0.000000 0.000000 1.000000 0.000000
0.998651 -0.051927 0.000000 92.507019 0.051927 0.998651 0.000000 4.988898 0.000000 0.000000 1.000000 0.000000
0.998901 -0.046861 0.000000 94.735412 0.046861 0.998901 0.000000 5.040687 0.000000 0.000000 1.000000 0.000000
0.999060 -0.043349 0.000000 97.037732 0.043349 0.999060 0.000000 5.184909 0.000000 0.000000 1.000000 0.000000
0.999217 -0.039562 0.000000 99.388328 0.039562 0.999217 0.000000 5.244102 0.000000 0.000000 1.000000 0.000000
0.999354 -0.035947 0.000000 101.686889 0.035947 0.999354 0.000000 5.327822 0.000000 0.000000 1.000000 0.000000
0.999505 -0.031451 0.000000 104.089391 0.031451 0.999505 0.000000 5.402656 0.000000 0.000000 1.000000 0.000000
0.999595 -0.028462 0.000000 106.537951 0.028462 0.999595 0.000000 5.447715 0.000000 0.000000 1.000000 0.000000
0.999565 -0.029478 0.000000 108.970743 0.029478 0.999565 0.000000 5.510647 0.000000 0.000000 1.000000 0.000000
0.999587 -0.028724 0.000000 111.363056 0.028724 0.999587 0.000000 5.557726 0.000000 0.000000 1.000000 0.000000
0.999576 -0.029105 0.000000 113.766447 0.029105 0.999576 0.000000 5.614093 0.000000 0.000000 1.000000 0.000000
0.999520 -0.030982 0.000000 116.246010 0.030982 0.999520 0.000000 5.709717 0.000000 0.000000 1.000000 0.000000
0.999503 -0.031511 0.000000 118.698779 0.031511 0.999503 0.000000 5.744674 0.000000 0.000000 1.000000 0.000000
0.999506 -0.031421 0.000000 121.059721 0.031421 0.999506 0.000000 5.845973 0.000000 0.000000 1.000000 0.000000
0.999483 -0.032156 0.000000 123.633571 0.032156 0.999483 0.000000 5.888343 0.000000 0.000000 1.000000 0.000000
0.999518 -0.031060 0.000000 126.091457 0.031060 0.999518 0.000000 6.002462 0.000000 0.000000 1.000000 0.000000
0.999519 -0.031002 0.000000 128.599328 0.031002 0.999519 0.000000 6.107091 0.000000 0.000000 1.000000 0.000000
0.999472 -0.032477 0.000000 131.146213 0.032477 0.999472 0.000000 6.164125 0.000000 0.000000 1.000000 0.000000
0.999497 -0.031716 0.000000 133.668821 0.031716 0.999497 0.000000 6.265759 0.000000 0.000000 1.000000 0.000000
0.999474 -0.032424 0.000000 136.241358 0.032424 0.999474 0.000000 6.284452 0.000000 0.000000 1.000000 0.000000
0.999474 -0.032424 0.000000 138.716300 0.032424 0.999474 0.000000 6.362199 0.000000 0.000000 1.000000 0.000000
0.999404 -0.034518 0.000000 141.290352 0.034518 0.999404 0.000000 6.429997 0.000000 0.000000 1.000000 0.000000
0.999361 -0.035747 0.000000 143.871661 0.035747 0.999361 0.000000 6.545391 0.000000 0.000000 1.000000 0.000000
0.999355 -0.035902 0.000000 146.360271 0.035902 0.999355 0.000000 6.580870 0.000000 0.000000 1.000000 0.000000
0.999298 -0.037468 0.000000 148.838633 0.037468 0.999298 0.000000 6.690152 0.000000 0.000000 1.000000 0.000000
0.999273 -0.038116 0.000000 151.311192 0.038116 0.999273 0.000000 6.761604 0.000000 0.000000 1.000000 0.000000
0.999240 -0.038977 0.000000 153.725307 0.038977 0.999240 0.000000 6.854395 0.000000 0.000000 1.000000 0.000000
0.999198 -0.040043 0.000000 156.168640 0.040043 0.999198 0.000000 6.957093 0.000000 0.000000 1.000000 0.000000
0.999217 -0.039563 0.000000 158.557313 0.039563 0.999217 0.000000 7.040678 0.000000 0.000000 1.000000 0.000000
0.999173 -0.040669 0.000000 160.840258 0.040669 0.999173 0.000000 7.104066 0.000000 0.000000 1.000000 0.000000
0.999143 -0.041399 0.000000 163.138451 0.041399 0.999143 0.000000 7.204361 0.000000 0.000000 1.000000 0.000000
0.999100 -0.042421 0.000000 165.452384 0.042421 0.999100 0.000000 7.284635 0.000000 0.000000 1.000000 0.000000
0.999061 -0.043329 0.000000 167.738711 0.043329 0.999061 0.000000 7.390698 0.000000 0.000000 1.000000 0.000000
0.998987 -0.044996 0.000000 169.966140 0.044996 0.998987 0.000000 7.542948 0.000000 0.000000 1.000000 0.000000
0.998823 -0.048497 0.000000 172.134596 0.048497 0.998823 0.000000 7.630973 0.000000 0.000000 1.000000 0.000000
0.998778 -0.049412 0.000000 174.336737 0.049412 0.998778 0.000000 7.729225 0.000000 0.000000 1.000000 0.000000
0.998665 -0.051663 0.000000 176.463980 0.051663 0.998665 0.000000 7.817688 0.000000 0.000000 1.000000 0.000000
0.998551 -0.053808 0.000000 178.610371 0.053808 0.998551 0.000000 7.968621 0.000000 0.000000 1.000000 0.000000
0.998388 -0.056756 0.000000 180.758388 0.056756 0.998388 0.000000 8.125431 0.000000 0.000000 1.000000 0.000000
0.998292 -0.058425 0.000000 182.866959 0.058425 0.998292 0.000000 8.246563 0.000000 0.000000 1.000000 0.000000
0.998162 -0.060599 0.000000 184.842009 0.060599 0.998162 0.000000 8.336590 0.000000 0.000000 1.000000 0.000000
0.997924 -0.064402 0.000000 186.862817 0.064402 0.997924 0.000000 8.461517 0.000000 0.000000 1.000000 0.000000
0.997577 -0.069573 0.000000 188.851549 0.069573 0.997577 0.000000 8.551811 0.000000 0.000000 1.000000 0.000000
0.997051 -0.076740 0.000000 190.755830 0.076740 0.997051 0.000000 8.716287 0.000000 0.000000 1.000000 0.000000
0.996268 -0.086308 0.000000 192.608962 0.086308 0.996268 0.000000 8.854937 0.000000 0.000000 1.000000 0.000000
0.995361 -0.096216 0.000000 194.465306 0.096216 0.995361 0.000000 9.016492 0.000000 0.000000 1.000000 0.000000
0.994247 -0.107114 0.000000 196.249872 0.107114 0.994247 0.000000 9.188495 0.000000 0.000000 1.000000 0.000000
0.993388 -0.114802 0.000000 198.044174 0.114802 0.993388 0.000000 9.381974 0.000000 0.000000 1.000000 0.000000
0.992607 -0.121369 0.000000 199.783290 0.121369 0.992607 0.000000 9.638515 0.000000 0.000000 1.000000 0.000000
0.992216 -0.124530 0.000000 201.477648 0.124530 0.992216 0.000000 9.793058 0.000000 0.000000 1.000000 0.000000
0.991887 -0.127126 0.000000 203.141249 0.127126 0.991887 0.000000 10.042559 0.000000 0.000000 1.000000 0.000000
0.991394 -0.130915 0.000000 204.847495 0.130915 0.991394 0.000000 10.303834 0.000000 0.000000 1.000000 0.000000
0.991334 -0.131367 0.000000 206.482425 0.131367 0.991334 0.000000 10.512843 0.000000 0.000000 1.000000 0.000000
0.990983 -0.133988 0.000000 208.101567 0.133988 0.990983 0.000000 10.713647 0.000000 0.000000 1.000000 0.000000
0.990584 -0.136904 0.000000 209.750488 0.136904 0.990584 0.000000 10.998900 0.000000 0.000000 1.000000 0.000000
0.990087 -0.140456 0.000000 211.384749 0.140456 0.990087 0.000000 11.235257 0.000000 0.000000 1.000000 0.000000
0.989712 -0.143074 0.000000 213.059666 0.143074 0.989712 0.000000 11.476697 0.000000 0.000000 1.000000 0.000000
0.989244 -0.146274 0.000000 214.622368 0.146274 0.989244 0.000000 11.663393 0.000000 0.000000 1.000000 0.000000
0.988387 -0.151958 0.000000 216.197302 0.151958 0.988387 0.000000 11.886918 0.000000 0.000000 1.000000 0.000000
0.987752 -0.156030 0.000000 217.724357 0.156030 0.987752 0.000000 12.142918 0.000000 0.000000 1.000000 0.000000
0.987768 -0.155931 0.000000 219.192042 0.155931 0.987768 0.000000 12.462910 0.000000 0.000000 1.000000 0.000000
0.988182 -0.153283 0.000000 222.068641 0.153283 0.988182 0.000000 12.838768 0.000000 0.000000 1.000000 0.000000
0.988514 -0.151129 0.000000 224.739249 0.151129 0.988514 0.000000 13.318960 0.000000 0.000000 1.000000 0.000000
0.988277 -0.152672 0.000000 227.368655 0.152672 0.988277 0.000000 13.693871 0.000000 0.000000 1.000000 0.000000
0.988200 -0.153170 0.000000 229.836809 0.153170 0.988200 0.000000 14.055208 0.000000 0.000000 1.000000 0.000000
0.987532 -0.157415 0.000000 232.285672 0.157415 0.987532 0.000000 14.392861 0.000000 0.000000 1.000000 0.000000
0.986489 -0.163828 0.000000 234.614394 0.163828 0.986489 0.000000 14.894112 0.000000 0.000000 1.000000 0.000000
0.987422 -0.158108 0.000000 236.863632 0.158108 0.987422 0.000000 15.144240 0.000000 0.000000 1.000000 0.000000
0.988631 -0.150359 0.000000 239.201310 0.150359 0.988631 0.000000 15.552909 0.000000 0.000000 1.000000 0.000000
0.989807 -0.142417 0.000000 241.829468 0.142417 0.989807 0.000000 15.921934 0.000000 0.000000 1.000000 0.000000
0.990418 -0.138102 0.000000 244.558514 0.138102 0.990418 0.000000 16.276092 0.000000 0.000000 1.000000 0.000000
0.989783 -0.142580 0.000000 247.531442 0.142580 0.989783 0.000000 16.675309 0.000000 0.000000 1.000000 0.000000
0.989258 -0.146178 0.000000 249.076455 0.146178 0.989258 0.000000 16.900031 0.000000 0.000000 1.000000 0.000000
0.988378 -0.152016 0.000000 250.638574 0.152016 0.988378 0.000000 17.090793 0.000000 0.000000 1.000000 0.000000
0.988095 -0.153848 0.000000 252.245261 0.153848 0.988095 0.000000 17.387290 0.000000 0.000000 1.000000 0.000000
0.987870 -0.155286 0.000000 253.956681 0.155286 0.987870 0.000000 17.631075 0.000000 0.000000 1.000000 0.000000
0.987896 -0.155120 0.000000 255.625483 0.155120 0.987896 0.000000 17.868415 0.000000 0.000000 1.000000 0.000000
0.987995 -0.154483 0.000000 257.371659 0.154483 0.987995 0.000000 18.161130 0.000000 0.000000 1.000000 0.000000
0.988217 -0.153061 0.000000 259.132769 0.153061 0.988217 0.000000 18.386391 0.000000 0.000000 1.000000 0.000000
0.988597 -0.150588 0.000000 260.859878 0.150588 0.988597 0.000000 18.712067 0.000000 0.000000 1.000000 0.000000
0.988866 -0.148805 0.000000 262.654341 0.148805 0.988866 0.000000 18.907901 0.000000 0.000000 1.000000 0.000000
0.989454 -0.144846 0.000000 264.474823 0.144846 0.989454 0.000000 19.188899 0.000000 0.000000 1.000000 0.000000
0.989798 -0.142478 0.000000 266.369560 0.142478 0.989798 0.000000 19.439805 0.000000 0.000000 1.000000 0.000000
0.990006 -0.141023 0.000000 268.223444 0.141023 0.990006 0.000000 19.750076 0.000000 0.000000 1.000000 0.000000
0.990326 -0.138761 0.000000 270.078806 0.138761 0.990326 0.000000 19.964081 0.000000 0.000000 1.000000 0.000000
0.991310 -0.131544 0.000000 271.985891 0.131544 0.991310 0.000000 20.237291 0.000000 0.000000 1.000000 0.000000
0.992190 -0.124734 0.000000 273.854189 0.124734 0.992190 0.000000 20.437075 0.000000 0.000000 1.000000 0.000000
0.992740 -0.120279 0.000000 275.871300 0.120279 0.992740 0.000000 20.696162 0.000000 0.000000 1.000000 0.000000
0.993427 -0.114465 0.000000 277.770796 0.114465 0.993427 0.000000 20.896777 0.000000 0.000000 1.000000 0.000000
0.993951 -0.109823 0.000000 279.667093 0.109823 0.993951 0.000000 21.092927 0.000000 0.000000 1.000000 0.000000
0.994710 -0.102718 0.000000 281.671252 0.102718 0.994710 0.000000 21.304706 0.000000 0.000000 1.000000 0.000000
0.995120 -0.098668 0.000000 283.580271 0.098668 0.995120 0.000000 21.489065 0.000000 0.000000 1.000000 0.000000
0.995674 -0.092916 0.000000 285.556204 0.092916 0.995674 0.000000 21.649099 0.000000 0.000000 1.000000 0.000000
0.996021 -0.089114 0.000000 287.575427 0.089114 0.996021 0.000000 21.802948 0.000000 0.000000 1.000000 0.000000
0.996092 -0.088321 0.000000 289.542405 0.088321 0.996092 0.000000 21.991124 0.000000 0.000000 1.000000 0.000000
0.996186 -0.087251 0.000000 291.549611 0.087251 0.996186 0.000000 22.144642 0.000000 0.000000 1.000000 0.000000
0.996414 -0.084616 0.000000 293.556598 0.084616 0.996414 0.000000 22.262051 0.000000 0.000000 1.000000 0.000000
0.996484 -0.083783 0.000000 295.531747 0.083783 0.996484 0.000000 22.419394 0.000000 0.000000 1.000000 0.000000
0.996620 -0.082153 0.000000 297.463318 0.082153 0.996620 0.000000 22.585501 0.000000 0.000000 1.000000 0.000000
0.996715 -0.080987 0.000000 299.423986 0.080987 0.996715 0.000000 22.723977 0.000000 0.000000 1.000000 0.000000
0.996821 -0.079675 0.000000 301.354549 0.079675 0.996821 0.000000 22.866648 0.000000 0.000000 1.000000 0.000000
0.997049 -0.076771 0.000000 303.250062 0.076771 0.997049 0.000000 23.017508 0.000000 0.000000 1.000000 0.000000
0.997090 -0.076235 0.000000 305.026463 0.076235 0.997090 0.000000 23.119575 0.000000 0.000000 1.000000 0.000000
0.997270 -0.073844 0.000000 306.855977 0.073844 0.997270 0.000000 23.269631 0.000000 0.000000 1.000000 0.000000
0.997380 -0.072344 0.000000 308.614045 0.072344 0.997380 0.000000 23.367067 0.000000 0.000000 1.000000 0.000000
0.997518 -0.070417 0.000000 310.359250 0.070417 0.997518 0.000000 23.519795 0.000000 0.000000 1.000000 0.000000
0.997504 -0.070606 0.000000 312.080209 0.070606 0.997504 0.000000 23.619476 0.000000 0.000000 1.000000 0.000000
0.997455 -0.071298 0.000000 313.866591 0.071298 0.997455 0.000000 23.740885 0.000000 0.000000 1.000000 0.000000
0.997546 -0.070020 0.000000 315.649640 0.070020 0.997546 0.000000 23.845590 0.000000 0.000000 1.000000 0.000000
0.997682 -0.068053 0.000000 317.468944 0.068053 0.997682 0.000000 23.961359 0.000000 0.000000 1.000000 0.000000
0.997903 -0.064731 0.000000 319.273728 0.064731 0.997903 0.000000 24.073087 0.000000 0.000000 1.000000 0.000000
0.998180 -0.060304 0.000000 321.087294 0.060304 0.998180 0.000000 24.180310 0.000000 0.000000 1.000000 0.000000
0.998479 -0.055137 0.000000 322.974559 0.055137 0.998479 0.000000 24.293698 0.000000 0.000000 1.000000 0.000000
0.998868 -0.047578 0.000000 324.835960 0.047578 0.998868 0.000000 24.384034 0.000000 0.000000 1.000000 0.000000
0.999162 -0.040926 0.000000 326.734236 0.040926 0.999162 0.000000 24.352755 0.000000 0.000000 1.000000 0.000000
0.999344 -0.036222 0.000000 328.678098 0.036222 0.999344 0.000000 24.455407 0.000000 0.000000 1.000000 0.000000
0.999529 -0.030693 0.000000 330.609173 0.030693 0.999529 0.000000 24.513626 0.000000 0.000000 1.000000 0.000000
0.999728 -0.023338 0.000000 332.562911 0.023338 0.999728 0.000000 24.532856 0.000000 0.000000 1.000000 0.000000
0.999826 -0.018641 0.000000 334.596834 0.018641 0.999826 0.000000 24.569919 0.000000 0.000000 1.000000 0.000000
0.999887 -0.015040 0.000000 336.642147 0.015040 0.999887 0.000000 24.596757 0.000000 0.000000 1.000000 0.000000
0.999933 -0.011534 0.000000 338.700447 0.011534 0.999933 0.000000 24.621795 0.000000 0.000000 1.000000 0.000000
0.999962 -0.008721 0.000000 340.786851 0.008721 0.999962 0.000000 24.646151 0.000000 0.000000 1.000000 0.000000
0.999990 -0.004574 0.000000 342.876710 0.004574 0.999990 0.000000 24.613305 0.000000 0.000000 1.000000 0.000000
0.999998 -0.001874 0.000000 344.940074 0.001874 0.999998 0.000000 24.598827 0.000000 0.000000 1.000000 0.000000
1.000000 0.000735 0.000000 347.097423 -0.000735 1.000000 -0.000000 24.569044 -0.000000 0.000000 1.000000 0.000000
0.999998 0.001991 0.000000 349.196085 -0.001991 0.999998 -0.000000 24.552047 -0.000000 0.000000 1.000000 0.000000
0.999995 0.003138 0.000000 351.308435 -0.003138 0.999995 -0.000000 24.542075 -0.000000 0.000000 1.000000 0.000000
0.999995 0.003285 0.000000 353.498718 -0.003285 0.999995 -0.000000 24.567835 -0.000000 0.000000 1.000000 0.000000
0.999997 0.002317 0.000000 355.635490 -0.002317 0.999997 -0.000000 24.520134 -0.000000 0.000000 1.000000 0.000000
0.999996 0.002786 0.000000 357.842571 -0.002786 0.999996 -0.000000 24.497263 -0.000000 0.000000 1.000000 0.000000
0.999993 0.003869 0.000000 359.981986 -0.003869 0.999993 -0.000000 24.470721 -0.000000 0.000000 1.000000 0.000000
0.999994 0.003419 0.000000 362.189628 -0.003419 0.999994 -0.000000 24.486852 -0.000000 0.000000 1.000000 0.000000
0.999997 0.002364 0.000000 364.326619 -0.002364 0.999997 -0.000000 24.442392 -0.000000 0.000000 1.000000 0.000000
1.000000 0.000883 0.000000 366.505420 -0.000883 1.000000 -0.000000 24.471859 -0.000000 0.000000 1.000000 0.000000
0.999999 -0.001306 0.000000 368.701949 0.001306 0.999999 0.000000 24.491007 0.000000 0.000000 1.000000 0.000000
0.999991 -0.004153 0.000000 370.831314 0.004153 0.999991 0.000000 24.486337 0.000000 0.000000 1.000000 0.000000
0.999975 -0.007141 0.000000 373.025571 0.007141 0.999975 0.000000 24.488077 0.000000 0.000000 1.000000 0.000000
0.999953 -0.009677 0.000000 375.224018 0.009677 0.999953 0.000000 24.474619 0.000000 0.000000 1.000000 0.000000
0.999918 -0.012817 0.000000 377.440053 0.012817 0.999918 0.000000 24.509543 0.000000 0.000000 1.000000 0.000000
0.999868 -0.016266 0.000000 379.625951 0.016266 0.999868 0.000000 24.533197 0.000000 0.000000 1.000000 0.000000
0.999799 -0.020062 0.000000 381.821552 0.020062 0.999799 0.000000 24.586332 0.000000 0.000000 1.000000 0.000000
0.999707 -0.024219 0.000000 383.950187 0.024219 0.999707 0.000000 24.665429 0.000000 0.000000 1.000000 0.000000
0.999616 -0.027723 0.000000 386.121809 0.027723 0.999616 0.000000 24.679461 0.000000 0.000000 1.000000 0.000000
0.999519 -0.031016 0.000000 388.237867 0.031016 0.999519 0.000000 24.771801 0.000000 0.000000 1.000000 0.000000
0.999353 -0.035968 0.000000 390.370395 0.035968 0.999353 0.000000 24.818923 0.000000 0.000000 1.000000 0.000000
0.999218 -0.039532 0.000000 392.492031 0.039532 0.999218 0.000000 24.874508 0.000000 0.000000 1.000000 0.000000
0.999035 -0.043922 0.000000 394.542690 0.043922 0.999035 0.000000 24.967644 0.000000 0.000000 1.000000 0.000000
0.998830 -0.048349 0.000000 396.620684 0.048349 0.998830 0.000000 25.049062 0.000000 0.000000 1.000000 0.000000
0.998673 -0.051493 0.000000 398.653564 0.051493 0.998673 0.000000 25.159155 0.000000 0.000000 1.000000 0.000000
0.998404 -0.056470 0.000000 400.608132 0.056470 0.998404 0.000000 25.250122 0.000000 0.000000 1.000000 0.000000
0.998345 -0.057500 0.000000 402.628558 0.057500 0.998345 0.000000 25.357974 0.000000 0.000000 1.000000 0.000000
0.998340 -0.057595 0.000000 404.592661 0.057595 0.998340 0.000000 25.474068 0.000000 0.000000 1.000000 0.000000
0.998330 -0.057775 0.000000 406.558963 0.057775 0.998330 0.000000 25.564607 0.000000 0.000000 1.000000 0.000000
0.998304 -0.058215 0.000000 408.491672 0.058215 0.998304 0.000000 25.697686 0.000000 0.000000 1.000000 0.000000
0.998298 -0.058315 0.000000 410.430695 0.058315 0.998298 0.000000 25.766659 0.000000 0.000000 1.000000 0.000000
0.998278 -0.058666 0.000000 412.331908 0.058666 0.998278 0.000000 25.875710 0.000000 0.000000 1.000000 0.000000
0.998159 -0.060654 0.000000 414.177873 0.060654 0.998159 0.000000 25.960898 0.000000 0.000000 1.000000 0.000000
0.998113 -0.061404 0.000000 416.021119 0.061404 0.998113 0.000000 26.036285 0.000000 0.000000 1.000000 0.000000
0.998082 -0.061905 0.000000 417.876573 0.061905 0.998082 0.000000 26.161686 0.000000 0.000000 1.000000 0.000000
0.998015 -0.062978 0.000000 419.646785 0.062978 0.998015 0.000000 26.252803 0.000000 0.000000 1.000000 0.000000
0.997992 -0.063339 0.000000 421.479903 0.063339 0.997992 0.000000 26.366336 0.000000 0.000000 1.000000 0.000000
0.998082 -0.061898 0.000000 423.186391 0.061898 0.998082 0.000000 26.433286 0.000000 0.000000 1.000000 0.000000
0.998229 -0.059491 0.000000 424.905487 0.059491 0.998229 0.000000 26.531362 0.000000 0.000000 1.000000 0.000000
0.998594 -0.053019 0.000000 426.534371 0.053019 0.998594 0.000000 26.637869 0.000000 0.000000 1.000000 0.000000
0.999286 -0.037790 0.000000 428.132724 0.037790 0.999286 0.000000 26.661676 0.000000 0.000000 1.000000 0.000000
0.999864 -0.016462 0.000000 429.666326 0.016462 0.999864 0.000000 26.709319 0.000000 0.000000 1.000000 0.000000
0.999178 0.040528 0.000000 432.504666 -0.040528 0.999178 -0.000000 26.576903 -0.000000 0.000000 1.000000 0.000000
0.992182 0.124798 0.000000 435.005383 -0.124798 0.992182 -0.000000 26.236883 -0.000000 0.000000 1.000000 0.000000
0.971589 0.236673 0.000000 437.174056 -0.236673 0.971589 -0.000000 25.711749 -0.000000 0.000000 1.000000 0.000000
0.940316 0.340303 0.000000 439.011679 -0.340303 0.940316 -0.000000 24.995291 -0.000000 0.000000 1.000000 0.000000
0.894769 0.446529 0.000000 440.497815 -0.446529 0.894769 -0.000000 24.284549 -0.000000 0.000000 1.000000 0.000000
0.829741 0.558149 0.000000 441.638846 -0.558149 0.829741 -0.000000 23.384596 -0.000000 0.000000 1.000000 0.000000
0.751306 0.659954 0.000000 442.495730 -0.659954 0.751306 -0.000000 22.517225 -0.000000 0.000000 1.000000 0.000000
0.679898 0.733307 0.000000 443.026815 -0.733307 0.679898 -0.000000 21.816868 -0.000000 0.000000 1.000000 0.000000
0.613203 0.789925 0.000000 443.338125 -0.789925 0.613203 -0.000000 21.318018 -0.000000 0.000000 1.000000 0.000000
0.540934 0.841065 0.000000 443.586731 -0.841065 0.540934 -0.000000 20.838119 -0.000000 0.000000 1.000000 0.000000
0.459115 0.888377 0.000000 443.764996 -0.888377 0.459115 -0.000000 20.278981 -0.000000 0.000000 1.000000 0.000000
0.340579 0.940216 0.000000 443.960751 -0.940216 0.340579 -0.000000 19.681787 -0.000000 0.000000 1.000000 0.000000
0.210015 0.977698 0.000000 444.018239 -0.977698 0.210015 -0.000000 18.817605 -0.000000 0.000000 1.000000 0.000000
0.037019 0.999315 0.000000 443.995570 -0.999315 0.037019 -0.000000 17.638658 -0.000000 0.000000 1.000000 0.000000
-0.064204 0.997937 0.000000 443.841701 -0.997937 -0.064204 -0.000000 17.030922 -0.000000 0.000000 1.000000 0.000000
-0.171590 0.985168 0.000000 443.662980 -0.985168 -0.171590 -0.000000 16.294150 -0.000000 0.000000 1.000000 0.000000
-0.282925 0.959142 0.000000 443.375556 -0.959142 -0.282925 -0.000000 15.497134 -0.000000 0.000000 1.000000 0.000000
-0.390613 0.920555 0.000000 442.976047 -0.920555 -0.390613 -0.000000 14.670203 -0.000000 0.000000 1.000000 0.000000
-0.492438 0.870348 0.000000 442.406124 -0.870348 -0.492438 -0.000000 13.822619 -0.000000 0.000000 1.000000 0.000000
-0.589320 0.807900 0.000000 441.757438 -0.807900 -0.589320 0.000000 13.060612 0.000000 0.000000 1.000000 0.000000
-0.674414 0.738354 0.000000 440.999593 -0.738354 -0.674414 0.000000 12.196547 0.000000 0.000000 1.000000 0.000000
-0.742454 0.669897 0.000000 440.044466 -0.669897 -0.742454 0.000000 11.335391 0.000000 0.000000 1.000000 0.000000
-0.821838 0.569721 0.000000 437.831609 -0.569721 -0.821838 0.000000 9.841464 0.000000 0.000000 1.000000 0.000000
-0.848282 0.529545 0.000000 435.286881 -0.529545 -0.848282 0.000000 8.351758 0.000000 0.000000 1.000000 0.000000
-0.853013 0.521889 0.000000 433.844040 -0.521889 -0.853013 0.000000 7.580409 0.000000 0.000000 1.000000 0.000000
-0.856792 0.515663 0.000000 432.374490 -0.515663 -0.856792 0.000000 6.732994 0.000000 0.000000 1.000000 0.000000
-0.861469 0.507811 0.000000 430.813571 -0.507811 -0.861469 0.000000 5.881848 0.000000 0.000000 1.000000 0.000000
-0.868353 0.495946 0.000000 429.160939 -0.495946 -0.868353 0.000000 4.969284 0.000000 0.000000 1.000000 0.000000
-0.874809 0.484468 0.000000 427.496575 -0.484468 -0.874809 0.000000 4.035181 0.000000 0.000000 1.000000 0.000000
-0.880735 0.473610 0.000000 425.826433 -0.473610 -0.880735 0.000000 3.141669 0.000000 0.000000 1.000000 0.000000
-0.886277 0.463155 0.000000 424.124570 -0.463155 -0.886277 0.000000 2.265928 0.000000 0.000000 1.000000 0.000000
-0.890125 0.455717 0.000000 422.321239 -0.455717 -0.890125 0.000000 1.377549 0.000000 0.000000 1.000000 0.000000
-0.893648 0.448769 0.000000 420.521855 -0.448769 -0.893648 0.000000 0.514824 0.000000 0.000000 1.000000 0.000000
-0.895368 0.445328 0.000000 418.820752 -0.445328 -0.895368 0.000000 -0.347525 0.000000 0.000000 1.000000 0.000000
-0.897196 0.441632 0.000000 417.080874 -0.441632 -0.897196 0.000000 -1.195247 0.000000 0.000000 1.000000 0.000000
-0.897502 0.441011 0.000000 415.370538 -0.441011 -0.897502 0.000000 -2.015880 0.000000 0.000000 1.000000 0.000000
-0.897710 0.440587 0.000000 413.676225 -0.440587 -0.897710 0.000000 -2.830310 0.000000 0.000000 1.000000 0.000000
-0.898114 0.439762 0.000000 411.968634 -0.439762 -0.898114 0.000000 -3.639023 0.000000 0.000000 1.000000 0.000000
-0.897901 0.440197 0.000000 410.315295 -0.440197 -0.897901 0.000000 -4.472545 0.000000 0.000000 1.000000 0.000000
-0.897635 0.440740 0.000000 408.647436 -0.440740 -0.897635 0.000000 -5.255230 0.000000 0.000000 1.000000 0.000000
-0.898053 0.439887 0.000000 407.037025 -0.439887 -0.898053 0.000000 -6.068279 0.000000 0.000000 1.000000 0.000000
-0.898234 0.439517 0.000000 405.390577 -0.439517 -0.898234 0.000000 -6.850283 0.000000 0.000000 1.000000 0.000000
-0.898273 0.439438 0.000000 403.808901 -0.439438 -0.898273 0.000000 -7.665935 0.000000 0.000000 1.000000 0.000000
-0.898515 0.438943 0.000000 402.181295 -0.438943 -0.898515 0.000000 -8.435371 0.000000 0.000000 1.000000 0.000000
-0.898484 0.439007 0.000000 400.646549 -0.439007 -0.898484 0.000000 -9.267652 0.000000 0.000000 1.000000 0.000000
-0.898377 0.439225 0.000000 399.046948 -0.439225 -0.898377 0.000000 -9.990104 0.000000 0.000000 1.000000 0.000000
-0.898087 0.439818 0.000000 397.540307 -0.439818 -0.898087 0.000000 -10.745007 0.000000 0.000000 1.000000 0.000000
-0.897895 0.440210 0.000000 395.989368 -0.440210 -0.897895 0.000000 -11.478638 0.000000 0.000000 1.000000 0.000000
-0.897762 0.440482 0.000000 394.461259 -0.440482 -0.897762 0.000000 -12.236023 0.000000 0.000000 1.000000 0.000000
-0.898203 0.439581 0.000000 392.980125 -0.439581 -0.898203 0.000000 -12.954486 0.000000 0.000000 1.000000 0.000000
-0.899195 0.437548 0.000000 391.500157 -0.437548 -0.899195 0.000000 -13.703407 0.000000 0.000000 1.000000 0.000000
-0.900061 0.435763 0.000000 390.075959 -0.435763 -0.900061 0.000000 -14.374753 0.000000 0.000000 1.000000 0.000000
-0.900835 0.434161 0.000000 388.595799 -0.434161 -0.900835 0.000000 -15.083096 0.000000 0.000000 1.000000 0.000000
-0.900951 0.433920 0.000000 387.173535 -0.433920 -0.900951 0.000000 -15.795348 0.000000 0.000000 1.000000 0.000000
-0.901017 0.433784 0.000000 385.776804 -0.433784 -0.901017 0.000000 -16.470290 0.000000 0.000000 1.000000 0.000000
-0.901477 0.432826 0.000000 384.429771 -0.432826 -0.901477 0.000000 -17.142045 0.000000 0.000000 1.000000 0.000000
-0.902986 0.429669 0.000000 381.948579 -0.429669 -0.902986 0.000000 -18.332058 0.000000 0.000000 1.000000 0.000000
-0.905930 0.423428 0.000000 379.622712 -0.423428 -0.905930 0.000000 -19.373957 0.000000 0.000000 1.000000 0.000000
-0.906385 0.422453 0.000000 377.557490 -0.422453 -0.906385 0.000000 -20.243698 0.000000 0.000000 1.000000 0.000000
-0.907741 0.419530 0.000000 375.780561 -0.419530 -0.907741 0.000000 -21.144839 0.000000 0.000000 1.000000 0.000000
-0.908634 0.417593 0.000000 374.260735 -0.417593 -0.908634 0.000000 -21.834518 0.000000 0.000000 1.000000 0.000000
-0.909332 0.416070 0.000000 372.442824 -0.416070 -0.909332 0.000000 -22.647122 0.000000 0.000000 1.000000 0.000000
-0.910263 0.414030 0.000000 370.870642 -0.414030 -0.910263 0.000000 -23.320746 0.000000 0.000000 1.000000 0.000000
-0.910278 0.413998 0.000000 369.453300 -0.413998 -0.910278 0.000000 -24.017385 0.000000 0.000000 1.000000 0.000000
-0.912007 0.410174 0.000000 367.862903 -0.410174 -0.912007 0.000000 -24.707384 0.000000 0.000000 1.000000 0.000000
-0.913728 0.406327 0.000000 365.964376 -0.406327 -0.913728 0.000000 -25.525878 0.000000 0.000000 1.000000 0.000000
-0.915833 0.401560 0.000000 363.796256 -0.401560 -0.915833 0.000000 -26.453189 0.000000 0.000000 1.000000 0.000000
-0.917876 0.396867 0.000000 362.013399 -0.396867 -0.917876 0.000000 -27.223971 0.000000 0.000000 1.000000 0.000000
-0.919687 0.392652 0.000000 359.926507 -0.392652 -0.919687 0.000000 -28.104443 0.000000 0.000000 1.000000 0.000000
-0.921347 0.388741 0.000000 357.535577 -0.388741 -0.921347 0.000000 -29.074039 0.000000 0.000000 1.000000 0.000000
-0.922976 0.384857 0.000000 354.917101 -0.384857 -0.922976 0.000000 -30.146560 0.000000 0.000000 1.000000 0.000000
-0.924663 0.380787 0.000000 352.083826 -0.380787 -0.924663 0.000000 -31.315661 0.000000 0.000000 1.000000 0.000000
-0.925206 0.379465 0.000000 350.593211 -0.379465 -0.925206 0.000000 -31.891304 0.000000 0.000000 1.000000 0.000000
-0.925183 0.379521 0.000000 349.120120 -0.379521 -0.925183 0.000000 -32.480292 0.000000 0.000000 1.000000 0.000000
-0.925301 0.379233 0.000000 347.577916 -0.379233 -0.925301 0.000000 -33.104523 0.000000 0.000000 1.000000 0.000000
-0.925706 0.378243 0.000000 345.979159 -0.378243 -0.925706 0.000000 -33.701000 0.000000 0.000000 1.000000 0.000000
-0.926504 0.376285 0.000000 344.385307 -0.376285 -0.926504 0.000000 -34.387735 0.000000 0.000000 1.000000 0.000000
-0.927737 0.373234 0.000000 342.726517 -0.373234 -0.927737 0.000000 -35.003282 0.000000 0.000000 1.000000 0.000000
-0.931145 0.364650 0.000000 341.026043 -0.364650 -0.931145 0.000000 -35.690640 0.000000 0.000000 1.000000 0.000000
-0.934599 0.355703 0.000000 339.202363 -0.355703 -0.934599 0.000000 -36.326550 0.000000 0.000000 1.000000 0.000000
-0.937525 0.347919 0.000000 337.436306 -0.347919 -0.937525 0.000000 -36.971071 0.000000 0.000000 1.000000 0.000000
-0.940655 0.339364 0.000000 335.559769 -0.339364 -0.940655 0.000000 -37.575229 0.000000 0.000000 1.000000 0.000000
-0.943453 0.331505 0.000000 333.608869 -0.331505 -0.943453 0.000000 -38.268530 0.000000 0.000000 1.000000 0.000000
-0.946033 0.324070 0.000000 331.660619 -0.324070 -0.946033 0.000000 -38.947994 0.000000 0.000000 1.000000 0.000000
-0.947421 0.319991 0.000000 329.650946 -0.319991 -0.947421 0.000000 -39.644267 0.000000 0.000000 1.000000 0.000000
-0.948365 0.317181 0.000000 327.588271 -0.317181 -0.948365 0.000000 -40.302978 0.000000 0.000000 1.000000 0.000000
-0.949329 0.314284 0.000000 325.532830 -0.314284 -0.949329 0.000000 -40.937619 0.000000 0.000000 1.000000 0.000000
-0.950326 0.311256 0.000000 323.393001 -0.311256 -0.950326 0.000000 -41.634029 0.000000 0.000000 1.000000 0.000000
-0.951069 0.308978 0.000000 321.248957 -0.308978 -0.951069 0.000000 -42.279972 0.000000 0.000000 1.000000 0.000000
-0.951870 0.306503 0.000000 319.132799 -0.306503 -0.951870 0.000000 -43.012577 0.000000 0.000000 1.000000 0.000000
-0.952693 0.303934 0.000000 316.989306 -0.303934 -0.952693 0.000000 -43.691617 0.000000 0.000000 1.000000 0.000000
-0.953644 0.300937 0.000000 314.841559 -0.300937 -0.953644 0.000000 -44.351863 0.000000 0.000000 1.000000 0.000000
-0.953521 0.301328 0.000000 312.599134 -0.301328 -0.953521 0.000000 -45.045492 0.000000 0.000000 1.000000 0.000000
-0.953371 0.301801 0.000000 310.429413 -0.301801 -0.953371 0.000000 -45.766770 0.000000 0.000000 1.000000 0.000000
-0.952124 0.305711 0.000000 308.187598 -0.305711 -0.952124 0.000000 -46.454219 0.000000 0.000000 1.000000 0.000000
-0.951218 0.308521 0.000000 306.003181 -0.308521 -0.951218 0.000000 -47.178705 0.000000 0.000000 1.000000 0.000000
-0.950393 0.311052 0.000000 303.724225 -0.311052 -0.950393 0.000000 -47.925734 0.000000 0.000000 1.000000 0.000000
-0.949397 0.314079 0.000000 301.550764 -0.314079 -0.949397 0.000000 -48.658294 0.000000 0.000000 1.000000 0.000000
-0.947708 0.319138 0.000000 299.295100 -0.319138 -0.947708 0.000000 -49.398573 0.000000 0.000000 1.000000 0.000000
-0.946626 0.322334 0.000000 297.057562 -0.322334 -0.946626 0.000000 -50.186013 0.000000 0.000000 1.000000 0.000000
-0.945221 0.326430 0.000000 294.781292 -0.326430 -0.945221 0.000000 -50.955512 0.000000 0.000000 1.000000 0.000000
-0.944081 0.329714 0.000000 292.481993 -0.329714 -0.944081 0.000000 -51.711009 0.000000 0.000000 1.000000 0.000000
-0.943002 0.332787 0.000000 290.218131 -0.332787 -0.943002 0.000000 -52.518305 0.000000 0.000000 1.000000 0.000000
-0.941983 0.335661 0.000000 287.927370 -0.335661 -0.941983 0.000000 -53.351039 0.000000 0.000000 1.000000 0.000000
-0.941365 0.337390 0.000000 285.637211 -0.337390 -0.941365 0.000000 -54.139406 0.000000 0.000000 1.000000 0.000000
-0.940253 0.340477 0.000000 283.354162 -0.340477 -0.940253 0.000000 -54.982440 0.000000 0.000000 1.000000 0.000000
-0.939015 0.343875 0.000000 281.115435 -0.343875 -0.939015 0.000000 -55.799252 0.000000 0.000000 1.000000 0.000000
-0.937524 0.347919 0.000000 278.818540 -0.347919 -0.937524 0.000000 -56.654503 0.000000 0.000000 1.000000 0.000000
-0.936766 0.349955 0.000000 276.580865 -0.349955 -0.936766 0.000000 -57.534119 0.000000 0.000000 1.000000 0.000000
-0.935765 0.352625 0.000000 274.312477 -0.352625 -0.935765 0.000000 -58.391719 0.000000 0.000000 1.000000 0.000000
-0.934562 0.355800 0.000000 272.025250 -0.355800 -0.934562 0.000000 -59.239817 0.000000 0.000000 1.000000 0.000000
-0.933143 0.359505 0.000000 269.724386 -0.359505 -0.933143 0.000000 -60.136106 0.000000 0.000000 1.000000 0.000000
-0.932588 0.360942 0.000000 267.417628 -0.360942 -0.932588 0.000000 -60.974349 0.000000 0.000000 1.000000 0.000000
-0.930483 0.366336 0.000000 265.118597 -0.366336 -0.930483 0.000000 -61.872544 0.000000 0.000000 1.000000 0.000000
-0.929339 0.369228 0.000000 262.806742 -0.369228 -0.929339 0.000000 -62.764770 0.000000 0.000000 1.000000 0.000000
-0.928708 0.370813 0.000000 260.489022 -0.370813 -0.928708 0.000000 -63.610900 0.000000 0.000000 1.000000 0.000000
-0.928549 0.371209 0.000000 258.184606 -0.371209 -0.928549 0.000000 -64.466890 0.000000 0.000000 1.000000 0.000000
-0.928592 0.371103 0.000000 255.906605 -0.371103 -0.928592 0.000000 -65.395759 0.000000 0.000000 1.000000 0.000000
-0.928870 0.370406 0.000000 253.587328 -0.370406 -0.928870 0.000000 -66.362225 0.000000 0.000000 1.000000 0.000000
-0.928234 0.371997 0.000000 251.273142 -0.371997 -0.928234 0.000000 -67.211014 0.000000 0.000000 1.000000 0.000000
-0.927134 0.374731 0.000000 248.942747 -0.374731 -0.927134 0.000000 -68.155156 0.000000 0.000000 1.000000 0.000000
-0.926075 0.377341 0.000000 246.584551 -0.377341 -0.926075 0.000000 -69.092591 0.000000 0.000000 1.000000 0.000000
-0.925236 0.379393 0.000000 244.273354 -0.379393 -0.925236 0.000000 -70.001190 0.000000 0.000000 1.000000 0.000000
-0.924063 0.382241 0.000000 241.937040 -0.382241 -0.924063 0.000000 -70.992757 0.000000 0.000000 1.000000 0.000000
-0.922942 0.384939 0.000000 239.562687 -0.384939 -0.922942 0.000000 -71.990373 0.000000 0.000000 1.000000 0.000000
-0.921862 0.387518 0.000000 237.214783 -0.387518 -0.921862 0.000000 -72.969572 0.000000 0.000000 1.000000 0.000000
-0.921891 0.387450 0.000000 234.794513 -0.387450 -0.921891 0.000000 -73.969609 0.000000 0.000000 1.000000 0.000000
-0.920923 0.389743 0.000000 232.400980 -0.389743 -0.920923 0.000000 -74.971011 0.000000 0.000000 1.000000 0.000000
-0.920723 0.390216 0.000000 229.997661 -0.390216 -0.920723 0.000000 -75.997801 0.000000 0.000000 1.000000 0.000000
-0.920592 0.390526 0.000000 227.556754 -0.390526 -0.920592 0.000000 -77.009233 0.000000 0.000000 1.000000 0.000000
-0.920312 0.391186 0.000000 225.112811 -0.391186 -0.920312 0.000000 -78.063756 0.000000 0.000000 1.000000 0.000000
-0.920148 0.391570 0.000000 222.703486 -0.391570 -0.920148 0.000000 -79.078023 0.000000 0.000000 1.000000 0.000000
-0.920052 0.391796 0.000000 220.268814 -0.391796 -0.920052 0.000000 -80.091880 0.000000 0.000000 1.000000 0.000000
-0.919977 0.391972 0.000000 217.896071 -0.391972 -0.919977 0.000000 -81.105386 0.000000 0.000000 1.000000 0.000000
-0.920578 0.390559 0.000000 215.430443 -0.390559 -0.920578 0.000000 -82.139086 0.000000 0.000000 1.000000 0.000000
-0.920946 0.389690 0.000000 213.024038 -0.389690 -0.920946 0.000000 -83.158120 0.000000 0.000000 1.000000 0.000000
-0.921811 0.387640 0.000000 210.587871 -0.387640 -0.921811 0.000000 -84.151926 0.000000 0.000000 1.000000 0.000000
-0.922624 0.385701 0.000000 208.156755 -0.385701 -0.922624 0.000000 -85.209017 0.000000 0.000000 1.000000 0.000000
-0.923326 0.384016 0.000000 205.756473 -0.384016 -0.923326 0.000000 -86.215587 0.000000 0.000000 1.000000 0.000000
-0.923987 0.382425 0.000000 203.347578 -0.382425 -0.923987 0.000000 -87.203654 0.000000 0.000000 1.000000 0.000000
-0.924844 0.380346 0.000000 200.943655 -0.380346 -0.924844 0.000000 -88.192144 0.000000 0.000000 1.000000 0.000000
-0.925696 0.378267 0.000000 198.517567 -0.378267 -0.925696 0.000000 -89.154918 0.000000 0.000000 1.000000 0.000000
