0.999980 -0.006296 0.000000 0.978254 0.006296 0.999980 0.000000 0.027827 0.000000 0.000000 1.000000 0.000000
0.999948 -0.010158 0.000000 1.289381 0.010158 0.999948 0.000000 0.061341 0.000000 0.000000 1.000000 0.000000
0.999933 -0.011533 0.000000 1.664811 0.011533 0.999933 0.000000 0.025653 0.000000 0.000000 1.000000 0.000000
0.999933 -0.011572 0.000000 2.052373 0.011572 0.999933 0.000000 0.058455 0.000000 0.000000 1.000000 0.000000
0.999917 -0.012900 0.000000 2.556623 0.012900 0.999917 0.000000 0.044295 0.000000 0.000000 1.000000 0.000000
0.999883 -0.015300 0.000000 3.111283 0.015300 0.999883 0.000000 0.038170 0.000000 0.000000 1.000000 0.000000
0.999862 -0.016624 0.000000 3.744608 0.016624 0.999862 0.000000 0.108839 0.000000 0.000000 1.000000 0.000000
0.999851 -0.017287 0.000000 4.385798 0.017287 0.999851 0.000000 0.126460 0.000000 0.000000 1.000000 0.000000
0.999800 -0.020003 0.000000 5.097808 0.020003 0.999800 0.000000 0.096782 0.000000 0.000000 1.000000 0.000000
0.999773 -0.021295 0.000000 5.869761 0.021295 0.999773 0.000000 0.163861 0.000000 0.000000 1.000000 0.000000
0.999747 -0.022483 0.000000 6.711439 0.022483 0.999747 0.000000 0.164637 0.000000 0.000000 1.000000 0.000000
0.999695 -0.024684 0.000000 7.606350 0.024684 0.999695 0.000000 0.184076 0.000000 0.000000 1.000000 0.000000
0.999654 -0.026310 0.000000 8.583788 0.026310 0.999654 0.000000 0.250961 0.000000 0.000000 1.000000 0.000000
0.999553 -0.029912 0.000000 9.682907 0.029912 0.999553 0.000000 0.248906 0.000000 0.000000 1.000000 0.000000
0.999436 -0.033588 0.000000 10.748462 0.033588 0.999436 0.000000 0.308134 0.000000 0.000000 1.000000 0.000000
0.999274 -0.038088 0.000000 11.904044 0.038088 0.999274 0.000000 0.309056 0.000000 0.000000 1.000000 0.000000
0.999040 -0.043801 0.000000 13.085716 0.043801 0.999040 0.000000 0.396635 0.000000 0.000000 1.000000 0.000000
0.998845 -0.048056 0.000000 14.362496 0.048056 0.998845 0.000000 0.490048 0.000000 0.000000 1.000000 0.000000
0.998559 -0.053662 0.000000 15.698171 0.053662 0.998559 0.000000 0.537549 0.000000 0.000000 1.000000 0.000000
0.998281 -0.058609 0.000000 17.114665 0.058609 0.998281 0.000000 0.564385 0.000000 0.000000 1.000000 0.000000
0.997839 -0.065708 0.000000 18.564671 0.065708 0.997839 0.000000 0.718707 0.000000 0.000000 1.000000 0.000000
0.997402 -0.072043 0.000000 20.089671 0.072043 0.997402 0.000000 0.790126 0.000000 0.000000 1.000000 0.000000
0.997096 -0.076158 0.000000 21.639469 0.076158 0.997096 0.000000 0.913420 0.000000 0.000000 1.000000 0.000000
0.996691 -0.081289 0.000000 23.220554 0.081289 0.996691 0.000000 1.065814 0.000000 0.000000 1.000000 0.000000
0.996452 -0.084160 0.000000 24.865220 0.084160 0.996452 0.000000 1.169867 0.000000 0.000000 1.000000 0.000000
0.996300 -0.085948 0.000000 26.526726 0.085948 0.996300 0.000000 1.316552 0.000000 0.000000 1.000000 0.000000
0.996156 -0.087595 0.000000 28.295545 0.087595 0.996156 0.000000 1.435421 0.000000 0.000000 1.000000 0.000000
0.996042 -0.088882 0.000000 30.063494 0.088882 0.996042 0.000000 1.646687 0.000000 0.000000 1.000000 0.000000
0.996222 -0.086845 0.000000 31.903949 0.086845 0.996222 0.000000 1.764962 0.000000 0.000000 1.000000 0.000000
0.996591 -0.082506 0.000000 33.806275 0.082506 0.996591 0.000000 1.934827 0.000000 0.000000 1.000000 0.000000
0.997052 -0.076734 0.000000 35.710728 0.076734 0.997052 0.000000 2.041422 0.000000 0.000000 1.000000 0.000000
0.997610 -0.069094 0.000000 37.707124 0.069094 0.997610 0.000000 2.222605 0.000000 0.000000 1.000000 0.000000
0.998025 -0.062825 0.000000 39.715863 0.062825 0.998025 0.000000 2.286651 0.000000 0.000000 1.000000 0.000000
0.998470 -0.055288 0.000000 41.751495 0.055288 0.998470 0.000000 2.382004 0.000000 0.000000 1.000000 0.000000
0.998838 -0.048186 0.000000 43.880208 0.048186 0.998838 0.000000 2.458519 0.000000 0.000000 1.000000 0.000000
0.999224 -0.039383 0.000000 45.990907 0.039383 0.999224 0.000000 2.528079 0.000000 0.000000 1.000000 0.000000
0.999498 -0.031687 0.000000 48.190597 0.031687 0.999498 0.000000 2.550348 0.000000 0.000000 1.000000 0.000000
0.999694 -0.024721 0.000000 50.376975 0.024721 0.999694 0.000000 2.598175 0.000000 0.000000 1.000000 0.000000
0.999865 -0.016428 0.000000 52.683421 0.016428 0.999865 0.000000 2.615804 0.000000 0.000000 1.000000 0.000000
0.999959 -0.009070 0.000000 54.941929 0.009070 0.999959 0.000000 2.633226 0.000000 0.000000 1.000000 0.000000
0.999987 -0.005072 0.000000 57.299102 0.005072 0.999987 0.000000 2.596747 0.000000 0.000000 1.000000 0.000000
0.999983 -0.005887 0.000000 59.644652 0.005887 0.999983 0.000000 2.618796 0.000000 0.000000 1.000000 0.000000
0.999969 -0.007835 0.000000 62.080595 0.007835 0.999969 0.000000 2.679475 0.000000 0.000000 1.000000 0.000000
0.999953 -0.009696 0.000000 64.517553 0.009696 0.999953 0.000000 2.708892 0.000000 0.000000 1.000000 0.000000
0.999941 -0.010858 0.000000 66.989883 0.010858 0.999941 0.000000 2.717315 0.000000 0.000000 1.000000 0.000000
0.999949 -0.010119 0.000000 69.506304 0.010119 0.999949 0.000000 2.731386 0.000000 0.000000 1.000000 0.000000
0.999955 -0.009467 0.000000 72.084752 0.009467 0.999955 0.000000 2.744542 0.000000 0.000000 1.000000 0.000000
0.999960 -0.008932 0.000000 74.662261 0.008932 0.999960 0.000000 2.729779 0.000000 0.000000 1.000000 0.000000
0.999971 -0.007665 0.000000 77.220065 0.007665 0.999971 0.000000 2.720549 0.000000 0.000000 1.000000 0.000000
0.999978 -0.006580 0.000000 79.875062 0.006580 0.999978 0.000000 2.736460 0.000000 0.000000 1.000000 0.000000
0.999984 -0.005718 0.000000 82.538277 0.005718 0.999984 0.000000 2.732802 0.000000 0.000000 1.000000 0.000000
0.999984 -0.005718 0.000000 85.218630 0.005718 0.999984 0.000000 2.731681 0.000000 0.000000 1.000000 0.000000
0.999988 -0.004974 0.000000 87.956260 0.004974 0.999988 0.000000 2.733397 0.000000 0.000000 1.000000 0.000000
0.999998 -0.002212 0.000000 90.690814 0.002212 0.999998 0.000000 2.804547 0.000000 0.000000 1.000000 0.000000
1.000000 -0.000001 0.000000 93.395462 0.000001 1.000000 0.000000 2.709437 0.000000 0.000000 1.000000 0.000000
0.999996 0.002776 0.000000 96.123849 -0.002776 0.999996 0.000000 2.698521 0.000000 0.000000 1.000000 0.000000
0.999976 0.006887 0.000000 98.805005 -0.006887 0.999976 0.000000 2.673912 0.000000 0.000000 1.000000 0.000000
0.999955 0.009508 0.000000 101.428016 -0.009508 0.999955 0.000000 2.668307 0.000000 0.000000 1.000000 0.000000
0.999955 0.009497 0.000000 104.056018 -0.009497 0.999955 0.000000 2.616774 0.000000 0.000000 1.000000 0.000000
0.999964 0.008438 0.000000 106.670703 -0.008438 0.999964 0.000000 2.625806 0.000000 0.000000 1.000000 0.000000
0.999969 0.007843 0.000000 109.274658 -0.007843 0.999969 0.000000 2.623990 0.000000 0.000000 1.000000 0.000000
0.999989 0.004629 0.000000 111.816606 -0.004629 0.999989 0.000000 2.584913 0.000000 0.000000 1.000000 0.000000
0.999986 -0.005238 0.000000 114.321299 0.005238 0.999986 0.000000 2.575888 0.000000 0.000000 1.000000 0.000000
0.999870 -0.016104 0.000000 116.845288 0.016104 0.999870 0.000000 2.596594 0.000000 0.000000 1.000000 0.000000
0.999598 -0.028367 0.000000 119.384518 0.028367 0.999598 0.000000 2.552981 0.000000 0.000000 1.000000 0.000000
0.999139 -0.041494 0.000000 121.975418 0.041494 0.999139 0.000000 2.696249 0.000000 0.000000 1.000000 0.000000
0.998660 -0.051750 0.000000 124.477430 0.051750 0.998660 0.000000 2.769543 0.000000 0.000000 1.000000 0.000000
0.998126 -0.061199 0.000000 126.995009 0.061199 0.998126 0.000000 2.957131 0.000000 0.000000 1.000000 0.000000
0.997595 -0.069319 0.000000 129.519549 0.069319 0.997595 0.000000 3.045418 0.000000 0.000000 1.000000 0.000000
0.997430 -0.071648 0.000000 132.085571 0.071648 0.997430 0.000000 3.307787 0.000000 0.000000 1.000000 0.000000
0.997211 -0.074632 0.000000 134.661721 0.074632 0.997211 0.000000 3.430922 0.000000 0.000000 1.000000 0.000000
0.997172 -0.075159 0.000000 137.218818 0.075159 0.997172 0.000000 3.611228 0.000000 0.000000 1.000000 0.000000
0.997255 -0.074044 0.000000 139.805749 0.074044 0.997255 0.000000 3.752989 0.000000 0.000000 1.000000 0.000000
0.997513 -0.070481 0.000000 142.342103 0.070481 0.997513 0.000000 3.943450 0.000000 0.000000 1.000000 0.000000
0.998059 -0.062273 0.000000 144.898559 0.062273 0.998059 0.000000 4.143534 0.000000 0.000000 1.000000 0.000000
0.998397 -0.056591 0.000000 147.390235 0.056591 0.998397 0.000000 4.226247 0.000000 0.000000 1.000000 0.000000
0.998713 -0.050724 0.000000 149.920344 0.050724 0.998713 0.000000 4.433955 0.000000 0.000000 1.000000 0.000000
0.999078 -0.042933 0.000000 152.341948 0.042933 0.999078 0.000000 4.461827 0.000000 0.000000 1.000000 0.000000
0.999295 -0.037538 0.000000 154.862027 0.037538 0.999295 0.000000 4.572335 0.000000 0.000000 1.000000 0.000000
0.999470 -0.032548 0.000000 157.343864 0.032548 0.999470 0.000000 4.724786 0.000000 0.000000 1.000000 0.000000
0.999596 -0.028434 0.000000 159.721675 0.028434 0.999596 0.000000 4.782542 0.000000 0.000000 1.000000 0.000000
0.999709 -0.024113 0.000000 162.117625 0.024113 0.999709 0.000000 4.888528 0.000000 0.000000 1.000000 0.000000
0.999809 -0.019567 0.000000 164.485896 0.019567 0.999809 0.000000 4.928187 0.000000 0.000000 1.000000 0.000000
0.999881 -0.015440 0.000000 166.902396 0.015440 0.999881 0.000000 5.002342 0.000000 0.000000 1.000000 0.000000
0.999943 -0.010688 0.000000 169.232030 0.010688 0.999943 0.000000 5.038196 0.000000 0.000000 1.000000 0.000000
0.999979 -0.006431 0.000000 171.592858 0.006431 0.999979 0.000000 5.026660 0.000000 0.000000 1.000000 0.000000
0.999996 -0.002877 0.000000 173.876293 0.002877 0.999996 0.000000 5.010413 0.000000 0.000000 1.000000 0.000000
0.999999 -0.001479 0.000000 176.162710 0.001479 0.999999 0.000000 4.982018 0.000000 0.000000 1.000000 0.000000
1.000000 -0.001000 0.000000 178.434353 0.001000 1.000000 0.000000 5.006256 0.000000 0.000000 1.000000 0.000000
0.999999 0.001678 0.000000 180.685071 -0.001678 0.999999 0.000000 4.976045 0.000000 0.000000 1.000000 0.000000
0.999999 0.001636 0.000000 182.926754 -0.001636 0.999999 0.000000 4.999640 0.000000 0.000000 1.000000 0.000000
0.999996 0.002862 0.000000 185.142162 -0.002862 0.999996 0.000000 5.011831 0.000000 0.000000 1.000000 0.000000
0.999991 0.004132 0.000000 187.348189 -0.004132 0.999991 0.000000 4.964606 0.000000 0.000000 1.000000 0.000000
0.999990 0.004390 0.000000 189.534180 -0.004390 0.999990 0.000000 4.914099 0.000000 0.000000 1.000000 0.000000
0.999991 0.004220 0.000000 191.693815 -0.004220 0.999991 0.000000 4.948306 0.000000 0.000000 1.000000 0.000000
0.999997 0.002489 0.000000 193.808141 -0.002489 0.999997 0.000000 4.912518 0.000000 0.000000 1.000000 0.000000
0.999998 0.001883 0.000000 195.922815 -0.001883 0.999998 0.000000 4.942071 0.000000 0.000000 1.000000 0.000000
1.000000 0.000512 0.000000 198.005961 -0.000512 1.000000 0.000000 4.881140 0.000000 0.000000 1.000000 0.000000
1.000000 0.000147 0.000000 200.058044 -0.000147 1.000000 0.000000 4.952749 0.000000 0.000000 1.000000 0.000000
1.000000 0.000413 0.000000 202.121500 -0.000413 1.000000 0.000000 4.916434 0.000000 0.000000 1.000000 0.000000
1.000000 -0.000303 0.000000 204.122240 0.000303 1.000000 0.000000 4.950892 0.000000 0.000000 1.000000 0.000000
1.000000 -0.000015 0.000000 206.162136 0.000015 1.000000 0.000000 5.010798 0.000000 0.000000 1.000000 0.000000
1.000000 -0.000517 0.000000 208.111138 0.000517 1.000000 0.000000 4.988864 0.000000 0.000000 1.000000 0.000000
1.000000 0.000719 0.000000 210.026141 -0.000719 1.000000 0.000000 4.979679 0.000000 0.000000 1.000000 0.000000
1.000000 0.000422 0.000000 211.929620 -0.000422 1.000000 0.000000 4.971042 0.000000 0.000000 1.000000 0.000000
0.999998 -0.001901 0.000000 213.763797 0.001901 0.999998 0.000000 4.940056 0.000000 0.000000 1.000000 0.000000
1.000000 0.000097 0.000000 215.624660 -0.000097 1.000000 0.000000 4.971905 0.000000 0.000000 1.000000 0.000000
0.999998 0.001796 0.000000 217.391120 -0.001796 0.999998 0.000000 4.971038 0.000000 0.000000 1.000000 0.000000
0.999998 0.002090 0.000000 219.112082 -0.002090 0.999998 0.000000 4.933672 0.000000 0.000000 1.000000 0.000000
0.999989 0.004631 0.000000 220.794794 -0.004631 0.999989 0.000000 4.957850 0.000000 0.000000 1.000000 0.000000
0.999969 0.007933 0.000000 222.422142 -0.007933 0.999969 0.000000 4.975697 0.000000 0.000000 1.000000 0.000000
0.999969 0.007863 0.000000 224.041653 -0.007863 0.999969 0.000000 4.901029 0.000000 0.000000 1.000000 0.000000
0.999946 0.010434 0.000000 225.559668 -0.010434 0.999946 0.000000 4.969794 0.000000 0.000000 1.000000 0.000000
0.999922 0.012519 0.000000 226.999779 -0.012519 0.999922 0.000000 4.910255 0.000000 0.000000 1.000000 0.000000
0.999910 0.013433 0.000000 228.370323 -0.013433 0.999910 0.000000 4.887986 0.000000 0.000000 1.000000 0.000000
0.999912 0.013276 0.000000 229.788950 -0.013276 0.999912 0.000000 4.863320 0.000000 0.000000 1.000000 0.000000
0.999900 0.014128 0.000000 231.001633 -0.014128 0.999900 0.000000 4.778708 0.000000 0.000000 1.000000 0.000000
0.999917 0.012869 0.000000 232.188509 -0.012869 0.999917 0.000000 4.865553 0.000000 0.000000 1.000000 0.000000
0.999936 0.011343 0.000000 233.372371 -0.011343 0.999936 0.000000 4.734493 0.000000 0.000000 1.000000 0.000000
0.999908 0.013590 0.000000 234.267176 -0.013590 0.999908 0.000000 4.728465 0.000000 0.000000 1.000000 0.000000
0.999924 0.012303 0.000000 235.278406 -0.012303 0.999924 0.000000 4.746536 0.000000 0.000000 1.000000 0.000000
0.999909 0.013497 0.000000 236.106864 -0.013497 0.999909 0.000000 4.774463 0.000000 0.000000 1.000000 0.000000
0.999924 0.012294 0.000000 236.841068 -0.012294 0.999924 0.000000 4.688934 0.000000 0.000000 1.000000 0.000000
0.999932 0.011690 0.000000 237.494571 -0.011690 0.999932 0.000000 4.651284 0.000000 0.000000 1.000000 0.000000
0.999922 0.012484 0.000000 238.057000 -0.012484 0.999922 0.000000 4.650264 0.000000 0.000000 1.000000 0.000000
0.999915 0.013044 0.000000 238.569053 -0.013044 0.999915 0.000000 4.642370 0.000000 0.000000 1.000000 0.000000
0.999919 0.012728 0.000000 239.032366 -0.012728 0.999919 0.000000 4.639200 0.000000 0.000000 1.000000 0.000000
0.999911 0.013326 0.000000 239.358213 -0.013326 0.999911 0.000000 4.661161 0.000000 0.000000 1.000000 0.000000
0.999892 0.014710 0.000000 239.632465 -0.014710 0.999892 0.000000 4.621402 0.000000 0.000000 1.000000 0.000000
0.999907 0.013647 0.000000 239.858324 -0.013647 0.999907 0.000000 4.630059 0.000000 0.000000 1.000000 0.000000
0.999912 0.013280 0.000000 239.977022 -0.013280 0.999912 0.000000 4.623142 0.000000 0.000000 1.000000 0.000000
0.999917 0.012905 0.000000 240.062712 -0.012905 0.999917 0.000000 4.627085 0.000000 0.000000 1.000000 0.000000
0.999907 0.013666 0.000000 240.060367 -0.013666 0.999907 0.000000 4.651513 0.000000 0.000000 1.000000 0.000000
0.999913 0.013220 0.000000 240.126182 -0.013220 0.999913 0.000000 4.592561 0.000000 0.000000 1.000000 0.000000
0.999918 0.012802 0.000000 240.127661 -0.012802 0.999918 0.000000 4.609942 0.000000 0.000000 1.000000 0.000000
0.999911 0.013329 0.000000 240.130156 -0.013329 0.999911 0.000000 4.626011 0.000000 0.000000 1.000000 0.000000
0.999911 0.013354 0.000000 240.110207 -0.013354 0.999911 0.000000 4.615941 0.000000 0.000000 1.000000 0.000000
0.999909 0.013501 0.000000 240.129756 -0.013501 0.999909 0.000000 4.594825 0.000000 0.000000 1.000000 0.000000
0.999907 0.013637 0.000000 240.111440 -0.013637 0.999907 0.000000 4.605098 0.000000 0.000000 1.000000 0.000000
0.999913 0.013216 0.000000 240.108180 -0.013216 0.999913 0.000000 4.621815 0.000000 0.000000 1.000000 0.000000
0.999908 0.013528 0.000000 240.133813 -0.013528 0.999908 0.000000 4.621074 0.000000 0.000000 1.000000 0.000000
0.999896 0.014396 0.000000 240.115242 -0.014396 0.999896 0.000000 4.631434 0.000000 0.000000 1.000000 0.000000
0.999905 0.013771 0.000000 240.122978 -0.013771 0.999905 0.000000 4.605302 0.000000 0.000000 1.000000 0.000000
0.999914 0.013092 0.000000 240.117545 -0.013092 0.999914 0.000000 4.629609 0.000000 0.000000 1.000000 0.000000
0.999906 0.013716 0.000000 240.102556 -0.013716 0.999906 0.000000 4.606402 0.000000 0.000000 1.000000 0.000000
0.999917 0.012870 0.000000 240.126770 -0.012870 0.999917 0.000000 4.616424 0.000000 0.000000 1.000000 0.000000
0.999919 0.012711 0.000000 240.132021 -0.012711 0.999919 0.000000 4.591826 0.000000 0.000000 1.000000 0.000000
0.999913 0.013178 0.000000 240.111483 -0.013178 0.999913 0.000000 4.602569 0.000000 0.000000 1.000000 0.000000
0.999910 0.013432 0.000000 240.101877 -0.013432 0.999910 0.000000 4.603977 0.000000 0.000000 1.000000 0.000000
0.999907 0.013652 0.000000 240.123742 -0.013652 0.999907 0.000000 4.581067 0.000000 0.000000 1.000000 0.000000
0.999903 0.013939 0.000000 240.137352 -0.013939 0.999903 0.000000 4.605780 0.000000 0.000000 1.000000 0.000000
0.999908 0.013562 0.000000 240.120529 -0.013562 0.999908 0.000000 4.611100 0.000000 0.000000 1.000000 0.000000
0.999917 0.012854 0.000000 240.134582 -0.012854 0.999917 0.000000 4.608553 0.000000 0.000000 1.000000 0.000000
0.999905 0.013757 0.000000 240.137577 -0.013757 0.999905 0.000000 4.585198 0.000000 0.000000 1.000000 0.000000
0.999910 0.013384 0.000000 240.129072 -0.013384 0.999910 0.000000 4.594895 0.000000 0.000000 1.000000 0.000000
0.999916 0.012990 0.000000 240.138762 -0.012990 0.999916 0.000000 4.588058 0.000000 0.000000 1.000000 0.000000
0.999918 0.012817 0.000000 240.109446 -0.012817 0.999918 0.000000 4.617948 0.000000 0.000000 1.000000 0.000000
0.999908 0.013578 0.000000 240.116662 -0.013578 0.999908 0.000000 4.578625 0.000000 0.000000 1.000000 0.000000
0.999913 0.013211 0.000000 240.114990 -0.013211 0.999913 0.000000 4.593770 0.000000 0.000000 1.000000 0.000000
0.999917 0.012852 0.000000 240.117363 -0.012852 0.999917 0.000000 4.588564 0.000000 0.000000 1.000000 0.000000
0.999917 0.012898 0.000000 240.101645 -0.012898 0.999917 0.000000 4.604872 0.000000 0.000000 1.000000 0.000000
0.999915 0.013034 0.000000 240.102570 -0.013034 0.999915 0.000000 4.590526 0.000000 0.000000 1.000000 0.000000
0.999909 0.013480 0.000000 240.106307 -0.013480 0.999909 0.000000 4.585951 0.000000 0.000000 1.000000 0.000000
0.999914 0.013137 0.000000 240.132016 -0.013137 0.999914 0.000000 4.576067 0.000000 0.000000 1.000000 0.000000
0.999922 0.012508 0.000000 240.109958 -0.012508 0.999922 0.000000 4.618987 0.000000 0.000000 1.000000 0.000000
0.999915 0.013073 0.000000 240.156281 -0.013073 0.999915 0.000000 4.598862 0.000000 0.000000 1.000000 0.000000
0.999920 0.012638 0.000000 240.115134 -0.012638 0.999920 0.000000 4.590661 0.000000 0.000000 1.000000 0.000000
0.999914 0.013079 0.000000 240.131920 -0.013079 0.999914 0.000000 4.606452 0.000000 0.000000 1.000000 0.000000
0.999916 0.012981 0.000000 240.113323 -0.012981 0.999916 0.000000 4.587213 0.000000 0.000000 1.000000 0.000000
0.999915 0.013067 0.000000 240.139800 -0.013067 0.999915 0.000000 4.584300 0.000000 0.000000 1.000000 0.000000
0.999918 0.012812 0.000000 240.127529 -0.012812 0.999918 0.000000 4.602505 0.000000 0.000000 1.000000 0.000000
0.999911 0.013372 0.000000 240.126995 -0.013372 0.999911 0.000000 4.598777 0.000000 0.000000 1.000000 0.000000
0.999907 0.013645 0.000000 240.123724 -0.013645 0.999907 0.000000 4.576932 0.000000 0.000000 1.000000 0.000000
0.999906 0.013729 0.000000 240.135373 -0.013729 0.999906 0.000000 4.577627 0.000000 0.000000 1.000000 0.000000
0.999910 0.013419 0.000000 240.138170 -0.013419 0.999910 0.000000 4.580408 0.000000 0.000000 1.000000 0.000000
0.999920 0.012652 0.000000 240.122963 -0.012652 0.999920 0.000000 4.619295 0.000000 0.000000 1.000000 0.000000
0.999915 0.013009 0.000000 240.118454 -0.013009 0.999915 0.000000 4.598223 0.000000 0.000000 1.000000 0.000000
0.999913 0.013223 0.000000 240.123578 -0.013223 0.999913 0.000000 4.613852 0.000000 0.000000 1.000000 0.000000
0.999914 0.013094 0.000000 240.161285 -0.013094 0.999914 0.000000 4.613558 0.000000 0.000000 1.000000 0.000000
0.999913 0.013158 0.000000 240.136673 -0.013158 0.999913 0.000000 4.574089 0.000000 0.000000 1.000000 0.000000
0.999914 0.013081 0.000000 240.132176 -0.013081 0.999914 0.000000 4.585651 0.000000 0.000000 1.000000 0.000000
0.999918 0.012841 0.000000 240.133439 -0.012841 0.999918 0.000000 4.578938 0.000000 0.000000 1.000000 0.000000
0.999917 0.012908 0.000000 240.153878 -0.012908 0.999917 0.000000 4.586977 0.000000 0.000000 1.000000 0.000000
0.999919 0.012711 0.000000 240.135359 -0.012711 0.999919 0.000000 4.596643 0.000000 0.000000 1.000000 0.000000
0.999916 0.012983 0.000000 240.130794 -0.012983 0.999916 0.000000 4.573373 0.000000 0.000000 1.000000 0.000000
0.999918 0.012777 0.000000 240.154319 -0.012777 0.999918 0.000000 4.614007 0.000000 0.000000 1.000000 0.000000
0.999917 0.012917 0.000000 240.118816 -0.012917 0.999917 0.000000 4.620075 0.000000 0.000000 1.000000 0.000000
0.999914 0.013120 0.000000 240.135285 -0.013120 0.999914 0.000000 4.607415 0.000000 0.000000 1.000000 0.000000
0.999917 0.012921 0.000000 240.131543 -0.012921 0.999917 0.000000 4.607024 0.000000 0.000000 1.000000 0.000000
0.999914 0.013078 0.000000 240.141295 -0.013078 0.999914 0.000000 4.600361 0.000000 0.000000 1.000000 0.000000
0.999914 0.013145 0.000000 240.124079 -0.013145 0.999914 0.000000 4.619808 0.000000 0.000000 1.000000 0.000000
0.999912 0.013249 0.000000 240.134193 -0.013249 0.999912 0.000000 4.610771 0.000000 0.000000 1.000000 0.000000
0.999920 0.012676 0.000000 240.126574 -0.012676 0.999920 0.000000 4.605612 0.000000 0.000000 1.000000 0.000000
0.999917 0.012854 0.000000 240.150623 -0.012854 0.999917 0.000000 4.622023 0.000000 0.000000 1.000000 0.000000
0.999918 0.012795 0.000000 240.120829 -0.012795 0.999918 0.000000 4.615166 0.000000 0.000000 1.000000 0.000000
0.999917 0.012911 0.000000 240.154784 -0.012911 0.999917 0.000000 4.606687 0.000000 0.000000 1.000000 0.000000
0.999919 0.012720 0.000000 240.140230 -0.012720 0.999919 0.000000 4.601294 0.000000 0.000000 1.000000 0.000000
0.999920 0.012657 0.000000 240.142189 -0.012657 0.999920 0.000000 4.617837 0.000000 0.000000 1.000000 0.000000
0.999915 0.013069 0.000000 240.136761 -0.013069 0.999915 0.000000 4.604817 0.000000 0.000000 1.000000 0.000000
0.999913 0.013164 0.000000 240.138668 -0.013164 0.999913 0.000000 4.602049 0.000000 0.000000 1.000000 0.000000
0.999915 0.013008 0.000000 240.140442 -0.013008 0.999915 0.000000 4.582640 0.000000 0.000000 1.000000 0.000000
0.999918 0.012811 0.000000 240.137851 -0.012811 0.999918 0.000000 4.600429 0.000000 0.000000 1.000000 0.000000
0.999915 0.013036 0.000000 240.130098 -0.013036 0.999915 0.000000 4.606692 0.000000 0.000000 1.000000 0.000000
0.999915 0.013058 0.000000 240.133828 -0.013058 0.999915 0.000000 4.596442 0.000000 0.000000 1.000000 0.000000
0.999917 0.012872 0.000000 240.141319 -0.012872 0.999917 0.000000 4.589276 0.000000 0.000000 1.000000 0.000000
0.999917 0.012860 0.000000 240.140644 -0.012860 0.999917 0.000000 4.594552 0.000000 0.000000 1.000000 0.000000
0.999912 0.013230 0.000000 240.127535 -0.013230 0.999912 0.000000 4.604700 0.000000 0.000000 1.000000 0.000000
0.999915 0.013068 0.000000 240.110952 -0.013068 0.999915 0.000000 4.606419 0.000000 0.000000 1.000000 0.000000
0.999916 0.012947 0.000000 240.136759 -0.012947 0.999916 0.000000 4.608037 0.000000 0.000000 1.000000 0.000000
0.999915 0.013004 0.000000 240.128097 -0.013004 0.999915 0.000000 4.599761 0.000000 0.000000 1.000000 0.000000
0.999915 0.013029 0.000000 240.113341 -0.013029 0.999915 0.000000 4.595711 0.000000 0.000000 1.000000 0.000000
0.999913 0.013199 0.000000 240.137222 -0.013199 0.999913 0.000000 4.585738 0.000000 0.000000 1.000000 0.000000
0.999918 0.012844 0.000000 240.132275 -0.012844 0.999918 0.000000 4.592701 0.000000 0.000000 1.000000 0.000000
0.999916 0.012990 0.000000 240.128855 -0.012990 0.999916 0.000000 4.605549 0.000000 0.000000 1.000000 0.000000
0.999913 0.013180 0.000000 240.130838 -0.013180 0.999913 0.000000 4.608958 0.000000 0.000000 1.000000 0.000000
0.999916 0.012960 0.000000 240.148955 -0.012960 0.999916 0.000000 4.585648 0.000000 0.000000 1.000000 0.000000
0.999912 0.013257 0.000000 240.110025 -0.013257 0.999912 0.000000 4.600242 0.000000 0.000000 1.000000 0.000000
0.999911 0.013315 0.000000 240.127765 -0.013315 0.999911 0.000000 4.615342 0.000000 0.000000 1.000000 0.000000
0.999914 0.013090 0.000000 240.119653 -0.013090 0.999914 0.000000 4.626413 0.000000 0.000000 1.000000 0.000000
0.999919 0.012701 0.000000 240.127383 -0.012701 0.999919 0.000000 4.619465 0.000000 0.000000 1.000000 0.000000
0.999915 0.013013 0.000000 240.126477 -0.013013 0.999915 0.000000 4.597609 0.000000 0.000000 1.000000 0.000000
0.999914 0.013140 0.000000 240.134236 -0.013140 0.999914 0.000000 4.599783 0.000000 0.000000 1.000000 0.000000
0.999911 0.013304 0.000000 240.113272 -0.013304 0.999911 0.000000 4.605840 0.000000 0.000000 1.000000 0.000000
0.999914 0.013135 0.000000 240.122757 -0.013135 0.999914 0.000000 4.622642 0.000000 0.000000 1.000000 0.000000
0.999913 0.013182 0.000000 240.142769 -0.013182 0.999913 0.000000 4.611399 0.000000 0.000000 1.000000 0.000000
0.999918 0.012836 0.000000 240.159750 -0.012836 0.999918 0.000000 4.619686 0.000000 0.000000 1.000000 0.000000
0.999914 0.013120 0.000000 240.117224 -0.013120 0.999914 0.000000 4.627924 0.000000 0.000000 1.000000 0.000000
0.999910 0.013451 0.000000 240.127997 -0.013451 0.999910 0.000000 4.624662 0.000000 0.000000 1.000000 0.000000
0.999909 0.013468 0.000000 240.133664 -0.013468 0.999909 0.000000 4.597113 0.000000 0.000000 1.000000 0.000000
0.999907 0.013650 0.000000 240.123823 -0.013650 0.999907 0.000000 4.605389 0.000000 0.000000 1.000000 0.000000
0.999911 0.013317 0.000000 240.149853 -0.013317 0.999911 0.000000 4.589089 0.000000 0.000000 1.000000 0.000000
0.999914 0.013078 0.000000 240.118791 -0.013078 0.999914 0.000000 4.611115 0.000000 0.000000 1.000000 0.000000
0.999903 0.013895 0.000000 240.155470 -0.013895 0.999903 0.000000 4.612698 0.000000 0.000000 1.000000 0.000000
0.999911 0.013337 0.000000 240.146561 -0.013337 0.999911 0.000000 4.613545 0.000000 0.000000 1.000000 0.000000
0.999912 0.013232 0.000000 240.130481 -0.013232 0.999912 0.000000 4.627243 0.000000 0.000000 1.000000 0.000000
0.999911 0.013371 0.000000 240.137505 -0.013371 0.999911 0.000000 4.626965 0.000000 0.000000 1.000000 0.000000
0.999913 0.013228 0.000000 240.143392 -0.013228 0.999913 0.000000 4.609853 0.000000 0.000000 1.000000 0.000000
0.999906 0.013737 0.000000 240.122919 -0.013737 0.999906 0.000000 4.623044 0.000000 0.000000 1.000000 0.000000
0.999906 0.013729 0.000000 240.141539 -0.013729 0.999906 0.000000 4.604886 0.000000 0.000000 1.000000 0.000000
0.999914 0.013110 0.000000 240.134499 -0.013110 0.999914 0.000000 4.626354 0.000000 0.000000 1.000000 0.000000
0.999910 0.013440 0.000000 240.120092 -0.013440 0.999910 0.000000 4.597296 0.000000 0.000000 1.000000 0.000000
0.999908 0.013570 0.000000 240.118380 -0.013570 0.999908 0.000000 4.590669 0.000000 0.000000 1.000000 0.000000
0.999902 0.013999 0.000000 240.120264 -0.013999 0.999902 0.000000 4.603402 0.000000 0.000000 1.000000 0.000000
0.999895 0.014472 0.000000 240.119460 -0.014472 0.999895 0.000000 4.608384 0.000000 0.000000 1.000000 0.000000
0.999907 0.013611 0.000000 240.138527 -0.013611 0.999907 0.000000 4.617764 0.000000 0.000000 1.000000 0.000000
0.999908 0.013531 0.000000 240.134781 -0.013531 0.999908 0.000000 4.587032 0.000000 0.000000 1.000000 0.000000
0.999905 0.013780 0.000000 240.131336 -0.013780 0.999905 0.000000 4.604222 0.000000 0.000000 1.000000 0.000000
0.999913 0.013220 0.000000 240.133439 -0.013220 0.999913 0.000000 4.625923 0.000000 0.000000 1.000000 0.000000
0.999910 0.013425 0.000000 240.145344 -0.013425 0.999910 0.000000 4.603887 0.000000 0.000000 1.000000 0.000000
0.999917 0.012848 0.000000 240.143477 -0.012848 0.999917 0.000000 4.616221 0.000000 0.000000 1.000000 0.000000
0.999914 0.013139 0.000000 240.143947 -0.013139 0.999914 0.000000 4.594174 0.000000 0.000000 1.000000 0.000000
0.999914 0.013129 0.000000 240.133172 -0.013129 0.999914 0.000000 4.605948 0.000000 0.000000 1.000000 0.000000
0.999914 0.013078 0.000000 240.130447 -0.013078 0.999914 0.000000 4.602778 0.000000 0.000000 1.000000 0.000000
0.999917 0.012889 0.000000 240.111052 -0.012889 0.999917 0.000000 4.623571 0.000000 0.000000 1.000000 0.000000
0.999917 0.012878 0.000000 240.154862 -0.012878 0.999917 0.000000 4.602837 0.000000 0.000000 1.000000 0.000000
0.999918 0.012807 0.000000 240.154056 -0.012807 0.999918 0.000000 4.584753 0.000000 0.000000 1.000000 0.000000
0.999910 0.013415 0.000000 240.175913 -0.013415 0.999910 0.000000 4.600855 0.000000 0.000000 1.000000 0.000000
0.999916 0.012926 0.000000 240.210809 -0.012926 0.999916 0.000000 4.588668 0.000000 0.000000 1.000000 0.000000
0.999920 0.012677 0.000000 240.340687 -0.012677 0.999920 0.000000 4.593301 0.000000 0.000000 1.000000 0.000000
0.999904 0.013840 0.000000 240.385414 -0.013840 0.999904 0.000000 4.581616 0.000000 0.000000 1.000000 0.000000
0.999899 0.014211 0.000000 240.478268 -0.014211 0.999899 0.000000 4.630483 0.000000 0.000000 1.000000 0.000000
0.999907 0.013656 0.000000 240.571429 -0.013656 0.999907 0.000000 4.609840 0.000000 0.000000 1.000000 0.000000
0.999908 0.013555 0.000000 240.722222 -0.013555 0.999908 0.000000 4.634125 0.000000 0.000000 1.000000 0.000000
0.999901 0.014072 0.000000 240.897848 -0.014072 0.999901 0.000000 4.614644 0.000000 0.000000 1.000000 0.000000
0.999882 0.015353 0.000000 240.977722 -0.015353 0.999882 0.000000 4.621507 0.000000 0.000000 1.000000 0.000000
0.999886 0.015095 0.000000 241.197190 -0.015095 0.999886 0.000000 4.590672 0.000000 0.000000 1.000000 0.000000
0.999891 0.014731 0.000000 241.315862 -0.014731 0.999891 0.000000 4.607312 0.000000 0.000000 1.000000 0.000000
0.999890 0.014820 0.000000 241.381179 -0.014820 0.999890 0.000000 4.594966 0.000000 0.000000 1.000000 0.000000
0.999882 0.015386 0.000000 241.461065 -0.015386 0.999882 0.000000 4.598784 0.000000 0.000000 1.000000 0.000000
0.999880 0.015491 0.000000 241.421545 -0.015491 0.999880 0.000000 4.623960 0.000000 0.000000 1.000000 0.000000
0.999883 0.015289 0.000000 241.466923 -0.015289 0.999883 0.000000 4.594345 0.000000 0.000000 1.000000 0.000000
0.999867 0.016334 0.000000 241.440879 -0.016334 0.999867 0.000000 4.619677 0.000000 0.000000 1.000000 0.000000
0.999886 0.015124 0.000000 241.468352 -0.015124 0.999886 0.000000 4.618303 0.000000 0.000000 1.000000 0.000000
0.999879 0.015568 0.000000 241.464826 -0.015568 0.999879 0.000000 4.592566 0.000000 0.000000 1.000000 0.000000
0.999889 0.014897 0.000000 241.457035 -0.014897 0.999889 0.000000 4.616369 0.000000 0.000000 1.000000 0.000000
0.999873 0.015945 0.000000 241.469459 -0.015945 0.999873 0.000000 4.609424 0.000000 0.000000 1.000000 0.000000
0.999883 0.015264 0.000000 241.460969 -0.015264 0.999883 0.000000 4.609574 0.000000 0.000000 1.000000 0.000000
0.999880 0.015492 0.000000 241.469960 -0.015492 0.999880 0.000000 4.618275 0.000000 0.000000 1.000000 0.000000
0.999881 0.015407 0.000000 241.473088 -0.015407 0.999881 0.000000 4.604698 0.000000 0.000000 1.000000 0.000000
0.999886 0.015070 0.000000 241.462796 -0.015070 0.999886 0.000000 4.599417 0.000000 0.000000 1.000000 0.000000
0.999879 0.015567 0.000000 241.470046 -0.015567 0.999879 0.000000 4.629212 0.000000 0.000000 1.000000 0.000000
0.999876 0.015768 0.000000 241.468134 -0.015768 0.999876 0.000000 4.633738 0.000000 0.000000 1.000000 0.000000
0.999892 0.014688 0.000000 241.486666 -0.014688 0.999892 0.000000 4.593466 0.000000 0.000000 1.000000 0.000000
0.999894 0.014533 0.000000 241.477593 -0.014533 0.999894 0.000000 4.590816 0.000000 0.000000 1.000000 0.000000
0.999886 0.015068 0.000000 241.494098 -0.015068 0.999886 0.000000 4.574488 0.000000 0.000000 1.000000 0.000000
0.999883 0.015324 0.000000 241.453407 -0.015324 0.999883 0.000000 4.620042 0.000000 0.000000 1.000000 0.000000
0.999881 0.015428 0.000000 241.481681 -0.015428 0.999881 0.000000 4.613703 0.000000 0.000000 1.000000 0.000000
0.999892 0.014664 0.000000 241.477317 -0.014664 0.999892 0.000000 4.612963 0.000000 0.000000 1.000000 0.000000
0.999901 0.014072 0.000000 241.485473 -0.014072 0.999901 0.000000 4.585526 0.000000 0.000000 1.000000 0.000000
0.999889 0.014925 0.000000 241.477975 -0.014925 0.999889 0.000000 4.636197 0.000000 0.000000 1.000000 0.000000
0.999895 0.014488 0.000000 241.483975 -0.014488 0.999895 0.000000 4.616906 0.000000 0.000000 1.000000 0.000000
0.999892 0.014730 0.000000 241.489439 -0.014730 0.999892 0.000000 4.610126 0.000000 0.000000 1.000000 0.000000
0.999903 0.013925 0.000000 241.464050 -0.013925 0.999903 0.000000 4.597901 0.000000 0.000000 1.000000 0.000000
0.999891 0.014744 0.000000 241.486223 -0.014744 0.999891 0.000000 4.613402 0.000000 0.000000 1.000000 0.000000
0.999896 0.014425 0.000000 241.453795 -0.014425 0.999896 0.000000 4.614423 0.000000 0.000000 1.000000 0.000000
0.999882 0.015330 0.000000 241.474497 -0.015330 0.999882 0.000000 4.613562 0.000000 0.000000 1.000000 0.000000
0.999898 0.014275 0.000000 241.475221 -0.014275 0.999898 0.000000 4.596762 0.000000 0.000000 1.000000 0.000000
0.999889 0.014927 0.000000 241.447085 -0.014927 0.999889 0.000000 4.591441 0.000000 0.000000 1.000000 0.000000
0.999885 0.015161 0.000000 241.471075 -0.015161 0.999885 0.000000 4.618896 0.000000 0.000000 1.000000 0.000000
0.999876 0.015741 0.000000 241.460467 -0.015741 0.999876 0.000000 4.635554 0.000000 0.000000 1.000000 0.000000
0.999877 0.015687 0.000000 241.444586 -0.015687 0.999877 0.000000 4.643195 0.000000 0.000000 1.000000 0.000000
0.999872 0.016005 0.000000 241.485765 -0.016005 0.999872 0.000000 4.608004 0.000000 0.000000 1.000000 0.000000
0.999884 0.015199 0.000000 241.487081 -0.015199 0.999884 0.000000 4.611078 0.000000 0.000000 1.000000 0.000000
0.999871 0.016088 0.000000 241.455697 -0.016088 0.999871 0.000000 4.614614 0.000000 0.000000 1.000000 0.000000
0.999875 0.015825 0.000000 241.459585 -0.015825 0.999875 0.000000 4.638988 0.000000 0.000000 1.000000 0.000000
0.999876 0.015757 0.000000 241.447981 -0.015757 0.999876 0.000000 4.615186 0.000000 0.000000 1.000000 0.000000
0.999876 0.015760 0.000000 241.459699 -0.015760 0.999876 0.000000 4.621118 0.000000 0.000000 1.000000 0.000000
0.999878 0.015636 0.000000 241.457503 -0.015636 0.999878 0.000000 4.607385 0.000000 0.000000 1.000000 0.000000
0.999881 0.015425 0.000000 241.445635 -0.015425 0.999881 0.000000 4.612094 0.000000 0.000000 1.000000 0.000000
0.999873 0.015949 0.000000 241.462641 -0.015949 0.999873 0.000000 4.600113 0.000000 0.000000 1.000000 0.000000
0.999874 0.015865 0.000000 241.440619 -0.015865 0.999874 0.000000 4.584210 0.000000 0.000000 1.000000 0.000000
0.999881 0.015431 0.000000 241.483873 -0.015431 0.999881 0.000000 4.589017 0.000000 0.000000 1.000000 0.000000
0.999885 0.015175 0.000000 241.477501 -0.015175 0.999885 0.000000 4.587334 0.000000 0.000000 1.000000 0.000000
0.999886 0.015118 0.000000 241.471072 -0.015118 0.999886 0.000000 4.577595 0.000000 0.000000 1.000000 0.000000
0.999876 0.015755 0.000000 241.458370 -0.015755 0.999876 0.000000 4.619698 0.000000 0.000000 1.000000 0.000000
0.999894 0.014533 0.000000 241.469736 -0.014533 0.999894 0.000000 4.569274 0.000000 0.000000 1.000000 0.000000
0.999879 0.015577 0.000000 241.479879 -0.015577 0.999879 0.000000 4.607318 0.000000 0.000000 1.000000 0.000000
0.999878 0.015645 0.000000 241.439894 -0.015645 0.999878 0.000000 4.603695 0.000000 0.000000 1.000000 0.000000
0.999882 0.015330 0.000000 241.503495 -0.015330 0.999882 0.000000 4.617637 0.000000 0.000000 1.000000 0.000000
0.999895 0.014459 0.000000 241.472530 -0.014459 0.999895 0.000000 4.585595 0.000000 0.000000 1.000000 0.000000
0.999885 0.015142 0.000000 241.459349 -0.015142 0.999885 0.000000 4.623017 0.000000 0.000000 1.000000 0.000000
0.999880 0.015514 0.000000 241.451723 -0.015514 0.999880 0.000000 4.598222 0.000000 0.000000 1.000000 0.000000
0.999879 0.015587 0.000000 241.467464 -0.015587 0.999879 0.000000 4.651055 0.000000 0.000000 1.000000 0.000000
0.999894 0.014530 0.000000 241.480416 -0.014530 0.999894 0.000000 4.566862 0.000000 0.000000 1.000000 0.000000
0.999881 0.015426 0.000000 241.469137 -0.015426 0.999881 0.000000 4.607516 0.000000 0.000000 1.000000 0.000000
0.999884 0.015201 0.000000 241.471824 -0.015201 0.999884 0.000000 4.572708 0.000000 0.000000 1.000000 0.000000
0.999894 0.014578 0.000000 241.484238 -0.014578 0.999894 0.000000 4.589789 0.000000 0.000000 1.000000 0.000000
0.999879 0.015586 0.000000 241.464095 -0.015586 0.999879 0.000000 4.601535 0.000000 0.000000 1.000000 0.000000
0.999888 0.014953 0.000000 241.486805 -0.014953 0.999888 0.000000 4.588827 0.000000 0.000000 1.000000 0.000000
0.999884 0.015220 0.000000 241.492438 -0.015220 0.999884 0.000000 4.614110 0.000000 0.000000 1.000000 0.000000
0.999877 0.015683 0.000000 241.458888 -0.015683 0.999877 0.000000 4.585820 0.000000 0.000000 1.000000 0.000000
0.999875 0.015830 0.000000 241.482906 -0.015830 0.999875 0.000000 4.612375 0.000000 0.000000 1.000000 0.000000
0.999890 0.014815 0.000000 241.478611 -0.014815 0.999890 0.000000 4.586259 0.000000 0.000000 1.000000 0.000000
0.999869 0.016203 0.000000 241.488150 -0.016203 0.999869 0.000000 4.607886 0.000000 0.000000 1.000000 0.000000
0.999886 0.015113 0.000000 241.465325 -0.015113 0.999886 0.000000 4.594386 0.000000 0.000000 1.000000 0.000000
0.999893 0.014650 0.000000 241.491024 -0.014650 0.999893 0.000000 4.587273 0.000000 0.000000 1.000000 0.000000
0.999872 0.016012 0.000000 241.447617 -0.016012 0.999872 0.000000 4.600389 0.000000 0.000000 1.000000 0.000000
0.999887 0.015013 0.000000 241.461192 -0.015013 0.999887 0.000000 4.587936 0.000000 0.000000 1.000000 0.000000
0.999874 0.015844 0.000000 241.482659 -0.015844 0.999874 0.000000 4.599254 0.000000 0.000000 1.000000 0.000000
0.999884 0.015263 0.000000 241.483938 -0.015263 0.999884 0.000000 4.595860 0.000000 0.000000 1.000000 0.000000
0.999874 0.015857 0.000000 241.475762 -0.015857 0.999874 0.000000 4.605343 0.000000 0.000000 1.000000 0.000000
0.999887 0.015064 0.000000 241.471415 -0.015064 0.999887 0.000000 4.598554 0.000000 0.000000 1.000000 0.000000
0.999888 0.014956 0.000000 241.486816 -0.014956 0.999888 0.000000 4.572868 0.000000 0.000000 1.000000 0.000000
0.999877 0.015699 0.000000 241.477478 -0.015699 0.999877 0.000000 4.595225 0.000000 0.000000 1.000000 0.000000
0.999886 0.015108 0.000000 241.462380 -0.015108 0.999886 0.000000 4.598181 0.000000 0.000000 1.000000 0.000000
0.999889 0.014929 0.000000 241.479800 -0.014929 0.999889 0.000000 4.564602 0.000000 0.000000 1.000000 0.000000
0.999883 0.015264 0.000000 241.488650 -0.015264 0.999883 0.000000 4.601131 0.000000 0.000000 1.000000 0.000000
0.999867 0.016308 0.000000 241.447294 -0.016308 0.999867 0.000000 4.615065 0.000000 0.000000 1.000000 0.000000
0.999883 0.015312 0.000000 241.485097 -0.015312 0.999883 0.000000 4.592928 0.000000 0.000000 1.000000 0.000000
0.999894 0.014572 0.000000 241.454336 -0.014572 0.999894 0.000000 4.603068 0.000000 0.000000 1.000000 0.000000
0.999872 0.015982 0.000000 241.514811 -0.015982 0.999872 0.000000 4.604597 0.000000 0.000000 1.000000 0.000000
0.999879 0.015586 0.000000 241.566805 -0.015586 0.999879 0.000000 4.605390 0.000000 0.000000 1.000000 0.000000
0.999890 0.014840 0.000000 241.749218 -0.014840 0.999890 0.000000 4.571402 0.000000 0.000000 1.000000 0.000000
0.999888 0.014964 0.000000 241.924181 -0.014964 0.999888 0.000000 4.587702 0.000000 0.000000 1.000000 0.000000
0.999892 0.014692 0.000000 242.229242 -0.014692 0.999892 0.000000 4.612048 0.000000 0.000000 1.000000 0.000000
0.999892 0.014708 0.000000 242.599649 -0.014708 0.999892 0.000000 4.589142 0.000000 0.000000 1.000000 0.000000
0.999890 0.014812 0.000000 242.983174 -0.014812 0.999890 0.000000 4.550236 0.000000 0.000000 1.000000 0.000000
0.999883 0.015290 0.000000 243.506200 -0.015290 0.999883 0.000000 4.582666 0.000000 0.000000 1.000000 0.000000
0.999893 0.014657 0.000000 244.094786 -0.014657 0.999893 0.000000 4.522600 0.000000 0.000000 1.000000 0.000000
0.999888 0.014941 0.000000 244.770510 -0.014941 0.999888 0.000000 4.569407 0.000000 0.000000 1.000000 0.000000
0.999882 0.015371 0.000000 245.496744 -0.015371 0.999882 0.000000 4.483376 0.000000 0.000000 1.000000 0.000000
