1.000000 -0.000914 0.000000 0.266732 0.000914 1.000000 0.000000 -0.001640 0.000000 0.000000 1.000000 0.000000
0.999955 -0.009520 0.000000 2.688843 0.009520 0.999955 0.000000 0.001701 0.000000 0.000000 1.000000 0.000000
0.999840 -0.017868 0.000000 4.650423 0.017868 0.999840 0.000000 0.028613 0.000000 0.000000 1.000000 0.000000
0.999648 -0.026543 0.000000 6.878663 0.026543 0.999648 0.000000 0.082974 0.000000 0.000000 1.000000 0.000000
0.999396 -0.034755 0.000000 9.396350 0.034755 0.999396 0.000000 0.162283 0.000000 0.000000 1.000000 0.000000
0.999186 -0.040351 0.000000 12.200004 0.040351 0.999186 0.000000 0.272030 0.000000 0.000000 1.000000 0.000000
0.999096 -0.042517 0.000000 13.710608 0.042517 0.999096 0.000000 0.336794 0.000000 0.000000 1.000000 0.000000
0.999002 -0.044659 0.000000 15.294068 0.044659 0.999002 0.000000 0.406826 0.000000 0.000000 1.000000 0.000000
0.998945 -0.045916 0.000000 16.939918 0.045916 0.998945 0.000000 0.483151 0.000000 0.000000 1.000000 0.000000
0.999052 -0.043542 0.000000 18.652411 0.043542 0.999052 0.000000 0.562172 0.000000 0.000000 1.000000 0.000000
0.999167 -0.040799 0.000000 20.438534 0.040799 0.999167 0.000000 0.641037 0.000000 0.000000 1.000000 0.000000
0.999339 -0.036346 0.000000 22.284220 0.036346 0.999339 0.000000 0.715291 0.000000 0.000000 1.000000 0.000000
0.999499 -0.031642 0.000000 24.190939 0.031642 0.999499 0.000000 0.782288 0.000000 0.000000 1.000000 0.000000
0.999641 -0.026797 0.000000 26.160774 0.026797 0.999641 0.000000 0.842700 0.000000 0.000000 1.000000 0.000000
0.999708 -0.024154 0.000000 28.173774 0.024154 0.999708 0.000000 0.895176 0.000000 0.000000 1.000000 0.000000
0.999703 -0.024380 0.000000 30.235398 0.024380 0.999703 0.000000 0.944949 0.000000 0.000000 1.000000 0.000000
0.999689 -0.024938 0.000000 32.352263 0.024938 0.999689 0.000000 0.996967 0.000000 0.000000 1.000000 0.000000
0.999667 -0.025791 0.000000 34.526745 0.025791 0.999667 0.000000 1.051753 0.000000 0.000000 1.000000 0.000000
0.999602 -0.028228 0.000000 36.776759 0.028228 0.999602 0.000000 1.114147 0.000000 0.000000 1.000000 0.000000
0.999463 -0.032775 0.000000 39.105872 0.032775 0.999463 0.000000 1.188562 0.000000 0.000000 1.000000 0.000000
0.999215 -0.039610 0.000000 41.484164 0.039610 0.999215 0.000000 1.276654 0.000000 0.000000 1.000000 0.000000
0.998903 -0.046836 0.000000 43.922198 0.046836 0.998903 0.000000 1.382531 0.000000 0.000000 1.000000 0.000000
0.998461 -0.055466 0.000000 46.381398 0.055466 0.998461 0.000000 1.510521 0.000000 0.000000 1.000000 0.000000
0.997814 -0.066087 0.000000 48.901020 0.066087 0.997814 0.000000 1.666434 0.000000 0.000000 1.000000 0.000000
0.996929 -0.078305 0.000000 51.470841 0.078305 0.996929 0.000000 1.853554 0.000000 0.000000 1.000000 0.000000
0.995803 -0.091523 0.000000 54.078910 0.091523 0.995803 0.000000 2.075195 0.000000 0.000000 1.000000 0.000000
0.994434 -0.105357 0.000000 56.721793 0.105357 0.994434 0.000000 2.336413 0.000000 0.000000 1.000000 0.000000
0.992962 -0.118435 0.000000 59.428858 0.118435 0.992962 0.000000 2.641395 0.000000 0.000000 1.000000 0.000000
0.991788 -0.127895 0.000000 62.196609 0.127895 0.991788 0.000000 2.984746 0.000000 0.000000 1.000000 0.000000
0.991024 -0.133683 0.000000 64.984362 0.133683 0.991024 0.000000 3.351337 0.000000 0.000000 1.000000 0.000000
0.990547 -0.137177 0.000000 67.821965 0.137177 0.990547 0.000000 3.738824 0.000000 0.000000 1.000000 0.000000
0.990398 -0.138246 0.000000 70.692289 0.138246 0.990398 0.000000 4.137425 0.000000 0.000000 1.000000 0.000000
0.991009 -0.133795 0.000000 73.608775 0.133795 0.991009 0.000000 4.537991 0.000000 0.000000 1.000000 0.000000
0.991669 -0.128812 0.000000 76.580957 0.128812 0.991669 0.000000 4.930454 0.000000 0.000000 1.000000 0.000000
0.992456 -0.122598 0.000000 79.587243 0.122598 0.992456 0.000000 5.311124 0.000000 0.000000 1.000000 0.000000
0.993207 -0.116360 0.000000 82.643263 0.116360 0.993207 0.000000 5.677907 0.000000 0.000000 1.000000 0.000000
0.993907 -0.110218 0.000000 85.743985 0.110218 0.993907 0.000000 6.031393 0.000000 0.000000 1.000000 0.000000
0.994533 -0.104426 0.000000 88.876547 0.104426 0.994533 0.000000 6.368803 0.000000 0.000000 1.000000 0.000000
0.994891 -0.100950 0.000000 92.058613 0.100950 0.994891 0.000000 6.695811 0.000000 0.000000 1.000000 0.000000
0.995172 -0.098141 0.000000 95.248546 0.098141 0.995172 0.000000 7.014971 0.000000 0.000000 1.000000 0.000000
0.995284 -0.096999 0.000000 98.432807 0.096999 0.995284 0.000000 7.327033 0.000000 0.000000 1.000000 0.000000
0.995344 -0.096386 0.000000 101.613163 0.096386 0.995344 0.000000 7.635481 0.000000 0.000000 1.000000 0.000000
0.995375 -0.096065 0.000000 104.772858 0.096065 0.995375 0.000000 7.941014 0.000000 0.000000 1.000000 0.000000
0.995547 -0.094264 0.000000 107.902552 0.094264 0.995547 0.000000 8.241297 0.000000 0.000000 1.000000 0.000000
0.995838 -0.091146 0.000000 111.028407 0.091146 0.995838 0.000000 8.532341 0.000000 0.000000 1.000000 0.000000
0.996116 -0.088050 0.000000 114.171637 0.088050 0.996116 0.000000 8.815147 0.000000 0.000000 1.000000 0.000000
0.996334 -0.085546 0.000000 117.324103 0.085546 0.996334 0.000000 9.089978 0.000000 0.000000 1.000000 0.000000
0.996302 -0.085922 0.000000 120.438093 0.085922 0.996302 0.000000 9.357290 0.000000 0.000000 1.000000 0.000000
0.996171 -0.087422 0.000000 123.556317 0.087422 0.996171 0.000000 9.628152 0.000000 0.000000 1.000000 0.000000
0.996050 -0.088797 0.000000 126.690105 0.088797 0.996050 0.000000 9.905090 0.000000 0.000000 1.000000 0.000000
0.995952 -0.089891 0.000000 129.811416 0.089891 0.995952 0.000000 10.185165 0.000000 0.000000 1.000000 0.000000
0.995952 -0.089890 0.000000 132.913294 0.089890 0.995952 0.000000 10.465219 0.000000 0.000000 1.000000 0.000000
0.996142 -0.087752 0.000000 136.017920 0.087752 0.996142 0.000000 10.742204 0.000000 0.000000 1.000000 0.000000
0.996341 -0.085466 0.000000 139.142049 0.085466 0.996341 0.000000 11.013444 0.000000 0.000000 1.000000 0.000000
0.996500 -0.083588 0.000000 142.252410 0.083588 0.996500 0.000000 11.276957 0.000000 0.000000 1.000000 0.000000
0.996441 -0.084299 0.000000 145.348009 0.084299 0.996441 0.000000 11.536608 0.000000 0.000000 1.000000 0.000000
0.996345 -0.085415 0.000000 148.436438 0.085415 0.996345 0.000000 11.799205 0.000000 0.000000 1.000000 0.000000
0.996431 -0.084409 0.000000 151.551728 0.084409 0.996431 0.000000 12.064945 0.000000 0.000000 1.000000 0.000000
0.996616 -0.082201 0.000000 154.647768 0.082201 0.996616 0.000000 12.323691 0.000000 0.000000 1.000000 0.000000
0.996782 -0.080157 0.000000 157.730114 0.080157 0.996782 0.000000 12.574512 0.000000 0.000000 1.000000 0.000000
0.996826 -0.079609 0.000000 160.809024 0.079609 0.996826 0.000000 12.820008 0.000000 0.000000 1.000000 0.000000
0.996683 -0.081377 0.000000 163.920763 0.081377 0.996683 0.000000 13.070388 0.000000 0.000000 1.000000 0.000000
0.996551 -0.082977 0.000000 167.016936 0.082977 0.996551 0.000000 13.324723 0.000000 0.000000 1.000000 0.000000
0.996426 -0.084468 0.000000 170.084942 0.084468 0.996426 0.000000 13.581907 0.000000 0.000000 1.000000 0.000000
0.996382 -0.084985 0.000000 173.173228 0.084985 0.996382 0.000000 13.844605 0.000000 0.000000 1.000000 0.000000
0.996323 -0.085674 0.000000 176.327202 0.085674 0.996323 0.000000 14.113783 0.000000 0.000000 1.000000 0.000000
0.996282 -0.086157 0.000000 179.402639 0.086157 0.996282 0.000000 14.378371 0.000000 0.000000 1.000000 0.000000
0.996232 -0.086730 0.000000 182.498246 0.086730 0.996232 0.000000 14.646638 0.000000 0.000000 1.000000 0.000000
0.996251 -0.086514 0.000000 185.602664 0.086514 0.996251 0.000000 14.917016 0.000000 0.000000 1.000000 0.000000
0.996356 -0.085297 0.000000 188.736140 0.085297 0.996356 0.000000 15.187008 0.000000 0.000000 1.000000 0.000000
0.996486 -0.083758 0.000000 191.849040 0.083758 0.996486 0.000000 15.451729 0.000000 0.000000 1.000000 0.000000
0.996551 -0.082981 0.000000 194.980276 0.082981 0.996551 0.000000 15.713967 0.000000 0.000000 1.000000 0.000000
0.996618 -0.082174 0.000000 198.100858 0.082174 0.996618 0.000000 15.972008 0.000000 0.000000 1.000000 0.000000
0.996466 -0.083996 0.000000 201.254111 0.083996 0.996466 0.000000 16.235143 0.000000 0.000000 1.000000 0.000000
0.996278 -0.086199 0.000000 204.406173 0.086199 0.996278 0.000000 16.504817 0.000000 0.000000 1.000000 0.000000
0.996157 -0.087584 0.000000 207.540738 0.087584 0.996157 0.000000 16.779216 0.000000 0.000000 1.000000 0.000000
0.996112 -0.088099 0.000000 210.678585 0.088099 0.996112 0.000000 17.056063 0.000000 0.000000 1.000000 0.000000
0.996156 -0.087598 0.000000 213.853446 0.087598 0.996156 0.000000 17.337941 0.000000 0.000000 1.000000 0.000000
0.996257 -0.086443 0.000000 216.989714 0.086443 0.996257 0.000000 17.612474 0.000000 0.000000 1.000000 0.000000
0.996373 -0.085091 0.000000 220.089026 0.085091 0.996373 0.000000 17.880097 0.000000 0.000000 1.000000 0.000000
0.996659 -0.081673 0.000000 223.167295 0.081673 0.996659 0.000000 18.138382 0.000000 0.000000 1.000000 0.000000
0.996933 -0.078260 0.000000 226.249880 0.078260 0.996933 0.000000 18.386723 0.000000 0.000000 1.000000 0.000000
0.997224 -0.074459 0.000000 229.294900 0.074459 0.997224 0.000000 18.620167 0.000000 0.000000 1.000000 0.000000
0.997339 -0.072901 0.000000 232.320492 0.072901 0.997339 0.000000 18.842661 0.000000 0.000000 1.000000 0.000000
0.997433 -0.071612 0.000000 235.347065 0.071612 0.997433 0.000000 19.061344 0.000000 0.000000 1.000000 0.000000
0.997357 -0.072658 0.000000 238.408199 0.072658 0.997357 0.000000 19.281216 0.000000 0.000000 1.000000 0.000000
0.997178 -0.075078 0.000000 241.451352 0.075078 0.997178 0.000000 19.504003 0.000000 0.000000 1.000000 0.000000
0.997057 -0.076670 0.000000 244.478626 0.076670 0.997057 0.000000 19.732062 0.000000 0.000000 1.000000 0.000000
0.997083 -0.076331 0.000000 247.496449 0.076331 0.997083 0.000000 19.961889 0.000000 0.000000 1.000000 0.000000
0.996830 -0.079556 0.000000 250.555319 0.079556 0.996830 0.000000 20.198530 0.000000 0.000000 1.000000 0.000000
0.996391 -0.084878 0.000000 253.592339 0.084878 0.996391 0.000000 20.446442 0.000000 0.000000 1.000000 0.000000
0.995963 -0.089766 0.000000 256.612299 0.089766 0.995963 0.000000 20.707599 0.000000 0.000000 1.000000 0.000000
0.995617 -0.093522 0.000000 259.631110 0.093522 0.995617 0.000000 20.983414 0.000000 0.000000 1.000000 0.000000
0.995524 -0.094508 0.000000 262.648832 0.094508 0.995524 0.000000 21.269822 0.000000 0.000000 1.000000 0.000000
0.995611 -0.093585 0.000000 265.681586 0.093585 0.995611 0.000000 21.558806 0.000000 0.000000 1.000000 0.000000
0.995920 -0.090243 0.000000 268.634810 0.090243 0.995920 0.000000 21.831868 0.000000 0.000000 1.000000 0.000000
0.996196 -0.087136 0.000000 271.577254 0.087136 0.996196 0.000000 22.094822 0.000000 0.000000 1.000000 0.000000
0.996485 -0.083776 0.000000 274.545044 0.083776 0.996485 0.000000 22.350215 0.000000 0.000000 1.000000 0.000000
0.996642 -0.081880 0.000000 277.465380 0.081880 0.996642 0.000000 22.593352 0.000000 0.000000 1.000000 0.000000
0.996683 -0.081379 0.000000 280.370008 0.081379 0.996683 0.000000 22.831926 0.000000 0.000000 1.000000 0.000000
0.996692 -0.081269 0.000000 283.273956 0.081269 0.996692 0.000000 23.068767 0.000000 0.000000 1.000000 0.000000
0.996739 -0.080690 0.000000 286.176453 0.080690 0.996739 0.000000 23.305261 0.000000 0.000000 1.000000 0.000000
0.996835 -0.079504 0.000000 289.072088 0.079504 0.996835 0.000000 23.538412 0.000000 0.000000 1.000000 0.000000
0.996914 -0.078501 0.000000 291.976142 0.078501 0.996914 0.000000 23.768707 0.000000 0.000000 1.000000 0.000000
0.996983 -0.077616 0.000000 294.886570 0.077616 0.996983 0.000000 23.996695 0.000000 0.000000 1.000000 0.000000
0.996989 -0.077544 0.000000 297.820498 0.077544 0.996989 0.000000 24.225083 0.000000 0.000000 1.000000 0.000000
0.996987 -0.077570 0.000000 300.770264 0.077570 0.996987 0.000000 24.454433 0.000000 0.000000 1.000000 0.000000
0.997026 -0.077065 0.000000 303.722132 0.077065 0.997026 0.000000 24.682658 0.000000 0.000000 1.000000 0.000000
0.997035 -0.076952 0.000000 306.701929 0.076952 0.997035 0.000000 24.912090 0.000000 0.000000 1.000000 0.000000
0.996916 -0.078477 0.000000 309.706722 0.078477 0.996916 0.000000 25.145718 0.000000 0.000000 1.000000 0.000000
0.996828 -0.079583 0.000000 312.736294 0.079583 0.996828 0.000000 25.385971 0.000000 0.000000 1.000000 0.000000
0.996762 -0.080404 0.000000 315.787475 0.080404 0.996762 0.000000 25.630290 0.000000 0.000000 1.000000 0.000000
0.996692 -0.081267 0.000000 318.878255 0.081267 0.996692 0.000000 25.881328 0.000000 0.000000 1.000000 0.000000
0.996677 -0.081453 0.000000 322.005557 0.081453 0.996677 0.000000 26.136656 0.000000 0.000000 1.000000 0.000000
0.996650 -0.081789 0.000000 325.138519 0.081789 0.996650 0.000000 26.393103 0.000000 0.000000 1.000000 0.000000
0.996665 -0.081599 0.000000 328.308344 0.081599 0.996665 0.000000 26.653686 0.000000 0.000000 1.000000 0.000000
0.996714 -0.081003 0.000000 331.506198 0.081003 0.996714 0.000000 26.913869 0.000000 0.000000 1.000000 0.000000
0.996736 -0.080727 0.000000 334.760213 0.080727 0.996736 0.000000 27.177243 0.000000 0.000000 1.000000 0.000000
0.996697 -0.081206 0.000000 338.014262 0.081206 0.996697 0.000000 27.440395 0.000000 0.000000 1.000000 0.000000
0.996652 -0.081763 0.000000 341.284293 0.081763 0.996652 0.000000 27.706498 0.000000 0.000000 1.000000 0.000000
0.996609 -0.082286 0.000000 344.587324 0.082286 0.996609 0.000000 27.978493 0.000000 0.000000 1.000000 0.000000
0.996614 -0.082222 0.000000 347.948033 0.082222 0.996614 0.000000 28.255060 0.000000 0.000000 1.000000 0.000000
0.996586 -0.082565 0.000000 351.315657 0.082565 0.996586 0.000000 28.532012 0.000000 0.000000 1.000000 0.000000
0.996568 -0.082780 0.000000 354.692945 0.082780 0.996568 0.000000 28.811872 0.000000 0.000000 1.000000 0.000000
0.996570 -0.082750 0.000000 358.116464 0.082750 0.996570 0.000000 29.094347 0.000000 0.000000 1.000000 0.000000
0.996567 -0.082786 0.000000 361.629864 0.082786 0.996567 0.000000 29.382779 0.000000 0.000000 1.000000 0.000000
0.996623 -0.082113 0.000000 365.092004 0.082113 0.996623 0.000000 29.667942 0.000000 0.000000 1.000000 0.000000
0.996714 -0.081003 0.000000 368.570264 0.081003 0.996714 0.000000 29.951593 0.000000 0.000000 1.000000 0.000000
0.996799 -0.079944 0.000000 372.098331 0.079944 0.996799 0.000000 30.235567 0.000000 0.000000 1.000000 0.000000
0.996878 -0.078953 0.000000 375.690573 0.078953 0.996878 0.000000 30.522253 0.000000 0.000000 1.000000 0.000000
0.996936 -0.078226 0.000000 379.254444 0.078226 0.996936 0.000000 30.802769 0.000000 0.000000 1.000000 0.000000
0.996963 -0.077874 0.000000 382.820883 0.077874 0.996963 0.000000 31.081136 0.000000 0.000000 1.000000 0.000000
0.996968 -0.077817 0.000000 386.433919 0.077817 0.996968 0.000000 31.361707 0.000000 0.000000 1.000000 0.000000
0.996931 -0.078284 0.000000 390.101408 0.078284 0.996931 0.000000 31.646896 0.000000 0.000000 1.000000 0.000000
0.996915 -0.078493 0.000000 393.735198 0.078493 0.996915 0.000000 31.931619 0.000000 0.000000 1.000000 0.000000
0.996897 -0.078711 0.000000 397.319356 0.078711 0.996897 0.000000 32.214001 0.000000 0.000000 1.000000 0.000000
0.996900 -0.078683 0.000000 400.913965 0.078683 0.996900 0.000000 32.498452 0.000000 0.000000 1.000000 0.000000
0.996902 -0.078655 0.000000 404.540833 0.078655 0.996902 0.000000 32.784897 0.000000 0.000000 1.000000 0.000000
0.996775 -0.080245 0.000000 408.135151 0.080245 0.996775 0.000000 33.070285 0.000000 0.000000 1.000000 0.000000
0.996591 -0.082498 0.000000 411.726826 0.082498 0.996591 0.000000 33.363190 0.000000 0.000000 1.000000 0.000000
0.996406 -0.084703 0.000000 415.339437 0.084703 0.996406 0.000000 33.666394 0.000000 0.000000 1.000000 0.000000
0.996262 -0.086386 0.000000 419.001318 0.086386 0.996262 0.000000 33.980249 0.000000 0.000000 1.000000 0.000000
0.996297 -0.085981 0.000000 422.613198 0.085981 0.996297 0.000000 34.292604 0.000000 0.000000 1.000000 0.000000
0.996413 -0.084624 0.000000 426.231034 0.084624 0.996413 0.000000 34.602665 0.000000 0.000000 1.000000 0.000000
0.996536 -0.083168 0.000000 429.888507 0.083168 0.996536 0.000000 34.910752 0.000000 0.000000 1.000000 0.000000
0.996627 -0.082069 0.000000 433.577344 0.082069 0.996627 0.000000 35.215277 0.000000 0.000000 1.000000 0.000000
0.996684 -0.081374 0.000000 437.232185 0.081374 0.996684 0.000000 35.514945 0.000000 0.000000 1.000000 0.000000
0.996733 -0.080763 0.000000 440.865215 0.080763 0.996733 0.000000 35.810368 0.000000 0.000000 1.000000 0.000000
0.996796 -0.079992 0.000000 444.555227 0.079992 0.996796 0.000000 36.107053 0.000000 0.000000 1.000000 0.000000
0.996870 -0.079061 0.000000 448.292513 0.079061 0.996870 0.000000 36.404035 0.000000 0.000000 1.000000 0.000000
0.996933 -0.078262 0.000000 451.980848 0.078262 0.996933 0.000000 36.694829 0.000000 0.000000 1.000000 0.000000
0.997001 -0.077388 0.000000 455.659465 0.077388 0.997001 0.000000 36.981358 0.000000 0.000000 1.000000 0.000000
0.997017 -0.077180 0.000000 459.389873 0.077180 0.997017 0.000000 37.270074 0.000000 0.000000 1.000000 0.000000
0.996968 -0.077812 0.000000 463.160277 0.077812 0.996968 0.000000 37.563808 0.000000 0.000000 1.000000 0.000000
0.996913 -0.078509 0.000000 466.878053 0.078509 0.996913 0.000000 37.855270 0.000000 0.000000 1.000000 0.000000
0.996876 -0.078977 0.000000 470.580539 0.078977 0.996876 0.000000 38.147909 0.000000 0.000000 1.000000 0.000000
0.996782 -0.080164 0.000000 474.353190 0.080164 0.996782 0.000000 38.449824 0.000000 0.000000 1.000000 0.000000
0.996665 -0.081605 0.000000 478.137049 0.081605 0.996665 0.000000 38.757531 0.000000 0.000000 1.000000 0.000000
0.996518 -0.083377 0.000000 481.889859 0.083377 0.996518 0.000000 39.067971 0.000000 0.000000 1.000000 0.000000
0.996405 -0.084715 0.000000 485.615635 0.084715 0.996405 0.000000 39.381851 0.000000 0.000000 1.000000 0.000000
0.996302 -0.085917 0.000000 489.353385 0.085917 0.996302 0.000000 39.702545 0.000000 0.000000 1.000000 0.000000
0.996291 -0.086042 0.000000 493.110222 0.086042 0.996291 0.000000 40.026558 0.000000 0.000000 1.000000 0.000000
0.996406 -0.084709 0.000000 496.795998 0.084709 0.996406 0.000000 40.343796 0.000000 0.000000 1.000000 0.000000
0.996559 -0.082885 0.000000 500.412325 0.082885 0.996559 0.000000 40.647901 0.000000 0.000000 1.000000 0.000000
0.996627 -0.082064 0.000000 504.077578 0.082064 0.996627 0.000000 40.951459 0.000000 0.000000 1.000000 0.000000
0.996648 -0.081814 0.000000 507.766543 0.081814 0.996648 0.000000 41.255313 0.000000 0.000000 1.000000 0.000000
0.996684 -0.081374 0.000000 511.379973 0.081374 0.996684 0.000000 41.550575 0.000000 0.000000 1.000000 0.000000
0.996703 -0.081139 0.000000 514.969195 0.081139 0.996703 0.000000 41.843602 0.000000 0.000000 1.000000 0.000000
0.996738 -0.080710 0.000000 518.579697 0.080710 0.996738 0.000000 42.137470 0.000000 0.000000 1.000000 0.000000
0.996784 -0.080135 0.000000 522.247227 0.080135 0.996784 0.000000 42.433078 0.000000 0.000000 1.000000 0.000000
0.996757 -0.080470 0.000000 525.845497 0.080470 0.996757 0.000000 42.721940 0.000000 0.000000 1.000000 0.000000
0.996685 -0.081360 0.000000 529.443563 0.081360 0.996685 0.000000 43.013668 0.000000 0.000000 1.000000 0.000000
0.996610 -0.082269 0.000000 533.058253 0.082269 0.996610 0.000000 43.309776 0.000000 0.000000 1.000000 0.000000
0.996557 -0.082911 0.000000 536.713930 0.082911 0.996557 0.000000 43.611975 0.000000 0.000000 1.000000 0.000000
0.996527 -0.083267 0.000000 540.325129 0.083267 0.996527 0.000000 43.912709 0.000000 0.000000 1.000000 0.000000
0.996506 -0.083527 0.000000 543.909918 0.083527 0.996506 0.000000 44.212431 0.000000 0.000000 1.000000 0.000000
0.996477 -0.083871 0.000000 547.532061 0.083871 0.996477 0.000000 44.517473 0.000000 0.000000 1.000000 0.000000
0.996534 -0.083187 0.000000 551.185104 0.083187 0.996534 0.000000 44.824554 0.000000 0.000000 1.000000 0.000000
0.996583 -0.082596 0.000000 554.795055 0.082596 0.996583 0.000000 45.125369 0.000000 0.000000 1.000000 0.000000
0.996655 -0.081722 0.000000 558.394491 0.081722 0.996655 0.000000 45.421682 0.000000 0.000000 1.000000 0.000000
0.996735 -0.080747 0.000000 562.045536 0.080747 0.996735 0.000000 45.720451 0.000000 0.000000 1.000000 0.000000
0.996750 -0.080559 0.000000 565.728113 0.080559 0.996750 0.000000 46.019353 0.000000 0.000000 1.000000 0.000000
0.996696 -0.081225 0.000000 569.352107 0.081225 0.996696 0.000000 46.314249 0.000000 0.000000 1.000000 0.000000
0.996602 -0.082366 0.000000 572.977454 0.082366 0.996602 0.000000 46.612483 0.000000 0.000000 1.000000 0.000000
0.996583 -0.082594 0.000000 576.647708 0.082594 0.996583 0.000000 46.916222 0.000000 0.000000 1.000000 0.000000
0.996461 -0.084051 0.000000 580.371370 0.084051 0.996461 0.000000 47.226488 0.000000 0.000000 1.000000 0.000000
0.996308 -0.085851 0.000000 584.019895 0.085851 0.996308 0.000000 47.537677 0.000000 0.000000 1.000000 0.000000
0.996347 -0.085401 0.000000 587.658809 0.085401 0.996347 0.000000 47.851717 0.000000 0.000000 1.000000 0.000000
0.996616 -0.082199 0.000000 591.353685 0.082199 0.996616 0.000000 48.163107 0.000000 0.000000 1.000000 0.000000
0.996834 -0.079516 0.000000 595.091403 0.079516 0.996834 0.000000 48.468049 0.000000 0.000000 1.000000 0.000000
0.997035 -0.076947 0.000000 598.794015 0.076947 0.997035 0.000000 48.759024 0.000000 0.000000 1.000000 0.000000
0.997029 -0.077025 0.000000 602.485571 0.077025 0.997029 0.000000 49.042598 0.000000 0.000000 1.000000 0.000000
0.996902 -0.078650 0.000000 606.235866 0.078650 0.996902 0.000000 49.336399 0.000000 0.000000 1.000000 0.000000
0.996792 -0.080035 0.000000 610.022043 0.080035 0.996792 0.000000 49.637139 0.000000 0.000000 1.000000 0.000000
0.996624 -0.082105 0.000000 613.744289 0.082105 0.996624 0.000000 49.940030 0.000000 0.000000 1.000000 0.000000
0.996536 -0.083159 0.000000 617.454233 0.083159 0.996536 0.000000 50.247567 0.000000 0.000000 1.000000 0.000000
0.996481 -0.083815 0.000000 621.211105 0.083815 0.996481 0.000000 50.561417 0.000000 0.000000 1.000000 0.000000
0.996604 -0.082346 0.000000 625.029107 0.082346 0.996604 0.000000 50.879216 0.000000 0.000000 1.000000 0.000000
0.996675 -0.081484 0.000000 628.785896 0.081484 0.996675 0.000000 51.187625 0.000000 0.000000 1.000000 0.000000
0.996785 -0.080117 0.000000 632.539521 0.080117 0.996785 0.000000 51.491829 0.000000 0.000000 1.000000 0.000000
0.996876 -0.078986 0.000000 636.365806 0.078986 0.996876 0.000000 51.798994 0.000000 0.000000 1.000000 0.000000
0.996987 -0.077566 0.000000 640.179452 0.077566 0.996987 0.000000 52.099152 0.000000 0.000000 1.000000 0.000000
0.997047 -0.076796 0.000000 643.973118 0.076796 0.997047 0.000000 52.391577 0.000000 0.000000 1.000000 0.000000
0.996950 -0.078044 0.000000 647.686685 0.078044 0.996950 0.000000 52.679294 0.000000 0.000000 1.000000 0.000000
0.996875 -0.078990 0.000000 651.457366 0.078990 0.996875 0.000000 52.977912 0.000000 0.000000 1.000000 0.000000
0.996788 -0.080079 0.000000 655.236911 0.080079 0.996788 0.000000 53.280275 0.000000 0.000000 1.000000 0.000000
0.996640 -0.081903 0.000000 658.932626 0.081903 0.996640 0.000000 53.580062 0.000000 0.000000 1.000000 0.000000
0.996496 -0.083642 0.000000 662.616050 0.083642 0.996496 0.000000 53.886444 0.000000 0.000000 1.000000 0.000000
0.996410 -0.084660 0.000000 666.346979 0.084660 0.996410 0.000000 54.201568 0.000000 0.000000 1.000000 0.000000
0.996418 -0.084561 0.000000 670.100850 0.084561 0.996418 0.000000 54.521405 0.000000 0.000000 1.000000 0.000000
0.996500 -0.083589 0.000000 673.794113 0.083589 0.996500 0.000000 54.833185 0.000000 0.000000 1.000000 0.000000
0.996604 -0.082344 0.000000 677.477746 0.082344 0.996604 0.000000 55.140025 0.000000 0.000000 1.000000 0.000000
0.996673 -0.081500 0.000000 681.219396 0.081500 0.996673 0.000000 55.448683 0.000000 0.000000 1.000000 0.000000
0.996700 -0.081175 0.000000 684.995543 0.081175 0.996700 0.000000 55.758184 0.000000 0.000000 1.000000 0.000000
0.996693 -0.081261 0.000000 688.697684 0.081261 0.996693 0.000000 56.060156 0.000000 0.000000 1.000000 0.000000
0.996695 -0.081235 0.000000 692.385572 0.081235 0.996695 0.000000 56.361035 0.000000 0.000000 1.000000 0.000000
0.996870 -0.079053 0.000000 696.098006 0.079053 0.996870 0.000000 56.662616 0.000000 0.000000 1.000000 0.000000
0.997000 -0.077401 0.000000 699.860535 0.077401 0.997000 0.000000 56.959519 0.000000 0.000000 1.000000 0.000000
0.996985 -0.077599 0.000000 703.548656 0.077599 0.996985 0.000000 57.245531 0.000000 0.000000 1.000000 0.000000
0.996948 -0.078071 0.000000 707.207358 0.078071 0.996948 0.000000 57.532038 0.000000 0.000000 1.000000 0.000000
0.996967 -0.077826 0.000000 710.935168 0.077826 0.996967 0.000000 57.827322 0.000000 0.000000 1.000000 0.000000
0.996996 -0.077455 0.000000 714.695938 0.077455 0.996996 0.000000 58.123261 0.000000 0.000000 1.000000 0.000000
0.996964 -0.077870 0.000000 718.378938 0.077870 0.996964 0.000000 58.409729 0.000000 0.000000 1.000000 0.000000
0.996876 -0.078985 0.000000 722.074250 0.078985 0.996876 0.000000 58.700385 0.000000 0.000000 1.000000 0.000000
0.996793 -0.080027 0.000000 725.759546 0.080027 0.996793 0.000000 58.994798 0.000000 0.000000 1.000000 0.000000
0.996803 -0.079897 0.000000 729.517070 0.079897 0.996803 0.000000 59.297582 0.000000 0.000000 1.000000 0.000000
0.996908 -0.078579 0.000000 733.212889 0.078579 0.996908 0.000000 59.591318 0.000000 0.000000 1.000000 0.000000
0.997003 -0.077362 0.000000 736.887866 0.077362 0.997003 0.000000 59.878054 0.000000 0.000000 1.000000 0.000000
0.997058 -0.076651 0.000000 740.615293 0.076651 0.997058 0.000000 60.167514 0.000000 0.000000 1.000000 0.000000
0.996985 -0.077590 0.000000 744.384959 0.077590 0.996985 0.000000 60.461169 0.000000 0.000000 1.000000 0.000000
0.996926 -0.078350 0.000000 748.085351 0.078350 0.996926 0.000000 60.750872 0.000000 0.000000 1.000000 0.000000
0.996923 -0.078385 0.000000 751.769502 0.078385 0.996923 0.000000 61.040219 0.000000 0.000000 1.000000 0.000000
0.996932 -0.078276 0.000000 755.506403 0.078276 0.996932 0.000000 61.334583 0.000000 0.000000 1.000000 0.000000
0.996971 -0.077775 0.000000 759.267774 0.077775 0.996971 0.000000 61.629603 0.000000 0.000000 1.000000 0.000000
0.996973 -0.077744 0.000000 762.968352 0.077744 0.996973 0.000000 61.918546 0.000000 0.000000 1.000000 0.000000
0.996974 -0.077739 0.000000 766.650230 0.077739 0.996974 0.000000 62.205748 0.000000 0.000000 1.000000 0.000000
0.997010 -0.077276 0.000000 770.384108 0.077276 0.997010 0.000000 62.498397 0.000000 0.000000 1.000000 0.000000
0.997057 -0.076664 0.000000 774.166391 0.076664 0.997057 0.000000 62.792603 0.000000 0.000000 1.000000 0.000000
0.997099 -0.076113 0.000000 777.879589 0.076113 0.997099 0.000000 63.076982 0.000000 0.000000 1.000000 0.000000
0.997105 -0.076031 0.000000 781.596714 0.076031 0.997105 0.000000 63.359516 0.000000 0.000000 1.000000 0.000000
0.997004 -0.077356 0.000000 785.319321 0.077356 0.997004 0.000000 63.645823 0.000000 0.000000 1.000000 0.000000
0.996902 -0.078648 0.000000 789.123381 0.078648 0.996902 0.000000 63.944435 0.000000 0.000000 1.000000 0.000000
0.996878 -0.078958 0.000000 792.828616 0.078958 0.996878 0.000000 64.238360 0.000000 0.000000 1.000000 0.000000
0.997025 -0.077081 0.000000 796.521245 0.077081 0.997025 0.000000 64.527201 0.000000 0.000000 1.000000 0.000000
0.997175 -0.075119 0.000000 800.263760 0.075119 0.997175 0.000000 64.815988 0.000000 0.000000 1.000000 0.000000
0.997294 -0.073523 0.000000 804.043901 0.073523 0.997294 0.000000 65.099921 0.000000 0.000000 1.000000 0.000000
0.997305 -0.073362 0.000000 807.762014 0.073362 0.997305 0.000000 65.373763 0.000000 0.000000 1.000000 0.000000
0.997302 -0.073404 0.000000 811.470666 0.073404 0.997302 0.000000 65.647335 0.000000 0.000000 1.000000 0.000000
0.997323 -0.073127 0.000000 815.230964 0.073127 0.997323 0.000000 65.925226 0.000000 0.000000 1.000000 0.000000
0.997367 -0.072524 0.000000 819.027709 0.072524 0.997367 0.000000 66.202701 0.000000 0.000000 1.000000 0.000000
0.997362 -0.072582 0.000000 822.748467 0.072582 0.997362 0.000000 66.473222 0.000000 0.000000 1.000000 0.000000
0.997291 -0.073562 0.000000 826.456433 0.073562 0.997291 0.000000 66.745163 0.000000 0.000000 1.000000 0.000000
0.997278 -0.073733 0.000000 830.238670 0.073733 0.997278 0.000000 67.025271 0.000000 0.000000 1.000000 0.000000
0.997254 -0.074061 0.000000 834.049063 0.074061 0.997254 0.000000 67.307877 0.000000 0.000000 1.000000 0.000000
0.997195 -0.074848 0.000000 837.781517 0.074848 0.997195 0.000000 67.586449 0.000000 0.000000 1.000000 0.000000
0.997158 -0.075339 0.000000 841.496211 0.075339 0.997158 0.000000 67.865747 0.000000 0.000000 1.000000 0.000000
0.997096 -0.076156 0.000000 845.270549 0.076156 0.997096 0.000000 68.153043 0.000000 0.000000 1.000000 0.000000
0.997060 -0.076618 0.000000 849.075069 0.076618 0.997060 0.000000 68.444608 0.000000 0.000000 1.000000 0.000000
0.997014 -0.077219 0.000000 852.807968 0.077219 0.997014 0.000000 68.732492 0.000000 0.000000 1.000000 0.000000
0.996973 -0.077745 0.000000 856.533790 0.077745 0.996973 0.000000 69.021403 0.000000 0.000000 1.000000 0.000000
0.996949 -0.078062 0.000000 860.315659 0.078062 0.996949 0.000000 69.317769 0.000000 0.000000 1.000000 0.000000
0.996949 -0.078059 0.000000 864.112306 0.078059 0.996949 0.000000 69.615810 0.000000 0.000000 1.000000 0.000000
0.996896 -0.078734 0.000000 867.823683 0.078734 0.996896 0.000000 69.907701 0.000000 0.000000 1.000000 0.000000
0.996848 -0.079333 0.000000 871.501860 0.079333 0.996848 0.000000 70.198775 0.000000 0.000000 1.000000 0.000000
0.996782 -0.080158 0.000000 875.212018 0.080158 0.996782 0.000000 70.494209 0.000000 0.000000 1.000000 0.000000
0.996753 -0.080517 0.000000 878.954998 0.080517 0.996753 0.000000 70.795141 0.000000 0.000000 1.000000 0.000000
0.996923 -0.078387 0.000000 882.619680 0.078387 0.996923 0.000000 71.087857 0.000000 0.000000 1.000000 0.000000
0.997083 -0.076327 0.000000 886.279242 0.076327 0.997083 0.000000 71.371355 0.000000 0.000000 1.000000 0.000000
0.997113 -0.075937 0.000000 889.971540 0.075937 0.997113 0.000000 71.651007 0.000000 0.000000 1.000000 0.000000
0.997055 -0.076686 0.000000 893.700049 0.076686 0.997055 0.000000 71.935106 0.000000 0.000000 1.000000 0.000000
0.997035 -0.076947 0.000000 897.367439 0.076947 0.997035 0.000000 72.217196 0.000000 0.000000 1.000000 0.000000
0.997002 -0.077378 0.000000 901.011547 0.077378 0.997002 0.000000 72.499220 0.000000 0.000000 1.000000 0.000000
0.996952 -0.078013 0.000000 904.723091 0.078013 0.996952 0.000000 72.784069 0.000000 0.000000 1.000000 0.000000
0.996968 -0.077813 0.000000 908.455155 0.077813 0.996968 0.000000 73.073427 0.000000 0.000000 1.000000 0.000000
0.997121 -0.075822 0.000000 912.128877 0.075822 0.997121 0.000000 73.356517 0.000000 0.000000 1.000000 0.000000
0.997244 -0.074193 0.000000 915.783676 0.074193 0.997244 0.000000 73.630836 0.000000 0.000000 1.000000 0.000000
0.997283 -0.073670 0.000000 919.480992 0.073670 0.997283 0.000000 73.900360 0.000000 0.000000 1.000000 0.000000
0.997122 -0.075810 0.000000 923.198613 0.075810 0.997122 0.000000 74.174486 0.000000 0.000000 1.000000 0.000000
0.996982 -0.077638 0.000000 926.860801 0.077638 0.996982 0.000000 74.456408 0.000000 0.000000 1.000000 0.000000
0.996898 -0.078707 0.000000 930.509890 0.078707 0.996898 0.000000 74.741984 0.000000 0.000000 1.000000 0.000000
0.996643 -0.081868 0.000000 934.205127 0.081868 0.996643 0.000000 75.020569 0.000000 0.000000 1.000000 0.000000
0.996279 -0.086188 0.000000 937.924684 0.086188 0.996279 0.000000 75.319283 0.000000 0.000000 1.000000 0.000000
0.996323 -0.085675 0.000000 941.581144 0.085675 0.996323 0.000000 75.634656 0.000000 0.000000 1.000000 0.000000
0.996458 -0.084086 0.000000 945.228369 0.084086 0.996458 0.000000 75.945036 0.000000 0.000000 1.000000 0.000000
0.996481 -0.083820 0.000000 948.941707 0.083820 0.996481 0.000000 76.246578 0.000000 0.000000 1.000000 0.000000
0.996388 -0.084919 0.000000 952.660205 0.084919 0.996388 0.000000 76.550390 0.000000 0.000000 1.000000 0.000000
0.996440 -0.084301 0.000000 956.311408 0.084301 0.996440 0.000000 76.858811 0.000000 0.000000 1.000000 0.000000
0.996530 -0.083240 0.000000 959.925303 0.083240 0.996530 0.000000 77.161887 0.000000 0.000000 1.000000 0.000000
0.996557 -0.082916 0.000000 963.619879 0.082916 0.996557 0.000000 77.458143 0.000000 0.000000 1.000000 0.000000
0.996802 -0.079913 0.000000 967.316492 0.079913 0.996802 0.000000 77.752704 0.000000 0.000000 1.000000 0.000000
0.997278 -0.073737 0.000000 970.960509 0.073737 0.997278 0.000000 78.033278 0.000000 0.000000 1.000000 0.000000
0.997736 -0.067252 0.000000 974.588716 0.067252 0.997736 0.000000 78.289328 0.000000 0.000000 1.000000 0.000000
0.998074 -0.062035 0.000000 978.261282 0.062035 0.998074 0.000000 78.516330 0.000000 0.000000 1.000000 0.000000
0.998333 -0.057717 0.000000 981.957979 0.057717 0.998333 0.000000 78.730673 0.000000 0.000000 1.000000 0.000000
0.998723 -0.050517 0.000000 985.590737 0.050517 0.998723 0.000000 78.927058 0.000000 0.000000 1.000000 0.000000
0.999118 -0.041998 0.000000 989.213013 0.041998 0.999118 0.000000 79.095163 0.000000 0.000000 1.000000 0.000000
0.999386 -0.035039 0.000000 992.891578 0.035039 0.999386 0.000000 79.228864 0.000000 0.000000 1.000000 0.000000
0.999584 -0.028848 0.000000 996.582546 0.028848 0.999584 0.000000 79.343070 0.000000 0.000000 1.000000 0.000000
0.999775 -0.021202 0.000000 1000.218743 0.021202 0.999775 0.000000 79.433785 0.000000 0.000000 1.000000 0.000000
0.999842 -0.017793 0.000000 1003.849546 0.017793 0.999842 0.000000 79.502272 0.000000 0.000000 1.000000 0.000000
0.999798 -0.020080 0.000000 1007.509090 0.020080 0.999798 0.000000 79.566630 0.000000 0.000000 1.000000 0.000000
0.999753 -0.022204 0.000000 1011.209353 0.022204 0.999753 0.000000 79.643901 0.000000 0.000000 1.000000 0.000000
0.999762 -0.021828 0.000000 1014.838348 0.021828 0.999762 0.000000 79.724900 0.000000 0.000000 1.000000 0.000000
0.999823 -0.018826 0.000000 1018.472511 0.018826 0.999823 0.000000 79.799230 0.000000 0.000000 1.000000 0.000000
0.999900 -0.014116 0.000000 1022.134744 0.014116 0.999900 0.000000 79.860108 0.000000 0.000000 1.000000 0.000000
0.999951 -0.009857 0.000000 1025.817270 0.009857 0.999951 0.000000 79.906533 0.000000 0.000000 1.000000 0.000000
0.999976 -0.006878 0.000000 1029.450724 0.006878 0.999976 0.000000 79.936648 0.000000 0.000000 1.000000 0.000000
0.999976 -0.006905 0.000000 1033.056603 0.006905 0.999976 0.000000 79.961189 0.000000 0.000000 1.000000 0.000000
0.999978 -0.006707 0.000000 1036.711179 0.006707 0.999978 0.000000 79.991261 0.000000 0.000000 1.000000 0.000000
0.999980 -0.006249 0.000000 1040.389896 0.006249 0.999980 0.000000 80.020781 0.000000 0.000000 1.000000 0.000000
0.999977 -0.006767 0.000000 1044.002470 0.006767 0.999977 0.000000 80.044633 0.000000 0.000000 1.000000 0.000000
0.999969 -0.007928 0.000000 1047.601586 0.007928 0.999969 0.000000 80.070699 0.000000 0.000000 1.000000 0.000000
0.999968 -0.007988 0.000000 1051.245154 0.007988 0.999968 0.000000 80.110278 0.000000 0.000000 1.000000 0.000000
0.999973 -0.007289 0.000000 1054.901042 0.007289 0.999973 0.000000 80.146806 0.000000 0.000000 1.000000 0.000000
0.999964 -0.008426 0.000000 1058.503688 0.008426 0.999964 0.000000 80.176707 0.000000 0.000000 1.000000 0.000000
0.999954 -0.009594 0.000000 1062.096196 0.009594 0.999954 0.000000 80.209349 0.000000 0.000000 1.000000 0.000000
0.999978 -0.006657 0.000000 1065.729788 0.006657 0.999978 0.000000 80.256216 0.000000 0.000000 1.000000 0.000000
1.000000 0.000599 0.000000 1069.384413 -0.000599 1.000000 -0.000000 80.280404 -0.000000 0.000000 1.000000 0.000000
0.999988 0.004956 0.000000 1072.971413 -0.004956 0.999988 -0.000000 80.270888 -0.000000 0.000000 1.000000 0.000000
0.999961 0.008787 0.000000 1076.549883 -0.008787 0.999961 -0.000000 80.246852 -0.000000 0.000000 1.000000 0.000000
0.999891 0.014750 0.000000 1080.172166 -0.014750 0.999891 -0.000000 80.218010 -0.000000 0.000000 1.000000 0.000000
0.999792 0.020401 0.000000 1083.802188 -0.020401 0.999792 -0.000000 80.161550 -0.000000 0.000000 1.000000 0.000000
0.999805 0.019727 0.000000 1087.376028 -0.019727 0.999805 -0.000000 80.090087 -0.000000 0.000000 1.000000 0.000000
0.999826 0.018658 0.000000 1090.933395 -0.018658 0.999826 -0.000000 80.021593 -0.000000 0.000000 1.000000 0.000000
0.999826 0.018627 0.000000 1094.521310 -0.018627 0.999826 -0.000000 79.960917 -0.000000 0.000000 1.000000 0.000000
0.999816 0.019188 0.000000 1098.155045 -0.019188 0.999816 -0.000000 79.893155 -0.000000 0.000000 1.000000 0.000000
0.999846 0.017521 0.000000 1101.722462 -0.017521 0.999846 -0.000000 79.827575 -0.000000 0.000000 1.000000 0.000000
0.999874 0.015877 0.000000 1105.288389 -0.015877 0.999874 -0.000000 79.768200 -0.000000 0.000000 1.000000 0.000000
0.999890 0.014811 0.000000 1108.890990 -0.014811 0.999890 -0.000000 79.714107 -0.000000 0.000000 1.000000 0.000000
0.999886 0.015107 0.000000 1112.498330 -0.015107 0.999886 -0.000000 79.660602 -0.000000 0.000000 1.000000 0.000000
0.999885 0.015169 0.000000 1116.059238 -0.015169 0.999885 -0.000000 79.606286 -0.000000 0.000000 1.000000 0.000000
0.999884 0.015230 0.000000 1119.616995 -0.015230 0.999884 -0.000000 79.551662 -0.000000 0.000000 1.000000 0.000000
0.999883 0.015275 0.000000 1123.196269 -0.015275 0.999883 -0.000000 79.498923 -0.000000 0.000000 1.000000 0.000000
0.999899 0.014247 0.000000 1126.805315 -0.014247 0.999899 -0.000000 79.446508 -0.000000 0.000000 1.000000 0.000000
0.999914 0.013149 0.000000 1130.353742 -0.013149 0.999914 -0.000000 79.398393 -0.000000 0.000000 1.000000 0.000000
0.999927 0.012073 0.000000 1133.895970 -0.012073 0.999927 -0.000000 79.353774 -0.000000 0.000000 1.000000 0.000000
0.999940 0.010990 0.000000 1137.479939 -0.010990 0.999940 -0.000000 79.310954 -0.000000 0.000000 1.000000 0.000000
0.999941 0.010831 0.000000 1141.099432 -0.010831 0.999941 -0.000000 79.271213 -0.000000 0.000000 1.000000 0.000000
0.999908 0.013566 0.000000 1144.632196 -0.013566 0.999908 -0.000000 79.228472 -0.000000 0.000000 1.000000 0.000000
0.999873 0.015942 0.000000 1148.153299 -0.015942 0.999873 -0.000000 79.176221 -0.000000 0.000000 1.000000 0.000000
0.999850 0.017300 0.000000 1151.717667 -0.017300 0.999850 -0.000000 79.116557 -0.000000 0.000000 1.000000 0.000000
0.999849 0.017368 0.000000 1155.315123 -0.017368 0.999849 -0.000000 79.054013 -0.000000 0.000000 1.000000 0.000000
0.999841 0.017804 0.000000 1158.848883 -0.017804 0.999841 -0.000000 78.992562 -0.000000 0.000000 1.000000 0.000000
0.999828 0.018525 0.000000 1162.376058 -0.018525 0.999828 -0.000000 78.928420 -0.000000 0.000000 1.000000 0.000000
0.999815 0.019231 0.000000 1165.937251 -0.019231 0.999815 -0.000000 78.859232 -0.000000 0.000000 1.000000 0.000000
0.999812 0.019411 0.000000 1169.514562 -0.019411 0.999812 -0.000000 78.789201 -0.000000 0.000000 1.000000 0.000000
0.999793 0.020336 0.000000 1173.035485 -0.020336 0.999793 -0.000000 78.719490 -0.000000 0.000000 1.000000 0.000000
0.999777 0.021103 0.000000 1176.541216 -0.021103 0.999777 -0.000000 78.645956 -0.000000 0.000000 1.000000 0.000000
0.999758 0.022006 0.000000 1180.084669 -0.022006 0.999758 -0.000000 78.569837 -0.000000 0.000000 1.000000 0.000000
0.999742 0.022693 0.000000 1183.659226 -0.022693 0.999742 -0.000000 78.489582 -0.000000 0.000000 1.000000 0.000000
0.999728 0.023338 0.000000 1187.174737 -0.023338 0.999728 -0.000000 78.407821 -0.000000 0.000000 1.000000 0.000000
0.999723 0.023555 0.000000 1190.678743 -0.023555 0.999723 -0.000000 78.325303 -0.000000 0.000000 1.000000 0.000000
0.999741 0.022750 0.000000 1194.231103 -0.022750 0.999741 -0.000000 78.242695 -0.000000 0.000000 1.000000 0.000000
0.999777 0.021117 0.000000 1197.797910 -0.021117 0.999777 -0.000000 78.165709 -0.000000 0.000000 1.000000 0.000000
0.999802 0.019897 0.000000 1201.292397 -0.019897 0.999802 -0.000000 78.093701 -0.000000 0.000000 1.000000 0.000000
0.999813 0.019329 0.000000 1204.750826 -0.019329 0.999813 -0.000000 78.025488 -0.000000 0.000000 1.000000 0.000000
