1.000000 0.000000 0.000000 0.000000 0.000000 1.000000 0.000000 0.000000 0.000000 0.000000 1.000000 0.000000
1.000000 0.000101 0.000000 0.000511 -0.000101 1.000000 0.000000 -0.009200 0.000000 0.000000 1.000000 0.000000
1.000000 0.000090 0.000000 -0.000964 -0.000090 1.000000 0.000000 -0.002011 0.000000 0.000000 1.000000 0.000000
1.000000 0.000043 0.000000 0.004377 -0.000043 1.000000 0.000000 0.002622 0.000000 0.000000 1.000000 0.000000
1.000000 0.000257 0.000000 0.000958 -0.000257 1.000000 0.000000 -0.001020 0.000000 0.000000 1.000000 0.000000
1.000000 0.000279 0.000000 0.003599 -0.000279 1.000000 0.000000 -0.001803 0.000000 0.000000 1.000000 0.000000
1.000000 0.000253 0.000000 0.002594 -0.000253 1.000000 0.000000 -0.004249 0.000000 0.000000 1.000000 0.000000
1.000000 0.000178 0.000000 -0.003849 -0.000178 1.000000 0.000000 -0.000895 0.000000 0.000000 1.000000 0.000000
1.000000 0.000154 0.000000 0.002437 -0.000154 1.000000 0.000000 -0.006106 0.000000 0.000000 1.000000 0.000000
1.000000 0.000107 0.000000 0.000750 -0.000107 1.000000 0.000000 -0.014666 0.000000 0.000000 1.000000 0.000000
1.000000 0.000108 0.000000 0.001259 -0.000108 1.000000 0.000000 -0.012648 0.000000 0.000000 1.000000 0.000000
1.000000 0.000184 0.000000 -0.000769 -0.000184 1.000000 0.000000 -0.011349 0.000000 0.000000 1.000000 0.000000
1.000000 0.000194 0.000000 0.002810 -0.000194 1.000000 0.000000 -0.001587 0.000000 0.000000 1.000000 0.000000
1.000000 -0.000045 0.000000 -0.001137 0.000045 1.000000 0.000000 -0.006477 0.000000 0.000000 1.000000 0.000000
1.000000 0.000020 0.000000 0.004964 -0.000020 1.000000 0.000000 -0.001423 0.000000 0.000000 1.000000 0.000000
1.000000 0.000167 0.000000 -0.003483 -0.000167 1.000000 0.000000 -0.009662 0.000000 0.000000 1.000000 0.000000
1.000000 0.000018 0.000000 -0.000917 -0.000018 1.000000 0.000000 -0.000145 0.000000 0.000000 1.000000 0.000000
1.000000 -0.000005 0.000000 -0.003501 0.000005 1.000000 0.000000 -0.003661 0.000000 0.000000 1.000000 0.000000
1.000000 0.000023 0.000000 0.001292 -0.000023 1.000000 0.000000 -0.004092 0.000000 0.000000 1.000000 0.000000
1.000000 0.000075 0.000000 -0.006415 -0.000075 1.000000 0.000000 -0.005460 0.000000 0.000000 1.000000 0.000000
1.000000 0.000059 0.000000 -0.001749 -0.000059 1.000000 0.000000 -0.004104 0.000000 0.000000 1.000000 0.000000
1.000000 0.000147 0.000000 -0.001922 -0.000147 1.000000 0.000000 -0.006141 0.000000 0.000000 1.000000 0.000000
1.000000 0.000082 0.000000 0.000087 -0.000082 1.000000 0.000000 -0.004000 0.000000 0.000000 1.000000 0.000000
1.000000 0.000250 0.000000 -0.001306 -0.000250 1.000000 0.000000 0.002601 0.000000 0.000000 1.000000 0.000000
1.000000 0.000042 0.000000 0.004538 -0.000042 1.000000 0.000000 -0.005570 0.000000 0.000000 1.000000 0.000000
1.000000 -0.000168 0.000000 -0.004222 0.000168 1.000000 0.000000 -0.006840 0.000000 0.000000 1.000000 0.000000
1.000000 -0.000106 0.000000 0.001839 0.000106 1.000000 0.000000 0.000842 0.000000 0.000000 1.000000 0.000000
1.000000 -0.000027 0.000000 -0.000116 0.000027 1.000000 0.000000 0.001579 0.000000 0.000000 1.000000 0.000000
1.000000 0.000162 0.000000 -0.002257 -0.000162 1.000000 0.000000 0.004459 0.000000 0.000000 1.000000 0.000000
1.000000 -0.000002 0.000000 -0.007379 0.000002 1.000000 0.000000 0.000652 0.000000 0.000000 1.000000 0.000000
1.000000 0.000068 0.000000 0.008847 -0.000068 1.000000 0.000000 0.005351 0.000000 0.000000 1.000000 0.000000
1.000000 0.000235 0.000000 0.008002 -0.000235 1.000000 0.000000 0.005156 0.000000 0.000000 1.000000 0.000000
1.000000 0.000210 0.000000 0.007191 -0.000210 1.000000 0.000000 0.005371 0.000000 0.000000 1.000000 0.000000
1.000000 0.000088 0.000000 -0.002119 -0.000088 1.000000 0.000000 0.005822 0.000000 0.000000 1.000000 0.000000
1.000000 0.000108 0.000000 -0.004493 -0.000108 1.000000 0.000000 0.006803 0.000000 0.000000 1.000000 0.000000
1.000000 0.000033 0.000000 -0.007063 -0.000033 1.000000 0.000000 -0.000813 0.000000 0.000000 1.000000 0.000000
1.000000 -0.000282 0.000000 -0.002743 0.000282 1.000000 0.000000 -0.003755 0.000000 0.000000 1.000000 0.000000
1.000000 0.000045 0.000000 -0.007405 -0.000045 1.000000 0.000000 0.010922 0.000000 0.000000 1.000000 0.000000
1.000000 0.000446 0.000000 -0.009410 -0.000446 1.000000 0.000000 -0.005369 0.000000 0.000000 1.000000 0.000000
1.000000 0.000395 0.000000 -0.008483 -0.000395 1.000000 0.000000 -0.005551 0.000000 0.000000 1.000000 0.000000
1.000000 0.000241 0.000000 -0.010364 -0.000241 1.000000 0.000000 0.008067 0.000000 0.000000 1.000000 0.000000
1.000000 0.000250 0.000000 -0.002321 -0.000250 1.000000 0.000000 -0.001288 0.000000 0.000000 1.000000 0.000000
1.000000 0.000410 0.000000 0.002271 -0.000410 1.000000 0.000000 0.000089 0.000000 0.000000 1.000000 0.000000
1.000000 0.000106 0.000000 -0.001336 -0.000106 1.000000 0.000000 -0.006623 0.000000 0.000000 1.000000 0.000000
1.000000 0.000306 0.000000 -0.003726 -0.000306 1.000000 0.000000 -0.007343 0.000000 0.000000 1.000000 0.000000
1.000000 0.000092 0.000000 -0.003504 -0.000092 1.000000 0.000000 0.001413 0.000000 0.000000 1.000000 0.000000
1.000000 0.000245 0.000000 0.004211 -0.000245 1.000000 0.000000 0.007734 0.000000 0.000000 1.000000 0.000000
1.000000 0.000566 0.000000 -0.000688 -0.000566 1.000000 0.000000 -0.001309 0.000000 0.000000 1.000000 0.000000
1.000000 0.000456 0.000000 -0.000729 -0.000456 1.000000 0.000000 -0.000539 0.000000 0.000000 1.000000 0.000000
1.000000 -0.000012 0.000000 0.002896 0.000012 1.000000 0.000000 -0.014432 0.000000 0.000000 1.000000 0.000000
1.000000 -0.000163 0.000000 -0.002868 0.000163 1.000000 0.000000 -0.014645 0.000000 0.000000 1.000000 0.000000
1.000000 0.000164 0.000000 -0.001120 -0.000164 1.000000 0.000000 -0.001967 0.000000 0.000000 1.000000 0.000000
1.000000 0.000171 0.000000 -0.004319 -0.000171 1.000000 0.000000 -0.011463 0.000000 0.000000 1.000000 0.000000
1.000000 0.000194 0.000000 -0.003196 -0.000194 1.000000 0.000000 -0.009037 0.000000 0.000000 1.000000 0.000000
1.000000 -0.000056 0.000000 -0.003883 0.000056 1.000000 0.000000 -0.005899 0.000000 0.000000 1.000000 0.000000
1.000000 0.000172 0.000000 -0.001829 -0.000172 1.000000 0.000000 -0.011676 0.000000 0.000000 1.000000 0.000000
1.000000 0.000200 0.000000 -0.009456 -0.000200 1.000000 0.000000 -0.008610 0.000000 0.000000 1.000000 0.000000
1.000000 0.000133 0.000000 -0.008768 -0.000133 1.000000 0.000000 -0.006755 0.000000 0.000000 1.000000 0.000000
1.000000 0.000098 0.000000 -0.008682 -0.000098 1.000000 0.000000 -0.007683 0.000000 0.000000 1.000000 0.000000
1.000000 0.000099 0.000000 -0.004322 -0.000099 1.000000 0.000000 -0.002244 0.000000 0.000000 1.000000 0.000000
1.000000 0.000066 0.000000 -0.001990 -0.000066 1.000000 0.000000 0.003055 0.000000 0.000000 1.000000 0.000000
1.000000 0.000094 0.000000 0.001932 -0.000094 1.000000 0.000000 -0.008696 0.000000 0.000000 1.000000 0.000000
1.000000 0.000117 0.000000 0.003240 -0.000117 1.000000 0.000000 -0.008721 0.000000 0.000000 1.000000 0.000000
1.000000 0.000262 0.000000 -0.001410 -0.000262 1.000000 0.000000 0.002635 0.000000 0.000000 1.000000 0.000000
1.000000 0.000354 0.000000 0.004106 -0.000354 1.000000 0.000000 0.008544 0.000000 0.000000 1.000000 0.000000
1.000000 0.000164 0.000000 -0.001476 -0.000164 1.000000 0.000000 0.005164 0.000000 0.000000 1.000000 0.000000
1.000000 -0.000056 0.000000 -0.003585 0.000056 1.000000 0.000000 -0.009014 0.000000 0.000000 1.000000 0.000000
1.000000 -0.000131 0.000000 0.002922 0.000131 1.000000 0.000000 -0.004751 0.000000 0.000000 1.000000 0.000000
1.000000 0.000036 0.000000 -0.000383 -0.000036 1.000000 0.000000 -0.001148 0.000000 0.000000 1.000000 0.000000
1.000000 -0.000142 0.000000 0.001288 0.000142 1.000000 0.000000 -0.012373 0.000000 0.000000 1.000000 0.000000
1.000000 -0.000137 0.000000 0.004232 0.000137 1.000000 0.000000 -0.018143 0.000000 0.000000 1.000000 0.000000
1.000000 0.000029 0.000000 0.000963 -0.000029 1.000000 0.000000 -0.009024 0.000000 0.000000 1.000000 0.000000
1.000000 0.000187 0.000000 0.004038 -0.000187 1.000000 0.000000 -0.003881 0.000000 0.000000 1.000000 0.000000
1.000000 0.000172 0.000000 -0.001437 -0.000172 1.000000 0.000000 -0.002495 0.000000 0.000000 1.000000 0.000000
1.000000 0.000039 0.000000 -0.010735 -0.000039 1.000000 0.000000 -0.012623 0.000000 0.000000 1.000000 0.000000
1.000000 -0.000096 0.000000 -0.004870 0.000096 1.000000 0.000000 -0.007355 0.000000 0.000000 1.000000 0.000000
1.000000 0.000270 0.000000 -0.006516 -0.000270 1.000000 0.000000 -0.003788 0.000000 0.000000 1.000000 0.000000
1.000000 0.000003 0.000000 0.002352 -0.000003 1.000000 0.000000 -0.017614 0.000000 0.000000 1.000000 0.000000
1.000000 0.000047 0.000000 -0.001007 -0.000047 1.000000 0.000000 -0.015337 0.000000 0.000000 1.000000 0.000000
1.000000 -0.000017 0.000000 0.005456 0.000017 1.000000 0.000000 -0.016138 0.000000 0.000000 1.000000 0.000000
1.000000 0.000079 0.000000 -0.003361 -0.000079 1.000000 0.000000 -0.002667 0.000000 0.000000 1.000000 0.000000
1.000000 0.000094 0.000000 0.000016 -0.000094 1.000000 0.000000 0.004867 0.000000 0.000000 1.000000 0.000000
1.000000 0.000260 0.000000 -0.000923 -0.000260 1.000000 0.000000 0.001467 0.000000 0.000000 1.000000 0.000000
1.000000 0.000401 0.000000 -0.000782 -0.000401 1.000000 0.000000 0.003142 0.000000 0.000000 1.000000 0.000000
1.000000 0.000071 0.000000 0.005221 -0.000071 1.000000 0.000000 -0.005879 0.000000 0.000000 1.000000 0.000000
1.000000 0.000030 0.000000 0.002312 -0.000030 1.000000 0.000000 0.003024 0.000000 0.000000 1.000000 0.000000
1.000000 0.000307 0.000000 0.003743 -0.000307 1.000000 0.000000 0.008667 0.000000 0.000000 1.000000 0.000000
1.000000 0.000041 0.000000 -0.003837 -0.000041 1.000000 0.000000 -0.008422 0.000000 0.000000 1.000000 0.000000
1.000000 0.000062 0.000000 -0.004394 -0.000062 1.000000 0.000000 0.000961 0.000000 0.000000 1.000000 0.000000
1.000000 0.000070 0.000000 0.002256 -0.000070 1.000000 0.000000 -0.004658 0.000000 0.000000 1.000000 0.000000
1.000000 0.000177 0.000000 0.003080 -0.000177 1.000000 0.000000 -0.002255 0.000000 0.000000 1.000000 0.000000
1.000000 0.000119 0.000000 0.001396 -0.000119 1.000000 0.000000 -0.002902 0.000000 0.000000 1.000000 0.000000
1.000000 -0.000124 0.000000 -0.003394 0.000124 1.000000 0.000000 -0.005005 0.000000 0.000000 1.000000 0.000000
1.000000 -0.000042 0.000000 -0.003141 0.000042 1.000000 0.000000 -0.003599 0.000000 0.000000 1.000000 0.000000
1.000000 0.000133 0.000000 -0.006402 -0.000133 1.000000 0.000000 -0.003522 0.000000 0.000000 1.000000 0.000000
1.000000 0.000221 0.000000 -0.006662 -0.000221 1.000000 0.000000 -0.011451 0.000000 0.000000 1.000000 0.000000
1.000000 0.000206 0.000000 -0.000587 -0.000206 1.000000 0.000000 -0.005895 0.000000 0.000000 1.000000 0.000000
1.000000 -0.000085 0.000000 -0.011947 0.000085 1.000000 0.000000 -0.006679 0.000000 0.000000 1.000000 0.000000
1.000000 -0.000022 0.000000 -0.007318 0.000022 1.000000 0.000000 -0.003548 0.000000 0.000000 1.000000 0.000000
1.000000 0.000057 0.000000 -0.001632 -0.000057 1.000000 0.000000 -0.011312 0.000000 0.000000 1.000000 0.000000
1.000000 0.000132 0.000000 -0.002692 -0.000132 1.000000 0.000000 -0.017774 0.000000 0.000000 1.000000 0.000000
1.000000 0.000012 0.000000 0.002535 -0.000012 1.000000 0.000000 -0.017990 0.000000 0.000000 1.000000 0.000000
1.000000 0.000122 0.000000 -0.007096 -0.000122 1.000000 0.000000 -0.011758 0.000000 0.000000 1.000000 0.000000
1.000000 0.000057 0.000000 -0.003503 -0.000057 1.000000 0.000000 -0.014778 0.000000 0.000000 1.000000 0.000000
1.000000 0.000187 0.000000 -0.004509 -0.000187 1.000000 0.000000 0.000019 0.000000 0.000000 1.000000 0.000000
1.000000 0.000115 0.000000 0.006300 -0.000115 1.000000 0.000000 -0.001795 0.000000 0.000000 1.000000 0.000000
1.000000 0.000053 0.000000 -0.000700 -0.000053 1.000000 0.000000 -0.007994 0.000000 0.000000 1.000000 0.000000
1.000000 0.000237 0.000000 -0.002428 -0.000237 1.000000 0.000000 0.005330 0.000000 0.000000 1.000000 0.000000
1.000000 -0.000009 0.000000 0.001184 0.000009 1.000000 0.000000 -0.013794 0.000000 0.000000 1.000000 0.000000
1.000000 0.000012 0.000000 0.003122 -0.000012 1.000000 0.000000 -0.001830 0.000000 0.000000 1.000000 0.000000
1.000000 -0.000065 0.000000 -0.001556 0.000065 1.000000 0.000000 0.001883 0.000000 0.000000 1.000000 0.000000
1.000000 -0.000052 0.000000 0.000622 0.000052 1.000000 0.000000 -0.000433 0.000000 0.000000 1.000000 0.000000
1.000000 0.000003 0.000000 0.002908 -0.000003 1.000000 0.000000 -0.011269 0.000000 0.000000 1.000000 0.000000
1.000000 -0.000021 0.000000 0.012778 0.000021 1.000000 0.000000 -0.004425 0.000000 0.000000 1.000000 0.000000
1.000000 0.000317 0.000000 0.011279 -0.000317 1.000000 0.000000 0.004429 0.000000 0.000000 1.000000 0.000000
1.000000 0.000131 0.000000 0.007127 -0.000131 1.000000 0.000000 -0.002826 0.000000 0.000000 1.000000 0.000000
1.000000 0.000201 0.000000 -0.000461 -0.000201 1.000000 0.000000 0.007341 0.000000 0.000000 1.000000 0.000000
1.000000 -0.000106 0.000000 0.007030 0.000106 1.000000 0.000000 -0.003849 0.000000 0.000000 1.000000 0.000000
1.000000 -0.000267 0.000000 -0.003408 0.000267 1.000000 0.000000 -0.002069 0.000000 0.000000 1.000000 0.000000
1.000000 0.000197 0.000000 0.003895 -0.000197 1.000000 0.000000 0.006889 0.000000 0.000000 1.000000 0.000000
1.000000 -0.000061 0.000000 0.004234 0.000061 1.000000 0.000000 -0.009376 0.000000 0.000000 1.000000 0.000000
1.000000 0.000109 0.000000 0.001927 -0.000109 1.000000 0.000000 0.003662 0.000000 0.000000 1.000000 0.000000
1.000000 -0.000140 0.000000 0.005274 0.000140 1.000000 0.000000 -0.007362 0.000000 0.000000 1.000000 0.000000
1.000000 0.000037 0.000000 -0.002824 -0.000037 1.000000 0.000000 -0.007714 0.000000 0.000000 1.000000 0.000000
1.000000 0.000157 0.000000 0.002616 -0.000157 1.000000 0.000000 0.003592 0.000000 0.000000 1.000000 0.000000
1.000000 0.000248 0.000000 0.000483 -0.000248 1.000000 0.000000 0.007749 0.000000 0.000000 1.000000 0.000000
1.000000 0.000317 0.000000 0.007450 -0.000317 1.000000 0.000000 0.009281 0.000000 0.000000 1.000000 0.000000
1.000000 0.000412 0.000000 0.000558 -0.000412 1.000000 0.000000 0.009002 0.000000 0.000000 1.000000 0.000000
1.000000 0.000395 0.000000 -0.004134 -0.000395 1.000000 0.000000 0.005670 0.000000 0.000000 1.000000 0.000000
1.000000 -0.000060 0.000000 -0.003309 0.000060 1.000000 0.000000 -0.010011 0.000000 0.000000 1.000000 0.000000
1.000000 0.000010 0.000000 0.000596 -0.000010 1.000000 0.000000 0.002313 0.000000 0.000000 1.000000 0.000000
1.000000 0.000197 0.000000 0.002662 -0.000197 1.000000 0.000000 -0.000400 0.000000 0.000000 1.000000 0.000000
1.000000 0.000047 0.000000 -0.005165 -0.000047 1.000000 0.000000 0.002503 0.000000 0.000000 1.000000 0.000000
1.000000 0.000049 0.000000 0.000013 -0.000049 1.000000 0.000000 0.000275 0.000000 0.000000 1.000000 0.000000
1.000000 0.000208 0.000000 -0.000038 -0.000208 1.000000 0.000000 0.012072 0.000000 0.000000 1.000000 0.000000
1.000000 0.000311 0.000000 -0.002366 -0.000311 1.000000 0.000000 0.012055 0.000000 0.000000 1.000000 0.000000
1.000000 0.000267 0.000000 -0.004945 -0.000267 1.000000 0.000000 0.002113 0.000000 0.000000 1.000000 0.000000
1.000000 0.000117 0.000000 -0.000277 -0.000117 1.000000 0.000000 0.001365 0.000000 0.000000 1.000000 0.000000
1.000000 0.000170 0.000000 0.004112 -0.000170 1.000000 0.000000 0.006951 0.000000 0.000000 1.000000 0.000000
1.000000 0.000411 0.000000 0.004416 -0.000411 1.000000 0.000000 0.007682 0.000000 0.000000 1.000000 0.000000
1.000000 0.000103 0.000000 0.002826 -0.000103 1.000000 0.000000 0.003411 0.000000 0.000000 1.000000 0.000000
1.000000 0.000098 0.000000 -0.002221 -0.000098 1.000000 0.000000 0.013688 0.000000 0.000000 1.000000 0.000000
1.000000 0.000120 0.000000 -0.001186 -0.000120 1.000000 0.000000 0.009039 0.000000 0.000000 1.000000 0.000000
1.000000 0.000238 0.000000 0.000239 -0.000238 1.000000 0.000000 0.005695 0.000000 0.000000 1.000000 0.000000
1.000000 0.000241 0.000000 -0.004964 -0.000241 1.000000 0.000000 0.003203 0.000000 0.000000 1.000000 0.000000
1.000000 0.000186 0.000000 -0.007069 -0.000186 1.000000 0.000000 0.001574 0.000000 0.000000 1.000000 0.000000
1.000000 -0.000121 0.000000 0.003921 0.000121 1.000000 0.000000 0.008393 0.000000 0.000000 1.000000 0.000000
1.000000 0.000061 0.000000 0.003930 -0.000061 1.000000 0.000000 0.005906 0.000000 0.000000 1.000000 0.000000
1.000000 0.000288 0.000000 -0.001399 -0.000288 1.000000 0.000000 0.006847 0.000000 0.000000 1.000000 0.000000
1.000000 0.000173 0.000000 0.002856 -0.000173 1.000000 0.000000 0.007729 0.000000 0.000000 1.000000 0.000000
1.000000 -0.000017 0.000000 -0.003854 0.000017 1.000000 0.000000 -0.002076 0.000000 0.000000 1.000000 0.000000
1.000000 0.000064 0.000000 0.002464 -0.000064 1.000000 0.000000 0.001730 0.000000 0.000000 1.000000 0.000000
1.000000 0.000115 0.000000 -0.008362 -0.000115 1.000000 0.000000 -0.003450 0.000000 0.000000 1.000000 0.000000
1.000000 0.000154 0.000000 -0.003814 -0.000154 1.000000 0.000000 -0.001083 0.000000 0.000000 1.000000 0.000000
1.000000 0.000149 0.000000 -0.002312 -0.000149 1.000000 0.000000 -0.005786 0.000000 0.000000 1.000000 0.000000
1.000000 0.000136 0.000000 0.001273 -0.000136 1.000000 0.000000 -0.008135 0.000000 0.000000 1.000000 0.000000
1.000000 0.000225 0.000000 -0.006812 -0.000225 1.000000 0.000000 -0.006328 0.000000 0.000000 1.000000 0.000000
1.000000 0.000372 0.000000 -0.002532 -0.000372 1.000000 0.000000 0.005396 0.000000 0.000000 1.000000 0.000000
1.000000 0.000187 0.000000 0.003998 -0.000187 1.000000 0.000000 0.002664 0.000000 0.000000 1.000000 0.000000
1.000000 0.000186 0.000000 -0.005679 -0.000186 1.000000 0.000000 0.014599 0.000000 0.000000 1.000000 0.000000
1.000000 0.000250 0.000000 -0.002663 -0.000250 1.000000 0.000000 0.004183 0.000000 0.000000 1.000000 0.000000
1.000000 0.000374 0.000000 0.000095 -0.000374 1.000000 0.000000 -0.000046 0.000000 0.000000 1.000000 0.000000
1.000000 0.000184 0.000000 -0.002118 -0.000184 1.000000 0.000000 0.001331 0.000000 0.000000 1.000000 0.000000
1.000000 0.000149 0.000000 0.004388 -0.000149 1.000000 0.000000 0.001951 0.000000 0.000000 1.000000 0.000000
1.000000 0.000154 0.000000 -0.001844 -0.000154 1.000000 0.000000 -0.002347 0.000000 0.000000 1.000000 0.000000
1.000000 0.000222 0.000000 0.003163 -0.000222 1.000000 0.000000 0.008322 0.000000 0.000000 1.000000 0.000000
1.000000 0.000303 0.000000 0.000055 -0.000303 1.000000 0.000000 0.009183 0.000000 0.000000 1.000000 0.000000
1.000000 0.000318 0.000000 -0.000459 -0.000318 1.000000 0.000000 0.005867 0.000000 0.000000 1.000000 0.000000
1.000000 0.000241 0.000000 0.000596 -0.000241 1.000000 0.000000 0.007295 0.000000 0.000000 1.000000 0.000000
1.000000 0.000185 0.000000 0.002638 -0.000185 1.000000 0.000000 -0.001224 0.000000 0.000000 1.000000 0.000000
1.000000 -0.000015 0.000000 0.005142 0.000015 1.000000 0.000000 0.004404 0.000000 0.000000 1.000000 0.000000
1.000000 0.000184 0.000000 0.004807 -0.000184 1.000000 0.000000 0.009505 0.000000 0.000000 1.000000 0.000000
1.000000 0.000148 0.000000 0.004701 -0.000148 1.000000 0.000000 0.007833 0.000000 0.000000 1.000000 0.000000
1.000000 0.000033 0.000000 0.007891 -0.000033 1.000000 0.000000 0.002205 0.000000 0.000000 1.000000 0.000000
1.000000 0.000126 0.000000 0.003448 -0.000126 1.000000 0.000000 -0.001516 0.000000 0.000000 1.000000 0.000000
1.000000 0.000158 0.000000 0.006393 -0.000158 1.000000 0.000000 -0.001826 0.000000 0.000000 1.000000 0.000000
1.000000 0.000270 0.000000 -0.002729 -0.000270 1.000000 0.000000 0.003447 0.000000 0.000000 1.000000 0.000000
1.000000 0.000334 0.000000 0.006406 -0.000334 1.000000 0.000000 -0.002505 0.000000 0.000000 1.000000 0.000000
1.000000 0.000299 0.000000 -0.001084 -0.000299 1.000000 0.000000 0.000894 0.000000 0.000000 1.000000 0.000000
1.000000 0.000120 0.000000 0.001402 -0.000120 1.000000 0.000000 -0.003163 0.000000 0.000000 1.000000 0.000000
1.000000 -0.000020 0.000000 -0.000658 0.000020 1.000000 0.000000 -0.009990 0.000000 0.000000 1.000000 0.000000
1.000000 0.000317 0.000000 0.001328 -0.000317 1.000000 0.000000 0.005933 0.000000 0.000000 1.000000 0.000000
1.000000 0.000429 0.000000 -0.009089 -0.000429 1.000000 0.000000 0.009684 0.000000 0.000000 1.000000 0.000000
1.000000 0.000233 0.000000 -0.001045 -0.000233 1.000000 0.000000 0.005704 0.000000 0.000000 1.000000 0.000000
1.000000 0.000177 0.000000 -0.000622 -0.000177 1.000000 0.000000 0.004573 0.000000 0.000000 1.000000 0.000000
1.000000 0.000286 0.000000 -0.000323 -0.000286 1.000000 0.000000 0.003256 0.000000 0.000000 1.000000 0.000000
1.000000 0.000287 0.000000 -0.005220 -0.000287 1.000000 0.000000 -0.001044 0.000000 0.000000 1.000000 0.000000
1.000000 0.000198 0.000000 -0.003290 -0.000198 1.000000 0.000000 0.004608 0.000000 0.000000 1.000000 0.000000
1.000000 0.000160 0.000000 -0.009870 -0.000160 1.000000 0.000000 0.001172 0.000000 0.000000 1.000000 0.000000
1.000000 0.000087 0.000000 -0.004266 -0.000087 1.000000 0.000000 -0.001091 0.000000 0.000000 1.000000 0.000000
1.000000 0.000040 0.000000 -0.002779 -0.000040 1.000000 0.000000 0.003558 0.000000 0.000000 1.000000 0.000000
1.000000 0.000305 0.000000 0.002045 -0.000305 1.000000 0.000000 0.004674 0.000000 0.000000 1.000000 0.000000
1.000000 0.000335 0.000000 -0.000989 -0.000335 1.000000 0.000000 -0.005053 0.000000 0.000000 1.000000 0.000000
1.000000 0.000049 0.000000 0.002183 -0.000049 1.000000 0.000000 -0.011461 0.000000 0.000000 1.000000 0.000000
1.000000 -0.000104 0.000000 0.013095 0.000104 1.000000 0.000000 -0.010026 0.000000 0.000000 1.000000 0.000000
1.000000 -0.000450 0.000000 0.066400 0.000450 1.000000 0.000000 -0.010584 0.000000 0.000000 1.000000 0.000000
0.999999 -0.001670 0.000000 0.127210 0.001670 0.999999 0.000000 0.010112 0.000000 0.000000 1.000000 0.000000
0.999994 -0.003366 0.000000 0.178913 0.003366 0.999994 0.000000 0.015776 0.000000 0.000000 1.000000 0.000000
0.999965 -0.008327 0.000000 0.308762 0.008327 0.999965 0.000000 -0.002489 0.000000 0.000000 1.000000 0.000000
0.999898 -0.014270 0.000000 0.459356 0.014270 0.999898 0.000000 0.017345 0.000000 0.000000 1.000000 0.000000
0.999767 -0.021593 0.000000 0.601812 0.021593 0.999767 0.000000 0.051389 0.000000 0.000000 1.000000 0.000000
0.999408 -0.034409 0.000000 0.912853 0.034409 0.999408 0.000000 0.099629 0.000000 0.000000 1.000000 0.000000
0.998858 -0.047774 0.000000 1.254763 0.047774 0.998858 0.000000 0.086032 0.000000 0.000000 1.000000 0.000000
0.998144 -0.060890 0.000000 1.625589 0.060890 0.998144 0.000000 0.123038 0.000000 0.000000 1.000000 0.000000
0.997114 -0.075916 0.000000 2.035832 0.075916 0.997114 0.000000 0.163050 0.000000 0.000000 1.000000 0.000000
0.995923 -0.090203 0.000000 2.574581 0.090203 0.995923 0.000000 0.197983 0.000000 0.000000 1.000000 0.000000
0.994694 -0.102878 0.000000 3.258943 0.102878 0.994694 0.000000 0.268342 0.000000 0.000000 1.000000 0.000000
0.993629 -0.112703 0.000000 3.931676 0.112703 0.993629 0.000000 0.380633 0.000000 0.000000 1.000000 0.000000
0.992683 -0.120749 0.000000 4.760447 0.120749 0.992683 0.000000 0.485389 0.000000 0.000000 1.000000 0.000000
0.992269 -0.124104 0.000000 5.556184 0.124104 0.992269 0.000000 0.578003 0.000000 0.000000 1.000000 0.000000
0.992250 -0.124260 0.000000 6.532375 0.124260 0.992250 0.000000 0.702900 0.000000 0.000000 1.000000 0.000000
0.992282 -0.124003 0.000000 7.505928 0.124003 0.992282 0.000000 0.821349 0.000000 0.000000 1.000000 0.000000
0.992310 -0.123779 0.000000 8.597940 0.123779 0.992310 0.000000 0.977865 0.000000 0.000000 1.000000 0.000000
0.992456 -0.122604 0.000000 9.636354 0.122604 0.992456 0.000000 1.086615 0.000000 0.000000 1.000000 0.000000
0.992605 -0.121387 0.000000 10.878959 0.121387 0.992605 0.000000 1.241715 0.000000 0.000000 1.000000 0.000000
0.993124 -0.117065 0.000000 12.061632 0.117065 0.993124 0.000000 1.411291 0.000000 0.000000 1.000000 0.000000
0.993573 -0.113189 0.000000 13.327342 0.113189 0.993573 0.000000 1.536353 0.000000 0.000000 1.000000 0.000000
0.993839 -0.110836 0.000000 14.517272 0.110836 0.993839 0.000000 1.632403 0.000000 0.000000 1.000000 0.000000
0.994361 -0.106051 0.000000 15.827774 0.106051 0.994361 0.000000 1.731758 0.000000 0.000000 1.000000 0.000000
0.994812 -0.101731 0.000000 17.062957 0.101731 0.994812 0.000000 1.918057 0.000000 0.000000 1.000000 0.000000
0.995313 -0.096702 0.000000 18.442520 0.096702 0.995313 0.000000 1.991532 0.000000 0.000000 1.000000 0.000000
0.995817 -0.091366 0.000000 19.734282 0.091366 0.995817 0.000000 2.143108 0.000000 0.000000 1.000000 0.000000
0.996513 -0.083442 0.000000 21.134155 0.083442 0.996513 0.000000 2.236094 0.000000 0.000000 1.000000 0.000000
0.997177 -0.075092 0.000000 22.413769 0.075092 0.997177 0.000000 2.311566 0.000000 0.000000 1.000000 0.000000
0.997669 -0.068242 0.000000 23.869472 0.068242 0.997669 0.000000 2.392614 0.000000 0.000000 1.000000 0.000000
0.997913 -0.064571 0.000000 25.135973 0.064571 0.997913 0.000000 2.472873 0.000000 0.000000 1.000000 0.000000
0.997999 -0.063233 0.000000 26.585149 0.063233 0.997999 0.000000 2.507341 0.000000 0.000000 1.000000 0.000000
0.998150 -0.060804 0.000000 27.904287 0.060804 0.998150 0.000000 2.610248 0.000000 0.000000 1.000000 0.000000
0.998263 -0.058915 0.000000 29.450910 0.058915 0.998263 0.000000 2.694660 0.000000 0.000000 1.000000 0.000000
0.998274 -0.058735 0.000000 30.956526 0.058735 0.998274 0.000000 2.745122 0.000000 0.000000 1.000000 0.000000
0.998354 -0.057360 0.000000 32.513249 0.057360 0.998354 0.000000 2.863920 0.000000 0.000000 1.000000 0.000000
0.998384 -0.056828 0.000000 34.156695 0.056828 0.998384 0.000000 2.944623 0.000000 0.000000 1.000000 0.000000
0.998460 -0.055485 0.000000 35.848263 0.055485 0.998460 0.000000 3.018821 0.000000 0.000000 1.000000 0.000000
0.998550 -0.053839 0.000000 37.501514 0.053839 0.998550 0.000000 3.130424 0.000000 0.000000 1.000000 0.000000
0.998602 -0.052858 0.000000 39.318410 0.052858 0.998602 0.000000 3.213331 0.000000 0.000000 1.000000 0.000000
0.998975 -0.045261 0.000000 41.199722 0.045261 0.998975 0.000000 3.289820 0.000000 0.000000 1.000000 0.000000
0.999116 -0.042048 0.000000 43.041378 0.042048 0.999116 0.000000 3.299551 0.000000 0.000000 1.000000 0.000000
0.999295 -0.037539 0.000000 44.917159 0.037539 0.999295 0.000000 3.405048 0.000000 0.000000 1.000000 0.000000
0.999425 -0.033895 0.000000 46.874928 0.033895 0.999425 0.000000 3.467250 0.000000 0.000000 1.000000 0.000000
0.999617 -0.027671 0.000000 48.795650 0.027671 0.999617 0.000000 3.520279 0.000000 0.000000 1.000000 0.000000
0.999760 -0.021921 0.000000 50.794888 0.021921 0.999760 0.000000 3.526311 0.000000 0.000000 1.000000 0.000000
0.999869 -0.016177 0.000000 52.784247 0.016177 0.999869 0.000000 3.504931 0.000000 0.000000 1.000000 0.000000
0.999971 -0.007564 0.000000 54.841547 0.007564 0.999971 0.000000 3.551304 0.000000 0.000000 1.000000 0.000000
0.999993 0.003658 0.000000 56.853441 -0.003658 0.999993 0.000000 3.567150 0.000000 0.000000 1.000000 0.000000
0.999893 0.014641 0.000000 58.835519 -0.014641 0.999893 0.000000 3.504793 0.000000 0.000000 1.000000 0.000000
0.999772 0.021372 0.000000 60.868263 -0.021372 0.999772 0.000000 3.427974 0.000000 0.000000 1.000000 0.000000
0.999789 0.020561 0.000000 62.855131 -0.020561 0.999789 0.000000 3.361953 0.000000 0.000000 1.000000 0.000000
0.999930 0.011849 0.000000 64.844557 -0.011849 0.999930 0.000000 3.283337 0.000000 0.000000 1.000000 0.000000
0.999997 -0.002452 0.000000 66.822823 0.002452 0.999997 0.000000 3.344736 0.000000 0.000000 1.000000 0.000000
0.999896 -0.014425 0.000000 68.834682 0.014425 0.999896 0.000000 3.368295 0.000000 0.000000 1.000000 0.000000
0.999688 -0.024976 0.000000 70.927168 0.024976 0.999688 0.000000 3.442683 0.000000 0.000000 1.000000 0.000000
0.999390 -0.034916 0.000000 72.995095 0.034916 0.999390 0.000000 3.507454 0.000000 0.000000 1.000000 0.000000
0.999016 -0.044345 0.000000 75.074950 0.044345 0.999016 0.000000 3.590201 0.000000 0.000000 1.000000 0.000000
0.998425 -0.056108 0.000000 77.202215 0.056108 0.998425 0.000000 3.687400 0.000000 0.000000 1.000000 0.000000
0.997821 -0.065986 0.000000 79.321724 0.065986 0.997821 0.000000 3.769747 0.000000 0.000000 1.000000 0.000000
0.997595 -0.069313 0.000000 81.424350 0.069313 0.997595 0.000000 3.938714 0.000000 0.000000 1.000000 0.000000
0.997528 -0.070275 0.000000 83.604813 0.070275 0.997528 0.000000 4.115212 0.000000 0.000000 1.000000 0.000000
0.997634 -0.068753 0.000000 85.838169 0.068753 0.997634 0.000000 4.238871 0.000000 0.000000 1.000000 0.000000
0.997603 -0.069195 0.000000 88.037012 0.069195 0.997603 0.000000 4.347103 0.000000 0.000000 1.000000 0.000000
0.997637 -0.068705 0.000000 90.213814 0.068705 0.997637 0.000000 4.477929 0.000000 0.000000 1.000000 0.000000
0.997676 -0.068141 0.000000 92.447239 0.068141 0.997676 0.000000 4.628824 0.000000 0.000000 1.000000 0.000000
0.997791 -0.066429 0.000000 94.739752 0.066429 0.997791 0.000000 4.763749 0.000000 0.000000 1.000000 0.000000
0.998010 -0.063054 0.000000 96.994462 0.063054 0.998010 0.000000 4.919341 0.000000 0.000000 1.000000 0.000000
0.998316 -0.058004 0.000000 99.222144 0.058004 0.998316 0.000000 4.995991 0.000000 0.000000 1.000000 0.000000
0.998513 -0.054507 0.000000 101.522716 0.054507 0.998513 0.000000 5.165923 0.000000 0.000000 1.000000 0.000000
0.998712 -0.050735 0.000000 103.872510 0.050735 0.998712 0.000000 5.251401 0.000000 0.000000 1.000000 0.000000
0.998889 -0.047136 0.000000 106.169997 0.047136 0.998889 0.000000 5.360854 0.000000 0.000000 1.000000 0.000000
0.999090 -0.042656 0.000000 108.571516 0.042656 0.999090 0.000000 5.462620 0.000000 0.000000 1.000000 0.000000
0.999212 -0.039682 0.000000 111.019422 0.039682 0.999212 0.000000 5.535163 0.000000 0.000000 1.000000 0.000000
0.999171 -0.040713 0.000000 113.451360 0.040713 0.999171 0.000000 5.625438 0.000000 0.000000 1.000000 0.000000
0.999201 -0.039973 0.000000 115.842998 0.039973 0.999201 0.000000 5.699440 0.000000 0.000000 1.000000 0.000000
0.999185 -0.040370 0.000000 118.245608 0.040370 0.999185 0.000000 5.782891 0.000000 0.000000 1.000000 0.000000
0.999107 -0.042261 0.000000 120.723940 0.042261 0.999107 0.000000 5.906492 0.000000 0.000000 1.000000 0.000000
0.999083 -0.042806 0.000000 123.176164 0.042806 0.999083 0.000000 5.969168 0.000000 0.000000 1.000000 0.000000
0.999087 -0.042731 0.000000 125.535815 0.042731 0.999087 0.000000 6.097182 0.000000 0.000000 1.000000 0.000000
0.999054 -0.043483 0.000000 128.109026 0.043483 0.999054 0.000000 6.168723 0.000000 0.000000 1.000000 0.000000
0.999101 -0.042404 0.000000 130.565465 0.042404 0.999101 0.000000 6.310734 0.000000 0.000000 1.000000 0.000000
0.999102 -0.042364 0.000000 133.071992 0.042364 0.999102 0.000000 6.443867 0.000000 0.000000 1.000000 0.000000
0.999038 -0.043855 0.000000 135.618068 0.043855 0.999038 0.000000 6.529895 0.000000 0.000000 1.000000 0.000000
0.999070 -0.043112 0.000000 138.139360 0.043112 0.999070 0.000000 6.660290 0.000000 0.000000 1.000000 0.000000
0.999039 -0.043838 0.000000 140.711522 0.043838 0.999039 0.000000 6.708366 0.000000 0.000000 1.000000 0.000000
0.999038 -0.043857 0.000000 143.185419 0.043857 0.999038 0.000000 6.814422 0.000000 0.000000 1.000000 0.000000
0.998943 -0.045968 0.000000 145.758533 0.045968 0.998943 0.000000 6.911712 0.000000 0.000000 1.000000 0.000000
0.998885 -0.047216 0.000000 148.338354 0.047216 0.998885 0.000000 7.056728 0.000000 0.000000 1.000000 0.000000
0.998876 -0.047391 0.000000 150.826398 0.047391 0.998876 0.000000 7.120819 0.000000 0.000000 1.000000 0.000000
0.998800 -0.048976 0.000000 153.303343 0.048976 0.998800 0.000000 7.258640 0.000000 0.000000 1.000000 0.000000
0.998767 -0.049643 0.000000 155.774919 0.049643 0.998767 0.000000 7.358615 0.000000 0.000000 1.000000 0.000000
0.998723 -0.050525 0.000000 158.187807 0.050525 0.998723 0.000000 7.479304 0.000000 0.000000 1.000000 0.000000
0.998667 -0.051611 0.000000 160.629794 0.051611 0.998667 0.000000 7.610288 0.000000 0.000000 1.000000 0.000000
0.998691 -0.051152 0.000000 163.017343 0.051152 0.998691 0.000000 7.721577 0.000000 0.000000 1.000000 0.000000
0.998632 -0.052280 0.000000 165.299405 0.052280 0.998632 0.000000 7.811494 0.000000 0.000000 1.000000 0.000000
0.998593 -0.053031 0.000000 167.596280 0.053031 0.998593 0.000000 7.938543 0.000000 0.000000 1.000000 0.000000
0.998537 -0.054074 0.000000 169.909126 0.054074 0.998537 0.000000 8.045806 0.000000 0.000000 1.000000 0.000000
0.998486 -0.055004 0.000000 172.194064 0.055004 0.998486 0.000000 8.178586 0.000000 0.000000 1.000000 0.000000
0.998392 -0.056693 0.000000 174.419564 0.056693 0.998392 0.000000 8.356913 0.000000 0.000000 1.000000 0.000000
0.998185 -0.060216 0.000000 176.586844 0.060216 0.998185 0.000000 8.470379 0.000000 0.000000 1.000000 0.000000
0.998128 -0.061153 0.000000 178.787684 0.061153 0.998128 0.000000 8.594518 0.000000 0.000000 1.000000 0.000000
0.997987 -0.063427 0.000000 180.913743 0.063427 0.997987 0.000000 8.708039 0.000000 0.000000 1.000000 0.000000
0.997846 -0.065594 0.000000 183.058209 0.065594 0.997846 0.000000 8.884302 0.000000 0.000000 1.000000 0.000000
0.997647 -0.068565 0.000000 185.204227 0.068565 0.997647 0.000000 9.066514 0.000000 0.000000 1.000000 0.000000
0.997529 -0.070257 0.000000 187.311220 0.070257 0.997529 0.000000 9.212637 0.000000 0.000000 1.000000 0.000000
0.997372 -0.072455 0.000000 189.285068 0.072455 0.997372 0.000000 9.326122 0.000000 0.000000 1.000000 0.000000
0.997086 -0.076279 0.000000 191.304252 0.076279 0.997086 0.000000 9.475100 0.000000 0.000000 1.000000 0.000000
0.996676 -0.081471 0.000000 193.291772 0.081471 0.996676 0.000000 9.589118 0.000000 0.000000 1.000000 0.000000
0.996062 -0.088658 0.000000 195.193957 0.088658 0.996062 0.000000 9.776353 0.000000 0.000000 1.000000 0.000000
0.995163 -0.098242 0.000000 197.045300 0.098242 0.995163 0.000000 9.937202 0.000000 0.000000 1.000000 0.000000
0.994133 -0.108165 0.000000 198.899577 0.108165 0.994133 0.000000 10.121043 0.000000 0.000000 1.000000 0.000000
0.992885 -0.119075 0.000000 200.681949 0.119075 0.992885 0.000000 10.314516 0.000000 0.000000 1.000000 0.000000
0.991931 -0.126780 0.000000 202.473793 0.126780 0.991931 0.000000 10.529630 0.000000 0.000000 1.000000 0.000000
0.991067 -0.133364 0.000000 204.209685 0.133364 0.991067 0.000000 10.807183 0.000000 0.000000 1.000000 0.000000
0.990633 -0.136549 0.000000 205.902053 0.136549 0.990633 0.000000 10.982252 0.000000 0.000000 1.000000 0.000000
0.990269 -0.139168 0.000000 207.562506 0.139168 0.990269 0.000000 11.251947 0.000000 0.000000 1.000000 0.000000
0.989726 -0.142979 0.000000 209.265451 0.142979 0.989726 0.000000 11.533982 0.000000 0.000000 1.000000 0.000000
0.989656 -0.143459 0.000000 210.897714 0.143459 0.989656 0.000000 11.762933 0.000000 0.000000 1.000000 0.000000
0.989269 -0.146105 0.000000 212.514284 0.146105 0.989269 0.000000 11.983534 0.000000 0.000000 1.000000 0.000000
0.988830 -0.149045 0.000000 214.159588 0.149045 0.988830 0.000000 12.288993 0.000000 0.000000 1.000000 0.000000
0.988285 -0.152620 0.000000 215.790826 0.152620 0.988285 0.000000 12.545427 0.000000 0.000000 1.000000 0.000000
0.987873 -0.155264 0.000000 217.462646 0.155264 0.987873 0.000000 12.807495 0.000000 0.000000 1.000000 0.000000
0.987361 -0.158488 0.000000 219.022927 0.158488 0.987361 0.000000 13.013488 0.000000 0.000000 1.000000 0.000000
0.986428 -0.164192 0.000000 220.594978 0.164192 0.986428 0.000000 13.256507 0.000000 0.000000 1.000000 0.000000
0.985738 -0.168286 0.000000 222.118743 0.168286 0.985738 0.000000 13.531454 0.000000 0.000000 1.000000 0.000000
0.985750 -0.168219 0.000000 223.582335 0.168219 0.985750 0.000000 13.869697 0.000000 0.000000 1.000000 0.000000
0.986074 -0.166310 0.000000 225.031500 0.166310 0.986074 0.000000 14.063982 0.000000 0.000000 1.000000 0.000000
0.986192 -0.165608 0.000000 226.454025 0.165608 0.986192 0.000000 14.281439 0.000000 0.000000 1.000000 0.000000
0.986413 -0.164282 0.000000 227.809644 0.164282 0.986413 0.000000 14.540599 0.000000 0.000000 1.000000 0.000000
0.986545 -0.163491 0.000000 229.118419 0.163491 0.986545 0.000000 14.795022 0.000000 0.000000 1.000000 0.000000
0.986450 -0.164060 0.000000 230.439458 0.164060 0.986450 0.000000 15.012763 0.000000 0.000000 1.000000 0.000000
0.986283 -0.165064 0.000000 231.742918 0.165064 0.986283 0.000000 15.202904 0.000000 0.000000 1.000000 0.000000
0.986169 -0.165742 0.000000 232.898876 0.165742 0.986169 0.000000 15.389075 0.000000 0.000000 1.000000 0.000000
0.986194 -0.165594 0.000000 234.206336 0.165594 0.986194 0.000000 15.595273 0.000000 0.000000 1.000000 0.000000
0.985989 -0.166809 0.000000 235.366964 0.166809 0.985989 0.000000 15.729064 0.000000 0.000000 1.000000 0.000000
0.985467 -0.169865 0.000000 236.650750 0.169865 0.985467 0.000000 15.963801 0.000000 0.000000 1.000000 0.000000
0.984625 -0.174681 0.000000 237.746472 0.174681 0.984625 0.000000 16.186863 0.000000 0.000000 1.000000 0.000000
0.984337 -0.176298 0.000000 238.972949 0.176298 0.984337 0.000000 16.494480 0.000000 0.000000 1.000000 0.000000
0.984882 -0.173225 0.000000 240.090480 0.173225 0.984882 0.000000 16.658761 0.000000 0.000000 1.000000 0.000000
0.985336 -0.170626 0.000000 241.218839 0.170626 0.985336 0.000000 16.773130 0.000000 0.000000 1.000000 0.000000
0.985861 -0.167566 0.000000 242.405506 0.167566 0.985861 0.000000 16.999952 0.000000 0.000000 1.000000 0.000000
0.986638 -0.162928 0.000000 243.551132 0.162928 0.986638 0.000000 17.211515 0.000000 0.000000 1.000000 0.000000
0.987306 -0.158832 0.000000 244.774948 0.158832 0.987306 0.000000 17.388545 0.000000 0.000000 1.000000 0.000000
0.987909 -0.155038 0.000000 246.174373 0.155038 0.987909 0.000000 17.614051 0.000000 0.000000 1.000000 0.000000
0.988204 -0.153140 0.000000 247.475033 0.153140 0.988204 0.000000 17.802737 0.000000 0.000000 1.000000 0.000000
0.988569 -0.150768 0.000000 248.898669 0.150768 0.988569 0.000000 18.003109 0.000000 0.000000 1.000000 0.000000
0.988415 -0.151778 0.000000 250.339995 0.151778 0.988415 0.000000 18.190808 0.000000 0.000000 1.000000 0.000000
0.987871 -0.155275 0.000000 251.866234 0.155275 0.987871 0.000000 18.440458 0.000000 0.000000 1.000000 0.000000
0.987294 -0.158904 0.000000 253.408232 0.158904 0.987294 0.000000 18.685054 0.000000 0.000000 1.000000 0.000000
0.986332 -0.164767 0.000000 254.967763 0.164767 0.986332 0.000000 18.895972 0.000000 0.000000 1.000000 0.000000
0.986019 -0.166634 0.000000 256.570481 0.166634 0.986019 0.000000 19.213256 0.000000 0.000000 1.000000 0.000000
0.985769 -0.168108 0.000000 258.278597 0.168108 0.985769 0.000000 19.479254 0.000000 0.000000 1.000000 0.000000
0.985790 -0.167981 0.000000 259.944171 0.167981 0.985790 0.000000 19.738322 0.000000 0.000000 1.000000 0.000000
0.985891 -0.167386 0.000000 261.686378 0.167386 0.985891 0.000000 20.053837 0.000000 0.000000 1.000000 0.000000
0.986125 -0.166006 0.000000 263.444389 0.166006 0.986125 0.000000 20.302172 0.000000 0.000000 1.000000 0.000000
0.986530 -0.163579 0.000000 265.167071 0.163579 0.986530 0.000000 20.650536 0.000000 0.000000 1.000000 0.000000
0.986817 -0.161840 0.000000 266.958800 0.161840 0.986817 0.000000 20.870030 0.000000 0.000000 1.000000 0.000000
0.987450 -0.157930 0.000000 268.775410 0.157930 0.987450 0.000000 21.175099 0.000000 0.000000 1.000000 0.000000
0.987819 -0.155609 0.000000 270.666655 0.155609 0.987819 0.000000 21.451140 0.000000 0.000000 1.000000 0.000000
0.988040 -0.154198 0.000000 272.516248 0.154198 0.988040 0.000000 21.786078 0.000000 0.000000 1.000000 0.000000
0.988383 -0.151983 0.000000 274.368592 0.151983 0.988383 0.000000 22.024857 0.000000 0.000000 1.000000 0.000000
0.989458 -0.144823 0.000000 276.271849 0.144823 0.989458 0.000000 22.323609 0.000000 0.000000 1.000000 0.000000
0.990423 -0.138068 0.000000 278.137297 0.138068 0.990423 0.000000 22.548503 0.000000 0.000000 1.000000 0.000000
0.991027 -0.133664 0.000000 280.150735 0.133664 0.991027 0.000000 22.834783 0.000000 0.000000 1.000000 0.000000
0.991787 -0.127903 0.000000 282.047347 0.127903 0.991787 0.000000 23.061095 0.000000 0.000000 1.000000 0.000000
0.992368 -0.123314 0.000000 283.940812 0.123314 0.992368 0.000000 23.282982 0.000000 0.000000 1.000000 0.000000
