0.999990 -0.004572 0.000000 1.711607 0.004572 0.999990 0.000000 0.039521 0.000000 0.000000 1.000000 0.000000
0.999956 -0.009419 0.000000 3.460153 0.009419 0.999956 0.000000 0.088567 0.000000 0.000000 1.000000 0.000000
0.999952 -0.009837 0.000000 5.052292 0.009837 0.999952 0.000000 0.093558 0.000000 0.000000 1.000000 0.000000
0.999926 -0.012165 0.000000 6.894381 0.012165 0.999926 0.000000 0.141840 0.000000 0.000000 1.000000 0.000000
0.999895 -0.014522 0.000000 9.034826 0.014522 0.999895 0.000000 0.213811 0.000000 0.000000 1.000000 0.000000
0.999857 -0.016884 0.000000 11.458213 0.016884 0.999857 0.000000 0.256354 0.000000 0.000000 1.000000 0.000000
0.999828 -0.018554 0.000000 14.133914 0.018554 0.999828 0.000000 0.300996 0.000000 0.000000 1.000000 0.000000
0.999804 -0.019800 0.000000 17.061971 0.019800 0.999804 0.000000 0.351754 0.000000 0.000000 1.000000 0.000000
0.999834 -0.018193 0.000000 18.568057 0.018193 0.999834 0.000000 0.405005 0.000000 0.000000 1.000000 0.000000
0.999861 -0.016684 0.000000 20.110505 0.016684 0.999861 0.000000 0.450585 0.000000 0.000000 1.000000 0.000000
0.999907 -0.013618 0.000000 21.733409 0.013618 0.999907 0.000000 0.465507 0.000000 0.000000 1.000000 0.000000
0.999939 -0.011080 0.000000 23.396165 0.011080 0.999939 0.000000 0.507078 0.000000 0.000000 1.000000 0.000000
0.999957 -0.009276 0.000000 25.152463 0.009276 0.999957 0.000000 0.501416 0.000000 0.000000 1.000000 0.000000
0.999984 -0.005739 0.000000 26.937884 0.005739 0.999984 0.000000 0.534447 0.000000 0.000000 1.000000 0.000000
0.999995 -0.003244 0.000000 28.701628 0.003244 0.999995 0.000000 0.527542 0.000000 0.000000 1.000000 0.000000
1.000000 -0.000874 0.000000 30.542820 0.000874 1.000000 0.000000 0.528693 0.000000 0.000000 1.000000 0.000000
0.999999 0.001308 0.000000 32.392263 -0.001308 0.999999 -0.000000 0.553893 -0.000000 0.000000 1.000000 0.000000
0.999992 0.003952 0.000000 34.307978 -0.003952 0.999992 -0.000000 0.559825 -0.000000 0.000000 1.000000 0.000000
0.999978 0.006614 0.000000 36.222125 -0.006614 0.999978 -0.000000 0.547861 -0.000000 0.000000 1.000000 0.000000
0.999973 0.007398 0.000000 38.203848 -0.007398 0.999973 -0.000000 0.551390 -0.000000 0.000000 1.000000 0.000000
0.999984 0.005716 0.000000 40.210285 -0.005716 0.999984 -0.000000 0.542325 -0.000000 0.000000 1.000000 0.000000
0.999989 0.004781 0.000000 42.261429 -0.004781 0.999989 -0.000000 0.540310 -0.000000 0.000000 1.000000 0.000000
0.999990 0.004505 0.000000 44.277270 -0.004505 0.999990 -0.000000 0.545472 -0.000000 0.000000 1.000000 0.000000
0.999992 0.003972 0.000000 46.319246 -0.003972 0.999992 -0.000000 0.530966 -0.000000 0.000000 1.000000 0.000000
0.999994 0.003362 0.000000 48.340936 -0.003362 0.999994 -0.000000 0.528765 -0.000000 0.000000 1.000000 0.000000
0.999998 0.001948 0.000000 50.356472 -0.001948 0.999998 -0.000000 0.517144 -0.000000 0.000000 1.000000 0.000000
0.999998 0.002158 0.000000 52.369044 -0.002158 0.999998 -0.000000 0.510263 -0.000000 0.000000 1.000000 0.000000
0.999999 0.001639 0.000000 54.330473 -0.001639 0.999999 -0.000000 0.545753 -0.000000 0.000000 1.000000 0.000000
0.999999 0.001510 0.000000 56.282524 -0.001510 0.999999 -0.000000 0.552857 -0.000000 0.000000 1.000000 0.000000
0.999999 0.001157 0.000000 58.192906 -0.001157 0.999999 -0.000000 0.533318 -0.000000 0.000000 1.000000 0.000000
0.999999 0.001309 0.000000 60.122587 -0.001309 0.999999 -0.000000 0.552591 -0.000000 0.000000 1.000000 0.000000
0.999999 0.001132 0.000000 61.967487 -0.001132 0.999999 -0.000000 0.594910 -0.000000 0.000000 1.000000 0.000000
0.999997 0.002325 0.000000 63.756316 -0.002325 0.999997 -0.000000 0.588947 -0.000000 0.000000 1.000000 0.000000
0.999990 0.004397 0.000000 65.653812 -0.004397 0.999990 -0.000000 0.591615 -0.000000 0.000000 1.000000 0.000000
0.999967 0.008142 0.000000 67.465132 -0.008142 0.999967 -0.000000 0.579895 -0.000000 0.000000 1.000000 0.000000
0.999949 0.010097 0.000000 69.240339 -0.010097 0.999949 -0.000000 0.580641 -0.000000 0.000000 1.000000 0.000000
0.999918 0.012789 0.000000 71.081734 -0.012789 0.999918 -0.000000 0.602297 -0.000000 0.000000 1.000000 0.000000
0.999915 0.013054 0.000000 72.891820 -0.013054 0.999915 -0.000000 0.542728 -0.000000 0.000000 1.000000 0.000000
0.999896 0.014434 0.000000 74.716838 -0.014434 0.999896 -0.000000 0.586871 -0.000000 0.000000 1.000000 0.000000
0.999887 0.015050 0.000000 76.516413 -0.015050 0.999887 -0.000000 0.506545 -0.000000 0.000000 1.000000 0.000000
0.999870 0.016134 0.000000 78.313102 -0.016134 0.999870 -0.000000 0.507800 -0.000000 0.000000 1.000000 0.000000
0.999859 0.016789 0.000000 80.097645 -0.016789 0.999859 -0.000000 0.466292 -0.000000 0.000000 1.000000 0.000000
0.999846 0.017563 0.000000 81.918269 -0.017563 0.999846 -0.000000 0.450899 -0.000000 0.000000 1.000000 0.000000
0.999825 0.018700 0.000000 83.726914 -0.018700 0.999825 -0.000000 0.408317 -0.000000 0.000000 1.000000 0.000000
0.999793 0.020331 0.000000 85.518362 -0.020331 0.999793 -0.000000 0.331928 -0.000000 0.000000 1.000000 0.000000
0.999730 0.023250 0.000000 87.365315 -0.023250 0.999730 -0.000000 0.285313 -0.000000 0.000000 1.000000 0.000000
0.999655 0.026284 0.000000 89.241597 -0.026284 0.999655 -0.000000 0.302485 -0.000000 0.000000 1.000000 0.000000
0.999558 0.029726 0.000000 91.072926 -0.029726 0.999558 -0.000000 0.236640 -0.000000 0.000000 1.000000 0.000000
0.999413 0.034260 0.000000 92.998146 -0.034260 0.999413 -0.000000 0.170732 -0.000000 0.000000 1.000000 0.000000
0.999278 0.037998 0.000000 94.879239 -0.037998 0.999278 -0.000000 0.127163 -0.000000 0.000000 1.000000 0.000000
0.999090 0.042660 0.000000 96.791964 -0.042660 0.999090 -0.000000 0.020246 -0.000000 0.000000 1.000000 0.000000
0.998880 0.047325 0.000000 98.736206 -0.047325 0.998880 -0.000000 -0.033915 -0.000000 0.000000 1.000000 0.000000
0.998720 0.050589 0.000000 100.718794 -0.050589 0.998720 -0.000000 -0.149162 -0.000000 0.000000 1.000000 0.000000
0.998477 0.055165 0.000000 102.738276 -0.055165 0.998477 -0.000000 -0.263173 -0.000000 0.000000 1.000000 0.000000
0.998256 0.059030 0.000000 104.731946 -0.059030 0.998256 -0.000000 -0.325993 -0.000000 0.000000 1.000000 0.000000
0.997851 0.065528 0.000000 106.790527 -0.065528 0.997851 -0.000000 -0.484091 -0.000000 0.000000 1.000000 0.000000
0.997474 0.071031 0.000000 108.805693 -0.071031 0.997474 -0.000000 -0.614670 -0.000000 0.000000 1.000000 0.000000
0.997068 0.076526 0.000000 110.874354 -0.076526 0.997068 -0.000000 -0.754855 -0.000000 0.000000 1.000000 0.000000
0.996571 0.082737 0.000000 113.004361 -0.082737 0.996571 -0.000000 -0.896233 -0.000000 0.000000 1.000000 0.000000
0.996064 0.088638 0.000000 115.120588 -0.088638 0.996064 -0.000000 -1.077349 -0.000000 0.000000 1.000000 0.000000
0.995661 0.093059 0.000000 117.233161 -0.093059 0.995661 -0.000000 -1.256290 -0.000000 0.000000 1.000000 0.000000
0.995191 0.097949 0.000000 119.397474 -0.097949 0.995191 -0.000000 -1.504570 -0.000000 0.000000 1.000000 0.000000
0.994857 0.101288 0.000000 121.522363 -0.101288 0.994857 -0.000000 -1.706976 -0.000000 0.000000 1.000000 0.000000
0.994494 0.104790 0.000000 123.696916 -0.104790 0.994494 -0.000000 -1.938148 -0.000000 0.000000 1.000000 0.000000
0.994201 0.107536 0.000000 125.913192 -0.107536 0.994201 -0.000000 -2.200503 -0.000000 0.000000 1.000000 0.000000
0.993838 0.110840 0.000000 128.058569 -0.110840 0.993838 -0.000000 -2.398507 -0.000000 0.000000 1.000000 0.000000
0.993382 0.114854 0.000000 130.193370 -0.114854 0.993382 -0.000000 -2.609140 -0.000000 0.000000 1.000000 0.000000
0.993045 0.117739 0.000000 132.408696 -0.117739 0.993045 -0.000000 -2.874274 -0.000000 0.000000 1.000000 0.000000
0.992764 0.120080 0.000000 134.632109 -0.120080 0.992764 -0.000000 -3.125411 -0.000000 0.000000 1.000000 0.000000
0.992307 0.123803 0.000000 136.792097 -0.123803 0.992307 -0.000000 -3.401153 -0.000000 0.000000 1.000000 0.000000
0.992181 0.124809 0.000000 139.036263 -0.124809 0.992181 -0.000000 -3.696797 -0.000000 0.000000 1.000000 0.000000
0.992086 0.125563 0.000000 141.232453 -0.125563 0.992086 -0.000000 -3.894392 -0.000000 0.000000 1.000000 0.000000
0.992096 0.125479 0.000000 143.473152 -0.125479 0.992096 -0.000000 -4.157533 -0.000000 0.000000 1.000000 0.000000
0.992131 0.125201 0.000000 145.711551 -0.125201 0.992131 -0.000000 -4.436665 -0.000000 0.000000 1.000000 0.000000
0.992099 0.125454 0.000000 147.957536 -0.125454 0.992099 -0.000000 -4.705599 -0.000000 0.000000 1.000000 0.000000
0.992150 0.125056 0.000000 150.143177 -0.125056 0.992150 -0.000000 -4.956361 -0.000000 0.000000 1.000000 0.000000
0.992147 0.125076 0.000000 152.382156 -0.125076 0.992147 -0.000000 -5.255920 -0.000000 0.000000 1.000000 0.000000
0.992267 0.124125 0.000000 154.544287 -0.124125 0.992267 -0.000000 -5.516089 -0.000000 0.000000 1.000000 0.000000
0.992330 0.123615 0.000000 156.677091 -0.123615 0.992330 -0.000000 -5.752735 -0.000000 0.000000 1.000000 0.000000
0.992452 0.122636 0.000000 158.833229 -0.122636 0.992452 -0.000000 -6.030100 -0.000000 0.000000 1.000000 0.000000
0.992525 0.122044 0.000000 160.929334 -0.122044 0.992525 -0.000000 -6.236768 -0.000000 0.000000 1.000000 0.000000
0.992634 0.121154 0.000000 163.063581 -0.121154 0.992634 -0.000000 -6.455821 -0.000000 0.000000 1.000000 0.000000
0.992660 0.120940 0.000000 165.108851 -0.120940 0.992660 -0.000000 -6.741766 -0.000000 0.000000 1.000000 0.000000
0.992609 0.121353 0.000000 167.154704 -0.121353 0.992609 -0.000000 -7.008152 -0.000000 0.000000 1.000000 0.000000
0.992696 0.120641 0.000000 169.161469 -0.120641 0.992696 -0.000000 -7.207612 -0.000000 0.000000 1.000000 0.000000
0.992739 0.120285 0.000000 171.192958 -0.120285 0.992739 -0.000000 -7.509122 -0.000000 0.000000 1.000000 0.000000
0.992825 0.119580 0.000000 173.214507 -0.119580 0.992825 -0.000000 -7.724734 -0.000000 0.000000 1.000000 0.000000
0.992909 0.118879 0.000000 175.210797 -0.118879 0.992909 -0.000000 -7.952407 -0.000000 0.000000 1.000000 0.000000
0.992896 0.118983 0.000000 177.161032 -0.118983 0.992896 -0.000000 -8.214079 -0.000000 0.000000 1.000000 0.000000
0.992853 0.119341 0.000000 179.072495 -0.119341 0.992853 -0.000000 -8.388844 -0.000000 0.000000 1.000000 0.000000
0.992870 0.119204 0.000000 181.003858 -0.119204 0.992870 -0.000000 -8.607390 -0.000000 0.000000 1.000000 0.000000
0.993003 0.118085 0.000000 182.922242 -0.118085 0.993003 -0.000000 -8.857080 -0.000000 0.000000 1.000000 0.000000
0.993173 0.116647 0.000000 184.832010 -0.116647 0.993173 -0.000000 -9.179873 -0.000000 0.000000 1.000000 0.000000
0.993082 0.117422 0.000000 186.958961 -0.117422 0.993082 -0.000000 -9.332609 -0.000000 0.000000 1.000000 0.000000
0.993051 0.117681 0.000000 188.902859 -0.117681 0.993051 -0.000000 -9.590646 -0.000000 0.000000 1.000000 0.000000
0.992795 0.119827 0.000000 190.793909 -0.119827 0.992795 -0.000000 -9.818306 -0.000000 0.000000 1.000000 0.000000
0.992769 0.120040 0.000000 192.807505 -0.120040 0.992769 -0.000000 -10.070043 -0.000000 0.000000 1.000000 0.000000
0.992811 0.119688 0.000000 194.872139 -0.119688 0.992811 -0.000000 -10.265855 -0.000000 0.000000 1.000000 0.000000
0.992874 0.119166 0.000000 196.876516 -0.119166 0.992874 -0.000000 -10.582262 -0.000000 0.000000 1.000000 0.000000
0.992841 0.119443 0.000000 198.910627 -0.119443 0.992841 -0.000000 -10.806297 -0.000000 0.000000 1.000000 0.000000
0.992939 0.118627 0.000000 200.957139 -0.118627 0.992939 -0.000000 -11.066004 -0.000000 0.000000 1.000000 0.000000
0.992886 0.119067 0.000000 203.086267 -0.119067 0.992886 -0.000000 -11.345617 -0.000000 0.000000 1.000000 0.000000
0.992777 0.119971 0.000000 205.125552 -0.119971 0.992777 -0.000000 -11.541697 -0.000000 0.000000 1.000000 0.000000
0.992905 0.118910 0.000000 207.180101 -0.118910 0.992905 -0.000000 -11.793427 -0.000000 0.000000 1.000000 0.000000
0.992893 0.119014 0.000000 209.186960 -0.119014 0.992893 -0.000000 -11.992888 -0.000000 0.000000 1.000000 0.000000
0.992787 0.119892 0.000000 211.182126 -0.119892 0.992787 -0.000000 -12.261230 -0.000000 0.000000 1.000000 0.000000
0.992818 0.119637 0.000000 213.179649 -0.119637 0.992818 -0.000000 -12.505453 -0.000000 0.000000 1.000000 0.000000
0.992828 0.119551 0.000000 215.154579 -0.119551 0.992828 -0.000000 -12.753536 -0.000000 0.000000 1.000000 0.000000
0.992805 0.119741 0.000000 217.067434 -0.119741 0.992805 -0.000000 -12.971707 -0.000000 0.000000 1.000000 0.000000
0.992798 0.119800 0.000000 219.023033 -0.119800 0.992798 -0.000000 -13.175521 -0.000000 0.000000 1.000000 0.000000
0.992763 0.120093 0.000000 220.872719 -0.120093 0.992763 -0.000000 -13.411483 -0.000000 0.000000 1.000000 0.000000
0.992703 0.120584 0.000000 222.768418 -0.120584 0.992703 -0.000000 -13.672693 -0.000000 0.000000 1.000000 0.000000
0.992736 0.120311 0.000000 224.718954 -0.120311 0.992736 -0.000000 -13.897509 -0.000000 0.000000 1.000000 0.000000
0.992435 0.122770 0.000000 226.518217 -0.122770 0.992435 -0.000000 -14.083739 -0.000000 0.000000 1.000000 0.000000
0.992414 0.122945 0.000000 228.424375 -0.122945 0.992414 -0.000000 -14.277273 -0.000000 0.000000 1.000000 0.000000
0.992462 0.122553 0.000000 230.340857 -0.122553 0.992462 -0.000000 -14.527646 -0.000000 0.000000 1.000000 0.000000
0.992464 0.122535 0.000000 232.246430 -0.122535 0.992464 -0.000000 -14.717100 -0.000000 0.000000 1.000000 0.000000
0.992530 0.122002 0.000000 234.144096 -0.122002 0.992530 -0.000000 -14.939900 -0.000000 0.000000 1.000000 0.000000
0.992567 0.121697 0.000000 236.088643 -0.121697 0.992567 -0.000000 -15.193524 -0.000000 0.000000 1.000000 0.000000
0.992659 0.120945 0.000000 238.044910 -0.120945 0.992659 -0.000000 -15.401953 -0.000000 0.000000 1.000000 0.000000
0.992682 0.120759 0.000000 239.980185 -0.120759 0.992682 -0.000000 -15.634040 -0.000000 0.000000 1.000000 0.000000
0.992600 0.121432 0.000000 241.942134 -0.121432 0.992600 -0.000000 -15.891552 -0.000000 0.000000 1.000000 0.000000
0.992640 0.121104 0.000000 243.878417 -0.121104 0.992640 -0.000000 -16.158329 -0.000000 0.000000 1.000000 0.000000
0.992821 0.119613 0.000000 245.843440 -0.119613 0.992821 -0.000000 -16.353777 -0.000000 0.000000 1.000000 0.000000
0.992787 0.119888 0.000000 247.766946 -0.119888 0.992787 -0.000000 -16.612262 -0.000000 0.000000 1.000000 0.000000
0.992913 0.118845 0.000000 249.698305 -0.118845 0.992913 -0.000000 -16.874918 -0.000000 0.000000 1.000000 0.000000
0.992938 0.118638 0.000000 251.632074 -0.118638 0.992938 -0.000000 -17.097459 -0.000000 0.000000 1.000000 0.000000
0.993086 0.117391 0.000000 253.501756 -0.117391 0.993086 -0.000000 -17.319546 -0.000000 0.000000 1.000000 0.000000
0.993231 0.116159 0.000000 255.390235 -0.116159 0.993231 -0.000000 -17.550940 -0.000000 0.000000 1.000000 0.000000
0.993416 0.114563 0.000000 257.226121 -0.114563 0.993416 -0.000000 -17.741145 -0.000000 0.000000 1.000000 0.000000
0.993461 0.114174 0.000000 259.064277 -0.114174 0.993461 -0.000000 -17.968112 -0.000000 0.000000 1.000000 0.000000
0.993674 0.112306 0.000000 260.911554 -0.112306 0.993674 -0.000000 -18.156069 -0.000000 0.000000 1.000000 0.000000
0.993777 0.111389 0.000000 262.675348 -0.111389 0.993777 -0.000000 -18.356850 -0.000000 0.000000 1.000000 0.000000
0.993826 0.110948 0.000000 264.329662 -0.110948 0.993826 -0.000000 -18.585307 -0.000000 0.000000 1.000000 0.000000
0.993771 0.111445 0.000000 266.122312 -0.111445 0.993771 -0.000000 -18.849947 -0.000000 0.000000 1.000000 0.000000
0.993807 0.111122 0.000000 268.030559 -0.111122 0.993807 -0.000000 -18.939182 -0.000000 0.000000 1.000000 0.000000
0.993837 0.110855 0.000000 269.706557 -0.110855 0.993837 -0.000000 -19.196687 -0.000000 0.000000 1.000000 0.000000
0.993666 0.112371 0.000000 271.428634 -0.112371 0.993666 -0.000000 -19.362082 -0.000000 0.000000 1.000000 0.000000
0.993840 0.110822 0.000000 273.211908 -0.110822 0.993840 -0.000000 -19.576730 -0.000000 0.000000 1.000000 0.000000
0.994108 0.108396 0.000000 275.049322 -0.108396 0.994108 -0.000000 -19.736198 -0.000000 0.000000 1.000000 0.000000
0.994200 0.107549 0.000000 276.830525 -0.107549 0.994200 -0.000000 -19.918226 -0.000000 0.000000 1.000000 0.000000
0.994464 0.105080 0.000000 278.638293 -0.105080 0.994464 -0.000000 -20.117042 -0.000000 0.000000 1.000000 0.000000
0.995002 0.099858 0.000000 280.458220 -0.099858 0.995002 -0.000000 -20.283223 -0.000000 0.000000 1.000000 0.000000
0.995301 0.096833 0.000000 282.324722 -0.096833 0.995301 -0.000000 -20.426793 -0.000000 0.000000 1.000000 0.000000
0.995815 0.091388 0.000000 284.148624 -0.091388 0.995815 -0.000000 -20.568026 -0.000000 0.000000 1.000000 0.000000
0.996112 0.088097 0.000000 286.006760 -0.088097 0.996112 -0.000000 -20.732194 -0.000000 0.000000 1.000000 0.000000
0.996536 0.083164 0.000000 287.833101 -0.083164 0.996536 -0.000000 -20.881421 -0.000000 0.000000 1.000000 0.000000
0.996790 0.080064 0.000000 289.714112 -0.080064 0.996790 -0.000000 -21.046291 -0.000000 0.000000 1.000000 0.000000
0.997166 0.075227 0.000000 291.558074 -0.075227 0.997166 -0.000000 -21.157265 -0.000000 0.000000 1.000000 0.000000
0.997361 0.072601 0.000000 293.445221 -0.072601 0.997361 -0.000000 -21.266680 -0.000000 0.000000 1.000000 0.000000
0.997580 0.069522 0.000000 295.336501 -0.069522 0.997580 -0.000000 -21.397511 -0.000000 0.000000 1.000000 0.000000
0.997785 0.066529 0.000000 297.221764 -0.066529 0.997785 -0.000000 -21.513641 -0.000000 0.000000 1.000000 0.000000
0.998136 0.061028 0.000000 299.080037 -0.061028 0.998136 -0.000000 -21.605336 -0.000000 0.000000 1.000000 0.000000
0.998422 0.056160 0.000000 301.027860 -0.056160 0.998422 -0.000000 -21.676643 -0.000000 0.000000 1.000000 0.000000
0.998744 0.050101 0.000000 302.905122 -0.050101 0.998744 -0.000000 -21.793840 -0.000000 0.000000 1.000000 0.000000
0.999037 0.043880 0.000000 304.796926 -0.043880 0.999037 -0.000000 -21.849439 -0.000000 0.000000 1.000000 0.000000
0.999213 0.039662 0.000000 306.672262 -0.039662 0.999213 -0.000000 -21.919816 -0.000000 0.000000 1.000000 0.000000
0.999404 0.034509 0.000000 308.502161 -0.034509 0.999404 -0.000000 -21.945157 -0.000000 0.000000 1.000000 0.000000
0.999558 0.029742 0.000000 310.388331 -0.029742 0.999558 -0.000000 -22.025950 -0.000000 0.000000 1.000000 0.000000
0.999575 0.029140 0.000000 312.172208 -0.029140 0.999575 -0.000000 -22.033952 -0.000000 0.000000 1.000000 0.000000
0.999525 0.030806 0.000000 313.918320 -0.030806 0.999525 -0.000000 -22.087697 -0.000000 0.000000 1.000000 0.000000
0.999513 0.031213 0.000000 315.649212 -0.031213 0.999513 -0.000000 -22.121929 -0.000000 0.000000 1.000000 0.000000
0.999483 0.032145 0.000000 317.487539 -0.032145 0.999483 -0.000000 -22.216848 -0.000000 0.000000 1.000000 0.000000
0.999571 0.029301 0.000000 319.388223 -0.029301 0.999571 -0.000000 -22.257592 -0.000000 0.000000 1.000000 0.000000
0.999538 0.030383 0.000000 321.203364 -0.030383 0.999538 -0.000000 -22.281768 -0.000000 0.000000 1.000000 0.000000
0.999502 0.031555 0.000000 322.981666 -0.031555 0.999502 -0.000000 -22.250833 -0.000000 0.000000 1.000000 0.000000
0.999531 0.030622 0.000000 324.809527 -0.030622 0.999531 -0.000000 -22.310233 -0.000000 0.000000 1.000000 0.000000
0.999556 0.029808 0.000000 326.670337 -0.029808 0.999556 -0.000000 -22.370747 -0.000000 0.000000 1.000000 0.000000
0.999623 0.027451 0.000000 328.526078 -0.027451 0.999623 -0.000000 -22.402474 -0.000000 0.000000 1.000000 0.000000
0.999718 0.023736 0.000000 330.450946 -0.023736 0.999718 -0.000000 -22.435439 -0.000000 0.000000 1.000000 0.000000
0.999790 0.020507 0.000000 332.335880 -0.020507 0.999790 -0.000000 -22.511672 -0.000000 0.000000 1.000000 0.000000
0.999866 0.016383 0.000000 334.225713 -0.016383 0.999866 -0.000000 -22.520173 -0.000000 0.000000 1.000000 0.000000
0.999906 0.013693 0.000000 336.139619 -0.013693 0.999906 -0.000000 -22.518796 -0.000000 0.000000 1.000000 0.000000
0.999949 0.010131 0.000000 338.095465 -0.010131 0.999949 -0.000000 -22.501165 -0.000000 0.000000 1.000000 0.000000
0.999984 0.005649 0.000000 340.038771 -0.005649 0.999984 -0.000000 -22.512461 -0.000000 0.000000 1.000000 0.000000
0.999997 0.002516 0.000000 342.014263 -0.002516 0.999997 -0.000000 -22.504005 -0.000000 0.000000 1.000000 0.000000
1.000000 0.000425 0.000000 344.025044 -0.000425 1.000000 -0.000000 -22.482230 -0.000000 0.000000 1.000000 0.000000
1.000000 0.000237 0.000000 346.018247 -0.000237 1.000000 -0.000000 -22.445740 -0.000000 0.000000 1.000000 0.000000
1.000000 0.000167 0.000000 348.029200 -0.000167 1.000000 -0.000000 -22.454218 -0.000000 0.000000 1.000000 0.000000
1.000000 -0.000715 0.000000 350.074764 0.000715 1.000000 0.000000 -22.459558 0.000000 0.000000 1.000000 0.000000
0.999997 -0.002625 0.000000 352.124434 0.002625 0.999997 0.000000 -22.443049 0.000000 0.000000 1.000000 0.000000
0.999990 -0.004400 0.000000 354.160097 0.004400 0.999990 0.000000 -22.408846 0.000000 0.000000 1.000000 0.000000
0.999984 -0.005680 0.000000 356.221054 0.005680 0.999984 0.000000 -22.398654 0.000000 0.000000 1.000000 0.000000
0.999980 -0.006258 0.000000 358.321041 0.006258 0.999980 0.000000 -22.347977 0.000000 0.000000 1.000000 0.000000
0.999975 -0.007075 0.000000 360.401103 0.007075 0.999975 0.000000 -22.347150 0.000000 0.000000 1.000000 0.000000
0.999976 -0.006992 0.000000 362.489611 0.006992 0.999976 0.000000 -22.324413 0.000000 0.000000 1.000000 0.000000
0.999975 -0.007045 0.000000 364.590175 0.007045 0.999975 0.000000 -22.294961 0.000000 0.000000 1.000000 0.000000
0.999966 -0.008221 0.000000 366.737934 0.008221 0.999966 0.000000 -22.257218 0.000000 0.000000 1.000000 0.000000
0.999964 -0.008505 0.000000 368.890918 0.008505 0.999964 0.000000 -22.216204 0.000000 0.000000 1.000000 0.000000
0.999957 -0.009325 0.000000 371.025982 0.009325 0.999957 0.000000 -22.214497 0.000000 0.000000 1.000000 0.000000
0.999936 -0.011303 0.000000 373.142387 0.011303 0.999936 0.000000 -22.203285 0.000000 0.000000 1.000000 0.000000
0.999916 -0.012927 0.000000 375.316750 0.012927 0.999916 0.000000 -22.140949 0.000000 0.000000 1.000000 0.000000
0.999897 -0.014326 0.000000 377.570949 0.014326 0.999897 0.000000 -22.067957 0.000000 0.000000 1.000000 0.000000
0.999871 -0.016043 0.000000 379.687993 0.016043 0.999871 0.000000 -22.029599 0.000000 0.000000 1.000000 0.000000
0.999827 -0.018598 0.000000 381.889293 0.018598 0.999827 0.000000 -22.012014 0.000000 0.000000 1.000000 0.000000
0.999773 -0.021313 0.000000 384.207199 0.021313 0.999773 0.000000 -21.958271 0.000000 0.000000 1.000000 0.000000
0.999730 -0.023239 0.000000 386.416041 0.023239 0.999730 0.000000 -21.877077 0.000000 0.000000 1.000000 0.000000
0.999696 -0.024661 0.000000 388.634252 0.024661 0.999696 0.000000 -21.874703 0.000000 0.000000 1.000000 0.000000
0.999654 -0.026318 0.000000 390.846047 0.026318 0.999654 0.000000 -21.761531 0.000000 0.000000 1.000000 0.000000
0.999604 -0.028155 0.000000 393.092526 0.028155 0.999604 0.000000 -21.671124 0.000000 0.000000 1.000000 0.000000
0.999522 -0.030912 0.000000 395.246151 0.030912 0.999522 0.000000 -21.609101 0.000000 0.000000 1.000000 0.000000
0.999479 -0.032263 0.000000 397.444375 0.032263 0.999479 0.000000 -21.576459 0.000000 0.000000 1.000000 0.000000
0.999380 -0.035214 0.000000 399.488085 0.035214 0.999380 0.000000 -21.477650 0.000000 0.000000 1.000000 0.000000
0.999268 -0.038249 0.000000 401.597152 0.038249 0.999268 0.000000 -21.370296 0.000000 0.000000 1.000000 0.000000
0.999089 -0.042669 0.000000 403.687927 0.042669 0.999089 0.000000 -21.291765 0.000000 0.000000 1.000000 0.000000
0.998896 -0.046975 0.000000 405.784236 0.046975 0.998896 0.000000 -21.192736 0.000000 0.000000 1.000000 0.000000
0.998698 -0.051011 0.000000 407.843457 0.051011 0.998698 0.000000 -21.089891 0.000000 0.000000 1.000000 0.000000
0.998453 -0.055610 0.000000 409.902094 0.055610 0.998453 0.000000 -20.963671 0.000000 0.000000 1.000000 0.000000
0.998213 -0.059755 0.000000 411.952467 0.059755 0.998213 0.000000 -20.861802 0.000000 0.000000 1.000000 0.000000
0.997979 -0.063549 0.000000 414.028537 0.063549 0.997979 0.000000 -20.682866 0.000000 0.000000 1.000000 0.000000
0.997703 -0.067746 0.000000 416.124652 0.067746 0.997703 0.000000 -20.516805 0.000000 0.000000 1.000000 0.000000
0.997598 -0.069265 0.000000 418.192644 0.069265 0.997598 0.000000 -20.407205 0.000000 0.000000 1.000000 0.000000
0.997384 -0.072289 0.000000 420.225947 0.072289 0.997384 0.000000 -20.234110 0.000000 0.000000 1.000000 0.000000
0.997158 -0.075333 0.000000 422.326302 0.075333 0.997158 0.000000 -20.032190 0.000000 0.000000 1.000000 0.000000
0.996919 -0.078437 0.000000 424.436580 0.078437 0.996919 0.000000 -19.852845 0.000000 0.000000 1.000000 0.000000
0.996598 -0.082421 0.000000 426.544056 0.082421 0.996598 0.000000 -19.671922 0.000000 0.000000 1.000000 0.000000
0.996191 -0.087198 0.000000 428.679058 0.087198 0.996191 0.000000 -19.530063 0.000000 0.000000 1.000000 0.000000
0.995773 -0.091845 0.000000 430.754004 0.091845 0.995773 0.000000 -19.311285 0.000000 0.000000 1.000000 0.000000
0.995439 -0.095403 0.000000 432.818396 0.095403 0.995439 0.000000 -19.096139 0.000000 0.000000 1.000000 0.000000
0.994956 -0.100314 0.000000 434.902407 0.100314 0.994956 0.000000 -18.812778 0.000000 0.000000 1.000000 0.000000
0.994584 -0.103937 0.000000 436.949242 0.103937 0.994584 0.000000 -18.622993 0.000000 0.000000 1.000000 0.000000
0.994181 -0.107724 0.000000 438.915823 0.107724 0.994181 0.000000 -18.373272 0.000000 0.000000 1.000000 0.000000
0.993674 -0.112303 0.000000 440.869400 0.112303 0.993674 0.000000 -18.139742 0.000000 0.000000 1.000000 0.000000
0.993359 -0.115053 0.000000 442.849009 0.115053 0.993359 0.000000 -17.920017 0.000000 0.000000 1.000000 0.000000
0.992916 -0.118819 0.000000 444.749015 0.118819 0.992916 0.000000 -17.663614 0.000000 0.000000 1.000000 0.000000
0.992261 -0.124171 0.000000 446.547312 0.124171 0.992261 0.000000 -17.469288 0.000000 0.000000 1.000000 0.000000
0.991807 -0.127749 0.000000 448.465131 0.127749 0.991807 0.000000 -17.211352 0.000000 0.000000 1.000000 0.000000
0.991412 -0.130777 0.000000 450.321948 0.130777 0.991412 0.000000 -16.931917 0.000000 0.000000 1.000000 0.000000
0.991054 -0.133465 0.000000 452.154938 0.133465 0.991054 0.000000 -16.657240 0.000000 0.000000 1.000000 0.000000
0.990397 -0.138250 0.000000 453.877299 0.138250 0.990397 0.000000 -16.390555 0.000000 0.000000 1.000000 0.000000
0.990031 -0.140851 0.000000 455.793634 0.140851 0.990031 0.000000 -16.125106 0.000000 0.000000 1.000000 0.000000
0.989457 -0.144827 0.000000 457.692046 0.144827 0.989457 0.000000 -15.862026 0.000000 0.000000 1.000000 0.000000
0.988936 -0.148344 0.000000 459.527707 0.148344 0.988936 0.000000 -15.604150 0.000000 0.000000 1.000000 0.000000
0.988522 -0.151079 0.000000 461.404737 0.151079 0.988522 0.000000 -15.261657 0.000000 0.000000 1.000000 0.000000
0.988101 -0.153807 0.000000 463.245595 0.153807 0.988101 0.000000 -14.944041 0.000000 0.000000 1.000000 0.000000
0.987461 -0.157862 0.000000 465.176353 0.157862 0.987461 0.000000 -14.728361 0.000000 0.000000 1.000000 0.000000
0.986777 -0.162084 0.000000 467.087439 0.162084 0.986777 0.000000 -14.408501 0.000000 0.000000 1.000000 0.000000
0.986286 -0.165044 0.000000 468.936446 0.165044 0.986286 0.000000 -14.049537 0.000000 0.000000 1.000000 0.000000
0.985543 -0.169424 0.000000 470.870734 0.169424 0.985543 0.000000 -13.667145 0.000000 0.000000 1.000000 0.000000
0.984883 -0.173219 0.000000 472.752609 0.173219 0.984883 0.000000 -13.355123 0.000000 0.000000 1.000000 0.000000
0.984139 -0.177400 0.000000 474.607887 0.177400 0.984139 0.000000 -13.019383 0.000000 0.000000 1.000000 0.000000
0.983422 -0.181329 0.000000 476.458752 0.181329 0.983422 0.000000 -12.658830 0.000000 0.000000 1.000000 0.000000
0.982705 -0.185180 0.000000 478.164283 0.185180 0.982705 0.000000 -12.353133 0.000000 0.000000 1.000000 0.000000
0.982281 -0.187415 0.000000 480.011414 0.187415 0.982281 0.000000 -11.990295 0.000000 0.000000 1.000000 0.000000
0.981490 -0.191512 0.000000 481.752092 0.191512 0.981490 0.000000 -11.595016 0.000000 0.000000 1.000000 0.000000
0.980397 -0.197034 0.000000 483.431869 0.197034 0.980397 0.000000 -11.285995 0.000000 0.000000 1.000000 0.000000
0.979792 -0.200021 0.000000 485.259430 0.200021 0.979792 0.000000 -10.880193 0.000000 0.000000 1.000000 0.000000
0.979032 -0.203706 0.000000 487.010785 0.203706 0.979032 0.000000 -10.529208 0.000000 0.000000 1.000000 0.000000
0.978580 -0.205868 0.000000 488.809920 0.205868 0.978580 0.000000 -10.049618 0.000000 0.000000 1.000000 0.000000
0.977873 -0.209201 0.000000 490.586439 0.209201 0.977873 0.000000 -9.688862 0.000000 0.000000 1.000000 0.000000
0.977760 -0.209728 0.000000 492.433963 0.209728 0.977760 0.000000 -9.310392 0.000000 0.000000 1.000000 0.000000
0.977617 -0.210392 0.000000 494.217750 0.210392 0.977617 0.000000 -8.895448 0.000000 0.000000 1.000000 0.000000
0.977375 -0.211515 0.000000 496.056372 0.211515 0.977375 0.000000 -8.513289 0.000000 0.000000 1.000000 0.000000
0.977186 -0.212385 0.000000 497.891382 0.212385 0.977186 0.000000 -8.128113 0.000000 0.000000 1.000000 0.000000
0.976849 -0.213929 0.000000 499.712140 0.213929 0.976849 0.000000 -7.728822 0.000000 0.000000 1.000000 0.000000
0.976341 -0.216235 0.000000 501.606729 0.216235 0.976341 0.000000 -7.290538 0.000000 0.000000 1.000000 0.000000
0.975229 -0.221199 0.000000 503.452474 0.221199 0.975229 0.000000 -6.841665 0.000000 0.000000 1.000000 0.000000
0.974398 -0.224828 0.000000 505.416655 0.224828 0.974398 0.000000 -6.446436 0.000000 0.000000 1.000000 0.000000
0.973464 -0.228839 0.000000 507.331161 0.228839 0.973464 0.000000 -5.957507 0.000000 0.000000 1.000000 0.000000
0.972589 -0.232530 0.000000 509.219131 0.232530 0.972589 0.000000 -5.453775 0.000000 0.000000 1.000000 0.000000
0.972184 -0.234218 0.000000 511.165976 0.234218 0.972184 0.000000 -4.987575 0.000000 0.000000 1.000000 0.000000
0.971557 -0.236805 0.000000 513.099573 0.236805 0.971557 0.000000 -4.543114 0.000000 0.000000 1.000000 0.000000
0.971133 -0.238539 0.000000 515.086198 0.238539 0.971133 0.000000 -4.045950 0.000000 0.000000 1.000000 0.000000
0.970700 -0.240293 0.000000 516.969451 0.240293 0.970700 0.000000 -3.543723 0.000000 0.000000 1.000000 0.000000
0.970005 -0.243086 0.000000 518.939829 0.243086 0.970005 0.000000 -3.071707 0.000000 0.000000 1.000000 0.000000
0.969167 -0.246407 0.000000 520.838240 0.246407 0.969167 0.000000 -2.524529 0.000000 0.000000 1.000000 0.000000
0.968156 -0.250349 0.000000 522.739753 0.250349 0.968156 0.000000 -2.083500 0.000000 0.000000 1.000000 0.000000
0.966939 -0.255009 0.000000 524.583341 0.255009 0.966939 0.000000 -1.610945 0.000000 0.000000 1.000000 0.000000
0.965689 -0.259700 0.000000 526.421529 0.259700 0.965689 0.000000 -1.101123 0.000000 0.000000 1.000000 0.000000
0.964421 -0.264372 0.000000 528.217854 0.264372 0.964421 0.000000 -0.626362 0.000000 0.000000 1.000000 0.000000
0.963047 -0.269334 0.000000 530.018301 0.269334 0.963047 0.000000 -0.071064 0.000000 0.000000 1.000000 0.000000
0.961425 -0.275067 0.000000 531.756032 0.275067 0.961425 0.000000 0.415848 0.000000 0.000000 1.000000 0.000000
0.959837 -0.280559 0.000000 533.527454 0.280559 0.959837 0.000000 0.921654 0.000000 0.000000 1.000000 0.000000
0.958147 -0.286278 0.000000 535.259144 0.286278 0.958147 0.000000 1.414268 0.000000 0.000000 1.000000 0.000000
0.956951 -0.290250 0.000000 536.896666 0.290250 0.956951 0.000000 1.914287 0.000000 0.000000 1.000000 0.000000
0.955946 -0.293543 0.000000 538.562378 0.293543 0.955946 0.000000 2.406508 0.000000 0.000000 1.000000 0.000000
0.954680 -0.297633 0.000000 540.288617 0.297633 0.954680 0.000000 2.967945 0.000000 0.000000 1.000000 0.000000
0.954371 -0.298623 0.000000 541.834174 0.298623 0.954371 0.000000 3.382729 0.000000 0.000000 1.000000 0.000000
0.953611 -0.301040 0.000000 543.402065 0.301040 0.953611 0.000000 3.990008 0.000000 0.000000 1.000000 0.000000
0.952935 -0.303173 0.000000 545.006019 0.303173 0.952935 0.000000 4.483999 0.000000 0.000000 1.000000 0.000000
0.952716 -0.303862 0.000000 546.608806 0.303862 0.952716 0.000000 4.994571 0.000000 0.000000 1.000000 0.000000
0.952122 -0.305718 0.000000 548.089839 0.305718 0.952122 0.000000 5.461757 0.000000 0.000000 1.000000 0.000000
0.951655 -0.307169 0.000000 549.643920 0.307169 0.951655 0.000000 6.006916 0.000000 0.000000 1.000000 0.000000
0.951793 -0.306741 0.000000 551.145408 0.306741 0.951793 0.000000 6.514461 0.000000 0.000000 1.000000 0.000000
0.953935 -0.300013 0.000000 552.591094 0.300013 0.953935 0.000000 6.952195 0.000000 0.000000 1.000000 0.000000
0.961592 -0.274483 0.000000 555.314755 0.274483 0.961592 0.000000 7.773161 0.000000 0.000000 1.000000 0.000000
0.977009 -0.213198 0.000000 557.934604 0.213198 0.977009 0.000000 8.344116 0.000000 0.000000 1.000000 0.000000
0.994036 -0.109056 0.000000 560.269188 0.109056 0.994036 0.000000 8.495894 0.000000 0.000000 1.000000 0.000000
0.999617 0.027664 0.000000 562.372176 -0.027664 0.999617 -0.000000 8.338259 -0.000000 0.000000 1.000000 0.000000
0.981402 0.191966 0.000000 564.279025 -0.191966 0.981402 -0.000000 7.870409 -0.000000 0.000000 1.000000 0.000000
0.957094 0.289778 0.000000 565.239037 -0.289778 0.957094 -0.000000 7.476579 -0.000000 0.000000 1.000000 0.000000
0.920828 0.389969 0.000000 566.059903 -0.389969 0.920828 -0.000000 6.999475 -0.000000 0.000000 1.000000 0.000000
0.868406 0.495854 0.000000 566.850508 -0.495854 0.868406 -0.000000 6.407064 -0.000000 0.000000 1.000000 0.000000
0.798159 0.602447 0.000000 567.515790 -0.602447 0.798159 -0.000000 5.754054 -0.000000 0.000000 1.000000 0.000000
0.711564 0.702621 0.000000 568.156947 -0.702621 0.711564 -0.000000 5.008370 -0.000000 0.000000 1.000000 0.000000
0.611717 0.791077 0.000000 568.619023 -0.791077 0.611717 -0.000000 4.147593 -0.000000 0.000000 1.000000 0.000000
0.498241 0.867038 0.000000 569.040993 -0.867038 0.498241 -0.000000 3.173997 -0.000000 0.000000 1.000000 0.000000
0.377923 0.925837 0.000000 569.222277 -0.925837 0.377923 -0.000000 2.279342 -0.000000 0.000000 1.000000 0.000000
0.264717 0.964326 0.000000 569.277919 -0.964326 0.264717 -0.000000 1.215318 -0.000000 0.000000 1.000000 0.000000
0.170048 0.985436 0.000000 569.366434 -0.985436 0.170048 -0.000000 0.118695 -0.000000 0.000000 1.000000 0.000000
0.067064 0.997749 0.000000 569.622668 -0.997749 0.067064 -0.000000 -2.138482 -0.000000 0.000000 1.000000 0.000000
0.019175 0.999816 0.000000 569.796108 -0.999816 0.019175 -0.000000 -4.780532 -0.000000 0.000000 1.000000 0.000000
-0.000967 1.000000 0.000000 569.818828 -1.000000 -0.000967 -0.000000 -7.459461 -0.000000 0.000000 1.000000 0.000000
-0.005646 0.999984 0.000000 569.791521 -0.999984 -0.005646 -0.000000 -10.313976 -0.000000 0.000000 1.000000 0.000000
-0.002635 0.999997 0.000000 569.782576 -0.999997 -0.002635 -0.000000 -13.309363 -0.000000 0.000000 1.000000 0.000000
-0.001878 0.999998 0.000000 569.803780 -0.999998 -0.001878 -0.000000 -14.845536 -0.000000 0.000000 1.000000 0.000000
-0.000599 1.000000 0.000000 569.800321 -1.000000 -0.000599 -0.000000 -16.440559 -0.000000 0.000000 1.000000 0.000000
0.000337 1.000000 0.000000 569.831769 -1.000000 0.000337 -0.000000 -18.045978 -0.000000 0.000000 1.000000 0.000000
0.000204 1.000000 0.000000 569.809647 -1.000000 0.000204 -0.000000 -19.715124 -0.000000 0.000000 1.000000 0.000000
-0.001218 0.999999 0.000000 569.842038 -0.999999 -0.001218 -0.000000 -21.340940 -0.000000 0.000000 1.000000 0.000000
-0.002188 0.999998 0.000000 569.794312 -0.999998 -0.002188 -0.000000 -23.056886 -0.000000 0.000000 1.000000 0.000000
-0.003832 0.999993 0.000000 569.818646 -0.999993 -0.003832 -0.000000 -24.806317 -0.000000 0.000000 1.000000 0.000000
-0.005461 0.999985 0.000000 569.807376 -0.999985 -0.005461 -0.000000 -26.513886 -0.000000 0.000000 1.000000 0.000000
-0.005474 0.999985 0.000000 569.827601 -0.999985 -0.005474 -0.000000 -28.298963 -0.000000 0.000000 1.000000 0.000000
-0.004794 0.999989 0.000000 569.794732 -0.999989 -0.004794 -0.000000 -30.117477 -0.000000 0.000000 1.000000 0.000000
-0.002859 0.999996 0.000000 569.830560 -0.999996 -0.002859 -0.000000 -31.972333 -0.000000 0.000000 1.000000 0.000000
-0.000510 1.000000 0.000000 569.809163 -1.000000 -0.000510 -0.000000 -33.851484 -0.000000 0.000000 1.000000 0.000000
0.001106 0.999999 0.000000 569.789785 -0.999999 0.001106 -0.000000 -35.756988 -0.000000 0.000000 1.000000 0.000000
0.002622 0.999997 0.000000 569.797237 -0.999997 0.002622 -0.000000 -37.627350 -0.000000 0.000000 1.000000 0.000000
0.001915 0.999998 0.000000 569.848024 -0.999998 0.001915 -0.000000 -39.595127 -0.000000 0.000000 1.000000 0.000000
0.003698 0.999993 0.000000 569.848537 -0.999993 0.003698 -0.000000 -41.579371 -0.000000 0.000000 1.000000 0.000000
0.003168 0.999995 0.000000 569.817514 -0.999995 0.003168 -0.000000 -43.544493 -0.000000 0.000000 1.000000 0.000000
0.001851 0.999998 0.000000 569.862728 -0.999998 0.001851 -0.000000 -45.568029 -0.000000 0.000000 1.000000 0.000000
0.000595 1.000000 0.000000 569.879019 -1.000000 0.000595 -0.000000 -47.587791 -0.000000 0.000000 1.000000 0.000000
-0.000373 1.000000 0.000000 569.874045 -1.000000 -0.000373 -0.000000 -49.658392 -0.000000 0.000000 1.000000 0.000000
-0.001190 0.999999 0.000000 569.919590 -0.999999 -0.001190 -0.000000 -51.699844 -0.000000 0.000000 1.000000 0.000000
-0.001004 0.999999 0.000000 569.927293 -0.999999 -0.001004 -0.000000 -53.703296 -0.000000 0.000000 1.000000 0.000000
-0.000898 1.000000 0.000000 569.962567 -1.000000 -0.000898 -0.000000 -55.700415 -0.000000 0.000000 1.000000 0.000000
-0.001655 0.999999 0.000000 569.961286 -0.999999 -0.001655 -0.000000 -57.663061 -0.000000 0.000000 1.000000 0.000000
-0.002067 0.999998 0.000000 569.923322 -0.999998 -0.002067 -0.000000 -59.565982 -0.000000 0.000000 1.000000 0.000000
-0.000086 1.000000 0.000000 569.951608 -1.000000 -0.000086 -0.000000 -61.492711 -0.000000 0.000000 1.000000 0.000000
0.002577 0.999997 0.000000 569.945121 -0.999997 0.002577 -0.000000 -63.335777 -0.000000 0.000000 1.000000 0.000000
0.002863 0.999996 0.000000 569.965817 -0.999996 0.002863 -0.000000 -65.025469 -0.000000 0.000000 1.000000 0.000000
0.001115 0.999999 0.000000 570.035483 -0.999999 0.001115 -0.000000 -66.592629 -0.000000 0.000000 1.000000 0.000000
0.001127 0.999999 0.000000 570.000438 -0.999999 0.001127 -0.000000 -68.178901 -0.000000 0.000000 1.000000 0.000000
0.000364 1.000000 0.000000 570.095785 -1.000000 0.000364 -0.000000 -69.677482 -0.000000 0.000000 1.000000 0.000000
0.002298 0.999997 0.000000 570.045564 -0.999997 0.002298 -0.000000 -72.601704 -0.000000 0.000000 1.000000 0.000000
0.004954 0.999988 0.000000 570.065254 -0.999988 0.004954 -0.000000 -75.398384 -0.000000 0.000000 1.000000 0.000000
0.001694 0.999999 0.000000 570.141528 -0.999999 0.001694 -0.000000 -78.474355 -0.000000 0.000000 1.000000 0.000000
0.002301 0.999997 0.000000 570.084237 -0.999997 0.002301 -0.000000 -81.294684 -0.000000 0.000000 1.000000 0.000000
0.000287 1.000000 0.000000 570.111878 -1.000000 0.000287 -0.000000 -82.932090 -0.000000 0.000000 1.000000 0.000000
-0.000899 1.000000 0.000000 570.093076 -1.000000 -0.000899 -0.000000 -86.058258 -0.000000 0.000000 1.000000 0.000000
-0.001820 0.999998 0.000000 570.127406 -0.999998 -0.001820 -0.000000 -87.696764 -0.000000 0.000000 1.000000 0.000000
-0.001787 0.999998 0.000000 570.148764 -0.999998 -0.001787 -0.000000 -89.283956 -0.000000 0.000000 1.000000 0.000000
-0.001758 0.999998 0.000000 570.143191 -0.999998 -0.001758 -0.000000 -90.975368 -0.000000 0.000000 1.000000 0.000000
-0.001894 0.999998 0.000000 570.157909 -0.999998 -0.001894 -0.000000 -92.639873 -0.000000 0.000000 1.000000 0.000000
-0.001277 0.999999 0.000000 570.165644 -0.999999 -0.001277 -0.000000 -94.281966 -0.000000 0.000000 1.000000 0.000000
0.000673 1.000000 0.000000 570.123165 -1.000000 0.000673 -0.000000 -95.864464 -0.000000 0.000000 1.000000 0.000000
0.001899 0.999998 0.000000 570.159485 -0.999998 0.001899 -0.000000 -97.492688 -0.000000 0.000000 1.000000 0.000000
0.002322 0.999997 0.000000 570.201516 -0.999997 0.002322 -0.000000 -99.059288 -0.000000 0.000000 1.000000 0.000000
0.004208 0.999991 0.000000 570.258175 -0.999991 0.004208 -0.000000 -100.603372 -0.000000 0.000000 1.000000 0.000000
0.005083 0.999987 0.000000 570.272599 -0.999987 0.005083 -0.000000 -103.543230 -0.000000 0.000000 1.000000 0.000000
