0.999926 0.012166 0.000000 -3.640058 -0.012166 0.999926 -0.000000 2.209576 -0.000000 0.000000 1.000000 0.000000 1547822825867784000

0.996917 -0.078459 0.000000 -1.727915 0.078459 0.996917 0.000000 2.354558 0.000000 0.000000 1.000000 0.000000 1547822857342175000

0.989256 -0.146191 0.000000 0.349493 0.146191 0.989256 0.000000 2.671815 0.000000 0.000000 1.000000 0.000000 1547822858096357000

0.985384 -0.170347 0.000000 2.216523 0.170347 0.985384 0.000000 2.917745 0.000000 0.000000 1.000000 0.000000 1547822858596569000

0.984553 -0.175088 0.000000 4.353610 0.175088 0.984553 0.000000 3.342791 0.000000 0.000000 1.000000 0.000000 1547822859097138000

0.985307 -0.170793 0.000000 6.823378 0.170793 0.985307 0.000000 3.774941 0.000000 0.000000 1.000000 0.000000 1547822859596178000

0.986538 -0.163530 0.000000 9.647937 0.163530 0.986538 0.000000 4.257061 0.000000 0.000000 1.000000 0.000000 1547822860095386000

0.987241 -0.159232 0.000000 11.142821 0.159232 0.987241 0.000000 4.449852 0.000000 0.000000 1.000000 0.000000 1547822860345041000

0.988110 -0.153746 0.000000 12.721020 0.153746 0.988110 0.000000 4.653535 0.000000 0.000000 1.000000 0.000000 1547822860594219000

0.989231 -0.146361 0.000000 14.313829 0.146361 0.989231 0.000000 4.918252 0.000000 0.000000 1.000000 0.000000 1547822860842856000

0.990644 -0.136470 0.000000 15.969132 0.136470 0.990644 0.000000 5.160298 0.000000 0.000000 1.000000 0.000000 1547822861091613000

0.992005 -0.126198 0.000000 17.678001 0.126198 0.992005 0.000000 5.339709 0.000000 0.000000 1.000000 0.000000 1547822861340210000

0.993645 -0.112560 0.000000 19.418939 0.112560 0.993645 0.000000 5.529164 0.000000 0.000000 1.000000 0.000000 1547822861588404000

0.995216 -0.097702 0.000000 21.244043 0.097702 0.995216 0.000000 5.694440 0.000000 0.000000 1.000000 0.000000 1547822861837080000

0.996568 -0.082782 0.000000 23.037367 0.082782 0.996568 0.000000 5.825757 0.000000 0.000000 1.000000 0.000000 1547822862087317000

0.997597 -0.069283 0.000000 24.948243 0.069283 0.997597 0.000000 5.950293 0.000000 0.000000 1.000000 0.000000 1547822862337836000

0.998417 -0.056236 0.000000 26.838199 0.056236 0.998417 0.000000 6.060720 0.000000 0.000000 1.000000 0.000000 1547822862587707000

0.999110 -0.042171 0.000000 28.753838 0.042171 0.999110 0.000000 6.126048 0.000000 0.000000 1.000000 0.000000 1547822862837555000

0.999627 -0.027303 0.000000 30.686347 0.027303 0.999627 0.000000 6.158654 0.000000 0.000000 1.000000 0.000000 1547822863087376000

0.999911 -0.013368 0.000000 32.651462 0.013368 0.999911 0.000000 6.159697 0.000000 0.000000 1.000000 0.000000 1547822863337331000

0.999997 -0.002303 0.000000 34.638665 0.002303 0.999997 0.000000 6.119889 0.000000 0.000000 1.000000 0.000000 1547822863587126000

0.999974 0.007245 0.000000 36.665993 -0.007245 0.999974 -0.000000 6.135929 -0.000000 0.000000 1.000000 0.000000 1547822863836532000

0.999925 0.012255 0.000000 38.693492 -0.012255 0.999925 -0.000000 6.063439 -0.000000 0.000000 1.000000 0.000000 1547822864086051000

0.999859 0.016777 0.000000 40.772886 -0.016777 0.999859 -0.000000 6.010588 -0.000000 0.000000 1.000000 0.000000 1547822864335351000

0.999783 0.020845 0.000000 42.879280 -0.020845 0.999783 -0.000000 5.957638 -0.000000 0.000000 1.000000 0.000000 1547822864584851000

0.999687 0.025017 0.000000 45.003571 -0.025017 0.999687 -0.000000 5.939021 -0.000000 0.000000 1.000000 0.000000 1547822864835526000

0.999551 0.029964 0.000000 47.128515 -0.029964 0.999551 -0.000000 5.794842 -0.000000 0.000000 1.000000 0.000000 1547822865087739000

0.999379 0.035246 0.000000 49.247370 -0.035246 0.999379 -0.000000 5.697033 -0.000000 0.000000 1.000000 0.000000 1547822865340078000

0.999020 0.044272 0.000000 51.434445 -0.044272 0.999020 -0.000000 5.631452 -0.000000 0.000000 1.000000 0.000000 1547822865591662000

0.998724 0.050509 0.000000 53.576115 -0.050509 0.998724 -0.000000 5.486193 -0.000000 0.000000 1.000000 0.000000 1547822865842576000

0.998811 0.048743 0.000000 55.737607 -0.048743 0.998811 -0.000000 5.347773 -0.000000 0.000000 1.000000 0.000000 1547822866092925000

0.999077 0.042964 0.000000 57.907603 -0.042964 0.999077 -0.000000 5.229704 -0.000000 0.000000 1.000000 0.000000 1547822866343178000

0.999414 0.034220 0.000000 60.120808 -0.034220 0.999414 -0.000000 5.125130 -0.000000 0.000000 1.000000 0.000000 1547822866593271000

0.999786 0.020692 0.000000 62.324898 -0.020692 0.999786 -0.000000 5.050343 -0.000000 0.000000 1.000000 0.000000 1547822866843046000

0.999979 0.006406 0.000000 64.529164 -0.006406 0.999979 -0.000000 5.020696 -0.000000 0.000000 1.000000 0.000000 1547822867092688000

0.999936 -0.011277 0.000000 66.819988 0.011277 0.999936 0.000000 4.987771 0.000000 0.000000 1.000000 0.000000 1547822867341777000

0.999573 -0.029210 0.000000 69.027612 0.029210 0.999573 0.000000 5.187298 0.000000 0.000000 1.000000 0.000000 1547822867591099000

0.998863 -0.047669 0.000000 71.198376 0.047669 0.998863 0.000000 5.280978 0.000000 0.000000 1.000000 0.000000 1547822867840559000

0.998049 -0.062437 0.000000 73.430057 0.062437 0.998049 0.000000 5.398148 0.000000 0.000000 1.000000 0.000000 1547822868089660000

0.997342 -0.072856 0.000000 75.594481 0.072856 0.997342 0.000000 5.504716 0.000000 0.000000 1.000000 0.000000 1547822868338534000

0.996700 -0.081174 0.000000 77.801069 0.081174 0.996700 0.000000 5.700883 0.000000 0.000000 1.000000 0.000000 1547822868587630000

0.996327 -0.085629 0.000000 80.056130 0.085629 0.996327 0.000000 5.889213 0.000000 0.000000 1.000000 0.000000 1547822868836457000

0.996113 -0.088088 0.000000 82.215272 0.088088 0.996113 0.000000 6.085779 0.000000 0.000000 1.000000 0.000000 1547822869085166000

0.996032 -0.088998 0.000000 84.488533 0.088998 0.996032 0.000000 6.278366 0.000000 0.000000 1.000000 0.000000 1547822869333798000

0.996179 -0.087331 0.000000 86.657748 0.087331 0.996179 0.000000 6.429367 0.000000 0.000000 1.000000 0.000000 1547822869582340000

0.996386 -0.084946 0.000000 88.892283 0.084946 0.996386 0.000000 6.606909 0.000000 0.000000 1.000000 0.000000 1547822869831341000

0.996674 -0.081497 0.000000 91.103855 0.081497 0.996674 0.000000 6.811292 0.000000 0.000000 1.000000 0.000000 1547822870081818000

0.996869 -0.079071 0.000000 93.438106 0.079071 0.996869 0.000000 6.967256 0.000000 0.000000 1.000000 0.000000 1547822870332320000

0.996829 -0.079571 0.000000 95.680064 0.079571 0.996829 0.000000 7.090962 0.000000 0.000000 1.000000 0.000000 1547822870582694000

0.996822 -0.079666 0.000000 97.923181 0.079666 0.996822 0.000000 7.260517 0.000000 0.000000 1.000000 0.000000 1547822870832406000

0.997165 -0.075240 0.000000 100.136202 0.075240 0.997165 0.000000 7.471866 0.000000 0.000000 1.000000 0.000000 1547822871082242000

0.997833 -0.065803 0.000000 102.344867 0.065803 0.997833 0.000000 7.649181 0.000000 0.000000 1.000000 0.000000 1547822871332707000

0.998563 -0.053597 0.000000 104.690497 0.053597 0.998563 0.000000 7.753929 0.000000 0.000000 1.000000 0.000000 1547822871583086000

0.999216 -0.039582 0.000000 107.019900 0.039582 0.999216 0.000000 7.833388 0.000000 0.000000 1.000000 0.000000 1547822871833110000

0.999596 -0.028411 0.000000 109.314185 0.028411 0.999596 0.000000 7.857672 0.000000 0.000000 1.000000 0.000000 1547822872083012000

0.999830 -0.018435 0.000000 111.688661 0.018435 0.999830 0.000000 7.883580 0.000000 0.000000 1.000000 0.000000 1547822872333281000

0.999887 -0.015059 0.000000 114.093377 0.015059 0.999887 0.000000 7.932267 0.000000 0.000000 1.000000 0.000000 1547822872584161000

0.999911 -0.013345 0.000000 116.550218 0.013345 0.999911 0.000000 7.942343 0.000000 0.000000 1.000000 0.000000 1547822872836256000

0.999916 -0.012940 0.000000 119.076219 0.012940 0.999916 0.000000 7.978762 0.000000 0.000000 1.000000 0.000000 1547822873088556000

0.999927 -0.012045 0.000000 121.476891 0.012045 0.999927 0.000000 8.015151 0.000000 0.000000 1.000000 0.000000 1547822873339952000

0.999941 -0.010890 0.000000 123.967460 0.010890 0.999941 0.000000 8.031607 0.000000 0.000000 1.000000 0.000000 1547822873590573000

0.999921 -0.012550 0.000000 126.385119 0.012550 0.999921 0.000000 8.089800 0.000000 0.000000 1.000000 0.000000 1547822873839946000

0.999875 -0.015785 0.000000 128.793644 0.015785 0.999875 0.000000 8.150360 0.000000 0.000000 1.000000 0.000000 1547822874089162000

0.999830 -0.018439 0.000000 131.189925 0.018439 0.999830 0.000000 8.197754 0.000000 0.000000 1.000000 0.000000 1547822874337961000

0.999801 -0.019953 0.000000 133.601984 0.019953 0.999801 0.000000 8.209345 0.000000 0.000000 1.000000 0.000000 1547822874586347000

0.999740 -0.022798 0.000000 136.007163 0.022798 0.999740 0.000000 8.250310 0.000000 0.000000 1.000000 0.000000 1547822874834690000

0.999681 -0.025256 0.000000 138.398644 0.025256 0.999681 0.000000 8.320182 0.000000 0.000000 1.000000 0.000000 1547822875082834000

0.999609 -0.027979 0.000000 140.761677 0.027979 0.999609 0.000000 8.394037 0.000000 0.000000 1.000000 0.000000 1547822875331031000

0.999541 -0.030294 0.000000 143.134190 0.030294 0.999541 0.000000 8.473203 0.000000 0.000000 1.000000 0.000000 1547822875579277000

0.999521 -0.030954 0.000000 145.504448 0.030954 0.999521 0.000000 8.494940 0.000000 0.000000 1.000000 0.000000 1547822875827580000

0.999527 -0.030767 0.000000 147.910314 0.030767 0.999527 0.000000 8.570919 0.000000 0.000000 1.000000 0.000000 1547822876076730000

0.999550 -0.030001 0.000000 150.272889 0.030001 0.999550 0.000000 8.644310 0.000000 0.000000 1.000000 0.000000 1547822876326504000

0.999582 -0.028906 0.000000 152.666311 0.028906 0.999582 0.000000 8.695309 0.000000 0.000000 1.000000 0.000000 1547822876576888000

0.999593 -0.028535 0.000000 155.032320 0.028535 0.999593 0.000000 8.742619 0.000000 0.000000 1.000000 0.000000 1547822876826865000

0.999580 -0.028971 0.000000 157.428675 0.028971 0.999580 0.000000 8.792374 0.000000 0.000000 1.000000 0.000000 1547822877076528000

0.999545 -0.030152 0.000000 159.829995 0.030152 0.999545 0.000000 8.862880 0.000000 0.000000 1.000000 0.000000 1547822877327567000

0.999475 -0.032404 0.000000 162.121242 0.032404 0.999475 0.000000 8.912987 0.000000 0.000000 1.000000 0.000000 1547822877579617000

0.999411 -0.034325 0.000000 164.479140 0.034325 0.999411 0.000000 9.014193 0.000000 0.000000 1.000000 0.000000 1547822877832011000

0.999357 -0.035862 0.000000 166.809327 0.035862 0.999357 0.000000 9.092818 0.000000 0.000000 1.000000 0.000000 1547822878083834000

0.999306 -0.037259 0.000000 169.091514 0.037259 0.999306 0.000000 9.193275 0.000000 0.000000 1.000000 0.000000 1547822878335366000

0.999209 -0.039759 0.000000 171.307701 0.039759 0.999209 0.000000 9.296140 0.000000 0.000000 1.000000 0.000000 1547822878585629000

0.999063 -0.043286 0.000000 173.497862 0.043286 0.999063 0.000000 9.407663 0.000000 0.000000 1.000000 0.000000 1547822878835273000

0.998945 -0.045928 0.000000 175.681395 0.045928 0.998945 0.000000 9.507172 0.000000 0.000000 1.000000 0.000000 1547822879085362000

0.998796 -0.049052 0.000000 177.884711 0.049052 0.998796 0.000000 9.614309 0.000000 0.000000 1.000000 0.000000 1547822879335136000

0.998698 -0.051009 0.000000 180.040241 0.051009 0.998698 0.000000 9.703995 0.000000 0.000000 1.000000 0.000000 1547822879584774000

0.998597 -0.052962 0.000000 182.217856 0.052962 0.998597 0.000000 9.850000 0.000000 0.000000 1.000000 0.000000 1547822879834446000

0.998447 -0.055716 0.000000 184.327353 0.055716 0.998447 0.000000 9.944110 0.000000 0.000000 1.000000 0.000000 1547822880084157000

0.998266 -0.058869 0.000000 186.448958 0.058869 0.998266 0.000000 10.069437 0.000000 0.000000 1.000000 0.000000 1547822880334868000

0.997856 -0.065448 0.000000 188.629282 0.065448 0.997856 0.000000 10.234318 0.000000 0.000000 1.000000 0.000000 1547822880586935000

0.997407 -0.071973 0.000000 190.801081 0.071973 0.997407 0.000000 10.343711 0.000000 0.000000 1.000000 0.000000 1547822880839126000

0.996628 -0.082047 0.000000 192.832080 0.082047 0.996628 0.000000 10.445927 0.000000 0.000000 1.000000 0.000000 1547822881090919000

0.995954 -0.089863 0.000000 194.909074 0.089863 0.995954 0.000000 10.655956 0.000000 0.000000 1.000000 0.000000 1547822881341747000

0.995088 -0.098989 0.000000 197.070041 0.098989 0.995088 0.000000 10.811521 0.000000 0.000000 1.000000 0.000000 1547822881590941000

0.994399 -0.105692 0.000000 199.117874 0.105692 0.994399 0.000000 11.041561 0.000000 0.000000 1.000000 0.000000 1547822881840007000

0.993605 -0.112913 0.000000 201.150490 0.112913 0.993605 0.000000 11.298047 0.000000 0.000000 1.000000 0.000000 1547822882089257000

0.992723 -0.120420 0.000000 203.133066 0.120420 0.992723 0.000000 11.526786 0.000000 0.000000 1.000000 0.000000 1547822882337515000

0.992019 -0.126089 0.000000 205.145384 0.126089 0.992019 0.000000 11.751310 0.000000 0.000000 1.000000 0.000000 1547822882585764000

0.991109 -0.133052 0.000000 207.240747 0.133052 0.991109 0.000000 12.070966 0.000000 0.000000 1.000000 0.000000 1547822882834182000

0.990314 -0.138848 0.000000 209.346307 0.138848 0.990314 0.000000 12.382864 0.000000 0.000000 1.000000 0.000000 1547822883082047000

0.989996 -0.141098 0.000000 211.374459 0.141098 0.989996 0.000000 12.706310 0.000000 0.000000 1.000000 0.000000 1547822883330993000

0.990337 -0.138680 0.000000 213.407446 0.138680 0.990337 0.000000 12.968275 0.000000 0.000000 1.000000 0.000000 1547822883581903000

0.990640 -0.136502 0.000000 215.496991 0.136502 0.990640 0.000000 13.272926 0.000000 0.000000 1.000000 0.000000 1547822883832525000

0.990813 -0.135236 0.000000 217.587923 0.135236 0.990813 0.000000 13.530358 0.000000 0.000000 1.000000 0.000000 1547822884082926000

0.990603 -0.136772 0.000000 219.624735 0.136772 0.990603 0.000000 13.812078 0.000000 0.000000 1.000000 0.000000 1547822884333178000

0.990726 -0.135873 0.000000 221.674073 0.135873 0.990726 0.000000 14.131723 0.000000 0.000000 1.000000 0.000000 1547822884582873000

0.990665 -0.136315 0.000000 223.689832 0.136315 0.990665 0.000000 14.363708 0.000000 0.000000 1.000000 0.000000 1547822884832921000

0.990495 -0.137548 0.000000 225.717328 0.137548 0.990495 0.000000 14.672225 0.000000 0.000000 1.000000 0.000000 1547822885083277000

0.990275 -0.139121 0.000000 227.716357 0.139121 0.990275 0.000000 14.984432 0.000000 0.000000 1.000000 0.000000 1547822885334811000

0.990089 -0.140444 0.000000 229.746380 0.140444 0.990089 0.000000 15.247528 0.000000 0.000000 1.000000 0.000000 1547822885587146000

0.989562 -0.144107 0.000000 231.720598 0.144107 0.989562 0.000000 15.475192 0.000000 0.000000 1.000000 0.000000 1547822885838562000

0.989106 -0.147205 0.000000 233.732052 0.147205 0.989106 0.000000 15.769627 0.000000 0.000000 1.000000 0.000000 1547822886089875000

0.988703 -0.149888 0.000000 235.680807 0.149888 0.988703 0.000000 16.099324 0.000000 0.000000 1.000000 0.000000 1547822886341685000

0.988261 -0.152777 0.000000 237.654784 0.152777 0.988261 0.000000 16.387020 0.000000 0.000000 1.000000 0.000000 1547822886593195000

0.987803 -0.155711 0.000000 239.620932 0.155711 0.987803 0.000000 16.681717 0.000000 0.000000 1.000000 0.000000 1547822886844532000

0.987610 -0.156930 0.000000 241.488544 0.156930 0.987610 0.000000 17.023635 0.000000 0.000000 1.000000 0.000000 1547822887095942000

0.987308 -0.158815 0.000000 243.447486 0.158815 0.987308 0.000000 17.337966 0.000000 0.000000 1.000000 0.000000 1547822887347225000

0.986868 -0.161530 0.000000 245.174245 0.161530 0.986868 0.000000 17.657497 0.000000 0.000000 1.000000 0.000000 1547822887598431000

0.986540 -0.163520 0.000000 247.082611 0.163520 0.986540 0.000000 17.954786 0.000000 0.000000 1.000000 0.000000 1547822887849560000

0.986214 -0.165477 0.000000 248.993100 0.165477 0.986214 0.000000 18.235506 0.000000 0.000000 1.000000 0.000000 1547822888101207000

0.985923 -0.167202 0.000000 250.905506 0.167202 0.985923 0.000000 18.514162 0.000000 0.000000 1.000000 0.000000 1547822888354216000

0.985643 -0.168842 0.000000 252.764771 0.168842 0.985643 0.000000 18.879078 0.000000 0.000000 1.000000 0.000000 1547822888608062000

0.985401 -0.170249 0.000000 254.644159 0.170249 0.985401 0.000000 19.214563 0.000000 0.000000 1.000000 0.000000 1547822888860194000

0.985250 -0.171118 0.000000 256.462954 0.171118 0.985250 0.000000 19.534407 0.000000 0.000000 1.000000 0.000000 1547822889109930000

0.985178 -0.171538 0.000000 258.279404 0.171538 0.985178 0.000000 19.823418 0.000000 0.000000 1.000000 0.000000 1547822889358159000

0.985007 -0.172515 0.000000 260.191772 0.172515 0.985007 0.000000 20.151462 0.000000 0.000000 1.000000 0.000000 1547822889605993000

0.984951 -0.172833 0.000000 261.967180 0.172833 0.984951 0.000000 20.438183 0.000000 0.000000 1.000000 0.000000 1547822889853368000

0.985080 -0.172097 0.000000 263.801262 0.172097 0.985080 0.000000 20.752301 0.000000 0.000000 1.000000 0.000000 1547822890100730000

0.985299 -0.170837 0.000000 265.602175 0.170837 0.985299 0.000000 21.069453 0.000000 0.000000 1.000000 0.000000 1547822890348458000

0.985847 -0.167645 0.000000 267.411431 0.167645 0.985847 0.000000 21.385022 0.000000 0.000000 1.000000 0.000000 1547822890597356000

0.986757 -0.162203 0.000000 269.229506 0.162203 0.986757 0.000000 21.692713 0.000000 0.000000 1.000000 0.000000 1547822890847899000

0.987619 -0.156870 0.000000 271.111401 0.156870 0.987619 0.000000 22.006459 0.000000 0.000000 1.000000 0.000000 1547822891098185000

0.988392 -0.151925 0.000000 272.970751 0.151925 0.988392 0.000000 22.197231 0.000000 0.000000 1.000000 0.000000 1547822891348124000

0.989237 -0.146320 0.000000 274.800219 0.146320 0.989237 0.000000 22.488268 0.000000 0.000000 1.000000 0.000000 1547822891598232000

0.989989 -0.141144 0.000000 276.664180 0.141144 0.989989 0.000000 22.738603 0.000000 0.000000 1.000000 0.000000 1547822891848298000

0.990693 -0.136117 0.000000 278.548939 0.136117 0.990693 0.000000 23.003548 0.000000 0.000000 1.000000 0.000000 1547822892097928000

0.991128 -0.132908 0.000000 280.428434 0.132908 0.991128 0.000000 23.219799 0.000000 0.000000 1.000000 0.000000 1547822892347706000

0.991929 -0.126795 0.000000 282.297507 0.126795 0.991929 0.000000 23.466228 0.000000 0.000000 1.000000 0.000000 1547822892597961000

0.992490 -0.122323 0.000000 284.234646 0.122323 0.992490 0.000000 23.694598 0.000000 0.000000 1.000000 0.000000 1547822892849081000

0.992833 -0.119512 0.000000 286.098311 0.119512 0.992833 0.000000 23.907552 0.000000 0.000000 1.000000 0.000000 1547822893101113000

0.993239 -0.116086 0.000000 287.989211 0.116086 0.993239 0.000000 24.109313 0.000000 0.000000 1.000000 0.000000 1547822893352876000

0.993694 -0.112124 0.000000 289.906785 0.112124 0.993694 0.000000 24.304436 0.000000 0.000000 1.000000 0.000000 1547822893604326000

0.994194 -0.107606 0.000000 291.877765 0.107606 0.994194 0.000000 24.521895 0.000000 0.000000 1.000000 0.000000 1547822893856162000

0.994936 -0.100513 0.000000 293.864698 0.100513 0.994936 0.000000 24.698138 0.000000 0.000000 1.000000 0.000000 1547822894107378000

0.995387 -0.095944 0.000000 295.867962 0.095944 0.995387 0.000000 24.844135 0.000000 0.000000 1.000000 0.000000 1547822894358345000

0.995795 -0.091607 0.000000 297.899385 0.091607 0.995795 0.000000 25.018551 0.000000 0.000000 1.000000 0.000000 1547822894609791000

0.996104 -0.088190 0.000000 300.011029 0.088190 0.996104 0.000000 25.219901 0.000000 0.000000 1.000000 0.000000 1547822894860873000

0.996317 -0.085751 0.000000 302.072929 0.085751 0.996317 0.000000 25.396716 0.000000 0.000000 1.000000 0.000000 1547822895111948000

0.996437 -0.084335 0.000000 304.124797 0.084335 0.996437 0.000000 25.563547 0.000000 0.000000 1.000000 0.000000 1547822895362967000

0.996343 -0.085442 0.000000 306.185608 0.085442 0.996343 0.000000 25.714606 0.000000 0.000000 1.000000 0.000000 1547822895614109000

0.996285 -0.086122 0.000000 308.365767 0.086122 0.996285 0.000000 25.912059 0.000000 0.000000 1.000000 0.000000 1547822895866460000

0.996192 -0.087187 0.000000 310.442629 0.087187 0.996192 0.000000 26.086412 0.000000 0.000000 1.000000 0.000000 1547822896120057000

0.996229 -0.086762 0.000000 312.571612 0.086762 0.996229 0.000000 26.279820 0.000000 0.000000 1.000000 0.000000 1547822896373645000

0.996368 -0.085147 0.000000 314.644891 0.085147 0.996368 0.000000 26.425881 0.000000 0.000000 1.000000 0.000000 1547822896625304000

0.996560 -0.082877 0.000000 316.764773 0.082877 0.996560 0.000000 26.539169 0.000000 0.000000 1.000000 0.000000 1547822896875010000

0.996759 -0.080441 0.000000 318.863168 0.080441 0.996759 0.000000 26.709240 0.000000 0.000000 1.000000 0.000000 1547822897122986000

0.997187 -0.074952 0.000000 320.925379 0.074952 0.997187 0.000000 26.888176 0.000000 0.000000 1.000000 0.000000 1547822897370330000

0.997790 -0.066453 0.000000 322.969555 0.066453 0.997790 0.000000 26.978506 0.000000 0.000000 1.000000 0.000000 1547822897617820000

0.998389 -0.056735 0.000000 325.093460 0.056735 0.998389 0.000000 27.090276 0.000000 0.000000 1.000000 0.000000 1547822897865134000

0.998945 -0.045913 0.000000 327.156779 0.045913 0.998945 0.000000 27.140204 0.000000 0.000000 1.000000 0.000000 1547822898112813000

0.999321 -0.036834 0.000000 329.206781 0.036834 0.999321 0.000000 27.247322 0.000000 0.000000 1.000000 0.000000 1547822898361967000

0.999650 -0.026459 0.000000 331.342125 0.026459 0.999650 0.000000 27.271345 0.000000 0.000000 1.000000 0.000000 1547822898612159000

0.999882 -0.015338 0.000000 333.461478 0.015338 0.999882 0.000000 27.261144 0.000000 0.000000 1.000000 0.000000 1547822898862492000

0.999978 -0.006639 0.000000 335.637032 0.006639 0.999978 0.000000 27.253434 0.000000 0.000000 1.000000 0.000000 1547822899113018000

0.999999 0.001481 0.000000 337.749174 -0.001481 0.999999 -0.000000 27.296764 -0.000000 0.000000 1.000000 0.000000 1547822899363096000

0.999981 0.006233 0.000000 339.905414 -0.006233 0.999981 -0.000000 27.253987 -0.000000 0.000000 1.000000 0.000000 1547822899612893000

0.999955 0.009496 0.000000 342.064484 -0.009496 0.999955 -0.000000 27.199038 -0.000000 0.000000 1.000000 0.000000 1547822899863046000

0.999901 0.014064 0.000000 344.249946 -0.014064 0.999901 -0.000000 27.143778 -0.000000 0.000000 1.000000 0.000000 1547822900112950000

0.999891 0.014798 0.000000 346.348369 -0.014798 0.999891 -0.000000 27.113423 -0.000000 0.000000 1.000000 0.000000 1547822900363497000

0.999905 0.013780 0.000000 348.552350 -0.013780 0.999905 -0.000000 27.046291 -0.000000 0.000000 1.000000 0.000000 1547822900615876000

0.999904 0.013885 0.000000 350.750286 -0.013885 0.999904 -0.000000 27.037912 -0.000000 0.000000 1.000000 0.000000 1547822900867937000

0.999917 0.012922 0.000000 352.915321 -0.012922 0.999917 -0.000000 27.009718 -0.000000 0.000000 1.000000 0.000000 1547822901118896000

0.999934 0.011514 0.000000 355.109429 -0.011514 0.999934 -0.000000 27.011908 -0.000000 0.000000 1.000000 0.000000 1547822901370397000

0.999955 0.009520 0.000000 357.271469 -0.009520 0.999955 -0.000000 26.963029 -0.000000 0.000000 1.000000 0.000000 1547822901621520000

0.999981 0.006218 0.000000 359.535801 -0.006218 0.999981 -0.000000 26.918135 -0.000000 0.000000 1.000000 0.000000 1547822901872881000

0.999995 0.003131 0.000000 361.675828 -0.003131 0.999995 -0.000000 26.895163 -0.000000 0.000000 1.000000 0.000000 1547822902124658000

0.999999 -0.001480 0.000000 363.891008 0.001480 0.999999 0.000000 26.921386 0.000000 0.000000 1.000000 0.000000 1547822902375703000

0.999970 -0.007725 0.000000 366.043032 0.007725 0.999970 0.000000 26.923852 0.000000 0.000000 1.000000 0.000000 1547822902626543000

0.999943 -0.010692 0.000000 368.272162 0.010692 0.999943 0.000000 26.955444 0.000000 0.000000 1.000000 0.000000 1547822902877640000

0.999890 -0.014807 0.000000 370.495952 0.014807 0.999890 0.000000 27.007164 0.000000 0.000000 1.000000 0.000000 1547822903128741000

0.999806 -0.019698 0.000000 372.660874 0.019698 0.999806 0.000000 27.036003 0.000000 0.000000 1.000000 0.000000 1547822903380836000

0.999703 -0.024373 0.000000 374.893153 0.024373 0.999703 0.000000 27.049156 0.000000 0.000000 1.000000 0.000000 1547822903634228000

0.999615 -0.027736 0.000000 377.111702 0.027736 0.999615 0.000000 27.118482 0.000000 0.000000 1.000000 0.000000 1547822903887650000

0.999489 -0.031959 0.000000 379.338676 0.031959 0.999489 0.000000 27.187805 0.000000 0.000000 1.000000 0.000000 1547822904139465000

0.999354 -0.035932 0.000000 381.461309 0.035932 0.999354 0.000000 27.260397 0.000000 0.000000 1.000000 0.000000 1547822904389372000

0.999326 -0.036721 0.000000 383.597091 0.036721 0.999326 0.000000 27.323110 0.000000 0.000000 1.000000 0.000000 1547822904637934000

0.999356 -0.035871 0.000000 385.768427 0.035871 0.999356 0.000000 27.426313 0.000000 0.000000 1.000000 0.000000 1547822904885339000

0.999352 -0.036006 0.000000 387.889166 0.036006 0.999352 0.000000 27.467525 0.000000 0.000000 1.000000 0.000000 1547822905132818000

0.999363 -0.035676 0.000000 390.008144 0.035676 0.999363 0.000000 27.556010 0.000000 0.000000 1.000000 0.000000 1547822905380229000

0.999343 -0.036230 0.000000 392.123800 0.036230 0.999343 0.000000 27.629176 0.000000 0.000000 1.000000 0.000000 1547822905627873000

0.999330 -0.036613 0.000000 394.264615 0.036613 0.999330 0.000000 27.670943 0.000000 0.000000 1.000000 0.000000 1547822905877249000

0.999310 -0.037130 0.000000 396.387976 0.037130 0.999310 0.000000 27.727610 0.000000 0.000000 1.000000 0.000000 1547822906127705000

0.999226 -0.039330 0.000000 398.539354 0.039330 0.999226 0.000000 27.792667 0.000000 0.000000 1.000000 0.000000 1547822906378076000

0.999112 -0.042125 0.000000 400.597707 0.042125 0.999112 0.000000 27.888180 0.000000 0.000000 1.000000 0.000000 1547822906628765000

0.998998 -0.044744 0.000000 402.645757 0.044744 0.998998 0.000000 27.958893 0.000000 0.000000 1.000000 0.000000 1547822906878978000

0.998958 -0.045649 0.000000 404.753189 0.045649 0.998958 0.000000 28.055227 0.000000 0.000000 1.000000 0.000000 1547822907129179000

0.998779 -0.049409 0.000000 406.736647 0.049409 0.998779 0.000000 28.136141 0.000000 0.000000 1.000000 0.000000 1547822907379250000

0.998729 -0.050397 0.000000 408.739745 0.050397 0.998729 0.000000 28.240734 0.000000 0.000000 1.000000 0.000000 1547822907628452000

0.998666 -0.051632 0.000000 410.759804 0.051632 0.998666 0.000000 28.293525 0.000000 0.000000 1.000000 0.000000 1547822907878273000

0.998628 -0.052361 0.000000 412.725418 0.052361 0.998628 0.000000 28.389387 0.000000 0.000000 1.000000 0.000000 1547822908129256000

0.998600 -0.052888 0.000000 414.652670 0.052888 0.998600 0.000000 28.499704 0.000000 0.000000 1.000000 0.000000 1547822908380901000

0.998596 -0.052967 0.000000 416.461758 0.052967 0.998596 0.000000 28.611386 0.000000 0.000000 1.000000 0.000000 1547822908632677000

0.998688 -0.051204 0.000000 418.258610 0.051204 0.998688 0.000000 28.656704 0.000000 0.000000 1.000000 0.000000 1547822908883766000

0.998745 -0.050075 0.000000 420.020177 0.050075 0.998745 0.000000 28.710071 0.000000 0.000000 1.000000 0.000000 1547822909134820000

0.998780 -0.049375 0.000000 421.655585 0.049375 0.998780 0.000000 28.790817 0.000000 0.000000 1.000000 0.000000 1547822909386235000

0.998749 -0.050006 0.000000 423.296483 0.050006 0.998749 0.000000 28.862032 0.000000 0.000000 1.000000 0.000000 1547822909637943000

0.998668 -0.051590 0.000000 424.858404 0.051590 0.998668 0.000000 28.911711 0.000000 0.000000 1.000000 0.000000 1547822909889357000

0.998596 -0.052976 0.000000 427.833490 0.052976 0.998596 0.000000 29.051352 0.000000 0.000000 1.000000 0.000000 1547822910392442000

0.998825 -0.048463 0.000000 430.510057 0.048463 0.998825 0.000000 29.192706 0.000000 0.000000 1.000000 0.000000 1547822910894752000

0.999317 -0.036956 0.000000 432.852828 0.036956 0.999317 0.000000 29.232322 0.000000 0.000000 1.000000 0.000000 1547822911400517000

0.999953 -0.009705 0.000000 434.919843 0.009705 0.999953 0.000000 29.223403 0.000000 0.000000 1.000000 0.000000 1547822911904269000

0.998231 0.059459 0.000000 436.810390 -0.059459 0.998231 -0.000000 29.040790 -0.000000 0.000000 1.000000 0.000000 1547822912400902000

0.987836 0.155502 0.000000 438.684388 -0.155502 0.987836 -0.000000 28.776351 -0.000000 0.000000 1.000000 0.000000 1547822912894455000

0.960211 0.279276 0.000000 440.467780 -0.279276 0.960211 -0.000000 28.268804 -0.000000 0.000000 1.000000 0.000000 1547822913390599000

0.909436 0.415843 0.000000 442.122718 -0.415843 0.909436 -0.000000 27.412178 -0.000000 0.000000 1.000000 0.000000 1547822913890427000

0.837113 0.547030 0.000000 443.522471 -0.547030 0.837113 -0.000000 26.364509 -0.000000 0.000000 1.000000 0.000000 1547822914390628000

0.753230 0.657757 0.000000 444.697837 -0.657757 0.753230 -0.000000 25.341799 -0.000000 0.000000 1.000000 0.000000 1547822914891356000

0.664797 0.747024 0.000000 445.378513 -0.747024 0.664797 -0.000000 24.348169 -0.000000 0.000000 1.000000 0.000000 1547822915396428000

0.594928 0.803779 0.000000 445.814006 -0.803779 0.594928 -0.000000 23.682552 -0.000000 0.000000 1.000000 0.000000 1547822915899204000

0.519699 0.854349 0.000000 446.075026 -0.854349 0.519699 -0.000000 23.143375 -0.000000 0.000000 1.000000 0.000000 1547822920140858000

0.442387 0.896824 0.000000 446.305234 -0.896824 0.442387 -0.000000 22.600119 -0.000000 0.000000 1.000000 0.000000 1547822921380513000

0.321940 0.946760 0.000000 446.463274 -0.946760 0.321940 -0.000000 21.819020 -0.000000 0.000000 1.000000 0.000000 1547822922129837000

0.182702 0.983168 0.000000 446.581851 -0.983168 0.182702 -0.000000 20.889344 -0.000000 0.000000 1.000000 0.000000 1547822922636847000

0.003599 0.999994 0.000000 446.531743 -0.999994 0.003599 -0.000000 19.715175 -0.000000 0.000000 1.000000 0.000000 1547822923141091000

-0.096079 0.995374 0.000000 446.387474 -0.995374 -0.096079 -0.000000 19.102167 -0.000000 0.000000 1.000000 0.000000 1547822923391150000

-0.199073 0.979985 0.000000 446.172020 -0.979985 -0.199073 -0.000000 18.380989 -0.000000 0.000000 1.000000 0.000000 1547822923638746000

-0.301562 0.953447 0.000000 445.835969 -0.953447 -0.301562 -0.000000 17.617677 -0.000000 0.000000 1.000000 0.000000 1547822923886077000

-0.400373 0.916352 0.000000 445.456454 -0.916352 -0.400373 -0.000000 16.882776 -0.000000 0.000000 1.000000 0.000000 1547822924134361000

-0.493434 0.869783 0.000000 444.915721 -0.869783 -0.493434 -0.000000 16.124371 -0.000000 0.000000 1.000000 0.000000 1547822924382791000

-0.577177 0.816619 0.000000 444.304032 -0.816619 -0.577177 0.000000 15.263608 0.000000 0.000000 1.000000 0.000000 1547822924632714000

-0.650844 0.759211 0.000000 443.560795 -0.759211 -0.650844 0.000000 14.497283 0.000000 0.000000 1.000000 0.000000 1547822924883678000

-0.764194 0.644986 0.000000 441.764088 -0.644986 -0.764194 0.000000 12.990443 0.000000 0.000000 1.000000 0.000000 1547822925384660000

-0.831009 0.556259 0.000000 439.563232 -0.556259 -0.831009 0.000000 11.494353 0.000000 0.000000 1.000000 0.000000 1547822925884640000

-0.863205 0.504854 0.000000 437.084834 -0.504854 -0.863205 0.000000 10.140404 0.000000 0.000000 1.000000 0.000000 1547822926383228000

-0.872826 0.488032 0.000000 435.697860 -0.488032 -0.872826 0.000000 9.487339 0.000000 0.000000 1.000000 0.000000 1547822926631304000

-0.879261 0.476341 0.000000 434.312177 -0.476341 -0.879261 0.000000 8.724088 0.000000 0.000000 1.000000 0.000000 1547822926879024000

-0.885895 0.463886 0.000000 432.851745 -0.463886 -0.885895 0.000000 8.033647 0.000000 0.000000 1.000000 0.000000 1547822927126401000

-0.889961 0.456036 0.000000 431.345022 -0.456036 -0.889961 0.000000 7.263117 0.000000 0.000000 1.000000 0.000000 1547822927374228000

-0.892456 0.451135 0.000000 429.749032 -0.451135 -0.892456 0.000000 6.493598 0.000000 0.000000 1.000000 0.000000 1547822927622955000

-0.894117 0.447834 0.000000 428.109763 -0.447834 -0.894117 0.000000 5.725410 0.000000 0.000000 1.000000 0.000000 1547822927872411000

-0.894146 0.447777 0.000000 426.462781 -0.447777 -0.894146 0.000000 4.902199 0.000000 0.000000 1.000000 0.000000 1547822928122450000

-0.894327 0.447414 0.000000 424.777672 -0.447414 -0.894327 0.000000 4.089482 0.000000 0.000000 1.000000 0.000000 1547822928372848000

-0.894918 0.446231 0.000000 423.059527 -0.446231 -0.894918 0.000000 3.241635 0.000000 0.000000 1.000000 0.000000 1547822928622687000

-0.895010 0.446045 0.000000 421.320357 -0.446045 -0.895010 0.000000 2.367972 0.000000 0.000000 1.000000 0.000000 1547822928871990000

-0.895344 0.445375 0.000000 419.567409 -0.445375 -0.895344 0.000000 1.459609 0.000000 0.000000 1.000000 0.000000 1547822929121845000

-0.895801 0.444456 0.000000 417.759442 -0.444456 -0.895801 0.000000 0.599635 0.000000 0.000000 1.000000 0.000000 1547822929372709000

-0.896923 0.442186 0.000000 415.980193 -0.442186 -0.896923 0.000000 -0.278343 0.000000 0.000000 1.000000 0.000000 1547822929624322000

-0.898260 0.439464 0.000000 414.125177 -0.439464 -0.898260 0.000000 -1.188383 0.000000 0.000000 1.000000 0.000000 1547822929876149000

-0.899993 0.435905 0.000000 412.337479 -0.435905 -0.899993 0.000000 -2.058799 0.000000 0.000000 1.000000 0.000000 1547822930127707000

-0.901904 0.431936 0.000000 410.507931 -0.431936 -0.901904 0.000000 -2.899790 0.000000 0.000000 1.000000 0.000000 1547822930379117000

-0.904039 0.427449 0.000000 408.700132 -0.427449 -0.904039 0.000000 -3.769557 0.000000 0.000000 1.000000 0.000000 1547822930630795000

-0.905364 0.424637 0.000000 406.891952 -0.424637 -0.905364 0.000000 -4.605394 0.000000 0.000000 1.000000 0.000000 1547822930882379000

-0.906896 0.421354 0.000000 405.090626 -0.421354 -0.906896 0.000000 -5.433188 0.000000 0.000000 1.000000 0.000000 1547822931133639000

-0.907844 0.419309 0.000000 403.320378 -0.419309 -0.907844 0.000000 -6.221827 0.000000 0.000000 1.000000 0.000000 1547822931384704000

-0.907511 0.420029 0.000000 401.586667 -0.420029 -0.907511 0.000000 -7.054459 0.000000 0.000000 1.000000 0.000000 1547822931635634000

-0.906402 0.422417 0.000000 399.843117 -0.422417 -0.906402 0.000000 -7.834095 0.000000 0.000000 1.000000 0.000000 1547822931887367000

-0.905193 0.425000 0.000000 398.174323 -0.425000 -0.905193 0.000000 -8.648636 0.000000 0.000000 1.000000 0.000000 1547822932140341000

-0.903652 0.428268 0.000000 396.505293 -0.428268 -0.903652 0.000000 -9.409898 0.000000 0.000000 1.000000 0.000000 1547822932394613000

-0.903043 0.429549 0.000000 394.943234 -0.429549 -0.903043 0.000000 -10.166977 0.000000 0.000000 1.000000 0.000000 1547822932647653000

-0.902883 0.429886 0.000000 393.387424 -0.429886 -0.902883 0.000000 -10.875396 0.000000 0.000000 1.000000 0.000000 1547822932897793000

-0.902600 0.430480 0.000000 391.923490 -0.430480 -0.902600 0.000000 -11.579905 0.000000 0.000000 1.000000 0.000000 1547822933146375000

-0.902723 0.430222 0.000000 390.490687 -0.430222 -0.902723 0.000000 -12.234682 0.000000 0.000000 1.000000 0.000000 1547822933394315000

-0.902625 0.430427 0.000000 389.133760 -0.430427 -0.902625 0.000000 -12.901664 0.000000 0.000000 1.000000 0.000000 1547822933642034000

-0.902818 0.430023 0.000000 386.637543 -0.430023 -0.902818 0.000000 -14.101021 0.000000 0.000000 1.000000 0.000000 1547822934137541000

-0.903600 0.428378 0.000000 384.443773 -0.428378 -0.903600 0.000000 -15.156124 0.000000 0.000000 1.000000 0.000000 1547822934636388000

-0.903962 0.427612 0.000000 382.499933 -0.427612 -0.903962 0.000000 -16.035105 0.000000 0.000000 1.000000 0.000000 1547822935138009000

-0.904553 0.426360 0.000000 380.903731 -0.426360 -0.904553 0.000000 -16.802638 0.000000 0.000000 1.000000 0.000000 1547822935638547000

-0.905634 0.424060 0.000000 379.549567 -0.424060 -0.905634 0.000000 -17.461935 0.000000 0.000000 1.000000 0.000000 1547822936140564000

-0.907287 0.420511 0.000000 377.846313 -0.420511 -0.907287 0.000000 -18.221129 0.000000 0.000000 1.000000 0.000000 1547822936896809000

-0.908707 0.417435 0.000000 376.392864 -0.417435 -0.908707 0.000000 -18.890871 0.000000 0.000000 1.000000 0.000000 1547822937648777000

-0.910482 0.413548 0.000000 374.857717 -0.413548 -0.910482 0.000000 -19.587042 0.000000 0.000000 1.000000 0.000000 1547822938399029000

-0.911996 0.410200 0.000000 372.865080 -0.410200 -0.911996 0.000000 -20.456833 0.000000 0.000000 1.000000 0.000000 1547822939151839000

-0.913009 0.407939 0.000000 371.258208 -0.407939 -0.913009 0.000000 -21.159547 0.000000 0.000000 1.000000 0.000000 1547822939654676000

-0.914260 0.405128 0.000000 369.512388 -0.405128 -0.914260 0.000000 -21.956769 0.000000 0.000000 1.000000 0.000000 1547822940155755000

-0.914810 0.403886 0.000000 367.529583 -0.403886 -0.914810 0.000000 -22.808386 0.000000 0.000000 1.000000 0.000000 1547822940654603000

-0.916021 0.401131 0.000000 365.315705 -0.401131 -0.916021 0.000000 -23.765803 0.000000 0.000000 1.000000 0.000000 1547822941151015000

-0.917173 0.398489 0.000000 362.931807 -0.398489 -0.917173 0.000000 -24.822338 0.000000 0.000000 1.000000 0.000000 1547822941647975000

-0.917803 0.397036 0.000000 360.366877 -0.397036 -0.917803 0.000000 -25.887660 0.000000 0.000000 1.000000 0.000000 1547822942143868000

-0.919760 0.392481 0.000000 357.589653 -0.392481 -0.919760 0.000000 -27.036706 0.000000 0.000000 1.000000 0.000000 1547822942641495000

-0.919726 0.392561 0.000000 356.114882 -0.392561 -0.919726 0.000000 -27.656200 0.000000 0.000000 1.000000 0.000000 1547822942890099000

-0.920396 0.390986 0.000000 354.635600 -0.390986 -0.920396 0.000000 -28.293169 0.000000 0.000000 1.000000 0.000000 1547822943138329000

-0.921507 0.388361 0.000000 353.107890 -0.388361 -0.921507 0.000000 -28.955647 0.000000 0.000000 1.000000 0.000000 1547822943387073000

-0.922098 0.386955 0.000000 351.516599 -0.386955 -0.922098 0.000000 -29.635130 0.000000 0.000000 1.000000 0.000000 1547822943637025000

-0.922491 0.386018 0.000000 349.913082 -0.386018 -0.922491 0.000000 -30.262135 0.000000 0.000000 1.000000 0.000000 1547822943887016000

-0.923976 0.382450 0.000000 348.280584 -0.382450 -0.923976 0.000000 -30.931123 0.000000 0.000000 1.000000 0.000000 1547822944136934000

-0.925298 0.379240 0.000000 346.554634 -0.379240 -0.925298 0.000000 -31.611779 0.000000 0.000000 1.000000 0.000000 1547822944387067000

-0.927277 0.374376 0.000000 344.817090 -0.374376 -0.927277 0.000000 -32.291207 0.000000 0.000000 1.000000 0.000000 1547822944636764000

-0.929707 0.368299 0.000000 343.045408 -0.368299 -0.929707 0.000000 -33.023108 0.000000 0.000000 1.000000 0.000000 1547822944886759000

-0.932151 0.362069 0.000000 341.167974 -0.362069 -0.932151 0.000000 -33.651853 0.000000 0.000000 1.000000 0.000000 1547822945136341000

-0.935372 0.353666 0.000000 339.349678 -0.353666 -0.935372 0.000000 -34.365594 0.000000 0.000000 1.000000 0.000000 1547822945386122000

-0.937710 0.347418 0.000000 337.427541 -0.347418 -0.937710 0.000000 -35.038484 0.000000 0.000000 1.000000 0.000000 1547822945636317000

-0.940192 0.340646 0.000000 335.503696 -0.340646 -0.940192 0.000000 -35.715213 0.000000 0.000000 1.000000 0.000000 1547822945885796000

-0.942893 0.333095 0.000000 333.625400 -0.333095 -0.942893 0.000000 -36.392170 0.000000 0.000000 1.000000 0.000000 1547822946134804000

-0.945546 0.325489 0.000000 331.627145 -0.325489 -0.945546 0.000000 -37.047251 0.000000 0.000000 1.000000 0.000000 1547822946384221000

-0.948148 0.317828 0.000000 329.632289 -0.317828 -0.948148 0.000000 -37.751639 0.000000 0.000000 1.000000 0.000000 1547822946634918000

-0.950463 0.310837 0.000000 327.598321 -0.310837 -0.950463 0.000000 -38.388822 0.000000 0.000000 1.000000 0.000000 1547822946886717000

-0.951513 0.307607 0.000000 325.537591 -0.307607 -0.951513 0.000000 -39.063811 0.000000 0.000000 1.000000 0.000000 1547822947139091000

-0.951338 0.308149 0.000000 323.486988 -0.308149 -0.951338 0.000000 -39.714652 0.000000 0.000000 1.000000 0.000000 1547822947391045000

-0.951062 0.309001 0.000000 321.408239 -0.309001 -0.951062 0.000000 -40.352911 0.000000 0.000000 1.000000 0.000000 1547822947641761000

-0.951530 0.307556 0.000000 319.336297 -0.307556 -0.951530 0.000000 -41.013275 0.000000 0.000000 1.000000 0.000000 1547822947891877000

