0.999605 -0.028090 0.000000 0.829041 0.028090 0.999605 0.000000 -0.976000 0.000000 0.000000 1.000000 0.000000
0.999621 -0.027547 0.000000 2.653337 0.027547 0.999621 0.000000 -0.921435 0.000000 0.000000 1.000000 0.000000
0.999638 -0.026899 0.000000 4.641479 0.026899 0.999638 0.000000 -0.867047 0.000000 0.000000 1.000000 0.000000
0.999643 -0.026714 0.000000 6.342254 0.026714 0.999643 0.000000 -0.836574 0.000000 0.000000 1.000000 0.000000
0.999660 -0.026082 0.000000 8.348669 0.026082 0.999660 0.000000 -0.716678 0.000000 0.000000 1.000000 0.000000
0.999661 -0.026049 0.000000 10.656145 0.026049 0.999661 0.000000 -0.649152 0.000000 0.000000 1.000000 0.000000
0.999655 -0.026264 0.000000 13.257639 0.026264 0.999655 0.000000 -0.623764 0.000000 0.000000 1.000000 0.000000
0.999671 -0.025648 0.000000 16.136242 0.025648 0.999671 0.000000 -0.458603 0.000000 0.000000 1.000000 0.000000
0.999671 -0.025655 0.000000 17.649032 0.025655 0.999671 0.000000 -0.486797 0.000000 0.000000 1.000000 0.000000
0.999678 -0.025388 0.000000 19.284771 0.025388 0.999678 0.000000 -0.389573 0.000000 0.000000 1.000000 0.000000
0.999717 -0.023801 0.000000 20.919662 0.023801 0.999717 0.000000 -0.369071 0.000000 0.000000 1.000000 0.000000
0.999739 -0.022834 0.000000 22.690457 0.022834 0.999739 0.000000 -0.278194 0.000000 0.000000 1.000000 0.000000
0.999741 -0.022745 0.000000 24.474444 0.022745 0.999741 0.000000 -0.274145 0.000000 0.000000 1.000000 0.000000
0.999748 -0.022437 0.000000 26.315527 0.022437 0.999748 0.000000 -0.229612 0.000000 0.000000 1.000000 0.000000
0.999761 -0.021874 0.000000 28.246350 0.021874 0.999761 0.000000 -0.211353 0.000000 0.000000 1.000000 0.000000
0.999775 -0.021199 0.000000 30.277475 0.021199 0.999775 0.000000 -0.135869 0.000000 0.000000 1.000000 0.000000
0.999788 -0.020613 0.000000 32.290052 0.020613 0.999788 0.000000 -0.104316 0.000000 0.000000 1.000000 0.000000
0.999809 -0.019542 0.000000 34.395391 0.019542 0.999809 0.000000 -0.014147 0.000000 0.000000 1.000000 0.000000
0.999825 -0.018706 0.000000 36.581508 0.018706 0.999825 0.000000 0.074716 0.000000 0.000000 1.000000 0.000000
0.999833 -0.018262 0.000000 38.827291 0.018262 0.999833 0.000000 0.111689 0.000000 0.000000 1.000000 0.000000
0.999845 -0.017634 0.000000 41.073943 0.017634 0.999845 0.000000 0.141658 0.000000 0.000000 1.000000 0.000000
0.999872 -0.016027 0.000000 43.408994 0.016027 0.999872 0.000000 0.245093 0.000000 0.000000 1.000000 0.000000
0.999891 -0.014751 0.000000 45.826065 0.014751 0.999891 0.000000 0.274507 0.000000 0.000000 1.000000 0.000000
0.999883 -0.015305 0.000000 48.312200 0.015305 0.999883 0.000000 0.269378 0.000000 0.000000 1.000000 0.000000
0.999875 -0.015815 0.000000 50.842471 0.015815 0.999875 0.000000 0.349926 0.000000 0.000000 1.000000 0.000000
0.999876 -0.015757 0.000000 53.413961 0.015757 0.999876 0.000000 0.396561 0.000000 0.000000 1.000000 0.000000
0.999885 -0.015178 0.000000 56.001700 0.015178 0.999885 0.000000 0.426609 0.000000 0.000000 1.000000 0.000000
0.999888 -0.014977 0.000000 58.652413 0.014977 0.999888 0.000000 0.446532 0.000000 0.000000 1.000000 0.000000
0.999864 -0.016499 0.000000 61.373521 0.016499 0.999864 0.000000 0.520124 0.000000 0.000000 1.000000 0.000000
0.999850 -0.017317 0.000000 64.072704 0.017317 0.999850 0.000000 0.545280 0.000000 0.000000 1.000000 0.000000
0.999864 -0.016485 0.000000 66.803596 0.016485 0.999864 0.000000 0.657053 0.000000 0.000000 1.000000 0.000000
0.999873 -0.015954 0.000000 69.562987 0.015954 0.999873 0.000000 0.687504 0.000000 0.000000 1.000000 0.000000
0.999892 -0.014663 0.000000 72.348795 0.014663 0.999892 0.000000 0.717199 0.000000 0.000000 1.000000 0.000000
0.999903 -0.013904 0.000000 75.144526 0.013904 0.999903 0.000000 0.852367 0.000000 0.000000 1.000000 0.000000
0.999909 -0.013477 0.000000 77.947604 0.013477 0.999909 0.000000 0.880123 0.000000 0.000000 1.000000 0.000000
0.999906 -0.013741 0.000000 80.782459 0.013741 0.999906 0.000000 0.910184 0.000000 0.000000 1.000000 0.000000
0.999906 -0.013728 0.000000 83.694382 0.013728 0.999906 0.000000 0.963381 0.000000 0.000000 1.000000 0.000000
0.999907 -0.013652 0.000000 86.595840 0.013652 0.999907 0.000000 1.103957 0.000000 0.000000 1.000000 0.000000
0.999911 -0.013328 0.000000 89.528465 0.013328 0.999911 0.000000 1.158548 0.000000 0.000000 1.000000 0.000000
0.999896 -0.014389 0.000000 92.501573 0.014389 0.999896 0.000000 1.236601 0.000000 0.000000 1.000000 0.000000
0.999897 -0.014379 0.000000 95.495542 0.014379 0.999897 0.000000 1.345763 0.000000 0.000000 1.000000 0.000000
0.999885 -0.015132 0.000000 98.531981 0.015132 0.999885 0.000000 1.385588 0.000000 0.000000 1.000000 0.000000
0.999885 -0.015150 0.000000 101.608706 0.015150 0.999885 0.000000 1.411649 0.000000 0.000000 1.000000 0.000000
0.999894 -0.014555 0.000000 104.693539 0.014555 0.999894 0.000000 1.493409 0.000000 0.000000 1.000000 0.000000
0.999873 -0.015910 0.000000 107.758108 0.015910 0.999873 0.000000 1.551426 0.000000 0.000000 1.000000 0.000000
0.999884 -0.015251 0.000000 110.884132 0.015251 0.999884 0.000000 1.637626 0.000000 0.000000 1.000000 0.000000
0.999885 -0.015165 0.000000 114.058263 0.015165 0.999885 0.000000 1.685656 0.000000 0.000000 1.000000 0.000000
0.999888 -0.014993 0.000000 117.174405 0.014993 0.999888 0.000000 1.775737 0.000000 0.000000 1.000000 0.000000
0.999866 -0.016364 0.000000 120.375595 0.016364 0.999866 0.000000 1.817103 0.000000 0.000000 1.000000 0.000000
0.999876 -0.015773 0.000000 123.531690 0.015773 0.999876 0.000000 1.879913 0.000000 0.000000 1.000000 0.000000
0.999884 -0.015223 0.000000 126.628708 0.015223 0.999884 0.000000 1.902039 0.000000 0.000000 1.000000 0.000000
0.999888 -0.014977 0.000000 129.770457 0.014977 0.999888 0.000000 2.006853 0.000000 0.000000 1.000000 0.000000
0.999883 -0.015271 0.000000 132.905690 0.015271 0.999883 0.000000 2.063010 0.000000 0.000000 1.000000 0.000000
0.999872 -0.015983 0.000000 136.009908 0.015983 0.999872 0.000000 2.117096 0.000000 0.000000 1.000000 0.000000
0.999900 -0.014143 0.000000 139.109303 0.014143 0.999900 0.000000 2.228468 0.000000 0.000000 1.000000 0.000000
0.999910 -0.013453 0.000000 142.243442 0.013453 0.999910 0.000000 2.282832 0.000000 0.000000 1.000000 0.000000
0.999902 -0.014029 0.000000 145.343561 0.014029 0.999902 0.000000 2.364809 0.000000 0.000000 1.000000 0.000000
0.999907 -0.013637 0.000000 148.464404 0.013637 0.999907 0.000000 2.436056 0.000000 0.000000 1.000000 0.000000
0.999917 -0.012856 0.000000 151.557171 0.012856 0.999917 0.000000 2.488571 0.000000 0.000000 1.000000 0.000000
0.999907 -0.013660 0.000000 154.672440 0.013660 0.999907 0.000000 2.543911 0.000000 0.000000 1.000000 0.000000
0.999910 -0.013402 0.000000 157.764541 0.013402 0.999910 0.000000 2.642961 0.000000 0.000000 1.000000 0.000000
0.999924 -0.012289 0.000000 160.884536 0.012289 0.999924 0.000000 2.711752 0.000000 0.000000 1.000000 0.000000
0.999912 -0.013237 0.000000 164.005671 0.013237 0.999912 0.000000 2.774700 0.000000 0.000000 1.000000 0.000000
0.999912 -0.013276 0.000000 167.138056 0.013276 0.999912 0.000000 2.770042 0.000000 0.000000 1.000000 0.000000
0.999916 -0.012926 0.000000 170.221237 0.012926 0.999916 0.000000 2.877518 0.000000 0.000000 1.000000 0.000000
0.999917 -0.012851 0.000000 173.344678 0.012851 0.999917 0.000000 2.911187 0.000000 0.000000 1.000000 0.000000
0.999929 -0.011890 0.000000 176.447236 0.011890 0.999929 0.000000 2.991589 0.000000 0.000000 1.000000 0.000000
0.999936 -0.011318 0.000000 179.594408 0.011318 0.999936 0.000000 3.084956 0.000000 0.000000 1.000000 0.000000
0.999940 -0.010964 0.000000 182.721486 0.010964 0.999940 0.000000 3.179440 0.000000 0.000000 1.000000 0.000000
0.999936 -0.011318 0.000000 185.890769 0.011318 0.999936 0.000000 3.245770 0.000000 0.000000 1.000000 0.000000
0.999930 -0.011801 0.000000 189.100201 0.011801 0.999930 0.000000 3.316187 0.000000 0.000000 1.000000 0.000000
0.999930 -0.011841 0.000000 192.261974 0.011841 0.999930 0.000000 3.366786 0.000000 0.000000 1.000000 0.000000
0.999938 -0.011139 0.000000 195.535123 0.011139 0.999938 0.000000 3.454273 0.000000 0.000000 1.000000 0.000000
0.999940 -0.010960 0.000000 198.754170 0.010960 0.999940 0.000000 3.545977 0.000000 0.000000 1.000000 0.000000
0.999939 -0.011090 0.000000 202.035136 0.011090 0.999939 0.000000 3.584673 0.000000 0.000000 1.000000 0.000000
0.999929 -0.011944 0.000000 205.354506 0.011944 0.999929 0.000000 3.645339 0.000000 0.000000 1.000000 0.000000
0.999930 -0.011791 0.000000 208.608948 0.011791 0.999930 0.000000 3.717784 0.000000 0.000000 1.000000 0.000000
0.999941 -0.010887 0.000000 211.934924 0.010887 0.999941 0.000000 3.774044 0.000000 0.000000 1.000000 0.000000
0.999932 -0.011655 0.000000 215.309326 0.011655 0.999932 0.000000 3.901133 0.000000 0.000000 1.000000 0.000000
0.999921 -0.012536 0.000000 218.669020 0.012536 0.999921 0.000000 3.930020 0.000000 0.000000 1.000000 0.000000
0.999925 -0.012273 0.000000 222.047871 0.012273 0.999925 0.000000 3.953142 0.000000 0.000000 1.000000 0.000000
0.999928 -0.011972 0.000000 225.457016 0.011972 0.999928 0.000000 4.048411 0.000000 0.000000 1.000000 0.000000
0.999939 -0.011049 0.000000 228.842588 0.011049 0.999939 0.000000 4.179055 0.000000 0.000000 1.000000 0.000000
0.999935 -0.011445 0.000000 232.334103 0.011445 0.999935 0.000000 4.245950 0.000000 0.000000 1.000000 0.000000
0.999937 -0.011187 0.000000 235.780276 0.011187 0.999937 0.000000 4.358503 0.000000 0.000000 1.000000 0.000000
0.999943 -0.010719 0.000000 239.228384 0.010719 0.999943 0.000000 4.502077 0.000000 0.000000 1.000000 0.000000
0.999930 -0.011796 0.000000 242.733372 0.011796 0.999930 0.000000 4.541993 0.000000 0.000000 1.000000 0.000000
0.999943 -0.010712 0.000000 246.242517 0.010712 0.999943 0.000000 4.587831 0.000000 0.000000 1.000000 0.000000
0.999956 -0.009423 0.000000 249.654872 0.009423 0.999956 0.000000 4.699079 0.000000 0.000000 1.000000 0.000000
0.999933 -0.011566 0.000000 253.218498 0.011566 0.999933 0.000000 4.743669 0.000000 0.000000 1.000000 0.000000
0.999941 -0.010888 0.000000 256.718990 0.010888 0.999941 0.000000 4.770372 0.000000 0.000000 1.000000 0.000000
0.999946 -0.010439 0.000000 260.158930 0.010439 0.999946 0.000000 4.900554 0.000000 0.000000 1.000000 0.000000
0.999944 -0.010539 0.000000 263.616631 0.010539 0.999944 0.000000 4.959549 0.000000 0.000000 1.000000 0.000000
0.999910 -0.013418 0.000000 267.043935 0.013418 0.999910 0.000000 5.026363 0.000000 0.000000 1.000000 0.000000
0.999890 -0.014851 0.000000 270.582582 0.014851 0.999890 0.000000 5.086358 0.000000 0.000000 1.000000 0.000000
0.999863 -0.016533 0.000000 274.051446 0.016533 0.999863 0.000000 5.246245 0.000000 0.000000 1.000000 0.000000
0.999838 -0.017976 0.000000 277.550024 0.017976 0.999838 0.000000 5.299271 0.000000 0.000000 1.000000 0.000000
0.999775 -0.021230 0.000000 281.097721 0.021230 0.999775 0.000000 5.473855 0.000000 0.000000 1.000000 0.000000
0.999742 -0.022721 0.000000 284.540439 0.022721 0.999742 0.000000 5.615701 0.000000 0.000000 1.000000 0.000000
0.999686 -0.025072 0.000000 287.992314 0.025072 0.999686 0.000000 5.666500 0.000000 0.000000 1.000000 0.000000
0.999624 -0.027423 0.000000 291.461443 0.027423 0.999624 0.000000 5.836113 0.000000 0.000000 1.000000 0.000000
0.999567 -0.029423 0.000000 294.848159 0.029423 0.999567 0.000000 5.940577 0.000000 0.000000 1.000000 0.000000
0.999479 -0.032272 0.000000 298.297891 0.032272 0.999479 0.000000 6.104447 0.000000 0.000000 1.000000 0.000000
0.999366 -0.035601 0.000000 301.659746 0.035601 0.999366 0.000000 6.312431 0.000000 0.000000 1.000000 0.000000
0.999234 -0.039140 0.000000 305.069918 0.039140 0.999234 0.000000 6.487973 0.000000 0.000000 1.000000 0.000000
0.999075 -0.043001 0.000000 308.452388 0.043001 0.999075 0.000000 6.590147 0.000000 0.000000 1.000000 0.000000
0.998838 -0.048198 0.000000 311.831335 0.048198 0.998838 0.000000 6.782998 0.000000 0.000000 1.000000 0.000000
0.998627 -0.052375 0.000000 315.132812 0.052375 0.998627 0.000000 6.993727 0.000000 0.000000 1.000000 0.000000
0.998382 -0.056863 0.000000 318.396444 0.056863 0.998382 0.000000 7.209911 0.000000 0.000000 1.000000 0.000000
0.998150 -0.060796 0.000000 321.693611 0.060796 0.998150 0.000000 7.481960 0.000000 0.000000 1.000000 0.000000
0.997866 -0.065293 0.000000 324.916284 0.065293 0.997866 0.000000 7.706818 0.000000 0.000000 1.000000 0.000000
0.997581 -0.069512 0.000000 328.169884 0.069512 0.997581 0.000000 7.995207 0.000000 0.000000 1.000000 0.000000
0.997308 -0.073325 0.000000 331.385552 0.073325 0.997308 0.000000 8.268920 0.000000 0.000000 1.000000 0.000000
0.997150 -0.075442 0.000000 334.557052 0.075442 0.997150 0.000000 8.500206 0.000000 0.000000 1.000000 0.000000
0.997210 -0.074653 0.000000 337.739434 0.074653 0.997210 0.000000 8.832760 0.000000 0.000000 1.000000 0.000000
0.997603 -0.069200 0.000000 340.828827 0.069200 0.997603 0.000000 9.108299 0.000000 0.000000 1.000000 0.000000
0.997953 -0.063956 0.000000 343.874012 0.063956 0.997953 0.000000 9.341295 0.000000 0.000000 1.000000 0.000000
0.998344 -0.057526 0.000000 346.926919 0.057526 0.998344 0.000000 9.576565 0.000000 0.000000 1.000000 0.000000
0.998663 -0.051698 0.000000 349.906407 0.051698 0.998663 0.000000 9.846493 0.000000 0.000000 1.000000 0.000000
0.999001 -0.044698 0.000000 352.918192 0.044698 0.999001 0.000000 10.041571 0.000000 0.000000 1.000000 0.000000
0.999285 -0.037797 0.000000 355.862304 0.037797 0.999285 0.000000 10.160881 0.000000 0.000000 1.000000 0.000000
0.999542 -0.030253 0.000000 358.794447 0.030253 0.999542 0.000000 10.334264 0.000000 0.000000 1.000000 0.000000
0.999734 -0.023054 0.000000 361.647038 0.023054 0.999734 0.000000 10.464576 0.000000 0.000000 1.000000 0.000000
0.999804 -0.019786 0.000000 364.454935 0.019786 0.999804 0.000000 10.507273 0.000000 0.000000 1.000000 0.000000
0.999856 -0.016996 0.000000 367.122536 0.016996 0.999856 0.000000 10.599428 0.000000 0.000000 1.000000 0.000000
0.999850 -0.017337 0.000000 369.797253 0.017337 0.999850 0.000000 10.648213 0.000000 0.000000 1.000000 0.000000
0.999854 -0.017078 0.000000 372.360182 0.017078 0.999854 0.000000 10.732698 0.000000 0.000000 1.000000 0.000000
0.999872 -0.016028 0.000000 374.865532 0.016028 0.999872 0.000000 10.811588 0.000000 0.000000 1.000000 0.000000
0.999903 -0.013961 0.000000 377.147254 0.013961 0.999903 0.000000 10.846267 0.000000 0.000000 1.000000 0.000000
0.999916 -0.012939 0.000000 379.394886 0.012939 0.999916 0.000000 10.888713 0.000000 0.000000 1.000000 0.000000
0.999918 -0.012813 0.000000 381.570470 0.012813 0.999918 0.000000 10.935323 0.000000 0.000000 1.000000 0.000000
0.999920 -0.012669 0.000000 383.600881 0.012669 0.999920 0.000000 10.948163 0.000000 0.000000 1.000000 0.000000
0.999913 -0.013216 0.000000 385.545631 0.013216 0.999913 0.000000 10.961819 0.000000 0.000000 1.000000 0.000000
0.999898 -0.014304 0.000000 387.393956 0.014304 0.999898 0.000000 11.018278 0.000000 0.000000 1.000000 0.000000
0.999893 -0.014602 0.000000 389.143369 0.014602 0.999893 0.000000 11.112993 0.000000 0.000000 1.000000 0.000000
0.999901 -0.014063 0.000000 390.806448 0.014063 0.999901 0.000000 11.106928 0.000000 0.000000 1.000000 0.000000
0.999904 -0.013826 0.000000 392.357446 0.013826 0.999904 0.000000 11.129877 0.000000 0.000000 1.000000 0.000000
0.999889 -0.014916 0.000000 395.290885 0.014916 0.999889 0.000000 11.198970 0.000000 0.000000 1.000000 0.000000
0.999888 -0.014955 0.000000 397.791080 0.014955 0.999888 0.000000 11.289426 0.000000 0.000000 1.000000 0.000000
0.999891 -0.014791 0.000000 399.801922 0.014791 0.999891 0.000000 11.310687 0.000000 0.000000 1.000000 0.000000
0.999871 -0.016045 0.000000 401.894689 0.016045 0.999871 0.000000 11.378642 0.000000 0.000000 1.000000 0.000000
0.999883 -0.015265 0.000000 403.517346 0.015265 0.999883 0.000000 11.407081 0.000000 0.000000 1.000000 0.000000
0.999906 -0.013676 0.000000 405.068032 0.013676 0.999906 0.000000 11.398510 0.000000 0.000000 1.000000 0.000000
0.999918 -0.012827 0.000000 406.833762 0.012827 0.999918 0.000000 11.469571 0.000000 0.000000 1.000000 0.000000
0.999933 -0.011569 0.000000 408.497353 0.011569 0.999933 0.000000 11.499993 0.000000 0.000000 1.000000 0.000000
0.999938 -0.011179 0.000000 410.459434 0.011179 0.999938 0.000000 11.521116 0.000000 0.000000 1.000000 0.000000
0.999954 -0.009565 0.000000 412.715026 0.009565 0.999954 0.000000 11.588804 0.000000 0.000000 1.000000 0.000000
0.999970 -0.007752 0.000000 415.257365 0.007752 0.999970 0.000000 11.616261 0.000000 0.000000 1.000000 0.000000
0.999981 -0.006123 0.000000 417.973465 0.006123 0.999981 0.000000 11.646849 0.000000 0.000000 1.000000 0.000000
0.999987 -0.005138 0.000000 420.811170 0.005138 0.999987 0.000000 11.695486 0.000000 0.000000 1.000000 0.000000
0.999992 -0.004081 0.000000 423.781864 0.004081 0.999992 0.000000 11.692568 0.000000 0.000000 1.000000 0.000000
0.999988 -0.004812 0.000000 426.660548 0.004812 0.999988 0.000000 11.705106 0.000000 0.000000 1.000000 0.000000
0.999877 -0.015672 0.000000 429.497479 0.015672 0.999877 0.000000 11.759096 0.000000 0.000000 1.000000 0.000000
0.998600 -0.052898 0.000000 432.295189 0.052898 0.998600 0.000000 11.896023 0.000000 0.000000 1.000000 0.000000
0.993513 -0.113717 0.000000 434.958802 0.113717 0.993513 0.000000 12.203540 0.000000 0.000000 1.000000 0.000000
0.979939 -0.199297 0.000000 437.593093 0.199297 0.979939 0.000000 12.776037 0.000000 0.000000 1.000000 0.000000
0.950989 -0.309224 0.000000 440.143806 0.309224 0.950989 0.000000 13.654043 0.000000 0.000000 1.000000 0.000000
0.900865 -0.434099 0.000000 442.470196 0.434099 0.900865 0.000000 14.828073 0.000000 0.000000 1.000000 0.000000
0.820950 -0.571000 0.000000 444.635136 0.571000 0.820950 0.000000 16.398680 0.000000 0.000000 1.000000 0.000000
0.710103 -0.704098 0.000000 446.515992 0.704098 0.710103 0.000000 18.365454 0.000000 0.000000 1.000000 0.000000
0.582348 -0.812939 0.000000 448.062695 0.812939 0.582348 0.000000 20.638911 0.000000 0.000000 1.000000 0.000000
0.453620 -0.891195 0.000000 449.375569 0.891195 0.453620 0.000000 23.190864 0.000000 0.000000 1.000000 0.000000
0.315740 -0.948846 0.000000 450.311304 0.948846 0.315740 0.000000 26.026999 0.000000 0.000000 1.000000 0.000000
0.241974 -0.970283 0.000000 450.607787 0.970283 0.241974 0.000000 27.525553 0.000000 0.000000 1.000000 0.000000
0.168464 -0.985708 0.000000 450.894526 0.985708 0.168464 0.000000 29.134780 0.000000 0.000000 1.000000 0.000000
0.114877 -0.993380 0.000000 450.970226 0.993380 0.114877 0.000000 30.911363 0.000000 0.000000 1.000000 0.000000
0.082114 -0.996623 0.000000 451.048606 0.996623 0.082114 0.000000 32.509137 0.000000 0.000000 1.000000 0.000000
0.055183 -0.998476 0.000000 451.141084 0.998476 0.055183 0.000000 34.199662 0.000000 0.000000 1.000000 0.000000
0.030427 -0.999537 0.000000 451.204133 0.999537 0.030427 0.000000 35.953652 0.000000 0.000000 1.000000 0.000000
0.007976 -0.999968 0.000000 451.208750 0.999968 0.007976 0.000000 37.868955 0.000000 0.000000 1.000000 0.000000
-0.004179 -0.999991 0.000000 451.146117 0.999991 -0.004179 0.000000 39.797062 0.000000 0.000000 1.000000 0.000000
-0.012083 -0.999927 0.000000 451.148428 0.999927 -0.012083 0.000000 41.703340 0.000000 0.000000 1.000000 0.000000
-0.016265 -0.999868 0.000000 451.123954 0.999868 -0.016265 0.000000 43.691076 0.000000 0.000000 1.000000 0.000000
-0.019162 -0.999816 0.000000 451.077986 0.999816 -0.019162 0.000000 45.721537 0.000000 0.000000 1.000000 0.000000
-0.019601 -0.999808 0.000000 451.049440 0.999808 -0.019601 0.000000 47.811517 0.000000 0.000000 1.000000 0.000000
-0.020630 -0.999787 0.000000 450.964760 0.999787 -0.020630 0.000000 49.939555 0.000000 0.000000 1.000000 0.000000
-0.022379 -0.999750 0.000000 450.925305 0.999750 -0.022379 0.000000 52.147363 0.000000 0.000000 1.000000 0.000000
-0.021785 -0.999763 0.000000 450.882683 0.999763 -0.021785 0.000000 54.370057 0.000000 0.000000 1.000000 0.000000
-0.019419 -0.999811 0.000000 450.864186 0.999811 -0.019419 0.000000 56.625714 0.000000 0.000000 1.000000 0.000000
-0.017137 -0.999853 0.000000 450.800826 0.999853 -0.017137 0.000000 58.907161 0.000000 0.000000 1.000000 0.000000
-0.014802 -0.999890 0.000000 450.727213 0.999890 -0.014802 0.000000 61.264787 0.000000 0.000000 1.000000 0.000000
-0.012071 -0.999927 0.000000 450.720371 0.999927 -0.012071 0.000000 63.655431 0.000000 0.000000 1.000000 0.000000
-0.008689 -0.999962 0.000000 450.716718 0.999962 -0.008689 0.000000 66.110764 0.000000 0.000000 1.000000 0.000000
-0.006568 -0.999978 0.000000 450.643674 0.999978 -0.006568 0.000000 68.545246 0.000000 0.000000 1.000000 0.000000
-0.006563 -0.999978 0.000000 450.594896 0.999978 -0.006563 0.000000 71.033638 0.000000 0.000000 1.000000 0.000000
-0.006828 -0.999977 0.000000 450.614916 0.999977 -0.006828 0.000000 73.550314 0.000000 0.000000 1.000000 0.000000
-0.008182 -0.999967 0.000000 450.615858 0.999967 -0.008182 0.000000 76.109614 0.000000 0.000000 1.000000 0.000000
-0.008535 -0.999964 0.000000 450.540855 0.999964 -0.008535 0.000000 78.712969 0.000000 0.000000 1.000000 0.000000
-0.009671 -0.999953 0.000000 450.510313 0.999953 -0.009671 0.000000 81.323415 0.000000 0.000000 1.000000 0.000000
-0.009881 -0.999951 0.000000 450.486335 0.999951 -0.009881 0.000000 83.983719 0.000000 0.000000 1.000000 0.000000
-0.011577 -0.999933 0.000000 450.443312 0.999933 -0.011577 0.000000 86.631238 0.000000 0.000000 1.000000 0.000000
-0.013300 -0.999912 0.000000 450.424739 0.999912 -0.013300 0.000000 89.350635 0.000000 0.000000 1.000000 0.000000
-0.014495 -0.999895 0.000000 450.381978 0.999895 -0.014495 0.000000 92.100540 0.000000 0.000000 1.000000 0.000000
-0.013761 -0.999905 0.000000 450.330157 0.999905 -0.013761 0.000000 94.850366 0.000000 0.000000 1.000000 0.000000
-0.014433 -0.999896 0.000000 450.300003 0.999896 -0.014433 0.000000 97.608023 0.000000 0.000000 1.000000 0.000000
-0.014579 -0.999894 0.000000 450.274501 0.999894 -0.014579 0.000000 100.426916 0.000000 0.000000 1.000000 0.000000
-0.015966 -0.999873 0.000000 450.218992 0.999873 -0.015966 0.000000 103.265385 0.000000 0.000000 1.000000 0.000000
-0.016424 -0.999865 0.000000 450.123027 0.999865 -0.016424 0.000000 106.130439 0.000000 0.000000 1.000000 0.000000
-0.017544 -0.999846 0.000000 450.085496 0.999846 -0.017544 0.000000 108.958072 0.000000 0.000000 1.000000 0.000000
-0.018185 -0.999835 0.000000 450.010352 0.999835 -0.018185 0.000000 111.925352 0.000000 0.000000 1.000000 0.000000
-0.018875 -0.999822 0.000000 449.957395 0.999822 -0.018875 0.000000 114.829749 0.000000 0.000000 1.000000 0.000000
-0.020196 -0.999796 0.000000 449.889999 0.999796 -0.020196 0.000000 117.711447 0.000000 0.000000 1.000000 0.000000
-0.020423 -0.999791 0.000000 449.812114 0.999791 -0.020423 0.000000 120.584031 0.000000 0.000000 1.000000 0.000000
-0.020742 -0.999785 0.000000 449.723049 0.999785 -0.020742 0.000000 123.419604 0.000000 0.000000 1.000000 0.000000
-0.021176 -0.999776 0.000000 449.705434 0.999776 -0.021176 0.000000 126.274894 0.000000 0.000000 1.000000 0.000000
-0.021575 -0.999767 0.000000 449.605413 0.999767 -0.021575 0.000000 129.155339 0.000000 0.000000 1.000000 0.000000
-0.022159 -0.999754 0.000000 449.552367 0.999754 -0.022159 0.000000 131.988444 0.000000 0.000000 1.000000 0.000000
-0.022189 -0.999754 0.000000 449.510350 0.999754 -0.022189 0.000000 134.910684 0.000000 0.000000 1.000000 0.000000
-0.022862 -0.999739 0.000000 449.425106 0.999739 -0.022862 0.000000 137.829915 0.000000 0.000000 1.000000 0.000000
-0.022594 -0.999745 0.000000 449.357066 0.999745 -0.022594 0.000000 140.764986 0.000000 0.000000 1.000000 0.000000
-0.024188 -0.999707 0.000000 449.283710 0.999707 -0.024188 0.000000 143.690174 0.000000 0.000000 1.000000 0.000000
-0.027785 -0.999614 0.000000 449.198828 0.999614 -0.027785 0.000000 146.656084 0.000000 0.000000 1.000000 0.000000
-0.031396 -0.999507 0.000000 449.093438 0.999507 -0.031396 0.000000 149.627959 0.000000 0.000000 1.000000 0.000000
-0.034698 -0.999398 0.000000 449.004240 0.999398 -0.034698 0.000000 152.591782 0.000000 0.000000 1.000000 0.000000
-0.038423 -0.999262 0.000000 448.859323 0.999262 -0.038423 0.000000 155.597675 0.000000 0.000000 1.000000 0.000000
-0.041276 -0.999148 0.000000 448.719441 0.999148 -0.041276 0.000000 158.539171 0.000000 0.000000 1.000000 0.000000
-0.044616 -0.999004 0.000000 448.554754 0.999004 -0.044616 0.000000 161.551099 0.000000 0.000000 1.000000 0.000000
-0.047945 -0.998850 0.000000 448.412546 0.998850 -0.047945 0.000000 164.539439 0.000000 0.000000 1.000000 0.000000
-0.050784 -0.998710 0.000000 448.239029 0.998710 -0.050784 0.000000 167.492815 0.000000 0.000000 1.000000 0.000000
-0.054002 -0.998541 0.000000 448.108665 0.998541 -0.054002 0.000000 170.513307 0.000000 0.000000 1.000000 0.000000
-0.055154 -0.998478 0.000000 447.894097 0.998478 -0.055154 0.000000 173.524304 0.000000 0.000000 1.000000 0.000000
-0.058159 -0.998307 0.000000 447.709173 0.998307 -0.058159 0.000000 176.474750 0.000000 0.000000 1.000000 0.000000
-0.061843 -0.998086 0.000000 447.555401 0.998086 -0.061843 0.000000 179.482977 0.000000 0.000000 1.000000 0.000000
-0.064466 -0.997920 0.000000 447.349965 0.997920 -0.064466 0.000000 182.481497 0.000000 0.000000 1.000000 0.000000
-0.066863 -0.997762 0.000000 447.137977 0.997762 -0.066863 0.000000 185.419096 0.000000 0.000000 1.000000 0.000000
-0.069397 -0.997589 0.000000 446.910068 0.997589 -0.069397 0.000000 188.336786 0.000000 0.000000 1.000000 0.000000
-0.072705 -0.997354 0.000000 446.749345 0.997354 -0.072705 0.000000 191.211774 0.000000 0.000000 1.000000 0.000000
-0.072183 -0.997391 0.000000 446.544418 0.997391 -0.072183 0.000000 194.196797 0.000000 0.000000 1.000000 0.000000
-0.069521 -0.997580 0.000000 446.329646 0.997580 -0.069521 0.000000 197.057658 0.000000 0.000000 1.000000 0.000000
-0.064859 -0.997894 0.000000 446.105791 0.997894 -0.064859 0.000000 199.938872 0.000000 0.000000 1.000000 0.000000
-0.059102 -0.998252 0.000000 445.940552 0.998252 -0.059102 0.000000 202.827302 0.000000 0.000000 1.000000 0.000000
-0.052612 -0.998615 0.000000 445.821121 0.998615 -0.052612 0.000000 205.606492 0.000000 0.000000 1.000000 0.000000
-0.045607 -0.998959 0.000000 445.636973 0.998959 -0.045607 0.000000 208.441917 0.000000 0.000000 1.000000 0.000000
-0.039519 -0.999219 0.000000 445.528676 0.999219 -0.039519 0.000000 211.175188 0.000000 0.000000 1.000000 0.000000
-0.033266 -0.999447 0.000000 445.396595 0.999447 -0.033266 0.000000 213.961190 0.000000 0.000000 1.000000 0.000000
-0.026697 -0.999644 0.000000 445.279989 0.999644 -0.026697 0.000000 216.643794 0.000000 0.000000 1.000000 0.000000
-0.022562 -0.999745 0.000000 445.231275 0.999745 -0.022562 0.000000 219.334519 0.000000 0.000000 1.000000 0.000000
-0.018839 -0.999823 0.000000 445.157426 0.999823 -0.018839 0.000000 221.977365 0.000000 0.000000 1.000000 0.000000
-0.018735 -0.999824 0.000000 445.149334 0.999824 -0.018735 0.000000 224.587947 0.000000 0.000000 1.000000 0.000000
-0.021431 -0.999770 0.000000 445.030804 0.999770 -0.021431 0.000000 227.182743 0.000000 0.000000 1.000000 0.000000
-0.024419 -0.999702 0.000000 444.996603 0.999702 -0.024419 0.000000 229.739911 0.000000 0.000000 1.000000 0.000000
-0.027538 -0.999621 0.000000 444.948143 0.999621 -0.027538 0.000000 232.209804 0.000000 0.000000 1.000000 0.000000
-0.029567 -0.999563 0.000000 444.827349 0.999563 -0.029567 0.000000 234.683744 0.000000 0.000000 1.000000 0.000000
-0.032665 -0.999466 0.000000 444.761122 0.999466 -0.032665 0.000000 236.971581 0.000000 0.000000 1.000000 0.000000
-0.034168 -0.999416 0.000000 444.603842 0.999416 -0.034168 0.000000 239.293876 0.000000 0.000000 1.000000 0.000000
-0.035815 -0.999358 0.000000 444.562332 0.999358 -0.035815 0.000000 241.526479 0.000000 0.000000 1.000000 0.000000
-0.037175 -0.999309 0.000000 444.432085 0.999309 -0.037175 0.000000 243.589980 0.000000 0.000000 1.000000 0.000000
-0.037939 -0.999280 0.000000 444.332325 0.999280 -0.037939 0.000000 245.674969 0.000000 0.000000 1.000000 0.000000
-0.036714 -0.999326 0.000000 444.232200 0.999326 -0.036714 0.000000 247.677439 0.000000 0.000000 1.000000 0.000000
-0.036027 -0.999351 0.000000 444.164460 0.999351 -0.036027 0.000000 249.609015 0.000000 0.000000 1.000000 0.000000
-0.035290 -0.999377 0.000000 444.078659 0.999377 -0.035290 0.000000 251.447564 0.000000 0.000000 1.000000 0.000000
-0.034405 -0.999408 0.000000 443.996318 0.999408 -0.034405 0.000000 253.319070 0.000000 0.000000 1.000000 0.000000
-0.035044 -0.999386 0.000000 443.924599 0.999386 -0.035044 0.000000 255.153219 0.000000 0.000000 1.000000 0.000000
-0.036297 -0.999341 0.000000 443.842207 0.999341 -0.036297 0.000000 256.984487 0.000000 0.000000 1.000000 0.000000
-0.038413 -0.999262 0.000000 443.814721 0.999262 -0.038413 0.000000 258.776088 0.000000 0.000000 1.000000 0.000000
-0.040847 -0.999165 0.000000 443.686889 0.999165 -0.040847 0.000000 260.512010 0.000000 0.000000 1.000000 0.000000
-0.044608 -0.999005 0.000000 443.635059 0.999005 -0.044608 0.000000 262.316797 0.000000 0.000000 1.000000 0.000000
-0.048177 -0.998839 0.000000 443.496480 0.998839 -0.048177 0.000000 264.032464 0.000000 0.000000 1.000000 0.000000
-0.050943 -0.998702 0.000000 443.414898 0.998702 -0.050943 0.000000 265.773769 0.000000 0.000000 1.000000 0.000000
-0.054867 -0.998494 0.000000 443.331139 0.998494 -0.054867 0.000000 267.492967 0.000000 0.000000 1.000000 0.000000
-0.057931 -0.998321 0.000000 443.190717 0.998321 -0.057931 0.000000 269.152558 0.000000 0.000000 1.000000 0.000000
-0.060054 -0.998195 0.000000 443.048912 0.998195 -0.060054 0.000000 270.819844 0.000000 0.000000 1.000000 0.000000
-0.064034 -0.997948 0.000000 442.950299 0.997948 -0.064034 0.000000 272.437053 0.000000 0.000000 1.000000 0.000000
-0.067587 -0.997713 0.000000 442.815063 0.997713 -0.067587 0.000000 274.100804 0.000000 0.000000 1.000000 0.000000
-0.071762 -0.997422 0.000000 442.696594 0.997422 -0.071762 0.000000 275.732378 0.000000 0.000000 1.000000 0.000000
-0.076133 -0.997098 0.000000 442.584962 0.997098 -0.076133 0.000000 277.407522 0.000000 0.000000 1.000000 0.000000
-0.081839 -0.996646 0.000000 442.405301 0.996646 -0.081839 0.000000 279.122135 0.000000 0.000000 1.000000 0.000000
-0.087314 -0.996181 0.000000 442.240246 0.996181 -0.087314 0.000000 280.823676 0.000000 0.000000 1.000000 0.000000
-0.091652 -0.995791 0.000000 442.088801 0.995791 -0.091652 0.000000 282.547795 0.000000 0.000000 1.000000 0.000000
-0.096850 -0.995299 0.000000 441.927343 0.995299 -0.096850 0.000000 284.270048 0.000000 0.000000 1.000000 0.000000
-0.102495 -0.994734 0.000000 441.726807 0.994734 -0.102495 0.000000 285.991103 0.000000 0.000000 1.000000 0.000000
-0.106756 -0.994285 0.000000 441.496574 0.994285 -0.106756 0.000000 287.748817 0.000000 0.000000 1.000000 0.000000
-0.113223 -0.993570 0.000000 441.322215 0.993570 -0.113223 0.000000 289.430030 0.000000 0.000000 1.000000 0.000000
-0.117135 -0.993116 0.000000 441.085376 0.993116 -0.117135 0.000000 291.235387 0.000000 0.000000 1.000000 0.000000
-0.124879 -0.992172 0.000000 440.853454 0.992172 -0.124879 0.000000 293.020118 0.000000 0.000000 1.000000 0.000000
-0.134101 -0.990968 0.000000 440.611206 0.990968 -0.134101 0.000000 294.810477 0.000000 0.000000 1.000000 0.000000
-0.148518 -0.988910 0.000000 440.347868 0.988910 -0.148518 0.000000 296.517442 0.000000 0.000000 1.000000 0.000000
-0.169691 -0.985497 0.000000 440.009662 0.985497 -0.169691 0.000000 298.287853 0.000000 0.000000 1.000000 0.000000
-0.199810 -0.979835 0.000000 439.711272 0.979835 -0.199810 0.000000 299.981589 0.000000 0.000000 1.000000 0.000000
-0.238688 -0.971096 0.000000 439.188857 0.971096 -0.238688 0.000000 301.941529 0.000000 0.000000 1.000000 0.000000
-0.282908 -0.959147 0.000000 438.668246 0.959147 -0.282908 0.000000 303.625669 0.000000 0.000000 1.000000 0.000000
-0.338357 -0.941018 0.000000 437.959358 0.941018 -0.338357 0.000000 305.458664 0.000000 0.000000 1.000000 0.000000
-0.395683 -0.918387 0.000000 437.182576 0.918387 -0.395683 0.000000 307.331608 0.000000 0.000000 1.000000 0.000000
-0.457146 -0.889392 0.000000 436.246985 0.889392 -0.457146 0.000000 309.042955 0.000000 0.000000 1.000000 0.000000
-0.517221 -0.855852 0.000000 435.202039 0.855852 -0.517221 0.000000 310.808487 0.000000 0.000000 1.000000 0.000000
-0.576850 -0.816850 0.000000 433.998673 0.816850 -0.576850 0.000000 312.393515 0.000000 0.000000 1.000000 0.000000
-0.636273 -0.771464 0.000000 432.693353 0.771464 -0.636273 0.000000 313.932875 0.000000 0.000000 1.000000 0.000000
-0.693537 -0.720421 0.000000 431.249150 0.720421 -0.693537 0.000000 315.394420 0.000000 0.000000 1.000000 0.000000
-0.747240 -0.664554 0.000000 429.715274 0.664554 -0.747240 0.000000 316.783699 0.000000 0.000000 1.000000 0.000000
-0.794514 -0.607245 0.000000 428.100469 0.607245 -0.794514 0.000000 318.054558 0.000000 0.000000 1.000000 0.000000
-0.836863 -0.547412 0.000000 426.290233 0.547412 -0.836863 0.000000 319.190717 0.000000 0.000000 1.000000 0.000000
-0.874113 -0.485723 0.000000 424.421682 0.485723 -0.874113 0.000000 320.185908 0.000000 0.000000 1.000000 0.000000
-0.907729 -0.419556 0.000000 422.506854 0.419556 -0.907729 0.000000 321.084739 0.000000 0.000000 1.000000 0.000000
-0.936442 -0.350823 0.000000 420.426698 0.350823 -0.936442 0.000000 321.763284 0.000000 0.000000 1.000000 0.000000
-0.959743 -0.280878 0.000000 418.256596 0.280878 -0.959743 0.000000 322.416549 0.000000 0.000000 1.000000 0.000000
-0.976774 -0.214270 0.000000 416.034191 0.214270 -0.976774 0.000000 322.917449 0.000000 0.000000 1.000000 0.000000
-0.988623 -0.150413 0.000000 413.712831 0.150413 -0.988623 0.000000 323.271229 0.000000 0.000000 1.000000 0.000000
-0.995036 -0.099517 0.000000 411.363275 0.099517 -0.995036 0.000000 323.503756 0.000000 0.000000 1.000000 0.000000
-0.998596 -0.052969 0.000000 409.013227 0.052969 -0.998596 0.000000 323.549326 0.000000 0.000000 1.000000 0.000000
-0.999894 -0.014545 0.000000 406.620288 0.014545 -0.999894 0.000000 323.538179 0.000000 0.000000 1.000000 0.000000
-0.999891 0.014785 0.000000 404.119167 -0.014785 -0.999891 0.000000 323.515754 0.000000 0.000000 1.000000 0.000000
-0.999271 0.038189 0.000000 401.645215 -0.038189 -0.999271 0.000000 323.418048 0.000000 0.000000 1.000000 0.000000
-0.998518 0.054420 0.000000 399.082323 -0.054420 -0.998518 0.000000 323.152173 0.000000 0.000000 1.000000 0.000000
-0.997568 0.069698 0.000000 396.523406 -0.069698 -0.997568 0.000000 322.972141 0.000000 0.000000 1.000000 0.000000
-0.996573 0.082715 0.000000 393.882348 -0.082715 -0.996573 0.000000 322.713225 0.000000 0.000000 1.000000 0.000000
-0.995553 0.094204 0.000000 391.214923 -0.094204 -0.995553 0.000000 322.428446 0.000000 0.000000 1.000000 0.000000
-0.994624 0.103549 0.000000 388.504557 -0.103549 -0.994624 0.000000 322.169583 0.000000 0.000000 1.000000 0.000000
-0.994636 0.103433 0.000000 385.746460 -0.103433 -0.994636 0.000000 321.857560 0.000000 0.000000 1.000000 0.000000
-0.994816 0.101690 0.000000 383.032394 -0.101690 -0.994816 0.000000 321.524990 0.000000 0.000000 1.000000 0.000000
-0.995049 0.099382 0.000000 380.233483 -0.099382 -0.995049 0.000000 321.214418 0.000000 0.000000 1.000000 0.000000
-0.995129 0.098586 0.000000 377.377998 -0.098586 -0.995129 0.000000 320.954690 0.000000 0.000000 1.000000 0.000000
-0.995040 0.099475 0.000000 374.510016 -0.099475 -0.995040 0.000000 320.619081 0.000000 0.000000 1.000000 0.000000
-0.995053 0.099349 0.000000 371.570571 -0.099349 -0.995053 0.000000 320.304944 0.000000 0.000000 1.000000 0.000000
-0.994908 0.100787 0.000000 368.623592 -0.100787 -0.994908 0.000000 320.013564 0.000000 0.000000 1.000000 0.000000
-0.994891 0.100959 0.000000 365.586786 -0.100959 -0.994891 0.000000 319.658865 0.000000 0.000000 1.000000 0.000000
-0.994898 0.100883 0.000000 362.569124 -0.100883 -0.994898 0.000000 319.310898 0.000000 0.000000 1.000000 0.000000
-0.994775 0.102094 0.000000 359.509825 -0.102094 -0.994775 0.000000 319.012315 0.000000 0.000000 1.000000 0.000000
-0.994818 0.101676 0.000000 356.395156 -0.101676 -0.994818 0.000000 318.646629 0.000000 0.000000 1.000000 0.000000
-0.994802 0.101830 0.000000 353.236121 -0.101830 -0.994802 0.000000 318.356009 0.000000 0.000000 1.000000 0.000000
-0.994707 0.102754 0.000000 350.051988 -0.102754 -0.994707 0.000000 317.998544 0.000000 0.000000 1.000000 0.000000
-0.994649 0.103316 0.000000 346.841676 -0.103316 -0.994649 0.000000 317.655539 0.000000 0.000000 1.000000 0.000000
-0.994606 0.103721 0.000000 343.616791 -0.103721 -0.994606 0.000000 317.326839 0.000000 0.000000 1.000000 0.000000
-0.994509 0.104648 0.000000 340.324267 -0.104648 -0.994509 0.000000 316.959772 0.000000 0.000000 1.000000 0.000000
-0.994573 0.104044 0.000000 337.028643 -0.104044 -0.994573 0.000000 316.586426 0.000000 0.000000 1.000000 0.000000
-0.994490 0.104833 0.000000 333.703102 -0.104833 -0.994490 0.000000 316.211462 0.000000 0.000000 1.000000 0.000000
-0.994550 0.104257 0.000000 330.445813 -0.104257 -0.994550 0.000000 315.853611 0.000000 0.000000 1.000000 0.000000
-0.994595 0.103831 0.000000 327.178812 -0.103831 -0.994595 0.000000 315.493533 0.000000 0.000000 1.000000 0.000000
-0.994436 0.105344 0.000000 323.833589 -0.105344 -0.994436 0.000000 315.078970 0.000000 0.000000 1.000000 0.000000
-0.994642 0.103380 0.000000 320.510825 -0.103380 -0.994642 0.000000 314.757757 0.000000 0.000000 1.000000 0.000000
-0.994415 0.105542 0.000000 317.107737 -0.105542 -0.994415 0.000000 314.282737 0.000000 0.000000 1.000000 0.000000
-0.994498 0.104758 0.000000 313.695637 -0.104758 -0.994498 0.000000 313.967347 0.000000 0.000000 1.000000 0.000000
-0.994453 0.105186 0.000000 310.218603 -0.105186 -0.994453 0.000000 313.586356 0.000000 0.000000 1.000000 0.000000
-0.994485 0.104882 0.000000 306.745763 -0.104882 -0.994485 0.000000 313.170564 0.000000 0.000000 1.000000 0.000000
-0.994265 0.106943 0.000000 303.221430 -0.106943 -0.994265 0.000000 312.743608 0.000000 0.000000 1.000000 0.000000
-0.994128 0.108209 0.000000 299.711439 -0.108209 -0.994128 0.000000 312.351643 0.000000 0.000000 1.000000 0.000000
-0.994057 0.108860 0.000000 296.030531 -0.108860 -0.994057 0.000000 311.971968 0.000000 0.000000 1.000000 0.000000
-0.994017 0.109230 0.000000 292.447794 -0.109230 -0.994017 0.000000 311.618945 0.000000 0.000000 1.000000 0.000000
-0.993741 0.111706 0.000000 288.762679 -0.111706 -0.993741 0.000000 311.149502 0.000000 0.000000 1.000000 0.000000
-0.993566 0.113253 0.000000 285.077246 -0.113253 -0.993566 0.000000 310.698170 0.000000 0.000000 1.000000 0.000000
-0.993408 0.114629 0.000000 281.362745 -0.114629 -0.993408 0.000000 310.215840 0.000000 0.000000 1.000000 0.000000
-0.993285 0.115696 0.000000 277.677986 -0.115696 -0.993285 0.000000 309.733954 0.000000 0.000000 1.000000 0.000000
-0.993173 0.116655 0.000000 273.843021 -0.116655 -0.993173 0.000000 309.233025 0.000000 0.000000 1.000000 0.000000
-0.992677 0.120801 0.000000 270.224114 -0.120801 -0.992677 0.000000 308.824739 0.000000 0.000000 1.000000 0.000000
-0.992450 0.122654 0.000000 266.465986 -0.122654 -0.992450 0.000000 308.345933 0.000000 0.000000 1.000000 0.000000
-0.991996 0.126271 0.000000 262.710032 -0.126271 -0.991996 0.000000 307.811136 0.000000 0.000000 1.000000 0.000000
-0.991658 0.128899 0.000000 258.997899 -0.128899 -0.991658 0.000000 307.355471 0.000000 0.000000 1.000000 0.000000
-0.991422 0.130703 0.000000 255.373781 -0.130703 -0.991422 0.000000 306.860249 0.000000 0.000000 1.000000 0.000000
-0.991138 0.132838 0.000000 251.572278 -0.132838 -0.991138 0.000000 306.311272 0.000000 0.000000 1.000000 0.000000
-0.990875 0.134782 0.000000 247.884557 -0.134782 -0.990875 0.000000 305.798103 0.000000 0.000000 1.000000 0.000000
-0.990562 0.137067 0.000000 244.198451 -0.137067 -0.990562 0.000000 305.298859 0.000000 0.000000 1.000000 0.000000
-0.990403 0.138208 0.000000 240.548580 -0.138208 -0.990403 0.000000 304.740503 0.000000 0.000000 1.000000 0.000000
-0.990042 0.140770 0.000000 236.845921 -0.140770 -0.990042 0.000000 304.221986 0.000000 0.000000 1.000000 0.000000
-0.989668 0.143377 0.000000 233.227563 -0.143377 -0.989668 0.000000 303.718175 0.000000 0.000000 1.000000 0.000000
