0.999581 -0.028929 0.000000 -3.100202 0.028929 0.999581 0.000000 1.054393 0.000000 0.000000 1.000000 0.000000
0.997211 -0.074637 0.000000 -0.650007 0.074637 0.997211 0.000000 1.248688 0.000000 0.000000 1.000000 0.000000
0.995807 -0.091482 0.000000 1.527399 0.091482 0.995807 0.000000 1.389602 0.000000 0.000000 1.000000 0.000000
0.995836 -0.091164 0.000000 4.130864 0.091164 0.995836 0.000000 1.660365 0.000000 0.000000 1.000000 0.000000
0.996280 -0.086177 0.000000 7.171886 0.086177 0.996280 0.000000 1.918348 0.000000 0.000000 1.000000 0.000000
0.996608 -0.082298 0.000000 9.043931 0.082298 0.996608 0.000000 2.092779 0.000000 0.000000 1.000000 0.000000
0.996951 -0.078033 0.000000 10.814583 0.078033 0.996951 0.000000 2.221918 0.000000 0.000000 1.000000 0.000000
0.997194 -0.074857 0.000000 12.729872 0.074857 0.997194 0.000000 2.312734 0.000000 0.000000 1.000000 0.000000
0.997568 -0.069702 0.000000 14.741956 0.069702 0.997568 0.000000 2.455562 0.000000 0.000000 1.000000 0.000000
0.997974 -0.063631 0.000000 16.809575 0.063631 0.997974 0.000000 2.607031 0.000000 0.000000 1.000000 0.000000
0.998352 -0.057395 0.000000 18.992102 0.057395 0.998352 0.000000 2.722841 0.000000 0.000000 1.000000 0.000000
0.998718 -0.050612 0.000000 21.097245 0.050612 0.998718 0.000000 2.850180 0.000000 0.000000 1.000000 0.000000
0.998996 -0.044801 0.000000 23.359857 0.044801 0.998996 0.000000 2.913089 0.000000 0.000000 1.000000 0.000000
0.999150 -0.041220 0.000000 25.631483 0.041220 0.999150 0.000000 3.019788 0.000000 0.000000 1.000000 0.000000
0.999199 -0.040017 0.000000 27.954369 0.040017 0.999199 0.000000 3.071681 0.000000 0.000000 1.000000 0.000000
0.999255 -0.038602 0.000000 30.285760 0.038602 0.999255 0.000000 3.165125 0.000000 0.000000 1.000000 0.000000
0.999337 -0.036399 0.000000 32.699777 0.036399 0.999337 0.000000 3.261173 0.000000 0.000000 1.000000 0.000000
0.999419 -0.034094 0.000000 35.079632 0.034094 0.999419 0.000000 3.298440 0.000000 0.000000 1.000000 0.000000
0.999575 -0.029151 0.000000 37.482183 0.029151 0.999575 0.000000 3.360456 0.000000 0.000000 1.000000 0.000000
0.999721 -0.023604 0.000000 39.801032 0.023604 0.999721 0.000000 3.384742 0.000000 0.000000 1.000000 0.000000
0.999871 -0.016033 0.000000 42.102211 0.016033 0.999871 0.000000 3.428438 0.000000 0.000000 1.000000 0.000000
0.999947 -0.010294 0.000000 44.384535 0.010294 0.999947 0.000000 3.436628 0.000000 0.000000 1.000000 0.000000
0.999979 -0.006522 0.000000 46.604968 0.006522 0.999979 0.000000 3.457189 0.000000 0.000000 1.000000 0.000000
0.999969 -0.007829 0.000000 48.857110 0.007829 0.999969 0.000000 3.428628 0.000000 0.000000 1.000000 0.000000
0.999957 -0.009237 0.000000 51.166752 0.009237 0.999957 0.000000 3.484055 0.000000 0.000000 1.000000 0.000000
0.999939 -0.011033 0.000000 53.457900 0.011033 0.999939 0.000000 3.509258 0.000000 0.000000 1.000000 0.000000
0.999868 -0.016243 0.000000 55.763332 0.016243 0.999868 0.000000 3.548642 0.000000 0.000000 1.000000 0.000000
0.999744 -0.022606 0.000000 58.018681 0.022606 0.999744 0.000000 3.571399 0.000000 0.000000 1.000000 0.000000
0.999580 -0.028983 0.000000 60.281278 0.028983 0.999580 0.000000 3.594947 0.000000 0.000000 1.000000 0.000000
0.999398 -0.034695 0.000000 62.477646 0.034695 0.999398 0.000000 3.668842 0.000000 0.000000 1.000000 0.000000
0.999142 -0.041413 0.000000 64.777700 0.041413 0.999142 0.000000 3.745974 0.000000 0.000000 1.000000 0.000000
0.998820 -0.048575 0.000000 67.098801 0.048575 0.998820 0.000000 3.894772 0.000000 0.000000 1.000000 0.000000
0.998355 -0.057334 0.000000 69.360613 0.057334 0.998355 0.000000 4.032719 0.000000 0.000000 1.000000 0.000000
0.997825 -0.065913 0.000000 71.641954 0.065913 0.997825 0.000000 4.102948 0.000000 0.000000 1.000000 0.000000
0.997267 -0.073888 0.000000 73.964199 0.073888 0.997267 0.000000 4.233099 0.000000 0.000000 1.000000 0.000000
0.996912 -0.078521 0.000000 76.301676 0.078521 0.996912 0.000000 4.397883 0.000000 0.000000 1.000000 0.000000
0.997012 -0.077250 0.000000 78.629368 0.077250 0.997012 0.000000 4.583126 0.000000 0.000000 1.000000 0.000000
0.997461 -0.071214 0.000000 81.016912 0.071214 0.997461 0.000000 4.749710 0.000000 0.000000 1.000000 0.000000
0.998461 -0.055465 0.000000 83.495189 0.055465 0.998461 0.000000 4.894233 0.000000 0.000000 1.000000 0.000000
0.999232 -0.039185 0.000000 85.887825 0.039185 0.999232 0.000000 5.002110 0.000000 0.000000 1.000000 0.000000
0.999728 -0.023312 0.000000 88.440246 0.023312 0.999728 0.000000 5.042520 0.000000 0.000000 1.000000 0.000000
0.999902 -0.014002 0.000000 91.020584 0.014002 0.999902 0.000000 5.039929 0.000000 0.000000 1.000000 0.000000
0.999955 -0.009530 0.000000 93.666635 0.009530 0.999955 0.000000 5.046009 0.000000 0.000000 1.000000 0.000000
0.999955 -0.009479 0.000000 96.312129 0.009479 0.999955 0.000000 5.047528 0.000000 0.000000 1.000000 0.000000
0.999941 -0.010835 0.000000 98.964624 0.010835 0.999941 0.000000 5.103193 0.000000 0.000000 1.000000 0.000000
0.999923 -0.012399 0.000000 101.707092 0.012399 0.999923 0.000000 5.122693 0.000000 0.000000 1.000000 0.000000
0.999903 -0.013936 0.000000 104.451463 0.013936 0.999903 0.000000 5.121206 0.000000 0.000000 1.000000 0.000000
0.999872 -0.016023 0.000000 107.174593 0.016023 0.999872 0.000000 5.176001 0.000000 0.000000 1.000000 0.000000
0.999817 -0.019152 0.000000 109.934220 0.019152 0.999817 0.000000 5.211961 0.000000 0.000000 1.000000 0.000000
0.999750 -0.022348 0.000000 112.640511 0.022348 0.999750 0.000000 5.238367 0.000000 0.000000 1.000000 0.000000
0.999671 -0.025655 0.000000 115.363380 0.025655 0.999671 0.000000 5.288273 0.000000 0.000000 1.000000 0.000000
0.999636 -0.026979 0.000000 118.022392 0.026979 0.999636 0.000000 5.353923 0.000000 0.000000 1.000000 0.000000
0.999600 -0.028284 0.000000 120.681644 0.028284 0.999600 0.000000 5.448446 0.000000 0.000000 1.000000 0.000000
0.999550 -0.029996 0.000000 123.401685 0.029996 0.999550 0.000000 5.539448 0.000000 0.000000 1.000000 0.000000
0.999484 -0.032130 0.000000 126.001347 0.032130 0.999484 0.000000 5.626287 0.000000 0.000000 1.000000 0.000000
0.999386 -0.035030 0.000000 128.703941 0.035030 0.999386 0.000000 5.688403 0.000000 0.000000 1.000000 0.000000
0.999368 -0.035549 0.000000 131.404461 0.035549 0.999368 0.000000 5.821355 0.000000 0.000000 1.000000 0.000000
0.999331 -0.036576 0.000000 134.096609 0.036576 0.999331 0.000000 5.927211 0.000000 0.000000 1.000000 0.000000
0.999276 -0.038052 0.000000 136.712149 0.038052 0.999276 0.000000 6.020376 0.000000 0.000000 1.000000 0.000000
0.999185 -0.040374 0.000000 139.470049 0.040374 0.999185 0.000000 6.156175 0.000000 0.000000 1.000000 0.000000
0.999093 -0.042574 0.000000 142.161249 0.042574 0.999093 0.000000 6.251868 0.000000 0.000000 1.000000 0.000000
0.999010 -0.044486 0.000000 144.809354 0.044486 0.999010 0.000000 6.320902 0.000000 0.000000 1.000000 0.000000
0.998931 -0.046222 0.000000 147.540875 0.046222 0.998931 0.000000 6.441570 0.000000 0.000000 1.000000 0.000000
0.998777 -0.049433 0.000000 150.174191 0.049433 0.998777 0.000000 6.539999 0.000000 0.000000 1.000000 0.000000
0.998657 -0.051806 0.000000 152.842641 0.051806 0.998657 0.000000 6.660808 0.000000 0.000000 1.000000 0.000000
0.998570 -0.053451 0.000000 155.487118 0.053451 0.998570 0.000000 6.808505 0.000000 0.000000 1.000000 0.000000
0.998486 -0.055013 0.000000 158.183661 0.055013 0.998486 0.000000 6.951376 0.000000 0.000000 1.000000 0.000000
0.998400 -0.056540 0.000000 160.804194 0.056540 0.998400 0.000000 7.130868 0.000000 0.000000 1.000000 0.000000
0.998260 -0.058966 0.000000 163.466172 0.058966 0.998260 0.000000 7.242853 0.000000 0.000000 1.000000 0.000000
0.998175 -0.060390 0.000000 166.131404 0.060390 0.998175 0.000000 7.400776 0.000000 0.000000 1.000000 0.000000
0.998036 -0.062644 0.000000 168.734146 0.062644 0.998036 0.000000 7.571769 0.000000 0.000000 1.000000 0.000000
0.997855 -0.065456 0.000000 171.364890 0.065456 0.997855 0.000000 7.735373 0.000000 0.000000 1.000000 0.000000
0.997717 -0.067536 0.000000 173.932697 0.067536 0.997717 0.000000 7.911422 0.000000 0.000000 1.000000 0.000000
0.997666 -0.068288 0.000000 176.531589 0.068288 0.997666 0.000000 8.132230 0.000000 0.000000 1.000000 0.000000
0.997500 -0.070661 0.000000 179.154389 0.070661 0.997500 0.000000 8.309699 0.000000 0.000000 1.000000 0.000000
0.997371 -0.072460 0.000000 181.674868 0.072460 0.997371 0.000000 8.483704 0.000000 0.000000 1.000000 0.000000
0.997320 -0.073158 0.000000 184.276968 0.073158 0.997320 0.000000 8.664388 0.000000 0.000000 1.000000 0.000000
0.997162 -0.075289 0.000000 186.834773 0.075289 0.997162 0.000000 8.823597 0.000000 0.000000 1.000000 0.000000
0.996694 -0.081247 0.000000 189.319428 0.081247 0.996694 0.000000 8.992378 0.000000 0.000000 1.000000 0.000000
0.996112 -0.088099 0.000000 191.844675 0.088099 0.996112 0.000000 9.211420 0.000000 0.000000 1.000000 0.000000
0.995289 -0.096948 0.000000 194.238694 0.096948 0.995289 0.000000 9.399112 0.000000 0.000000 1.000000 0.000000
0.994126 -0.108228 0.000000 196.690818 0.108228 0.994126 0.000000 9.601104 0.000000 0.000000 1.000000 0.000000
0.992706 -0.120561 0.000000 199.070176 0.120561 0.992706 0.000000 9.916039 0.000000 0.000000 1.000000 0.000000
0.991628 -0.129130 0.000000 201.431517 0.129130 0.991628 0.000000 10.214827 0.000000 0.000000 1.000000 0.000000
0.990710 -0.135991 0.000000 203.716136 0.135991 0.990710 0.000000 10.484427 0.000000 0.000000 1.000000 0.000000
0.989661 -0.143427 0.000000 205.914756 0.143427 0.989661 0.000000 10.792809 0.000000 0.000000 1.000000 0.000000
0.988662 -0.150161 0.000000 208.205711 0.150161 0.988662 0.000000 11.206436 0.000000 0.000000 1.000000 0.000000
0.987878 -0.155233 0.000000 210.468659 0.155233 0.987878 0.000000 11.573300 0.000000 0.000000 1.000000 0.000000
0.987368 -0.158445 0.000000 212.617200 0.158445 0.987368 0.000000 11.907053 0.000000 0.000000 1.000000 0.000000
0.987031 -0.160532 0.000000 214.844508 0.160532 0.987031 0.000000 12.257858 0.000000 0.000000 1.000000 0.000000
0.986634 -0.162949 0.000000 217.040988 0.162949 0.986634 0.000000 12.635969 0.000000 0.000000 1.000000 0.000000
0.985871 -0.167505 0.000000 219.206232 0.167505 0.985871 0.000000 12.932469 0.000000 0.000000 1.000000 0.000000
0.985163 -0.171620 0.000000 221.355578 0.171620 0.985163 0.000000 13.346284 0.000000 0.000000 1.000000 0.000000
0.983727 -0.179668 0.000000 223.570429 0.179668 0.983727 0.000000 13.723331 0.000000 0.000000 1.000000 0.000000
0.982335 -0.187130 0.000000 225.603122 0.187130 0.982335 0.000000 14.155726 0.000000 0.000000 1.000000 0.000000
0.981109 -0.193457 0.000000 227.691958 0.193457 0.981109 0.000000 14.586301 0.000000 0.000000 1.000000 0.000000
0.979945 -0.199267 0.000000 229.779999 0.199267 0.979945 0.000000 15.014736 0.000000 0.000000 1.000000 0.000000
0.979274 -0.202542 0.000000 231.880802 0.202542 0.979274 0.000000 15.460946 0.000000 0.000000 1.000000 0.000000
0.979004 -0.203840 0.000000 233.911294 0.203840 0.979004 0.000000 15.885435 0.000000 0.000000 1.000000 0.000000
0.979082 -0.203466 0.000000 235.945392 0.203466 0.979082 0.000000 16.321487 0.000000 0.000000 1.000000 0.000000
0.979597 -0.200971 0.000000 237.953457 0.200971 0.979597 0.000000 16.733247 0.000000 0.000000 1.000000 0.000000
0.981284 -0.192568 0.000000 239.957429 0.192568 0.981284 0.000000 17.207594 0.000000 0.000000 1.000000 0.000000
0.983899 -0.178723 0.000000 242.047568 0.178723 0.983899 0.000000 17.523938 0.000000 0.000000 1.000000 0.000000
0.986518 -0.163654 0.000000 244.109892 0.163654 0.986518 0.000000 17.889303 0.000000 0.000000 1.000000 0.000000
0.988123 -0.153664 0.000000 246.231917 0.153664 0.988123 0.000000 18.229182 0.000000 0.000000 1.000000 0.000000
0.989915 -0.141663 0.000000 248.303730 0.141663 0.989915 0.000000 18.516885 0.000000 0.000000 1.000000 0.000000
0.990956 -0.134189 0.000000 250.420907 0.134189 0.990956 0.000000 18.733454 0.000000 0.000000 1.000000 0.000000
0.991524 -0.129920 0.000000 252.496077 0.129920 0.991524 0.000000 19.034455 0.000000 0.000000 1.000000 0.000000
0.991966 -0.126506 0.000000 254.700681 0.126506 0.991966 0.000000 19.293781 0.000000 0.000000 1.000000 0.000000
0.992157 -0.124998 0.000000 256.880916 0.124998 0.992157 0.000000 19.530783 0.000000 0.000000 1.000000 0.000000
0.992044 -0.125888 0.000000 259.009126 0.125888 0.992044 0.000000 19.845398 0.000000 0.000000 1.000000 0.000000
0.992037 -0.125950 0.000000 261.276570 0.125950 0.992037 0.000000 20.111115 0.000000 0.000000 1.000000 0.000000
0.991939 -0.126714 0.000000 263.544133 0.126714 0.991939 0.000000 20.396068 0.000000 0.000000 1.000000 0.000000
0.991841 -0.127478 0.000000 265.832699 0.127478 0.991841 0.000000 20.672186 0.000000 0.000000 1.000000 0.000000
0.991780 -0.127958 0.000000 268.096416 0.127958 0.991780 0.000000 20.915051 0.000000 0.000000 1.000000 0.000000
0.991744 -0.128231 0.000000 270.380134 0.128231 0.991744 0.000000 21.216820 0.000000 0.000000 1.000000 0.000000
0.991491 -0.130172 0.000000 272.689684 0.130172 0.991491 0.000000 21.531793 0.000000 0.000000 1.000000 0.000000
0.991711 -0.128490 0.000000 274.985058 0.128490 0.991711 0.000000 21.829900 0.000000 0.000000 1.000000 0.000000
0.992093 -0.125507 0.000000 277.271363 0.125507 0.992093 0.000000 22.060839 0.000000 0.000000 1.000000 0.000000
0.992388 -0.123153 0.000000 279.520471 0.123153 0.992388 0.000000 22.360231 0.000000 0.000000 1.000000 0.000000
0.992718 -0.120465 0.000000 281.759734 0.120465 0.992718 0.000000 22.620108 0.000000 0.000000 1.000000 0.000000
0.993112 -0.117169 0.000000 284.035424 0.117169 0.993112 0.000000 22.916590 0.000000 0.000000 1.000000 0.000000
0.993465 -0.114136 0.000000 286.260777 0.114136 0.993465 0.000000 23.134002 0.000000 0.000000 1.000000 0.000000
0.993783 -0.111337 0.000000 288.463373 0.111337 0.993783 0.000000 23.396633 0.000000 0.000000 1.000000 0.000000
0.994206 -0.107494 0.000000 290.668739 0.107494 0.994206 0.000000 23.622469 0.000000 0.000000 1.000000 0.000000
0.994605 -0.103736 0.000000 292.908876 0.103736 0.994605 0.000000 23.827996 0.000000 0.000000 1.000000 0.000000
0.994905 -0.100816 0.000000 295.098968 0.100816 0.994905 0.000000 23.951938 0.000000 0.000000 1.000000 0.000000
0.995241 -0.097444 0.000000 297.245373 0.097444 0.995241 0.000000 24.184708 0.000000 0.000000 1.000000 0.000000
0.995495 -0.094813 0.000000 299.437246 0.094813 0.995495 0.000000 24.417160 0.000000 0.000000 1.000000 0.000000
0.995611 -0.093590 0.000000 301.581349 0.093590 0.995611 0.000000 24.629249 0.000000 0.000000 1.000000 0.000000
0.995888 -0.090591 0.000000 303.728106 0.090591 0.995888 0.000000 24.778941 0.000000 0.000000 1.000000 0.000000
0.996277 -0.086212 0.000000 305.894487 0.086212 0.996277 0.000000 24.914968 0.000000 0.000000 1.000000 0.000000
0.996308 -0.085853 0.000000 308.062938 0.085853 0.996308 0.000000 25.167484 0.000000 0.000000 1.000000 0.000000
0.996497 -0.083632 0.000000 310.207643 0.083632 0.996497 0.000000 25.309524 0.000000 0.000000 1.000000 0.000000
0.996661 -0.081657 0.000000 312.363382 0.081657 0.996661 0.000000 25.462721 0.000000 0.000000 1.000000 0.000000
0.996857 -0.079217 0.000000 314.505700 0.079217 0.996857 0.000000 25.616414 0.000000 0.000000 1.000000 0.000000
0.997098 -0.076131 0.000000 316.684811 0.076131 0.997098 0.000000 25.695545 0.000000 0.000000 1.000000 0.000000
0.997212 -0.074623 0.000000 318.896386 0.074623 0.997212 0.000000 25.879252 0.000000 0.000000 1.000000 0.000000
0.997384 -0.072289 0.000000 321.086604 0.072289 0.997384 0.000000 25.998706 0.000000 0.000000 1.000000 0.000000
0.997518 -0.070414 0.000000 323.255539 0.070414 0.997518 0.000000 26.136113 0.000000 0.000000 1.000000 0.000000
0.997558 -0.069837 0.000000 325.431027 0.069837 0.997558 0.000000 26.269864 0.000000 0.000000 1.000000 0.000000
0.997517 -0.070420 0.000000 327.692195 0.070420 0.997517 0.000000 26.405826 0.000000 0.000000 1.000000 0.000000
0.997611 -0.069078 0.000000 329.935331 0.069078 0.997611 0.000000 26.582866 0.000000 0.000000 1.000000 0.000000
0.997602 -0.069211 0.000000 332.218450 0.069211 0.997602 0.000000 26.734798 0.000000 0.000000 1.000000 0.000000
0.997624 -0.068896 0.000000 334.510981 0.068896 0.997624 0.000000 26.855917 0.000000 0.000000 1.000000 0.000000
0.997569 -0.069688 0.000000 336.815202 0.069688 0.997569 0.000000 26.959851 0.000000 0.000000 1.000000 0.000000
0.997621 -0.068933 0.000000 339.095659 0.068933 0.997621 0.000000 27.132680 0.000000 0.000000 1.000000 0.000000
0.997620 -0.068956 0.000000 341.443321 0.068956 0.997620 0.000000 27.278446 0.000000 0.000000 1.000000 0.000000
0.997800 -0.066300 0.000000 343.749404 0.066300 0.997800 0.000000 27.420996 0.000000 0.000000 1.000000 0.000000
0.997911 -0.064608 0.000000 346.071733 0.064608 0.997911 0.000000 27.576841 0.000000 0.000000 1.000000 0.000000
0.998000 -0.063220 0.000000 348.423128 0.063220 0.998000 0.000000 27.711463 0.000000 0.000000 1.000000 0.000000
0.998345 -0.057505 0.000000 350.770285 0.057505 0.998345 0.000000 27.819862 0.000000 0.000000 1.000000 0.000000
0.998713 -0.050726 0.000000 353.108544 0.050726 0.998713 0.000000 27.946454 0.000000 0.000000 1.000000 0.000000
0.999142 -0.041412 0.000000 355.548371 0.041412 0.999142 0.000000 28.054959 0.000000 0.000000 1.000000 0.000000
0.999525 -0.030803 0.000000 357.956832 0.030803 0.999525 0.000000 28.138381 0.000000 0.000000 1.000000 0.000000
0.999816 -0.019160 0.000000 360.404016 0.019160 0.999816 0.000000 28.161617 0.000000 0.000000 1.000000 0.000000
0.999946 -0.010387 0.000000 362.818203 0.010387 0.999946 0.000000 28.178299 0.000000 0.000000 1.000000 0.000000
0.999995 -0.003124 0.000000 365.303279 0.003124 0.999995 0.000000 28.197326 0.000000 0.000000 1.000000 0.000000
0.999991 0.004177 0.000000 367.701046 -0.004177 0.999991 -0.000000 28.174351 -0.000000 0.000000 1.000000 0.000000
0.999961 0.008852 0.000000 370.167964 -0.008852 0.999961 -0.000000 28.149729 -0.000000 0.000000 1.000000 0.000000
0.999937 0.011214 0.000000 372.626012 -0.011214 0.999937 -0.000000 28.101076 -0.000000 0.000000 1.000000 0.000000
0.999916 0.012974 0.000000 375.036699 -0.012974 0.999916 -0.000000 28.067539 -0.000000 0.000000 1.000000 0.000000
0.999923 0.012399 0.000000 377.553378 -0.012399 0.999923 -0.000000 27.996821 -0.000000 0.000000 1.000000 0.000000
0.999943 0.010642 0.000000 380.060916 -0.010642 0.999943 -0.000000 27.968879 -0.000000 0.000000 1.000000 0.000000
0.999973 0.007331 0.000000 382.550463 -0.007331 0.999973 -0.000000 27.957881 -0.000000 0.000000 1.000000 0.000000
0.999999 0.001259 0.000000 385.103286 -0.001259 0.999999 -0.000000 27.968963 -0.000000 0.000000 1.000000 0.000000
0.999963 -0.008568 0.000000 387.576048 0.008568 0.999963 0.000000 27.952982 0.000000 0.000000 1.000000 0.000000
0.999858 -0.016843 0.000000 390.023800 0.016843 0.999858 0.000000 27.973187 0.000000 0.000000 1.000000 0.000000
0.999677 -0.025408 0.000000 392.550494 0.025408 0.999677 0.000000 28.048352 0.000000 0.000000 1.000000 0.000000
0.999483 -0.032142 0.000000 395.025804 0.032142 0.999483 0.000000 28.108157 0.000000 0.000000 1.000000 0.000000
0.999316 -0.036973 0.000000 397.471746 0.036973 0.999316 0.000000 28.160212 0.000000 0.000000 1.000000 0.000000
0.999196 -0.040099 0.000000 399.903484 0.040099 0.999196 0.000000 28.229495 0.000000 0.000000 1.000000 0.000000
0.999188 -0.040297 0.000000 402.298675 0.040297 0.999188 0.000000 28.312156 0.000000 0.000000 1.000000 0.000000
0.999223 -0.039423 0.000000 404.693486 0.039423 0.999223 0.000000 28.414558 0.000000 0.000000 1.000000 0.000000
0.999257 -0.038542 0.000000 407.068156 0.038542 0.999257 0.000000 28.485794 0.000000 0.000000 1.000000 0.000000
0.999224 -0.039390 0.000000 409.316186 0.039390 0.999224 0.000000 28.559505 0.000000 0.000000 1.000000 0.000000
0.999058 -0.043388 0.000000 411.539486 0.043388 0.999058 0.000000 28.635804 0.000000 0.000000 1.000000 0.000000
0.998865 -0.047630 0.000000 413.707756 0.047630 0.998865 0.000000 28.694633 0.000000 0.000000 1.000000 0.000000
0.998577 -0.053326 0.000000 415.793138 0.053326 0.998577 0.000000 28.811548 0.000000 0.000000 1.000000 0.000000
0.998308 -0.058140 0.000000 417.844411 0.058140 0.998308 0.000000 28.867553 0.000000 0.000000 1.000000 0.000000
0.997976 -0.063587 0.000000 419.861115 0.063587 0.997976 0.000000 29.006090 0.000000 0.000000 1.000000 0.000000
0.997707 -0.067676 0.000000 421.800555 0.067676 0.997707 0.000000 29.162707 0.000000 0.000000 1.000000 0.000000
0.997525 -0.070319 0.000000 423.751562 0.070319 0.997525 0.000000 29.245069 0.000000 0.000000 1.000000 0.000000
0.997477 -0.070988 0.000000 425.558766 0.070988 0.997477 0.000000 29.398288 0.000000 0.000000 1.000000 0.000000
0.997713 -0.067595 0.000000 427.331213 0.067595 0.997713 0.000000 29.520501 0.000000 0.000000 1.000000 0.000000
0.998103 -0.061567 0.000000 429.060652 0.061567 0.998103 0.000000 29.594181 0.000000 0.000000 1.000000 0.000000
0.998594 -0.053013 0.000000 430.669160 0.053013 0.998594 0.000000 29.662148 0.000000 0.000000 1.000000 0.000000
0.999908 -0.013594 0.000000 433.598744 0.013594 0.999908 0.000000 29.769533 0.000000 0.000000 1.000000 0.000000
0.996166 0.087479 0.000000 436.185137 -0.087479 0.996166 -0.000000 29.555274 -0.000000 0.000000 1.000000 0.000000
0.975947 0.218008 0.000000 438.525038 -0.218008 0.975947 -0.000000 28.919947 -0.000000 0.000000 1.000000 0.000000
0.936318 0.351152 0.000000 440.460153 -0.351152 0.936318 -0.000000 28.193075 -0.000000 0.000000 1.000000 0.000000
0.878629 0.477506 0.000000 442.084322 -0.477506 0.878629 -0.000000 27.254775 -0.000000 0.000000 1.000000 0.000000
0.800838 0.598881 0.000000 443.421767 -0.598881 0.800838 -0.000000 26.219598 -0.000000 0.000000 1.000000 0.000000
0.686877 0.726774 0.000000 444.452680 -0.726774 0.686877 -0.000000 24.988777 -0.000000 0.000000 1.000000 0.000000
0.616550 0.787316 0.000000 444.970535 -0.787316 0.616550 -0.000000 24.279195 -0.000000 0.000000 1.000000 0.000000
0.537042 0.843555 0.000000 445.339779 -0.843555 0.537042 -0.000000 23.583304 -0.000000 0.000000 1.000000 0.000000
0.450311 0.892872 0.000000 445.617860 -0.892872 0.450311 -0.000000 22.851758 -0.000000 0.000000 1.000000 0.000000
0.354594 0.935020 0.000000 445.805161 -0.935020 0.354594 -0.000000 22.082859 -0.000000 0.000000 1.000000 0.000000
0.247448 0.968901 0.000000 445.926596 -0.968901 0.247448 -0.000000 21.265205 -0.000000 0.000000 1.000000 0.000000
0.130720 0.991419 0.000000 445.976519 -0.991419 0.130720 -0.000000 20.360641 -0.000000 0.000000 1.000000 0.000000
0.009163 0.999958 0.000000 445.905269 -0.999958 0.009163 -0.000000 19.481803 -0.000000 0.000000 1.000000 0.000000
-0.114979 0.993368 0.000000 445.728780 -0.993368 -0.114979 -0.000000 18.529437 -0.000000 0.000000 1.000000 0.000000
-0.237351 0.971424 0.000000 445.433081 -0.971424 -0.237351 -0.000000 17.537564 -0.000000 0.000000 1.000000 0.000000
-0.353109 0.935582 0.000000 444.972658 -0.935582 -0.353109 -0.000000 16.625232 -0.000000 0.000000 1.000000 0.000000
-0.464018 0.885826 0.000000 444.414990 -0.885826 -0.464018 -0.000000 15.706426 -0.000000 0.000000 1.000000 0.000000
-0.562181 0.827015 0.000000 443.747140 -0.827015 -0.562181 0.000000 14.728811 0.000000 0.000000 1.000000 0.000000
-0.651017 0.759063 0.000000 442.915805 -0.759063 -0.651017 0.000000 13.908431 0.000000 0.000000 1.000000 0.000000
-0.724988 0.688761 0.000000 441.991871 -0.688761 -0.724988 0.000000 12.965668 0.000000 0.000000 1.000000 0.000000
-0.785759 0.618533 0.000000 440.860804 -0.618533 -0.785759 0.000000 12.164484 0.000000 0.000000 1.000000 0.000000
-0.828396 0.560143 0.000000 439.573525 -0.560143 -0.828396 0.000000 11.280142 0.000000 0.000000 1.000000 0.000000
-0.853040 0.521846 0.000000 438.149297 -0.521846 -0.853040 0.000000 10.557975 0.000000 0.000000 1.000000 0.000000
-0.869134 0.494577 0.000000 436.681949 -0.494577 -0.869134 0.000000 9.820140 0.000000 0.000000 1.000000 0.000000
-0.878752 0.477279 0.000000 435.099381 -0.477279 -0.878752 0.000000 8.967823 0.000000 0.000000 1.000000 0.000000
-0.885224 0.465166 0.000000 433.355570 -0.465166 -0.885224 0.000000 8.165660 0.000000 0.000000 1.000000 0.000000
-0.888473 0.458929 0.000000 431.587751 -0.458929 -0.888473 0.000000 7.278597 0.000000 0.000000 1.000000 0.000000
-0.891675 0.452676 0.000000 429.738750 -0.452676 -0.891675 0.000000 6.377860 0.000000 0.000000 1.000000 0.000000
-0.892930 0.450195 0.000000 427.787565 -0.450195 -0.892930 0.000000 5.396541 0.000000 0.000000 1.000000 0.000000
-0.894527 0.447015 0.000000 425.709320 -0.447015 -0.894527 0.000000 4.439732 0.000000 0.000000 1.000000 0.000000
-0.894668 0.446733 0.000000 423.613459 -0.446733 -0.894668 0.000000 3.359926 0.000000 0.000000 1.000000 0.000000
-0.894920 0.446226 0.000000 421.462511 -0.446226 -0.894920 0.000000 2.285718 0.000000 0.000000 1.000000 0.000000
-0.895111 0.445844 0.000000 419.235480 -0.445844 -0.895111 0.000000 1.182629 0.000000 0.000000 1.000000 0.000000
-0.895684 0.444692 0.000000 416.974987 -0.444692 -0.895684 0.000000 0.098624 0.000000 0.000000 1.000000 0.000000
-0.896395 0.443257 0.000000 414.663862 -0.443257 -0.896395 0.000000 -1.055093 0.000000 0.000000 1.000000 0.000000
-0.897079 0.441871 0.000000 412.341381 -0.441871 -0.897079 0.000000 -2.207004 0.000000 0.000000 1.000000 0.000000
-0.898115 0.439761 0.000000 409.938513 -0.439761 -0.898115 0.000000 -3.357909 0.000000 0.000000 1.000000 0.000000
-0.898856 0.438244 0.000000 407.526479 -0.438244 -0.898856 0.000000 -4.553501 0.000000 0.000000 1.000000 0.000000
-0.900528 0.434798 0.000000 405.107013 -0.434798 -0.900528 0.000000 -5.744200 0.000000 0.000000 1.000000 0.000000
-0.901559 0.432656 0.000000 402.774601 -0.432656 -0.901559 0.000000 -6.899468 0.000000 0.000000 1.000000 0.000000
-0.903376 0.428849 0.000000 400.419828 -0.428849 -0.903376 0.000000 -8.006971 0.000000 0.000000 1.000000 0.000000
-0.904401 0.426683 0.000000 398.113609 -0.426683 -0.904401 0.000000 -9.081544 0.000000 0.000000 1.000000 0.000000
-0.904759 0.425924 0.000000 395.806219 -0.425924 -0.904759 0.000000 -10.165751 0.000000 0.000000 1.000000 0.000000
-0.904981 0.425451 0.000000 393.521799 -0.425451 -0.904981 0.000000 -11.203246 0.000000 0.000000 1.000000 0.000000
-0.904971 0.425472 0.000000 391.359227 -0.425472 -0.904971 0.000000 -12.245444 0.000000 0.000000 1.000000 0.000000
-0.905365 0.424634 0.000000 389.172536 -0.424634 -0.905365 0.000000 -13.274821 0.000000 0.000000 1.000000 0.000000
-0.905197 0.424991 0.000000 387.063386 -0.424991 -0.905197 0.000000 -14.274586 0.000000 0.000000 1.000000 0.000000
-0.904832 0.425768 0.000000 385.033682 -0.425768 -0.904832 0.000000 -15.222056 0.000000 0.000000 1.000000 0.000000
-0.904495 0.426484 0.000000 383.041844 -0.426484 -0.904495 0.000000 -16.134368 0.000000 0.000000 1.000000 0.000000
-0.904428 0.426626 0.000000 381.146413 -0.426626 -0.904428 0.000000 -17.044871 0.000000 0.000000 1.000000 0.000000
-0.904456 0.426568 0.000000 379.317670 -0.426568 -0.904456 0.000000 -17.923835 0.000000 0.000000 1.000000 0.000000
-0.905118 0.425161 0.000000 377.605530 -0.425161 -0.905118 0.000000 -18.762123 0.000000 0.000000 1.000000 0.000000
-0.906123 0.423015 0.000000 375.880763 -0.423015 -0.906123 0.000000 -19.538112 0.000000 0.000000 1.000000 0.000000
-0.906832 0.421493 0.000000 374.233032 -0.421493 -0.906832 0.000000 -20.241067 0.000000 0.000000 1.000000 0.000000
-0.907793 0.419418 0.000000 372.716539 -0.419418 -0.907793 0.000000 -20.933077 0.000000 0.000000 1.000000 0.000000
-0.908845 0.417134 0.000000 371.314154 -0.417134 -0.908845 0.000000 -21.643478 0.000000 0.000000 1.000000 0.000000
-0.910216 0.414134 0.000000 368.688359 -0.414134 -0.910216 0.000000 -22.815579 0.000000 0.000000 1.000000 0.000000
-0.911384 0.411556 0.000000 366.127573 -0.411556 -0.911384 0.000000 -23.966246 0.000000 0.000000 1.000000 0.000000
-0.912114 0.409936 0.000000 363.477230 -0.409936 -0.912114 0.000000 -25.100018 0.000000 0.000000 1.000000 0.000000
-0.912487 0.409106 0.000000 360.718827 -0.409106 -0.912487 0.000000 -26.369407 0.000000 0.000000 1.000000 0.000000
-0.912935 0.408105 0.000000 359.142372 -0.408105 -0.912935 0.000000 -27.058268 0.000000 0.000000 1.000000 0.000000
-0.912892 0.408202 0.000000 357.576373 -0.408202 -0.912892 0.000000 -27.708985 0.000000 0.000000 1.000000 0.000000
-0.912522 0.409028 0.000000 355.905414 -0.409028 -0.912522 0.000000 -28.452977 0.000000 0.000000 1.000000 0.000000
-0.912072 0.410029 0.000000 354.268038 -0.410029 -0.912072 0.000000 -29.245500 0.000000 0.000000 1.000000 0.000000
-0.912292 0.409540 0.000000 352.487389 -0.409540 -0.912292 0.000000 -30.013684 0.000000 0.000000 1.000000 0.000000
-0.912463 0.409159 0.000000 350.632399 -0.409159 -0.912463 0.000000 -30.789117 0.000000 0.000000 1.000000 0.000000
-0.912598 0.408859 0.000000 348.794576 -0.408859 -0.912598 0.000000 -31.623347 0.000000 0.000000 1.000000 0.000000
-0.912851 0.408293 0.000000 346.895958 -0.408293 -0.912851 0.000000 -32.472111 0.000000 0.000000 1.000000 0.000000
-0.914410 0.404789 0.000000 344.907842 -0.404789 -0.914410 0.000000 -33.333418 0.000000 0.000000 1.000000 0.000000
-0.916415 0.400230 0.000000 342.894642 -0.400230 -0.916415 0.000000 -34.223365 0.000000 0.000000 1.000000 0.000000
-0.918552 0.395300 0.000000 340.842156 -0.395300 -0.918552 0.000000 -35.067600 0.000000 0.000000 1.000000 0.000000
-0.921328 0.388787 0.000000 338.769177 -0.388787 -0.921328 0.000000 -35.926182 0.000000 0.000000 1.000000 0.000000
-0.925417 0.378949 0.000000 336.681329 -0.378949 -0.925417 0.000000 -36.793739 0.000000 0.000000 1.000000 0.000000
-0.930078 0.367363 0.000000 334.428125 -0.367363 -0.930078 0.000000 -37.627838 0.000000 0.000000 1.000000 0.000000
-0.934657 0.355550 0.000000 332.204633 -0.355550 -0.934657 0.000000 -38.495036 0.000000 0.000000 1.000000 0.000000
-0.938537 0.345178 0.000000 329.909879 -0.345178 -0.938537 0.000000 -39.341486 0.000000 0.000000 1.000000 0.000000
-0.942183 0.335100 0.000000 327.591194 -0.335100 -0.942183 0.000000 -40.131922 0.000000 0.000000 1.000000 0.000000
-0.947172 0.320727 0.000000 325.221027 -0.320727 -0.947172 0.000000 -40.975066 0.000000 0.000000 1.000000 0.000000
-0.952446 0.304706 0.000000 322.828872 -0.304706 -0.952446 0.000000 -41.749611 0.000000 0.000000 1.000000 0.000000
-0.958061 0.286565 0.000000 320.339979 -0.286565 -0.958061 0.000000 -42.444828 0.000000 0.000000 1.000000 0.000000
-0.962622 0.270848 0.000000 317.794925 -0.270848 -0.962622 0.000000 -43.139083 0.000000 0.000000 1.000000 0.000000
-0.964593 0.263742 0.000000 315.204483 -0.263742 -0.964593 0.000000 -43.855460 0.000000 0.000000 1.000000 0.000000
-0.965296 0.261159 0.000000 312.555034 -0.261159 -0.965296 0.000000 -44.588876 0.000000 0.000000 1.000000 0.000000
-0.965135 0.261754 0.000000 309.899399 -0.261754 -0.965135 0.000000 -45.221788 0.000000 0.000000 1.000000 0.000000
-0.964399 0.264450 0.000000 307.264608 -0.264450 -0.964399 0.000000 -45.979335 0.000000 0.000000 1.000000 0.000000
-0.962523 0.271201 0.000000 304.532198 -0.271201 -0.962523 0.000000 -46.755995 0.000000 0.000000 1.000000 0.000000
-0.960571 0.278036 0.000000 301.828591 -0.278036 -0.960571 0.000000 -47.541116 0.000000 0.000000 1.000000 0.000000
-0.957501 0.288430 0.000000 299.055778 -0.288430 -0.957501 0.000000 -48.319403 0.000000 0.000000 1.000000 0.000000
-0.954058 0.299621 0.000000 296.256247 -0.299621 -0.954058 0.000000 -49.171113 0.000000 0.000000 1.000000 0.000000
-0.950375 0.311106 0.000000 293.487991 -0.311106 -0.950375 0.000000 -50.066605 0.000000 0.000000 1.000000 0.000000
-0.947265 0.320450 0.000000 290.704943 -0.320450 -0.947265 0.000000 -50.977670 0.000000 0.000000 1.000000 0.000000
-0.945132 0.326690 0.000000 287.868391 -0.326690 -0.945132 0.000000 -51.980554 0.000000 0.000000 1.000000 0.000000
-0.943577 0.331154 0.000000 285.028648 -0.331154 -0.943577 0.000000 -53.052981 0.000000 0.000000 1.000000 0.000000
-0.942968 0.332882 0.000000 282.130705 -0.332882 -0.942968 0.000000 -54.037672 0.000000 0.000000 1.000000 0.000000
-0.942167 0.335142 0.000000 279.250660 -0.335142 -0.942167 0.000000 -55.115921 0.000000 0.000000 1.000000 0.000000
-0.940758 0.339078 0.000000 276.366315 -0.339078 -0.940758 0.000000 -56.166316 0.000000 0.000000 1.000000 0.000000
-0.939073 0.343717 0.000000 273.555399 -0.343717 -0.939073 0.000000 -57.186893 0.000000 0.000000 1.000000 0.000000
-0.937278 0.348582 0.000000 270.670579 -0.348582 -0.937278 0.000000 -58.205916 0.000000 0.000000 1.000000 0.000000
-0.935322 0.353799 0.000000 267.826519 -0.353799 -0.935322 0.000000 -59.313980 0.000000 0.000000 1.000000 0.000000
-0.933285 0.359137 0.000000 264.946322 -0.359137 -0.933285 0.000000 -60.316977 0.000000 0.000000 1.000000 0.000000
-0.932106 0.362187 0.000000 262.092288 -0.362187 -0.932106 0.000000 -61.384518 0.000000 0.000000 1.000000 0.000000
-0.931383 0.364041 0.000000 259.252800 -0.364041 -0.931383 0.000000 -62.438235 0.000000 0.000000 1.000000 0.000000
-0.930073 0.367375 0.000000 256.439201 -0.367375 -0.930073 0.000000 -63.583724 0.000000 0.000000 1.000000 0.000000
-0.929295 0.369337 0.000000 253.596424 -0.369337 -0.929295 0.000000 -64.700084 0.000000 0.000000 1.000000 0.000000
-0.928293 0.371850 0.000000 250.861101 -0.371850 -0.928293 0.000000 -65.786298 0.000000 0.000000 1.000000 0.000000
-0.928605 0.371070 0.000000 248.099603 -0.371070 -0.928605 0.000000 -66.835557 0.000000 0.000000 1.000000 0.000000
-0.927791 0.373100 0.000000 245.376870 -0.373100 -0.927791 0.000000 -67.945070 0.000000 0.000000 1.000000 0.000000
-0.926824 0.375495 0.000000 242.735236 -0.375495 -0.926824 0.000000 -69.053911 0.000000 0.000000 1.000000 0.000000
-0.925940 0.377670 0.000000 240.085222 -0.377670 -0.925940 0.000000 -70.173885 0.000000 0.000000 1.000000 0.000000
-0.924325 0.381606 0.000000 237.412327 -0.381606 -0.924325 0.000000 -71.211806 0.000000 0.000000 1.000000 0.000000
-0.922809 0.385257 0.000000 234.794885 -0.385257 -0.922809 0.000000 -72.310503 0.000000 0.000000 1.000000 0.000000
-0.921028 0.389496 0.000000 232.178370 -0.389496 -0.921028 0.000000 -73.343703 0.000000 0.000000 1.000000 0.000000
-0.919495 0.393101 0.000000 229.589604 -0.393101 -0.919495 0.000000 -74.410002 0.000000 0.000000 1.000000 0.000000
-0.919446 0.393217 0.000000 226.972711 -0.393217 -0.919446 0.000000 -75.562126 0.000000 0.000000 1.000000 0.000000
-0.919258 0.393655 0.000000 224.423569 -0.393655 -0.919258 0.000000 -76.665182 0.000000 0.000000 1.000000 0.000000
-0.919397 0.393330 0.000000 221.847013 -0.393330 -0.919397 0.000000 -77.792160 0.000000 0.000000 1.000000 0.000000
-0.919494 0.393105 0.000000 219.326607 -0.393105 -0.919494 0.000000 -78.895098 0.000000 0.000000 1.000000 0.000000
-0.919554 0.392965 0.000000 216.713745 -0.392965 -0.919554 0.000000 -79.998090 0.000000 0.000000 1.000000 0.000000
-0.918662 0.395044 0.000000 214.147270 -0.395044 -0.918662 0.000000 -81.042139 0.000000 0.000000 1.000000 0.000000
-0.917592 0.397524 0.000000 211.675494 -0.397524 -0.917592 0.000000 -82.104897 0.000000 0.000000 1.000000 0.000000
-0.916320 0.400446 0.000000 209.213359 -0.400446 -0.916320 0.000000 -83.243581 0.000000 0.000000 1.000000 0.000000
-0.916238 0.400635 0.000000 206.708095 -0.400635 -0.916238 0.000000 -84.333041 0.000000 0.000000 1.000000 0.000000
-0.917580 0.397552 0.000000 204.303387 -0.397552 -0.917580 0.000000 -85.388163 0.000000 0.000000 1.000000 0.000000
-0.918585 0.395225 0.000000 201.809185 -0.395225 -0.918585 0.000000 -86.466811 0.000000 0.000000 1.000000 0.000000
-0.920065 0.391766 0.000000 199.343602 -0.391766 -0.920065 0.000000 -87.524163 0.000000 0.000000 1.000000 0.000000
-0.921849 0.387550 0.000000 196.909995 -0.387550 -0.921849 0.000000 -88.530190 0.000000 0.000000 1.000000 0.000000
-0.923154 0.384430 0.000000 194.528052 -0.384430 -0.923154 0.000000 -89.480411 0.000000 0.000000 1.000000 0.000000
-0.923637 0.383269 0.000000 192.183686 -0.383269 -0.923637 0.000000 -90.491250 0.000000 0.000000 1.000000 0.000000
-0.924061 0.382244 0.000000 189.817654 -0.382244 -0.924061 0.000000 -91.416855 0.000000 0.000000 1.000000 0.000000
-0.925477 0.378804 0.000000 187.531108 -0.378804 -0.925477 0.000000 -92.383913 0.000000 0.000000 1.000000 0.000000
-0.926217 0.376991 0.000000 185.222466 -0.376991 -0.926217 0.000000 -93.271362 0.000000 0.000000 1.000000 0.000000
-0.926557 0.376155 0.000000 182.906374 -0.376155 -0.926557 0.000000 -94.263487 0.000000 0.000000 1.000000 0.000000
-0.926489 0.376323 0.000000 180.573916 -0.376323 -0.926489 0.000000 -95.209638 0.000000 0.000000 1.000000 0.000000
-0.926051 0.377398 0.000000 178.294245 -0.377398 -0.926051 0.000000 -96.147555 0.000000 0.000000 1.000000 0.000000
-0.923623 0.383303 0.000000 176.010676 -0.383303 -0.923623 0.000000 -97.117890 0.000000 0.000000 1.000000 0.000000
-0.921710 0.387879 0.000000 173.705514 -0.387879 -0.921710 0.000000 -98.026849 0.000000 0.000000 1.000000 0.000000
-0.919543 0.392989 0.000000 171.492230 -0.392989 -0.919543 0.000000 -99.028502 0.000000 0.000000 1.000000 0.000000
-0.917212 0.398400 0.000000 169.215930 -0.398400 -0.917212 0.000000 -99.905989 0.000000 0.000000 1.000000 0.000000
-0.915910 0.401383 0.000000 167.001762 -0.401383 -0.915910 0.000000 -100.860996 0.000000 0.000000 1.000000 0.000000
-0.915452 0.402427 0.000000 164.827605 -0.402427 -0.915452 0.000000 -101.867624 0.000000 0.000000 1.000000 0.000000
-0.915808 0.401616 0.000000 162.622692 -0.401616 -0.915808 0.000000 -102.771285 0.000000 0.000000 1.000000 0.000000
-0.916493 0.400052 0.000000 160.513641 -0.400052 -0.916493 0.000000 -103.692664 0.000000 0.000000 1.000000 0.000000
-0.917728 0.397209 0.000000 158.372045 -0.397209 -0.917728 0.000000 -104.607452 0.000000 0.000000 1.000000 0.000000
-0.919050 0.394142 0.000000 156.219326 -0.394142 -0.919050 0.000000 -105.540591 0.000000 0.000000 1.000000 0.000000
-0.919920 0.392106 0.000000 154.090817 -0.392106 -0.919920 0.000000 -106.422840 0.000000 0.000000 1.000000 0.000000
-0.920383 0.391017 0.000000 152.025670 -0.391017 -0.920383 0.000000 -107.308106 0.000000 0.000000 1.000000 0.000000
-0.920219 0.391404 0.000000 149.980444 -0.391404 -0.920219 0.000000 -108.156426 0.000000 0.000000 1.000000 0.000000
-0.920361 0.391069 0.000000 147.923316 -0.391069 -0.920361 0.000000 -109.004095 0.000000 0.000000 1.000000 0.000000
-0.921046 0.389454 0.000000 145.950705 -0.389454 -0.921046 0.000000 -109.851154 0.000000 0.000000 1.000000 0.000000
-0.922853 0.385153 0.000000 143.956846 -0.385153 -0.922853 0.000000 -110.609174 0.000000 0.000000 1.000000 0.000000
-0.925745 0.378148 0.000000 142.046164 -0.378148 -0.925745 0.000000 -111.360015 0.000000 0.000000 1.000000 0.000000
-0.927913 0.372797 0.000000 140.186651 -0.372797 -0.927913 0.000000 -112.104101 0.000000 0.000000 1.000000 0.000000
-0.928471 0.371406 0.000000 138.371521 -0.371406 -0.928471 0.000000 -112.822649 0.000000 0.000000 1.000000 0.000000
-0.929480 0.368872 0.000000 136.660547 -0.368872 -0.929480 0.000000 -113.534725 0.000000 0.000000 1.000000 0.000000
-0.929267 0.369408 0.000000 134.926853 -0.369408 -0.929267 0.000000 -114.198757 0.000000 0.000000 1.000000 0.000000
-0.930096 0.367318 0.000000 133.257265 -0.367318 -0.930096 0.000000 -114.877190 0.000000 0.000000 1.000000 0.000000
-0.931381 0.364046 0.000000 131.680743 -0.364046 -0.931381 0.000000 -115.539132 0.000000 0.000000 1.000000 0.000000
-0.931731 0.363148 0.000000 130.106054 -0.363148 -0.931731 0.000000 -116.081896 0.000000 0.000000 1.000000 0.000000
-0.932256 0.361798 0.000000 128.686546 -0.361798 -0.932256 0.000000 -116.665782 0.000000 0.000000 1.000000 0.000000
-0.932047 0.362337 0.000000 127.198086 -0.362337 -0.932047 0.000000 -117.179041 0.000000 0.000000 1.000000 0.000000
-0.931762 0.363071 0.000000 124.587404 -0.363071 -0.931762 0.000000 -118.206922 0.000000 0.000000 1.000000 0.000000
-0.932006 0.362444 0.000000 122.142200 -0.362444 -0.932006 0.000000 -119.184011 0.000000 0.000000 1.000000 0.000000
-0.933292 0.359119 0.000000 119.938879 -0.359119 -0.933292 0.000000 -120.002852 0.000000 0.000000 1.000000 0.000000
-0.935029 0.354572 0.000000 117.951879 -0.354572 -0.935029 0.000000 -120.731365 0.000000 0.000000 1.000000 0.000000
-0.935357 0.353706 0.000000 116.218619 -0.353706 -0.935357 0.000000 -121.392440 0.000000 0.000000 1.000000 0.000000
