1.000000 -0.000101 0.000000 2.935546 0.000101 1.000000 0.000000 0.047368 0.000000 0.000000 1.000000 0.000000
1.000000 0.000566 0.000000 3.681594 -0.000566 1.000000 0.000000 0.035139 0.000000 0.000000 1.000000 0.000000
0.999999 0.001014 0.000000 4.457657 -0.001014 0.999999 0.000000 0.013457 0.000000 0.000000 1.000000 0.000000
0.999995 0.003088 0.000000 5.297076 -0.003088 0.999995 0.000000 -0.043679 0.000000 0.000000 1.000000 0.000000
0.999993 0.003783 0.000000 6.283912 -0.003783 0.999993 0.000000 -0.027388 0.000000 0.000000 1.000000 0.000000
0.999995 0.003102 0.000000 7.402069 -0.003102 0.999995 0.000000 -0.031636 0.000000 0.000000 1.000000 0.000000
0.999996 0.002686 0.000000 8.420704 -0.002686 0.999996 0.000000 -0.033138 0.000000 0.000000 1.000000 0.000000
0.999991 0.004316 0.000000 9.624479 -0.004316 0.999991 0.000000 0.008560 0.000000 0.000000 1.000000 0.000000
0.999982 0.005977 0.000000 10.841841 -0.005977 0.999982 0.000000 -0.022405 0.000000 0.000000 1.000000 0.000000
0.999975 0.007105 0.000000 12.161547 -0.007105 0.999975 0.000000 -0.036948 0.000000 0.000000 1.000000 0.000000
0.999963 0.008592 0.000000 13.533731 -0.008592 0.999963 0.000000 -0.024206 0.000000 0.000000 1.000000 0.000000
0.999962 0.008688 0.000000 14.935339 -0.008688 0.999962 0.000000 -0.029828 0.000000 0.000000 1.000000 0.000000
0.999942 0.010769 0.000000 16.380893 -0.010769 0.999942 0.000000 -0.063792 0.000000 0.000000 1.000000 0.000000
0.999910 0.013386 0.000000 17.850649 -0.013386 0.999910 0.000000 -0.056705 0.000000 0.000000 1.000000 0.000000
0.999876 0.015736 0.000000 19.288996 -0.015736 0.999876 0.000000 -0.051580 0.000000 0.000000 1.000000 0.000000
0.999836 0.018130 0.000000 20.795910 -0.018130 0.999836 0.000000 -0.087962 0.000000 0.000000 1.000000 0.000000
0.999769 0.021485 0.000000 22.301470 -0.021485 0.999769 0.000000 -0.133385 0.000000 0.000000 1.000000 0.000000
0.999722 0.023571 0.000000 23.735684 -0.023571 0.999722 0.000000 -0.180668 0.000000 0.000000 1.000000 0.000000
0.999618 0.027639 0.000000 25.264092 -0.027639 0.999618 0.000000 -0.177242 0.000000 0.000000 1.000000 0.000000
0.999462 0.032798 0.000000 26.754313 -0.032798 0.999462 0.000000 -0.214143 0.000000 0.000000 1.000000 0.000000
0.999281 0.037924 0.000000 28.184039 -0.037924 0.999281 0.000000 -0.304262 0.000000 0.000000 1.000000 0.000000
0.999116 0.042044 0.000000 29.617540 -0.042044 0.999116 0.000000 -0.318398 0.000000 0.000000 1.000000 0.000000
0.998945 0.045931 0.000000 31.104234 -0.045931 0.998945 0.000000 -0.363460 0.000000 0.000000 1.000000 0.000000
0.998721 0.050562 0.000000 32.568272 -0.050562 0.998721 0.000000 -0.403018 0.000000 0.000000 1.000000 0.000000
0.998486 0.055010 0.000000 34.002072 -0.055010 0.998486 0.000000 -0.497925 0.000000 0.000000 1.000000 0.000000
0.998182 0.060273 0.000000 35.426824 -0.060273 0.998182 0.000000 -0.575482 0.000000 0.000000 1.000000 0.000000
0.997972 0.063659 0.000000 36.781562 -0.063659 0.997972 0.000000 -0.649769 0.000000 0.000000 1.000000 0.000000
0.997653 0.068472 0.000000 38.222594 -0.068472 0.997653 0.000000 -0.765849 0.000000 0.000000 1.000000 0.000000
0.997198 0.074812 0.000000 39.603061 -0.074812 0.997198 0.000000 -0.906420 0.000000 0.000000 1.000000 0.000000
0.996786 0.080109 0.000000 40.994047 -0.080109 0.996786 0.000000 -0.971810 0.000000 0.000000 1.000000 0.000000
0.996343 0.085449 0.000000 42.377167 -0.085449 0.996343 0.000000 -1.088715 0.000000 0.000000 1.000000 0.000000
0.995816 0.091379 0.000000 43.815703 -0.091379 0.995816 0.000000 -1.235744 0.000000 0.000000 1.000000 0.000000
0.995548 0.094251 0.000000 45.226703 -0.094251 0.995548 0.000000 -1.394897 0.000000 0.000000 1.000000 0.000000
0.994993 0.099948 0.000000 46.636845 -0.099948 0.994993 0.000000 -1.492676 0.000000 0.000000 1.000000 0.000000
0.994496 0.104771 0.000000 48.095563 -0.104771 0.994496 0.000000 -1.630775 0.000000 0.000000 1.000000 0.000000
0.994219 0.107374 0.000000 49.572918 -0.107374 0.994219 0.000000 -1.805330 0.000000 0.000000 1.000000 0.000000
0.993890 0.110375 0.000000 51.088284 -0.110375 0.993890 0.000000 -1.954833 0.000000 0.000000 1.000000 0.000000
0.993420 0.114532 0.000000 52.580977 -0.114532 0.993420 0.000000 -2.093562 0.000000 0.000000 1.000000 0.000000
0.993049 0.117703 0.000000 54.072110 -0.117703 0.993049 0.000000 -2.299523 0.000000 0.000000 1.000000 0.000000
0.992601 0.121419 0.000000 55.616102 -0.121419 0.992601 0.000000 -2.432626 0.000000 0.000000 1.000000 0.000000
0.992324 0.123665 0.000000 57.142058 -0.123665 0.992324 0.000000 -2.617728 0.000000 0.000000 1.000000 0.000000
0.992313 0.123754 0.000000 58.742217 -0.123754 0.992313 0.000000 -2.827493 0.000000 0.000000 1.000000 0.000000
0.992251 0.124247 0.000000 60.403619 -0.124247 0.992251 0.000000 -3.002485 0.000000 0.000000 1.000000 0.000000
0.992431 0.122803 0.000000 62.015822 -0.122803 0.992431 0.000000 -3.157436 0.000000 0.000000 1.000000 0.000000
0.992529 0.122007 0.000000 63.718379 -0.122007 0.992529 0.000000 -3.370989 0.000000 0.000000 1.000000 0.000000
0.992557 0.121777 0.000000 65.425696 -0.121777 0.992557 0.000000 -3.567820 0.000000 0.000000 1.000000 0.000000
0.992572 0.121662 0.000000 67.158464 -0.121662 0.992572 0.000000 -3.756522 0.000000 0.000000 1.000000 0.000000
0.992561 0.121747 0.000000 68.917425 -0.121747 0.992561 0.000000 -3.962035 0.000000 0.000000 1.000000 0.000000
0.992583 0.121569 0.000000 70.695968 -0.121569 0.992583 0.000000 -4.174223 0.000000 0.000000 1.000000 0.000000
0.992516 0.122112 0.000000 72.519952 -0.122112 0.992516 0.000000 -4.392122 0.000000 0.000000 1.000000 0.000000
0.992504 0.122212 0.000000 74.347395 -0.122212 0.992504 0.000000 -4.639647 0.000000 0.000000 1.000000 0.000000
0.992594 0.121478 0.000000 76.200486 -0.121478 0.992594 0.000000 -4.834011 0.000000 0.000000 1.000000 0.000000
0.992843 0.119428 0.000000 78.077308 -0.119428 0.992843 0.000000 -5.085644 0.000000 0.000000 1.000000 0.000000
0.993337 0.115249 0.000000 79.946960 -0.115249 0.993337 0.000000 -5.266551 0.000000 0.000000 1.000000 0.000000
0.993655 0.112472 0.000000 81.892175 -0.112472 0.993655 0.000000 -5.466495 0.000000 0.000000 1.000000 0.000000
0.994027 0.109139 0.000000 83.811304 -0.109139 0.994027 0.000000 -5.636335 0.000000 0.000000 1.000000 0.000000
0.994310 0.106523 0.000000 85.713829 -0.106523 0.994310 0.000000 -5.866267 0.000000 0.000000 1.000000 0.000000
0.994527 0.104483 0.000000 87.615124 -0.104483 0.994527 0.000000 -6.030006 0.000000 0.000000 1.000000 0.000000
0.994914 0.100725 0.000000 89.521977 -0.100725 0.994914 0.000000 -6.279441 0.000000 0.000000 1.000000 0.000000
0.995109 0.098784 0.000000 91.415654 -0.098784 0.995109 0.000000 -6.442176 0.000000 0.000000 1.000000 0.000000
0.995091 0.098960 0.000000 93.277980 -0.098960 0.995091 0.000000 -6.619341 0.000000 0.000000 1.000000 0.000000
0.995061 0.099267 0.000000 95.132906 -0.099267 0.995061 0.000000 -6.764011 0.000000 0.000000 1.000000 0.000000
0.994948 0.100396 0.000000 96.944209 -0.100396 0.994948 0.000000 -6.952772 0.000000 0.000000 1.000000 0.000000
0.994911 0.100761 0.000000 98.724427 -0.100761 0.994911 0.000000 -7.134489 0.000000 0.000000 1.000000 0.000000
0.994758 0.102257 0.000000 100.538382 -0.102257 0.994758 0.000000 -7.275110 0.000000 0.000000 1.000000 0.000000
0.994725 0.102577 0.000000 102.237605 -0.102577 0.994725 0.000000 -7.481022 0.000000 0.000000 1.000000 0.000000
0.994788 0.101964 0.000000 103.875774 -0.101964 0.994788 0.000000 -7.708534 0.000000 0.000000 1.000000 0.000000
0.994748 0.102356 0.000000 105.697542 -0.102356 0.994748 0.000000 -7.875664 0.000000 0.000000 1.000000 0.000000
0.995060 0.099280 0.000000 107.586874 -0.099280 0.995060 0.000000 -7.968606 0.000000 0.000000 1.000000 0.000000
0.994742 0.102411 0.000000 109.132225 -0.102411 0.994742 0.000000 -8.195887 0.000000 0.000000 1.000000 0.000000
0.994759 0.102248 0.000000 110.850614 -0.102248 0.994759 0.000000 -8.353971 0.000000 0.000000 1.000000 0.000000
0.994755 0.102286 0.000000 112.650362 -0.102286 0.994755 0.000000 -8.504755 0.000000 0.000000 1.000000 0.000000
0.994809 0.101759 0.000000 114.393339 -0.101759 0.994809 0.000000 -8.688570 0.000000 0.000000 1.000000 0.000000
0.994833 0.101529 0.000000 116.079908 -0.101529 0.994833 0.000000 -8.906647 0.000000 0.000000 1.000000 0.000000
0.994839 0.101466 0.000000 117.871454 -0.101466 0.994839 0.000000 -9.070369 0.000000 0.000000 1.000000 0.000000
0.994933 0.100545 0.000000 119.591428 -0.100545 0.994933 0.000000 -9.312368 0.000000 0.000000 1.000000 0.000000
0.995068 0.099194 0.000000 121.430987 -0.099194 0.995068 0.000000 -9.523817 0.000000 0.000000 1.000000 0.000000
0.995179 0.098076 0.000000 123.229103 -0.098076 0.995179 0.000000 -9.686888 0.000000 0.000000 1.000000 0.000000
0.995300 0.096839 0.000000 125.111808 -0.096839 0.995300 0.000000 -9.817872 0.000000 0.000000 1.000000 0.000000
0.995749 0.092108 0.000000 126.923594 -0.092108 0.995749 0.000000 -9.982557 0.000000 0.000000 1.000000 0.000000
0.996197 0.087125 0.000000 128.752998 -0.087125 0.996197 0.000000 -10.163093 0.000000 0.000000 1.000000 0.000000
0.996588 0.082537 0.000000 130.651395 -0.082537 0.996588 0.000000 -10.264924 0.000000 0.000000 1.000000 0.000000
0.997058 0.076652 0.000000 132.490150 -0.076652 0.997058 0.000000 -10.411389 0.000000 0.000000 1.000000 0.000000
0.997538 0.070125 0.000000 134.329947 -0.070125 0.997538 0.000000 -10.548556 0.000000 0.000000 1.000000 0.000000
0.997963 0.063799 0.000000 136.094510 -0.063799 0.997963 0.000000 -10.675137 0.000000 0.000000 1.000000 0.000000
0.998249 0.059151 0.000000 137.912874 -0.059151 0.998249 0.000000 -10.757761 0.000000 0.000000 1.000000 0.000000
0.998510 0.054566 0.000000 139.659850 -0.054566 0.998510 0.000000 -10.849188 0.000000 0.000000 1.000000 0.000000
0.998709 0.050790 0.000000 141.419640 -0.050790 0.998709 0.000000 -10.929016 0.000000 0.000000 1.000000 0.000000
0.998855 0.047832 0.000000 143.246294 -0.047832 0.998855 0.000000 -11.026977 0.000000 0.000000 1.000000 0.000000
0.998997 0.044781 0.000000 145.130704 -0.044781 0.998997 0.000000 -11.047642 0.000000 0.000000 1.000000 0.000000
0.999000 0.044712 0.000000 146.887170 -0.044712 0.999000 0.000000 -11.142178 0.000000 0.000000 1.000000 0.000000
0.999023 0.044183 0.000000 148.704782 -0.044183 0.999023 0.000000 -11.245052 0.000000 0.000000 1.000000 0.000000
0.999020 0.044252 0.000000 150.635519 -0.044252 0.999020 0.000000 -11.319478 0.000000 0.000000 1.000000 0.000000
0.999001 0.044678 0.000000 152.499961 -0.044678 0.999001 0.000000 -11.368115 0.000000 0.000000 1.000000 0.000000
0.998955 0.045698 0.000000 154.437131 -0.045698 0.998955 0.000000 -11.440132 0.000000 0.000000 1.000000 0.000000
0.998920 0.046468 0.000000 156.351215 -0.046468 0.998920 0.000000 -11.503292 0.000000 0.000000 1.000000 0.000000
0.998886 0.047192 0.000000 158.334050 -0.047192 0.998886 0.000000 -11.633747 0.000000 0.000000 1.000000 0.000000
0.998758 0.049829 0.000000 160.333321 -0.049829 0.998758 0.000000 -11.698748 0.000000 0.000000 1.000000 0.000000
0.998622 0.052477 0.000000 162.263731 -0.052477 0.998622 0.000000 -11.781851 0.000000 0.000000 1.000000 0.000000
0.998502 0.054715 0.000000 164.294669 -0.054715 0.998502 0.000000 -11.942826 0.000000 0.000000 1.000000 0.000000
0.998315 0.058035 0.000000 166.310783 -0.058035 0.998315 0.000000 -12.051290 0.000000 0.000000 1.000000 0.000000
0.997899 0.064788 0.000000 168.349861 -0.064788 0.997899 0.000000 -12.144789 0.000000 0.000000 1.000000 0.000000
0.997312 0.073268 0.000000 170.381761 -0.073268 0.997312 0.000000 -12.319600 0.000000 0.000000 1.000000 0.000000
0.996633 0.081998 0.000000 172.450345 -0.081998 0.996633 0.000000 -12.495012 0.000000 0.000000 1.000000 0.000000
0.995944 0.089974 0.000000 174.515337 -0.089974 0.995944 0.000000 -12.676221 0.000000 0.000000 1.000000 0.000000
0.995292 0.096925 0.000000 176.545148 -0.096925 0.995292 0.000000 -12.888412 0.000000 0.000000 1.000000 0.000000
0.995012 0.099757 0.000000 178.551596 -0.099757 0.995012 0.000000 -13.104845 0.000000 0.000000 1.000000 0.000000
0.995016 0.099714 0.000000 180.581371 -0.099714 0.995016 0.000000 -13.289530 0.000000 0.000000 1.000000 0.000000
0.994914 0.100727 0.000000 182.569050 -0.100727 0.994914 0.000000 -13.536110 0.000000 0.000000 1.000000 0.000000
0.995011 0.099762 0.000000 184.457540 -0.099762 0.995011 0.000000 -13.760222 0.000000 0.000000 1.000000 0.000000
0.995125 0.098619 0.000000 186.376200 -0.098619 0.995125 0.000000 -14.030909 0.000000 0.000000 1.000000 0.000000
0.995451 0.095276 0.000000 188.501650 -0.095276 0.995451 0.000000 -13.988669 0.000000 0.000000 1.000000 0.000000
0.995811 0.091437 0.000000 190.209088 -0.091437 0.995811 0.000000 -14.294288 0.000000 0.000000 1.000000 0.000000
0.996283 0.086139 0.000000 192.186156 -0.086139 0.996283 0.000000 -14.431449 0.000000 0.000000 1.000000 0.000000
0.996586 0.082559 0.000000 194.264466 -0.082559 0.996586 0.000000 -14.565944 0.000000 0.000000 1.000000 0.000000
0.996598 0.082417 0.000000 196.214664 -0.082417 0.996598 0.000000 -14.772957 0.000000 0.000000 1.000000 0.000000
0.996685 0.081359 0.000000 198.201863 -0.081359 0.996685 0.000000 -14.888634 0.000000 0.000000 1.000000 0.000000
0.996852 0.079288 0.000000 200.259148 -0.079288 0.996852 0.000000 -15.015854 0.000000 0.000000 1.000000 0.000000
0.997037 0.076919 0.000000 202.284481 -0.076919 0.997037 0.000000 -15.191117 0.000000 0.000000 1.000000 0.000000
0.997128 0.075740 0.000000 204.355189 -0.075740 0.997128 0.000000 -15.314833 0.000000 0.000000 1.000000 0.000000
0.997212 0.074617 0.000000 206.455303 -0.074617 0.997212 0.000000 -15.459399 0.000000 0.000000 1.000000 0.000000
0.997393 0.072166 0.000000 208.532501 -0.072166 0.997393 0.000000 -15.637883 0.000000 0.000000 1.000000 0.000000
0.997499 0.070688 0.000000 210.627098 -0.070688 0.997499 0.000000 -15.764081 0.000000 0.000000 1.000000 0.000000
0.997670 0.068221 0.000000 212.712089 -0.068221 0.997670 0.000000 -15.924520 0.000000 0.000000 1.000000 0.000000
0.997864 0.065327 0.000000 214.817599 -0.065327 0.997864 0.000000 -16.073604 0.000000 0.000000 1.000000 0.000000
0.998089 0.061796 0.000000 216.895985 -0.061796 0.998089 0.000000 -16.227679 0.000000 0.000000 1.000000 0.000000
0.998354 0.057357 0.000000 218.931262 -0.057357 0.998354 0.000000 -16.311680 0.000000 0.000000 1.000000 0.000000
0.998504 0.054670 0.000000 220.991388 -0.054670 0.998504 0.000000 -16.391236 0.000000 0.000000 1.000000 0.000000
0.998634 0.052248 0.000000 222.946292 -0.052248 0.998634 0.000000 -16.502301 0.000000 0.000000 1.000000 0.000000
0.998670 0.051562 0.000000 224.909708 -0.051562 0.998670 0.000000 -16.619026 0.000000 0.000000 1.000000 0.000000
0.998777 0.049451 0.000000 226.867721 -0.049451 0.998777 0.000000 -16.678825 0.000000 0.000000 1.000000 0.000000
0.998819 0.048590 0.000000 228.779221 -0.048590 0.998819 0.000000 -16.774967 0.000000 0.000000 1.000000 0.000000
0.998893 0.047031 0.000000 230.642926 -0.047031 0.998893 0.000000 -16.837612 0.000000 0.000000 1.000000 0.000000
0.998944 0.045936 0.000000 232.466222 -0.045936 0.998944 0.000000 -16.909042 0.000000 0.000000 1.000000 0.000000
0.999073 0.043055 0.000000 234.310469 -0.043055 0.999073 0.000000 -16.971075 0.000000 0.000000 1.000000 0.000000
0.999013 0.044410 0.000000 236.138088 -0.044410 0.999013 0.000000 -17.012386 0.000000 0.000000 1.000000 0.000000
0.999104 0.042330 0.000000 238.004206 -0.042330 0.999104 0.000000 -17.123064 0.000000 0.000000 1.000000 0.000000
0.999169 0.040763 0.000000 240.069829 -0.040763 0.999169 0.000000 -17.289621 0.000000 0.000000 1.000000 0.000000
0.999267 0.038283 0.000000 241.822371 -0.038283 0.999267 0.000000 -17.268321 0.000000 0.000000 1.000000 0.000000
0.999251 0.038705 0.000000 243.707685 -0.038705 0.999251 0.000000 -17.304880 0.000000 0.000000 1.000000 0.000000
0.999341 0.036304 0.000000 245.680167 -0.036304 0.999341 0.000000 -17.329496 0.000000 0.000000 1.000000 0.000000
0.999500 0.031621 0.000000 247.675067 -0.031621 0.999500 0.000000 -17.392390 0.000000 0.000000 1.000000 0.000000
0.999678 0.025380 0.000000 249.694266 -0.025380 0.999678 0.000000 -17.438032 0.000000 0.000000 1.000000 0.000000
0.999832 0.018322 0.000000 251.704495 -0.018322 0.999832 0.000000 -17.470543 0.000000 0.000000 1.000000 0.000000
0.999929 0.011926 0.000000 253.756581 -0.011926 0.999929 0.000000 -17.515633 0.000000 0.000000 1.000000 0.000000
0.999983 0.005869 0.000000 255.839394 -0.005869 0.999983 0.000000 -17.489793 0.000000 0.000000 1.000000 0.000000
1.000000 -0.000269 0.000000 257.943790 0.000269 1.000000 0.000000 -17.496040 0.000000 0.000000 1.000000 0.000000
0.999976 -0.006915 0.000000 260.059677 0.006915 0.999976 0.000000 -17.453556 0.000000 0.000000 1.000000 0.000000
0.999919 -0.012732 0.000000 262.204723 0.012732 0.999919 0.000000 -17.399927 0.000000 0.000000 1.000000 0.000000
0.999829 -0.018487 0.000000 264.401464 0.018487 0.999829 0.000000 -17.358837 0.000000 0.000000 1.000000 0.000000
0.999750 -0.022350 0.000000 266.590403 0.022350 0.999750 0.000000 -17.236732 0.000000 0.000000 1.000000 0.000000
0.999739 -0.022831 0.000000 268.771181 0.022831 0.999739 0.000000 -17.202493 0.000000 0.000000 1.000000 0.000000
0.999742 -0.022736 0.000000 270.986481 0.022736 0.999742 0.000000 -17.176859 0.000000 0.000000 1.000000 0.000000
0.999736 -0.022994 0.000000 273.144894 0.022994 0.999736 0.000000 -17.123307 0.000000 0.000000 1.000000 0.000000
0.999736 -0.022979 0.000000 275.342265 0.022979 0.999736 0.000000 -17.045971 0.000000 0.000000 1.000000 0.000000
0.999770 -0.021460 0.000000 277.558198 0.021460 0.999770 0.000000 -16.978011 0.000000 0.000000 1.000000 0.000000
0.999799 -0.020025 0.000000 279.820333 0.020025 0.999799 0.000000 -16.952292 0.000000 0.000000 1.000000 0.000000
0.999847 -0.017499 0.000000 281.964684 0.017499 0.999847 0.000000 -16.885715 0.000000 0.000000 1.000000 0.000000
0.999880 -0.015491 0.000000 284.155313 0.015491 0.999880 0.000000 -16.833560 0.000000 0.000000 1.000000 0.000000
0.999873 -0.015935 0.000000 286.352768 0.015935 0.999873 0.000000 -16.789527 0.000000 0.000000 1.000000 0.000000
0.999858 -0.016864 0.000000 288.485416 0.016864 0.999858 0.000000 -16.734682 0.000000 0.000000 1.000000 0.000000
0.999848 -0.017421 0.000000 290.615476 0.017421 0.999848 0.000000 -16.700381 0.000000 0.000000 1.000000 0.000000
0.999856 -0.016965 0.000000 292.733883 0.016965 0.999856 0.000000 -16.651776 0.000000 0.000000 1.000000 0.000000
0.999857 -0.016924 0.000000 294.774059 0.016924 0.999857 0.000000 -16.622711 0.000000 0.000000 1.000000 0.000000
0.999841 -0.017813 0.000000 296.980549 0.017813 0.999841 0.000000 -16.510760 0.000000 0.000000 1.000000 0.000000
0.999811 -0.019450 0.000000 299.176681 0.019450 0.999811 0.000000 -16.431191 0.000000 0.000000 1.000000 0.000000
0.999768 -0.021533 0.000000 301.271809 0.021533 0.999768 0.000000 -16.430901 0.000000 0.000000 1.000000 0.000000
0.999755 -0.022126 0.000000 303.479532 0.022126 0.999755 0.000000 -16.351538 0.000000 0.000000 1.000000 0.000000
0.999729 -0.023263 0.000000 305.679784 0.023263 0.999729 0.000000 -16.294230 0.000000 0.000000 1.000000 0.000000
0.999700 -0.024510 0.000000 307.927562 0.024510 0.999700 0.000000 -16.227358 0.000000 0.000000 1.000000 0.000000
0.999669 -0.025714 0.000000 310.169836 0.025714 0.999669 0.000000 -16.216272 0.000000 0.000000 1.000000 0.000000
0.999623 -0.027461 0.000000 312.396670 0.027461 0.999623 0.000000 -16.123727 0.000000 0.000000 1.000000 0.000000
0.999563 -0.029545 0.000000 314.646984 0.029545 0.999563 0.000000 -15.997732 0.000000 0.000000 1.000000 0.000000
0.999462 -0.032805 0.000000 316.900466 0.032805 0.999462 0.000000 -15.941289 0.000000 0.000000 1.000000 0.000000
0.999346 -0.036156 0.000000 319.152548 0.036156 0.999346 0.000000 -15.904709 0.000000 0.000000 1.000000 0.000000
0.999195 -0.040107 0.000000 321.361180 0.040107 0.999195 0.000000 -15.765365 0.000000 0.000000 1.000000 0.000000
0.999056 -0.043440 0.000000 323.591651 0.043440 0.999056 0.000000 -15.653150 0.000000 0.000000 1.000000 0.000000
0.998867 -0.047596 0.000000 325.778809 0.047596 0.998867 0.000000 -15.555045 0.000000 0.000000 1.000000 0.000000
0.998670 -0.051567 0.000000 327.977319 0.051567 0.998670 0.000000 -15.461251 0.000000 0.000000 1.000000 0.000000
0.998527 -0.054264 0.000000 330.101946 0.054264 0.998527 0.000000 -15.340581 0.000000 0.000000 1.000000 0.000000
0.998360 -0.057245 0.000000 332.151632 0.057245 0.998360 0.000000 -15.176227 0.000000 0.000000 1.000000 0.000000
0.998168 -0.060509 0.000000 334.275020 0.060509 0.998168 0.000000 -15.089428 0.000000 0.000000 1.000000 0.000000
0.997861 -0.065374 0.000000 336.379854 0.065374 0.997861 0.000000 -14.901431 0.000000 0.000000 1.000000 0.000000
0.997328 -0.073056 0.000000 338.395549 0.073056 0.997328 0.000000 -14.748080 0.000000 0.000000 1.000000 0.000000
0.996754 -0.080502 0.000000 340.485564 0.080502 0.996754 0.000000 -14.575445 0.000000 0.000000 1.000000 0.000000
0.996195 -0.087154 0.000000 342.544743 0.087154 0.996195 0.000000 -14.417192 0.000000 0.000000 1.000000 0.000000
0.995725 -0.092370 0.000000 344.578847 0.092370 0.995725 0.000000 -14.180797 0.000000 0.000000 1.000000 0.000000
0.995100 -0.098874 0.000000 346.602538 0.098874 0.995100 0.000000 -13.978328 0.000000 0.000000 1.000000 0.000000
0.994600 -0.103782 0.000000 348.665833 0.103782 0.994600 0.000000 -13.787838 0.000000 0.000000 1.000000 0.000000
0.994350 -0.106153 0.000000 350.679711 0.106153 0.994350 0.000000 -13.514084 0.000000 0.000000 1.000000 0.000000
0.994205 -0.107502 0.000000 352.682058 0.107502 0.994205 0.000000 -13.282230 0.000000 0.000000 1.000000 0.000000
0.994186 -0.107679 0.000000 354.710319 0.107679 0.994186 0.000000 -13.031185 0.000000 0.000000 1.000000 0.000000
0.993979 -0.109567 0.000000 356.636336 0.109567 0.993979 0.000000 -12.818917 0.000000 0.000000 1.000000 0.000000
0.993948 -0.109852 0.000000 358.621720 0.109852 0.993948 0.000000 -12.592800 0.000000 0.000000 1.000000 0.000000
0.993693 -0.112131 0.000000 360.534474 0.112131 0.993693 0.000000 -12.306722 0.000000 0.000000 1.000000 0.000000
0.993444 -0.114320 0.000000 362.472737 0.114320 0.993444 0.000000 -12.112114 0.000000 0.000000 1.000000 0.000000
0.993144 -0.116894 0.000000 364.386192 0.116894 0.993144 0.000000 -11.879440 0.000000 0.000000 1.000000 0.000000
0.992747 -0.120223 0.000000 366.306555 0.120223 0.992747 0.000000 -11.642749 0.000000 0.000000 1.000000 0.000000
0.992279 -0.124029 0.000000 368.243853 0.124029 0.992279 0.000000 -11.445894 0.000000 0.000000 1.000000 0.000000
0.991849 -0.127422 0.000000 370.263146 0.127422 0.991849 0.000000 -11.136897 0.000000 0.000000 1.000000 0.000000
0.991353 -0.131225 0.000000 372.171819 0.131225 0.991353 0.000000 -10.955242 0.000000 0.000000 1.000000 0.000000
0.991261 -0.131918 0.000000 374.193172 0.131918 0.991261 0.000000 -10.613880 0.000000 0.000000 1.000000 0.000000
0.991016 -0.133742 0.000000 376.217503 0.133742 0.991016 0.000000 -10.309119 0.000000 0.000000 1.000000 0.000000
0.990899 -0.134610 0.000000 378.264259 0.134610 0.990899 0.000000 -9.964317 0.000000 0.000000 1.000000 0.000000
0.990917 -0.134473 0.000000 380.355152 0.134473 0.990917 0.000000 -9.737536 0.000000 0.000000 1.000000 0.000000
0.991245 -0.132032 0.000000 382.388384 0.132032 0.991245 0.000000 -9.436420 0.000000 0.000000 1.000000 0.000000
0.991547 -0.129745 0.000000 384.442775 0.129745 0.991547 0.000000 -9.110544 0.000000 0.000000 1.000000 0.000000
0.991897 -0.127041 0.000000 386.553839 0.127041 0.991897 0.000000 -8.826916 0.000000 0.000000 1.000000 0.000000
0.992365 -0.123336 0.000000 388.583014 0.123336 0.992365 0.000000 -8.572466 0.000000 0.000000 1.000000 0.000000
0.992884 -0.119087 0.000000 390.622927 0.119087 0.992884 0.000000 -8.331152 0.000000 0.000000 1.000000 0.000000
0.993252 -0.115975 0.000000 392.619727 0.115975 0.993252 0.000000 -8.061725 0.000000 0.000000 1.000000 0.000000
0.993343 -0.115193 0.000000 394.620777 0.115193 0.993343 0.000000 -7.834912 0.000000 0.000000 1.000000 0.000000
0.993063 -0.117583 0.000000 396.570382 0.117583 0.993063 0.000000 -7.606031 0.000000 0.000000 1.000000 0.000000
0.992900 -0.118954 0.000000 398.472794 0.118954 0.992900 0.000000 -7.354793 0.000000 0.000000 1.000000 0.000000
0.992604 -0.121399 0.000000 400.456897 0.121399 0.992604 0.000000 -7.151688 0.000000 0.000000 1.000000 0.000000
0.992230 -0.124419 0.000000 402.424157 0.124419 0.992230 0.000000 -6.820293 0.000000 0.000000 1.000000 0.000000
0.992134 -0.125180 0.000000 404.307091 0.125180 0.992134 0.000000 -6.603662 0.000000 0.000000 1.000000 0.000000
0.991388 -0.130960 0.000000 406.268843 0.130960 0.991388 0.000000 -6.286838 0.000000 0.000000 1.000000 0.000000
0.990916 -0.134482 0.000000 408.267283 0.134482 0.990916 0.000000 -6.032162 0.000000 0.000000 1.000000 0.000000
0.990376 -0.138404 0.000000 410.328063 0.138404 0.990376 0.000000 -5.726298 0.000000 0.000000 1.000000 0.000000
0.989903 -0.141749 0.000000 412.345429 0.141749 0.989903 0.000000 -5.423167 0.000000 0.000000 1.000000 0.000000
0.989021 -0.147774 0.000000 414.411419 0.147774 0.989021 0.000000 -5.107771 0.000000 0.000000 1.000000 0.000000
0.988087 -0.153894 0.000000 416.468921 0.153894 0.988087 0.000000 -4.813855 0.000000 0.000000 1.000000 0.000000
0.986910 -0.161272 0.000000 418.529317 0.161272 0.986910 0.000000 -4.430868 0.000000 0.000000 1.000000 0.000000
0.985792 -0.167970 0.000000 420.629322 0.167970 0.985792 0.000000 -4.109862 0.000000 0.000000 1.000000 0.000000
0.983817 -0.179175 0.000000 422.733590 0.179175 0.983817 0.000000 -3.663613 0.000000 0.000000 1.000000 0.000000
0.981829 -0.189766 0.000000 424.865476 0.189766 0.981829 0.000000 -3.259220 0.000000 0.000000 1.000000 0.000000
0.979806 -0.199948 0.000000 427.046176 0.199948 0.979806 0.000000 -2.859808 0.000000 0.000000 1.000000 0.000000
0.977808 -0.209504 0.000000 429.172611 0.209504 0.977808 0.000000 -2.355709 0.000000 0.000000 1.000000 0.000000
0.976027 -0.217648 0.000000 431.338663 0.217648 0.976027 0.000000 -1.862890 0.000000 0.000000 1.000000 0.000000
0.974126 -0.226005 0.000000 433.453639 0.226005 0.974126 0.000000 -1.363523 0.000000 0.000000 1.000000 0.000000
0.972200 -0.234154 0.000000 435.598103 0.234154 0.972200 0.000000 -0.870456 0.000000 0.000000 1.000000 0.000000
0.970261 -0.242060 0.000000 437.771371 0.242060 0.970261 0.000000 -0.271321 0.000000 0.000000 1.000000 0.000000
0.968250 -0.249982 0.000000 439.878095 0.249982 0.968250 0.000000 0.219525 0.000000 0.000000 1.000000 0.000000
0.966304 -0.257405 0.000000 441.937239 0.257405 0.966304 0.000000 0.827778 0.000000 0.000000 1.000000 0.000000
0.964495 -0.264100 0.000000 444.015491 0.264100 0.964495 0.000000 1.361634 0.000000 0.000000 1.000000 0.000000
0.963442 -0.267917 0.000000 445.975339 0.267917 0.963442 0.000000 1.961833 0.000000 0.000000 1.000000 0.000000
0.962434 -0.271515 0.000000 447.908096 0.271515 0.962434 0.000000 2.463534 0.000000 0.000000 1.000000 0.000000
0.961533 -0.274691 0.000000 449.771156 0.274691 0.961533 0.000000 3.024729 0.000000 0.000000 1.000000 0.000000
0.960364 -0.278749 0.000000 451.473564 0.278749 0.960364 0.000000 3.536757 0.000000 0.000000 1.000000 0.000000
0.959458 -0.281852 0.000000 453.129745 0.281852 0.959458 0.000000 4.034853 0.000000 0.000000 1.000000 0.000000
0.958116 -0.286382 0.000000 454.778662 0.286382 0.958116 0.000000 4.516849 0.000000 0.000000 1.000000 0.000000
0.956763 -0.290869 0.000000 456.329456 0.290869 0.956763 0.000000 4.944357 0.000000 0.000000 1.000000 0.000000
0.955533 -0.294884 0.000000 457.932080 0.294884 0.955533 0.000000 5.412011 0.000000 0.000000 1.000000 0.000000
0.954511 -0.298177 0.000000 459.457929 0.298177 0.954511 0.000000 5.956465 0.000000 0.000000 1.000000 0.000000
0.952948 -0.303135 0.000000 461.108384 0.303135 0.952948 0.000000 6.402010 0.000000 0.000000 1.000000 0.000000
0.951902 -0.306402 0.000000 462.499644 0.306402 0.951902 0.000000 6.883412 0.000000 0.000000 1.000000 0.000000
0.951142 -0.308752 0.000000 463.996777 0.308752 0.951142 0.000000 7.405273 0.000000 0.000000 1.000000 0.000000
0.950219 -0.311584 0.000000 465.497226 0.311584 0.950219 0.000000 7.892578 0.000000 0.000000 1.000000 0.000000
0.949377 -0.314140 0.000000 466.929663 0.314140 0.949377 0.000000 8.374753 0.000000 0.000000 1.000000 0.000000
0.948942 -0.315452 0.000000 468.406247 0.315452 0.948942 0.000000 8.871080 0.000000 0.000000 1.000000 0.000000
0.948778 -0.315943 0.000000 469.770256 0.315943 0.948778 0.000000 9.365965 0.000000 0.000000 1.000000 0.000000
0.948908 -0.315554 0.000000 471.161240 0.315554 0.948908 0.000000 9.836654 0.000000 0.000000 1.000000 0.000000
0.949253 -0.314515 0.000000 472.434676 0.314515 0.949253 0.000000 10.245369 0.000000 0.000000 1.000000 0.000000
0.950709 -0.310085 0.000000 473.802923 0.310085 0.950709 0.000000 10.670031 0.000000 0.000000 1.000000 0.000000
0.955003 -0.296595 0.000000 475.083627 0.296595 0.955003 0.000000 11.061822 0.000000 0.000000 1.000000 0.000000
0.963230 -0.268679 0.000000 476.335263 0.268679 0.963230 0.000000 11.434129 0.000000 0.000000 1.000000 0.000000
0.973355 -0.229302 0.000000 477.564420 0.229302 0.973355 0.000000 11.681646 0.000000 0.000000 1.000000 0.000000
0.984508 -0.175340 0.000000 478.728826 0.175340 0.984508 0.000000 11.827225 0.000000 0.000000 1.000000 0.000000
0.994190 -0.107642 0.000000 479.958277 0.107642 0.994190 0.000000 11.859409 0.000000 0.000000 1.000000 0.000000
0.999747 -0.022487 0.000000 481.053518 0.022487 0.999747 0.000000 11.765333 0.000000 0.000000 1.000000 0.000000
0.997332 0.073005 0.000000 482.130118 -0.073005 0.997332 0.000000 11.602329 0.000000 0.000000 1.000000 0.000000
0.984425 0.175804 0.000000 483.148194 -0.175804 0.984425 0.000000 11.298853 0.000000 0.000000 1.000000 0.000000
0.959191 0.282759 0.000000 484.115789 -0.282759 0.959191 0.000000 10.945489 0.000000 0.000000 1.000000 0.000000
0.921799 0.387668 0.000000 485.017533 -0.387668 0.921799 0.000000 10.499407 0.000000 0.000000 1.000000 0.000000
0.870128 0.492825 0.000000 485.880982 -0.492825 0.870128 0.000000 9.830502 0.000000 0.000000 1.000000 0.000000
0.804726 0.593646 0.000000 486.650806 -0.593646 0.804726 0.000000 9.165170 0.000000 0.000000 1.000000 0.000000
0.723892 0.689914 0.000000 487.314761 -0.689914 0.723892 0.000000 8.333210 0.000000 0.000000 1.000000 0.000000
0.629828 0.776735 0.000000 487.890555 -0.776735 0.629828 0.000000 7.464973 0.000000 0.000000 1.000000 0.000000
0.522811 0.852449 0.000000 488.363402 -0.852449 0.522811 0.000000 6.463193 0.000000 0.000000 1.000000 0.000000
0.407627 0.913148 0.000000 488.630620 -0.913148 0.407627 0.000000 5.474835 0.000000 0.000000 1.000000 0.000000
0.290872 0.956762 0.000000 488.824429 -0.956762 0.290872 0.000000 4.460569 0.000000 0.000000 1.000000 0.000000
0.192925 0.981213 0.000000 488.833548 -0.981213 0.192925 0.000000 3.406267 0.000000 0.000000 1.000000 0.000000
0.128953 0.991651 0.000000 488.905388 -0.991651 0.128953 0.000000 2.296142 0.000000 0.000000 1.000000 0.000000
0.093838 0.995587 0.000000 489.051286 -0.995587 0.093838 0.000000 0.981882 0.000000 0.000000 1.000000 0.000000
0.070192 0.997533 0.000000 489.291261 -0.997533 0.070192 0.000000 -0.565766 0.000000 0.000000 1.000000 0.000000
0.047409 0.998876 0.000000 489.356261 -0.998876 0.047409 0.000000 -1.929869 0.000000 0.000000 1.000000 0.000000
0.026960 0.999637 0.000000 489.353452 -0.999637 0.026960 0.000000 -3.309652 0.000000 0.000000 1.000000 0.000000
0.013120 0.999914 0.000000 489.349780 -0.999914 0.013120 0.000000 -4.690498 0.000000 0.000000 1.000000 0.000000
0.004238 0.999991 0.000000 489.368335 -0.999991 0.004238 0.000000 -6.237451 0.000000 0.000000 1.000000 0.000000
-0.003875 0.999992 0.000000 489.356675 -0.999992 -0.003875 0.000000 -7.821752 0.000000 0.000000 1.000000 0.000000
-0.007373 0.999973 0.000000 489.409305 -0.999973 -0.007373 0.000000 -9.365431 0.000000 0.000000 1.000000 0.000000
-0.008571 0.999963 0.000000 489.409183 -0.999963 -0.008571 0.000000 -11.001105 0.000000 0.000000 1.000000 0.000000
-0.007071 0.999975 0.000000 489.385609 -0.999975 -0.007071 0.000000 -12.696337 0.000000 0.000000 1.000000 0.000000
-0.005514 0.999985 0.000000 489.422874 -0.999985 -0.005514 0.000000 -14.429661 0.000000 0.000000 1.000000 0.000000
-0.003795 0.999993 0.000000 489.388551 -0.999993 -0.003795 0.000000 -16.213511 0.000000 0.000000 1.000000 0.000000
-0.001767 0.999998 0.000000 489.331358 -0.999998 -0.001767 0.000000 -17.991311 0.000000 0.000000 1.000000 0.000000
-0.001130 0.999999 0.000000 489.357794 -0.999999 -0.001130 0.000000 -19.849667 0.000000 0.000000 1.000000 0.000000
-0.000930 1.000000 0.000000 489.406002 -1.000000 -0.000930 0.000000 -21.736432 0.000000 0.000000 1.000000 0.000000
-0.001221 0.999999 0.000000 489.351988 -0.999999 -0.001221 0.000000 -23.655988 0.000000 0.000000 1.000000 0.000000
0.000262 1.000000 0.000000 489.419087 -1.000000 0.000262 0.000000 -25.561470 0.000000 0.000000 1.000000 0.000000
0.002495 0.999997 0.000000 489.424681 -0.999997 0.002495 0.000000 -27.563195 0.000000 0.000000 1.000000 0.000000
0.006011 0.999982 0.000000 489.400878 -0.999982 0.006011 0.000000 -29.622790 0.000000 0.000000 1.000000 0.000000
0.010810 0.999942 0.000000 489.448375 -0.999942 0.010810 0.000000 -31.706303 0.000000 0.000000 1.000000 0.000000
0.016797 0.999859 0.000000 489.434432 -0.999859 0.016797 0.000000 -33.762737 0.000000 0.000000 1.000000 0.000000
0.017405 0.999849 0.000000 489.440965 -0.999849 0.017405 0.000000 -35.887109 0.000000 0.000000 1.000000 0.000000
0.012230 0.999925 0.000000 489.491768 -0.999925 0.012230 0.000000 -37.954986 0.000000 0.000000 1.000000 0.000000
0.008350 0.999965 0.000000 489.472285 -0.999965 0.008350 0.000000 -40.083668 0.000000 0.000000 1.000000 0.000000
0.004956 0.999988 0.000000 489.498569 -0.999988 0.004956 0.000000 -42.196166 0.000000 0.000000 1.000000 0.000000
0.000793 1.000000 0.000000 489.516867 -1.000000 0.000793 0.000000 -44.295008 0.000000 0.000000 1.000000 0.000000
-0.002233 0.999998 0.000000 489.508007 -0.999998 -0.002233 0.000000 -46.452142 0.000000 0.000000 1.000000 0.000000
-0.003621 0.999993 0.000000 489.565227 -0.999993 -0.003621 0.000000 -48.543970 0.000000 0.000000 1.000000 0.000000
-0.000199 1.000000 0.000000 489.541066 -1.000000 -0.000199 0.000000 -50.727956 0.000000 0.000000 1.000000 0.000000
0.003472 0.999994 0.000000 489.537270 -0.999994 0.003472 0.000000 -52.775776 0.000000 0.000000 1.000000 0.000000
0.006413 0.999979 0.000000 489.577196 -0.999979 0.006413 0.000000 -54.831655 0.000000 0.000000 1.000000 0.000000
0.009582 0.999954 0.000000 489.587214 -0.999954 0.009582 0.000000 -56.850539 0.000000 0.000000 1.000000 0.000000
0.011192 0.999937 0.000000 489.583114 -0.999937 0.011192 0.000000 -58.755799 0.000000 0.000000 1.000000 0.000000
0.010401 0.999946 0.000000 489.649629 -0.999946 0.010401 0.000000 -60.632486 0.000000 0.000000 1.000000 0.000000
0.006830 0.999977 0.000000 489.673072 -0.999977 0.006830 0.000000 -62.383287 0.000000 0.000000 1.000000 0.000000
0.005017 0.999987 0.000000 489.677652 -0.999987 0.005017 0.000000 -63.981228 0.000000 0.000000 1.000000 0.000000
0.004093 0.999992 0.000000 489.703767 -0.999992 0.004093 0.000000 -65.652842 0.000000 0.000000 1.000000 0.000000
0.004253 0.999991 0.000000 489.686113 -0.999991 0.004253 0.000000 -67.220269 0.000000 0.000000 1.000000 0.000000
0.003251 0.999995 0.000000 489.725161 -0.999995 0.003251 0.000000 -68.830832 0.000000 0.000000 1.000000 0.000000
0.003943 0.999992 0.000000 489.687376 -0.999992 0.003943 0.000000 -70.358609 0.000000 0.000000 1.000000 0.000000
0.004851 0.999988 0.000000 489.687748 -0.999988 0.004851 0.000000 -71.821814 0.000000 0.000000 1.000000 0.000000
0.003716 0.999993 0.000000 489.811663 -0.999993 0.003716 0.000000 -73.454684 0.000000 0.000000 1.000000 0.000000
0.009293 0.999957 0.000000 489.732290 -0.999957 0.009293 0.000000 -75.167503 0.000000 0.000000 1.000000 0.000000
0.012848 0.999917 0.000000 489.750057 -0.999917 0.012848 0.000000 -76.571724 0.000000 0.000000 1.000000 0.000000
0.013107 0.999914 0.000000 489.807644 -0.999914 0.013107 0.000000 -78.152943 0.000000 0.000000 1.000000 0.000000
0.015442 0.999881 0.000000 489.794556 -0.999881 0.015442 0.000000 -79.758639 0.000000 0.000000 1.000000 0.000000
0.015300 0.999883 0.000000 489.853797 -0.999883 0.015300 0.000000 -81.454768 0.000000 0.000000 1.000000 0.000000
0.016078 0.999871 0.000000 489.894149 -0.999871 0.016078 0.000000 -83.074031 0.000000 0.000000 1.000000 0.000000
0.015809 0.999875 0.000000 489.963973 -0.999875 0.015809 0.000000 -84.755437 0.000000 0.000000 1.000000 0.000000
0.016364 0.999866 0.000000 489.981398 -0.999866 0.016364 0.000000 -86.431988 0.000000 0.000000 1.000000 0.000000
0.013987 0.999902 0.000000 490.030627 -0.999902 0.013987 0.000000 -88.065504 0.000000 0.000000 1.000000 0.000000
0.010131 0.999949 0.000000 490.019612 -0.999949 0.010131 0.000000 -89.711092 0.000000 0.000000 1.000000 0.000000
0.007953 0.999968 0.000000 490.043525 -0.999968 0.007953 0.000000 -91.321228 0.000000 0.000000 1.000000 0.000000
0.005637 0.999984 0.000000 490.034914 -0.999984 0.005637 0.000000 -92.927226 0.000000 0.000000 1.000000 0.000000
0.005209 0.999986 0.000000 490.034975 -0.999986 0.005209 0.000000 -94.553195 0.000000 0.000000 1.000000 0.000000
0.006166 0.999981 0.000000 490.087909 -0.999981 0.006166 0.000000 -96.145989 0.000000 0.000000 1.000000 0.000000
0.005802 0.999983 0.000000 490.055175 -0.999983 0.005802 0.000000 -97.752035 0.000000 0.000000 1.000000 0.000000
0.006294 0.999980 0.000000 490.090473 -0.999980 0.006294 0.000000 -99.276131 0.000000 0.000000 1.000000 0.000000
0.006114 0.999981 0.000000 489.995609 -0.999981 0.006114 0.000000 -100.786297 0.000000 0.000000 1.000000 0.000000
0.003576 0.999994 0.000000 490.137719 -0.999994 0.003576 0.000000 -102.397669 0.000000 0.000000 1.000000 0.000000
0.004806 0.999988 0.000000 490.035033 -0.999988 0.004806 0.000000 -104.120017 0.000000 0.000000 1.000000 0.000000
0.007813 0.999969 0.000000 490.144983 -0.999969 0.007813 0.000000 -105.507680 0.000000 0.000000 1.000000 0.000000
0.008623 0.999963 0.000000 490.262107 -0.999963 0.008623 0.000000 -107.056941 0.000000 0.000000 1.000000 0.000000
0.009405 0.999956 0.000000 490.233618 -0.999956 0.009405 0.000000 -108.719467 0.000000 0.000000 1.000000 0.000000
0.010132 0.999949 0.000000 490.232563 -0.999949 0.010132 0.000000 -110.261161 0.000000 0.000000 1.000000 0.000000
0.010487 0.999945 0.000000 490.213078 -0.999945 0.010487 0.000000 -111.895187 0.000000 0.000000 1.000000 0.000000
0.010771 0.999942 0.000000 490.284296 -0.999942 0.010771 0.000000 -113.444909 0.000000 0.000000 1.000000 0.000000
0.010749 0.999942 0.000000 490.285920 -0.999942 0.010749 0.000000 -115.059225 0.000000 0.000000 1.000000 0.000000
0.012033 0.999928 0.000000 490.262122 -0.999928 0.012033 0.000000 -116.641465 0.000000 0.000000 1.000000 0.000000
0.010757 0.999942 0.000000 490.206818 -0.999942 0.010757 0.000000 -118.223564 0.000000 0.000000 1.000000 0.000000
0.009996 0.999950 0.000000 490.314715 -0.999950 0.009996 0.000000 -119.883784 0.000000 0.000000 1.000000 0.000000
0.007279 0.999974 0.000000 490.366350 -0.999974 0.007279 0.000000 -121.516768 0.000000 0.000000 1.000000 0.000000
0.004045 0.999992 0.000000 490.266350 -0.999992 0.004045 0.000000 -123.115921 0.000000 0.000000 1.000000 0.000000
-0.000904 1.000000 0.000000 490.256355 -1.000000 -0.000904 0.000000 -124.758473 0.000000 0.000000 1.000000 0.000000
-0.004285 0.999991 0.000000 490.245310 -0.999991 -0.004285 0.000000 -126.476561 0.000000 0.000000 1.000000 0.000000
-0.008748 0.999962 0.000000 490.195282 -0.999962 -0.008748 0.000000 -128.119207 0.000000 0.000000 1.000000 0.000000
-0.016184 0.999869 0.000000 490.156388 -0.999869 -0.016184 0.000000 -129.786049 0.000000 0.000000 1.000000 0.000000
-0.025585 0.999673 0.000000 490.063050 -0.999673 -0.025585 0.000000 -131.386758 0.000000 0.000000 1.000000 0.000000
-0.039501 0.999220 0.000000 490.000165 -0.999220 -0.039501 0.000000 -133.021951 0.000000 0.000000 1.000000 0.000000
-0.062802 0.998026 0.000000 489.895102 -0.998026 -0.062802 0.000000 -134.647058 0.000000 0.000000 1.000000 0.000000
-0.101113 0.994875 0.000000 489.695674 -0.994875 -0.101113 0.000000 -136.222500 0.000000 0.000000 1.000000 0.000000
