1.000000 0.000000 0.000000 0.000000 0.000000 1.000000 0.000000 0.000000 0.000000 0.000000 1.000000 0.000000 1567496037218466911

1.000000 0.000887 0.000000 1.782755 -0.000887 1.000000 -0.000000 -0.005096 -0.000000 0.000000 1.000000 0.000000 1567496044208661642

0.999999 0.001223 0.000000 3.781810 -0.001223 0.999999 -0.000000 0.002637 -0.000000 0.000000 1.000000 0.000000 1567496045208898626

1.000000 -0.000398 0.000000 5.742325 0.000398 1.000000 0.000000 -0.046455 0.000000 0.000000 1.000000 0.000000 1567496045958342992

0.999999 -0.001485 0.000000 7.277608 0.001485 0.999999 0.000000 -0.020778 0.000000 0.000000 1.000000 0.000000 1567496046458065946

0.999997 -0.002303 0.000000 8.976311 0.002303 0.999997 0.000000 -0.012770 0.000000 0.000000 1.000000 0.000000 1567496046957574193

0.999993 -0.003732 0.000000 10.829867 0.003732 0.999993 0.000000 0.017535 0.000000 0.000000 1.000000 0.000000 1567496047456982456

0.999984 -0.005683 0.000000 12.769158 0.005683 0.999984 0.000000 0.003441 0.000000 0.000000 1.000000 0.000000 1567496047956733509

0.999977 -0.006752 0.000000 14.832107 0.006752 0.999977 0.000000 0.032724 0.000000 0.000000 1.000000 0.000000 1567496048456499155

0.999974 -0.007207 0.000000 17.064419 0.007207 0.999974 0.000000 0.054170 0.000000 0.000000 1.000000 0.000000 1567496048955486049

0.999968 -0.008030 0.000000 19.371191 0.008030 0.999968 0.000000 0.078013 0.000000 0.000000 1.000000 0.000000 1567496049455491645

0.999956 -0.009393 0.000000 21.741617 0.009393 0.999956 0.000000 0.078947 0.000000 0.000000 1.000000 0.000000 1567496049954843829

0.999948 -0.010232 0.000000 24.161725 0.010232 0.999948 0.000000 0.095485 0.000000 0.000000 1.000000 0.000000 1567496050454180737

0.999696 -0.024666 0.000000 26.522689 0.024666 0.999696 0.000000 0.201985 0.000000 0.000000 1.000000 0.000000 1567496050953311762

0.998815 -0.048677 0.000000 29.003932 0.048677 0.998815 0.000000 0.324623 0.000000 0.000000 1.000000 0.000000 1567496051452110039

0.997218 -0.074538 0.000000 31.487915 0.074538 0.997218 0.000000 0.563966 0.000000 0.000000 1.000000 0.000000 1567496051951662761

0.995167 -0.098193 0.000000 33.970593 0.098193 0.995167 0.000000 0.807746 0.000000 0.000000 1.000000 0.000000 1567496052451203556

0.993254 -0.115957 0.000000 36.490773 0.115957 0.993254 0.000000 1.055696 0.000000 0.000000 1.000000 0.000000 1567496052950250270

0.992797 -0.119810 0.000000 39.062855 0.119810 0.992797 0.000000 1.374809 0.000000 0.000000 1.000000 0.000000 1567496053449597349

0.993044 -0.117742 0.000000 41.655150 0.117742 0.993044 0.000000 1.694850 0.000000 0.000000 1.000000 0.000000 1567496053948891286

0.993570 -0.113221 0.000000 44.359902 0.113221 0.993570 0.000000 1.988949 0.000000 0.000000 1.000000 0.000000 1567496054447792352

0.993617 -0.112808 0.000000 47.119295 0.112808 0.993617 0.000000 2.310224 0.000000 0.000000 1.000000 0.000000 1567496054947386444

0.992892 -0.119023 0.000000 49.943209 0.119023 0.992892 0.000000 2.654358 0.000000 0.000000 1.000000 0.000000 1567496055446536812

0.991431 -0.130633 0.000000 52.804060 0.130633 0.991431 0.000000 3.034341 0.000000 0.000000 1.000000 0.000000 1567496055945897379

0.989133 -0.147023 0.000000 55.764243 0.147023 0.989133 0.000000 3.489476 0.000000 0.000000 1.000000 0.000000 1567496056446224370

0.988003 -0.154433 0.000000 57.258719 0.154433 0.988003 0.000000 3.741753 0.000000 0.000000 1.000000 0.000000 1567496056694831235

0.986845 -0.161668 0.000000 58.799039 0.161668 0.986845 0.000000 4.006674 0.000000 0.000000 1.000000 0.000000 1567496056944880568

0.985730 -0.168335 0.000000 60.299285 0.168335 0.985730 0.000000 4.273087 0.000000 0.000000 1.000000 0.000000 1567496057194671131

0.984484 -0.175475 0.000000 61.831729 0.175475 0.984484 0.000000 4.583927 0.000000 0.000000 1.000000 0.000000 1567496057444230552

0.983182 -0.182631 0.000000 63.333823 0.182631 0.983182 0.000000 4.827154 0.000000 0.000000 1.000000 0.000000 1567496057693906632

0.980947 -0.194277 0.000000 66.341037 0.194277 0.980947 0.000000 5.417207 0.000000 0.000000 1.000000 0.000000 1567496058192800605

0.980425 -0.196895 0.000000 69.310543 0.196895 0.980425 0.000000 6.023016 0.000000 0.000000 1.000000 0.000000 1567496058691625982

0.981098 -0.193513 0.000000 72.201735 0.193513 0.981098 0.000000 6.611041 0.000000 0.000000 1.000000 0.000000 1567496059190321173

0.982012 -0.188821 0.000000 75.023552 0.188821 0.982012 0.000000 7.174664 0.000000 0.000000 1.000000 0.000000 1567496059689663665

0.983218 -0.182432 0.000000 77.552832 0.182432 0.983218 0.000000 7.666362 0.000000 0.000000 1.000000 0.000000 1567496060187809525

0.983914 -0.178644 0.000000 79.829014 0.178644 0.983914 0.000000 8.031918 0.000000 0.000000 1.000000 0.000000 1567496060686218041

0.984584 -0.174915 0.000000 81.778443 0.174915 0.984584 0.000000 8.388472 0.000000 0.000000 1.000000 0.000000 1567496061184476784

0.984578 -0.174944 0.000000 83.326935 0.174944 0.984578 0.000000 8.652759 0.000000 0.000000 1.000000 0.000000 1567496061682817498

0.984083 -0.177710 0.000000 84.997623 0.177710 0.984083 0.000000 8.971135 0.000000 0.000000 1.000000 0.000000 1567496062431678518

0.982886 -0.184213 0.000000 86.801772 0.184213 0.982886 0.000000 9.294945 0.000000 0.000000 1.000000 0.000000 1567496063679618959

0.978982 -0.203948 0.000000 88.375805 0.203948 0.978982 0.000000 9.666698 0.000000 0.000000 1.000000 0.000000 1567496064678126029

0.973348 -0.229331 0.000000 90.041744 0.229331 0.973348 0.000000 10.123959 0.000000 0.000000 1.000000 0.000000 1567496065427818114

0.962812 -0.270172 0.000000 92.130874 0.270172 0.962812 0.000000 10.743038 0.000000 0.000000 1.000000 0.000000 1567496066177316712

0.951191 -0.308603 0.000000 93.779011 0.308603 0.951191 0.000000 11.252435 0.000000 0.000000 1.000000 0.000000 1567496066676715513

0.931352 -0.364121 0.000000 96.542398 0.364121 0.931352 0.000000 12.512413 0.000000 0.000000 1.000000 0.000000 1567496067175966020

0.901628 -0.432513 0.000000 98.583314 0.432513 0.901628 0.000000 13.411502 0.000000 0.000000 1.000000 0.000000 1567496067926080606

0.871710 -0.490022 0.000000 100.613124 0.490022 0.871710 0.000000 14.616161 0.000000 0.000000 1.000000 0.000000 1567496068424728543

0.832702 -0.553721 0.000000 102.844871 0.553721 0.832702 0.000000 16.110887 0.000000 0.000000 1.000000 0.000000 1567496068924480458

0.786260 -0.617896 0.000000 104.957421 0.617896 0.786260 0.000000 17.884515 0.000000 0.000000 1.000000 0.000000 1567496069424627906

0.742170 -0.670211 0.000000 107.217272 0.670211 0.742170 0.000000 19.865326 0.000000 0.000000 1.000000 0.000000 1567496069923495433

0.713128 -0.701034 0.000000 109.410899 0.701034 0.713128 0.000000 22.035119 0.000000 0.000000 1.000000 0.000000 1567496070423567924

0.704309 -0.709893 0.000000 110.548551 0.709893 0.704309 0.000000 23.150243 0.000000 0.000000 1.000000 0.000000 1567496070673831766

0.699941 -0.714201 0.000000 111.728433 0.714201 0.699941 0.000000 24.338520 0.000000 0.000000 1.000000 0.000000 1567496070923353984

0.700526 -0.713627 0.000000 112.890995 0.713627 0.700526 0.000000 25.578422 0.000000 0.000000 1.000000 0.000000 1567496071173338965

0.704869 -0.709337 0.000000 114.052820 0.709337 0.704869 0.000000 26.791281 0.000000 0.000000 1.000000 0.000000 1567496071421800298

0.709254 -0.704953 0.000000 115.248101 0.704953 0.709254 0.000000 27.981067 0.000000 0.000000 1.000000 0.000000 1567496071671839424

0.713668 -0.700484 0.000000 116.521165 0.700484 0.713668 0.000000 29.258873 0.000000 0.000000 1.000000 0.000000 1567496071921655271

0.717424 -0.696637 0.000000 117.857091 0.696637 0.717424 0.000000 30.559931 0.000000 0.000000 1.000000 0.000000 1567496072171411815

0.721213 -0.692713 0.000000 119.198719 0.692713 0.721213 0.000000 31.850540 0.000000 0.000000 1.000000 0.000000 1567496072421113930

0.723980 -0.689821 0.000000 120.545268 0.689821 0.723980 0.000000 33.110087 0.000000 0.000000 1.000000 0.000000 1567496072670255732

0.727030 -0.686606 0.000000 121.962974 0.686606 0.727030 0.000000 34.471795 0.000000 0.000000 1.000000 0.000000 1567496072919958938

0.730544 -0.682865 0.000000 123.360781 0.682865 0.730544 0.000000 35.775957 0.000000 0.000000 1.000000 0.000000 1567496073169332450

0.733798 -0.679368 0.000000 124.780497 0.679368 0.733798 0.000000 37.097623 0.000000 0.000000 1.000000 0.000000 1567496073418366789

0.737088 -0.675796 0.000000 126.301868 0.675796 0.737088 0.000000 38.465925 0.000000 0.000000 1.000000 0.000000 1567496073668840319

0.740556 -0.671995 0.000000 127.786564 0.671995 0.740556 0.000000 39.844337 0.000000 0.000000 1.000000 0.000000 1567496073918408830

0.744619 -0.667490 0.000000 129.329388 0.667490 0.744619 0.000000 41.154034 0.000000 0.000000 1.000000 0.000000 1567496074167821333

0.750044 -0.661388 0.000000 130.816530 0.661388 0.750044 0.000000 42.511060 0.000000 0.000000 1.000000 0.000000 1567496074417463825

0.758460 -0.651720 0.000000 132.401039 0.651720 0.758460 0.000000 43.868330 0.000000 0.000000 1.000000 0.000000 1567496074666935608

0.765608 -0.643307 0.000000 133.965145 0.643307 0.765608 0.000000 45.174747 0.000000 0.000000 1.000000 0.000000 1567496074916070159

0.776576 -0.630023 0.000000 135.599364 0.630023 0.776576 0.000000 46.500297 0.000000 0.000000 1.000000 0.000000 1567496075165752731

0.786526 -0.617557 0.000000 137.186414 0.617557 0.786526 0.000000 47.749663 0.000000 0.000000 1.000000 0.000000 1567496075415834404

0.796821 -0.604215 0.000000 138.878144 0.604215 0.796821 0.000000 49.018741 0.000000 0.000000 1.000000 0.000000 1567496075665704559

0.806515 -0.591214 0.000000 140.605879 0.591214 0.806515 0.000000 50.269806 0.000000 0.000000 1.000000 0.000000 1567496075915003421

0.815950 -0.578123 0.000000 142.379442 0.578123 0.815950 0.000000 51.484783 0.000000 0.000000 1.000000 0.000000 1567496076164285027

0.826314 -0.563209 0.000000 144.119613 0.563209 0.826314 0.000000 52.676113 0.000000 0.000000 1.000000 0.000000 1567496076413865544

0.837099 -0.547051 0.000000 145.910218 0.547051 0.837099 0.000000 53.809258 0.000000 0.000000 1.000000 0.000000 1567496076663175406

0.849300 -0.527910 0.000000 147.687476 0.527910 0.849300 0.000000 54.981683 0.000000 0.000000 1.000000 0.000000 1567496076913315167

0.862358 -0.506299 0.000000 149.554096 0.506299 0.862358 0.000000 56.028952 0.000000 0.000000 1.000000 0.000000 1567496077162711070

0.875572 -0.483087 0.000000 151.406610 0.483087 0.875572 0.000000 57.038275 0.000000 0.000000 1.000000 0.000000 1567496077412134457

0.888308 -0.459248 0.000000 153.243309 0.459248 0.888308 0.000000 57.976430 0.000000 0.000000 1.000000 0.000000 1567496077661653327

0.900404 -0.435055 0.000000 155.162746 0.435055 0.900404 0.000000 58.899673 0.000000 0.000000 1.000000 0.000000 1567496077911286033

0.911476 -0.411354 0.000000 157.113850 0.411354 0.911476 0.000000 59.748948 0.000000 0.000000 1.000000 0.000000 1567496078161017936

0.921828 -0.387599 0.000000 159.050976 0.387599 0.921828 0.000000 60.569645 0.000000 0.000000 1.000000 0.000000 1567496078409966121

0.930329 -0.366726 0.000000 160.997004 0.366726 0.930329 0.000000 61.317680 0.000000 0.000000 1.000000 0.000000 1567496078660146475

0.937763 -0.347277 0.000000 163.013345 0.347277 0.937763 0.000000 62.063712 0.000000 0.000000 1.000000 0.000000 1567496078909901096

0.944203 -0.329363 0.000000 165.013112 0.329363 0.944203 0.000000 62.777356 0.000000 0.000000 1.000000 0.000000 1567496079159659081

0.951159 -0.308701 0.000000 167.049292 0.308701 0.951159 0.000000 63.413446 0.000000 0.000000 1.000000 0.000000 1567496079409416584

0.958502 -0.285086 0.000000 169.112542 0.285086 0.958502 0.000000 64.026325 0.000000 0.000000 1.000000 0.000000 1567496079658533231

0.965377 -0.260860 0.000000 171.155810 0.260860 0.965377 0.000000 64.580661 0.000000 0.000000 1.000000 0.000000 1567496079907638844

0.970517 -0.241035 0.000000 173.213914 0.241035 0.970517 0.000000 65.066142 0.000000 0.000000 1.000000 0.000000 1567496080157855819

0.975642 -0.219368 0.000000 175.342295 0.219368 0.975642 0.000000 65.556574 0.000000 0.000000 1.000000 0.000000 1567496080407781265

0.979975 -0.199120 0.000000 177.411496 0.199120 0.979975 0.000000 65.960187 0.000000 0.000000 1.000000 0.000000 1567496080658690382

0.983079 -0.183183 0.000000 179.544047 0.183183 0.983079 0.000000 66.358060 0.000000 0.000000 1.000000 0.000000 1567496080907506024

0.985772 -0.168088 0.000000 181.696188 0.168088 0.985772 0.000000 66.758354 0.000000 0.000000 1.000000 0.000000 1567496081157219319

0.988307 -0.152478 0.000000 183.838128 0.152478 0.988307 0.000000 67.078281 0.000000 0.000000 1.000000 0.000000 1567496081406925466

0.990610 -0.136717 0.000000 186.033048 0.136717 0.990610 0.000000 67.361547 0.000000 0.000000 1.000000 0.000000 1567496081657171956

0.992611 -0.121339 0.000000 188.203441 0.121339 0.992611 0.000000 67.624108 0.000000 0.000000 1.000000 0.000000 1567496081905471552

0.994200 -0.107550 0.000000 190.380524 0.107550 0.994200 0.000000 67.864127 0.000000 0.000000 1.000000 0.000000 1567496082154706024

0.995600 -0.093703 0.000000 192.586462 0.093703 0.995600 0.000000 68.062156 0.000000 0.000000 1.000000 0.000000 1567496082404332036

0.996619 -0.082160 0.000000 194.754894 0.082160 0.996619 0.000000 68.205580 0.000000 0.000000 1.000000 0.000000 1567496082653810012

0.997644 -0.068602 0.000000 196.911077 0.068602 0.997644 0.000000 68.370138 0.000000 0.000000 1.000000 0.000000 1567496082904078530

0.998565 -0.053560 0.000000 199.061082 0.053560 0.998565 0.000000 68.455010 0.000000 0.000000 1.000000 0.000000 1567496083153689189

0.999444 -0.033327 0.000000 201.223462 0.033327 0.999444 0.000000 68.539949 0.000000 0.000000 1.000000 0.000000 1567496083403225790

0.999894 -0.014553 0.000000 203.351468 0.014553 0.999894 0.000000 68.571437 0.000000 0.000000 1.000000 0.000000 1567496083653160628

0.999992 0.003921 0.000000 205.466519 -0.003921 0.999992 -0.000000 68.559750 -0.000000 0.000000 1.000000 0.000000 1567496083902332704

0.999784 0.020791 0.000000 207.565097 -0.020791 0.999784 -0.000000 68.498144 -0.000000 0.000000 1.000000 0.000000 1567496084152166313

0.999313 0.037051 0.000000 209.709553 -0.037051 0.999313 -0.000000 68.428655 -0.000000 0.000000 1.000000 0.000000 1567496084401368714

0.998596 0.052971 0.000000 211.859396 -0.052971 0.998596 -0.000000 68.298642 -0.000000 0.000000 1.000000 0.000000 1567496084651279954

0.997561 0.069798 0.000000 214.008329 -0.069798 0.997561 -0.000000 68.153287 -0.000000 0.000000 1.000000 0.000000 1567496084900757501

0.996336 0.085524 0.000000 216.139497 -0.085524 0.996336 -0.000000 67.957565 -0.000000 0.000000 1.000000 0.000000 1567496085150056264

0.994832 0.101534 0.000000 218.346110 -0.101534 0.994832 -0.000000 67.726561 -0.000000 0.000000 1.000000 0.000000 1567496085399998358

0.993351 0.115121 0.000000 220.502521 -0.115121 0.993351 -0.000000 67.442545 -0.000000 0.000000 1.000000 0.000000 1567496085648829654

0.991938 0.126721 0.000000 222.684878 -0.126721 0.991938 -0.000000 67.167281 -0.000000 0.000000 1.000000 0.000000 1567496085897991562

0.990451 0.137864 0.000000 224.835250 -0.137864 0.990451 -0.000000 66.858879 -0.000000 0.000000 1.000000 0.000000 1567496086147735983

0.988430 0.151679 0.000000 227.009474 -0.151679 0.988430 -0.000000 66.557550 -0.000000 0.000000 1.000000 0.000000 1567496086397123193

0.985967 0.166939 0.000000 229.143568 -0.166939 0.985967 -0.000000 66.177401 -0.000000 0.000000 1.000000 0.000000 1567496086646129025

0.983350 0.181721 0.000000 231.341124 -0.181721 0.983350 -0.000000 65.800170 -0.000000 0.000000 1.000000 0.000000 1567496086895438690

0.980240 0.197812 0.000000 233.480331 -0.197812 0.980240 -0.000000 65.371678 -0.000000 0.000000 1.000000 0.000000 1567496087145130070

0.976399 0.215976 0.000000 235.649855 -0.215976 0.976399 -0.000000 64.889734 -0.000000 0.000000 1.000000 0.000000 1567496087394943610

0.972150 0.234360 0.000000 237.748736 -0.234360 0.972150 -0.000000 64.402580 -0.000000 0.000000 1.000000 0.000000 1567496087643900574

0.968113 0.250512 0.000000 239.822949 -0.250512 0.968113 -0.000000 63.841439 -0.000000 0.000000 1.000000 0.000000 1567496087893738170

0.964719 0.263281 0.000000 241.950777 -0.263281 0.964719 -0.000000 63.254709 -0.000000 0.000000 1.000000 0.000000 1567496088143113988

0.959712 0.280986 0.000000 244.112941 -0.280986 0.959712 -0.000000 62.635842 -0.000000 0.000000 1.000000 0.000000 1567496088392933909

0.953645 0.300935 0.000000 246.183692 -0.300935 0.953645 -0.000000 61.954438 -0.000000 0.000000 1.000000 0.000000 1567496088642511088

0.945057 0.326907 0.000000 248.268417 -0.326907 0.945057 -0.000000 61.245000 -0.000000 0.000000 1.000000 0.000000 1567496088892161004

0.935315 0.353816 0.000000 250.218737 -0.353816 0.935315 -0.000000 60.455019 -0.000000 0.000000 1.000000 0.000000 1567496089141376198

0.924852 0.380327 0.000000 252.312580 -0.380327 0.924852 -0.000000 59.635571 -0.000000 0.000000 1.000000 0.000000 1567496089391114126

0.913297 0.407294 0.000000 254.249442 -0.407294 0.913297 -0.000000 58.736660 -0.000000 0.000000 1.000000 0.000000 1567496089640949102

0.901118 0.433575 0.000000 256.259689 -0.433575 0.901118 -0.000000 57.800631 -0.000000 0.000000 1.000000 0.000000 1567496089891064616

0.887138 0.461504 0.000000 258.191269 -0.461504 0.887138 -0.000000 56.737237 -0.000000 0.000000 1.000000 0.000000 1567496090140033771

0.872708 0.488243 0.000000 260.090859 -0.488243 0.872708 -0.000000 55.644992 -0.000000 0.000000 1.000000 0.000000 1567496090389710926

0.858924 0.512102 0.000000 261.940391 -0.512102 0.858924 -0.000000 54.525876 -0.000000 0.000000 1.000000 0.000000 1567496090639579059

0.847105 0.531425 0.000000 263.780692 -0.531425 0.847105 -0.000000 53.384214 -0.000000 0.000000 1.000000 0.000000 1567496090888285004

0.836891 0.547369 0.000000 265.624650 -0.547369 0.836891 -0.000000 52.207579 -0.000000 0.000000 1.000000 0.000000 1567496091138897798

0.826898 0.562352 0.000000 267.343118 -0.562352 0.826898 -0.000000 50.997240 -0.000000 0.000000 1.000000 0.000000 1567496091388657527

0.817007 0.576628 0.000000 269.121791 -0.576628 0.817007 -0.000000 49.771026 -0.000000 0.000000 1.000000 0.000000 1567496091637931810

0.806238 0.591592 0.000000 270.783914 -0.591592 0.806238 -0.000000 48.514511 -0.000000 0.000000 1.000000 0.000000 1567496091887795563

0.795786 0.605578 0.000000 272.472657 -0.605578 0.795786 -0.000000 47.275159 -0.000000 0.000000 1.000000 0.000000 1567496092136815839

0.784447 0.620196 0.000000 274.093836 -0.620196 0.784447 -0.000000 45.940783 -0.000000 0.000000 1.000000 0.000000 1567496092385539110

0.771666 0.636028 0.000000 275.620444 -0.636028 0.771666 -0.000000 44.639290 -0.000000 0.000000 1.000000 0.000000 1567496092635302318

0.758231 0.651986 0.000000 277.147447 -0.651986 0.758231 -0.000000 43.268859 -0.000000 0.000000 1.000000 0.000000 1567496092884264192

0.744300 0.667845 0.000000 278.655983 -0.667845 0.744300 -0.000000 41.942799 -0.000000 0.000000 1.000000 0.000000 1567496093133682760

0.731151 0.682215 0.000000 280.153630 -0.682215 0.731151 -0.000000 40.537119 -0.000000 0.000000 1.000000 0.000000 1567496093383564410

0.718329 0.695704 0.000000 281.588144 -0.695704 0.718329 -0.000000 39.082585 -0.000000 0.000000 1.000000 0.000000 1567496093633135997

0.707515 0.706699 0.000000 283.025189 -0.706699 0.707515 -0.000000 37.682982 -0.000000 0.000000 1.000000 0.000000 1567496093882828307

0.699266 0.714862 0.000000 284.455457 -0.714862 0.699266 -0.000000 36.202106 -0.000000 0.000000 1.000000 0.000000 1567496094132528857

0.690816 0.723030 0.000000 285.841354 -0.723030 0.690816 -0.000000 34.730394 -0.000000 0.000000 1.000000 0.000000 1567496094381693883

0.682100 0.731259 0.000000 287.246900 -0.731259 0.682100 -0.000000 33.270553 -0.000000 0.000000 1.000000 0.000000 1567496094630899170

0.676466 0.736474 0.000000 288.604740 -0.736474 0.676466 -0.000000 31.814422 -0.000000 0.000000 1.000000 0.000000 1567496094880531021

0.672901 0.739732 0.000000 289.966299 -0.739732 0.672901 -0.000000 30.309519 -0.000000 0.000000 1.000000 0.000000 1567496095130028908

0.670987 0.741469 0.000000 291.315199 -0.741469 0.670987 -0.000000 28.879117 -0.000000 0.000000 1.000000 0.000000 1567496095379688116

0.671311 0.741176 0.000000 292.629385 -0.741176 0.671311 -0.000000 27.400127 -0.000000 0.000000 1.000000 0.000000 1567496095628683941

0.674790 0.738010 0.000000 293.966369 -0.738010 0.674790 -0.000000 25.980069 -0.000000 0.000000 1.000000 0.000000 1567496095878575181

0.681035 0.732251 0.000000 295.296719 -0.732251 0.681035 -0.000000 24.580894 -0.000000 0.000000 1.000000 0.000000 1567496096128010830

0.691950 0.721946 0.000000 296.600923 -0.721946 0.691950 -0.000000 23.188108 -0.000000 0.000000 1.000000 0.000000 1567496096377257792

0.704761 0.709444 0.000000 297.983638 -0.709444 0.704761 -0.000000 21.882509 -0.000000 0.000000 1.000000 0.000000 1567496096626094085

0.719284 0.694717 0.000000 299.360785 -0.694717 0.719284 -0.000000 20.538164 -0.000000 0.000000 1.000000 0.000000 1567496096875592336

0.734200 0.678933 0.000000 300.736868 -0.678933 0.734200 -0.000000 19.299229 -0.000000 0.000000 1.000000 0.000000 1567496097124690567

0.751044 0.660252 0.000000 302.136511 -0.660252 0.751044 -0.000000 18.069212 -0.000000 0.000000 1.000000 0.000000 1567496097374330771

0.767091 0.641538 0.000000 303.619357 -0.641538 0.767091 -0.000000 16.877504 -0.000000 0.000000 1.000000 0.000000 1567496097623552007

0.784768 0.619790 0.000000 305.051739 -0.619790 0.784768 -0.000000 15.752596 -0.000000 0.000000 1.000000 0.000000 1567496097873048925

0.802422 0.596757 0.000000 306.578408 -0.596757 0.802422 -0.000000 14.662499 -0.000000 0.000000 1.000000 0.000000 1567496098122692820

0.822605 0.568613 0.000000 308.120952 -0.568613 0.822605 -0.000000 13.645089 -0.000000 0.000000 1.000000 0.000000 1567496098371761213

0.843281 0.537473 0.000000 309.731111 -0.537473 0.843281 -0.000000 12.668062 -0.000000 0.000000 1.000000 0.000000 1567496098621900755

0.863430 0.504469 0.000000 311.356114 -0.504469 0.863430 -0.000000 11.768633 -0.000000 0.000000 1.000000 0.000000 1567496098870709568

0.885072 0.465453 0.000000 312.975953 -0.465453 0.885072 -0.000000 10.918752 -0.000000 0.000000 1.000000 0.000000 1567496099120136386

0.906327 0.422578 0.000000 314.731780 -0.422578 0.906327 -0.000000 10.121126 -0.000000 0.000000 1.000000 0.000000 1567496099369399894

0.926639 0.375953 0.000000 316.459478 -0.375953 0.926639 -0.000000 9.466554 -0.000000 0.000000 1.000000 0.000000 1567496099619284626

0.944908 0.327335 0.000000 318.295106 -0.327335 0.944908 -0.000000 8.828516 -0.000000 0.000000 1.000000 0.000000 1567496099868919363

0.961213 0.275806 0.000000 320.104737 -0.275806 0.961213 -0.000000 8.360045 -0.000000 0.000000 1.000000 0.000000 1567496100118770040

0.973751 0.227617 0.000000 322.096602 -0.227617 0.973751 -0.000000 7.885582 -0.000000 0.000000 1.000000 0.000000 1567496100369525701

0.981605 0.190921 0.000000 324.038227 -0.190921 0.981605 -0.000000 7.501460 -0.000000 0.000000 1.000000 0.000000 1567496100618466525

0.986987 0.160801 0.000000 325.901756 -0.160801 0.986987 -0.000000 7.242284 -0.000000 0.000000 1.000000 0.000000 1567496100868466476

0.990883 0.134728 0.000000 327.837031 -0.134728 0.990883 -0.000000 7.009099 -0.000000 0.000000 1.000000 0.000000 1567496101117424624

0.994100 0.108471 0.000000 329.792995 -0.108471 0.994100 -0.000000 6.836617 -0.000000 0.000000 1.000000 0.000000 1567496101366663497

0.996243 0.086600 0.000000 331.776877 -0.086600 0.996243 -0.000000 6.670262 -0.000000 0.000000 1.000000 0.000000 1567496101616703526

0.997527 0.070287 0.000000 333.776961 -0.070287 0.997527 -0.000000 6.526952 -0.000000 0.000000 1.000000 0.000000 1567496101866283429

0.998350 0.057420 0.000000 335.811548 -0.057420 0.998350 -0.000000 6.436757 -0.000000 0.000000 1.000000 0.000000 1567496102116560756

0.998802 0.048929 0.000000 337.858581 -0.048929 0.998802 -0.000000 6.321180 -0.000000 0.000000 1.000000 0.000000 1567496102365647509

0.998898 0.046942 0.000000 339.871252 -0.046942 0.998898 -0.000000 6.263069 -0.000000 0.000000 1.000000 0.000000 1567496102615469035

0.998849 0.047964 0.000000 341.943520 -0.047964 0.998849 -0.000000 6.160213 -0.000000 0.000000 1.000000 0.000000 1567496102864891258

0.998681 0.051353 0.000000 343.993137 -0.051353 0.998681 -0.000000 6.051672 -0.000000 0.000000 1.000000 0.000000 1567496103114240820

0.998452 0.055626 0.000000 346.069089 -0.055626 0.998452 -0.000000 5.929896 -0.000000 0.000000 1.000000 0.000000 1567496103363683982

0.998186 0.060209 0.000000 348.114155 -0.060209 0.998186 -0.000000 5.821352 -0.000000 0.000000 1.000000 0.000000 1567496103612813500

0.997925 0.064388 0.000000 350.266998 -0.064388 0.997925 -0.000000 5.676711 -0.000000 0.000000 1.000000 0.000000 1567496103862855913

0.997724 0.067426 0.000000 352.364881 -0.067426 0.997724 -0.000000 5.549996 -0.000000 0.000000 1.000000 0.000000 1567496104112598886

0.997517 0.070421 0.000000 354.458525 -0.070421 0.997517 -0.000000 5.390846 -0.000000 0.000000 1.000000 0.000000 1567496104361948112

0.997312 0.073275 0.000000 356.609578 -0.073275 0.997312 -0.000000 5.199306 -0.000000 0.000000 1.000000 0.000000 1567496104611871138

0.997090 0.076230 0.000000 358.753470 -0.076230 0.997090 -0.000000 5.052394 -0.000000 0.000000 1.000000 0.000000 1567496104861611416

0.996933 0.078262 0.000000 360.911186 -0.078262 0.996933 -0.000000 4.883128 -0.000000 0.000000 1.000000 0.000000 1567496105111526454

0.996826 0.079611 0.000000 363.038024 -0.079611 0.996826 -0.000000 4.731804 -0.000000 0.000000 1.000000 0.000000 1567496105360392709

0.996879 0.078949 0.000000 365.231787 -0.078949 0.996879 -0.000000 4.574157 -0.000000 0.000000 1.000000 0.000000 1567496105610628777

0.997092 0.076201 0.000000 367.433264 -0.076201 0.997092 -0.000000 4.359193 -0.000000 0.000000 1.000000 0.000000 1567496105860239463

0.997284 0.073652 0.000000 369.643564 -0.073652 0.997284 -0.000000 4.159082 -0.000000 0.000000 1.000000 0.000000 1567496106110117233

0.997536 0.070153 0.000000 371.880890 -0.070153 0.997536 -0.000000 3.989848 -0.000000 0.000000 1.000000 0.000000 1567496106359938459

0.997739 0.067202 0.000000 374.096605 -0.067202 0.997739 -0.000000 3.880202 -0.000000 0.000000 1.000000 0.000000 1567496106609707441

0.997988 0.063405 0.000000 376.311491 -0.063405 0.997988 -0.000000 3.717179 -0.000000 0.000000 1.000000 0.000000 1567496106858412547

0.998293 0.058413 0.000000 378.570390 -0.058413 0.998293 -0.000000 3.546071 -0.000000 0.000000 1.000000 0.000000 1567496107108321282

0.998815 0.048659 0.000000 380.811027 -0.048659 0.998815 -0.000000 3.492596 -0.000000 0.000000 1.000000 0.000000 1567496107359514691

0.999167 0.040808 0.000000 383.140747 -0.040808 0.999167 -0.000000 3.346399 -0.000000 0.000000 1.000000 0.000000 1567496107607877134

0.999381 0.035186 0.000000 385.395375 -0.035186 0.999381 -0.000000 3.296950 -0.000000 0.000000 1.000000 0.000000 1567496107856731275

0.999582 0.028928 0.000000 387.732611 -0.028928 0.999582 -0.000000 3.188240 -0.000000 0.000000 1.000000 0.000000 1567496108107880343

0.999662 0.025992 0.000000 390.024960 -0.025992 0.999662 -0.000000 3.116112 -0.000000 0.000000 1.000000 0.000000 1567496108356618228

0.999791 0.020459 0.000000 392.287779 -0.020459 0.999791 -0.000000 3.073017 -0.000000 0.000000 1.000000 0.000000 1567496108606214427

0.999849 0.017365 0.000000 394.547386 -0.017365 0.999849 -0.000000 3.050526 -0.000000 0.000000 1.000000 0.000000 1567496108855611393

0.999901 0.014076 0.000000 396.813708 -0.014076 0.999901 -0.000000 2.967444 -0.000000 0.000000 1.000000 0.000000 1567496109105175159

0.999946 0.010436 0.000000 399.050476 -0.010436 0.999946 -0.000000 2.947884 -0.000000 0.000000 1.000000 0.000000 1567496109354603733

0.999955 0.009528 0.000000 401.311376 -0.009528 0.999955 -0.000000 2.941919 -0.000000 0.000000 1.000000 0.000000 1567496109604149995

0.999936 0.011296 0.000000 403.521852 -0.011296 0.999936 -0.000000 2.884441 -0.000000 0.000000 1.000000 0.000000 1567496109853407186

0.999934 0.011455 0.000000 405.731730 -0.011455 0.999934 -0.000000 2.877707 -0.000000 0.000000 1.000000 0.000000 1567496110103382465

0.999941 0.010880 0.000000 407.922721 -0.010880 0.999941 -0.000000 2.825690 -0.000000 0.000000 1.000000 0.000000 1567496110352670727

0.999954 0.009580 0.000000 410.126424 -0.009580 0.999954 -0.000000 2.843736 -0.000000 0.000000 1.000000 0.000000 1567496110601996154

0.999959 0.009030 0.000000 412.380047 -0.009030 0.999959 -0.000000 2.766421 -0.000000 0.000000 1.000000 0.000000 1567496110851055178

0.999951 0.009852 0.000000 414.557191 -0.009852 0.999951 -0.000000 2.806063 -0.000000 0.000000 1.000000 0.000000 1567496111101356719

0.999937 0.011224 0.000000 416.740123 -0.011224 0.999937 -0.000000 2.728300 -0.000000 0.000000 1.000000 0.000000 1567496111350626507

0.999914 0.013097 0.000000 418.913180 -0.013097 0.999914 -0.000000 2.719041 -0.000000 0.000000 1.000000 0.000000 1567496111600354760

0.999900 0.014155 0.000000 421.148546 -0.014155 0.999900 -0.000000 2.770988 -0.000000 0.000000 1.000000 0.000000 1567496111850027185

0.999916 0.012997 0.000000 423.320897 -0.012997 0.999916 -0.000000 2.712942 -0.000000 0.000000 1.000000 0.000000 1567496112099076061

0.999927 0.012054 0.000000 425.463770 -0.012054 0.999927 -0.000000 2.669985 -0.000000 0.000000 1.000000 0.000000 1567496112348443354

0.999942 0.010810 0.000000 427.594634 -0.010810 0.999942 -0.000000 2.608003 -0.000000 0.000000 1.000000 0.000000 1567496112598053750

0.999944 0.010576 0.000000 429.732954 -0.010576 0.999944 -0.000000 2.591906 -0.000000 0.000000 1.000000 0.000000 1567496112847558255

0.999950 0.010043 0.000000 431.836830 -0.010043 0.999950 -0.000000 2.588019 -0.000000 0.000000 1.000000 0.000000 1567496113097215395

0.999987 0.005000 0.000000 433.947298 -0.005000 0.999987 -0.000000 2.566931 -0.000000 0.000000 1.000000 0.000000 1567496113346212717

0.999998 0.001783 0.000000 436.034905 -0.001783 0.999998 -0.000000 2.574538 -0.000000 0.000000 1.000000 0.000000 1567496113595860185

0.999999 -0.001008 0.000000 438.089434 0.001008 0.999999 0.000000 2.519351 0.000000 0.000000 1.000000 0.000000 1567496113844895034

0.999994 -0.003397 0.000000 440.134109 0.003397 0.999994 0.000000 2.551523 0.000000 0.000000 1.000000 0.000000 1567496114093853221

0.999986 -0.005334 0.000000 442.151544 0.005334 0.999986 0.000000 2.543669 0.000000 0.000000 1.000000 0.000000 1567496114343976281

0.999969 -0.007900 0.000000 444.151617 0.007900 0.999969 0.000000 2.572949 0.000000 0.000000 1.000000 0.000000 1567496114592980734

0.999964 -0.008435 0.000000 446.111590 0.008435 0.999964 0.000000 2.621985 0.000000 0.000000 1.000000 0.000000 1567496114842650069

0.999954 -0.009625 0.000000 448.144475 0.009625 0.999954 0.000000 2.659897 0.000000 0.000000 1.000000 0.000000 1567496115092437241

0.999947 -0.010276 0.000000 450.094901 0.010276 0.999947 0.000000 2.671401 0.000000 0.000000 1.000000 0.000000 1567496115341574531

0.999940 -0.010990 0.000000 451.984294 0.010990 0.999940 0.000000 2.650888 0.000000 0.000000 1.000000 0.000000 1567496115590983628

0.999940 -0.010999 0.000000 453.966338 0.010999 0.999940 0.000000 2.679035 0.000000 0.000000 1.000000 0.000000 1567496115840084587

0.999964 -0.008492 0.000000 455.829365 0.008492 0.999964 0.000000 2.735165 0.000000 0.000000 1.000000 0.000000 1567496116089399608

0.999967 -0.008122 0.000000 457.716991 0.008122 0.999967 0.000000 2.758667 0.000000 0.000000 1.000000 0.000000 1567496116339059188

0.999986 -0.005298 0.000000 459.532978 0.005298 0.999986 0.000000 2.787256 0.000000 0.000000 1.000000 0.000000 1567496116587775389

0.999979 -0.006508 0.000000 461.303446 0.006508 0.999979 0.000000 2.810765 0.000000 0.000000 1.000000 0.000000 1567496116836421172

0.999997 -0.002295 0.000000 463.029428 0.002295 0.999997 0.000000 2.767157 0.000000 0.000000 1.000000 0.000000 1567496117086189482

0.999999 -0.001111 0.000000 464.686249 0.001111 0.999999 0.000000 2.816927 0.000000 0.000000 1.000000 0.000000 1567496117335086626

0.999999 0.001584 0.000000 466.209670 -0.001584 0.999999 -0.000000 2.790658 -0.000000 0.000000 1.000000 0.000000 1567496117584271780

0.999965 0.008333 0.000000 467.766727 -0.008333 0.999965 -0.000000 2.824155 -0.000000 0.000000 1.000000 0.000000 1567496117833397778

0.999558 0.029718 0.000000 470.622676 -0.029718 0.999558 -0.000000 2.733606 -0.000000 0.000000 1.000000 0.000000 1567496118332578492

0.995795 0.091613 0.000000 473.293112 -0.091613 0.995795 -0.000000 2.445486 -0.000000 0.000000 1.000000 0.000000 1567496118831140435

0.979544 0.201231 0.000000 475.638902 -0.201231 0.979544 -0.000000 1.933864 -0.000000 0.000000 1.000000 0.000000 1567496119329474170

0.946421 0.322936 0.000000 477.936042 -0.322936 0.946421 -0.000000 1.056203 -0.000000 0.000000 1.000000 0.000000 1567496119828534605

0.890251 0.455469 0.000000 479.994534 -0.455469 0.890251 -0.000000 0.019910 -0.000000 0.000000 1.000000 0.000000 1567496120327163233

0.807479 0.589896 0.000000 481.894107 -0.589896 0.807479 -0.000000 -1.480028 -0.000000 0.000000 1.000000 0.000000 1567496120826270167

0.752245 0.658883 0.000000 482.765901 -0.658883 0.752245 -0.000000 -2.291023 -0.000000 0.000000 1.000000 0.000000 1567496121075563098

0.688274 0.725451 0.000000 483.505540 -0.725451 0.688274 -0.000000 -3.217038 -0.000000 0.000000 1.000000 0.000000 1567496121325034100

0.615194 0.788376 0.000000 484.113090 -0.788376 0.615194 -0.000000 -4.181202 -0.000000 0.000000 1.000000 0.000000 1567496121574013329

0.531358 0.847148 0.000000 484.706530 -0.847148 0.531358 -0.000000 -5.248291 -0.000000 0.000000 1.000000 0.000000 1567496121823226738

0.443602 0.896224 0.000000 485.153793 -0.896224 0.443602 -0.000000 -6.363283 -0.000000 0.000000 1.000000 0.000000 1567496122072827549

0.352701 0.935736 0.000000 485.497528 -0.935736 0.352701 -0.000000 -7.518548 -0.000000 0.000000 1.000000 0.000000 1567496122322117719

0.222372 0.974962 0.000000 485.922920 -0.974962 0.222372 -0.000000 -9.998635 -0.000000 0.000000 1.000000 0.000000 1567496122821083790

0.155254 0.987875 0.000000 486.382906 -0.987875 0.155254 -0.000000 -12.627971 -0.000000 0.000000 1.000000 0.000000 1567496123320171965

0.116237 0.993222 0.000000 486.742436 -0.993222 0.116237 -0.000000 -15.442712 -0.000000 0.000000 1.000000 0.000000 1567496123819142999

0.084392 0.996433 0.000000 486.978899 -0.996433 0.084392 -0.000000 -18.392295 -0.000000 0.000000 1.000000 0.000000 1567496124318467598

0.073487 0.997296 0.000000 487.075860 -0.997296 0.073487 -0.000000 -19.914919 -0.000000 0.000000 1.000000 0.000000 1567496124567914276

0.060764 0.998152 0.000000 487.139226 -0.998152 0.060764 -0.000000 -21.549131 -0.000000 0.000000 1.000000 0.000000 1567496124816799688

0.049803 0.998759 0.000000 487.209500 -0.998759 0.049803 -0.000000 -23.170641 -0.000000 0.000000 1.000000 0.000000 1567496125066788072

0.040024 0.999199 0.000000 487.227134 -0.999199 0.040024 -0.000000 -24.843905 -0.000000 0.000000 1.000000 0.000000 1567496125316423062

0.027857 0.999612 0.000000 487.332317 -0.999612 0.027857 -0.000000 -26.548718 -0.000000 0.000000 1.000000 0.000000 1567496125565309399

0.016734 0.999860 0.000000 487.320813 -0.999860 0.016734 -0.000000 -28.196036 -0.000000 0.000000 1.000000 0.000000 1567496125814692391

0.004355 0.999991 0.000000 487.316419 -0.999991 0.004355 -0.000000 -30.006524 -0.000000 0.000000 1.000000 0.000000 1567496126064926926

-0.005001 0.999987 0.000000 487.271929 -0.999987 -0.005001 -0.000000 -31.766032 -0.000000 0.000000 1.000000 0.000000 1567496126313932508

-0.013107 0.999914 0.000000 487.219509 -0.999914 -0.013107 -0.000000 -33.590088 -0.000000 0.000000 1.000000 0.000000 1567496126563326958

-0.018366 0.999831 0.000000 487.188007 -0.999831 -0.018366 -0.000000 -35.442318 -0.000000 0.000000 1.000000 0.000000 1567496126812995702

-0.022825 0.999739 0.000000 487.160036 -0.999739 -0.022825 -0.000000 -37.351417 -0.000000 0.000000 1.000000 0.000000 1567496127062752430

-0.025756 0.999668 0.000000 487.124679 -0.999668 -0.025756 -0.000000 -39.310043 -0.000000 0.000000 1.000000 0.000000 1567496127312321227

-0.024946 0.999689 0.000000 487.053304 -0.999689 -0.024946 -0.000000 -41.218363 -0.000000 0.000000 1.000000 0.000000 1567496127561350645

-0.025134 0.999684 0.000000 487.015161 -0.999684 -0.025134 -0.000000 -43.225129 -0.000000 0.000000 1.000000 0.000000 1567496127811090749

-0.025686 0.999670 0.000000 486.973172 -0.999670 -0.025686 -0.000000 -45.261586 -0.000000 0.000000 1.000000 0.000000 1567496128060160502

-0.026639 0.999645 0.000000 486.909578 -0.999645 -0.026639 -0.000000 -47.266948 -0.000000 0.000000 1.000000 0.000000 1567496128309511507

-0.030706 0.999528 0.000000 486.874909 -0.999528 -0.030706 -0.000000 -49.229116 -0.000000 0.000000 1.000000 0.000000 1567496128559177142

-0.036156 0.999346 0.000000 486.822005 -0.999346 -0.036156 -0.000000 -51.242300 -0.000000 0.000000 1.000000 0.000000 1567496128808726512

-0.040987 0.999160 0.000000 486.717991 -0.999160 -0.040987 -0.000000 -53.195820 -0.000000 0.000000 1.000000 0.000000 1567496129058424536

-0.041194 0.999151 0.000000 486.595749 -0.999151 -0.041194 -0.000000 -55.235256 -0.000000 0.000000 1.000000 0.000000 1567496129308113790

-0.040123 0.999195 0.000000 486.537601 -0.999195 -0.040123 -0.000000 -57.291677 -0.000000 0.000000 1.000000 0.000000 1567496129558183080

-0.037553 0.999295 0.000000 486.457405 -0.999295 -0.037553 -0.000000 -59.391035 -0.000000 0.000000 1.000000 0.000000 1567496129807744920

-0.037295 0.999304 0.000000 486.369267 -0.999304 -0.037295 -0.000000 -61.456161 -0.000000 0.000000 1.000000 0.000000 1567496130057412464

-0.036698 0.999326 0.000000 486.243279 -0.999326 -0.036698 -0.000000 -63.542997 -0.000000 0.000000 1.000000 0.000000 1567496130306822263

-0.037325 0.999303 0.000000 486.132689 -0.999303 -0.037325 -0.000000 -65.653019 -0.000000 0.000000 1.000000 0.000000 1567496130556393955

-0.039633 0.999214 0.000000 486.055949 -0.999214 -0.039633 -0.000000 -67.787648 -0.000000 0.000000 1.000000 0.000000 1567496130806267519

-0.040700 0.999171 0.000000 485.985841 -0.999171 -0.040700 -0.000000 -69.950976 -0.000000 0.000000 1.000000 0.000000 1567496131055422836

-0.041273 0.999148 0.000000 485.867588 -0.999148 -0.041273 -0.000000 -72.141543 -0.000000 0.000000 1.000000 0.000000 1567496131304295073

-0.042392 0.999101 0.000000 485.767586 -0.999101 -0.042392 -0.000000 -74.339054 -0.000000 0.000000 1.000000 0.000000 1567496131553688670

-0.043683 0.999045 0.000000 485.655798 -0.999045 -0.043683 -0.000000 -76.517677 -0.000000 0.000000 1.000000 0.000000 1567496131802920458

-0.046326 0.998926 0.000000 485.542982 -0.998926 -0.046326 -0.000000 -78.699254 -0.000000 0.000000 1.000000 0.000000 1567496132052523973

-0.049636 0.998767 0.000000 485.424458 -0.998767 -0.049636 -0.000000 -80.978531 -0.000000 0.000000 1.000000 0.000000 1567496132302759740

-0.053953 0.998543 0.000000 485.298762 -0.998543 -0.053953 -0.000000 -83.188241 -0.000000 0.000000 1.000000 0.000000 1567496132551346000

-0.059802 0.998210 0.000000 485.171679 -0.998210 -0.059802 -0.000000 -85.440876 -0.000000 0.000000 1.000000 0.000000 1567496132801048886

-0.068328 0.997663 0.000000 485.018884 -0.997663 -0.068328 -0.000000 -87.719653 -0.000000 0.000000 1.000000 0.000000 1567496133050083588

-0.077603 0.996984 0.000000 484.771202 -0.996984 -0.077603 -0.000000 -90.116640 -0.000000 0.000000 1.000000 0.000000 1567496133299426047

-0.086403 0.996260 0.000000 484.558065 -0.996260 -0.086403 -0.000000 -92.363977 -0.000000 0.000000 1.000000 0.000000 1567496133548837062

-0.096298 0.995353 0.000000 484.308220 -0.995353 -0.096298 -0.000000 -94.685717 -0.000000 0.000000 1.000000 0.000000 1567496133798169962

-0.103847 0.994593 0.000000 484.096353 -0.994593 -0.103847 -0.000000 -97.072857 -0.000000 0.000000 1.000000 0.000000 1567496134047050319

-0.110770 0.993846 0.000000 483.734381 -0.993846 -0.110770 -0.000000 -99.366093 -0.000000 0.000000 1.000000 0.000000 1567496134296391270

-0.118975 0.992897 0.000000 483.474174 -0.992897 -0.118975 -0.000000 -101.741820 -0.000000 0.000000 1.000000 0.000000 1567496134544926874

