0.998002 -0.063186 0.000000 1.754280 0.063186 0.998002 0.000000 0.050032 0.000000 0.000000 1.000000 0.000000
0.991446 -0.130515 0.000000 3.659491 0.130515 0.991446 0.000000 0.239218 0.000000 0.000000 1.000000 0.000000
0.982175 -0.187969 0.000000 5.696258 0.187969 0.982175 0.000000 0.582179 0.000000 0.000000 1.000000 0.000000
0.975403 -0.220430 0.000000 7.866184 0.220430 0.975403 0.000000 1.061727 0.000000 0.000000 1.000000 0.000000
0.974384 -0.224892 0.000000 10.102756 0.224892 0.974384 0.000000 1.575027 0.000000 0.000000 1.000000 0.000000
0.974713 -0.223461 0.000000 12.495702 0.223461 0.974713 0.000000 2.125563 0.000000 0.000000 1.000000 0.000000
0.975277 -0.220984 0.000000 15.017135 0.220984 0.975277 0.000000 2.699666 0.000000 0.000000 1.000000 0.000000
0.973240 -0.229790 0.000000 17.671248 0.229790 0.973240 0.000000 3.311947 0.000000 0.000000 1.000000 0.000000
0.969004 -0.247045 0.000000 20.468573 0.247045 0.969004 0.000000 3.996894 0.000000 0.000000 1.000000 0.000000
0.962306 -0.271970 0.000000 23.385070 0.271970 0.962306 0.000000 4.788706 0.000000 0.000000 1.000000 0.000000
0.958600 -0.284755 0.000000 24.901140 0.284755 0.958600 0.000000 5.231686 0.000000 0.000000 1.000000 0.000000
0.952902 -0.303280 0.000000 26.448512 0.303280 0.952902 0.000000 5.711914 0.000000 0.000000 1.000000 0.000000
0.945784 -0.324796 0.000000 28.019324 0.324796 0.945784 0.000000 6.236757 0.000000 0.000000 1.000000 0.000000
0.937232 -0.348706 0.000000 29.615395 0.348706 0.937232 0.000000 6.814405 0.000000 0.000000 1.000000 0.000000
0.926458 -0.376398 0.000000 31.241663 0.376398 0.926458 0.000000 7.452730 0.000000 0.000000 1.000000 0.000000
0.914342 -0.404942 0.000000 32.875295 0.404942 0.914342 0.000000 8.151537 0.000000 0.000000 1.000000 0.000000
0.901381 -0.433028 0.000000 34.510649 0.433028 0.901381 0.000000 8.910858 0.000000 0.000000 1.000000 0.000000
0.887475 -0.460855 0.000000 36.161050 0.460855 0.887475 0.000000 9.739887 0.000000 0.000000 1.000000 0.000000
0.873976 -0.485968 0.000000 37.804756 0.485968 0.873976 0.000000 10.636407 0.000000 0.000000 1.000000 0.000000
0.860336 -0.509728 0.000000 39.452747 0.509728 0.860336 0.000000 11.589262 0.000000 0.000000 1.000000 0.000000
0.849633 -0.527375 0.000000 41.120132 0.527375 0.849633 0.000000 12.602445 0.000000 0.000000 1.000000 0.000000
0.842836 -0.538170 0.000000 42.777856 0.538170 0.842836 0.000000 13.641561 0.000000 0.000000 1.000000 0.000000
0.835382 -0.549670 0.000000 44.436562 0.549670 0.835382 0.000000 14.714716 0.000000 0.000000 1.000000 0.000000
0.828698 -0.559696 0.000000 46.102317 0.559696 0.828698 0.000000 15.821749 0.000000 0.000000 1.000000 0.000000
0.823555 -0.567237 0.000000 47.753216 0.567237 0.823555 0.000000 16.941496 0.000000 0.000000 1.000000 0.000000
0.819340 -0.573308 0.000000 49.417206 0.573308 0.819340 0.000000 18.088534 0.000000 0.000000 1.000000 0.000000
0.817495 -0.575936 0.000000 51.063701 0.575936 0.817495 0.000000 19.245701 0.000000 0.000000 1.000000 0.000000
0.818568 -0.574409 0.000000 52.717779 0.574409 0.818568 0.000000 20.409894 0.000000 0.000000 1.000000 0.000000
0.819802 -0.572647 0.000000 54.373977 0.572647 0.819802 0.000000 21.569285 0.000000 0.000000 1.000000 0.000000
0.821752 -0.569845 0.000000 56.019311 0.569845 0.821752 0.000000 22.714893 0.000000 0.000000 1.000000 0.000000
0.824445 -0.565943 0.000000 57.677062 0.565943 0.824445 0.000000 23.858019 0.000000 0.000000 1.000000 0.000000
0.828338 -0.560228 0.000000 59.332703 0.560228 0.828338 0.000000 24.985661 0.000000 0.000000 1.000000 0.000000
0.833654 -0.552287 0.000000 60.989093 0.552287 0.833654 0.000000 26.093938 0.000000 0.000000 1.000000 0.000000
0.839752 -0.542970 0.000000 62.662399 0.542970 0.839752 0.000000 27.187411 0.000000 0.000000 1.000000 0.000000
0.846373 -0.532590 0.000000 64.336542 0.532590 0.846373 0.000000 28.246138 0.000000 0.000000 1.000000 0.000000
0.853427 -0.521212 0.000000 66.033531 0.521212 0.853427 0.000000 29.290680 0.000000 0.000000 1.000000 0.000000
0.860772 -0.508991 0.000000 67.741345 0.508991 0.860772 0.000000 30.311517 0.000000 0.000000 1.000000 0.000000
0.868127 -0.496343 0.000000 69.477937 0.496343 0.868127 0.000000 31.317537 0.000000 0.000000 1.000000 0.000000
0.875828 -0.482623 0.000000 71.251216 0.482623 0.875828 0.000000 32.306726 0.000000 0.000000 1.000000 0.000000
0.884576 -0.466397 0.000000 73.045225 0.466397 0.884576 0.000000 33.271620 0.000000 0.000000 1.000000 0.000000
0.893145 -0.449768 0.000000 74.853170 0.449768 0.893145 0.000000 34.204746 0.000000 0.000000 1.000000 0.000000
0.902468 -0.430758 0.000000 76.673854 0.430758 0.902468 0.000000 35.103352 0.000000 0.000000 1.000000 0.000000
0.912437 -0.409217 0.000000 78.493742 0.409217 0.912437 0.000000 35.946988 0.000000 0.000000 1.000000 0.000000
0.922089 -0.386978 0.000000 80.342975 0.386978 0.922089 0.000000 36.751215 0.000000 0.000000 1.000000 0.000000
0.931038 -0.364922 0.000000 82.215534 0.364922 0.931038 0.000000 37.511952 0.000000 0.000000 1.000000 0.000000
0.939588 -0.342309 0.000000 84.114189 0.342309 0.939588 0.000000 38.229751 0.000000 0.000000 1.000000 0.000000
0.947174 -0.320720 0.000000 86.055077 0.320720 0.947174 0.000000 38.909207 0.000000 0.000000 1.000000 0.000000
0.954365 -0.298643 0.000000 88.016264 0.298643 0.954365 0.000000 39.548454 0.000000 0.000000 1.000000 0.000000
0.961111 -0.276163 0.000000 89.994326 0.276163 0.961111 0.000000 40.145404 0.000000 0.000000 1.000000 0.000000
0.967297 -0.253646 0.000000 91.988303 0.253646 0.967297 0.000000 40.698430 0.000000 0.000000 1.000000 0.000000
0.972768 -0.231779 0.000000 93.992347 0.231779 0.972768 0.000000 41.199398 0.000000 0.000000 1.000000 0.000000
0.977136 -0.212616 0.000000 96.027077 0.212616 0.977136 0.000000 41.664711 0.000000 0.000000 1.000000 0.000000
0.980915 -0.194437 0.000000 98.068827 0.194437 0.980915 0.000000 42.091383 0.000000 0.000000 1.000000 0.000000
0.984048 -0.177903 0.000000 100.121464 0.177903 0.984048 0.000000 42.483242 0.000000 0.000000 1.000000 0.000000
0.986976 -0.160865 0.000000 102.183160 0.160865 0.986976 0.000000 42.835423 0.000000 0.000000 1.000000 0.000000
0.989668 -0.143379 0.000000 104.257637 0.143379 0.989668 0.000000 43.153941 0.000000 0.000000 1.000000 0.000000
0.992020 -0.126084 0.000000 106.347831 0.126084 0.992020 0.000000 43.438562 0.000000 0.000000 1.000000 0.000000
0.994284 -0.106767 0.000000 108.447973 0.106767 0.994284 0.000000 43.686902 0.000000 0.000000 1.000000 0.000000
0.996202 -0.087077 0.000000 110.593168 0.087077 0.996202 0.000000 43.901746 0.000000 0.000000 1.000000 0.000000
0.997753 -0.066997 0.000000 112.736767 0.066997 0.997753 0.000000 44.073706 0.000000 0.000000 1.000000 0.000000
0.998886 -0.047195 0.000000 114.879595 0.047195 0.998886 0.000000 44.202527 0.000000 0.000000 1.000000 0.000000
0.999622 -0.027489 0.000000 117.034813 0.027489 0.999622 0.000000 44.289024 0.000000 0.000000 1.000000 0.000000
0.999977 -0.006775 0.000000 119.198420 0.006775 0.999977 0.000000 44.335075 0.000000 0.000000 1.000000 0.000000
0.999910 0.013380 0.000000 121.357538 -0.013380 0.999910 -0.000000 44.335420 -0.000000 0.000000 1.000000 0.000000
0.999418 0.034122 0.000000 123.531752 -0.034122 0.999418 -0.000000 44.289843 -0.000000 0.000000 1.000000 0.000000
0.998505 0.054653 0.000000 125.716020 -0.054653 0.998505 -0.000000 44.198113 -0.000000 0.000000 1.000000 0.000000
0.997118 0.075865 0.000000 127.896810 -0.075865 0.997118 -0.000000 44.065160 -0.000000 0.000000 1.000000 0.000000
0.995461 0.095167 0.000000 130.090319 -0.095167 0.995461 -0.000000 43.883615 -0.000000 0.000000 1.000000 0.000000
0.993532 0.113553 0.000000 132.287712 -0.113553 0.993532 -0.000000 43.657913 -0.000000 0.000000 1.000000 0.000000
0.991358 0.131188 0.000000 134.494873 -0.131188 0.991358 -0.000000 43.387815 -0.000000 0.000000 1.000000 0.000000
0.988984 0.148020 0.000000 136.703063 -0.148020 0.988984 -0.000000 43.080138 -0.000000 0.000000 1.000000 0.000000
0.986218 0.165449 0.000000 138.917269 -0.165449 0.986218 -0.000000 42.730514 -0.000000 0.000000 1.000000 0.000000
0.982988 0.183668 0.000000 141.128101 -0.183668 0.982988 -0.000000 42.339033 -0.000000 0.000000 1.000000 0.000000
0.979212 0.202840 0.000000 143.359276 -0.202840 0.979212 -0.000000 41.897567 -0.000000 0.000000 1.000000 0.000000
0.975161 0.221497 0.000000 145.591772 -0.221497 0.975161 -0.000000 41.404685 -0.000000 0.000000 1.000000 0.000000
0.970595 0.240720 0.000000 147.821994 -0.240720 0.970595 -0.000000 40.868004 -0.000000 0.000000 1.000000 0.000000
0.965692 0.259689 0.000000 150.066721 -0.259689 0.965692 -0.000000 40.281729 -0.000000 0.000000 1.000000 0.000000
0.960532 0.278170 0.000000 152.312058 -0.278170 0.960532 -0.000000 39.647861 -0.000000 0.000000 1.000000 0.000000
0.955864 0.293809 0.000000 154.568008 -0.293809 0.955864 -0.000000 38.954495 -0.000000 0.000000 1.000000 0.000000
0.951084 0.308933 0.000000 156.804423 -0.308933 0.951084 -0.000000 38.233148 -0.000000 0.000000 1.000000 0.000000
0.946233 0.323486 0.000000 159.056477 -0.323486 0.946233 -0.000000 37.472529 -0.000000 0.000000 1.000000 0.000000
0.940660 0.339350 0.000000 161.314626 -0.339350 0.940660 -0.000000 36.679191 -0.000000 0.000000 1.000000 0.000000
0.934590 0.355727 0.000000 163.577546 -0.355727 0.934590 -0.000000 35.841799 -0.000000 0.000000 1.000000 0.000000
0.928249 0.371958 0.000000 165.839306 -0.371958 0.928249 -0.000000 34.959370 -0.000000 0.000000 1.000000 0.000000
0.921843 0.387563 0.000000 168.088515 -0.387563 0.921843 -0.000000 34.036534 -0.000000 0.000000 1.000000 0.000000
0.916676 0.399631 0.000000 170.344316 -0.399631 0.916676 -0.000000 33.070510 -0.000000 0.000000 1.000000 0.000000
0.911218 0.411924 0.000000 172.596606 -0.411924 0.911218 -0.000000 32.071769 -0.000000 0.000000 1.000000 0.000000
0.905014 0.425381 0.000000 174.845835 -0.425381 0.905014 -0.000000 31.036824 -0.000000 0.000000 1.000000 0.000000
0.897562 0.440888 0.000000 177.083938 -0.440888 0.897562 -0.000000 29.962972 -0.000000 0.000000 1.000000 0.000000
0.888897 0.458107 0.000000 179.307136 -0.458107 0.888897 -0.000000 28.845469 -0.000000 0.000000 1.000000 0.000000
0.879525 0.475852 0.000000 181.520080 -0.475852 0.879525 -0.000000 27.678980 -0.000000 0.000000 1.000000 0.000000
0.868919 0.494955 0.000000 183.707516 -0.494955 0.868919 -0.000000 26.465677 -0.000000 0.000000 1.000000 0.000000
0.856979 0.515352 0.000000 185.853786 -0.515352 0.856979 -0.000000 25.211289 -0.000000 0.000000 1.000000 0.000000
0.841987 0.539498 0.000000 187.947079 -0.539498 0.841987 -0.000000 23.914028 -0.000000 0.000000 1.000000 0.000000
0.826304 0.563224 0.000000 189.992768 -0.563224 0.826304 -0.000000 22.563822 -0.000000 0.000000 1.000000 0.000000
0.810140 0.586236 0.000000 191.987365 -0.586236 0.810140 -0.000000 21.164767 -0.000000 0.000000 1.000000 0.000000
0.793548 0.608507 0.000000 193.916368 -0.608507 0.793548 -0.000000 19.729136 -0.000000 0.000000 1.000000 0.000000
0.776270 0.630400 0.000000 195.801263 -0.630400 0.776270 -0.000000 18.243617 -0.000000 0.000000 1.000000 0.000000
0.758004 0.652250 0.000000 197.635241 -0.652250 0.758004 -0.000000 16.713274 -0.000000 0.000000 1.000000 0.000000
0.738434 0.674326 0.000000 199.424311 -0.674326 0.738434 -0.000000 15.130260 -0.000000 0.000000 1.000000 0.000000
0.717285 0.696780 0.000000 201.154183 -0.696780 0.717285 -0.000000 13.503161 -0.000000 0.000000 1.000000 0.000000
0.695445 0.718580 0.000000 202.827700 -0.718580 0.695445 -0.000000 11.829019 -0.000000 0.000000 1.000000 0.000000
0.673169 0.739489 0.000000 204.435828 -0.739489 0.673169 -0.000000 10.118623 -0.000000 0.000000 1.000000 0.000000
0.650622 0.759401 0.000000 205.989886 -0.759401 0.650622 -0.000000 8.361967 -0.000000 0.000000 1.000000 0.000000
0.628309 0.777964 0.000000 207.474311 -0.777964 0.628309 -0.000000 6.579694 -0.000000 0.000000 1.000000 0.000000
0.608110 0.793852 0.000000 208.895720 -0.793852 0.608110 -0.000000 4.773789 -0.000000 0.000000 1.000000 0.000000
0.590839 0.806790 0.000000 210.262855 -0.806790 0.590839 -0.000000 2.950520 -0.000000 0.000000 1.000000 0.000000
0.579226 0.815167 0.000000 211.586277 -0.815167 0.579226 -0.000000 1.116883 -0.000000 0.000000 1.000000 0.000000
0.568961 0.822364 0.000000 212.874002 -0.822364 0.568961 -0.000000 -0.717750 -0.000000 0.000000 1.000000 0.000000
0.559530 0.828810 0.000000 214.134066 -0.828810 0.559530 -0.000000 -2.560141 -0.000000 0.000000 1.000000 0.000000
0.552402 0.833578 0.000000 215.374842 -0.833578 0.552402 -0.000000 -4.414568 -0.000000 0.000000 1.000000 0.000000
0.551811 0.833969 0.000000 216.608159 -0.833969 0.551811 -0.000000 -6.277451 -0.000000 0.000000 1.000000 0.000000
0.555691 0.831389 0.000000 217.834935 -0.831389 0.555691 -0.000000 -8.122134 -0.000000 0.000000 1.000000 0.000000
0.561536 0.827452 0.000000 219.074660 -0.827452 0.561536 -0.000000 -9.962740 -0.000000 0.000000 1.000000 0.000000
0.568307 0.822817 0.000000 220.325588 -0.822817 0.568307 -0.000000 -11.787977 -0.000000 0.000000 1.000000 0.000000
0.578451 0.815717 0.000000 221.588358 -0.815717 0.578451 -0.000000 -13.592775 -0.000000 0.000000 1.000000 0.000000
0.590842 0.806787 0.000000 222.866661 -0.806787 0.590842 -0.000000 -15.367256 -0.000000 0.000000 1.000000 0.000000
0.606120 0.795374 0.000000 224.167130 -0.795374 0.606120 -0.000000 -17.109528 -0.000000 0.000000 1.000000 0.000000
0.624623 0.780926 0.000000 225.505457 -0.780926 0.624623 -0.000000 -18.823876 -0.000000 0.000000 1.000000 0.000000
0.645209 0.764006 0.000000 226.877098 -0.764006 0.645209 -0.000000 -20.493204 -0.000000 0.000000 1.000000 0.000000
0.666407 0.745588 0.000000 228.291007 -0.745588 0.666407 -0.000000 -22.121839 -0.000000 0.000000 1.000000 0.000000
0.689588 0.724201 0.000000 229.752706 -0.724201 0.689588 -0.000000 -23.709767 -0.000000 0.000000 1.000000 0.000000
0.716589 0.697496 0.000000 231.282949 -0.697496 0.716589 -0.000000 -25.257500 -0.000000 0.000000 1.000000 0.000000
0.744952 0.667118 0.000000 232.855441 -0.667118 0.744952 -0.000000 -26.727772 -0.000000 0.000000 1.000000 0.000000
0.774932 0.632044 0.000000 234.507709 -0.632044 0.774932 -0.000000 -28.142544 -0.000000 0.000000 1.000000 0.000000
0.804074 0.594529 0.000000 236.240131 -0.594529 0.804074 -0.000000 -29.489807 -0.000000 0.000000 1.000000 0.000000
0.832100 0.554625 0.000000 238.049044 -0.554625 0.832100 -0.000000 -30.761530 -0.000000 0.000000 1.000000 0.000000
0.858254 0.513225 0.000000 239.916065 -0.513225 0.858254 -0.000000 -31.942121 -0.000000 0.000000 1.000000 0.000000
0.882722 0.469895 0.000000 241.858319 -0.469895 0.882722 -0.000000 -33.041026 -0.000000 0.000000 1.000000 0.000000
0.904487 0.426502 0.000000 243.859780 -0.426502 0.904487 -0.000000 -34.046001 -0.000000 0.000000 1.000000 0.000000
0.921362 0.388706 0.000000 245.935274 -0.388706 0.921362 -0.000000 -34.970767 -0.000000 0.000000 1.000000 0.000000
0.931338 0.364157 0.000000 248.059907 -0.364157 0.931338 -0.000000 -35.831813 -0.000000 0.000000 1.000000 0.000000
0.939355 0.342947 0.000000 250.212639 -0.342947 0.939355 -0.000000 -36.645917 -0.000000 0.000000 1.000000 0.000000
0.945754 0.324884 0.000000 252.419605 -0.324884 0.945754 -0.000000 -37.426898 -0.000000 0.000000 1.000000 0.000000
0.950700 0.310112 0.000000 254.643895 -0.310112 0.950700 -0.000000 -38.169438 -0.000000 0.000000 1.000000 0.000000
0.954715 0.297522 0.000000 256.901030 -0.297522 0.954715 -0.000000 -38.887616 -0.000000 0.000000 1.000000 0.000000
0.957314 0.289050 0.000000 259.181266 -0.289050 0.957314 -0.000000 -39.586795 -0.000000 0.000000 1.000000 0.000000
0.959879 0.280416 0.000000 261.488438 -0.280416 0.959879 -0.000000 -40.271629 -0.000000 0.000000 1.000000 0.000000
0.962286 0.272041 0.000000 263.817291 -0.272041 0.962286 -0.000000 -40.939444 -0.000000 0.000000 1.000000 0.000000
0.964959 0.262401 0.000000 266.165603 -0.262401 0.964959 -0.000000 -41.590103 -0.000000 0.000000 1.000000 0.000000
0.967486 0.252924 0.000000 268.556298 -0.252924 0.967486 -0.000000 -42.227839 -0.000000 0.000000 1.000000 0.000000
0.969820 0.243822 0.000000 270.953141 -0.243822 0.969820 -0.000000 -42.842182 -0.000000 0.000000 1.000000 0.000000
0.972058 0.234743 0.000000 273.378251 -0.234743 0.972058 -0.000000 -43.438935 -0.000000 0.000000 1.000000 0.000000
0.973998 0.226558 0.000000 275.826785 -0.226558 0.973998 -0.000000 -44.018767 -0.000000 0.000000 1.000000 0.000000
0.975305 0.220864 0.000000 278.302690 -0.220864 0.975305 -0.000000 -44.586565 -0.000000 0.000000 1.000000 0.000000
0.976459 0.215703 0.000000 280.789479 -0.215703 0.976459 -0.000000 -45.142637 -0.000000 0.000000 1.000000 0.000000
0.977599 0.210478 0.000000 283.309981 -0.210478 0.977599 -0.000000 -45.691331 -0.000000 0.000000 1.000000 0.000000
0.978572 0.205906 0.000000 285.836388 -0.205906 0.978572 -0.000000 -46.229189 -0.000000 0.000000 1.000000 0.000000
0.979445 0.201712 0.000000 288.388446 -0.201712 0.979445 -0.000000 -46.760505 -0.000000 0.000000 1.000000 0.000000
0.980336 0.197338 0.000000 290.957403 -0.197338 0.980336 -0.000000 -47.283575 -0.000000 0.000000 1.000000 0.000000
0.981164 0.193178 0.000000 293.523109 -0.193178 0.981164 -0.000000 -47.794251 -0.000000 0.000000 1.000000 0.000000
0.981998 0.188891 0.000000 296.078835 -0.188891 0.981998 -0.000000 -48.291420 -0.000000 0.000000 1.000000 0.000000
0.982729 0.185051 0.000000 298.620440 -0.185051 0.982729 -0.000000 -48.775294 -0.000000 0.000000 1.000000 0.000000
0.983493 0.180948 0.000000 301.134993 -0.180948 0.983493 -0.000000 -49.243403 -0.000000 0.000000 1.000000 0.000000
0.984160 0.177281 0.000000 303.651879 -0.177281 0.984160 -0.000000 -49.701488 -0.000000 0.000000 1.000000 0.000000
0.984881 0.173232 0.000000 306.148178 -0.173232 0.984881 -0.000000 -50.145816 -0.000000 0.000000 1.000000 0.000000
0.985544 0.169422 0.000000 308.623185 -0.169422 0.985544 -0.000000 -50.576682 -0.000000 0.000000 1.000000 0.000000
0.986338 0.164734 0.000000 311.091986 -0.164734 0.986338 -0.000000 -50.995355 -0.000000 0.000000 1.000000 0.000000
0.987202 0.159477 0.000000 313.542453 -0.159477 0.987202 -0.000000 -51.398591 -0.000000 0.000000 1.000000 0.000000
0.987938 0.154850 0.000000 315.982340 -0.154850 0.987938 -0.000000 -51.787144 -0.000000 0.000000 1.000000 0.000000
0.988456 0.151507 0.000000 318.394482 -0.151507 0.988456 -0.000000 -52.161274 -0.000000 0.000000 1.000000 0.000000
0.988836 0.149005 0.000000 320.801316 -0.149005 0.988836 -0.000000 -52.527338 -0.000000 0.000000 1.000000 0.000000
0.988894 0.148624 0.000000 323.190735 -0.148624 0.988894 -0.000000 -52.887558 -0.000000 0.000000 1.000000 0.000000
0.988623 0.150412 0.000000 325.581353 -0.150412 0.988623 -0.000000 -53.248425 -0.000000 0.000000 1.000000 0.000000
0.987847 0.155428 0.000000 327.963951 -0.155428 0.987847 -0.000000 -53.616995 -0.000000 0.000000 1.000000 0.000000
0.986370 0.164541 0.000000 330.349988 -0.164541 0.986370 -0.000000 -54.002449 -0.000000 0.000000 1.000000 0.000000
0.984356 0.176191 0.000000 332.719286 -0.176191 0.984356 -0.000000 -54.412770 -0.000000 0.000000 1.000000 0.000000
0.982727 0.185059 0.000000 335.097031 -0.185059 0.982727 -0.000000 -54.849556 -0.000000 0.000000 1.000000 0.000000
0.981806 0.189886 0.000000 337.466775 -0.189886 0.981806 -0.000000 -55.303156 -0.000000 0.000000 1.000000 0.000000
0.981798 0.189926 0.000000 339.845420 -0.189926 0.981798 -0.000000 -55.764779 -0.000000 0.000000 1.000000 0.000000
0.981704 0.190412 0.000000 342.227148 -0.190412 0.981704 -0.000000 -56.227265 -0.000000 0.000000 1.000000 0.000000
0.981485 0.191540 0.000000 344.604613 -0.191540 0.981485 -0.000000 -56.691470 -0.000000 0.000000 1.000000 0.000000
0.982249 0.187581 0.000000 346.983602 -0.187581 0.982249 -0.000000 -57.152728 -0.000000 0.000000 1.000000 0.000000
0.983204 0.182508 0.000000 349.351835 -0.182508 0.983204 -0.000000 -57.599241 -0.000000 0.000000 1.000000 0.000000
0.983931 0.178548 0.000000 351.706017 -0.178548 0.983931 -0.000000 -58.032603 -0.000000 0.000000 1.000000 0.000000
0.984127 0.177467 0.000000 354.049871 -0.177467 0.984127 -0.000000 -58.456955 -0.000000 0.000000 1.000000 0.000000
0.984004 0.178147 0.000000 356.377778 -0.178147 0.984004 -0.000000 -58.877769 -0.000000 0.000000 1.000000 0.000000
0.983879 0.178833 0.000000 358.685426 -0.178833 0.983879 -0.000000 -59.296742 -0.000000 0.000000 1.000000 0.000000
0.983733 0.179634 0.000000 360.971902 -0.179634 0.983733 -0.000000 -59.714433 -0.000000 0.000000 1.000000 0.000000
0.983803 0.179253 0.000000 363.244852 -0.179253 0.983803 -0.000000 -60.129953 -0.000000 0.000000 1.000000 0.000000
0.984242 0.176826 0.000000 365.484272 -0.176826 0.984242 -0.000000 -60.535470 -0.000000 0.000000 1.000000 0.000000
0.984640 0.174598 0.000000 367.678515 -0.174598 0.984640 -0.000000 -60.927215 -0.000000 0.000000 1.000000 0.000000
0.985027 0.172402 0.000000 369.815190 -0.172402 0.985027 -0.000000 -61.304051 -0.000000 0.000000 1.000000 0.000000
0.985366 0.170451 0.000000 371.878802 -0.170451 0.985366 -0.000000 -61.663615 -0.000000 0.000000 1.000000 0.000000
0.985686 0.168591 0.000000 373.867336 -0.168591 0.985686 -0.000000 -62.005983 -0.000000 0.000000 1.000000 0.000000
0.985960 0.166980 0.000000 375.789062 -0.166980 0.985960 -0.000000 -62.333492 -0.000000 0.000000 1.000000 0.000000
0.986175 0.165706 0.000000 377.654603 -0.165706 0.986175 -0.000000 -62.648816 -0.000000 0.000000 1.000000 0.000000
0.986344 0.164699 0.000000 379.467226 -0.164699 0.986344 -0.000000 -62.953009 -0.000000 0.000000 1.000000 0.000000
0.986409 0.164308 0.000000 381.220805 -0.164308 0.986409 -0.000000 -63.245488 -0.000000 0.000000 1.000000 0.000000
0.986252 0.165250 0.000000 382.905885 -0.165250 0.986252 -0.000000 -63.527095 -0.000000 0.000000 1.000000 0.000000
0.985663 0.168726 0.000000 384.525340 -0.168726 0.985663 -0.000000 -63.800598 -0.000000 0.000000 1.000000 0.000000
0.983644 0.180121 0.000000 386.072046 -0.180121 0.983644 -0.000000 -64.072890 -0.000000 0.000000 1.000000 0.000000
0.978889 0.204394 0.000000 387.539229 -0.204394 0.978889 -0.000000 -64.357477 -0.000000 0.000000 1.000000 0.000000
0.956731 0.290975 0.000000 390.195751 -0.290975 0.956731 -0.000000 -65.021738 -0.000000 0.000000 1.000000 0.000000
0.913333 0.407214 0.000000 392.496072 -0.407214 0.913333 -0.000000 -65.865139 -0.000000 0.000000 1.000000 0.000000
0.840071 0.542476 0.000000 394.484453 -0.542476 0.840071 -0.000000 -66.933282 -0.000000 0.000000 1.000000 0.000000
0.733468 0.679724 0.000000 396.207691 -0.679724 0.733468 -0.000000 -68.259094 -0.000000 0.000000 1.000000 0.000000
0.670678 0.741749 0.000000 396.958838 -0.741749 0.670678 -0.000000 -69.017716 -0.000000 0.000000 1.000000 0.000000
0.544319 0.838878 0.000000 398.271570 -0.838878 0.544319 -0.000000 -70.727332 -0.000000 0.000000 1.000000 0.000000
0.421088 0.907020 0.000000 399.329244 -0.907020 0.421088 -0.000000 -72.648431 -0.000000 0.000000 1.000000 0.000000
0.308758 0.951141 0.000000 400.162772 -0.951141 0.308758 -0.000000 -74.765450 -0.000000 0.000000 1.000000 0.000000
0.218190 0.975906 0.000000 400.793118 -0.975906 0.218190 -0.000000 -77.074911 -0.000000 0.000000 1.000000 0.000000
0.127905 0.991786 0.000000 401.232343 -0.991786 0.127905 -0.000000 -79.568448 -0.000000 0.000000 1.000000 0.000000
0.031489 0.999504 0.000000 401.453463 -0.999504 0.031489 -0.000000 -82.272884 -0.000000 0.000000 1.000000 0.000000
-0.063457 0.997985 0.000000 401.401404 -0.997985 -0.063457 -0.000000 -85.184215 -0.000000 0.000000 1.000000 0.000000
-0.099249 0.995063 0.000000 401.276773 -0.995063 -0.099249 -0.000000 -86.711476 -0.000000 0.000000 1.000000 0.000000
-0.129437 0.991588 0.000000 401.094485 -0.991588 -0.129437 -0.000000 -88.294017 -0.000000 0.000000 1.000000 0.000000
-0.158095 0.987424 0.000000 400.855825 -0.987424 -0.158095 -0.000000 -89.920863 -0.000000 0.000000 1.000000 0.000000
-0.179747 0.983713 0.000000 400.567124 -0.983713 -0.179747 -0.000000 -91.591459 -0.000000 0.000000 1.000000 0.000000
-0.196411 0.980522 0.000000 400.236582 -0.980522 -0.196411 -0.000000 -93.309999 -0.000000 0.000000 1.000000 0.000000
-0.209375 0.977835 0.000000 399.866528 -0.977835 -0.209375 -0.000000 -95.084098 -0.000000 0.000000 1.000000 0.000000
-0.214313 0.976765 0.000000 399.466154 -0.976765 -0.214313 -0.000000 -96.902463 -0.000000 0.000000 1.000000 0.000000
-0.213461 0.976951 0.000000 399.054819 -0.976951 -0.213461 -0.000000 -98.764964 -0.000000 0.000000 1.000000 0.000000
-0.212496 0.977162 0.000000 398.634656 -0.977162 -0.212496 -0.000000 -100.682164 -0.000000 0.000000 1.000000 0.000000
-0.211392 0.977401 0.000000 398.204777 -0.977401 -0.211392 -0.000000 -102.661480 -0.000000 0.000000 1.000000 0.000000
-0.210970 0.977493 0.000000 397.766754 -0.977493 -0.210970 -0.000000 -104.686259 -0.000000 0.000000 1.000000 0.000000
-0.209634 0.977780 0.000000 397.318084 -0.977780 -0.209634 -0.000000 -106.768114 -0.000000 0.000000 1.000000 0.000000
-0.208446 0.978034 0.000000 396.862248 -0.978034 -0.208446 -0.000000 -108.900990 -0.000000 0.000000 1.000000 0.000000
-0.208440 0.978035 0.000000 396.396260 -0.978035 -0.208440 -0.000000 -111.083915 -0.000000 0.000000 1.000000 0.000000
-0.210431 0.977609 0.000000 395.913600 -0.977609 -0.210431 -0.000000 -113.322389 -0.000000 0.000000 1.000000 0.000000
-0.212578 0.977144 0.000000 395.421330 -0.977144 -0.212578 -0.000000 -115.586302 -0.000000 0.000000 1.000000 0.000000
-0.214903 0.976635 0.000000 394.919964 -0.976635 -0.214903 -0.000000 -117.871537 -0.000000 0.000000 1.000000 0.000000
-0.214440 0.976737 0.000000 394.415084 -0.976737 -0.214440 -0.000000 -120.157353 -0.000000 0.000000 1.000000 0.000000
-0.212413 0.977180 0.000000 393.910045 -0.977180 -0.212413 -0.000000 -122.453629 -0.000000 0.000000 1.000000 0.000000
-0.210585 0.977575 0.000000 393.405072 -0.977575 -0.210585 -0.000000 -124.780985 -0.000000 0.000000 1.000000 0.000000
-0.208803 0.977958 0.000000 392.902436 -0.977958 -0.208803 -0.000000 -127.119438 -0.000000 0.000000 1.000000 0.000000
-0.207291 0.978279 0.000000 392.396814 -0.978279 -0.207291 -0.000000 -129.490128 -0.000000 0.000000 1.000000 0.000000
-0.205747 0.978605 0.000000 391.887587 -0.978605 -0.205747 -0.000000 -131.884592 -0.000000 0.000000 1.000000 0.000000
-0.204728 0.978819 0.000000 391.376779 -0.978819 -0.204728 -0.000000 -134.311452 -0.000000 0.000000 1.000000 0.000000
-0.204341 0.978900 0.000000 390.860768 -0.978900 -0.204341 -0.000000 -136.777540 -0.000000 0.000000 1.000000 0.000000
-0.205774 0.978600 0.000000 390.338177 -0.978600 -0.205774 -0.000000 -139.263079 -0.000000 0.000000 1.000000 0.000000
-0.207975 0.978134 0.000000 389.803121 -0.978134 -0.207975 -0.000000 -141.784116 -0.000000 0.000000 1.000000 0.000000
-0.210067 0.977687 0.000000 389.257655 -0.977687 -0.210067 -0.000000 -144.328195 -0.000000 0.000000 1.000000 0.000000
-0.212622 0.977134 0.000000 388.699022 -0.977134 -0.212622 -0.000000 -146.908729 -0.000000 0.000000 1.000000 0.000000
-0.217084 0.976153 0.000000 388.124475 -0.976153 -0.217084 -0.000000 -149.514460 -0.000000 0.000000 1.000000 0.000000
-0.221868 0.975077 0.000000 387.528299 -0.975077 -0.221868 -0.000000 -152.157536 -0.000000 0.000000 1.000000 0.000000
-0.227420 0.973797 0.000000 386.913555 -0.973797 -0.227420 -0.000000 -154.818424 -0.000000 0.000000 1.000000 0.000000
-0.233690 0.972311 0.000000 386.278799 -0.972311 -0.233690 -0.000000 -157.497318 -0.000000 0.000000 1.000000 0.000000
-0.241258 0.970461 0.000000 385.614357 -0.970461 -0.241258 -0.000000 -160.213185 -0.000000 0.000000 1.000000 0.000000
-0.250567 0.968099 0.000000 384.918904 -0.968099 -0.250567 -0.000000 -162.947986 -0.000000 0.000000 1.000000 0.000000
-0.260663 0.965430 0.000000 384.189430 -0.965430 -0.260663 -0.000000 -165.703370 -0.000000 0.000000 1.000000 0.000000
-0.270835 0.962626 0.000000 383.427832 -0.962626 -0.270835 -0.000000 -168.464990 -0.000000 0.000000 1.000000 0.000000
-0.281219 0.959644 0.000000 382.626492 -0.959644 -0.281219 -0.000000 -171.253519 -0.000000 0.000000 1.000000 0.000000
-0.292279 0.956333 0.000000 381.786923 -0.956333 -0.292279 -0.000000 -174.057943 -0.000000 0.000000 1.000000 0.000000
-0.302999 0.952991 0.000000 380.901536 -0.952991 -0.302999 -0.000000 -176.894979 -0.000000 0.000000 1.000000 0.000000
-0.315501 0.948925 0.000000 379.994621 -0.948925 -0.315501 -0.000000 -179.688700 -0.000000 0.000000 1.000000 0.000000
-0.327918 0.944706 0.000000 379.033702 -0.944706 -0.327918 -0.000000 -182.520983 -0.000000 0.000000 1.000000 0.000000
-0.342392 0.939557 0.000000 378.031424 -0.939557 -0.342392 -0.000000 -185.339500 -0.000000 0.000000 1.000000 0.000000
-0.358519 0.933522 0.000000 376.974701 -0.933522 -0.358519 -0.000000 -188.169964 -0.000000 0.000000 1.000000 0.000000
-0.377623 0.925960 0.000000 375.859766 -0.925960 -0.377623 -0.000000 -190.990753 -0.000000 0.000000 1.000000 0.000000
-0.395375 0.918520 0.000000 374.679647 -0.918520 -0.395375 -0.000000 -193.807498 -0.000000 0.000000 1.000000 0.000000
-0.411232 0.911531 0.000000 373.439228 -0.911531 -0.411232 -0.000000 -196.626549 -0.000000 0.000000 1.000000 0.000000
-0.426807 0.904343 0.000000 372.149727 -0.904343 -0.426807 -0.000000 -199.423331 -0.000000 0.000000 1.000000 0.000000
-0.441422 0.897300 0.000000 370.801159 -0.897300 -0.441422 -0.000000 -202.223996 -0.000000 0.000000 1.000000 0.000000
-0.452997 0.891512 0.000000 369.404951 -0.891512 -0.452997 -0.000000 -205.018414 -0.000000 0.000000 1.000000 0.000000
-0.464289 0.885684 0.000000 367.968903 -0.885684 -0.464289 -0.000000 -207.803490 -0.000000 0.000000 1.000000 0.000000
-0.475580 0.879672 0.000000 366.490468 -0.879672 -0.475580 -0.000000 -210.584582 -0.000000 0.000000 1.000000 0.000000
-0.486606 0.873621 0.000000 364.975763 -0.873621 -0.486606 -0.000000 -213.347112 -0.000000 0.000000 1.000000 0.000000
-0.498031 0.867159 0.000000 363.411198 -0.867159 -0.498031 -0.000000 -216.116164 -0.000000 0.000000 1.000000 0.000000
-0.508949 0.860797 0.000000 361.813019 -0.860797 -0.508949 0.000000 -218.861123 0.000000 0.000000 1.000000 0.000000
-0.519989 0.854173 0.000000 360.174313 -0.854173 -0.519989 0.000000 -221.594198 0.000000 0.000000 1.000000 0.000000
-0.531453 0.847088 0.000000 358.490143 -0.847088 -0.531453 0.000000 -224.323875 0.000000 0.000000 1.000000 0.000000
-0.542631 0.839971 0.000000 356.753651 -0.839971 -0.542631 0.000000 -227.055309 0.000000 0.000000 1.000000 0.000000
-0.553512 0.832841 0.000000 354.986327 -0.832841 -0.553512 0.000000 -229.755630 0.000000 0.000000 1.000000 0.000000
-0.564798 0.825229 0.000000 353.175346 -0.825229 -0.564798 0.000000 -232.444247 0.000000 0.000000 1.000000 0.000000
-0.575178 0.818028 0.000000 351.322983 -0.818028 -0.575178 0.000000 -235.114925 0.000000 0.000000 1.000000 0.000000
-0.581848 0.813297 0.000000 349.449931 -0.813297 -0.581848 0.000000 -237.750162 0.000000 0.000000 1.000000 0.000000
-0.581956 0.813220 0.000000 347.582112 -0.813220 -0.581956 0.000000 -240.352978 0.000000 0.000000 1.000000 0.000000
-0.580139 0.814517 0.000000 345.715594 -0.814517 -0.580139 0.000000 -242.965227 0.000000 0.000000 1.000000 0.000000
-0.578746 0.815508 0.000000 343.892095 -0.815508 -0.578746 0.000000 -245.530353 0.000000 0.000000 1.000000 0.000000
-0.578049 0.816002 0.000000 342.068038 -0.816002 -0.578049 0.000000 -248.103177 0.000000 0.000000 1.000000 0.000000
-0.577313 0.816523 0.000000 340.255048 -0.816523 -0.577313 0.000000 -250.662186 0.000000 0.000000 1.000000 0.000000
-0.576752 0.816919 0.000000 338.453169 -0.816919 -0.576752 0.000000 -253.212236 0.000000 0.000000 1.000000 0.000000
-0.576207 0.817304 0.000000 336.662334 -0.817304 -0.576207 0.000000 -255.749945 0.000000 0.000000 1.000000 0.000000
-0.575897 0.817522 0.000000 334.878738 -0.817522 -0.575897 0.000000 -258.281303 0.000000 0.000000 1.000000 0.000000
-0.576365 0.817192 0.000000 333.104618 -0.817192 -0.576365 0.000000 -260.797779 0.000000 0.000000 1.000000 0.000000
-0.576867 0.816838 0.000000 331.336931 -0.816838 -0.576867 0.000000 -263.302951 0.000000 0.000000 1.000000 0.000000
-0.577623 0.816303 0.000000 329.579828 -0.816303 -0.577623 0.000000 -265.788276 0.000000 0.000000 1.000000 0.000000
-0.578987 0.815337 0.000000 327.825940 -0.815337 -0.578987 0.000000 -268.263501 0.000000 0.000000 1.000000 0.000000
-0.580485 0.814271 0.000000 326.079138 -0.814271 -0.580485 0.000000 -270.720440 0.000000 0.000000 1.000000 0.000000
-0.582412 0.812894 0.000000 324.330395 -0.812894 -0.582412 0.000000 -273.167574 0.000000 0.000000 1.000000 0.000000
-0.584799 0.811178 0.000000 322.566092 -0.811178 -0.584799 0.000000 -275.624005 0.000000 0.000000 1.000000 0.000000
-0.587821 0.808991 0.000000 320.819972 -0.808991 -0.587821 0.000000 -278.037414 0.000000 0.000000 1.000000 0.000000
-0.591137 0.806571 0.000000 319.051523 -0.806571 -0.591137 0.000000 -280.461268 0.000000 0.000000 1.000000 0.000000
-0.594033 0.804440 0.000000 317.311995 -0.804440 -0.594033 0.000000 -282.826409 0.000000 0.000000 1.000000 0.000000
-0.597525 0.801850 0.000000 315.558822 -0.801850 -0.597525 0.000000 -285.191215 0.000000 0.000000 1.000000 0.000000
-0.600781 0.799413 0.000000 313.797940 -0.799413 -0.600781 0.000000 -287.545570 0.000000 0.000000 1.000000 0.000000
-0.604758 0.796409 0.000000 312.024296 -0.796409 -0.604758 0.000000 -289.894756 0.000000 0.000000 1.000000 0.000000
-0.610250 0.792209 0.000000 310.241572 -0.792209 -0.610250 0.000000 -292.227352 0.000000 0.000000 1.000000 0.000000
-0.616148 0.787630 0.000000 308.448357 -0.787630 -0.616148 0.000000 -294.537658 0.000000 0.000000 1.000000 0.000000
-0.621912 0.783087 0.000000 306.641123 -0.783087 -0.621912 0.000000 -296.831677 0.000000 0.000000 1.000000 0.000000
-0.627447 0.778659 0.000000 304.825116 -0.778659 -0.627447 0.000000 -299.102829 0.000000 0.000000 1.000000 0.000000
-0.634263 0.773117 0.000000 302.980040 -0.773117 -0.634263 0.000000 -301.374424 0.000000 0.000000 1.000000 0.000000
-0.642240 0.766503 0.000000 301.110686 -0.766503 -0.642240 0.000000 -303.630512 0.000000 0.000000 1.000000 0.000000
-0.650612 0.759411 0.000000 299.219305 -0.759411 -0.650612 0.000000 -305.863852 0.000000 0.000000 1.000000 0.000000
-0.658649 0.752450 0.000000 297.301274 -0.752450 -0.658649 0.000000 -308.080414 0.000000 0.000000 1.000000 0.000000
-0.666588 0.745426 0.000000 295.365880 -0.745426 -0.666588 0.000000 -310.269359 0.000000 0.000000 1.000000 0.000000
-0.673717 0.738989 0.000000 293.397553 -0.738989 -0.673717 0.000000 -312.450080 0.000000 0.000000 1.000000 0.000000
-0.680978 0.732304 0.000000 291.402445 -0.732304 -0.680978 0.000000 -314.618994 0.000000 0.000000 1.000000 0.000000
-0.688515 0.725222 0.000000 289.396534 -0.725222 -0.688515 0.000000 -316.754925 0.000000 0.000000 1.000000 0.000000
-0.694755 0.719246 0.000000 287.367766 -0.719246 -0.694755 0.000000 -318.874394 0.000000 0.000000 1.000000 0.000000
-0.700788 0.713370 0.000000 285.320887 -0.713370 -0.700788 0.000000 -320.976844 0.000000 0.000000 1.000000 0.000000
-0.706578 0.707635 0.000000 283.265260 -0.707635 -0.706578 0.000000 -323.052993 0.000000 0.000000 1.000000 0.000000
-0.709470 0.704736 0.000000 281.185492 -0.704736 -0.709470 0.000000 -325.126351 0.000000 0.000000 1.000000 0.000000
-0.711868 0.702313 0.000000 279.101441 -0.702313 -0.711868 0.000000 -327.190275 0.000000 0.000000 1.000000 0.000000
-0.714233 0.699908 0.000000 277.001865 -0.699908 -0.714233 0.000000 -329.254846 0.000000 0.000000 1.000000 0.000000
-0.716609 0.697475 0.000000 274.908466 -0.697475 -0.716609 0.000000 -331.299866 0.000000 0.000000 1.000000 0.000000
-0.719283 0.694717 0.000000 272.801113 -0.694717 -0.719283 0.000000 -333.344665 0.000000 0.000000 1.000000 0.000000
-0.722100 0.691789 0.000000 270.682752 -0.691789 -0.722100 0.000000 -335.383185 0.000000 0.000000 1.000000 0.000000
-0.724758 0.689003 0.000000 268.551881 -0.689003 -0.724758 0.000000 -337.417551 0.000000 0.000000 1.000000 0.000000
-0.727911 0.685671 0.000000 266.420217 -0.685671 -0.727911 0.000000 -339.436160 0.000000 0.000000 1.000000 0.000000
-0.729576 0.683900 0.000000 264.280111 -0.683900 -0.729576 0.000000 -341.447084 0.000000 0.000000 1.000000 0.000000
-0.727509 0.686098 0.000000 262.131543 -0.686098 -0.727509 0.000000 -343.465301 0.000000 0.000000 1.000000 0.000000
-0.724234 0.689554 0.000000 259.989321 -0.689554 -0.724234 0.000000 -345.495294 0.000000 0.000000 1.000000 0.000000
-0.719838 0.694142 0.000000 257.858189 -0.694142 -0.719838 0.000000 -347.536505 0.000000 0.000000 1.000000 0.000000
-0.714258 0.699882 0.000000 255.714366 -0.699882 -0.714258 0.000000 -349.620793 0.000000 0.000000 1.000000 0.000000
-0.706608 0.707605 0.000000 253.602926 -0.707605 -0.706608 0.000000 -351.710107 0.000000 0.000000 1.000000 0.000000
-0.697029 0.717042 0.000000 251.487699 -0.717042 -0.697029 0.000000 -353.858372 0.000000 0.000000 1.000000 0.000000
-0.687549 0.726138 0.000000 249.389343 -0.726138 -0.687549 0.000000 -356.045985 0.000000 0.000000 1.000000 0.000000
-0.677795 0.735251 0.000000 247.319257 -0.735251 -0.677795 0.000000 -358.261584 0.000000 0.000000 1.000000 0.000000
-0.668132 0.744043 0.000000 245.257664 -0.744043 -0.668132 0.000000 -360.529478 0.000000 0.000000 1.000000 0.000000
-0.658510 0.752572 0.000000 243.222974 -0.752572 -0.658510 0.000000 -362.825336 0.000000 0.000000 1.000000 0.000000
-0.649141 0.760668 0.000000 241.209756 -0.760668 -0.649141 0.000000 -365.155776 0.000000 0.000000 1.000000 0.000000
-0.639571 0.768732 0.000000 239.216618 -0.768732 -0.639571 0.000000 -367.522653 0.000000 0.000000 1.000000 0.000000
-0.630844 0.775909 0.000000 237.244496 -0.775909 -0.630844 0.000000 -369.920975 0.000000 0.000000 1.000000 0.000000
-0.622073 0.782959 0.000000 235.217318 -0.782959 -0.622073 0.000000 -372.445987 0.000000 0.000000 1.000000 0.000000
-0.614924 0.788586 0.000000 233.350880 -0.788586 -0.614924 0.000000 -374.818253 0.000000 0.000000 1.000000 0.000000
-0.608190 0.793791 0.000000 231.434836 -0.793791 -0.608190 0.000000 -377.299474 0.000000 0.000000 1.000000 0.000000
-0.604605 0.796525 0.000000 229.522816 -0.796525 -0.604605 0.000000 -379.810691 0.000000 0.000000 1.000000 0.000000
-0.605982 0.795479 0.000000 227.604962 -0.795479 -0.605982 0.000000 -382.336236 0.000000 0.000000 1.000000 0.000000
-0.607481 0.794334 0.000000 225.673790 -0.794334 -0.607481 0.000000 -384.868357 0.000000 0.000000 1.000000 0.000000
-0.609071 0.793116 0.000000 223.732251 -0.793116 -0.609071 0.000000 -387.403019 0.000000 0.000000 1.000000 0.000000
-0.609728 0.792611 0.000000 221.788032 -0.792611 -0.609728 0.000000 -389.932241 0.000000 0.000000 1.000000 0.000000
-0.605335 0.795971 0.000000 219.835752 -0.795971 -0.605335 0.000000 -392.485906 0.000000 0.000000 1.000000 0.000000
-0.601531 0.798850 0.000000 217.893287 -0.798850 -0.601531 0.000000 -395.053774 0.000000 0.000000 1.000000 0.000000
-0.597636 0.801768 0.000000 215.955792 -0.801768 -0.597636 0.000000 -397.641336 0.000000 0.000000 1.000000 0.000000
-0.595158 0.803608 0.000000 214.017914 -0.803608 -0.595158 0.000000 -400.252519 0.000000 0.000000 1.000000 0.000000
-0.593555 0.804793 0.000000 212.084927 -0.804793 -0.593555 0.000000 -402.868466 0.000000 0.000000 1.000000 0.000000
-0.591822 0.806069 0.000000 210.153633 -0.806069 -0.591822 0.000000 -405.496168 0.000000 0.000000 1.000000 0.000000
-0.590301 0.807183 0.000000 208.215058 -0.807183 -0.590301 0.000000 -408.142948 0.000000 0.000000 1.000000 0.000000
-0.588601 0.808424 0.000000 206.284234 -0.808424 -0.588601 0.000000 -410.790225 0.000000 0.000000 1.000000 0.000000
-0.587053 0.809548 0.000000 204.352302 -0.809548 -0.587053 0.000000 -413.450739 0.000000 0.000000 1.000000 0.000000
-0.586342 0.810063 0.000000 202.439466 -0.810063 -0.586342 0.000000 -416.093528 0.000000 0.000000 1.000000 0.000000
-0.587356 0.809329 0.000000 200.537618 -0.809329 -0.587356 0.000000 -418.719937 0.000000 0.000000 1.000000 0.000000
-0.588561 0.808453 0.000000 198.640291 -0.808453 -0.588561 0.000000 -421.332078 0.000000 0.000000 1.000000 0.000000
-0.588990 0.808140 0.000000 196.748274 -0.808140 -0.588990 0.000000 -423.931662 0.000000 0.000000 1.000000 0.000000
-0.587212 0.809433 0.000000 194.861412 -0.809433 -0.587212 0.000000 -426.527486 0.000000 0.000000 1.000000 0.000000
-0.585392 0.810751 0.000000 192.997494 -0.810751 -0.585392 0.000000 -429.103777 0.000000 0.000000 1.000000 0.000000
