1.000000 -0.000164 0.000000 0.065682 0.000164 1.000000 0.000000 0.000235 0.000000 0.000000 1.000000 0.000000
0.999988 -0.004956 0.000000 1.921619 0.004956 0.999988 0.000000 0.005034 0.000000 0.000000 1.000000 0.000000
0.999985 -0.005477 0.000000 3.537390 0.005477 0.999985 0.000000 0.016923 0.000000 0.000000 1.000000 0.000000
0.999967 -0.008124 0.000000 5.457135 0.008124 0.999967 0.000000 0.037087 0.000000 0.000000 1.000000 0.000000
0.999946 -0.010375 0.000000 7.649472 0.010375 0.999946 0.000000 0.066047 0.000000 0.000000 1.000000 0.000000
0.999921 -0.012549 0.000000 10.094932 0.012549 0.999921 0.000000 0.102755 0.000000 0.000000 1.000000 0.000000
0.999903 -0.013923 0.000000 12.783742 0.013923 0.999903 0.000000 0.148369 0.000000 0.000000 1.000000 0.000000
0.999898 -0.014264 0.000000 15.700351 0.014264 0.999898 0.000000 0.202579 0.000000 0.000000 1.000000 0.000000
0.999931 -0.011745 0.000000 17.242383 0.011745 0.999931 0.000000 0.229255 0.000000 0.000000 1.000000 0.000000
0.999958 -0.009182 0.000000 18.839678 0.009182 0.999958 0.000000 0.252612 0.000000 0.000000 1.000000 0.000000
0.999976 -0.006866 0.000000 20.488025 0.006866 0.999976 0.000000 0.273196 0.000000 0.000000 1.000000 0.000000
0.999990 -0.004399 0.000000 22.180632 0.004399 0.999990 0.000000 0.290190 0.000000 0.000000 1.000000 0.000000
0.999998 -0.001741 0.000000 23.919528 0.001741 0.999998 0.000000 0.303366 0.000000 0.000000 1.000000 0.000000
0.999999 0.001154 0.000000 25.705748 -0.001154 0.999999 -0.000000 0.312363 -0.000000 0.000000 1.000000 0.000000
0.999992 0.004108 0.000000 27.526829 -0.004108 0.999992 -0.000000 0.316105 -0.000000 0.000000 1.000000 0.000000
0.999977 0.006830 0.000000 29.387874 -0.006830 0.999977 -0.000000 0.314792 -0.000000 0.000000 1.000000 0.000000
0.999950 0.009990 0.000000 31.279826 -0.009990 0.999950 -0.000000 0.308436 -0.000000 0.000000 1.000000 0.000000
0.999914 0.013104 0.000000 33.185352 -0.013104 0.999914 -0.000000 0.295428 -0.000000 0.000000 1.000000 0.000000
0.999897 0.014384 0.000000 35.144078 -0.014384 0.999897 -0.000000 0.277212 -0.000000 0.000000 1.000000 0.000000
0.999906 0.013716 0.000000 37.129230 -0.013716 0.999906 -0.000000 0.258835 -0.000000 0.000000 1.000000 0.000000
0.999916 0.012926 0.000000 39.144920 -0.012926 0.999916 -0.000000 0.241315 -0.000000 0.000000 1.000000 0.000000
0.999924 0.012338 0.000000 41.156945 -0.012338 0.999924 -0.000000 0.225418 -0.000000 0.000000 1.000000 0.000000
0.999936 0.011275 0.000000 43.172028 -0.011275 0.999936 -0.000000 0.211459 -0.000000 0.000000 1.000000 0.000000
0.999946 0.010374 0.000000 45.193468 -0.010374 0.999946 -0.000000 0.200540 -0.000000 0.000000 1.000000 0.000000
0.999949 0.010098 0.000000 47.216622 -0.010098 0.999949 -0.000000 0.190003 -0.000000 0.000000 1.000000 0.000000
0.999955 0.009505 0.000000 49.219798 -0.009505 0.999955 -0.000000 0.180650 -0.000000 0.000000 1.000000 0.000000
0.999959 0.009036 0.000000 51.209885 -0.009036 0.999959 -0.000000 0.172503 -0.000000 0.000000 1.000000 0.000000
0.999960 0.008991 0.000000 53.190476 -0.008991 0.999960 -0.000000 0.165480 -0.000000 0.000000 1.000000 0.000000
0.999959 0.009020 0.000000 55.119784 -0.009020 0.999959 -0.000000 0.158192 -0.000000 0.000000 1.000000 0.000000
0.999959 0.009017 0.000000 57.033765 -0.009017 0.999959 -0.000000 0.150458 -0.000000 0.000000 1.000000 0.000000
0.999958 0.009171 0.000000 58.926954 -0.009171 0.999958 -0.000000 0.143389 -0.000000 0.000000 1.000000 0.000000
0.999950 0.009992 0.000000 60.797525 -0.009992 0.999950 -0.000000 0.135523 -0.000000 0.000000 1.000000 0.000000
0.999928 0.012012 0.000000 62.645830 -0.012012 0.999928 -0.000000 0.123792 -0.000000 0.000000 1.000000 0.000000
0.999897 0.014374 0.000000 64.469985 -0.014374 0.999897 -0.000000 0.108982 -0.000000 0.000000 1.000000 0.000000
0.999859 0.016777 0.000000 66.281994 -0.016777 0.999859 -0.000000 0.089486 -0.000000 0.000000 1.000000 0.000000
0.999827 0.018611 0.000000 68.097540 -0.018611 0.999827 -0.000000 0.065820 -0.000000 0.000000 1.000000 0.000000
0.999795 0.020235 0.000000 69.908868 -0.020235 0.999795 -0.000000 0.039393 -0.000000 0.000000 1.000000 0.000000
0.999767 0.021578 0.000000 71.696099 -0.021578 0.999767 -0.000000 0.010750 -0.000000 0.000000 1.000000 0.000000
0.999751 0.022319 0.000000 73.493597 -0.022319 0.999751 -0.000000 -0.019883 -0.000000 0.000000 1.000000 0.000000
0.999726 0.023409 0.000000 75.295502 -0.023409 0.999726 -0.000000 -0.051646 -0.000000 0.000000 1.000000 0.000000
0.999682 0.025227 0.000000 77.110230 -0.025227 0.999682 -0.000000 -0.086507 -0.000000 0.000000 1.000000 0.000000
0.999661 0.026027 0.000000 78.932252 -0.026027 0.999661 -0.000000 -0.125879 -0.000000 0.000000 1.000000 0.000000
0.999639 0.026857 0.000000 80.765411 -0.026857 0.999639 -0.000000 -0.166725 -0.000000 0.000000 1.000000 0.000000
0.999597 0.028392 0.000000 82.586340 -0.028392 0.999597 -0.000000 -0.209336 -0.000000 0.000000 1.000000 0.000000
0.999516 0.031099 0.000000 84.420869 -0.031099 0.999516 -0.000000 -0.258089 -0.000000 0.000000 1.000000 0.000000
0.999503 0.031516 0.000000 86.236812 -0.031516 0.999503 -0.000000 -0.306790 -0.000000 0.000000 1.000000 0.000000
0.999351 0.036016 0.000000 88.086871 -0.036016 0.999351 -0.000000 -0.358523 -0.000000 0.000000 1.000000 0.000000
0.999142 0.041406 0.000000 89.956303 -0.041406 0.999142 -0.000000 -0.422701 -0.000000 0.000000 1.000000 0.000000
0.998985 0.045053 0.000000 91.856357 -0.045053 0.998985 -0.000000 -0.496309 -0.000000 0.000000 1.000000 0.000000
0.998788 0.049224 0.000000 93.764459 -0.049224 0.998788 -0.000000 -0.578443 -0.000000 0.000000 1.000000 0.000000
0.998545 0.053933 0.000000 95.695684 -0.053933 0.998545 -0.000000 -0.669687 -0.000000 0.000000 1.000000 0.000000
0.998336 0.057660 0.000000 97.651953 -0.057660 0.998336 -0.000000 -0.770054 -0.000000 0.000000 1.000000 0.000000
0.998032 0.062706 0.000000 99.627723 -0.062706 0.998032 -0.000000 -0.879298 -0.000000 0.000000 1.000000 0.000000
0.997717 0.067535 0.000000 101.608889 -0.067535 0.997717 -0.000000 -0.999785 -0.000000 0.000000 1.000000 0.000000
0.997384 0.072282 0.000000 103.610080 -0.072282 0.997384 -0.000000 -1.130909 -0.000000 0.000000 1.000000 0.000000
0.996988 0.077559 0.000000 105.634478 -0.077559 0.996988 -0.000000 -1.272840 -0.000000 0.000000 1.000000 0.000000
0.996526 0.083286 0.000000 107.681285 -0.083286 0.996526 -0.000000 -1.428273 -0.000000 0.000000 1.000000 0.000000
0.996008 0.089260 0.000000 109.773263 -0.089260 0.996008 -0.000000 -1.600633 -0.000000 0.000000 1.000000 0.000000
0.995452 0.095262 0.000000 111.875518 -0.095262 0.995452 -0.000000 -1.785973 -0.000000 0.000000 1.000000 0.000000
0.994865 0.101211 0.000000 113.993517 -0.101211 0.994865 -0.000000 -1.985128 -0.000000 0.000000 1.000000 0.000000
0.994405 0.105634 0.000000 116.132043 -0.105634 0.994405 -0.000000 -2.198395 -0.000000 0.000000 1.000000 0.000000
0.993951 0.109825 0.000000 118.290627 -0.109825 0.993951 -0.000000 -2.422708 -0.000000 0.000000 1.000000 0.000000
0.993601 0.112946 0.000000 120.429760 -0.112946 0.993601 -0.000000 -2.652442 -0.000000 0.000000 1.000000 0.000000
0.993193 0.116479 0.000000 122.559381 -0.116479 0.993193 -0.000000 -2.887948 -0.000000 0.000000 1.000000 0.000000
0.992751 0.120190 0.000000 124.706081 -0.120190 0.992751 -0.000000 -3.132722 -0.000000 0.000000 1.000000 0.000000
0.992245 0.124300 0.000000 126.867199 -0.124300 0.992245 -0.000000 -3.387580 -0.000000 0.000000 1.000000 0.000000
0.991816 0.127676 0.000000 129.049835 -0.127676 0.991816 -0.000000 -3.653487 -0.000000 0.000000 1.000000 0.000000
0.991322 0.131453 0.000000 131.239171 -0.131453 0.991322 -0.000000 -3.927891 -0.000000 0.000000 1.000000 0.000000
0.990874 0.134793 0.000000 133.433427 -0.134793 0.990874 -0.000000 -4.211746 -0.000000 0.000000 1.000000 0.000000
0.990524 0.137341 0.000000 135.648786 -0.137341 0.990524 -0.000000 -4.504945 -0.000000 0.000000 1.000000 0.000000
0.990471 0.137721 0.000000 137.862617 -0.137721 0.990471 -0.000000 -4.801072 -0.000000 0.000000 1.000000 0.000000
0.990480 0.137658 0.000000 140.082098 -0.137658 0.990480 -0.000000 -5.098861 -0.000000 0.000000 1.000000 0.000000
0.990525 0.137331 0.000000 142.302316 -0.137331 0.990525 -0.000000 -5.396607 -0.000000 0.000000 1.000000 0.000000
0.990597 0.136809 0.000000 144.525697 -0.136809 0.990597 -0.000000 -5.693819 -0.000000 0.000000 1.000000 0.000000
0.990642 0.136487 0.000000 146.745493 -0.136487 0.990642 -0.000000 -5.989551 -0.000000 0.000000 1.000000 0.000000
0.990704 0.136034 0.000000 148.957800 -0.136034 0.990704 -0.000000 -6.283823 -0.000000 0.000000 1.000000 0.000000
0.990780 0.135481 0.000000 151.140480 -0.135481 0.990780 -0.000000 -6.573135 -0.000000 0.000000 1.000000 0.000000
0.990849 0.134972 0.000000 153.304082 -0.134972 0.990849 -0.000000 -6.858834 -0.000000 0.000000 1.000000 0.000000
0.990958 0.134170 0.000000 155.449963 -0.134170 0.990958 -0.000000 -7.141123 -0.000000 0.000000 1.000000 0.000000
0.991049 0.133497 0.000000 157.582357 -0.133497 0.991049 -0.000000 -7.420191 -0.000000 0.000000 1.000000 0.000000
0.991135 0.132858 0.000000 159.694468 -0.132858 0.991135 -0.000000 -7.694594 -0.000000 0.000000 1.000000 0.000000
0.991217 0.132247 0.000000 161.790246 -0.132247 0.991217 -0.000000 -7.964914 -0.000000 0.000000 1.000000 0.000000
0.991280 0.131775 0.000000 163.863804 -0.131775 0.991280 -0.000000 -8.231153 -0.000000 0.000000 1.000000 0.000000
0.991335 0.131356 0.000000 165.921618 -0.131356 0.991335 -0.000000 -8.494289 -0.000000 0.000000 1.000000 0.000000
0.991364 0.131135 0.000000 167.951825 -0.131135 0.991364 -0.000000 -8.753439 -0.000000 0.000000 1.000000 0.000000
0.991402 0.130851 0.000000 169.963498 -0.130851 0.991402 -0.000000 -9.009472 -0.000000 0.000000 1.000000 0.000000
0.991475 0.130298 0.000000 171.956786 -0.130298 0.991475 -0.000000 -9.262544 -0.000000 0.000000 1.000000 0.000000
0.991520 0.129952 0.000000 173.923465 -0.129952 0.991520 -0.000000 -9.511032 -0.000000 0.000000 1.000000 0.000000
0.991566 0.129606 0.000000 175.876305 -0.129606 0.991566 -0.000000 -9.757227 -0.000000 0.000000 1.000000 0.000000
0.991654 0.128927 0.000000 177.822127 -0.128927 0.991654 -0.000000 -10.001246 -0.000000 0.000000 1.000000 0.000000
0.991763 0.128085 0.000000 179.772865 -0.128085 0.991763 -0.000000 -10.244997 -0.000000 0.000000 1.000000 0.000000
0.991797 0.127827 0.000000 181.734637 -0.127827 0.991797 -0.000000 -10.489313 -0.000000 0.000000 1.000000 0.000000
0.991771 0.128021 0.000000 183.669953 -0.128021 0.991771 -0.000000 -10.731323 -0.000000 0.000000 1.000000 0.000000
0.991839 0.127497 0.000000 185.624958 -0.127497 0.991839 -0.000000 -10.973488 -0.000000 0.000000 1.000000 0.000000
0.991359 0.131178 0.000000 187.618767 -0.131178 0.991359 -0.000000 -11.222985 -0.000000 0.000000 1.000000 0.000000
0.991226 0.132176 0.000000 189.624430 -0.132176 0.991226 -0.000000 -11.482068 -0.000000 0.000000 1.000000 0.000000
0.991089 0.133204 0.000000 191.635698 -0.133204 0.991089 -0.000000 -11.741913 -0.000000 0.000000 1.000000 0.000000
0.991139 0.132825 0.000000 193.643407 -0.132825 0.991139 -0.000000 -12.002099 -0.000000 0.000000 1.000000 0.000000
0.991097 0.133139 0.000000 195.669086 -0.133139 0.991097 -0.000000 -12.264024 -0.000000 0.000000 1.000000 0.000000
0.991122 0.132956 0.000000 197.717881 -0.132956 0.991122 -0.000000 -12.529769 -0.000000 0.000000 1.000000 0.000000
0.991115 0.133007 0.000000 199.776439 -0.133007 0.991115 -0.000000 -12.796789 -0.000000 0.000000 1.000000 0.000000
0.991103 0.133099 0.000000 201.862633 -0.133099 0.991103 -0.000000 -13.066986 -0.000000 0.000000 1.000000 0.000000
0.991153 0.132726 0.000000 203.921215 -0.132726 0.991153 -0.000000 -13.333291 -0.000000 0.000000 1.000000 0.000000
0.991093 0.133169 0.000000 205.971014 -0.133169 0.991093 -0.000000 -13.598547 -0.000000 0.000000 1.000000 0.000000
0.991062 0.133405 0.000000 207.993997 -0.133405 0.991062 -0.000000 -13.861174 -0.000000 0.000000 1.000000 0.000000
0.991088 0.133209 0.000000 209.992296 -0.133209 0.991088 -0.000000 -14.120971 -0.000000 0.000000 1.000000 0.000000
0.991054 0.133461 0.000000 211.974022 -0.133461 0.991054 -0.000000 -14.378544 -0.000000 0.000000 1.000000 0.000000
0.991049 0.133501 0.000000 213.931686 -0.133501 0.991049 -0.000000 -14.633145 -0.000000 0.000000 1.000000 0.000000
0.991036 0.133593 0.000000 215.860591 -0.133593 0.991036 -0.000000 -14.884072 -0.000000 0.000000 1.000000 0.000000
0.991018 0.133725 0.000000 217.774548 -0.133725 0.991018 -0.000000 -15.132771 -0.000000 0.000000 1.000000 0.000000
0.990894 0.134642 0.000000 219.663734 -0.134642 0.990894 -0.000000 -15.380397 -0.000000 0.000000 1.000000 0.000000
0.990857 0.134914 0.000000 221.521955 -0.134914 0.990857 -0.000000 -15.625977 -0.000000 0.000000 1.000000 0.000000
0.990880 0.134748 0.000000 223.392147 -0.134748 0.990880 -0.000000 -15.869520 -0.000000 0.000000 1.000000 0.000000
0.990574 0.136976 0.000000 225.281210 -0.136976 0.990574 -0.000000 -16.119328 -0.000000 0.000000 1.000000 0.000000
0.990666 0.136311 0.000000 227.184554 -0.136311 0.990666 -0.000000 -16.374103 -0.000000 0.000000 1.000000 0.000000
0.990714 0.135965 0.000000 229.092555 -0.135965 0.990714 -0.000000 -16.626977 -0.000000 0.000000 1.000000 0.000000
0.990672 0.136267 0.000000 231.006434 -0.136267 0.990672 -0.000000 -16.881009 -0.000000 0.000000 1.000000 0.000000
0.990727 0.135871 0.000000 232.929203 -0.135871 0.990727 -0.000000 -17.136006 -0.000000 0.000000 1.000000 0.000000
0.990777 0.135503 0.000000 234.852611 -0.135503 0.990777 -0.000000 -17.390607 -0.000000 0.000000 1.000000 0.000000
0.990809 0.135271 0.000000 236.793433 -0.135271 0.990809 -0.000000 -17.646355 -0.000000 0.000000 1.000000 0.000000
0.990874 0.134794 0.000000 238.733435 -0.134794 0.990874 -0.000000 -17.901889 -0.000000 0.000000 1.000000 0.000000
0.990912 0.134514 0.000000 240.688588 -0.134514 0.990912 -0.000000 -18.158227 -0.000000 0.000000 1.000000 0.000000
0.990946 0.134260 0.000000 242.642144 -0.134260 0.990946 -0.000000 -18.414057 -0.000000 0.000000 1.000000 0.000000
0.990942 0.134294 0.000000 244.605396 -0.134294 0.990942 -0.000000 -18.671092 -0.000000 0.000000 1.000000 0.000000
0.991028 0.133654 0.000000 246.548627 -0.133654 0.991028 -0.000000 -18.924766 -0.000000 0.000000 1.000000 0.000000
0.991113 0.133019 0.000000 248.474025 -0.133019 0.991113 -0.000000 -19.175588 -0.000000 0.000000 1.000000 0.000000
0.991286 0.131730 0.000000 250.370122 -0.131730 0.991286 -0.000000 -19.419879 -0.000000 0.000000 1.000000 0.000000
0.991510 0.130028 0.000000 252.254203 -0.130028 0.991510 -0.000000 -19.659704 -0.000000 0.000000 1.000000 0.000000
0.991710 0.128497 0.000000 254.121004 -0.128497 0.991710 -0.000000 -19.893791 -0.000000 0.000000 1.000000 0.000000
0.991883 0.127155 0.000000 255.966299 -0.127155 0.991883 -0.000000 -20.123123 -0.000000 0.000000 1.000000 0.000000
0.992049 0.125850 0.000000 257.791867 -0.125850 0.992049 -0.000000 -20.347047 -0.000000 0.000000 1.000000 0.000000
0.992213 0.124554 0.000000 259.596529 -0.124554 0.992213 -0.000000 -20.566144 -0.000000 0.000000 1.000000 0.000000
0.992290 0.123935 0.000000 261.386077 -0.123935 0.992290 -0.000000 -20.781754 -0.000000 0.000000 1.000000 0.000000
0.992264 0.124145 0.000000 263.149648 -0.124145 0.992264 -0.000000 -20.996077 -0.000000 0.000000 1.000000 0.000000
0.992353 0.123432 0.000000 264.862148 -0.123432 0.992353 -0.000000 -21.203533 -0.000000 0.000000 1.000000 0.000000
0.992350 0.123455 0.000000 266.595444 -0.123455 0.992350 -0.000000 -21.408949 -0.000000 0.000000 1.000000 0.000000
0.992081 0.125599 0.000000 268.375666 -0.125599 0.992081 -0.000000 -21.622763 -0.000000 0.000000 1.000000 0.000000
0.992191 0.124728 0.000000 270.163668 -0.124728 0.992191 -0.000000 -21.841553 -0.000000 0.000000 1.000000 0.000000
0.992423 0.122867 0.000000 271.954240 -0.122867 0.992423 -0.000000 -22.056978 -0.000000 0.000000 1.000000 0.000000
0.992652 0.121006 0.000000 273.750701 -0.121006 0.992652 -0.000000 -22.269639 -0.000000 0.000000 1.000000 0.000000
0.992981 0.118271 0.000000 275.556859 -0.118271 0.992981 -0.000000 -22.478859 -0.000000 0.000000 1.000000 0.000000
0.993431 0.114437 0.000000 277.363621 -0.114437 0.993431 -0.000000 -22.682114 -0.000000 0.000000 1.000000 0.000000
0.993922 0.110083 0.000000 279.182097 -0.110083 0.993922 -0.000000 -22.879603 -0.000000 0.000000 1.000000 0.000000
0.994386 0.105810 0.000000 281.008311 -0.105810 0.994386 -0.000000 -23.069856 -0.000000 0.000000 1.000000 0.000000
0.994853 0.101326 0.000000 282.838881 -0.101326 0.994853 -0.000000 -23.252392 -0.000000 0.000000 1.000000 0.000000
0.995284 0.097006 0.000000 284.683764 -0.097006 0.995284 -0.000000 -23.428817 -0.000000 0.000000 1.000000 0.000000
0.995693 0.092714 0.000000 286.536402 -0.092714 0.995693 -0.000000 -23.597988 -0.000000 0.000000 1.000000 0.000000
0.996083 0.088420 0.000000 288.397102 -0.088420 0.996083 -0.000000 -23.759629 -0.000000 0.000000 1.000000 0.000000
0.996396 0.084818 0.000000 290.265390 -0.084818 0.996396 -0.000000 -23.914114 -0.000000 0.000000 1.000000 0.000000
0.996613 0.082238 0.000000 292.136319 -0.082238 0.996613 -0.000000 -24.061798 -0.000000 0.000000 1.000000 0.000000
0.996866 0.079107 0.000000 294.024033 -0.079107 0.996866 -0.000000 -24.205634 -0.000000 0.000000 1.000000 0.000000
0.997222 0.074491 0.000000 295.921539 -0.074491 0.997222 -0.000000 -24.343156 -0.000000 0.000000 1.000000 0.000000
0.997609 0.069114 0.000000 297.817080 -0.069114 0.997609 -0.000000 -24.470838 -0.000000 0.000000 1.000000 0.000000
0.997980 0.063523 0.000000 299.717755 -0.063523 0.997980 -0.000000 -24.587340 -0.000000 0.000000 1.000000 0.000000
0.998307 0.058159 0.000000 301.627860 -0.058159 0.998307 -0.000000 -24.694598 -0.000000 0.000000 1.000000 0.000000
0.998614 0.052635 0.000000 303.514747 -0.052635 0.998614 -0.000000 -24.790140 -0.000000 0.000000 1.000000 0.000000
0.998885 0.047213 0.000000 305.373401 -0.047213 0.998885 -0.000000 -24.874130 -0.000000 0.000000 1.000000 0.000000
0.999116 0.042043 0.000000 307.214200 -0.042043 0.999116 -0.000000 -24.947669 -0.000000 0.000000 1.000000 0.000000
0.999176 0.040585 0.000000 309.052045 -0.040585 0.999176 -0.000000 -25.013864 -0.000000 0.000000 1.000000 0.000000
0.999157 0.041058 0.000000 310.883357 -0.041058 0.999157 -0.000000 -25.080700 -0.000000 0.000000 1.000000 0.000000
0.999102 0.042380 0.000000 312.706914 -0.042380 0.999102 -0.000000 -25.148626 -0.000000 0.000000 1.000000 0.000000
0.999060 0.043351 0.000000 314.515863 -0.043351 0.999060 -0.000000 -25.219061 -0.000000 0.000000 1.000000 0.000000
0.999082 0.042833 0.000000 316.293806 -0.042833 0.999082 -0.000000 -25.288369 -0.000000 0.000000 1.000000 0.000000
0.999083 0.042806 0.000000 318.095576 -0.042806 0.999083 -0.000000 -25.355089 -0.000000 0.000000 1.000000 0.000000
0.999023 0.044184 0.000000 319.922912 -0.044184 0.999023 -0.000000 -25.425395 -0.000000 0.000000 1.000000 0.000000
0.999019 0.044273 0.000000 321.764015 -0.044273 0.999019 -0.000000 -25.499052 -0.000000 0.000000 1.000000 0.000000
0.999058 0.043403 0.000000 323.610126 -0.043403 0.999058 -0.000000 -25.571935 -0.000000 0.000000 1.000000 0.000000
0.999139 0.041494 0.000000 325.450693 -0.041494 0.999139 -0.000000 -25.641853 -0.000000 0.000000 1.000000 0.000000
0.999243 0.038903 0.000000 327.320722 -0.038903 0.999243 -0.000000 -25.708928 -0.000000 0.000000 1.000000 0.000000
0.999379 0.035235 0.000000 329.190380 -0.035235 0.999379 -0.000000 -25.769410 -0.000000 0.000000 1.000000 0.000000
0.999500 0.031631 0.000000 331.098300 -0.031631 0.999500 -0.000000 -25.824147 -0.000000 0.000000 1.000000 0.000000
0.999598 0.028359 0.000000 333.017794 -0.028359 0.999598 -0.000000 -25.872738 -0.000000 0.000000 1.000000 0.000000
0.999697 0.024601 0.000000 334.961253 -0.024601 0.999697 -0.000000 -25.915586 -0.000000 0.000000 1.000000 0.000000
0.999786 0.020710 0.000000 336.928778 -0.020710 0.999786 -0.000000 -25.951406 -0.000000 0.000000 1.000000 0.000000
0.999857 0.016911 0.000000 338.894830 -0.016911 0.999857 -0.000000 -25.979529 -0.000000 0.000000 1.000000 0.000000
0.999905 0.013771 0.000000 340.873017 -0.013771 0.999905 -0.000000 -26.000370 -0.000000 0.000000 1.000000 0.000000
0.999905 0.013767 0.000000 342.870632 -0.013767 0.999905 -0.000000 -26.018417 -0.000000 0.000000 1.000000 0.000000
0.999907 0.013637 0.000000 344.881052 -0.013637 0.999907 -0.000000 -26.035884 -0.000000 0.000000 1.000000 0.000000
0.999911 0.013344 0.000000 346.898560 -0.013344 0.999911 -0.000000 -26.053459 -0.000000 0.000000 1.000000 0.000000
0.999930 0.011845 0.000000 348.933768 -0.011845 0.999930 -0.000000 -26.069293 -0.000000 0.000000 1.000000 0.000000
0.999946 0.010351 0.000000 350.983464 -0.010351 0.999946 -0.000000 -26.082060 -0.000000 0.000000 1.000000 0.000000
0.999962 0.008712 0.000000 353.036647 -0.008712 0.999962 -0.000000 -26.092459 -0.000000 0.000000 1.000000 0.000000
0.999968 0.007963 0.000000 355.105704 -0.007963 0.999968 -0.000000 -26.100270 -0.000000 0.000000 1.000000 0.000000
0.999970 0.007808 0.000000 357.169815 -0.007808 0.999970 -0.000000 -26.107371 -0.000000 0.000000 1.000000 0.000000
0.999969 0.007843 0.000000 359.254175 -0.007843 0.999969 -0.000000 -26.114255 -0.000000 0.000000 1.000000 0.000000
0.999969 0.007821 0.000000 361.375345 -0.007821 0.999969 -0.000000 -26.122082 -0.000000 0.000000 1.000000 0.000000
0.999974 0.007274 0.000000 363.508485 -0.007274 0.999974 -0.000000 -26.130009 -0.000000 0.000000 1.000000 0.000000
0.999978 0.006626 0.000000 365.659170 -0.006626 0.999978 -0.000000 -26.136108 -0.000000 0.000000 1.000000 0.000000
0.999983 0.005882 0.000000 367.814730 -0.005882 0.999983 -0.000000 -26.140906 -0.000000 0.000000 1.000000 0.000000
0.999989 0.004704 0.000000 369.976793 -0.004704 0.999989 -0.000000 -26.143661 -0.000000 0.000000 1.000000 0.000000
0.999993 0.003822 0.000000 372.164283 -0.003822 0.999993 -0.000000 -26.145136 -0.000000 0.000000 1.000000 0.000000
0.999999 0.001451 0.000000 374.297566 -0.001451 0.999999 -0.000000 -26.143405 -0.000000 0.000000 1.000000 0.000000
0.999998 -0.002099 0.000000 376.463775 0.002099 0.999998 0.000000 -26.131408 0.000000 0.000000 1.000000 0.000000
0.999996 -0.002660 0.000000 378.660216 0.002660 0.999996 0.000000 -26.113845 0.000000 0.000000 1.000000 0.000000
0.999987 -0.005096 0.000000 380.913841 0.005096 0.999987 0.000000 -26.092560 0.000000 0.000000 1.000000 0.000000
0.999976 -0.006952 0.000000 383.120478 0.006952 0.999976 0.000000 -26.065933 0.000000 0.000000 1.000000 0.000000
0.999959 -0.009080 0.000000 385.364210 0.009080 0.999959 0.000000 -26.035451 0.000000 0.000000 1.000000 0.000000
0.999940 -0.010930 0.000000 387.616369 0.010930 0.999940 0.000000 -26.002666 0.000000 0.000000 1.000000 0.000000
0.999914 -0.013105 0.000000 389.840861 0.013105 0.999914 0.000000 -25.965249 0.000000 0.000000 1.000000 0.000000
0.999890 -0.014862 0.000000 392.035151 0.014862 0.999890 0.000000 -25.925651 0.000000 0.000000 1.000000 0.000000
0.999861 -0.016687 0.000000 394.194653 0.016687 0.999861 0.000000 -25.882745 0.000000 0.000000 1.000000 0.000000
0.999821 -0.018930 0.000000 396.323611 0.018930 0.999821 0.000000 -25.835900 0.000000 0.000000 1.000000 0.000000
0.999754 -0.022159 0.000000 398.428406 0.022159 0.999754 0.000000 -25.783987 0.000000 0.000000 1.000000 0.000000
0.999661 -0.026045 0.000000 400.527711 0.026045 0.999661 0.000000 -25.725413 0.000000 0.000000 1.000000 0.000000
0.999532 -0.030601 0.000000 402.616048 0.030601 0.999532 0.000000 -25.657850 0.000000 0.000000 1.000000 0.000000
0.999383 -0.035125 0.000000 404.692104 0.035125 0.999383 0.000000 -25.581053 0.000000 0.000000 1.000000 0.000000
0.999217 -0.039566 0.000000 406.769477 0.039566 0.999217 0.000000 -25.494542 0.000000 0.000000 1.000000 0.000000
0.999016 -0.044348 0.000000 408.844840 0.044348 0.999016 0.000000 -25.399117 0.000000 0.000000 1.000000 0.000000
0.998853 -0.047884 0.000000 410.918075 0.047884 0.998853 0.000000 -25.294683 0.000000 0.000000 1.000000 0.000000
0.998641 -0.052119 0.000000 412.970378 0.052119 0.998641 0.000000 -25.183944 0.000000 0.000000 1.000000 0.000000
0.998474 -0.055226 0.000000 415.031816 0.055226 0.998474 0.000000 -25.061801 0.000000 0.000000 1.000000 0.000000
0.998394 -0.056655 0.000000 417.119414 0.056655 0.998394 0.000000 -24.934984 0.000000 0.000000 1.000000 0.000000
0.998217 -0.059691 0.000000 419.217956 0.059691 0.998217 0.000000 -24.803758 0.000000 0.000000 1.000000 0.000000
0.998047 -0.062471 0.000000 421.314502 0.062471 0.998047 0.000000 -24.666804 0.000000 0.000000 1.000000 0.000000
0.997770 -0.066746 0.000000 423.415294 0.066746 0.997770 0.000000 -24.521765 0.000000 0.000000 1.000000 0.000000
0.997498 -0.070699 0.000000 425.527407 0.070699 0.997498 0.000000 -24.367515 0.000000 0.000000 1.000000 0.000000
0.997186 -0.074968 0.000000 427.647963 0.074968 0.997186 0.000000 -24.204189 0.000000 0.000000 1.000000 0.000000
0.996863 -0.079149 0.000000 429.774900 0.079149 0.996863 0.000000 -24.030487 0.000000 0.000000 1.000000 0.000000
0.996503 -0.083555 0.000000 431.852982 0.083555 0.996503 0.000000 -23.852490 0.000000 0.000000 1.000000 0.000000
0.996097 -0.088268 0.000000 433.905438 0.088268 0.996097 0.000000 -23.666857 0.000000 0.000000 1.000000 0.000000
0.995731 -0.092298 0.000000 435.935912 0.092298 0.995731 0.000000 -23.474335 0.000000 0.000000 1.000000 0.000000
0.995346 -0.096363 0.000000 437.933404 0.096363 0.995346 0.000000 -23.277032 0.000000 0.000000 1.000000 0.000000
0.994948 -0.100388 0.000000 439.900672 0.100388 0.994948 0.000000 -23.075213 0.000000 0.000000 1.000000 0.000000
0.994536 -0.104392 0.000000 441.830813 0.104392 0.994536 0.000000 -22.869193 0.000000 0.000000 1.000000 0.000000
0.994146 -0.108047 0.000000 443.742275 0.108047 0.994146 0.000000 -22.658138 0.000000 0.000000 1.000000 0.000000
0.993716 -0.111928 0.000000 445.624870 0.111928 0.993716 0.000000 -22.444069 0.000000 0.000000 1.000000 0.000000
0.993403 -0.114679 0.000000 447.436126 0.114679 0.993403 0.000000 -22.232266 0.000000 0.000000 1.000000 0.000000
0.992729 -0.120373 0.000000 449.258076 0.120373 0.992729 0.000000 -22.008799 0.000000 0.000000 1.000000 0.000000
0.992357 -0.123401 0.000000 451.102202 0.123401 0.992357 0.000000 -21.773666 0.000000 0.000000 1.000000 0.000000
0.991989 -0.126321 0.000000 452.973408 0.126321 0.991989 0.000000 -21.531487 0.000000 0.000000 1.000000 0.000000
0.991467 -0.130356 0.000000 454.845092 0.130356 0.991467 0.000000 -21.282659 0.000000 0.000000 1.000000 0.000000
0.991072 -0.133330 0.000000 456.716490 0.133330 0.991072 0.000000 -21.026462 0.000000 0.000000 1.000000 0.000000
0.990498 -0.137529 0.000000 458.591326 0.137529 0.990498 0.000000 -20.763325 0.000000 0.000000 1.000000 0.000000
0.990055 -0.140681 0.000000 460.484555 0.140681 0.990055 0.000000 -20.490857 0.000000 0.000000 1.000000 0.000000
0.989530 -0.144325 0.000000 462.377037 0.144325 0.989530 0.000000 -20.211146 0.000000 0.000000 1.000000 0.000000
0.988982 -0.148035 0.000000 464.271126 0.148035 0.988982 0.000000 -19.924768 0.000000 0.000000 1.000000 0.000000
0.988435 -0.151644 0.000000 466.177618 0.151644 0.988435 0.000000 -19.628942 0.000000 0.000000 1.000000 0.000000
0.987808 -0.155675 0.000000 468.085959 0.155675 0.987808 0.000000 -19.324392 0.000000 0.000000 1.000000 0.000000
0.987164 -0.159713 0.000000 469.999575 0.159713 0.987164 0.000000 -19.011701 0.000000 0.000000 1.000000 0.000000
0.986519 -0.163648 0.000000 471.885735 0.163648 0.986519 0.000000 -18.694752 0.000000 0.000000 1.000000 0.000000
0.985927 -0.167177 0.000000 473.724625 0.167177 0.985927 0.000000 -18.379567 0.000000 0.000000 1.000000 0.000000
0.985297 -0.170853 0.000000 475.565182 0.170853 0.985297 0.000000 -18.055787 0.000000 0.000000 1.000000 0.000000
0.984680 -0.174374 0.000000 477.358843 0.174374 0.984680 0.000000 -17.733387 0.000000 0.000000 1.000000 0.000000
0.984228 -0.176906 0.000000 479.084676 0.176906 0.984228 0.000000 -17.419428 0.000000 0.000000 1.000000 0.000000
0.983309 -0.181941 0.000000 480.838134 0.181941 0.983309 0.000000 -17.091778 0.000000 0.000000 1.000000 0.000000
0.982627 -0.185589 0.000000 482.588046 0.185589 0.982627 0.000000 -16.757610 0.000000 0.000000 1.000000 0.000000
0.982285 -0.187394 0.000000 484.379418 0.187394 0.982285 0.000000 -16.412613 0.000000 0.000000 1.000000 0.000000
0.981477 -0.191578 0.000000 486.183970 0.191578 0.981477 0.000000 -16.058771 0.000000 0.000000 1.000000 0.000000
0.980980 -0.194111 0.000000 487.989363 0.194111 0.980980 0.000000 -15.698284 0.000000 0.000000 1.000000 0.000000
0.980640 -0.195818 0.000000 489.822923 0.195818 0.980640 0.000000 -15.327818 0.000000 0.000000 1.000000 0.000000
0.980461 -0.196711 0.000000 491.631259 0.196711 0.980461 0.000000 -14.959850 0.000000 0.000000 1.000000 0.000000
0.980278 -0.197623 0.000000 493.460429 0.197623 0.980278 0.000000 -14.585660 0.000000 0.000000 1.000000 0.000000
0.980048 -0.198761 0.000000 495.302808 0.198761 0.980048 0.000000 -14.206972 0.000000 0.000000 1.000000 0.000000
0.979716 -0.200393 0.000000 497.152935 0.200393 0.979716 0.000000 -13.823398 0.000000 0.000000 1.000000 0.000000
0.979351 -0.202167 0.000000 499.013255 0.202167 0.979351 0.000000 -13.434457 0.000000 0.000000 1.000000 0.000000
0.978696 -0.205317 0.000000 500.885427 0.205317 0.978696 0.000000 -13.037918 0.000000 0.000000 1.000000 0.000000
0.977596 -0.210489 0.000000 502.776339 0.210489 0.977596 0.000000 -12.629204 0.000000 0.000000 1.000000 0.000000
0.976540 -0.215338 0.000000 504.686480 0.215338 0.976540 0.000000 -12.206634 0.000000 0.000000 1.000000 0.000000
0.975806 -0.218639 0.000000 506.597851 0.218639 0.975806 0.000000 -11.774935 0.000000 0.000000 1.000000 0.000000
0.975216 -0.221253 0.000000 508.528217 0.221253 0.975216 0.000000 -11.333512 0.000000 0.000000 1.000000 0.000000
0.974713 -0.223461 0.000000 510.477285 0.223461 0.974713 0.000000 -10.882748 0.000000 0.000000 1.000000 0.000000
0.974221 -0.225595 0.000000 512.431626 0.225595 0.974221 0.000000 -10.426836 0.000000 0.000000 1.000000 0.000000
0.973664 -0.227989 0.000000 514.394175 0.227989 0.973664 0.000000 -9.963517 0.000000 0.000000 1.000000 0.000000
0.973020 -0.230723 0.000000 516.354042 0.230723 0.973020 0.000000 -9.496014 0.000000 0.000000 1.000000 0.000000
0.972286 -0.233794 0.000000 518.288724 0.233794 0.972286 0.000000 -9.028039 0.000000 0.000000 1.000000 0.000000
0.971370 -0.237573 0.000000 520.200566 0.237573 0.971370 0.000000 -8.557978 0.000000 0.000000 1.000000 0.000000
0.970405 -0.241482 0.000000 522.095964 0.241482 0.970405 0.000000 -8.083227 0.000000 0.000000 1.000000 0.000000
0.969233 -0.246145 0.000000 523.959216 0.246145 0.969233 0.000000 -7.608447 0.000000 0.000000 1.000000 0.000000
0.967965 -0.251084 0.000000 525.806063 0.251084 0.967965 0.000000 -7.128600 0.000000 0.000000 1.000000 0.000000
0.966402 -0.257035 0.000000 527.612441 0.257035 0.966402 0.000000 -6.648392 0.000000 0.000000 1.000000 0.000000
0.965097 -0.261894 0.000000 529.402142 0.261894 0.965097 0.000000 -6.161544 0.000000 0.000000 1.000000 0.000000
0.963460 -0.267853 0.000000 531.158197 0.267853 0.963460 0.000000 -5.673188 0.000000 0.000000 1.000000 0.000000
0.962265 -0.272113 0.000000 532.894888 0.272113 0.962265 0.000000 -5.180854 0.000000 0.000000 1.000000 0.000000
0.960937 -0.276766 0.000000 534.614390 0.276766 0.960937 0.000000 -4.685547 0.000000 0.000000 1.000000 0.000000
0.959628 -0.281274 0.000000 536.321970 0.281274 0.959628 0.000000 -4.184572 0.000000 0.000000 1.000000 0.000000
0.958504 -0.285080 0.000000 537.965655 0.285080 0.958504 0.000000 -3.695358 0.000000 0.000000 1.000000 0.000000
0.957497 -0.288443 0.000000 539.610326 0.288443 0.957497 0.000000 -3.196987 0.000000 0.000000 1.000000 0.000000
0.956925 -0.290335 0.000000 541.254514 0.290335 0.956925 0.000000 -2.696361 0.000000 0.000000 1.000000 0.000000
0.956441 -0.291925 0.000000 542.885628 0.291925 0.956441 0.000000 -2.197591 0.000000 0.000000 1.000000 0.000000
0.955752 -0.294174 0.000000 544.496113 0.294174 0.955752 0.000000 -1.701074 0.000000 0.000000 1.000000 0.000000
0.955227 -0.295874 0.000000 546.074960 0.295874 0.955227 0.000000 -1.210519 0.000000 0.000000 1.000000 0.000000
0.954620 -0.297826 0.000000 547.631540 0.297826 0.954620 0.000000 -0.726321 0.000000 0.000000 1.000000 0.000000
0.954247 -0.299019 0.000000 549.163381 0.299019 0.954247 0.000000 -0.247853 0.000000 0.000000 1.000000 0.000000
0.955210 -0.295929 0.000000 550.654961 0.295929 0.955210 0.000000 0.218702 0.000000 0.000000 1.000000 0.000000
0.957054 -0.289911 0.000000 552.095971 0.289911 0.957054 0.000000 0.661951 0.000000 0.000000 1.000000 0.000000
0.966915 -0.255098 0.000000 554.817376 0.255098 0.966915 0.000000 1.443439 0.000000 0.000000 1.000000 0.000000
0.983055 -0.183309 0.000000 557.313145 0.183309 0.983055 0.000000 2.019726 0.000000 0.000000 1.000000 0.000000
0.997659 -0.068392 0.000000 559.555325 0.068392 0.997659 0.000000 2.315304 0.000000 0.000000 1.000000 0.000000
0.997153 0.075406 0.000000 561.618056 -0.075406 0.997153 -0.000000 2.312667 -0.000000 0.000000 1.000000 0.000000
0.968240 0.250021 0.000000 563.588703 -0.250021 0.968240 -0.000000 2.001371 -0.000000 0.000000 1.000000 0.000000
0.936973 0.349403 0.000000 564.523189 -0.349403 0.936973 -0.000000 1.711652 -0.000000 0.000000 1.000000 0.000000
0.891511 0.453000 0.000000 565.409649 -0.453000 0.891511 -0.000000 1.329345 -0.000000 0.000000 1.000000 0.000000
0.827400 0.561614 0.000000 566.242959 -0.561614 0.827400 -0.000000 0.845367 -0.000000 0.000000 1.000000 0.000000
0.746326 0.665581 0.000000 567.009968 -0.665581 0.746326 -0.000000 0.255481 -0.000000 0.000000 1.000000 0.000000
0.650777 0.759269 0.000000 567.702882 -0.759269 0.650777 -0.000000 -0.442119 -0.000000 0.000000 1.000000 0.000000
0.540001 0.841664 0.000000 568.304844 -0.841664 0.540001 -0.000000 -1.241649 -0.000000 0.000000 1.000000 0.000000
0.418748 0.908102 0.000000 568.802528 -0.908102 0.418748 -0.000000 -2.137931 -0.000000 0.000000 1.000000 0.000000
0.300333 0.953834 0.000000 569.192280 -0.953834 0.300333 -0.000000 -3.133791 -0.000000 0.000000 1.000000 0.000000
0.198735 0.980053 0.000000 569.471607 -0.980053 0.198735 -0.000000 -4.198145 -0.000000 0.000000 1.000000 0.000000
0.123139 0.992389 0.000000 569.661448 -0.992389 0.123139 -0.000000 -5.325415 -0.000000 0.000000 1.000000 0.000000
0.033071 0.999453 0.000000 569.855250 -0.999453 0.033071 -0.000000 -7.720492 -0.000000 0.000000 1.000000 0.000000
-0.006752 0.999977 0.000000 569.904874 -0.999977 -0.006752 -0.000000 -10.238525 -0.000000 0.000000 1.000000 0.000000
-0.024667 0.999696 0.000000 569.887605 -0.999696 -0.024667 -0.000000 -12.976461 -0.000000 0.000000 1.000000 0.000000
-0.027284 0.999628 0.000000 569.841674 -0.999628 -0.027284 -0.000000 -15.835525 -0.000000 0.000000 1.000000 0.000000
-0.026004 0.999662 0.000000 569.793686 -0.999662 -0.026004 -0.000000 -18.837687 -0.000000 0.000000 1.000000 0.000000
-0.025269 0.999681 0.000000 569.769861 -0.999681 -0.025269 -0.000000 -20.385640 -0.000000 0.000000 1.000000 0.000000
-0.024182 0.999708 0.000000 569.747515 -0.999708 -0.024182 -0.000000 -21.955271 -0.000000 0.000000 1.000000 0.000000
-0.024072 0.999710 0.000000 569.724513 -0.999710 -0.024072 -0.000000 -23.563948 -0.000000 0.000000 1.000000 0.000000
-0.025839 0.999666 0.000000 569.700345 -0.999666 -0.025839 -0.000000 -25.207959 -0.000000 0.000000 1.000000 0.000000
-0.027027 0.999635 0.000000 569.672021 -0.999635 -0.027027 -0.000000 -26.888531 -0.000000 0.000000 1.000000 0.000000
-0.028731 0.999587 0.000000 569.639745 -0.999587 -0.028731 -0.000000 -28.601108 -0.000000 0.000000 1.000000 0.000000
-0.030176 0.999545 0.000000 569.604764 -0.999545 -0.030176 -0.000000 -30.344592 -0.000000 0.000000 1.000000 0.000000
-0.031183 0.999514 0.000000 569.566565 -0.999514 -0.031183 -0.000000 -32.124194 -0.000000 0.000000 1.000000 0.000000
-0.031922 0.999490 0.000000 569.524393 -0.999490 -0.031922 -0.000000 -33.926571 -0.000000 0.000000 1.000000 0.000000
-0.029430 0.999567 0.000000 569.483870 -0.999567 -0.029430 -0.000000 -35.757427 -0.000000 0.000000 1.000000 0.000000
-0.027531 0.999621 0.000000 569.445942 -0.999621 -0.027531 -0.000000 -37.607919 -0.000000 0.000000 1.000000 0.000000
-0.025499 0.999675 0.000000 569.411044 -0.999675 -0.025499 -0.000000 -39.485948 -0.000000 0.000000 1.000000 0.000000
-0.023700 0.999719 0.000000 569.379020 -0.999719 -0.023700 -0.000000 -41.388032 -0.000000 0.000000 1.000000 0.000000
-0.022148 0.999755 0.000000 569.349215 -0.999755 -0.022148 -0.000000 -43.318096 -0.000000 0.000000 1.000000 0.000000
-0.020700 0.999786 0.000000 569.321345 -0.999786 -0.020700 -0.000000 -45.278372 -0.000000 0.000000 1.000000 0.000000
-0.020393 0.999792 0.000000 569.294185 -0.999792 -0.020393 -0.000000 -47.264920 -0.000000 0.000000 1.000000 0.000000
-0.020858 0.999782 0.000000 569.266573 -0.999782 -0.020858 -0.000000 -49.270460 -0.000000 0.000000 1.000000 0.000000
-0.022657 0.999743 0.000000 569.236785 -0.999743 -0.022657 -0.000000 -51.302992 -0.000000 0.000000 1.000000 0.000000
-0.023646 0.999720 0.000000 569.205594 -0.999720 -0.023646 -0.000000 -53.345297 -0.000000 0.000000 1.000000 0.000000
-0.024860 0.999691 0.000000 569.172818 -0.999691 -0.024860 -0.000000 -55.386588 -0.000000 0.000000 1.000000 0.000000
-0.025621 0.999672 0.000000 569.140905 -0.999672 -0.025621 -0.000000 -57.397561 -0.000000 0.000000 1.000000 0.000000
-0.026146 0.999658 0.000000 569.107034 -0.999658 -0.026146 -0.000000 -59.398834 -0.000000 0.000000 1.000000 0.000000
-0.026670 0.999644 0.000000 569.072729 -0.999644 -0.026670 -0.000000 -61.393311 -0.000000 0.000000 1.000000 0.000000
-0.026757 0.999642 0.000000 569.039416 -0.999642 -0.026757 -0.000000 -63.354706 -0.000000 0.000000 1.000000 0.000000
-0.026285 0.999654 0.000000 569.005324 -0.999654 -0.026285 -0.000000 -65.284874 -0.000000 0.000000 1.000000 0.000000
-0.024231 0.999706 0.000000 568.975295 -0.999706 -0.024231 -0.000000 -67.150453 -0.000000 0.000000 1.000000 0.000000
-0.022681 0.999743 0.000000 568.949346 -0.999743 -0.022681 -0.000000 -68.924568 -0.000000 0.000000 1.000000 0.000000
-0.023064 0.999734 0.000000 568.926039 -0.999734 -0.023064 -0.000000 -70.622082 -0.000000 0.000000 1.000000 0.000000
-0.023479 0.999724 0.000000 568.903426 -0.999724 -0.023479 -0.000000 -72.237094 -0.000000 0.000000 1.000000 0.000000
-0.024146 0.999708 0.000000 568.880500 -0.999708 -0.024146 -0.000000 -73.758305 -0.000000 0.000000 1.000000 0.000000
-0.024738 0.999694 0.000000 568.857447 -0.999694 -0.024738 -0.000000 -75.246347 -0.000000 0.000000 1.000000 0.000000
-0.022143 0.999755 0.000000 568.817198 -0.999755 -0.022143 -0.000000 -78.155235 -0.000000 0.000000 1.000000 0.000000
-0.020088 0.999798 0.000000 568.781409 -0.999798 -0.020088 -0.000000 -81.028045 -0.000000 0.000000 1.000000 0.000000
-0.021294 0.999773 0.000000 568.746474 -0.999773 -0.021294 -0.000000 -83.926283 -0.000000 0.000000 1.000000 0.000000
-0.024843 0.999691 0.000000 568.700913 -0.999691 -0.024843 -0.000000 -86.970991 -0.000000 0.000000 1.000000 0.000000
-0.026360 0.999653 0.000000 568.675885 -0.999653 -0.026360 -0.000000 -88.525731 -0.000000 0.000000 1.000000 0.000000
-0.028909 0.999582 0.000000 568.617404 -0.999582 -0.028909 -0.000000 -91.707606 -0.000000 0.000000 1.000000 0.000000
-0.030043 0.999549 0.000000 568.584404 -0.999549 -0.030043 -0.000000 -93.334216 -0.000000 0.000000 1.000000 0.000000
-0.030593 0.999532 0.000000 568.550721 -0.999532 -0.030593 -0.000000 -94.982595 -0.000000 0.000000 1.000000 0.000000
-0.030302 0.999541 0.000000 568.516649 -0.999541 -0.030302 -0.000000 -96.629103 -0.000000 0.000000 1.000000 0.000000
-0.030436 0.999537 0.000000 568.481981 -0.999537 -0.030436 -0.000000 -98.271835 -0.000000 0.000000 1.000000 0.000000
-0.029744 0.999558 0.000000 568.448713 -0.999558 -0.029744 -0.000000 -99.896410 -0.000000 0.000000 1.000000 0.000000
-0.029191 0.999574 0.000000 568.415960 -0.999574 -0.029191 -0.000000 -101.500925 -0.000000 0.000000 1.000000 0.000000
-0.027864 0.999612 0.000000 568.385914 -0.999612 -0.027864 -0.000000 -103.093732 -0.000000 0.000000 1.000000 0.000000
-0.026912 0.999638 0.000000 568.357404 -0.999638 -0.026912 -0.000000 -104.656088 -0.000000 0.000000 1.000000 0.000000
