1.000000 -0.000164 0.000000 0.065682 0.000164 1.000000 0.000000 0.000235 0.000000 0.000000 1.000000 0.000000
0.999988 -0.004956 0.000000 1.921622 0.004956 0.999988 0.000000 0.005034 0.000000 0.000000 1.000000 0.000000
0.999985 -0.005477 0.000000 3.537391 0.005477 0.999985 0.000000 0.016923 0.000000 0.000000 1.000000 0.000000
0.999967 -0.008124 0.000000 5.457140 0.008124 0.999967 0.000000 0.037087 0.000000 0.000000 1.000000 0.000000
0.999946 -0.010375 0.000000 7.649472 0.010375 0.999946 0.000000 0.066047 0.000000 0.000000 1.000000 0.000000
0.999921 -0.012549 0.000000 10.094936 0.012549 0.999921 0.000000 0.102755 0.000000 0.000000 1.000000 0.000000
0.999903 -0.013923 0.000000 12.783745 0.013923 0.999903 0.000000 0.148369 0.000000 0.000000 1.000000 0.000000
0.999898 -0.014264 0.000000 15.700354 0.014264 0.999898 0.000000 0.202579 0.000000 0.000000 1.000000 0.000000
0.999931 -0.011745 0.000000 17.242384 0.011745 0.999931 0.000000 0.229255 0.000000 0.000000 1.000000 0.000000
0.999958 -0.009182 0.000000 18.839683 0.009182 0.999958 0.000000 0.252612 0.000000 0.000000 1.000000 0.000000
0.999976 -0.006866 0.000000 20.488030 0.006866 0.999976 0.000000 0.273196 0.000000 0.000000 1.000000 0.000000
0.999990 -0.004399 0.000000 22.180637 0.004399 0.999990 0.000000 0.290190 0.000000 0.000000 1.000000 0.000000
0.999998 -0.001741 0.000000 23.919537 0.001741 0.999998 0.000000 0.303366 0.000000 0.000000 1.000000 0.000000
0.999999 0.001154 0.000000 25.705748 -0.001154 0.999999 -0.000000 0.312363 -0.000000 0.000000 1.000000 0.000000
0.999992 0.004108 0.000000 27.526831 -0.004108 0.999992 -0.000000 0.316105 -0.000000 0.000000 1.000000 0.000000
0.999977 0.006830 0.000000 29.387876 -0.006830 0.999977 -0.000000 0.314792 -0.000000 0.000000 1.000000 0.000000
0.999950 0.009990 0.000000 31.279827 -0.009990 0.999950 -0.000000 0.308436 -0.000000 0.000000 1.000000 0.000000
0.999914 0.013104 0.000000 33.185352 -0.013104 0.999914 -0.000000 0.295428 -0.000000 0.000000 1.000000 0.000000
0.999897 0.014384 0.000000 35.144084 -0.014384 0.999897 -0.000000 0.277212 -0.000000 0.000000 1.000000 0.000000
0.999906 0.013716 0.000000 37.129238 -0.013716 0.999906 -0.000000 0.258835 -0.000000 0.000000 1.000000 0.000000
0.999916 0.012926 0.000000 39.144923 -0.012926 0.999916 -0.000000 0.241315 -0.000000 0.000000 1.000000 0.000000
0.999924 0.012338 0.000000 41.156948 -0.012338 0.999924 -0.000000 0.225418 -0.000000 0.000000 1.000000 0.000000
0.999936 0.011275 0.000000 43.172034 -0.011275 0.999936 -0.000000 0.211459 -0.000000 0.000000 1.000000 0.000000
0.999946 0.010374 0.000000 45.193474 -0.010374 0.999946 -0.000000 0.200540 -0.000000 0.000000 1.000000 0.000000
0.999949 0.010098 0.000000 47.216629 -0.010098 0.999949 -0.000000 0.190003 -0.000000 0.000000 1.000000 0.000000
0.999955 0.009505 0.000000 49.219804 -0.009505 0.999955 -0.000000 0.180650 -0.000000 0.000000 1.000000 0.000000
0.999959 0.009036 0.000000 51.209885 -0.009036 0.999959 -0.000000 0.172503 -0.000000 0.000000 1.000000 0.000000
0.999960 0.008991 0.000000 53.190478 -0.008991 0.999960 -0.000000 0.165480 -0.000000 0.000000 1.000000 0.000000
0.999959 0.009020 0.000000 55.119784 -0.009020 0.999959 -0.000000 0.158192 -0.000000 0.000000 1.000000 0.000000
0.999959 0.009017 0.000000 57.033767 -0.009017 0.999959 -0.000000 0.150458 -0.000000 0.000000 1.000000 0.000000
0.999958 0.009171 0.000000 58.926956 -0.009171 0.999958 -0.000000 0.143389 -0.000000 0.000000 1.000000 0.000000
0.999950 0.009992 0.000000 60.797527 -0.009992 0.999950 -0.000000 0.135523 -0.000000 0.000000 1.000000 0.000000
0.999928 0.012012 0.000000 62.645835 -0.012012 0.999928 -0.000000 0.123792 -0.000000 0.000000 1.000000 0.000000
0.999897 0.014374 0.000000 64.469988 -0.014374 0.999897 -0.000000 0.108982 -0.000000 0.000000 1.000000 0.000000
0.999859 0.016777 0.000000 66.282000 -0.016777 0.999859 -0.000000 0.089485 -0.000000 0.000000 1.000000 0.000000
0.999827 0.018611 0.000000 68.097542 -0.018611 0.999827 -0.000000 0.065820 -0.000000 0.000000 1.000000 0.000000
0.999795 0.020235 0.000000 69.908870 -0.020235 0.999795 -0.000000 0.039393 -0.000000 0.000000 1.000000 0.000000
0.999767 0.021578 0.000000 71.696105 -0.021578 0.999767 -0.000000 0.010750 -0.000000 0.000000 1.000000 0.000000
0.999751 0.022319 0.000000 73.493599 -0.022319 0.999751 -0.000000 -0.019883 -0.000000 0.000000 1.000000 0.000000
0.999726 0.023409 0.000000 75.295506 -0.023409 0.999726 -0.000000 -0.051646 -0.000000 0.000000 1.000000 0.000000
0.999682 0.025227 0.000000 77.110237 -0.025227 0.999682 -0.000000 -0.086507 -0.000000 0.000000 1.000000 0.000000
0.999661 0.026027 0.000000 78.932254 -0.026027 0.999661 -0.000000 -0.125879 -0.000000 0.000000 1.000000 0.000000
0.999639 0.026857 0.000000 80.765412 -0.026857 0.999639 -0.000000 -0.166725 -0.000000 0.000000 1.000000 0.000000
0.999597 0.028392 0.000000 82.586341 -0.028392 0.999597 -0.000000 -0.209336 -0.000000 0.000000 1.000000 0.000000
0.999516 0.031099 0.000000 84.420872 -0.031099 0.999516 -0.000000 -0.258089 -0.000000 0.000000 1.000000 0.000000
0.999503 0.031516 0.000000 86.236817 -0.031516 0.999503 -0.000000 -0.306790 -0.000000 0.000000 1.000000 0.000000
0.999351 0.036016 0.000000 88.086871 -0.036016 0.999351 -0.000000 -0.358523 -0.000000 0.000000 1.000000 0.000000
0.999142 0.041406 0.000000 89.956307 -0.041406 0.999142 -0.000000 -0.422701 -0.000000 0.000000 1.000000 0.000000
0.998985 0.045053 0.000000 91.856360 -0.045053 0.998985 -0.000000 -0.496309 -0.000000 0.000000 1.000000 0.000000
0.998788 0.049224 0.000000 93.764462 -0.049224 0.998788 -0.000000 -0.578443 -0.000000 0.000000 1.000000 0.000000
0.998545 0.053933 0.000000 95.695689 -0.053933 0.998545 -0.000000 -0.669688 -0.000000 0.000000 1.000000 0.000000
0.998336 0.057660 0.000000 97.651961 -0.057660 0.998336 -0.000000 -0.770055 -0.000000 0.000000 1.000000 0.000000
0.998032 0.062706 0.000000 99.627728 -0.062706 0.998032 -0.000000 -0.879298 -0.000000 0.000000 1.000000 0.000000
0.997717 0.067535 0.000000 101.608889 -0.067535 0.997717 -0.000000 -0.999785 -0.000000 0.000000 1.000000 0.000000
0.997384 0.072282 0.000000 103.610082 -0.072282 0.997384 -0.000000 -1.130909 -0.000000 0.000000 1.000000 0.000000
0.996988 0.077559 0.000000 105.634482 -0.077559 0.996988 -0.000000 -1.272840 -0.000000 0.000000 1.000000 0.000000
0.996526 0.083286 0.000000 107.681291 -0.083286 0.996526 -0.000000 -1.428274 -0.000000 0.000000 1.000000 0.000000
0.996008 0.089260 0.000000 109.773265 -0.089260 0.996008 -0.000000 -1.600633 -0.000000 0.000000 1.000000 0.000000
0.995452 0.095262 0.000000 111.875524 -0.095262 0.995452 -0.000000 -1.785974 -0.000000 0.000000 1.000000 0.000000
0.994865 0.101211 0.000000 113.993521 -0.101211 0.994865 -0.000000 -1.985128 -0.000000 0.000000 1.000000 0.000000
0.994405 0.105634 0.000000 116.132054 -0.105634 0.994405 -0.000000 -2.198396 -0.000000 0.000000 1.000000 0.000000
0.993951 0.109825 0.000000 118.290629 -0.109825 0.993951 -0.000000 -2.422708 -0.000000 0.000000 1.000000 0.000000
0.993601 0.112946 0.000000 120.429766 -0.112946 0.993601 -0.000000 -2.652442 -0.000000 0.000000 1.000000 0.000000
0.993193 0.116479 0.000000 122.559381 -0.116479 0.993193 -0.000000 -2.887948 -0.000000 0.000000 1.000000 0.000000
0.992751 0.120190 0.000000 124.706085 -0.120190 0.992751 -0.000000 -3.132722 -0.000000 0.000000 1.000000 0.000000
0.992245 0.124300 0.000000 126.867207 -0.124300 0.992245 -0.000000 -3.387581 -0.000000 0.000000 1.000000 0.000000
0.991816 0.127676 0.000000 129.049841 -0.127676 0.991816 -0.000000 -3.653488 -0.000000 0.000000 1.000000 0.000000
0.991322 0.131453 0.000000 131.239177 -0.131453 0.991322 -0.000000 -3.927892 -0.000000 0.000000 1.000000 0.000000
0.990874 0.134793 0.000000 133.433433 -0.134793 0.990874 -0.000000 -4.211747 -0.000000 0.000000 1.000000 0.000000
0.990524 0.137341 0.000000 135.648788 -0.137341 0.990524 -0.000000 -4.504945 -0.000000 0.000000 1.000000 0.000000
0.990471 0.137721 0.000000 137.862617 -0.137721 0.990471 -0.000000 -4.801072 -0.000000 0.000000 1.000000 0.000000
0.990480 0.137658 0.000000 140.082098 -0.137658 0.990480 -0.000000 -5.098861 -0.000000 0.000000 1.000000 0.000000
0.990525 0.137331 0.000000 142.302324 -0.137331 0.990525 -0.000000 -5.396608 -0.000000 0.000000 1.000000 0.000000
0.990597 0.136809 0.000000 144.525697 -0.136809 0.990597 -0.000000 -5.693819 -0.000000 0.000000 1.000000 0.000000
0.990642 0.136487 0.000000 146.745496 -0.136487 0.990642 -0.000000 -5.989551 -0.000000 0.000000 1.000000 0.000000
0.990704 0.136034 0.000000 148.957809 -0.136034 0.990704 -0.000000 -6.283824 -0.000000 0.000000 1.000000 0.000000
0.990780 0.135481 0.000000 151.140480 -0.135481 0.990780 -0.000000 -6.573135 -0.000000 0.000000 1.000000 0.000000
0.990849 0.134972 0.000000 153.304086 -0.134972 0.990849 -0.000000 -6.858834 -0.000000 0.000000 1.000000 0.000000
0.990958 0.134170 0.000000 155.449969 -0.134170 0.990958 -0.000000 -7.141124 -0.000000 0.000000 1.000000 0.000000
0.991049 0.133497 0.000000 157.582365 -0.133497 0.991049 -0.000000 -7.420192 -0.000000 0.000000 1.000000 0.000000
0.991135 0.132858 0.000000 159.694476 -0.132858 0.991135 -0.000000 -7.694595 -0.000000 0.000000 1.000000 0.000000
0.991217 0.132247 0.000000 161.790248 -0.132247 0.991217 -0.000000 -7.964915 -0.000000 0.000000 1.000000 0.000000
0.991280 0.131775 0.000000 163.863804 -0.131775 0.991280 -0.000000 -8.231153 -0.000000 0.000000 1.000000 0.000000
0.991335 0.131356 0.000000 165.921620 -0.131356 0.991335 -0.000000 -8.494289 -0.000000 0.000000 1.000000 0.000000
0.991364 0.131135 0.000000 167.951829 -0.131135 0.991364 -0.000000 -8.753440 -0.000000 0.000000 1.000000 0.000000
0.991402 0.130851 0.000000 169.963502 -0.130851 0.991402 -0.000000 -9.009473 -0.000000 0.000000 1.000000 0.000000
0.991475 0.130298 0.000000 171.956788 -0.130298 0.991475 -0.000000 -9.262545 -0.000000 0.000000 1.000000 0.000000
0.991520 0.129952 0.000000 173.923471 -0.129952 0.991520 -0.000000 -9.511033 -0.000000 0.000000 1.000000 0.000000
0.991566 0.129606 0.000000 175.876307 -0.129606 0.991566 -0.000000 -9.757227 -0.000000 0.000000 1.000000 0.000000
0.991654 0.128927 0.000000 177.822132 -0.128927 0.991654 -0.000000 -10.001247 -0.000000 0.000000 1.000000 0.000000
0.991763 0.128085 0.000000 179.772872 -0.128085 0.991763 -0.000000 -10.244998 -0.000000 0.000000 1.000000 0.000000
0.991797 0.127827 0.000000 181.734646 -0.127827 0.991797 -0.000000 -10.489314 -0.000000 0.000000 1.000000 0.000000
0.991771 0.128021 0.000000 183.669955 -0.128021 0.991771 -0.000000 -10.731324 -0.000000 0.000000 1.000000 0.000000
0.991839 0.127497 0.000000 185.624958 -0.127497 0.991839 -0.000000 -10.973488 -0.000000 0.000000 1.000000 0.000000
0.991359 0.131178 0.000000 187.618767 -0.131178 0.991359 -0.000000 -11.222985 -0.000000 0.000000 1.000000 0.000000
0.991226 0.132176 0.000000 189.624437 -0.132176 0.991226 -0.000000 -11.482069 -0.000000 0.000000 1.000000 0.000000
0.991089 0.133204 0.000000 191.635706 -0.133204 0.991089 -0.000000 -11.741914 -0.000000 0.000000 1.000000 0.000000
0.991139 0.132825 0.000000 193.643409 -0.132825 0.991139 -0.000000 -12.002099 -0.000000 0.000000 1.000000 0.000000
0.991097 0.133139 0.000000 195.669092 -0.133139 0.991097 -0.000000 -12.264025 -0.000000 0.000000 1.000000 0.000000
0.991122 0.132956 0.000000 197.717883 -0.132956 0.991122 -0.000000 -12.529770 -0.000000 0.000000 1.000000 0.000000
0.991115 0.133007 0.000000 199.776439 -0.133007 0.991115 -0.000000 -12.796789 -0.000000 0.000000 1.000000 0.000000
0.991103 0.133099 0.000000 201.862633 -0.133099 0.991103 -0.000000 -13.066986 -0.000000 0.000000 1.000000 0.000000
0.991153 0.132726 0.000000 203.921219 -0.132726 0.991153 -0.000000 -13.333291 -0.000000 0.000000 1.000000 0.000000
0.991093 0.133169 0.000000 205.971022 -0.133169 0.991093 -0.000000 -13.598548 -0.000000 0.000000 1.000000 0.000000
0.991062 0.133405 0.000000 207.994001 -0.133405 0.991062 -0.000000 -13.861174 -0.000000 0.000000 1.000000 0.000000
0.991088 0.133209 0.000000 209.992301 -0.133209 0.991088 -0.000000 -14.120971 -0.000000 0.000000 1.000000 0.000000
0.991054 0.133461 0.000000 211.974026 -0.133461 0.991054 -0.000000 -14.378545 -0.000000 0.000000 1.000000 0.000000
0.991049 0.133501 0.000000 213.931691 -0.133501 0.991049 -0.000000 -14.633146 -0.000000 0.000000 1.000000 0.000000
0.991036 0.133593 0.000000 215.860593 -0.133593 0.991036 -0.000000 -14.884072 -0.000000 0.000000 1.000000 0.000000
0.991018 0.133725 0.000000 217.774553 -0.133725 0.991018 -0.000000 -15.132771 -0.000000 0.000000 1.000000 0.000000
0.990894 0.134642 0.000000 219.663738 -0.134642 0.990894 -0.000000 -15.380397 -0.000000 0.000000 1.000000 0.000000
0.990857 0.134914 0.000000 221.521955 -0.134914 0.990857 -0.000000 -15.625977 -0.000000 0.000000 1.000000 0.000000
0.990880 0.134748 0.000000 223.392154 -0.134748 0.990880 -0.000000 -15.869521 -0.000000 0.000000 1.000000 0.000000
0.990574 0.136976 0.000000 225.281215 -0.136976 0.990574 -0.000000 -16.119329 -0.000000 0.000000 1.000000 0.000000
0.990666 0.136311 0.000000 227.184554 -0.136311 0.990666 -0.000000 -16.374103 -0.000000 0.000000 1.000000 0.000000
0.990714 0.135965 0.000000 229.092560 -0.135965 0.990714 -0.000000 -16.626977 -0.000000 0.000000 1.000000 0.000000
0.990672 0.136267 0.000000 231.006434 -0.136267 0.990672 -0.000000 -16.881009 -0.000000 0.000000 1.000000 0.000000
0.990727 0.135871 0.000000 232.929205 -0.135871 0.990727 -0.000000 -17.136006 -0.000000 0.000000 1.000000 0.000000
0.990777 0.135503 0.000000 234.852613 -0.135503 0.990777 -0.000000 -17.390607 -0.000000 0.000000 1.000000 0.000000
0.990809 0.135271 0.000000 236.793439 -0.135271 0.990809 -0.000000 -17.646355 -0.000000 0.000000 1.000000 0.000000
0.990874 0.134794 0.000000 238.733437 -0.134794 0.990874 -0.000000 -17.901889 -0.000000 0.000000 1.000000 0.000000
0.990912 0.134514 0.000000 240.688593 -0.134514 0.990912 -0.000000 -18.158228 -0.000000 0.000000 1.000000 0.000000
0.990946 0.134260 0.000000 242.642144 -0.134260 0.990946 -0.000000 -18.414057 -0.000000 0.000000 1.000000 0.000000
0.990942 0.134294 0.000000 244.605396 -0.134294 0.990942 -0.000000 -18.671092 -0.000000 0.000000 1.000000 0.000000
0.991028 0.133654 0.000000 246.548634 -0.133654 0.991028 -0.000000 -18.924767 -0.000000 0.000000 1.000000 0.000000
0.991113 0.133019 0.000000 248.474029 -0.133019 0.991113 -0.000000 -19.175588 -0.000000 0.000000 1.000000 0.000000
0.991286 0.131730 0.000000 250.370122 -0.131730 0.991286 -0.000000 -19.419879 -0.000000 0.000000 1.000000 0.000000
0.991510 0.130028 0.000000 252.254210 -0.130028 0.991510 -0.000000 -19.659705 -0.000000 0.000000 1.000000 0.000000
0.991710 0.128497 0.000000 254.121006 -0.128497 0.991710 -0.000000 -19.893791 -0.000000 0.000000 1.000000 0.000000
0.991883 0.127155 0.000000 255.966302 -0.127155 0.991883 -0.000000 -20.123123 -0.000000 0.000000 1.000000 0.000000
0.992049 0.125850 0.000000 257.791872 -0.125850 0.992049 -0.000000 -20.347048 -0.000000 0.000000 1.000000 0.000000
0.992213 0.124554 0.000000 259.596533 -0.124554 0.992213 -0.000000 -20.566145 -0.000000 0.000000 1.000000 0.000000
0.992290 0.123935 0.000000 261.386077 -0.123935 0.992290 -0.000000 -20.781754 -0.000000 0.000000 1.000000 0.000000
0.992264 0.124145 0.000000 263.149651 -0.124145 0.992264 -0.000000 -20.996077 -0.000000 0.000000 1.000000 0.000000
0.992353 0.123432 0.000000 264.862148 -0.123432 0.992353 -0.000000 -21.203533 -0.000000 0.000000 1.000000 0.000000
0.992350 0.123455 0.000000 266.595449 -0.123455 0.992350 -0.000000 -21.408950 -0.000000 0.000000 1.000000 0.000000
0.992081 0.125599 0.000000 268.375669 -0.125599 0.992081 -0.000000 -21.622763 -0.000000 0.000000 1.000000 0.000000
0.992191 0.124728 0.000000 270.163671 -0.124728 0.992191 -0.000000 -21.841553 -0.000000 0.000000 1.000000 0.000000
0.992423 0.122867 0.000000 271.954243 -0.122867 0.992423 -0.000000 -22.056978 -0.000000 0.000000 1.000000 0.000000
0.992652 0.121006 0.000000 273.750704 -0.121006 0.992652 -0.000000 -22.269639 -0.000000 0.000000 1.000000 0.000000
0.992981 0.118271 0.000000 275.556859 -0.118271 0.992981 -0.000000 -22.478859 -0.000000 0.000000 1.000000 0.000000
0.993431 0.114437 0.000000 277.363627 -0.114437 0.993431 -0.000000 -22.682115 -0.000000 0.000000 1.000000 0.000000
0.993922 0.110083 0.000000 279.182099 -0.110083 0.993922 -0.000000 -22.879603 -0.000000 0.000000 1.000000 0.000000
0.994386 0.105810 0.000000 281.008317 -0.105810 0.994386 -0.000000 -23.069856 -0.000000 0.000000 1.000000 0.000000
0.994853 0.101326 0.000000 282.838886 -0.101326 0.994853 -0.000000 -23.252392 -0.000000 0.000000 1.000000 0.000000
0.995284 0.097006 0.000000 284.683766 -0.097006 0.995284 -0.000000 -23.428818 -0.000000 0.000000 1.000000 0.000000
0.995693 0.092714 0.000000 286.536405 -0.092714 0.995693 -0.000000 -23.597989 -0.000000 0.000000 1.000000 0.000000
0.996083 0.088420 0.000000 288.397104 -0.088420 0.996083 -0.000000 -23.759629 -0.000000 0.000000 1.000000 0.000000
0.996396 0.084818 0.000000 290.265394 -0.084818 0.996396 -0.000000 -23.914114 -0.000000 0.000000 1.000000 0.000000
0.996613 0.082238 0.000000 292.136326 -0.082238 0.996613 -0.000000 -24.061798 -0.000000 0.000000 1.000000 0.000000
0.996866 0.079107 0.000000 294.024040 -0.079107 0.996866 -0.000000 -24.205634 -0.000000 0.000000 1.000000 0.000000
0.997222 0.074491 0.000000 295.921541 -0.074491 0.997222 -0.000000 -24.343156 -0.000000 0.000000 1.000000 0.000000
0.997609 0.069114 0.000000 297.817082 -0.069114 0.997609 -0.000000 -24.470839 -0.000000 0.000000 1.000000 0.000000
0.997980 0.063523 0.000000 299.717755 -0.063523 0.997980 -0.000000 -24.587340 -0.000000 0.000000 1.000000 0.000000
0.998307 0.058159 0.000000 301.627867 -0.058159 0.998307 -0.000000 -24.694598 -0.000000 0.000000 1.000000 0.000000
0.998614 0.052635 0.000000 303.514751 -0.052635 0.998614 -0.000000 -24.790140 -0.000000 0.000000 1.000000 0.000000
0.998885 0.047213 0.000000 305.373404 -0.047213 0.998885 -0.000000 -24.874130 -0.000000 0.000000 1.000000 0.000000
0.999116 0.042043 0.000000 307.214205 -0.042043 0.999116 -0.000000 -24.947669 -0.000000 0.000000 1.000000 0.000000
0.999176 0.040585 0.000000 309.052047 -0.040585 0.999176 -0.000000 -25.013864 -0.000000 0.000000 1.000000 0.000000
0.999157 0.041058 0.000000 310.883362 -0.041058 0.999157 -0.000000 -25.080700 -0.000000 0.000000 1.000000 0.000000
0.999102 0.042380 0.000000 312.706914 -0.042380 0.999102 -0.000000 -25.148626 -0.000000 0.000000 1.000000 0.000000
0.999060 0.043351 0.000000 314.515868 -0.043351 0.999060 -0.000000 -25.219061 -0.000000 0.000000 1.000000 0.000000
0.999082 0.042833 0.000000 316.293812 -0.042833 0.999082 -0.000000 -25.288369 -0.000000 0.000000 1.000000 0.000000
0.999083 0.042806 0.000000 318.095576 -0.042806 0.999083 -0.000000 -25.355089 -0.000000 0.000000 1.000000 0.000000
0.999023 0.044184 0.000000 319.922919 -0.044184 0.999023 -0.000000 -25.425396 -0.000000 0.000000 1.000000 0.000000
0.999019 0.044273 0.000000 321.764016 -0.044273 0.999019 -0.000000 -25.499052 -0.000000 0.000000 1.000000 0.000000
0.999058 0.043403 0.000000 323.610132 -0.043403 0.999058 -0.000000 -25.571936 -0.000000 0.000000 1.000000 0.000000
0.999139 0.041494 0.000000 325.450695 -0.041494 0.999139 -0.000000 -25.641853 -0.000000 0.000000 1.000000 0.000000
0.999243 0.038903 0.000000 327.320724 -0.038903 0.999243 -0.000000 -25.708928 -0.000000 0.000000 1.000000 0.000000
0.999379 0.035235 0.000000 329.190384 -0.035235 0.999379 -0.000000 -25.769410 -0.000000 0.000000 1.000000 0.000000
0.999500 0.031631 0.000000 331.098304 -0.031631 0.999500 -0.000000 -25.824147 -0.000000 0.000000 1.000000 0.000000
0.999598 0.028359 0.000000 333.017797 -0.028359 0.999598 -0.000000 -25.872738 -0.000000 0.000000 1.000000 0.000000
0.999697 0.024601 0.000000 334.961255 -0.024601 0.999697 -0.000000 -25.915586 -0.000000 0.000000 1.000000 0.000000
0.999786 0.020710 0.000000 336.928786 -0.020710 0.999786 -0.000000 -25.951406 -0.000000 0.000000 1.000000 0.000000
0.999857 0.016911 0.000000 338.894834 -0.016911 0.999857 -0.000000 -25.979529 -0.000000 0.000000 1.000000 0.000000
0.999905 0.013771 0.000000 340.873022 -0.013771 0.999905 -0.000000 -26.000370 -0.000000 0.000000 1.000000 0.000000
0.999905 0.013767 0.000000 342.870633 -0.013767 0.999905 -0.000000 -26.018417 -0.000000 0.000000 1.000000 0.000000
0.999907 0.013637 0.000000 344.881055 -0.013637 0.999907 -0.000000 -26.035884 -0.000000 0.000000 1.000000 0.000000
0.999911 0.013344 0.000000 346.898566 -0.013344 0.999911 -0.000000 -26.053459 -0.000000 0.000000 1.000000 0.000000
0.999930 0.011845 0.000000 348.933770 -0.011845 0.999930 -0.000000 -26.069293 -0.000000 0.000000 1.000000 0.000000
0.999946 0.010351 0.000000 350.983464 -0.010351 0.999946 -0.000000 -26.082060 -0.000000 0.000000 1.000000 0.000000
0.999962 0.008712 0.000000 353.036653 -0.008712 0.999962 -0.000000 -26.092459 -0.000000 0.000000 1.000000 0.000000
0.999968 0.007963 0.000000 355.105708 -0.007963 0.999968 -0.000000 -26.100270 -0.000000 0.000000 1.000000 0.000000
0.999970 0.007808 0.000000 357.169819 -0.007808 0.999970 -0.000000 -26.107371 -0.000000 0.000000 1.000000 0.000000
0.999969 0.007843 0.000000 359.254181 -0.007843 0.999969 -0.000000 -26.114255 -0.000000 0.000000 1.000000 0.000000
0.999969 0.007821 0.000000 361.375350 -0.007821 0.999969 -0.000000 -26.122082 -0.000000 0.000000 1.000000 0.000000
0.999974 0.007274 0.000000 363.508489 -0.007274 0.999974 -0.000000 -26.130009 -0.000000 0.000000 1.000000 0.000000
0.999978 0.006626 0.000000 365.659178 -0.006626 0.999978 -0.000000 -26.136108 -0.000000 0.000000 1.000000 0.000000
0.999983 0.005882 0.000000 367.814741 -0.005882 0.999983 -0.000000 -26.140906 -0.000000 0.000000 1.000000 0.000000
0.999989 0.004704 0.000000 369.976799 -0.004704 0.999989 -0.000000 -26.143661 -0.000000 0.000000 1.000000 0.000000
0.999993 0.003822 0.000000 372.164287 -0.003822 0.999993 -0.000000 -26.145136 -0.000000 0.000000 1.000000 0.000000
0.999999 0.001451 0.000000 374.297574 -0.001451 0.999999 -0.000000 -26.143405 -0.000000 0.000000 1.000000 0.000000
0.999998 -0.002099 0.000000 376.463781 0.002099 0.999998 0.000000 -26.131408 0.000000 0.000000 1.000000 0.000000
0.999996 -0.002660 0.000000 378.660216 0.002660 0.999996 0.000000 -26.113845 0.000000 0.000000 1.000000 0.000000
0.999987 -0.005096 0.000000 380.913850 0.005096 0.999987 0.000000 -26.092560 0.000000 0.000000 1.000000 0.000000
0.999976 -0.006952 0.000000 383.120484 0.006952 0.999976 0.000000 -26.065933 0.000000 0.000000 1.000000 0.000000
0.999959 -0.009080 0.000000 385.364218 0.009080 0.999959 0.000000 -26.035451 0.000000 0.000000 1.000000 0.000000
0.999940 -0.010930 0.000000 387.616375 0.010930 0.999940 0.000000 -26.002666 0.000000 0.000000 1.000000 0.000000
0.999914 -0.013105 0.000000 389.840868 0.013105 0.999914 0.000000 -25.965249 0.000000 0.000000 1.000000 0.000000
0.999890 -0.014862 0.000000 392.035159 0.014862 0.999890 0.000000 -25.925650 0.000000 0.000000 1.000000 0.000000
0.999861 -0.016687 0.000000 394.194653 0.016687 0.999861 0.000000 -25.882745 0.000000 0.000000 1.000000 0.000000
0.999821 -0.018930 0.000000 396.323617 0.018930 0.999821 0.000000 -25.835900 0.000000 0.000000 1.000000 0.000000
0.999754 -0.022159 0.000000 398.428410 0.022159 0.999754 0.000000 -25.783987 0.000000 0.000000 1.000000 0.000000
0.999661 -0.026045 0.000000 400.527715 0.026045 0.999661 0.000000 -25.725413 0.000000 0.000000 1.000000 0.000000
0.999532 -0.030601 0.000000 402.616054 0.030601 0.999532 0.000000 -25.657850 0.000000 0.000000 1.000000 0.000000
0.999383 -0.035125 0.000000 404.692108 0.035125 0.999383 0.000000 -25.581053 0.000000 0.000000 1.000000 0.000000
0.999217 -0.039566 0.000000 406.769479 0.039566 0.999217 0.000000 -25.494542 0.000000 0.000000 1.000000 0.000000
0.999016 -0.044348 0.000000 408.844844 0.044348 0.999016 0.000000 -25.399117 0.000000 0.000000 1.000000 0.000000
0.998853 -0.047884 0.000000 410.918081 0.047884 0.998853 0.000000 -25.294683 0.000000 0.000000 1.000000 0.000000
0.998641 -0.052119 0.000000 412.970378 0.052119 0.998641 0.000000 -25.183944 0.000000 0.000000 1.000000 0.000000
0.998474 -0.055226 0.000000 415.031818 0.055226 0.998474 0.000000 -25.061800 0.000000 0.000000 1.000000 0.000000
0.998394 -0.056655 0.000000 417.119420 0.056655 0.998394 0.000000 -24.934984 0.000000 0.000000 1.000000 0.000000
0.998217 -0.059691 0.000000 419.217958 0.059691 0.998217 0.000000 -24.803758 0.000000 0.000000 1.000000 0.000000
0.998047 -0.062471 0.000000 421.314510 0.062471 0.998047 0.000000 -24.666804 0.000000 0.000000 1.000000 0.000000
0.997770 -0.066746 0.000000 423.415296 0.066746 0.997770 0.000000 -24.521765 0.000000 0.000000 1.000000 0.000000
0.997498 -0.070699 0.000000 425.527411 0.070699 0.997498 0.000000 -24.367514 0.000000 0.000000 1.000000 0.000000
0.997186 -0.074968 0.000000 427.647971 0.074968 0.997186 0.000000 -24.204189 0.000000 0.000000 1.000000 0.000000
0.996863 -0.079149 0.000000 429.774906 0.079149 0.996863 0.000000 -24.030487 0.000000 0.000000 1.000000 0.000000
0.996503 -0.083555 0.000000 431.852986 0.083555 0.996503 0.000000 -23.852489 0.000000 0.000000 1.000000 0.000000
0.996097 -0.088268 0.000000 433.905446 0.088268 0.996097 0.000000 -23.666857 0.000000 0.000000 1.000000 0.000000
0.995731 -0.092298 0.000000 435.935918 0.092298 0.995731 0.000000 -23.474334 0.000000 0.000000 1.000000 0.000000
0.995346 -0.096363 0.000000 437.933410 0.096363 0.995346 0.000000 -23.277031 0.000000 0.000000 1.000000 0.000000
0.994948 -0.100388 0.000000 439.900679 0.100388 0.994948 0.000000 -23.075213 0.000000 0.000000 1.000000 0.000000
0.994536 -0.104392 0.000000 441.830818 0.104392 0.994536 0.000000 -22.869193 0.000000 0.000000 1.000000 0.000000
0.994146 -0.108047 0.000000 443.742281 0.108047 0.994146 0.000000 -22.658137 0.000000 0.000000 1.000000 0.000000
0.993716 -0.111928 0.000000 445.624870 0.111928 0.993716 0.000000 -22.444069 0.000000 0.000000 1.000000 0.000000
0.993403 -0.114679 0.000000 447.436133 0.114679 0.993403 0.000000 -22.232265 0.000000 0.000000 1.000000 0.000000
0.992729 -0.120373 0.000000 449.258083 0.120373 0.992729 0.000000 -22.008798 0.000000 0.000000 1.000000 0.000000
0.992357 -0.123401 0.000000 451.102205 0.123401 0.992357 0.000000 -21.773666 0.000000 0.000000 1.000000 0.000000
0.991989 -0.126321 0.000000 452.973412 0.126321 0.991989 0.000000 -21.531486 0.000000 0.000000 1.000000 0.000000
0.991467 -0.130356 0.000000 454.845096 0.130356 0.991467 0.000000 -21.282658 0.000000 0.000000 1.000000 0.000000
0.991072 -0.133330 0.000000 456.716493 0.133330 0.991072 0.000000 -21.026461 0.000000 0.000000 1.000000 0.000000
0.990498 -0.137529 0.000000 458.591331 0.137529 0.990498 0.000000 -20.763325 0.000000 0.000000 1.000000 0.000000
0.990055 -0.140681 0.000000 460.484562 0.140681 0.990055 0.000000 -20.490856 0.000000 0.000000 1.000000 0.000000
0.989530 -0.144325 0.000000 462.377044 0.144325 0.989530 0.000000 -20.211145 0.000000 0.000000 1.000000 0.000000
0.988982 -0.148035 0.000000 464.271128 0.148035 0.988982 0.000000 -19.924768 0.000000 0.000000 1.000000 0.000000
0.988435 -0.151644 0.000000 466.177621 0.151644 0.988435 0.000000 -19.628941 0.000000 0.000000 1.000000 0.000000
0.987808 -0.155675 0.000000 468.085963 0.155675 0.987808 0.000000 -19.324392 0.000000 0.000000 1.000000 0.000000
0.987164 -0.159713 0.000000 469.999575 0.159713 0.987164 0.000000 -19.011701 0.000000 0.000000 1.000000 0.000000
0.986519 -0.163648 0.000000 471.885737 0.163648 0.986519 0.000000 -18.694752 0.000000 0.000000 1.000000 0.000000
0.985927 -0.167177 0.000000 473.724630 0.167177 0.985927 0.000000 -18.379566 0.000000 0.000000 1.000000 0.000000
0.985297 -0.170853 0.000000 475.565185 0.170853 0.985297 0.000000 -18.055787 0.000000 0.000000 1.000000 0.000000
0.984680 -0.174374 0.000000 477.358848 0.174374 0.984680 0.000000 -17.733386 0.000000 0.000000 1.000000 0.000000
0.984228 -0.176906 0.000000 479.084681 0.176906 0.984228 0.000000 -17.419427 0.000000 0.000000 1.000000 0.000000
0.983309 -0.181941 0.000000 480.838134 0.181941 0.983309 0.000000 -17.091778 0.000000 0.000000 1.000000 0.000000
0.982627 -0.185589 0.000000 482.588054 0.185589 0.982627 0.000000 -16.757609 0.000000 0.000000 1.000000 0.000000
0.982285 -0.187394 0.000000 484.379418 0.187394 0.982285 0.000000 -16.412613 0.000000 0.000000 1.000000 0.000000
0.981477 -0.191578 0.000000 486.183976 0.191578 0.981477 0.000000 -16.058769 0.000000 0.000000 1.000000 0.000000
0.980980 -0.194111 0.000000 487.989370 0.194111 0.980980 0.000000 -15.698283 0.000000 0.000000 1.000000 0.000000
0.980640 -0.195818 0.000000 489.822930 0.195818 0.980640 0.000000 -15.327817 0.000000 0.000000 1.000000 0.000000
0.980461 -0.196711 0.000000 491.631259 0.196711 0.980461 0.000000 -14.959850 0.000000 0.000000 1.000000 0.000000
0.980278 -0.197623 0.000000 493.460432 0.197623 0.980278 0.000000 -14.585660 0.000000 0.000000 1.000000 0.000000
0.980048 -0.198761 0.000000 495.302813 0.198761 0.980048 0.000000 -14.206970 0.000000 0.000000 1.000000 0.000000
0.979716 -0.200393 0.000000 497.152942 0.200393 0.979716 0.000000 -13.823396 0.000000 0.000000 1.000000 0.000000
0.979351 -0.202167 0.000000 499.013255 0.202167 0.979351 0.000000 -13.434457 0.000000 0.000000 1.000000 0.000000
0.978696 -0.205317 0.000000 500.885435 0.205317 0.978696 0.000000 -13.037917 0.000000 0.000000 1.000000 0.000000
0.977596 -0.210489 0.000000 502.776344 0.210489 0.977596 0.000000 -12.629202 0.000000 0.000000 1.000000 0.000000
0.976540 -0.215338 0.000000 504.686480 0.215338 0.976540 0.000000 -12.206634 0.000000 0.000000 1.000000 0.000000
0.975806 -0.218639 0.000000 506.597857 0.218639 0.975806 0.000000 -11.774933 0.000000 0.000000 1.000000 0.000000
0.975216 -0.221253 0.000000 508.528222 0.221253 0.975216 0.000000 -11.333511 0.000000 0.000000 1.000000 0.000000
0.974713 -0.223461 0.000000 510.477288 0.223461 0.974713 0.000000 -10.882747 0.000000 0.000000 1.000000 0.000000
0.974221 -0.225595 0.000000 512.431630 0.225595 0.974221 0.000000 -10.426835 0.000000 0.000000 1.000000 0.000000
0.973664 -0.227989 0.000000 514.394177 0.227989 0.973664 0.000000 -9.963517 0.000000 0.000000 1.000000 0.000000
0.973020 -0.230723 0.000000 516.354048 0.230723 0.973020 0.000000 -9.496013 0.000000 0.000000 1.000000 0.000000
0.972286 -0.233794 0.000000 518.288732 0.233794 0.972286 0.000000 -9.028038 0.000000 0.000000 1.000000 0.000000
0.971370 -0.237573 0.000000 520.200566 0.237573 0.971370 0.000000 -8.557978 0.000000 0.000000 1.000000 0.000000
0.970405 -0.241482 0.000000 522.095966 0.241482 0.970405 0.000000 -8.083227 0.000000 0.000000 1.000000 0.000000
0.969233 -0.246145 0.000000 523.959222 0.246145 0.969233 0.000000 -7.608446 0.000000 0.000000 1.000000 0.000000
0.967965 -0.251084 0.000000 525.806065 0.251084 0.967965 0.000000 -7.128600 0.000000 0.000000 1.000000 0.000000
0.966402 -0.257035 0.000000 527.612441 0.257035 0.966402 0.000000 -6.648392 0.000000 0.000000 1.000000 0.000000
0.965097 -0.261894 0.000000 529.402145 0.261894 0.965097 0.000000 -6.161543 0.000000 0.000000 1.000000 0.000000
0.963460 -0.267853 0.000000 531.158198 0.267853 0.963460 0.000000 -5.673188 0.000000 0.000000 1.000000 0.000000
0.962265 -0.272113 0.000000 532.894894 0.272113 0.962265 0.000000 -5.180852 0.000000 0.000000 1.000000 0.000000
0.960937 -0.276766 0.000000 534.614394 0.276766 0.960937 0.000000 -4.685546 0.000000 0.000000 1.000000 0.000000
0.959628 -0.281274 0.000000 536.321974 0.281274 0.959628 0.000000 -4.184571 0.000000 0.000000 1.000000 0.000000
0.958504 -0.285080 0.000000 537.965658 0.285080 0.958504 0.000000 -3.695357 0.000000 0.000000 1.000000 0.000000
0.957497 -0.288443 0.000000 539.610326 0.288443 0.957497 0.000000 -3.196987 0.000000 0.000000 1.000000 0.000000
0.956925 -0.290335 0.000000 541.254518 0.290335 0.956925 0.000000 -2.696359 0.000000 0.000000 1.000000 0.000000
0.956441 -0.291925 0.000000 542.885631 0.291925 0.956441 0.000000 -2.197590 0.000000 0.000000 1.000000 0.000000
0.955752 -0.294174 0.000000 544.496115 0.294174 0.955752 0.000000 -1.701074 0.000000 0.000000 1.000000 0.000000
0.955227 -0.295874 0.000000 546.074966 0.295874 0.955227 0.000000 -1.210517 0.000000 0.000000 1.000000 0.000000
0.954620 -0.297826 0.000000 547.631546 0.297826 0.954620 0.000000 -0.726319 0.000000 0.000000 1.000000 0.000000
0.954247 -0.299019 0.000000 549.163384 0.299019 0.954247 0.000000 -0.247852 0.000000 0.000000 1.000000 0.000000
0.955210 -0.295929 0.000000 550.654963 0.295929 0.955210 0.000000 0.218703 0.000000 0.000000 1.000000 0.000000
0.957054 -0.289911 0.000000 552.095974 0.289911 0.957054 0.000000 0.661952 0.000000 0.000000 1.000000 0.000000
0.966915 -0.255098 0.000000 554.817379 0.255098 0.966915 0.000000 1.443439 0.000000 0.000000 1.000000 0.000000
0.983055 -0.183309 0.000000 557.313146 0.183309 0.983055 0.000000 2.019727 0.000000 0.000000 1.000000 0.000000
0.997659 -0.068392 0.000000 559.555325 0.068392 0.997659 0.000000 2.315304 0.000000 0.000000 1.000000 0.000000
0.997153 0.075406 0.000000 561.618060 -0.075406 0.997153 -0.000000 2.312667 -0.000000 0.000000 1.000000 0.000000
0.968240 0.250021 0.000000 563.588704 -0.250021 0.968240 -0.000000 2.001371 -0.000000 0.000000 1.000000 0.000000
0.936973 0.349403 0.000000 564.523192 -0.349403 0.936973 -0.000000 1.711651 -0.000000 0.000000 1.000000 0.000000
0.891511 0.453000 0.000000 565.409650 -0.453000 0.891511 -0.000000 1.329345 -0.000000 0.000000 1.000000 0.000000
0.827399 0.561614 0.000000 566.242961 -0.561614 0.827399 -0.000000 0.845365 -0.000000 0.000000 1.000000 0.000000
0.746325 0.665581 0.000000 567.009971 -0.665581 0.746325 -0.000000 0.255478 -0.000000 0.000000 1.000000 0.000000
0.650777 0.759269 0.000000 567.702883 -0.759269 0.650777 -0.000000 -0.442120 -0.000000 0.000000 1.000000 0.000000
0.540001 0.841664 0.000000 568.304845 -0.841664 0.540001 -0.000000 -1.241651 -0.000000 0.000000 1.000000 0.000000
0.418748 0.908103 0.000000 568.802529 -0.908103 0.418748 -0.000000 -2.137934 -0.000000 0.000000 1.000000 0.000000
0.300333 0.953835 0.000000 569.192281 -0.953835 0.300333 -0.000000 -3.133794 -0.000000 0.000000 1.000000 0.000000
0.198734 0.980053 0.000000 569.471607 -0.980053 0.198734 -0.000000 -4.198147 -0.000000 0.000000 1.000000 0.000000
0.123139 0.992389 0.000000 569.661448 -0.992389 0.123139 -0.000000 -5.325415 -0.000000 0.000000 1.000000 0.000000
0.033071 0.999453 0.000000 569.855250 -0.999453 0.033071 -0.000000 -7.720495 -0.000000 0.000000 1.000000 0.000000
-0.006752 0.999977 0.000000 569.904874 -0.999977 -0.006752 -0.000000 -10.238530 -0.000000 0.000000 1.000000 0.000000
-0.024667 0.999696 0.000000 569.887605 -0.999696 -0.024667 -0.000000 -12.976461 -0.000000 0.000000 1.000000 0.000000
-0.027284 0.999628 0.000000 569.841674 -0.999628 -0.027284 -0.000000 -15.835529 -0.000000 0.000000 1.000000 0.000000
-0.026004 0.999662 0.000000 569.793686 -0.999662 -0.026004 -0.000000 -18.837692 -0.000000 0.000000 1.000000 0.000000
-0.025269 0.999681 0.000000 569.769861 -0.999681 -0.025269 -0.000000 -20.385644 -0.000000 0.000000 1.000000 0.000000
-0.024182 0.999708 0.000000 569.747515 -0.999708 -0.024182 -0.000000 -21.955277 -0.000000 0.000000 1.000000 0.000000
-0.024072 0.999710 0.000000 569.724513 -0.999710 -0.024072 -0.000000 -23.563953 -0.000000 0.000000 1.000000 0.000000
-0.025839 0.999666 0.000000 569.700345 -0.999666 -0.025839 -0.000000 -25.207962 -0.000000 0.000000 1.000000 0.000000
-0.027027 0.999635 0.000000 569.672021 -0.999635 -0.027027 -0.000000 -26.888538 -0.000000 0.000000 1.000000 0.000000
-0.028731 0.999587 0.000000 569.639745 -0.999587 -0.028731 -0.000000 -28.601110 -0.000000 0.000000 1.000000 0.000000
-0.030176 0.999545 0.000000 569.604764 -0.999545 -0.030176 -0.000000 -30.344597 -0.000000 0.000000 1.000000 0.000000
-0.031183 0.999514 0.000000 569.566565 -0.999514 -0.031183 -0.000000 -32.124199 -0.000000 0.000000 1.000000 0.000000
-0.031922 0.999490 0.000000 569.524393 -0.999490 -0.031922 -0.000000 -33.926573 -0.000000 0.000000 1.000000 0.000000
-0.029430 0.999567 0.000000 569.483870 -0.999567 -0.029430 -0.000000 -35.757431 -0.000000 0.000000 1.000000 0.000000
-0.027531 0.999621 0.000000 569.445942 -0.999621 -0.027531 -0.000000 -37.607925 -0.000000 0.000000 1.000000 0.000000
-0.025499 0.999675 0.000000 569.411043 -0.999675 -0.025499 -0.000000 -39.485954 -0.000000 0.000000 1.000000 0.000000
-0.023700 0.999719 0.000000 569.379019 -0.999719 -0.023700 -0.000000 -41.388039 -0.000000 0.000000 1.000000 0.000000
-0.022148 0.999755 0.000000 569.349215 -0.999755 -0.022148 -0.000000 -43.318103 -0.000000 0.000000 1.000000 0.000000
-0.020700 0.999786 0.000000 569.321345 -0.999786 -0.020700 -0.000000 -45.278379 -0.000000 0.000000 1.000000 0.000000
-0.020393 0.999792 0.000000 569.294185 -0.999792 -0.020393 -0.000000 -47.264924 -0.000000 0.000000 1.000000 0.000000
-0.020858 0.999782 0.000000 569.266572 -0.999782 -0.020858 -0.000000 -49.270468 -0.000000 0.000000 1.000000 0.000000
-0.022657 0.999743 0.000000 569.236784 -0.999743 -0.022657 -0.000000 -51.302998 -0.000000 0.000000 1.000000 0.000000
-0.023646 0.999720 0.000000 569.205594 -0.999720 -0.023646 -0.000000 -53.345305 -0.000000 0.000000 1.000000 0.000000
-0.024860 0.999691 0.000000 569.172818 -0.999691 -0.024860 -0.000000 -55.386590 -0.000000 0.000000 1.000000 0.000000
-0.025621 0.999672 0.000000 569.140905 -0.999672 -0.025621 -0.000000 -57.397564 -0.000000 0.000000 1.000000 0.000000
-0.026146 0.999658 0.000000 569.107034 -0.999658 -0.026146 -0.000000 -59.398838 -0.000000 0.000000 1.000000 0.000000
-0.026670 0.999644 0.000000 569.072729 -0.999644 -0.026670 -0.000000 -61.393311 -0.000000 0.000000 1.000000 0.000000
-0.026757 0.999642 0.000000 569.039416 -0.999642 -0.026757 -0.000000 -63.354710 -0.000000 0.000000 1.000000 0.000000
-0.026285 0.999654 0.000000 569.005324 -0.999654 -0.026285 -0.000000 -65.284876 -0.000000 0.000000 1.000000 0.000000
-0.024231 0.999706 0.000000 568.975295 -0.999706 -0.024231 -0.000000 -67.150455 -0.000000 0.000000 1.000000 0.000000
-0.022681 0.999743 0.000000 568.949346 -0.999743 -0.022681 -0.000000 -68.924575 -0.000000 0.000000 1.000000 0.000000
-0.023064 0.999734 0.000000 568.926039 -0.999734 -0.023064 -0.000000 -70.622082 -0.000000 0.000000 1.000000 0.000000
-0.023479 0.999724 0.000000 568.903426 -0.999724 -0.023479 -0.000000 -72.237094 -0.000000 0.000000 1.000000 0.000000
-0.024146 0.999708 0.000000 568.880500 -0.999708 -0.024146 -0.000000 -73.758306 -0.000000 0.000000 1.000000 0.000000
-0.024738 0.999694 0.000000 568.857447 -0.999694 -0.024738 -0.000000 -75.246349 -0.000000 0.000000 1.000000 0.000000
-0.022143 0.999755 0.000000 568.817198 -0.999755 -0.022143 -0.000000 -78.155238 -0.000000 0.000000 1.000000 0.000000
-0.020088 0.999798 0.000000 568.781409 -0.999798 -0.020088 -0.000000 -81.028047 -0.000000 0.000000 1.000000 0.000000
-0.021294 0.999773 0.000000 568.746474 -0.999773 -0.021294 -0.000000 -83.926287 -0.000000 0.000000 1.000000 0.000000
-0.024843 0.999691 0.000000 568.700913 -0.999691 -0.024843 -0.000000 -86.970994 -0.000000 0.000000 1.000000 0.000000
-0.026360 0.999653 0.000000 568.675885 -0.999653 -0.026360 -0.000000 -88.525733 -0.000000 0.000000 1.000000 0.000000
-0.028909 0.999582 0.000000 568.617404 -0.999582 -0.028909 -0.000000 -91.707607 -0.000000 0.000000 1.000000 0.000000
-0.030043 0.999549 0.000000 568.584404 -0.999549 -0.030043 -0.000000 -93.334217 -0.000000 0.000000 1.000000 0.000000
-0.030593 0.999532 0.000000 568.550721 -0.999532 -0.030593 -0.000000 -94.982599 -0.000000 0.000000 1.000000 0.000000
-0.030302 0.999541 0.000000 568.516649 -0.999541 -0.030302 -0.000000 -96.629109 -0.000000 0.000000 1.000000 0.000000
-0.030436 0.999537 0.000000 568.481981 -0.999537 -0.030436 -0.000000 -98.271839 -0.000000 0.000000 1.000000 0.000000
-0.029744 0.999558 0.000000 568.448713 -0.999558 -0.029744 -0.000000 -99.896410 -0.000000 0.000000 1.000000 0.000000
-0.029191 0.999574 0.000000 568.415960 -0.999574 -0.029191 -0.000000 -101.500931 -0.000000 0.000000 1.000000 0.000000
-0.027864 0.999612 0.000000 568.385914 -0.999612 -0.027864 -0.000000 -103.093738 -0.000000 0.000000 1.000000 0.000000
-0.026912 0.999638 0.000000 568.357404 -0.999638 -0.026912 -0.000000 -104.656093 -0.000000 0.000000 1.000000 0.000000
