1.000000 0.000000 0.000000 0.000000 0.000000 1.000000 0.000000 0.000000 0.000000 0.000000 1.000000 0.000000
1.000000 0.000120 0.000000 -0.003211 -0.000120 1.000000 0.000000 -0.004406 0.000000 0.000000 1.000000 0.000000
1.000000 0.000103 0.000000 0.000779 -0.000103 1.000000 0.000000 -0.006418 0.000000 0.000000 1.000000 0.000000
1.000000 0.000047 0.000000 0.001218 -0.000047 1.000000 0.000000 -0.003451 0.000000 0.000000 1.000000 0.000000
1.000000 0.000020 0.000000 -0.002089 -0.000020 1.000000 0.000000 -0.000662 0.000000 0.000000 1.000000 0.000000
1.000000 -0.000028 0.000000 -0.000573 0.000028 1.000000 0.000000 -0.006854 0.000000 0.000000 1.000000 0.000000
1.000000 -0.000096 0.000000 -0.000361 0.000096 1.000000 0.000000 -0.002881 0.000000 0.000000 1.000000 0.000000
1.000000 -0.000054 0.000000 -0.000527 0.000054 1.000000 0.000000 -0.001142 0.000000 0.000000 1.000000 0.000000
1.000000 0.000052 0.000000 -0.006232 -0.000052 1.000000 0.000000 0.003122 0.000000 0.000000 1.000000 0.000000
1.000000 -0.000120 0.000000 -0.010397 0.000120 1.000000 0.000000 -0.006334 0.000000 0.000000 1.000000 0.000000
1.000000 -0.000163 0.000000 -0.002450 0.000163 1.000000 0.000000 0.005429 0.000000 0.000000 1.000000 0.000000
1.000000 0.000042 0.000000 -0.000679 -0.000042 1.000000 0.000000 0.001816 0.000000 0.000000 1.000000 0.000000
1.000000 0.000077 0.000000 -0.001760 -0.000077 1.000000 0.000000 0.001667 0.000000 0.000000 1.000000 0.000000
1.000000 0.000036 0.000000 -0.006001 -0.000036 1.000000 0.000000 0.007584 0.000000 0.000000 1.000000 0.000000
1.000000 -0.000110 0.000000 -0.003535 0.000110 1.000000 0.000000 -0.005616 0.000000 0.000000 1.000000 0.000000
1.000000 0.000214 0.000000 -0.002918 -0.000214 1.000000 0.000000 -0.004164 0.000000 0.000000 1.000000 0.000000
1.000000 -0.000016 0.000000 0.000206 0.000016 1.000000 0.000000 0.003211 0.000000 0.000000 1.000000 0.000000
1.000000 -0.000027 0.000000 0.001616 0.000027 1.000000 0.000000 -0.010817 0.000000 0.000000 1.000000 0.000000
1.000000 -0.000026 0.000000 -0.002889 0.000026 1.000000 0.000000 -0.013204 0.000000 0.000000 1.000000 0.000000
1.000000 -0.000073 0.000000 0.000478 0.000073 1.000000 0.000000 0.001381 0.000000 0.000000 1.000000 0.000000
1.000000 -0.000029 0.000000 0.005722 0.000029 1.000000 0.000000 0.000672 0.000000 0.000000 1.000000 0.000000
1.000000 -0.000053 0.000000 -0.003369 0.000053 1.000000 0.000000 -0.002733 0.000000 0.000000 1.000000 0.000000
1.000000 0.000029 0.000000 -0.001986 -0.000029 1.000000 0.000000 -0.000488 0.000000 0.000000 1.000000 0.000000
1.000000 0.000030 0.000000 -0.006213 -0.000030 1.000000 0.000000 0.002200 0.000000 0.000000 1.000000 0.000000
1.000000 -0.000012 0.000000 -0.002746 0.000012 1.000000 0.000000 -0.002641 0.000000 0.000000 1.000000 0.000000
1.000000 -0.000006 0.000000 -0.009486 0.000006 1.000000 0.000000 -0.006940 0.000000 0.000000 1.000000 0.000000
1.000000 -0.000033 0.000000 -0.003357 0.000033 1.000000 0.000000 -0.006326 0.000000 0.000000 1.000000 0.000000
1.000000 0.000018 0.000000 0.000899 -0.000018 1.000000 0.000000 -0.005972 0.000000 0.000000 1.000000 0.000000
1.000000 0.000049 0.000000 0.003092 -0.000049 1.000000 0.000000 -0.002711 0.000000 0.000000 1.000000 0.000000
1.000000 -0.000139 0.000000 -0.003131 0.000139 1.000000 0.000000 -0.002747 0.000000 0.000000 1.000000 0.000000
1.000000 0.000017 0.000000 -0.004221 -0.000017 1.000000 0.000000 -0.008187 0.000000 0.000000 1.000000 0.000000
1.000000 -0.000123 0.000000 -0.005187 0.000123 1.000000 0.000000 -0.005499 0.000000 0.000000 1.000000 0.000000
1.000000 -0.000099 0.000000 -0.003242 0.000099 1.000000 0.000000 -0.001714 0.000000 0.000000 1.000000 0.000000
1.000000 -0.000146 0.000000 -0.008040 0.000146 1.000000 0.000000 -0.002667 0.000000 0.000000 1.000000 0.000000
1.000000 -0.000166 0.000000 -0.003529 0.000166 1.000000 0.000000 -0.004311 0.000000 0.000000 1.000000 0.000000
1.000000 -0.000073 0.000000 0.004452 0.000073 1.000000 0.000000 -0.007694 0.000000 0.000000 1.000000 0.000000
1.000000 -0.000269 0.000000 -0.003738 0.000269 1.000000 0.000000 -0.006587 0.000000 0.000000 1.000000 0.000000
1.000000 -0.000046 0.000000 0.002876 0.000046 1.000000 0.000000 -0.003556 0.000000 0.000000 1.000000 0.000000
1.000000 0.000011 0.000000 -0.005079 -0.000011 1.000000 0.000000 -0.006914 0.000000 0.000000 1.000000 0.000000
1.000000 -0.000061 0.000000 -0.002609 0.000061 1.000000 0.000000 -0.003406 0.000000 0.000000 1.000000 0.000000
1.000000 -0.000077 0.000000 -0.007595 0.000077 1.000000 0.000000 -0.002423 0.000000 0.000000 1.000000 0.000000
1.000000 0.000010 0.000000 -0.007553 -0.000010 1.000000 0.000000 -0.003986 0.000000 0.000000 1.000000 0.000000
1.000000 -0.000134 0.000000 -0.005255 0.000134 1.000000 0.000000 0.002023 0.000000 0.000000 1.000000 0.000000
1.000000 -0.000126 0.000000 -0.002399 0.000126 1.000000 0.000000 -0.005527 0.000000 0.000000 1.000000 0.000000
1.000000 -0.000106 0.000000 -0.002009 0.000106 1.000000 0.000000 -0.001530 0.000000 0.000000 1.000000 0.000000
1.000000 0.000073 0.000000 -0.002840 -0.000073 1.000000 0.000000 -0.008852 0.000000 0.000000 1.000000 0.000000
1.000000 -0.000221 0.000000 -0.002230 0.000221 1.000000 0.000000 -0.000120 0.000000 0.000000 1.000000 0.000000
1.000000 -0.000202 0.000000 -0.006642 0.000202 1.000000 0.000000 -0.000965 0.000000 0.000000 1.000000 0.000000
1.000000 -0.000113 0.000000 -0.007916 0.000113 1.000000 0.000000 -0.008483 0.000000 0.000000 1.000000 0.000000
1.000000 -0.000143 0.000000 -0.000451 0.000143 1.000000 0.000000 -0.006328 0.000000 0.000000 1.000000 0.000000
1.000000 -0.000163 0.000000 -0.008720 0.000163 1.000000 0.000000 -0.000677 0.000000 0.000000 1.000000 0.000000
1.000000 0.000047 0.000000 0.001734 -0.000047 1.000000 0.000000 -0.013258 0.000000 0.000000 1.000000 0.000000
1.000000 0.000012 0.000000 -0.001106 -0.000012 1.000000 0.000000 0.001981 0.000000 0.000000 1.000000 0.000000
1.000000 -0.000098 0.000000 -0.005859 0.000098 1.000000 0.000000 -0.003432 0.000000 0.000000 1.000000 0.000000
1.000000 -0.000101 0.000000 -0.000827 0.000101 1.000000 0.000000 -0.003034 0.000000 0.000000 1.000000 0.000000
1.000000 -0.000201 0.000000 0.000053 0.000201 1.000000 0.000000 -0.001508 0.000000 0.000000 1.000000 0.000000
1.000000 -0.000111 0.000000 0.002517 0.000111 1.000000 0.000000 0.002037 0.000000 0.000000 1.000000 0.000000
1.000000 0.000006 0.000000 -0.004046 -0.000006 1.000000 0.000000 0.008479 0.000000 0.000000 1.000000 0.000000
1.000000 -0.000024 0.000000 -0.004173 0.000024 1.000000 0.000000 0.003317 0.000000 0.000000 1.000000 0.000000
1.000000 -0.000244 0.000000 0.000370 0.000244 1.000000 0.000000 -0.002641 0.000000 0.000000 1.000000 0.000000
1.000000 -0.000230 0.000000 0.000172 0.000230 1.000000 0.000000 0.006298 0.000000 0.000000 1.000000 0.000000
1.000000 -0.000097 0.000000 -0.007575 0.000097 1.000000 0.000000 0.006346 0.000000 0.000000 1.000000 0.000000
1.000000 -0.000224 0.000000 -0.002481 0.000224 1.000000 0.000000 -0.003131 0.000000 0.000000 1.000000 0.000000
1.000000 -0.000354 0.000000 -0.011362 0.000354 1.000000 0.000000 0.002937 0.000000 0.000000 1.000000 0.000000
1.000000 -0.000189 0.000000 -0.006593 0.000189 1.000000 0.000000 -0.000670 0.000000 0.000000 1.000000 0.000000
1.000000 -0.000090 0.000000 -0.003757 0.000090 1.000000 0.000000 0.004157 0.000000 0.000000 1.000000 0.000000
1.000000 -0.000140 0.000000 0.001860 0.000140 1.000000 0.000000 0.004477 0.000000 0.000000 1.000000 0.000000
1.000000 -0.000162 0.000000 -0.004060 0.000162 1.000000 0.000000 -0.003178 0.000000 0.000000 1.000000 0.000000
1.000000 -0.000101 0.000000 -0.009418 0.000101 1.000000 0.000000 0.001329 0.000000 0.000000 1.000000 0.000000
1.000000 0.000055 0.000000 -0.011221 -0.000055 1.000000 0.000000 -0.002192 0.000000 0.000000 1.000000 0.000000
1.000000 0.000031 0.000000 -0.007267 -0.000031 1.000000 0.000000 -0.007761 0.000000 0.000000 1.000000 0.000000
1.000000 -0.000043 0.000000 -0.002026 0.000043 1.000000 0.000000 -0.003156 0.000000 0.000000 1.000000 0.000000
1.000000 0.000018 0.000000 -0.008614 -0.000018 1.000000 0.000000 0.001212 0.000000 0.000000 1.000000 0.000000
1.000000 -0.000118 0.000000 -0.007219 0.000118 1.000000 0.000000 -0.003550 0.000000 0.000000 1.000000 0.000000
1.000000 -0.000124 0.000000 0.001284 0.000124 1.000000 0.000000 -0.001829 0.000000 0.000000 1.000000 0.000000
1.000000 -0.000240 0.000000 -0.002698 0.000240 1.000000 0.000000 0.000153 0.000000 0.000000 1.000000 0.000000
1.000000 -0.000141 0.000000 -0.012765 0.000141 1.000000 0.000000 -0.006665 0.000000 0.000000 1.000000 0.000000
1.000000 -0.000130 0.000000 -0.009748 0.000130 1.000000 0.000000 0.001724 0.000000 0.000000 1.000000 0.000000
1.000000 -0.000144 0.000000 -0.008821 0.000144 1.000000 0.000000 -0.003028 0.000000 0.000000 1.000000 0.000000
1.000000 -0.000070 0.000000 -0.011115 0.000070 1.000000 0.000000 -0.001820 0.000000 0.000000 1.000000 0.000000
1.000000 0.000014 0.000000 -0.005280 -0.000014 1.000000 0.000000 0.000704 0.000000 0.000000 1.000000 0.000000
1.000000 0.000153 0.000000 -0.004185 -0.000153 1.000000 0.000000 -0.000628 0.000000 0.000000 1.000000 0.000000
1.000000 0.000092 0.000000 -0.009480 -0.000092 1.000000 0.000000 -0.005134 0.000000 0.000000 1.000000 0.000000
1.000000 0.000024 0.000000 -0.012276 -0.000024 1.000000 0.000000 0.000899 0.000000 0.000000 1.000000 0.000000
1.000000 0.000151 0.000000 -0.010487 -0.000151 1.000000 0.000000 -0.005968 0.000000 0.000000 1.000000 0.000000
1.000000 0.000123 0.000000 -0.010283 -0.000123 1.000000 0.000000 -0.012864 0.000000 0.000000 1.000000 0.000000
1.000000 0.000047 0.000000 -0.004453 -0.000047 1.000000 0.000000 -0.006921 0.000000 0.000000 1.000000 0.000000
1.000000 0.000108 0.000000 -0.005199 -0.000108 1.000000 0.000000 -0.006617 0.000000 0.000000 1.000000 0.000000
1.000000 -0.000112 0.000000 -0.014886 0.000112 1.000000 0.000000 -0.000396 0.000000 0.000000 1.000000 0.000000
1.000000 -0.000045 0.000000 -0.019411 0.000045 1.000000 0.000000 -0.007207 0.000000 0.000000 1.000000 0.000000
1.000000 0.000061 0.000000 -0.007285 -0.000061 1.000000 0.000000 -0.004240 0.000000 0.000000 1.000000 0.000000
1.000000 -0.000041 0.000000 -0.004895 0.000041 1.000000 0.000000 -0.002216 0.000000 0.000000 1.000000 0.000000
1.000000 -0.000025 0.000000 -0.006370 0.000025 1.000000 0.000000 -0.002677 0.000000 0.000000 1.000000 0.000000
1.000000 0.000040 0.000000 -0.012391 -0.000040 1.000000 0.000000 -0.004387 0.000000 0.000000 1.000000 0.000000
1.000000 0.000042 0.000000 -0.011307 -0.000042 1.000000 0.000000 0.006649 0.000000 0.000000 1.000000 0.000000
1.000000 -0.000093 0.000000 -0.008997 0.000093 1.000000 0.000000 -0.003154 0.000000 0.000000 1.000000 0.000000
1.000000 -0.000103 0.000000 -0.009105 0.000103 1.000000 0.000000 -0.004379 0.000000 0.000000 1.000000 0.000000
1.000000 -0.000222 0.000000 -0.005972 0.000222 1.000000 0.000000 -0.003007 0.000000 0.000000 1.000000 0.000000
1.000000 0.000024 0.000000 -0.001440 -0.000024 1.000000 0.000000 -0.002915 0.000000 0.000000 1.000000 0.000000
1.000000 -0.000093 0.000000 -0.005309 0.000093 1.000000 0.000000 0.001035 0.000000 0.000000 1.000000 0.000000
1.000000 -0.000070 0.000000 -0.001754 0.000070 1.000000 0.000000 -0.008414 0.000000 0.000000 1.000000 0.000000
1.000000 0.000009 0.000000 -0.001310 -0.000009 1.000000 0.000000 -0.001601 0.000000 0.000000 1.000000 0.000000
1.000000 -0.000094 0.000000 0.002616 0.000094 1.000000 0.000000 -0.003246 0.000000 0.000000 1.000000 0.000000
1.000000 -0.000170 0.000000 -0.000226 0.000170 1.000000 0.000000 0.001207 0.000000 0.000000 1.000000 0.000000
1.000000 -0.000271 0.000000 -0.001039 0.000271 1.000000 0.000000 0.003542 0.000000 0.000000 1.000000 0.000000
1.000000 -0.000070 0.000000 -0.006812 0.000070 1.000000 0.000000 0.002561 0.000000 0.000000 1.000000 0.000000
1.000000 -0.000125 0.000000 -0.003316 0.000125 1.000000 0.000000 0.001869 0.000000 0.000000 1.000000 0.000000
1.000000 -0.000105 0.000000 0.001738 0.000105 1.000000 0.000000 0.004601 0.000000 0.000000 1.000000 0.000000
1.000000 -0.000467 0.000000 0.008167 0.000467 1.000000 0.000000 -0.001320 0.000000 0.000000 1.000000 0.000000
1.000000 -0.000719 0.000000 0.011525 0.000719 1.000000 0.000000 0.005119 0.000000 0.000000 1.000000 0.000000
0.999999 -0.001242 0.000000 0.013073 0.001242 0.999999 0.000000 0.005926 0.000000 0.000000 1.000000 0.000000
0.999998 -0.001892 0.000000 0.065497 0.001892 0.999998 0.000000 -0.020301 0.000000 0.000000 1.000000 0.000000
0.999987 -0.005165 0.000000 0.150870 0.005165 0.999987 0.000000 -0.000712 0.000000 0.000000 1.000000 0.000000
0.999930 -0.011826 0.000000 0.288842 0.011826 0.999930 0.000000 0.065997 0.000000 0.000000 1.000000 0.000000
0.999812 -0.019409 0.000000 0.426734 0.019409 0.999812 0.000000 0.005755 0.000000 0.000000 1.000000 0.000000
0.999557 -0.029771 0.000000 0.629534 0.029771 0.999557 0.000000 0.025100 0.000000 0.000000 1.000000 0.000000
0.999170 -0.040728 0.000000 0.948915 0.040728 0.999170 0.000000 0.032031 0.000000 0.000000 1.000000 0.000000
0.998496 -0.054832 0.000000 1.315748 0.054832 0.998496 0.000000 0.072901 0.000000 0.000000 1.000000 0.000000
0.997318 -0.073194 0.000000 1.742937 0.073194 0.997318 0.000000 0.089274 0.000000 0.000000 1.000000 0.000000
0.995626 -0.093431 0.000000 2.168607 0.093431 0.995626 0.000000 0.197466 0.000000 0.000000 1.000000 0.000000
0.993073 -0.117499 0.000000 2.749965 0.117499 0.993073 0.000000 0.265586 0.000000 0.000000 1.000000 0.000000
0.989728 -0.142962 0.000000 3.280490 0.142962 0.989728 0.000000 0.398038 0.000000 0.000000 1.000000 0.000000
0.985745 -0.168248 0.000000 3.905565 0.168248 0.985745 0.000000 0.478043 0.000000 0.000000 1.000000 0.000000
0.982461 -0.186466 0.000000 4.640002 0.186466 0.982461 0.000000 0.566107 0.000000 0.000000 1.000000 0.000000
0.980477 -0.196633 0.000000 5.463156 0.196633 0.980477 0.000000 0.674608 0.000000 0.000000 1.000000 0.000000
0.980773 -0.195154 0.000000 6.269579 0.195154 0.980773 0.000000 0.847311 0.000000 0.000000 1.000000 0.000000
0.982112 -0.188299 0.000000 7.202023 0.188299 0.982112 0.000000 1.033951 0.000000 0.000000 1.000000 0.000000
0.983790 -0.179323 0.000000 8.174987 0.179323 0.983790 0.000000 1.199694 0.000000 0.000000 1.000000 0.000000
0.985950 -0.167040 0.000000 9.267013 0.167040 0.985950 0.000000 1.407487 0.000000 0.000000 1.000000 0.000000
0.988150 -0.153494 0.000000 10.396625 0.153494 0.988150 0.000000 1.531475 0.000000 0.000000 1.000000 0.000000
0.990593 -0.136842 0.000000 11.556109 0.136842 0.990593 0.000000 1.666627 0.000000 0.000000 1.000000 0.000000
0.992774 -0.120002 0.000000 12.774961 0.120002 0.992774 0.000000 1.762127 0.000000 0.000000 1.000000 0.000000
0.994980 -0.100072 0.000000 14.091322 0.100072 0.994980 0.000000 1.892575 0.000000 0.000000 1.000000 0.000000
0.996759 -0.080448 0.000000 15.383201 0.080448 0.996759 0.000000 1.926045 0.000000 0.000000 1.000000 0.000000
0.998282 -0.058584 0.000000 16.720047 0.058584 0.998282 0.000000 2.001647 0.000000 0.000000 1.000000 0.000000
0.999174 -0.040631 0.000000 18.011009 0.040631 0.999174 0.000000 2.021661 0.000000 0.000000 1.000000 0.000000
0.999575 -0.029146 0.000000 19.368587 0.029146 0.999575 0.000000 2.019059 0.000000 0.000000 1.000000 0.000000
0.999753 -0.022246 0.000000 20.689205 0.022246 0.999753 0.000000 2.028799 0.000000 0.000000 1.000000 0.000000
0.999829 -0.018473 0.000000 22.067178 0.018473 0.999829 0.000000 2.074172 0.000000 0.000000 1.000000 0.000000
0.999919 -0.012694 0.000000 23.381316 0.012694 0.999919 0.000000 2.065816 0.000000 0.000000 1.000000 0.000000
0.999969 -0.007856 0.000000 24.789994 0.007856 0.999969 0.000000 2.088131 0.000000 0.000000 1.000000 0.000000
0.999992 -0.003923 0.000000 26.151272 0.003923 0.999992 0.000000 2.076321 0.000000 0.000000 1.000000 0.000000
1.000000 0.000261 0.000000 27.565342 -0.000261 1.000000 0.000000 2.045997 0.000000 0.000000 1.000000 0.000000
0.999984 0.005733 0.000000 28.928419 -0.005733 0.999984 0.000000 2.050164 0.000000 0.000000 1.000000 0.000000
0.999942 0.010809 0.000000 30.406940 -0.010809 0.999942 0.000000 1.974592 0.000000 0.000000 1.000000 0.000000
0.999891 0.014774 0.000000 31.816296 -0.014774 0.999891 0.000000 1.978689 0.000000 0.000000 1.000000 0.000000
0.999886 0.015117 0.000000 33.357089 -0.015117 0.999886 0.000000 1.912435 0.000000 0.000000 1.000000 0.000000
0.999860 0.016718 0.000000 34.817806 -0.016718 0.999860 0.000000 1.898169 0.000000 0.000000 1.000000 0.000000
0.999854 0.017116 0.000000 36.414392 -0.017116 0.999854 0.000000 1.802556 0.000000 0.000000 1.000000 0.000000
0.999861 0.016672 0.000000 38.013646 -0.016672 0.999861 0.000000 1.791531 0.000000 0.000000 1.000000 0.000000
0.999882 0.015368 0.000000 39.541455 -0.015368 0.999882 0.000000 1.729095 0.000000 0.000000 1.000000 0.000000
0.999882 0.015383 0.000000 41.217454 -0.015383 0.999882 0.000000 1.676801 0.000000 0.000000 1.000000 0.000000
0.999890 0.014836 0.000000 42.823774 -0.014836 0.999890 0.000000 1.625725 0.000000 0.000000 1.000000 0.000000
0.999909 0.013489 0.000000 44.515081 -0.013489 0.999909 0.000000 1.566504 0.000000 0.000000 1.000000 0.000000
0.999930 0.011847 0.000000 46.235453 -0.011847 0.999930 0.000000 1.550685 0.000000 0.000000 1.000000 0.000000
0.999948 0.010161 0.000000 47.945152 -0.010161 0.999948 0.000000 1.511900 0.000000 0.000000 1.000000 0.000000
0.999973 0.007338 0.000000 49.686196 -0.007338 0.999973 0.000000 1.502327 0.000000 0.000000 1.000000 0.000000
0.999986 0.005286 0.000000 51.414166 -0.005286 0.999986 0.000000 1.462607 0.000000 0.000000 1.000000 0.000000
0.999997 0.002452 0.000000 53.121661 -0.002452 0.999997 0.000000 1.426930 0.000000 0.000000 1.000000 0.000000
1.000000 0.000676 0.000000 54.840549 -0.000676 1.000000 0.000000 1.414565 0.000000 0.000000 1.000000 0.000000
1.000000 -0.000943 0.000000 56.591381 0.000943 1.000000 0.000000 1.416499 0.000000 0.000000 1.000000 0.000000
0.999998 -0.002166 0.000000 58.326536 0.002166 0.999998 0.000000 1.384338 0.000000 0.000000 1.000000 0.000000
0.999998 -0.002082 0.000000 60.076623 0.002082 0.999998 0.000000 1.332568 0.000000 0.000000 1.000000 0.000000
1.000000 -0.000112 0.000000 61.885156 0.000112 1.000000 0.000000 1.348444 0.000000 0.000000 1.000000 0.000000
0.999998 0.002128 0.000000 63.661833 -0.002128 0.999998 0.000000 1.300930 0.000000 0.000000 1.000000 0.000000
0.999993 0.003666 0.000000 65.437595 -0.003666 0.999993 0.000000 1.248886 0.000000 0.000000 1.000000 0.000000
0.999993 0.003726 0.000000 67.247326 -0.003726 0.999993 0.000000 1.197938 0.000000 0.000000 1.000000 0.000000
0.999994 0.003323 0.000000 69.090041 -0.003323 0.999994 0.000000 1.215876 0.000000 0.000000 1.000000 0.000000
0.999994 0.003538 0.000000 70.874542 -0.003538 0.999994 0.000000 1.164529 0.000000 0.000000 1.000000 0.000000
0.999991 0.004190 0.000000 72.708234 -0.004190 0.999991 0.000000 1.089047 0.000000 0.000000 1.000000 0.000000
0.999992 0.004073 0.000000 74.468906 -0.004073 0.999992 0.000000 1.143505 0.000000 0.000000 1.000000 0.000000
0.999997 0.002401 0.000000 76.298258 -0.002401 0.999997 0.000000 1.038134 0.000000 0.000000 1.000000 0.000000
0.999999 0.001041 0.000000 78.139441 -0.001041 0.999999 0.000000 0.989901 0.000000 0.000000 1.000000 0.000000
1.000000 0.000205 0.000000 79.970455 -0.000205 1.000000 0.000000 1.009502 0.000000 0.000000 1.000000 0.000000
1.000000 0.000034 0.000000 81.778783 -0.000034 1.000000 0.000000 0.982702 0.000000 0.000000 1.000000 0.000000
1.000000 0.000565 0.000000 83.611975 -0.000565 1.000000 0.000000 0.950026 0.000000 0.000000 1.000000 0.000000
0.999998 0.001939 0.000000 85.389876 -0.001939 0.999998 0.000000 0.921541 0.000000 0.000000 1.000000 0.000000
0.999987 0.005130 0.000000 87.132807 -0.005130 0.999987 0.000000 0.846273 0.000000 0.000000 1.000000 0.000000
0.999979 0.006457 0.000000 88.913787 -0.006457 0.999979 0.000000 0.822359 0.000000 0.000000 1.000000 0.000000
0.999983 0.005830 0.000000 90.600092 -0.005830 0.999983 0.000000 0.796853 0.000000 0.000000 1.000000 0.000000
0.999989 0.004609 0.000000 92.374756 -0.004609 0.999989 0.000000 0.735875 0.000000 0.000000 1.000000 0.000000
0.999995 0.003113 0.000000 94.068609 -0.003113 0.999995 0.000000 0.753212 0.000000 0.000000 1.000000 0.000000
0.999996 -0.002778 0.000000 95.850661 0.002778 0.999996 0.000000 0.740873 0.000000 0.000000 1.000000 0.000000
0.999974 -0.007271 0.000000 97.511965 0.007271 0.999974 0.000000 0.767089 0.000000 0.000000 1.000000 0.000000
0.999917 -0.012862 0.000000 99.198932 0.012862 0.999917 0.000000 0.717525 0.000000 0.000000 1.000000 0.000000
0.999807 -0.019659 0.000000 100.904131 0.019659 0.999807 0.000000 0.725554 0.000000 0.000000 1.000000 0.000000
0.999636 -0.026994 0.000000 102.537773 0.026994 0.999636 0.000000 0.732709 0.000000 0.000000 1.000000 0.000000
0.999476 -0.032362 0.000000 104.219908 0.032362 0.999476 0.000000 0.751018 0.000000 0.000000 1.000000 0.000000
0.999315 -0.036994 0.000000 105.816020 0.036994 0.999315 0.000000 0.770786 0.000000 0.000000 1.000000 0.000000
0.999086 -0.042748 0.000000 107.468637 0.042748 0.999086 0.000000 0.862419 0.000000 0.000000 1.000000 0.000000
0.998914 -0.046590 0.000000 109.094089 0.046590 0.998914 0.000000 0.906208 0.000000 0.000000 1.000000 0.000000
0.998700 -0.050979 0.000000 110.662522 0.050979 0.998700 0.000000 0.931417 0.000000 0.000000 1.000000 0.000000
0.998506 -0.054640 0.000000 112.155167 0.054640 0.998506 0.000000 0.962377 0.000000 0.000000 1.000000 0.000000
0.998245 -0.059224 0.000000 113.765508 0.059224 0.998245 0.000000 1.024668 0.000000 0.000000 1.000000 0.000000
0.998071 -0.062080 0.000000 115.310998 0.062080 0.998071 0.000000 1.096139 0.000000 0.000000 1.000000 0.000000
0.997834 -0.065783 0.000000 116.761428 0.065783 0.997834 0.000000 1.190410 0.000000 0.000000 1.000000 0.000000
0.997502 -0.070635 0.000000 118.262527 0.070635 0.997502 0.000000 1.269002 0.000000 0.000000 1.000000 0.000000
0.997395 -0.072138 0.000000 119.753968 0.072138 0.997395 0.000000 1.387673 0.000000 0.000000 1.000000 0.000000
0.997494 -0.070747 0.000000 121.165826 0.070747 0.997494 0.000000 1.418593 0.000000 0.000000 1.000000 0.000000
0.997755 -0.066966 0.000000 122.635538 0.066966 0.997755 0.000000 1.536507 0.000000 0.000000 1.000000 0.000000
0.998136 -0.061029 0.000000 124.171514 0.061029 0.998136 0.000000 1.582001 0.000000 0.000000 1.000000 0.000000
0.998437 -0.055894 0.000000 125.715156 0.055894 0.998437 0.000000 1.581364 0.000000 0.000000 1.000000 0.000000
0.998779 -0.049408 0.000000 127.050601 0.049408 0.998779 0.000000 1.660882 0.000000 0.000000 1.000000 0.000000
0.999106 -0.042264 0.000000 128.504531 0.042264 0.999106 0.000000 1.760121 0.000000 0.000000 1.000000 0.000000
0.999389 -0.034940 0.000000 129.938699 0.034940 0.999389 0.000000 1.775814 0.000000 0.000000 1.000000 0.000000
0.999653 -0.026353 0.000000 131.357076 0.026353 0.999653 0.000000 1.788469 0.000000 0.000000 1.000000 0.000000
0.999776 -0.021157 0.000000 132.812511 0.021157 0.999776 0.000000 1.786576 0.000000 0.000000 1.000000 0.000000
0.999907 -0.013659 0.000000 134.309528 0.013659 0.999907 0.000000 1.809457 0.000000 0.000000 1.000000 0.000000
0.999940 -0.010937 0.000000 135.792769 0.010937 0.999940 0.000000 1.774406 0.000000 0.000000 1.000000 0.000000
0.999957 -0.009311 0.000000 137.261749 0.009311 0.999957 0.000000 1.791139 0.000000 0.000000 1.000000 0.000000
0.999952 -0.009790 0.000000 138.730510 0.009790 0.999952 0.000000 1.759548 0.000000 0.000000 1.000000 0.000000
0.999953 -0.009734 0.000000 140.229994 0.009734 0.999953 0.000000 1.777546 0.000000 0.000000 1.000000 0.000000
0.999951 -0.009868 0.000000 141.657416 0.009868 0.999951 0.000000 1.760147 0.000000 0.000000 1.000000 0.000000
0.999939 -0.011074 0.000000 143.214105 0.011074 0.999939 0.000000 1.713788 0.000000 0.000000 1.000000 0.000000
0.999916 -0.012944 0.000000 144.756949 0.012944 0.999916 0.000000 1.706839 0.000000 0.000000 1.000000 0.000000
0.999910 -0.013427 0.000000 146.261106 0.013427 0.999910 0.000000 1.736029 0.000000 0.000000 1.000000 0.000000
0.999889 -0.014921 0.000000 147.575171 0.014921 0.999889 0.000000 1.689892 0.000000 0.000000 1.000000 0.000000
0.999859 -0.016819 0.000000 148.991835 0.016819 0.999859 0.000000 1.680873 0.000000 0.000000 1.000000 0.000000
0.999820 -0.018998 0.000000 150.329873 0.018998 0.999820 0.000000 1.717662 0.000000 0.000000 1.000000 0.000000
0.999798 -0.020099 0.000000 151.857870 0.020099 0.999798 0.000000 1.768527 0.000000 0.000000 1.000000 0.000000
0.999770 -0.021431 0.000000 153.200336 0.021431 0.999770 0.000000 1.763817 0.000000 0.000000 1.000000 0.000000
0.999775 -0.021235 0.000000 154.664898 0.021235 0.999775 0.000000 1.798008 0.000000 0.000000 1.000000 0.000000
0.999784 -0.020797 0.000000 156.003976 0.020797 0.999784 0.000000 1.845672 0.000000 0.000000 1.000000 0.000000
0.999792 -0.020397 0.000000 157.512476 0.020397 0.999792 0.000000 1.844978 0.000000 0.000000 1.000000 0.000000
0.999787 -0.020662 0.000000 158.976019 0.020662 0.999787 0.000000 1.882745 0.000000 0.000000 1.000000 0.000000
0.999774 -0.021282 0.000000 160.512076 0.021282 0.999774 0.000000 1.888376 0.000000 0.000000 1.000000 0.000000
0.999753 -0.022235 0.000000 161.994553 0.022235 0.999753 0.000000 1.896541 0.000000 0.000000 1.000000 0.000000
0.999755 -0.022135 0.000000 163.525371 0.022135 0.999755 0.000000 1.923643 0.000000 0.000000 1.000000 0.000000
0.999714 -0.023930 0.000000 165.138020 0.023930 0.999714 0.000000 1.943528 0.000000 0.000000 1.000000 0.000000
0.999676 -0.025451 0.000000 166.706577 0.025451 0.999676 0.000000 1.930826 0.000000 0.000000 1.000000 0.000000
0.999623 -0.027471 0.000000 168.303551 0.027471 0.999623 0.000000 1.958708 0.000000 0.000000 1.000000 0.000000
0.999582 -0.028923 0.000000 169.922066 0.028923 0.999582 0.000000 2.023834 0.000000 0.000000 1.000000 0.000000
0.999519 -0.031014 0.000000 171.483064 0.031014 0.999519 0.000000 2.048391 0.000000 0.000000 1.000000 0.000000
0.999461 -0.032835 0.000000 173.172030 0.032835 0.999461 0.000000 2.029411 0.000000 0.000000 1.000000 0.000000
0.999430 -0.033754 0.000000 174.881504 0.033754 0.999430 0.000000 2.064424 0.000000 0.000000 1.000000 0.000000
0.999390 -0.034933 0.000000 176.613101 0.034933 0.999390 0.000000 2.127153 0.000000 0.000000 1.000000 0.000000
0.999337 -0.036398 0.000000 178.338427 0.036398 0.999337 0.000000 2.159200 0.000000 0.000000 1.000000 0.000000
0.999267 -0.038270 0.000000 180.104460 0.038270 0.999267 0.000000 2.245511 0.000000 0.000000 1.000000 0.000000
0.999207 -0.039815 0.000000 181.914617 0.039815 0.999207 0.000000 2.299668 0.000000 0.000000 1.000000 0.000000
0.999151 -0.041188 0.000000 183.682450 0.041188 0.999151 0.000000 2.337211 0.000000 0.000000 1.000000 0.000000
0.999056 -0.043449 0.000000 185.540948 0.043449 0.999056 0.000000 2.380812 0.000000 0.000000 1.000000 0.000000
0.999098 -0.042461 0.000000 187.379566 0.042461 0.999098 0.000000 2.447989 0.000000 0.000000 1.000000 0.000000
0.999074 -0.043022 0.000000 189.174880 0.043022 0.999074 0.000000 2.496482 0.000000 0.000000 1.000000 0.000000
0.999013 -0.044409 0.000000 190.895774 0.044409 0.999013 0.000000 2.572259 0.000000 0.000000 1.000000 0.000000
0.998973 -0.045306 0.000000 192.711132 0.045306 0.998973 0.000000 2.611099 0.000000 0.000000 1.000000 0.000000
0.998944 -0.045950 0.000000 194.497691 0.045950 0.998944 0.000000 2.644114 0.000000 0.000000 1.000000 0.000000
0.998893 -0.047050 0.000000 196.285609 0.047050 0.998893 0.000000 2.722132 0.000000 0.000000 1.000000 0.000000
0.998850 -0.047948 0.000000 198.025098 0.047948 0.998850 0.000000 2.806692 0.000000 0.000000 1.000000 0.000000
0.998778 -0.049428 0.000000 199.703485 0.049428 0.998778 0.000000 2.900000 0.000000 0.000000 1.000000 0.000000
0.998741 -0.050158 0.000000 201.312689 0.050158 0.998741 0.000000 2.972458 0.000000 0.000000 1.000000 0.000000
0.998690 -0.051175 0.000000 202.827199 0.051175 0.998690 0.000000 3.043371 0.000000 0.000000 1.000000 0.000000
0.998600 -0.052890 0.000000 204.366631 0.052890 0.998600 0.000000 3.115423 0.000000 0.000000 1.000000 0.000000
0.998481 -0.055101 0.000000 205.858927 0.055101 0.998481 0.000000 3.213144 0.000000 0.000000 1.000000 0.000000
0.998463 -0.055424 0.000000 207.411199 0.055424 0.998463 0.000000 3.293106 0.000000 0.000000 1.000000 0.000000
0.998409 -0.056391 0.000000 208.958497 0.056391 0.998409 0.000000 3.388952 0.000000 0.000000 1.000000 0.000000
0.998386 -0.056793 0.000000 210.461017 0.056793 0.998386 0.000000 3.457113 0.000000 0.000000 1.000000 0.000000
0.998466 -0.055364 0.000000 212.037371 0.055364 0.998466 0.000000 3.508173 0.000000 0.000000 1.000000 0.000000
0.998667 -0.051614 0.000000 213.626437 0.051614 0.998667 0.000000 3.560783 0.000000 0.000000 1.000000 0.000000
0.998946 -0.045908 0.000000 215.157487 0.045908 0.998946 0.000000 3.590325 0.000000 0.000000 1.000000 0.000000
0.999250 -0.038735 0.000000 216.786218 0.038735 0.999250 0.000000 3.631413 0.000000 0.000000 1.000000 0.000000
0.999460 -0.032874 0.000000 218.390157 0.032874 0.999460 0.000000 3.657799 0.000000 0.000000 1.000000 0.000000
0.999648 -0.026517 0.000000 220.109114 0.026517 0.999648 0.000000 3.658786 0.000000 0.000000 1.000000 0.000000
0.999772 -0.021336 0.000000 221.802864 0.021336 0.999772 0.000000 3.655599 0.000000 0.000000 1.000000 0.000000
0.999747 -0.022475 0.000000 223.490767 0.022475 0.999747 0.000000 3.651227 0.000000 0.000000 1.000000 0.000000
0.999541 -0.030302 0.000000 225.184594 0.030302 0.999541 0.000000 3.629115 0.000000 0.000000 1.000000 0.000000
0.998964 -0.045502 0.000000 226.950022 0.045502 0.998964 0.000000 3.712914 0.000000 0.000000 1.000000 0.000000
0.997908 -0.064652 0.000000 228.740509 0.064652 0.997908 0.000000 3.823711 0.000000 0.000000 1.000000 0.000000
0.996747 -0.080589 0.000000 230.475905 0.080589 0.996747 0.000000 3.963353 0.000000 0.000000 1.000000 0.000000
0.994928 -0.100587 0.000000 232.203592 0.100587 0.994928 0.000000 4.120533 0.000000 0.000000 1.000000 0.000000
0.993320 -0.115393 0.000000 233.979842 0.115393 0.993320 0.000000 4.330247 0.000000 0.000000 1.000000 0.000000
0.992384 -0.123182 0.000000 235.692459 0.123182 0.992384 0.000000 4.594841 0.000000 0.000000 1.000000 0.000000
0.991920 -0.126868 0.000000 237.553206 0.126868 0.991920 0.000000 4.790123 0.000000 0.000000 1.000000 0.000000
0.991179 -0.132529 0.000000 239.327471 0.132529 0.991179 0.000000 5.013526 0.000000 0.000000 1.000000 0.000000
0.990299 -0.138955 0.000000 241.157154 0.138955 0.990299 0.000000 5.274702 0.000000 0.000000 1.000000 0.000000
0.989715 -0.143052 0.000000 243.012038 0.143052 0.989715 0.000000 5.561716 0.000000 0.000000 1.000000 0.000000
0.989274 -0.146070 0.000000 244.935520 0.146070 0.989274 0.000000 5.792051 0.000000 0.000000 1.000000 0.000000
0.988713 -0.149821 0.000000 246.863050 0.149821 0.988713 0.000000 6.094824 0.000000 0.000000 1.000000 0.000000
0.988379 -0.152008 0.000000 248.757837 0.152008 0.988379 0.000000 6.377423 0.000000 0.000000 1.000000 0.000000
0.988767 -0.149462 0.000000 250.773841 0.149462 0.988767 0.000000 6.686815 0.000000 0.000000 1.000000 0.000000
0.989029 -0.147723 0.000000 252.770829 0.147723 0.989029 0.000000 6.949733 0.000000 0.000000 1.000000 0.000000
0.989234 -0.146339 0.000000 254.805891 0.146339 0.989234 0.000000 7.239334 0.000000 0.000000 1.000000 0.000000
0.989579 -0.143990 0.000000 256.798011 0.143990 0.989579 0.000000 7.531635 0.000000 0.000000 1.000000 0.000000
0.989514 -0.144438 0.000000 258.789257 0.144438 0.989514 0.000000 7.796856 0.000000 0.000000 1.000000 0.000000
0.989154 -0.146882 0.000000 260.838350 0.146882 0.989154 0.000000 8.019195 0.000000 0.000000 1.000000 0.000000
0.989458 -0.144821 0.000000 262.854465 0.144821 0.989458 0.000000 8.320518 0.000000 0.000000 1.000000 0.000000
0.989814 -0.142370 0.000000 264.932796 0.142370 0.989814 0.000000 8.596272 0.000000 0.000000 1.000000 0.000000
0.989926 -0.141586 0.000000 266.946862 0.141586 0.989926 0.000000 8.883958 0.000000 0.000000 1.000000 0.000000
0.990088 -0.140451 0.000000 268.878460 0.140451 0.990088 0.000000 9.142637 0.000000 0.000000 1.000000 0.000000
0.990278 -0.139101 0.000000 270.837630 0.139101 0.990278 0.000000 9.470521 0.000000 0.000000 1.000000 0.000000
0.990451 -0.137868 0.000000 272.793161 0.137868 0.990451 0.000000 9.725494 0.000000 0.000000 1.000000 0.000000
0.990505 -0.137474 0.000000 274.781038 0.137474 0.990505 0.000000 9.982826 0.000000 0.000000 1.000000 0.000000
0.990391 -0.138299 0.000000 276.741844 0.138299 0.990391 0.000000 10.226148 0.000000 0.000000 1.000000 0.000000
0.990085 -0.140469 0.000000 278.676984 0.140469 0.990085 0.000000 10.442026 0.000000 0.000000 1.000000 0.000000
0.989946 -0.141447 0.000000 280.553977 0.141447 0.989946 0.000000 10.685315 0.000000 0.000000 1.000000 0.000000
0.989863 -0.142025 0.000000 282.544384 0.142025 0.989863 0.000000 10.916990 0.000000 0.000000 1.000000 0.000000
0.989850 -0.142114 0.000000 284.535510 0.142114 0.989850 0.000000 11.213482 0.000000 0.000000 1.000000 0.000000
0.990010 -0.141000 0.000000 286.496303 0.141000 0.990010 0.000000 11.467282 0.000000 0.000000 1.000000 0.000000
0.990170 -0.139872 0.000000 288.554618 0.139872 0.990170 0.000000 11.693697 0.000000 0.000000 1.000000 0.000000
0.990005 -0.141030 0.000000 290.575415 0.141030 0.990005 0.000000 12.000233 0.000000 0.000000 1.000000 0.000000
0.990200 -0.139658 0.000000 292.613074 0.139658 0.990200 0.000000 12.261993 0.000000 0.000000 1.000000 0.000000
0.990268 -0.139176 0.000000 294.645167 0.139176 0.990268 0.000000 12.462935 0.000000 0.000000 1.000000 0.000000
0.990337 -0.138685 0.000000 296.717966 0.138685 0.990337 0.000000 12.734658 0.000000 0.000000 1.000000 0.000000
0.990432 -0.137999 0.000000 298.818292 0.137999 0.990432 0.000000 13.013190 0.000000 0.000000 1.000000 0.000000
0.990866 -0.134848 0.000000 300.957372 0.134848 0.990866 0.000000 13.239089 0.000000 0.000000 1.000000 0.000000
0.991076 -0.133299 0.000000 303.082511 0.133299 0.991076 0.000000 13.530283 0.000000 0.000000 1.000000 0.000000
0.991399 -0.130878 0.000000 305.156753 0.130878 0.991399 0.000000 13.774006 0.000000 0.000000 1.000000 0.000000
0.991785 -0.127918 0.000000 307.378701 0.127918 0.991785 0.000000 13.984525 0.000000 0.000000 1.000000 0.000000
0.992274 -0.124062 0.000000 309.606294 0.124062 0.992274 0.000000 14.244368 0.000000 0.000000 1.000000 0.000000
0.992761 -0.120106 0.000000 311.734834 0.120106 0.992761 0.000000 14.508515 0.000000 0.000000 1.000000 0.000000
0.993061 -0.117604 0.000000 313.918668 0.117604 0.993061 0.000000 14.760309 0.000000 0.000000 1.000000 0.000000
0.993448 -0.114281 0.000000 316.081849 0.114281 0.993448 0.000000 14.969016 0.000000 0.000000 1.000000 0.000000
0.993765 -0.111497 0.000000 318.209448 0.111497 0.993765 0.000000 15.194204 0.000000 0.000000 1.000000 0.000000
0.994108 -0.108395 0.000000 320.388978 0.108395 0.994108 0.000000 15.395169 0.000000 0.000000 1.000000 0.000000
0.994347 -0.106180 0.000000 322.619793 0.106180 0.994347 0.000000 15.557998 0.000000 0.000000 1.000000 0.000000
0.994500 -0.104736 0.000000 324.802034 0.104736 0.994500 0.000000 15.770778 0.000000 0.000000 1.000000 0.000000
0.994647 -0.103334 0.000000 326.917221 0.103334 0.994647 0.000000 15.960246 0.000000 0.000000 1.000000 0.000000
0.994872 -0.101143 0.000000 329.078125 0.101143 0.994872 0.000000 16.159834 0.000000 0.000000 1.000000 0.000000
0.994985 -0.100023 0.000000 331.387833 0.100023 0.994985 0.000000 16.330552 0.000000 0.000000 1.000000 0.000000
0.995207 -0.097792 0.000000 333.537207 0.097792 0.995207 0.000000 16.525670 0.000000 0.000000 1.000000 0.000000
0.995265 -0.097199 0.000000 335.712325 0.097199 0.995265 0.000000 16.710919 0.000000 0.000000 1.000000 0.000000
0.995439 -0.095404 0.000000 337.951334 0.095404 0.995439 0.000000 16.882352 0.000000 0.000000 1.000000 0.000000
0.995409 -0.095709 0.000000 340.076169 0.095709 0.995409 0.000000 17.051904 0.000000 0.000000 1.000000 0.000000
0.995379 -0.096022 0.000000 342.362819 0.096022 0.995379 0.000000 17.247666 0.000000 0.000000 1.000000 0.000000
0.995253 -0.097322 0.000000 344.517818 0.097322 0.995253 0.000000 17.409274 0.000000 0.000000 1.000000 0.000000
0.995107 -0.098800 0.000000 346.704602 0.098800 0.995107 0.000000 17.584005 0.000000 0.000000 1.000000 0.000000
0.995194 -0.097922 0.000000 348.967120 0.097922 0.995194 0.000000 17.731495 0.000000 0.000000 1.000000 0.000000
0.995381 -0.096006 0.000000 351.166967 0.096006 0.995381 0.000000 17.954327 0.000000 0.000000 1.000000 0.000000
0.995758 -0.092006 0.000000 353.446937 0.092006 0.995758 0.000000 18.158560 0.000000 0.000000 1.000000 0.000000
0.996333 -0.085563 0.000000 355.573639 0.085563 0.996333 0.000000 18.273509 0.000000 0.000000 1.000000 0.000000
0.997193 -0.074879 0.000000 357.710920 0.074879 0.997193 0.000000 18.381318 0.000000 0.000000 1.000000 0.000000
0.998087 -0.061823 0.000000 359.900930 0.061823 0.998087 0.000000 18.539871 0.000000 0.000000 1.000000 0.000000
0.998972 -0.045337 0.000000 362.151229 0.045337 0.998972 0.000000 18.600012 0.000000 0.000000 1.000000 0.000000
0.999606 -0.028053 0.000000 364.327458 0.028053 0.999606 0.000000 18.643803 0.000000 0.000000 1.000000 0.000000
0.999964 -0.008519 0.000000 366.526324 0.008519 0.999964 0.000000 18.626464 0.000000 0.000000 1.000000 0.000000
0.999962 0.008721 0.000000 368.803750 -0.008721 0.999962 0.000000 18.581620 0.000000 0.000000 1.000000 0.000000
0.999686 0.025041 0.000000 370.964796 -0.025041 0.999686 0.000000 18.460867 0.000000 0.000000 1.000000 0.000000
0.999221 0.039462 0.000000 373.174724 -0.039462 0.999221 0.000000 18.359585 0.000000 0.000000 1.000000 0.000000
0.998704 0.050894 0.000000 375.394530 -0.050894 0.998704 0.000000 18.233247 0.000000 0.000000 1.000000 0.000000
0.998317 0.057992 0.000000 377.525967 -0.057992 0.998317 0.000000 18.027351 0.000000 0.000000 1.000000 0.000000
0.998122 0.061250 0.000000 379.775403 -0.061250 0.998122 0.000000 17.903490 0.000000 0.000000 1.000000 0.000000
0.998273 0.058751 0.000000 381.965379 -0.058751 0.998273 0.000000 17.743977 0.000000 0.000000 1.000000 0.000000
0.998653 0.051882 0.000000 384.222804 -0.051882 0.998653 0.000000 17.613355 0.000000 0.000000 1.000000 0.000000
0.998948 0.045862 0.000000 386.331453 -0.045862 0.998948 0.000000 17.454373 0.000000 0.000000 1.000000 0.000000
0.999291 0.037644 0.000000 388.597721 -0.037644 0.999291 0.000000 17.348752 0.000000 0.000000 1.000000 0.000000
0.999615 0.027743 0.000000 390.801177 -0.027743 0.999615 0.000000 17.313562 0.000000 0.000000 1.000000 0.000000
0.999818 0.019088 0.000000 393.023404 -0.019088 0.999818 0.000000 17.221815 0.000000 0.000000 1.000000 0.000000
0.999955 0.009456 0.000000 395.251219 -0.009456 0.999955 0.000000 17.162128 0.000000 0.000000 1.000000 0.000000
0.999996 0.002677 0.000000 397.439098 -0.002677 0.999996 0.000000 17.137570 0.000000 0.000000 1.000000 0.000000
0.999988 -0.004983 0.000000 399.731351 0.004983 0.999988 0.000000 17.160590 0.000000 0.000000 1.000000 0.000000
0.999940 -0.010926 0.000000 401.918665 0.010926 0.999940 0.000000 17.151153 0.000000 0.000000 1.000000 0.000000
0.999865 -0.016427 0.000000 404.171400 0.016427 0.999865 0.000000 17.131570 0.000000 0.000000 1.000000 0.000000
0.999800 -0.019985 0.000000 406.394032 0.019985 0.999800 0.000000 17.155313 0.000000 0.000000 1.000000 0.000000
0.999684 -0.025123 0.000000 408.651932 0.025123 0.999684 0.000000 17.186920 0.000000 0.000000 1.000000 0.000000
0.999597 -0.028372 0.000000 410.870834 0.028372 0.999597 0.000000 17.229517 0.000000 0.000000 1.000000 0.000000
0.999504 -0.031503 0.000000 413.142654 0.031503 0.999504 0.000000 17.283808 0.000000 0.000000 1.000000 0.000000
0.999415 -0.034207 0.000000 415.399764 0.034207 0.999415 0.000000 17.373503 0.000000 0.000000 1.000000 0.000000
0.999313 -0.037069 0.000000 417.632679 0.037069 0.999313 0.000000 17.366257 0.000000 0.000000 1.000000 0.000000
0.999226 -0.039335 0.000000 419.868236 0.039335 0.999226 0.000000 17.406605 0.000000 0.000000 1.000000 0.000000
0.999141 -0.041442 0.000000 422.135483 0.041442 0.999141 0.000000 17.501947 0.000000 0.000000 1.000000 0.000000
0.999049 -0.043601 0.000000 424.445123 0.043601 0.999049 0.000000 17.569937 0.000000 0.000000 1.000000 0.000000
0.998966 -0.045454 0.000000 426.690536 0.045454 0.998966 0.000000 17.647022 0.000000 0.000000 1.000000 0.000000
