0.998582 -0.053243 0.000000 2.708804 0.053243 0.998582 0.000000 0.429479 0.000000 0.000000 1.000000 0.000000
0.998298 -0.058326 0.000000 4.783313 0.058326 0.998298 0.000000 0.599365 0.000000 0.000000 1.000000 0.000000
0.998014 -0.062989 0.000000 6.904309 0.062989 0.998014 0.000000 0.743003 0.000000 0.000000 1.000000 0.000000
0.997795 -0.066372 0.000000 8.638527 0.066372 0.997795 0.000000 0.835652 0.000000 0.000000 1.000000 0.000000
0.997434 -0.071590 0.000000 10.710554 0.071590 0.997434 0.000000 0.987064 0.000000 0.000000 1.000000 0.000000
0.996815 -0.079749 0.000000 12.927226 0.079749 0.996815 0.000000 1.139831 0.000000 0.000000 1.000000 0.000000
0.995970 -0.089691 0.000000 15.375961 0.089691 0.995970 0.000000 1.423240 0.000000 0.000000 1.000000 0.000000
0.994966 -0.100213 0.000000 18.122600 0.100213 0.994966 0.000000 1.612348 0.000000 0.000000 1.000000 0.000000
0.993526 -0.113601 0.000000 21.085563 0.113601 0.993526 0.000000 1.962034 0.000000 0.000000 1.000000 0.000000
0.993049 -0.117703 0.000000 22.628835 0.117703 0.993049 0.000000 2.149893 0.000000 0.000000 1.000000 0.000000
0.992430 -0.122814 0.000000 24.202148 0.122814 0.992430 0.000000 2.368135 0.000000 0.000000 1.000000 0.000000
0.992071 -0.125676 0.000000 25.841003 0.125676 0.992071 0.000000 2.540737 0.000000 0.000000 1.000000 0.000000
0.991844 -0.127458 0.000000 27.494899 0.127458 0.991844 0.000000 2.756640 0.000000 0.000000 1.000000 0.000000
0.991632 -0.129099 0.000000 29.257170 0.129099 0.991632 0.000000 2.949233 0.000000 0.000000 1.000000 0.000000
0.991464 -0.130382 0.000000 31.014715 0.130382 0.991464 0.000000 3.234111 0.000000 0.000000 1.000000 0.000000
0.991728 -0.128356 0.000000 32.848579 0.128356 0.991728 0.000000 3.429106 0.000000 0.000000 1.000000 0.000000
0.992277 -0.124038 0.000000 34.742107 0.124038 0.992277 0.000000 3.678233 0.000000 0.000000 1.000000 0.000000
0.992979 -0.118292 0.000000 36.640397 0.118292 0.992979 0.000000 3.864236 0.000000 0.000000 1.000000 0.000000
0.993856 -0.110683 0.000000 38.627435 0.110683 0.993856 0.000000 4.128603 0.000000 0.000000 1.000000 0.000000
0.994531 -0.104438 0.000000 40.631691 0.104438 0.994531 0.000000 4.276452 0.000000 0.000000 1.000000 0.000000
0.995291 -0.096927 0.000000 42.661506 0.096927 0.995291 0.000000 4.456707 0.000000 0.000000 1.000000 0.000000
0.995955 -0.089849 0.000000 44.785107 0.089849 0.995955 0.000000 4.622030 0.000000 0.000000 1.000000 0.000000
0.996708 -0.081072 0.000000 46.890996 0.081072 0.996708 0.000000 4.779656 0.000000 0.000000 1.000000 0.000000
0.997303 -0.073397 0.000000 49.087767 0.073397 0.997303 0.000000 4.893753 0.000000 0.000000 1.000000 0.000000
0.997790 -0.066447 0.000000 51.270171 0.066447 0.997790 0.000000 5.032837 0.000000 0.000000 1.000000 0.000000
0.998307 -0.058173 0.000000 53.573795 0.058173 0.998307 0.000000 5.146772 0.000000 0.000000 1.000000 0.000000
0.998707 -0.050830 0.000000 55.829526 0.050830 0.998707 0.000000 5.258509 0.000000 0.000000 1.000000 0.000000
0.998902 -0.046842 0.000000 58.186087 0.046842 0.998902 0.000000 5.320525 0.000000 0.000000 1.000000 0.000000
0.998863 -0.047663 0.000000 60.528586 0.047663 0.998863 0.000000 5.440549 0.000000 0.000000 1.000000 0.000000
0.998768 -0.049617 0.000000 62.959779 0.049617 0.998768 0.000000 5.602963 0.000000 0.000000 1.000000 0.000000
0.998674 -0.051483 0.000000 65.393291 0.051483 0.998674 0.000000 5.734205 0.000000 0.000000 1.000000 0.000000
0.998613 -0.052653 0.000000 67.863017 0.052653 0.998613 0.000000 5.845972 0.000000 0.000000 1.000000 0.000000
0.998651 -0.051923 0.000000 70.376555 0.051923 0.998651 0.000000 5.965250 0.000000 0.000000 1.000000 0.000000
0.998684 -0.051283 0.000000 72.952101 0.051283 0.998684 0.000000 6.086235 0.000000 0.000000 1.000000 0.000000
0.998711 -0.050760 0.000000 75.527872 0.050760 0.998711 0.000000 6.179314 0.000000 0.000000 1.000000 0.000000
0.998774 -0.049506 0.000000 78.083719 0.049506 0.998774 0.000000 6.277128 0.000000 0.000000 1.000000 0.000000
0.998826 -0.048435 0.000000 80.735618 0.048435 0.998826 0.000000 6.404162 0.000000 0.000000 1.000000 0.000000
0.998867 -0.047587 0.000000 83.396540 0.047587 0.998867 0.000000 6.512021 0.000000 0.000000 1.000000 0.000000
0.998866 -0.047600 0.000000 86.074479 0.047600 0.998866 0.000000 6.623168 0.000000 0.000000 1.000000 0.000000
0.998901 -0.046871 0.000000 88.809520 0.046871 0.998901 0.000000 6.739589 0.000000 0.000000 1.000000 0.000000
0.999026 -0.044127 0.000000 91.538570 0.044127 0.999026 0.000000 6.925294 0.000000 0.000000 1.000000 0.000000
0.999120 -0.041933 0.000000 94.244706 0.041933 0.999120 0.000000 6.943672 0.000000 0.000000 1.000000 0.000000
0.999232 -0.039175 0.000000 96.971028 0.039175 0.999232 0.000000 7.047211 0.000000 0.000000 1.000000 0.000000
0.999384 -0.035084 0.000000 99.650729 0.035084 0.999384 0.000000 7.135135 0.000000 0.000000 1.000000 0.000000
0.999472 -0.032482 0.000000 102.271533 0.032482 0.999472 0.000000 7.239653 0.000000 0.000000 1.000000 0.000000
0.999471 -0.032511 0.000000 104.899245 0.032511 0.999471 0.000000 7.298541 0.000000 0.000000 1.000000 0.000000
0.999436 -0.033589 0.000000 107.511106 0.033589 0.999436 0.000000 7.417429 0.000000 0.000000 1.000000 0.000000
0.999415 -0.034203 0.000000 110.112696 0.034203 0.999415 0.000000 7.525077 0.000000 0.000000 1.000000 0.000000
0.999299 -0.037434 0.000000 112.653895 0.037434 0.999299 0.000000 7.592941 0.000000 0.000000 1.000000 0.000000
0.998880 -0.047312 0.000000 115.156601 0.047312 0.998880 0.000000 7.689313 0.000000 0.000000 1.000000 0.000000
0.998306 -0.058183 0.000000 117.677329 0.058183 0.998306 0.000000 7.816251 0.000000 0.000000 1.000000 0.000000
0.997516 -0.070443 0.000000 120.215990 0.070443 0.997516 0.000000 7.879619 0.000000 0.000000 1.000000 0.000000
0.996503 -0.083559 0.000000 122.798395 0.083559 0.996503 0.000000 8.131929 0.000000 0.000000 1.000000 0.000000
0.995591 -0.093803 0.000000 125.294934 0.093803 0.995591 0.000000 8.310626 0.000000 0.000000 1.000000 0.000000
0.994657 -0.103239 0.000000 127.802199 0.103239 0.994657 0.000000 8.604212 0.000000 0.000000 1.000000 0.000000
0.993782 -0.111343 0.000000 130.320604 0.111343 0.993782 0.000000 8.798916 0.000000 0.000000 1.000000 0.000000
0.993518 -0.113676 0.000000 132.873102 0.113676 0.993518 0.000000 9.169328 0.000000 0.000000 1.000000 0.000000
0.993172 -0.116657 0.000000 135.441589 0.116657 0.993172 0.000000 9.401082 0.000000 0.000000 1.000000 0.000000
0.993110 -0.117189 0.000000 137.988624 0.117189 0.993110 0.000000 9.689170 0.000000 0.000000 1.000000 0.000000
0.993239 -0.116085 0.000000 140.567088 0.116085 0.993239 0.000000 9.940020 0.000000 0.000000 1.000000 0.000000
0.993647 -0.112539 0.000000 143.092965 0.112539 0.993647 0.000000 10.237399 0.000000 0.000000 1.000000 0.000000
0.994539 -0.104362 0.000000 145.638517 0.104362 0.994539 0.000000 10.545245 0.000000 0.000000 1.000000 0.000000
0.995117 -0.098698 0.000000 148.124301 0.098698 0.995117 0.000000 10.733082 0.000000 0.000000 1.000000 0.000000
0.995680 -0.092849 0.000000 150.643207 0.092849 0.995680 0.000000 11.047423 0.000000 0.000000 1.000000 0.000000
0.996374 -0.085076 0.000000 153.061297 0.085076 0.996374 0.000000 11.177496 0.000000 0.000000 1.000000 0.000000
0.996819 -0.079693 0.000000 155.574284 0.079693 0.996819 0.000000 11.394281 0.000000 0.000000 1.000000 0.000000
0.997205 -0.074715 0.000000 158.047292 0.074715 0.997205 0.000000 11.651352 0.000000 0.000000 1.000000 0.000000
0.997504 -0.070608 0.000000 160.420366 0.070608 0.997504 0.000000 11.809419 0.000000 0.000000 1.000000 0.000000
0.997800 -0.066298 0.000000 162.809525 0.066298 0.997800 0.000000 12.016442 0.000000 0.000000 1.000000 0.000000
0.998091 -0.061762 0.000000 165.173830 0.061762 0.998091 0.000000 12.156036 0.000000 0.000000 1.000000 0.000000
0.998337 -0.057647 0.000000 167.584864 0.057647 0.998337 0.000000 12.332143 0.000000 0.000000 1.000000 0.000000
0.998599 -0.052909 0.000000 169.910727 0.052909 0.998599 0.000000 12.466332 0.000000 0.000000 1.000000 0.000000
0.998815 -0.048667 0.000000 172.269756 0.048667 0.998815 0.000000 12.554513 0.000000 0.000000 1.000000 0.000000
0.998981 -0.045129 0.000000 174.551661 0.045129 0.998981 0.000000 12.634745 0.000000 0.000000 1.000000 0.000000
0.999043 -0.043746 0.000000 176.837058 0.043746 0.999043 0.000000 12.703000 0.000000 0.000000 1.000000 0.000000
0.999063 -0.043286 0.000000 179.105468 0.043286 0.999063 0.000000 12.823259 0.000000 0.000000 1.000000 0.000000
0.999174 -0.040631 0.000000 181.355276 0.040631 0.999174 0.000000 12.888280 0.000000 0.000000 1.000000 0.000000
0.999172 -0.040697 0.000000 183.593777 0.040697 0.999172 0.000000 13.006730 0.000000 0.000000 1.000000 0.000000
0.999220 -0.039497 0.000000 185.806508 0.039497 0.999220 0.000000 13.112730 0.000000 0.000000 1.000000 0.000000
0.999268 -0.038256 0.000000 188.012382 0.038256 0.999268 0.000000 13.159031 0.000000 0.000000 1.000000 0.000000
0.999277 -0.038028 0.000000 190.198379 0.038028 0.999277 0.000000 13.201271 0.000000 0.000000 1.000000 0.000000
0.999269 -0.038232 0.000000 192.354444 0.038232 0.999269 0.000000 13.327104 0.000000 0.000000 1.000000 0.000000
0.999200 -0.039996 0.000000 194.468213 0.039996 0.999200 0.000000 13.381156 0.000000 0.000000 1.000000 0.000000
0.999174 -0.040640 0.000000 196.579549 0.040640 0.999174 0.000000 13.500585 0.000000 0.000000 1.000000 0.000000
0.999116 -0.042049 0.000000 198.663232 0.042049 0.999116 0.000000 13.528353 0.000000 0.000000 1.000000 0.000000
0.999098 -0.042457 0.000000 200.710234 0.042457 0.999098 0.000000 13.687306 0.000000 0.000000 1.000000 0.000000
0.999108 -0.042234 0.000000 202.773194 0.042234 0.999108 0.000000 13.739007 0.000000 0.000000 1.000000 0.000000
0.999075 -0.042994 0.000000 204.770472 0.042994 0.999075 0.000000 13.858831 0.000000 0.000000 1.000000 0.000000
0.999086 -0.042754 0.000000 206.805778 0.042754 0.999086 0.000000 14.005849 0.000000 0.000000 1.000000 0.000000
0.999062 -0.043303 0.000000 208.753769 0.043303 0.999062 0.000000 14.067311 0.000000 0.000000 1.000000 0.000000
0.999113 -0.042117 0.000000 210.667244 0.042117 0.999113 0.000000 14.140151 0.000000 0.000000 1.000000 0.000000
0.999098 -0.042464 0.000000 212.569179 0.042464 0.999098 0.000000 14.213143 0.000000 0.000000 1.000000 0.000000
0.998994 -0.044837 0.000000 214.402830 0.044837 0.998994 0.000000 14.260929 0.000000 0.000000 1.000000 0.000000
0.999080 -0.042894 0.000000 216.260441 0.042894 0.999080 0.000000 14.372736 0.000000 0.000000 1.000000 0.000000
0.999149 -0.041250 0.000000 218.025139 0.041250 0.999149 0.000000 14.447895 0.000000 0.000000 1.000000 0.000000
0.999159 -0.041011 0.000000 219.745951 0.041011 0.999159 0.000000 14.484725 0.000000 0.000000 1.000000 0.000000
0.999258 -0.038527 0.000000 221.425891 0.038527 0.999258 0.000000 14.581486 0.000000 0.000000 1.000000 0.000000
0.999377 -0.035283 0.000000 223.050788 0.035283 0.999377 0.000000 14.669624 0.000000 0.000000 1.000000 0.000000
0.999373 -0.035408 0.000000 224.671853 0.035408 0.999373 0.000000 14.665087 0.000000 0.000000 1.000000 0.000000
0.999459 -0.032895 0.000000 226.185303 0.032895 0.999459 0.000000 14.799543 0.000000 0.000000 1.000000 0.000000
0.999551 -0.029953 0.000000 228.996701 0.029953 0.999551 0.000000 14.839725 0.000000 0.000000 1.000000 0.000000
0.999570 -0.029316 0.000000 231.630114 0.029316 0.999570 0.000000 14.844836 0.000000 0.000000 1.000000 0.000000
0.999483 -0.032159 0.000000 234.000371 0.032159 0.999483 0.000000 14.903771 0.000000 0.000000 1.000000 0.000000
0.999511 -0.031259 0.000000 235.903911 0.031259 0.999511 0.000000 14.998811 0.000000 0.000000 1.000000 0.000000
0.999509 -0.031327 0.000000 237.467437 0.031327 0.999509 0.000000 15.009410 0.000000 0.000000 1.000000 0.000000
0.999531 -0.030637 0.000000 239.195646 0.030637 0.999531 0.000000 15.038350 0.000000 0.000000 1.000000 0.000000
0.999534 -0.030522 0.000000 240.753301 0.030522 0.999534 0.000000 15.056682 0.000000 0.000000 1.000000 0.000000
0.999581 -0.028962 0.000000 242.375544 0.028962 0.999581 0.000000 15.106616 0.000000 0.000000 1.000000 0.000000
0.999592 -0.028574 0.000000 244.130181 0.028574 0.999592 0.000000 15.194915 0.000000 0.000000 1.000000 0.000000
0.999592 -0.028553 0.000000 246.123004 0.028553 0.999592 0.000000 15.183130 0.000000 0.000000 1.000000 0.000000
0.999606 -0.028059 0.000000 247.872994 0.028059 0.999606 0.000000 15.281460 0.000000 0.000000 1.000000 0.000000
0.999600 -0.028268 0.000000 249.909630 0.028268 0.999600 0.000000 15.291575 0.000000 0.000000 1.000000 0.000000
0.999565 -0.029496 0.000000 252.233446 0.029496 0.999565 0.000000 15.334375 0.000000 0.000000 1.000000 0.000000
0.999479 -0.032285 0.000000 254.806657 0.032285 0.999479 0.000000 15.443431 0.000000 0.000000 1.000000 0.000000
0.999427 -0.033856 0.000000 257.700879 0.033856 0.999427 0.000000 15.555733 0.000000 0.000000 1.000000 0.000000
0.999287 -0.037749 0.000000 260.839447 0.037749 0.999287 0.000000 15.601402 0.000000 0.000000 1.000000 0.000000
0.999302 -0.037350 0.000000 262.462635 0.037350 0.999302 0.000000 15.655576 0.000000 0.000000 1.000000 0.000000
0.999246 -0.038821 0.000000 264.182883 0.038821 0.999246 0.000000 15.662682 0.000000 0.000000 1.000000 0.000000
0.999185 -0.040353 0.000000 265.989828 0.040353 0.999185 0.000000 15.704573 0.000000 0.000000 1.000000 0.000000
0.999119 -0.041960 0.000000 267.844949 0.041960 0.999119 0.000000 15.800805 0.000000 0.000000 1.000000 0.000000
0.999089 -0.042681 0.000000 269.741044 0.042681 0.999089 0.000000 15.875222 0.000000 0.000000 1.000000 0.000000
0.999111 -0.042160 0.000000 271.663518 0.042160 0.999111 0.000000 15.983326 0.000000 0.000000 1.000000 0.000000
0.999001 -0.044687 0.000000 273.704128 0.044687 0.999001 0.000000 16.059679 0.000000 0.000000 1.000000 0.000000
0.999014 -0.044397 0.000000 275.798582 0.044397 0.999014 0.000000 16.146739 0.000000 0.000000 1.000000 0.000000
0.999025 -0.044147 0.000000 277.925182 0.044147 0.999025 0.000000 16.239871 0.000000 0.000000 1.000000 0.000000
0.999093 -0.042583 0.000000 280.056447 0.042583 0.999093 0.000000 16.354233 0.000000 0.000000 1.000000 0.000000
0.999082 -0.042849 0.000000 282.334131 0.042849 0.999082 0.000000 16.397065 0.000000 0.000000 1.000000 0.000000
0.999161 -0.040948 0.000000 284.633129 0.040948 0.999161 0.000000 16.479012 0.000000 0.000000 1.000000 0.000000
0.999220 -0.039500 0.000000 286.972918 0.039500 0.999220 0.000000 16.599494 0.000000 0.000000 1.000000 0.000000
0.999269 -0.038230 0.000000 289.417212 0.038230 0.999269 0.000000 16.675554 0.000000 0.000000 1.000000 0.000000
0.999288 -0.037739 0.000000 291.827140 0.037739 0.999288 0.000000 16.724027 0.000000 0.000000 1.000000 0.000000
0.999279 -0.037956 0.000000 294.327226 0.037956 0.999279 0.000000 16.800808 0.000000 0.000000 1.000000 0.000000
0.999287 -0.037747 0.000000 296.847188 0.037747 0.999287 0.000000 16.879188 0.000000 0.000000 1.000000 0.000000
0.999305 -0.037287 0.000000 299.447076 0.037287 0.999305 0.000000 16.955858 0.000000 0.000000 1.000000 0.000000
0.999311 -0.037116 0.000000 302.047779 0.037116 0.999311 0.000000 17.036815 0.000000 0.000000 1.000000 0.000000
0.999307 -0.037223 0.000000 304.704225 0.037223 0.999307 0.000000 17.122745 0.000000 0.000000 1.000000 0.000000
0.999224 -0.039385 0.000000 307.392382 0.039385 0.999224 0.000000 17.217814 0.000000 0.000000 1.000000 0.000000
0.999207 -0.039827 0.000000 310.143090 0.039827 0.999207 0.000000 17.314615 0.000000 0.000000 1.000000 0.000000
0.999226 -0.039342 0.000000 312.911911 0.039342 0.999226 0.000000 17.380213 0.000000 0.000000 1.000000 0.000000
0.999201 -0.039975 0.000000 315.709583 0.039975 0.999201 0.000000 17.512762 0.000000 0.000000 1.000000 0.000000
0.999182 -0.040438 0.000000 318.526128 0.040438 0.999182 0.000000 17.597124 0.000000 0.000000 1.000000 0.000000
0.999148 -0.041283 0.000000 321.402320 0.041283 0.999148 0.000000 17.723191 0.000000 0.000000 1.000000 0.000000
0.999161 -0.040944 0.000000 324.310709 0.040944 0.999161 0.000000 17.809436 0.000000 0.000000 1.000000 0.000000
0.999126 -0.041793 0.000000 327.204999 0.041793 0.999126 0.000000 17.895366 0.000000 0.000000 1.000000 0.000000
0.999163 -0.040902 0.000000 330.134139 0.040902 0.999163 0.000000 18.013780 0.000000 0.000000 1.000000 0.000000
0.999179 -0.040506 0.000000 333.087323 0.040506 0.999179 0.000000 18.128032 0.000000 0.000000 1.000000 0.000000
0.999181 -0.040462 0.000000 336.042294 0.040462 0.999181 0.000000 18.250991 0.000000 0.000000 1.000000 0.000000
0.999230 -0.039232 0.000000 339.105571 0.039232 0.999230 0.000000 18.382262 0.000000 0.000000 1.000000 0.000000
0.999237 -0.039057 0.000000 342.156407 0.039057 0.999237 0.000000 18.479291 0.000000 0.000000 1.000000 0.000000
0.999217 -0.039575 0.000000 345.174916 0.039575 0.999217 0.000000 18.588544 0.000000 0.000000 1.000000 0.000000
0.999241 -0.038966 0.000000 348.199094 0.038966 0.999241 0.000000 18.708626 0.000000 0.000000 1.000000 0.000000
0.999275 -0.038073 0.000000 351.305082 0.038073 0.999275 0.000000 18.811773 0.000000 0.000000 1.000000 0.000000
0.999269 -0.038238 0.000000 354.518356 0.038238 0.999269 0.000000 18.848609 0.000000 0.000000 1.000000 0.000000
0.999269 -0.038231 0.000000 357.641791 0.038231 0.999269 0.000000 18.998969 0.000000 0.000000 1.000000 0.000000
0.999260 -0.038456 0.000000 360.738664 0.038456 0.999260 0.000000 19.128439 0.000000 0.000000 1.000000 0.000000
0.999195 -0.040116 0.000000 363.936343 0.040116 0.999195 0.000000 19.235173 0.000000 0.000000 1.000000 0.000000
0.999159 -0.041014 0.000000 367.125024 0.041014 0.999159 0.000000 19.392424 0.000000 0.000000 1.000000 0.000000
0.999068 -0.043153 0.000000 370.518985 0.043153 0.999068 0.000000 19.479437 0.000000 0.000000 1.000000 0.000000
0.998954 -0.045737 0.000000 373.817984 0.045737 0.998954 0.000000 19.590163 0.000000 0.000000 1.000000 0.000000
0.998994 -0.044837 0.000000 377.070263 0.044837 0.998994 0.000000 19.719251 0.000000 0.000000 1.000000 0.000000
0.999033 -0.043977 0.000000 380.411105 0.043977 0.999033 0.000000 19.866432 0.000000 0.000000 1.000000 0.000000
0.999090 -0.042643 0.000000 383.751496 0.042643 0.999090 0.000000 19.971001 0.000000 0.000000 1.000000 0.000000
0.999078 -0.042941 0.000000 387.097997 0.042941 0.999078 0.000000 20.085948 0.000000 0.000000 1.000000 0.000000
0.999135 -0.041590 0.000000 390.471657 0.041590 0.999135 0.000000 20.235108 0.000000 0.000000 1.000000 0.000000
0.999181 -0.040462 0.000000 393.830307 0.040462 0.999181 0.000000 20.376822 0.000000 0.000000 1.000000 0.000000
0.999210 -0.039745 0.000000 397.235304 0.039745 0.999210 0.000000 20.492722 0.000000 0.000000 1.000000 0.000000
0.999256 -0.038575 0.000000 400.661078 0.038575 0.999256 0.000000 20.570389 0.000000 0.000000 1.000000 0.000000
0.999265 -0.038329 0.000000 404.086225 0.038329 0.999265 0.000000 20.649728 0.000000 0.000000 1.000000 0.000000
0.999253 -0.038650 0.000000 407.527943 0.038650 0.999253 0.000000 20.811227 0.000000 0.000000 1.000000 0.000000
0.999238 -0.039034 0.000000 410.933833 0.039034 0.999238 0.000000 20.855415 0.000000 0.000000 1.000000 0.000000
0.999238 -0.039041 0.000000 414.378957 0.039041 0.999238 0.000000 21.006206 0.000000 0.000000 1.000000 0.000000
0.999211 -0.039705 0.000000 417.834349 0.039705 0.999211 0.000000 21.100468 0.000000 0.000000 1.000000 0.000000
0.999159 -0.041003 0.000000 421.380071 0.041003 0.999159 0.000000 21.222109 0.000000 0.000000 1.000000 0.000000
0.999157 -0.041056 0.000000 424.964829 0.041056 0.999157 0.000000 21.365919 0.000000 0.000000 1.000000 0.000000
0.999183 -0.040412 0.000000 428.406937 0.040412 0.999183 0.000000 21.473326 0.000000 0.000000 1.000000 0.000000
0.999132 -0.041665 0.000000 431.924724 0.041665 0.999132 0.000000 21.700739 0.000000 0.000000 1.000000 0.000000
0.999089 -0.042686 0.000000 435.398894 0.042686 0.999089 0.000000 21.734233 0.000000 0.000000 1.000000 0.000000
0.999067 -0.043198 0.000000 438.970680 0.043198 0.999067 0.000000 21.868748 0.000000 0.000000 1.000000 0.000000
0.999019 -0.044292 0.000000 442.539499 0.044292 0.999019 0.000000 21.923327 0.000000 0.000000 1.000000 0.000000
0.999071 -0.043101 0.000000 446.080351 0.043101 0.999071 0.000000 22.118592 0.000000 0.000000 1.000000 0.000000
0.999049 -0.043590 0.000000 449.656647 0.043590 0.999049 0.000000 22.262776 0.000000 0.000000 1.000000 0.000000
0.999059 -0.043380 0.000000 453.270553 0.043380 0.999059 0.000000 22.422586 0.000000 0.000000 1.000000 0.000000
0.999148 -0.041263 0.000000 456.884962 0.041263 0.999148 0.000000 22.567296 0.000000 0.000000 1.000000 0.000000
0.999223 -0.039405 0.000000 460.541965 0.039405 0.999223 0.000000 22.676727 0.000000 0.000000 1.000000 0.000000
0.999275 -0.038063 0.000000 464.219520 0.038063 0.999275 0.000000 22.792352 0.000000 0.000000 1.000000 0.000000
0.999328 -0.036643 0.000000 467.870274 0.036643 0.999328 0.000000 22.887696 0.000000 0.000000 1.000000 0.000000
0.999417 -0.034147 0.000000 471.646908 0.034147 0.999417 0.000000 23.046567 0.000000 0.000000 1.000000 0.000000
0.999442 -0.033402 0.000000 475.312410 0.033402 0.999442 0.000000 23.121636 0.000000 0.000000 1.000000 0.000000
0.999406 -0.034456 0.000000 479.001660 0.034456 0.999406 0.000000 23.254671 0.000000 0.000000 1.000000 0.000000
0.999406 -0.034449 0.000000 482.699973 0.034449 0.999406 0.000000 23.381004 0.000000 0.000000 1.000000 0.000000
0.999425 -0.033900 0.000000 486.427826 0.033900 0.999425 0.000000 23.389741 0.000000 0.000000 1.000000 0.000000
0.999409 -0.034389 0.000000 490.120753 0.034389 0.999409 0.000000 23.534981 0.000000 0.000000 1.000000 0.000000
0.999385 -0.035055 0.000000 493.881635 0.035055 0.999385 0.000000 23.618538 0.000000 0.000000 1.000000 0.000000
0.999336 -0.036435 0.000000 497.655080 0.036435 0.999336 0.000000 23.714475 0.000000 0.000000 1.000000 0.000000
0.999151 -0.041202 0.000000 501.400421 0.041202 0.999151 0.000000 23.830516 0.000000 0.000000 1.000000 0.000000
0.999073 -0.043042 0.000000 505.202787 0.043042 0.999073 0.000000 23.997343 0.000000 0.000000 1.000000 0.000000
0.999033 -0.043967 0.000000 509.019428 0.043967 0.999033 0.000000 24.153707 0.000000 0.000000 1.000000 0.000000
0.998917 -0.046538 0.000000 512.689438 0.046538 0.998917 0.000000 24.327640 0.000000 0.000000 1.000000 0.000000
0.998840 -0.048161 0.000000 516.395625 0.048161 0.998840 0.000000 24.407440 0.000000 0.000000 1.000000 0.000000
0.998927 -0.046320 0.000000 520.071330 0.046320 0.998927 0.000000 24.618248 0.000000 0.000000 1.000000 0.000000
0.999055 -0.043454 0.000000 523.808007 0.043454 0.999055 0.000000 24.742901 0.000000 0.000000 1.000000 0.000000
0.999205 -0.039855 0.000000 527.489691 0.039855 0.999205 0.000000 24.812102 0.000000 0.000000 1.000000 0.000000
0.999381 -0.035191 0.000000 531.112356 0.035191 0.999381 0.000000 24.960557 0.000000 0.000000 1.000000 0.000000
0.999410 -0.034347 0.000000 534.695576 0.034347 0.999410 0.000000 25.016025 0.000000 0.000000 1.000000 0.000000
0.999376 -0.035309 0.000000 538.384626 0.035309 0.999376 0.000000 25.157647 0.000000 0.000000 1.000000 0.000000
0.999259 -0.038493 0.000000 542.034701 0.038493 0.999259 0.000000 25.220185 0.000000 0.000000 1.000000 0.000000
0.999055 -0.043454 0.000000 545.660452 0.043454 0.999055 0.000000 25.321304 0.000000 0.000000 1.000000 0.000000
0.998933 -0.046181 0.000000 549.342951 0.046181 0.998933 0.000000 25.505089 0.000000 0.000000 1.000000 0.000000
0.998606 -0.052776 0.000000 552.973995 0.052776 0.998606 0.000000 25.568998 0.000000 0.000000 1.000000 0.000000
0.998620 -0.052509 0.000000 556.618916 0.052509 0.998620 0.000000 25.696345 0.000000 0.000000 1.000000 0.000000
0.998686 -0.051247 0.000000 560.289942 0.051247 0.998686 0.000000 25.894970 0.000000 0.000000 1.000000 0.000000
0.998780 -0.049384 0.000000 564.020726 0.049384 0.998780 0.000000 26.061947 0.000000 0.000000 1.000000 0.000000
0.998813 -0.048708 0.000000 567.620103 0.048708 0.998813 0.000000 26.232245 0.000000 0.000000 1.000000 0.000000
0.998876 -0.047406 0.000000 571.318230 0.047406 0.998876 0.000000 26.386973 0.000000 0.000000 1.000000 0.000000
0.998857 -0.047788 0.000000 574.966336 0.047788 0.998857 0.000000 26.583368 0.000000 0.000000 1.000000 0.000000
0.998883 -0.047244 0.000000 578.625381 0.047244 0.998883 0.000000 26.676982 0.000000 0.000000 1.000000 0.000000
0.998822 -0.048522 0.000000 582.329607 0.048522 0.998822 0.000000 26.904627 0.000000 0.000000 1.000000 0.000000
0.998763 -0.049725 0.000000 586.064664 0.049725 0.998763 0.000000 27.059559 0.000000 0.000000 1.000000 0.000000
0.998686 -0.051252 0.000000 589.700627 0.051252 0.998686 0.000000 27.232733 0.000000 0.000000 1.000000 0.000000
0.998743 -0.050121 0.000000 593.426993 0.050121 0.998743 0.000000 27.456887 0.000000 0.000000 1.000000 0.000000
0.998767 -0.049639 0.000000 597.105425 0.049639 0.998767 0.000000 27.601098 0.000000 0.000000 1.000000 0.000000
0.998768 -0.049623 0.000000 600.819560 0.049623 0.998768 0.000000 27.705318 0.000000 0.000000 1.000000 0.000000
0.998742 -0.050135 0.000000 604.506944 0.050135 0.998742 0.000000 27.889779 0.000000 0.000000 1.000000 0.000000
0.998700 -0.050980 0.000000 608.289337 0.050980 0.998700 0.000000 28.073974 0.000000 0.000000 1.000000 0.000000
0.998610 -0.052699 0.000000 611.953559 0.052699 0.998610 0.000000 28.192527 0.000000 0.000000 1.000000 0.000000
0.998532 -0.054166 0.000000 615.583077 0.054166 0.998532 0.000000 28.402645 0.000000 0.000000 1.000000 0.000000
0.998528 -0.054244 0.000000 619.277037 0.054244 0.998528 0.000000 28.568108 0.000000 0.000000 1.000000 0.000000
0.998545 -0.053924 0.000000 622.929660 0.053924 0.998545 0.000000 28.726404 0.000000 0.000000 1.000000 0.000000
0.998649 -0.051955 0.000000 626.624326 0.051955 0.998649 0.000000 28.874085 0.000000 0.000000 1.000000 0.000000
0.998823 -0.048495 0.000000 630.266205 0.048495 0.998823 0.000000 29.046767 0.000000 0.000000 1.000000 0.000000
0.998985 -0.045043 0.000000 633.913121 0.045043 0.998985 0.000000 29.179763 0.000000 0.000000 1.000000 0.000000
0.999069 -0.043143 0.000000 637.554751 0.043143 0.999069 0.000000 29.282826 0.000000 0.000000 1.000000 0.000000
0.999205 -0.039859 0.000000 641.198382 0.039859 0.999205 0.000000 29.409727 0.000000 0.000000 1.000000 0.000000
0.999319 -0.036890 0.000000 644.793745 0.036890 0.999319 0.000000 29.505836 0.000000 0.000000 1.000000 0.000000
0.999381 -0.035193 0.000000 648.356886 0.035193 0.999381 0.000000 29.579979 0.000000 0.000000 1.000000 0.000000
0.999536 -0.030470 0.000000 651.993464 0.030470 0.999536 0.000000 29.706903 0.000000 0.000000 1.000000 0.000000
0.999642 -0.026752 0.000000 655.563048 0.026752 0.999642 0.000000 29.776979 0.000000 0.000000 1.000000 0.000000
0.999731 -0.023184 0.000000 659.144758 0.023184 0.999731 0.000000 29.858817 0.000000 0.000000 1.000000 0.000000
0.999829 -0.018490 0.000000 662.726447 0.018490 0.999829 0.000000 29.891449 0.000000 0.000000 1.000000 0.000000
0.999933 -0.011548 0.000000 666.295655 0.011548 0.999933 0.000000 29.922266 0.000000 0.000000 1.000000 0.000000
0.999986 -0.005253 0.000000 669.881447 0.005253 0.999986 0.000000 29.911013 0.000000 0.000000 1.000000 0.000000
0.999996 0.002658 0.000000 673.456857 -0.002658 0.999996 -0.000000 29.906825 -0.000000 0.000000 1.000000 0.000000
0.999917 0.012865 0.000000 677.071120 -0.012865 0.999917 -0.000000 29.834753 -0.000000 0.000000 1.000000 0.000000
0.999744 0.022606 0.000000 680.643927 -0.022606 0.999744 -0.000000 29.776960 -0.000000 0.000000 1.000000 0.000000
0.999516 0.031102 0.000000 684.190471 -0.031102 0.999516 -0.000000 29.637779 -0.000000 0.000000 1.000000 0.000000
0.999219 0.039521 0.000000 687.811848 -0.039521 0.999219 -0.000000 29.496952 -0.000000 0.000000 1.000000 0.000000
0.998927 0.046308 0.000000 691.339215 -0.046308 0.998927 -0.000000 29.312032 -0.000000 0.000000 1.000000 0.000000
0.998804 0.048887 0.000000 694.864811 -0.048887 0.998804 -0.000000 29.104194 -0.000000 0.000000 1.000000 0.000000
0.998852 0.047895 0.000000 698.495676 -0.047895 0.998852 -0.000000 28.870485 -0.000000 0.000000 1.000000 0.000000
0.998825 0.048464 0.000000 702.009235 -0.048464 0.998825 -0.000000 28.704069 -0.000000 0.000000 1.000000 0.000000
0.998790 0.049176 0.000000 705.567171 -0.049176 0.998790 -0.000000 28.462325 -0.000000 0.000000 1.000000 0.000000
0.998652 0.051907 0.000000 709.079778 -0.051907 0.998652 -0.000000 28.272426 -0.000000 0.000000 1.000000 0.000000
0.998457 0.055536 0.000000 712.638377 -0.055536 0.998457 -0.000000 28.061881 -0.000000 0.000000 1.000000 0.000000
0.998245 0.059214 0.000000 716.177870 -0.059214 0.998245 -0.000000 27.798277 -0.000000 0.000000 1.000000 0.000000
0.998026 0.062796 0.000000 719.656532 -0.062796 0.998026 -0.000000 27.528610 -0.000000 0.000000 1.000000 0.000000
0.998060 0.062262 0.000000 723.240887 -0.062262 0.998060 -0.000000 27.304500 -0.000000 0.000000 1.000000 0.000000
0.997878 0.065108 0.000000 726.726394 -0.065108 0.997878 -0.000000 27.037149 -0.000000 0.000000 1.000000 0.000000
0.997887 0.064976 0.000000 730.214350 -0.064976 0.997887 -0.000000 26.781604 -0.000000 0.000000 1.000000 0.000000
0.997906 0.064683 0.000000 733.709907 -0.064683 0.997906 -0.000000 26.536969 -0.000000 0.000000 1.000000 0.000000
0.997912 0.064582 0.000000 737.263691 -0.064582 0.997912 -0.000000 26.279450 -0.000000 0.000000 1.000000 0.000000
0.998014 0.062987 0.000000 740.762124 -0.062987 0.998014 -0.000000 25.962061 -0.000000 0.000000 1.000000 0.000000
0.998135 0.061043 0.000000 744.297979 -0.061043 0.998135 -0.000000 25.796517 -0.000000 0.000000 1.000000 0.000000
0.998188 0.060179 0.000000 747.766302 -0.060179 0.998188 -0.000000 25.544549 -0.000000 0.000000 1.000000 0.000000
0.998233 0.059417 0.000000 751.212812 -0.059417 0.998233 -0.000000 25.272609 -0.000000 0.000000 1.000000 0.000000
0.998124 0.061217 0.000000 754.729035 -0.061217 0.998124 -0.000000 25.083335 -0.000000 0.000000 1.000000 0.000000
0.998088 0.061813 0.000000 758.144517 -0.061813 0.998088 -0.000000 24.864203 -0.000000 0.000000 1.000000 0.000000
0.998044 0.062511 0.000000 761.661723 -0.062511 0.998044 -0.000000 24.625480 -0.000000 0.000000 1.000000 0.000000
0.997978 0.063561 0.000000 765.074665 -0.063561 0.997978 -0.000000 24.388371 -0.000000 0.000000 1.000000 0.000000
0.997964 0.063785 0.000000 768.595861 -0.063785 0.997964 -0.000000 24.150472 -0.000000 0.000000 1.000000 0.000000
0.997953 0.063956 0.000000 772.096368 -0.063956 0.997953 -0.000000 23.914717 -0.000000 0.000000 1.000000 0.000000
0.998112 0.061418 0.000000 775.560774 -0.061418 0.998112 -0.000000 23.718323 -0.000000 0.000000 1.000000 0.000000
0.998094 0.061704 0.000000 779.052773 -0.061704 0.998094 -0.000000 23.508292 -0.000000 0.000000 1.000000 0.000000
0.998153 0.060749 0.000000 782.533992 -0.060749 0.998153 -0.000000 23.250907 -0.000000 0.000000 1.000000 0.000000
0.998113 0.061409 0.000000 786.021471 -0.061409 0.998113 -0.000000 23.008724 -0.000000 0.000000 1.000000 0.000000
0.998160 0.060640 0.000000 789.489627 -0.060640 0.998160 -0.000000 22.777782 -0.000000 0.000000 1.000000 0.000000
0.998225 0.059556 0.000000 792.964172 -0.059556 0.998225 -0.000000 22.579483 -0.000000 0.000000 1.000000 0.000000
0.998239 0.059321 0.000000 796.465947 -0.059321 0.998239 -0.000000 22.346293 -0.000000 0.000000 1.000000 0.000000
0.998203 0.059917 0.000000 799.932059 -0.059917 0.998203 -0.000000 22.178355 -0.000000 0.000000 1.000000 0.000000
0.998213 0.059753 0.000000 803.388364 -0.059753 0.998213 -0.000000 21.918268 -0.000000 0.000000 1.000000 0.000000
0.998178 0.060331 0.000000 806.875787 -0.060331 0.998178 -0.000000 21.660978 -0.000000 0.000000 1.000000 0.000000
0.998202 0.059942 0.000000 810.337652 -0.059942 0.998202 -0.000000 21.453377 -0.000000 0.000000 1.000000 0.000000
0.998159 0.060644 0.000000 813.839763 -0.060644 0.998159 -0.000000 21.203524 -0.000000 0.000000 1.000000 0.000000
0.998113 0.061401 0.000000 817.292729 -0.061401 0.998113 -0.000000 20.943309 -0.000000 0.000000 1.000000 0.000000
0.998089 0.061789 0.000000 820.745853 -0.061789 0.998089 -0.000000 20.694422 -0.000000 0.000000 1.000000 0.000000
0.998064 0.062195 0.000000 824.264765 -0.062195 0.998064 -0.000000 20.478771 -0.000000 0.000000 1.000000 0.000000
0.998003 0.063160 0.000000 827.685946 -0.063160 0.998003 -0.000000 20.241384 -0.000000 0.000000 1.000000 0.000000
0.997940 0.064148 0.000000 831.158294 -0.064148 0.997940 -0.000000 19.948283 -0.000000 0.000000 1.000000 0.000000
0.997892 0.064894 0.000000 834.609271 -0.064894 0.997892 -0.000000 19.751038 -0.000000 0.000000 1.000000 0.000000
0.997789 0.066462 0.000000 838.128413 -0.066462 0.997789 -0.000000 19.496932 -0.000000 0.000000 1.000000 0.000000
0.997735 0.067272 0.000000 841.588678 -0.067272 0.997735 -0.000000 19.304825 -0.000000 0.000000 1.000000 0.000000
0.997779 0.066608 0.000000 845.046203 -0.066608 0.997779 -0.000000 18.961505 -0.000000 0.000000 1.000000 0.000000
0.997739 0.067211 0.000000 848.555244 -0.067211 0.997739 -0.000000 18.744398 -0.000000 0.000000 1.000000 0.000000
0.997657 0.068408 0.000000 852.012507 -0.068408 0.997657 -0.000000 18.592241 -0.000000 0.000000 1.000000 0.000000
0.997685 0.068009 0.000000 855.451636 -0.068009 0.997685 -0.000000 18.255252 -0.000000 0.000000 1.000000 0.000000
0.997773 0.066703 0.000000 858.960579 -0.066703 0.997773 -0.000000 18.079099 -0.000000 0.000000 1.000000 0.000000
0.997865 0.065309 0.000000 862.400795 -0.065309 0.997865 -0.000000 17.874337 -0.000000 0.000000 1.000000 0.000000
0.997865 0.065304 0.000000 865.942395 -0.065304 0.997865 -0.000000 17.537316 -0.000000 0.000000 1.000000 0.000000
0.997901 0.064759 0.000000 869.434653 -0.064759 0.997901 -0.000000 17.369961 -0.000000 0.000000 1.000000 0.000000
0.998166 0.060541 0.000000 872.900791 -0.060541 0.998166 -0.000000 17.124137 -0.000000 0.000000 1.000000 0.000000
0.998240 0.059306 0.000000 876.385990 -0.059306 0.998240 -0.000000 16.890200 -0.000000 0.000000 1.000000 0.000000
0.998340 0.057598 0.000000 879.786049 -0.057598 0.998340 -0.000000 16.632206 -0.000000 0.000000 1.000000 0.000000
0.998432 0.055986 0.000000 883.269141 -0.055986 0.998432 -0.000000 16.452953 -0.000000 0.000000 1.000000 0.000000
0.998546 0.053910 0.000000 886.752241 -0.053910 0.998546 -0.000000 16.266047 -0.000000 0.000000 1.000000 0.000000
0.998607 0.052756 0.000000 890.245737 -0.052756 0.998607 -0.000000 16.042301 -0.000000 0.000000 1.000000 0.000000
0.998573 0.053401 0.000000 893.714103 -0.053401 0.998573 -0.000000 15.848537 -0.000000 0.000000 1.000000 0.000000
0.998428 0.056047 0.000000 897.208550 -0.056047 0.998428 -0.000000 15.669900 -0.000000 0.000000 1.000000 0.000000
0.998470 0.055289 0.000000 900.702144 -0.055289 0.998470 -0.000000 15.454341 -0.000000 0.000000 1.000000 0.000000
0.998531 0.054187 0.000000 904.173941 -0.054187 0.998531 -0.000000 15.232259 -0.000000 0.000000 1.000000 0.000000
0.998590 0.053093 0.000000 907.620593 -0.053093 0.998590 -0.000000 15.027425 -0.000000 0.000000 1.000000 0.000000
0.998523 0.054324 0.000000 911.035845 -0.054324 0.998523 -0.000000 14.784822 -0.000000 0.000000 1.000000 0.000000
0.998639 0.052153 0.000000 914.483997 -0.052153 0.998639 -0.000000 14.550351 -0.000000 0.000000 1.000000 0.000000
0.998758 0.049834 0.000000 917.945365 -0.049834 0.998758 -0.000000 14.253641 -0.000000 0.000000 1.000000 0.000000
0.998631 0.052313 0.000000 921.396863 -0.052313 0.998631 -0.000000 14.095193 -0.000000 0.000000 1.000000 0.000000
0.998439 0.055847 0.000000 924.874033 -0.055847 0.998439 -0.000000 13.907571 -0.000000 0.000000 1.000000 0.000000
0.998413 0.056314 0.000000 928.365524 -0.056314 0.998413 -0.000000 13.718262 -0.000000 0.000000 1.000000 0.000000
0.998376 0.056960 0.000000 931.843839 -0.056960 0.998376 -0.000000 13.452888 -0.000000 0.000000 1.000000 0.000000
0.998196 0.060034 0.000000 935.253264 -0.060034 0.998196 -0.000000 13.292780 -0.000000 0.000000 1.000000 0.000000
0.998256 0.059033 0.000000 938.737820 -0.059033 0.998256 -0.000000 13.081726 -0.000000 0.000000 1.000000 0.000000
0.998192 0.060109 0.000000 942.179746 -0.060109 0.998192 -0.000000 12.829757 -0.000000 0.000000 1.000000 0.000000
0.998190 0.060140 0.000000 945.643621 -0.060140 0.998190 -0.000000 12.597468 -0.000000 0.000000 1.000000 0.000000
0.998097 0.061660 0.000000 949.147667 -0.061660 0.998097 -0.000000 12.478659 -0.000000 0.000000 1.000000 0.000000
0.998121 0.061269 0.000000 952.631979 -0.061269 0.998121 -0.000000 12.221042 -0.000000 0.000000 1.000000 0.000000
0.998120 0.061295 0.000000 956.042120 -0.061295 0.998120 -0.000000 12.009290 -0.000000 0.000000 1.000000 0.000000
0.998070 0.062095 0.000000 959.520113 -0.062095 0.998070 -0.000000 11.881028 -0.000000 0.000000 1.000000 0.000000
0.998023 0.062854 0.000000 962.949971 -0.062854 0.998023 -0.000000 11.650360 -0.000000 0.000000 1.000000 0.000000
0.998020 0.062893 0.000000 966.386831 -0.062893 0.998020 -0.000000 11.376148 -0.000000 0.000000 1.000000 0.000000
0.998063 0.062205 0.000000 969.827228 -0.062205 0.998063 -0.000000 11.153996 -0.000000 0.000000 1.000000 0.000000
0.997973 0.063636 0.000000 973.226733 -0.063636 0.997973 -0.000000 10.979742 -0.000000 0.000000 1.000000 0.000000
0.997970 0.063685 0.000000 976.634707 -0.063685 0.997970 -0.000000 10.717170 -0.000000 0.000000 1.000000 0.000000
0.997915 0.064542 0.000000 980.070761 -0.064542 0.997915 -0.000000 10.515138 -0.000000 0.000000 1.000000 0.000000
0.997944 0.064095 0.000000 983.558986 -0.064095 0.997944 -0.000000 10.244805 -0.000000 0.000000 1.000000 0.000000
0.998006 0.063116 0.000000 986.979681 -0.063116 0.998006 -0.000000 9.964273 -0.000000 0.000000 1.000000 0.000000
0.998050 0.062416 0.000000 990.389194 -0.062416 0.998050 -0.000000 9.770273 -0.000000 0.000000 1.000000 0.000000
0.998113 0.061409 0.000000 993.855358 -0.061409 0.998113 -0.000000 9.454484 -0.000000 0.000000 1.000000 0.000000
0.998226 0.059534 0.000000 997.277430 -0.059534 0.998226 -0.000000 9.221668 -0.000000 0.000000 1.000000 0.000000
0.998204 0.059906 0.000000 1000.724078 -0.059906 0.998204 -0.000000 9.010880 -0.000000 0.000000 1.000000 0.000000
0.998144 0.060903 0.000000 1004.185946 -0.060903 0.998144 -0.000000 8.822213 -0.000000 0.000000 1.000000 0.000000
0.998095 0.061695 0.000000 1007.624201 -0.061695 0.998095 -0.000000 8.554016 -0.000000 0.000000 1.000000 0.000000
0.998024 0.062841 0.000000 1011.040442 -0.062841 0.998024 -0.000000 8.358365 -0.000000 0.000000 1.000000 0.000000
0.997964 0.063774 0.000000 1014.465751 -0.063774 0.997964 -0.000000 8.075035 -0.000000 0.000000 1.000000 0.000000
0.997950 0.064003 0.000000 1017.856929 -0.064003 0.997950 -0.000000 7.826485 -0.000000 0.000000 1.000000 0.000000
0.997886 0.064988 0.000000 1021.195404 -0.064988 0.997886 -0.000000 7.620397 -0.000000 0.000000 1.000000 0.000000
0.997915 0.064547 0.000000 1024.660338 -0.064547 0.997915 -0.000000 7.432409 -0.000000 0.000000 1.000000 0.000000
0.998026 0.062798 0.000000 1028.063023 -0.062798 0.998026 -0.000000 7.135846 -0.000000 0.000000 1.000000 0.000000
0.997997 0.063264 0.000000 1031.433608 -0.063264 0.997997 -0.000000 6.916780 -0.000000 0.000000 1.000000 0.000000
0.997950 0.064002 0.000000 1034.864117 -0.064002 0.997950 -0.000000 6.660635 -0.000000 0.000000 1.000000 0.000000
0.997857 0.065437 0.000000 1038.168688 -0.065437 0.997857 -0.000000 6.442051 -0.000000 0.000000 1.000000 0.000000
0.997641 0.068641 0.000000 1041.587812 -0.068641 0.997641 -0.000000 6.170252 -0.000000 0.000000 1.000000 0.000000
0.997499 0.070686 0.000000 1044.884065 -0.070686 0.997499 -0.000000 5.908531 -0.000000 0.000000 1.000000 0.000000
0.997137 0.075622 0.000000 1048.261392 -0.075622 0.997137 -0.000000 5.669638 -0.000000 0.000000 1.000000 0.000000
0.997049 0.076762 0.000000 1051.622989 -0.076762 0.997049 -0.000000 5.418062 -0.000000 0.000000 1.000000 0.000000
0.996723 0.080888 0.000000 1054.959971 -0.080888 0.996723 -0.000000 5.156728 -0.000000 0.000000 1.000000 0.000000
0.996257 0.086441 0.000000 1058.244587 -0.086441 0.996257 -0.000000 4.818806 -0.000000 0.000000 1.000000 0.000000
0.996004 0.089305 0.000000 1061.604751 -0.089305 0.996004 -0.000000 4.576880 -0.000000 0.000000 1.000000 0.000000
0.995900 0.090459 0.000000 1064.930422 -0.090459 0.995900 -0.000000 4.207406 -0.000000 0.000000 1.000000 0.000000
0.995743 0.092177 0.000000 1068.263828 -0.092177 0.995743 -0.000000 3.923810 -0.000000 0.000000 1.000000 0.000000
