0.999871 -0.016053 0.000000 -5.216479 0.016053 0.999871 0.000000 0.598619 0.000000 0.000000 1.000000 0.000000 1561000444438566000

0.999849 -0.017392 0.000000 -3.553179 0.017392 0.999849 0.000000 0.582049 0.000000 0.000000 1.000000 0.000000 1561000451216509000

0.999961 -0.008828 0.000000 -1.962955 0.008828 0.999961 0.000000 0.611320 0.000000 0.000000 1.000000 0.000000 1561000451969701000

0.999994 0.003454 0.000000 0.211449 -0.003454 0.999994 -0.000000 0.570091 -0.000000 0.000000 1.000000 0.000000 1561000452723123000

0.999934 0.011500 0.000000 1.952201 -0.011500 0.999934 -0.000000 0.529828 -0.000000 0.000000 1.000000 0.000000 1561000453225385000

0.999781 0.020945 0.000000 3.960133 -0.020945 0.999781 -0.000000 0.480972 -0.000000 0.000000 1.000000 0.000000 1561000453727328000

0.999593 0.028518 0.000000 6.103091 -0.028518 0.999593 -0.000000 0.404913 -0.000000 0.000000 1.000000 0.000000 1561000454228891000

0.999463 0.032758 0.000000 8.468258 -0.032758 0.999463 -0.000000 0.349018 -0.000000 0.000000 1.000000 0.000000 1561000454730705000

0.999531 0.030633 0.000000 11.020222 -0.030633 0.999531 -0.000000 0.273239 -0.000000 0.000000 1.000000 0.000000 1561000455232943000

0.999600 0.028271 0.000000 13.778195 -0.028271 0.999600 -0.000000 0.200001 -0.000000 0.000000 1.000000 0.000000 1561000455733801000

0.999651 0.026435 0.000000 16.671561 -0.026435 0.999651 -0.000000 0.069184 -0.000000 0.000000 1.000000 0.000000 1561000456235346000

0.999638 0.026898 0.000000 19.735225 -0.026898 0.999638 -0.000000 -0.043847 -0.000000 0.000000 1.000000 0.000000 1561000456733214000

0.999715 0.023867 0.000000 21.412807 -0.023867 0.999715 -0.000000 -0.003155 -0.000000 0.000000 1.000000 0.000000 1561000456983059000

0.999826 0.018667 0.000000 23.125810 -0.018667 0.999826 -0.000000 -0.043336 -0.000000 0.000000 1.000000 0.000000 1561000457232398000

0.999839 0.017966 0.000000 24.868919 -0.017966 0.999839 -0.000000 -0.142191 -0.000000 0.000000 1.000000 0.000000 1561000457481918000

0.999888 0.014980 0.000000 26.676413 -0.014980 0.999888 -0.000000 -0.120456 -0.000000 0.000000 1.000000 0.000000 1561000457731848000

0.999907 0.013643 0.000000 28.590163 -0.013643 0.999907 -0.000000 -0.127607 -0.000000 0.000000 1.000000 0.000000 1561000457981349000

0.999906 0.013677 0.000000 30.511852 -0.013677 0.999906 -0.000000 -0.191438 -0.000000 0.000000 1.000000 0.000000 1561000458230556000

0.999899 0.014233 0.000000 32.473716 -0.014233 0.999899 -0.000000 -0.249255 -0.000000 0.000000 1.000000 0.000000 1561000458480313000

0.999932 0.011703 0.000000 34.535252 -0.011703 0.999932 -0.000000 -0.272629 -0.000000 0.000000 1.000000 0.000000 1561000458730184000

0.999971 0.007650 0.000000 36.638536 -0.007650 0.999971 -0.000000 -0.274130 -0.000000 0.000000 1.000000 0.000000 1561000458979946000

0.999993 0.003807 0.000000 38.762780 -0.003807 0.999993 -0.000000 -0.284480 -0.000000 0.000000 1.000000 0.000000 1561000459230310000

0.999999 0.001061 0.000000 40.988905 -0.001061 0.999999 -0.000000 -0.262343 -0.000000 0.000000 1.000000 0.000000 1561000459478978000

0.999997 -0.002418 0.000000 43.222595 0.002418 0.999997 0.000000 -0.247673 0.000000 0.000000 1.000000 0.000000 1561000459728263000

0.999977 -0.006798 0.000000 45.463412 0.006798 0.999977 0.000000 -0.257941 0.000000 0.000000 1.000000 0.000000 1561000459976957000

0.999936 -0.011307 0.000000 47.677098 0.011307 0.999936 0.000000 -0.173309 0.000000 0.000000 1.000000 0.000000 1561000460228619000

0.999859 -0.016764 0.000000 49.865368 0.016764 0.999859 0.000000 -0.155078 0.000000 0.000000 1.000000 0.000000 1561000460479057000

0.999786 -0.020676 0.000000 52.026038 0.020676 0.999786 0.000000 -0.119666 0.000000 0.000000 1.000000 0.000000 1561000460725813000

0.999661 -0.026040 0.000000 54.192481 0.026040 0.999661 0.000000 -0.055838 0.000000 0.000000 1.000000 0.000000 1561000460974620000

0.999549 -0.030043 0.000000 56.331683 0.030043 0.999549 0.000000 0.015278 0.000000 0.000000 1.000000 0.000000 1561000461223439000

0.999445 -0.033306 0.000000 58.432653 0.033306 0.999445 0.000000 0.129010 0.000000 0.000000 1.000000 0.000000 1561000461472649000

0.999370 -0.035479 0.000000 60.578511 0.035479 0.999370 0.000000 0.200516 0.000000 0.000000 1.000000 0.000000 1561000461722049000

0.999290 -0.037678 0.000000 62.706737 0.037678 0.999290 0.000000 0.266796 0.000000 0.000000 1.000000 0.000000 1561000461972031000

0.999185 -0.040358 0.000000 64.791271 0.040358 0.999185 0.000000 0.345558 0.000000 0.000000 1.000000 0.000000 1561000462221366000

0.999133 -0.041631 0.000000 66.853590 0.041631 0.999133 0.000000 0.441966 0.000000 0.000000 1.000000 0.000000 1561000462470059000

0.998978 -0.045207 0.000000 68.884285 0.045207 0.998978 0.000000 0.521754 0.000000 0.000000 1.000000 0.000000 1561000462719578000

0.998914 -0.046599 0.000000 70.971724 0.046599 0.998914 0.000000 0.622936 0.000000 0.000000 1.000000 0.000000 1561000462968357000

0.998547 -0.053882 0.000000 73.053918 0.053882 0.998547 0.000000 0.658419 0.000000 0.000000 1.000000 0.000000 1561000463216710000

0.998311 -0.058095 0.000000 75.178626 0.058095 0.998311 0.000000 0.795365 0.000000 0.000000 1.000000 0.000000 1561000463465334000

0.998158 -0.060666 0.000000 77.215601 0.060666 0.998158 0.000000 1.041277 0.000000 0.000000 1.000000 0.000000 1561000463713591000

0.997912 -0.064590 0.000000 79.295474 0.064590 0.997912 0.000000 1.156113 0.000000 0.000000 1.000000 0.000000 1561000463960454000

0.997644 -0.068599 0.000000 81.435487 0.068599 0.997644 0.000000 1.266557 0.000000 0.000000 1.000000 0.000000 1561000464208915000

0.997404 -0.072004 0.000000 83.603553 0.072004 0.997404 0.000000 1.438667 0.000000 0.000000 1.000000 0.000000 1561000464457911000

0.997202 -0.074759 0.000000 85.742179 0.074759 0.997202 0.000000 1.603953 0.000000 0.000000 1.000000 0.000000 1561000464706861000

0.997070 -0.076495 0.000000 87.907047 0.076495 0.997070 0.000000 1.774284 0.000000 0.000000 1.000000 0.000000 1561000464955386000

0.996973 -0.077752 0.000000 90.102058 0.077752 0.996973 0.000000 1.940413 0.000000 0.000000 1.000000 0.000000 1561000465204330000

0.996842 -0.079416 0.000000 92.259219 0.079416 0.996842 0.000000 2.141228 0.000000 0.000000 1.000000 0.000000 1561000465452887000

0.996504 -0.083551 0.000000 94.493991 0.083551 0.996504 0.000000 2.360823 0.000000 0.000000 1.000000 0.000000 1561000465702264000

0.996231 -0.086740 0.000000 96.717780 0.086740 0.996231 0.000000 2.559469 0.000000 0.000000 1.000000 0.000000 1561000465950620000

0.995985 -0.089524 0.000000 98.972316 0.089524 0.995985 0.000000 2.752373 0.000000 0.000000 1.000000 0.000000 1561000466198884000

0.995743 -0.092172 0.000000 101.205937 0.092172 0.995743 0.000000 3.009559 0.000000 0.000000 1.000000 0.000000 1561000466449565000

0.995639 -0.093288 0.000000 103.495936 0.093288 0.995639 0.000000 3.215753 0.000000 0.000000 1.000000 0.000000 1561000466701233000

0.995558 -0.094150 0.000000 105.766214 0.094150 0.995558 0.000000 3.420169 0.000000 0.000000 1.000000 0.000000 1561000466946421000

0.995774 -0.091835 0.000000 108.077850 0.091835 0.995774 0.000000 3.655559 0.000000 0.000000 1.000000 0.000000 1561000467195307000

0.995980 -0.089574 0.000000 110.355416 0.089574 0.995980 0.000000 3.836545 0.000000 0.000000 1.000000 0.000000 1561000467442628000

0.996094 -0.088297 0.000000 112.663401 0.088297 0.996094 0.000000 4.054113 0.000000 0.000000 1.000000 0.000000 1561000467692524000

0.996234 -0.086709 0.000000 114.983024 0.086709 0.996234 0.000000 4.277664 0.000000 0.000000 1.000000 0.000000 1561000467939932000

0.996342 -0.085457 0.000000 117.226548 0.085457 0.996342 0.000000 4.471034 0.000000 0.000000 1.000000 0.000000 1561000468188233000

0.996368 -0.085147 0.000000 119.481112 0.085147 0.996368 0.000000 4.667788 0.000000 0.000000 1.000000 0.000000 1561000468437391000

0.996408 -0.084685 0.000000 121.723699 0.084685 0.996408 0.000000 4.844709 0.000000 0.000000 1.000000 0.000000 1561000468685721000

0.996382 -0.084983 0.000000 123.924810 0.084983 0.996382 0.000000 5.042027 0.000000 0.000000 1.000000 0.000000 1561000468935357000

0.996394 -0.084842 0.000000 126.077476 0.084842 0.996394 0.000000 5.198682 0.000000 0.000000 1.000000 0.000000 1561000469184222000

0.996448 -0.084208 0.000000 128.161776 0.084208 0.996448 0.000000 5.367660 0.000000 0.000000 1.000000 0.000000 1561000469433306000

0.996498 -0.083615 0.000000 130.408951 0.083615 0.996498 0.000000 5.578709 0.000000 0.000000 1.000000 0.000000 1561000469681796000

0.996118 -0.088025 0.000000 132.582910 0.088025 0.996118 0.000000 5.848813 0.000000 0.000000 1.000000 0.000000 1561000469927877000

0.995800 -0.091552 0.000000 134.716246 0.091552 0.995800 0.000000 6.030360 0.000000 0.000000 1.000000 0.000000 1561000470178079000

0.995474 -0.095034 0.000000 136.973326 0.095034 0.995474 0.000000 6.254330 0.000000 0.000000 1.000000 0.000000 1561000470426619000

0.995205 -0.097815 0.000000 139.197891 0.097815 0.995205 0.000000 6.487482 0.000000 0.000000 1.000000 0.000000 1561000470675629000

0.994891 -0.100958 0.000000 141.416869 0.100958 0.994891 0.000000 6.690581 0.000000 0.000000 1.000000 0.000000 1561000470925518000

0.994534 -0.104412 0.000000 143.684835 0.104412 0.994534 0.000000 6.972255 0.000000 0.000000 1.000000 0.000000 1561000471173754000

0.994028 -0.109129 0.000000 145.937989 0.109129 0.994028 0.000000 7.204816 0.000000 0.000000 1.000000 0.000000 1561000471421537000

0.993529 -0.113582 0.000000 148.192845 0.113582 0.993529 0.000000 7.471790 0.000000 0.000000 1.000000 0.000000 1561000471670336000

0.993001 -0.118104 0.000000 150.473715 0.118104 0.993001 0.000000 7.740636 0.000000 0.000000 1.000000 0.000000 1561000471918821000

0.992504 -0.122210 0.000000 152.763700 0.122210 0.992504 0.000000 7.991376 0.000000 0.000000 1.000000 0.000000 1561000472167107000

0.991993 -0.126294 0.000000 155.030985 0.126294 0.991993 0.000000 8.260063 0.000000 0.000000 1.000000 0.000000 1561000472416228000

0.991729 -0.128348 0.000000 157.344498 0.128348 0.991729 0.000000 8.614838 0.000000 0.000000 1.000000 0.000000 1561000472666413000

0.991469 -0.130345 0.000000 159.665806 0.130345 0.991469 0.000000 8.899264 0.000000 0.000000 1.000000 0.000000 1561000472913322000

0.990900 -0.134597 0.000000 161.947734 0.134597 0.990900 0.000000 9.239312 0.000000 0.000000 1.000000 0.000000 1561000473162044000

0.990266 -0.139186 0.000000 164.282590 0.139186 0.990266 0.000000 9.582110 0.000000 0.000000 1.000000 0.000000 1561000473410540000

0.989706 -0.143115 0.000000 166.593241 0.143115 0.989706 0.000000 9.891836 0.000000 0.000000 1.000000 0.000000 1561000473659389000

0.988927 -0.148405 0.000000 168.935295 0.148405 0.988927 0.000000 10.271088 0.000000 0.000000 1.000000 0.000000 1561000473908074000

0.988338 -0.152276 0.000000 171.301342 0.152276 0.988338 0.000000 10.645561 0.000000 0.000000 1.000000 0.000000 1561000474156096000

0.987658 -0.156624 0.000000 173.595071 0.156624 0.987658 0.000000 10.996191 0.000000 0.000000 1.000000 0.000000 1561000474404915000

0.987155 -0.159766 0.000000 176.031514 0.159766 0.987155 0.000000 11.382791 0.000000 0.000000 1.000000 0.000000 1561000474653473000

0.986610 -0.163094 0.000000 178.419531 0.163094 0.986610 0.000000 11.829207 0.000000 0.000000 1.000000 0.000000 1561000474902028000

0.986032 -0.166554 0.000000 180.804450 0.166554 0.986032 0.000000 12.217035 0.000000 0.000000 1.000000 0.000000 1561000475152686000

0.985380 -0.170372 0.000000 183.220773 0.170372 0.985380 0.000000 12.652268 0.000000 0.000000 1.000000 0.000000 1561000475401664000

0.984518 -0.175284 0.000000 185.550918 0.175284 0.984518 0.000000 13.083630 0.000000 0.000000 1.000000 0.000000 1561000475650569000

0.983528 -0.180757 0.000000 187.969647 0.180757 0.983528 0.000000 13.536599 0.000000 0.000000 1.000000 0.000000 1561000475898137000

0.982337 -0.187122 0.000000 190.292423 0.187122 0.982337 0.000000 13.991809 0.000000 0.000000 1.000000 0.000000 1561000476146222000

0.981564 -0.191135 0.000000 192.590510 0.191135 0.981564 0.000000 14.447710 0.000000 0.000000 1.000000 0.000000 1561000476395683000

0.980272 -0.197655 0.000000 194.847210 0.197655 0.980272 0.000000 14.936670 0.000000 0.000000 1.000000 0.000000 1561000476643462000

0.979382 -0.202017 0.000000 197.067340 0.202017 0.979382 0.000000 15.400695 0.000000 0.000000 1.000000 0.000000 1561000476892166000

0.978431 -0.206572 0.000000 199.273897 0.206572 0.978431 0.000000 15.900359 0.000000 0.000000 1.000000 0.000000 1561000477139985000

0.977438 -0.211224 0.000000 201.446554 0.211224 0.977438 0.000000 16.309843 0.000000 0.000000 1.000000 0.000000 1561000477388986000

0.976243 -0.216679 0.000000 203.667906 0.216679 0.976243 0.000000 16.858889 0.000000 0.000000 1.000000 0.000000 1561000477638141000

0.975039 -0.222035 0.000000 205.867133 0.222035 0.975039 0.000000 17.343748 0.000000 0.000000 1.000000 0.000000 1561000477885064000

0.973739 -0.227666 0.000000 208.003216 0.227666 0.973739 0.000000 17.829966 0.000000 0.000000 1.000000 0.000000 1561000478134686000

0.972881 -0.231306 0.000000 210.252194 0.231306 0.972881 0.000000 18.364537 0.000000 0.000000 1.000000 0.000000 1561000478383453000

0.971979 -0.235070 0.000000 212.461444 0.235070 0.971979 0.000000 18.901494 0.000000 0.000000 1.000000 0.000000 1561000478631209000

0.971489 -0.237086 0.000000 214.696395 0.237086 0.971489 0.000000 19.508241 0.000000 0.000000 1.000000 0.000000 1561000478880766000

0.970967 -0.239214 0.000000 216.949824 0.239214 0.970967 0.000000 20.076157 0.000000 0.000000 1.000000 0.000000 1561000479129084000

0.970169 -0.242428 0.000000 219.226735 0.242428 0.970169 0.000000 20.604727 0.000000 0.000000 1.000000 0.000000 1561000479378844000

0.969545 -0.244913 0.000000 221.451285 0.244913 0.969545 0.000000 21.265890 0.000000 0.000000 1.000000 0.000000 1561000479627125000

0.968897 -0.247464 0.000000 223.706286 0.247464 0.968897 0.000000 21.811013 0.000000 0.000000 1.000000 0.000000 1561000479876716000

0.967899 -0.251341 0.000000 225.980812 0.251341 0.967899 0.000000 22.435448 0.000000 0.000000 1.000000 0.000000 1561000480125473000

0.966969 -0.254894 0.000000 228.250439 0.254894 0.966969 0.000000 23.006532 0.000000 0.000000 1.000000 0.000000 1561000480374775000

0.965534 -0.260277 0.000000 230.510482 0.260277 0.965534 0.000000 23.653459 0.000000 0.000000 1.000000 0.000000 1561000480623560000

0.964491 -0.264116 0.000000 232.765690 0.264116 0.964491 0.000000 24.214333 0.000000 0.000000 1.000000 0.000000 1561000480870641000

0.963284 -0.268486 0.000000 235.062435 0.268486 0.963284 0.000000 24.926085 0.000000 0.000000 1.000000 0.000000 1561000481120367000

0.961747 -0.273941 0.000000 237.333204 0.273941 0.961747 0.000000 25.594369 0.000000 0.000000 1.000000 0.000000 1561000481366978000

0.960465 -0.278402 0.000000 239.698134 0.278402 0.960465 0.000000 26.257819 0.000000 0.000000 1.000000 0.000000 1561000481616133000

0.958699 -0.284422 0.000000 242.038153 0.284422 0.958699 0.000000 26.971886 0.000000 0.000000 1.000000 0.000000 1561000481866421000

0.957687 -0.287812 0.000000 244.341530 0.287812 0.957687 0.000000 27.663201 0.000000 0.000000 1.000000 0.000000 1561000482112963000

0.956111 -0.293004 0.000000 246.729910 0.293004 0.956111 0.000000 28.388698 0.000000 0.000000 1.000000 0.000000 1561000482362365000

0.954783 -0.297304 0.000000 249.064209 0.297304 0.954783 0.000000 29.101660 0.000000 0.000000 1.000000 0.000000 1561000482611024000

0.953348 -0.301875 0.000000 251.452842 0.301875 0.953348 0.000000 29.809547 0.000000 0.000000 1.000000 0.000000 1561000482859436000

0.952153 -0.305620 0.000000 253.803870 0.305620 0.952153 0.000000 30.607005 0.000000 0.000000 1.000000 0.000000 1561000483108000000

0.951406 -0.307938 0.000000 256.183045 0.307938 0.951406 0.000000 31.377312 0.000000 0.000000 1.000000 0.000000 1561000483358185000

0.950579 -0.310481 0.000000 258.542421 0.310481 0.950579 0.000000 32.210484 0.000000 0.000000 1.000000 0.000000 1561000483607228000

0.949510 -0.313736 0.000000 260.867323 0.313736 0.949510 0.000000 32.971030 0.000000 0.000000 1.000000 0.000000 1561000483855459000

0.948279 -0.317437 0.000000 263.223691 0.317437 0.948279 0.000000 33.758451 0.000000 0.000000 1.000000 0.000000 1561000484105565000

0.947563 -0.319569 0.000000 265.448426 0.319569 0.947563 0.000000 34.534552 0.000000 0.000000 1.000000 0.000000 1561000484355879000

0.946800 -0.321823 0.000000 267.752557 0.321823 0.946800 0.000000 35.313815 0.000000 0.000000 1.000000 0.000000 1561000484607632000

0.945893 -0.324480 0.000000 269.988472 0.324480 0.945893 0.000000 36.084776 0.000000 0.000000 1.000000 0.000000 1561000484855670000

0.945318 -0.326149 0.000000 272.253016 0.326149 0.945318 0.000000 36.859186 0.000000 0.000000 1.000000 0.000000 1561000485107056000

0.944540 -0.328396 0.000000 274.442345 0.328396 0.944540 0.000000 37.610715 0.000000 0.000000 1.000000 0.000000 1561000485357265000

0.943929 -0.330147 0.000000 276.572213 0.330147 0.943929 0.000000 38.389114 0.000000 0.000000 1.000000 0.000000 1561000485606059000

0.943076 -0.332576 0.000000 278.703309 0.332576 0.943076 0.000000 39.136195 0.000000 0.000000 1.000000 0.000000 1561000485855914000

0.941883 -0.335941 0.000000 280.836076 0.335941 0.941883 0.000000 39.879332 0.000000 0.000000 1.000000 0.000000 1561000486105793000

0.940918 -0.338635 0.000000 282.834553 0.338635 0.940918 0.000000 40.619588 0.000000 0.000000 1.000000 0.000000 1561000486356023000

0.939692 -0.342023 0.000000 284.782846 0.342023 0.939692 0.000000 41.259565 0.000000 0.000000 1.000000 0.000000 1561000486605821000

0.938308 -0.345800 0.000000 286.666104 0.345800 0.938308 0.000000 42.012025 0.000000 0.000000 1.000000 0.000000 1561000486855034000

0.936229 -0.351392 0.000000 288.503365 0.351392 0.936229 0.000000 42.636594 0.000000 0.000000 1.000000 0.000000 1561000487104650000

0.934271 -0.356565 0.000000 290.308996 0.356565 0.934271 0.000000 43.372789 0.000000 0.000000 1.000000 0.000000 1561000487355764000

0.931545 -0.363625 0.000000 292.139973 0.363625 0.931545 0.000000 44.075309 0.000000 0.000000 1.000000 0.000000 1561000487604426000

0.929487 -0.368854 0.000000 293.917667 0.368854 0.929487 0.000000 44.701491 0.000000 0.000000 1.000000 0.000000 1561000487853333000

0.926947 -0.375193 0.000000 295.544477 0.375193 0.926947 0.000000 45.363838 0.000000 0.000000 1.000000 0.000000 1561000488102970000

0.925568 -0.378582 0.000000 297.329417 0.378582 0.925568 0.000000 46.070221 0.000000 0.000000 1.000000 0.000000 1561000488353303000

0.924052 -0.382267 0.000000 298.954408 0.382267 0.924052 0.000000 46.787040 0.000000 0.000000 1.000000 0.000000 1561000488601939000

0.923533 -0.383519 0.000000 300.595986 0.383519 0.923533 0.000000 47.451818 0.000000 0.000000 1.000000 0.000000 1561000488851590000

0.922804 -0.385269 0.000000 302.187408 0.385269 0.922804 0.000000 48.143246 0.000000 0.000000 1.000000 0.000000 1561000489100383000

0.923312 -0.384050 0.000000 303.754641 0.384050 0.923312 0.000000 48.775574 0.000000 0.000000 1.000000 0.000000 1561000489349993000

0.926619 -0.376001 0.000000 305.277446 0.376001 0.926619 0.000000 49.353694 0.000000 0.000000 1.000000 0.000000 1561000489598667000

0.931672 -0.363301 0.000000 306.703331 0.363301 0.931672 0.000000 49.912133 0.000000 0.000000 1.000000 0.000000 1561000489848267000

0.952662 -0.304031 0.000000 309.415493 0.304031 0.952662 0.000000 50.803004 0.000000 0.000000 1.000000 0.000000 1561000490346899000

0.983503 -0.180891 0.000000 311.949605 0.180891 0.983503 0.000000 51.134767 0.000000 0.000000 1.000000 0.000000 1561000490847327000

0.999908 -0.013557 0.000000 314.175249 0.013557 0.999908 0.000000 51.074506 0.000000 0.000000 1.000000 0.000000 1561000491346093000

0.996115 0.088058 0.000000 315.213566 -0.088058 0.996115 -0.000000 50.876422 -0.000000 0.000000 1.000000 0.000000 1561000491595361000

0.979440 0.201733 0.000000 316.277860 -0.201733 0.979440 -0.000000 50.539117 -0.000000 0.000000 1.000000 0.000000 1561000491844124000

0.947047 0.321095 0.000000 317.228520 -0.321095 0.947047 -0.000000 50.109737 -0.000000 0.000000 1.000000 0.000000 1561000492092937000

0.894299 0.447470 0.000000 318.104935 -0.447470 0.894299 -0.000000 49.440247 -0.000000 0.000000 1.000000 0.000000 1561000492343725000

0.820966 0.570977 0.000000 318.842774 -0.570977 0.820966 -0.000000 48.871434 -0.000000 0.000000 1.000000 0.000000 1561000492591695000

0.729669 0.683801 0.000000 319.496707 -0.683801 0.729669 -0.000000 47.998779 -0.000000 0.000000 1.000000 0.000000 1561000492841061000

0.619692 0.784845 0.000000 320.041068 -0.784845 0.619692 -0.000000 47.054063 -0.000000 0.000000 1.000000 0.000000 1561000493090115000

0.500467 0.865756 0.000000 320.403194 -0.865756 0.500467 -0.000000 46.061913 -0.000000 0.000000 1.000000 0.000000 1561000493339874000

0.378737 0.925504 0.000000 320.717738 -0.925504 0.378737 -0.000000 44.972326 -0.000000 0.000000 1.000000 0.000000 1561000493588818000

0.266009 0.963971 0.000000 320.884975 -0.963971 0.266009 -0.000000 43.868499 -0.000000 0.000000 1.000000 0.000000 1561000493837382000

0.180694 0.983539 0.000000 320.931946 -0.983539 0.180694 -0.000000 42.750486 -0.000000 0.000000 1.000000 0.000000 1561000494085943000

0.111371 0.993779 0.000000 321.379084 -0.993779 0.111371 -0.000000 40.005032 -0.000000 0.000000 1.000000 0.000000 1561000494583785000

0.087752 0.996142 0.000000 321.817241 -0.996142 0.087752 -0.000000 37.128122 -0.000000 0.000000 1.000000 0.000000 1561000495080401000

0.072507 0.997368 0.000000 321.964401 -0.997368 0.072507 -0.000000 34.180193 -0.000000 0.000000 1.000000 0.000000 1561000495578160000

0.075717 0.997129 0.000000 322.082470 -0.997129 0.075717 -0.000000 32.571006 -0.000000 0.000000 1.000000 0.000000 1561000495826671000

0.081962 0.996635 0.000000 322.263808 -0.996635 0.081962 -0.000000 30.918741 -0.000000 0.000000 1.000000 0.000000 1561000496077519000

0.084910 0.996389 0.000000 322.408189 -0.996389 0.084910 -0.000000 29.271654 -0.000000 0.000000 1.000000 0.000000 1561000496325382000

0.083354 0.996520 0.000000 322.542739 -0.996520 0.083354 -0.000000 27.546002 -0.000000 0.000000 1.000000 0.000000 1561000496574033000

0.083687 0.996492 0.000000 322.730666 -0.996492 0.083687 -0.000000 25.840688 -0.000000 0.000000 1.000000 0.000000 1561000496822812000

0.083021 0.996548 0.000000 322.867116 -0.996548 0.083021 -0.000000 23.998791 -0.000000 0.000000 1.000000 0.000000 1561000497071469000

0.083328 0.996522 0.000000 322.977351 -0.996522 0.083328 -0.000000 22.110787 -0.000000 0.000000 1.000000 0.000000 1561000497319987000

0.082849 0.996562 0.000000 323.157841 -0.996562 0.082849 -0.000000 20.242770 -0.000000 0.000000 1.000000 0.000000 1561000497569198000

0.080939 0.996719 0.000000 323.337979 -0.996719 0.080939 -0.000000 18.357902 -0.000000 0.000000 1.000000 0.000000 1561000497818140000

0.079057 0.996870 0.000000 323.486668 -0.996870 0.079057 -0.000000 16.388281 -0.000000 0.000000 1.000000 0.000000 1561000498067011000

0.079116 0.996865 0.000000 323.637616 -0.996865 0.079116 -0.000000 14.353609 -0.000000 0.000000 1.000000 0.000000 1561000498315736000

0.078500 0.996914 0.000000 323.801973 -0.996914 0.078500 -0.000000 12.281365 -0.000000 0.000000 1.000000 0.000000 1561000498564888000

0.078433 0.996919 0.000000 323.947106 -0.996919 0.078433 -0.000000 10.217601 -0.000000 0.000000 1.000000 0.000000 1561000498812965000

0.081425 0.996679 0.000000 324.168754 -0.996679 0.081425 -0.000000 8.083252 -0.000000 0.000000 1.000000 0.000000 1561000499062066000

0.082911 0.996557 0.000000 324.334511 -0.996557 0.082911 -0.000000 5.942362 -0.000000 0.000000 1.000000 0.000000 1561000499311038000

0.084073 0.996460 0.000000 324.525568 -0.996460 0.084073 -0.000000 3.735313 -0.000000 0.000000 1.000000 0.000000 1561000499559641000

0.083915 0.996473 0.000000 324.643068 -0.996473 0.083915 -0.000000 1.455485 -0.000000 0.000000 1.000000 0.000000 1561000499808736000

0.084030 0.996463 0.000000 324.839181 -0.996463 0.084030 -0.000000 -0.756930 -0.000000 0.000000 1.000000 0.000000 1561000500058177000

0.085045 0.996377 0.000000 325.041719 -0.996377 0.085045 -0.000000 -3.000189 -0.000000 0.000000 1.000000 0.000000 1561000500306236000

0.086102 0.996286 0.000000 325.269169 -0.996286 0.086102 -0.000000 -5.258140 -0.000000 0.000000 1.000000 0.000000 1561000500554493000

0.086454 0.996256 0.000000 325.480362 -0.996256 0.086454 -0.000000 -7.461488 -0.000000 0.000000 1.000000 0.000000 1561000500803151000

0.086872 0.996219 0.000000 325.666141 -0.996219 0.086872 -0.000000 -9.649252 -0.000000 0.000000 1.000000 0.000000 1561000501052399000

0.086185 0.996279 0.000000 325.842963 -0.996279 0.086185 -0.000000 -11.799024 -0.000000 0.000000 1.000000 0.000000 1561000501300405000

0.085924 0.996302 0.000000 326.080803 -0.996302 0.085924 -0.000000 -13.994820 -0.000000 0.000000 1.000000 0.000000 1561000501548683000

0.085946 0.996300 0.000000 326.228821 -0.996300 0.085946 -0.000000 -16.129581 -0.000000 0.000000 1.000000 0.000000 1561000501797420000

0.085688 0.996322 0.000000 326.394307 -0.996322 0.085688 -0.000000 -18.178495 -0.000000 0.000000 1.000000 0.000000 1561000502045587000

0.085623 0.996328 0.000000 326.576903 -0.996328 0.085623 -0.000000 -20.258181 -0.000000 0.000000 1.000000 0.000000 1561000502294218000

0.083990 0.996467 0.000000 326.724284 -0.996467 0.083990 -0.000000 -22.151422 -0.000000 0.000000 1.000000 0.000000 1561000502542698000

0.082635 0.996580 0.000000 326.927526 -0.996580 0.082635 -0.000000 -23.957418 -0.000000 0.000000 1.000000 0.000000 1561000502791208000

0.082058 0.996628 0.000000 327.104718 -0.996628 0.082058 -0.000000 -25.789715 -0.000000 0.000000 1.000000 0.000000 1561000503039928000

0.083816 0.996481 0.000000 327.239020 -0.996481 0.083816 -0.000000 -27.618658 -0.000000 0.000000 1.000000 0.000000 1561000503288553000

0.087444 0.996169 0.000000 327.367831 -0.996169 0.087444 -0.000000 -29.415895 -0.000000 0.000000 1.000000 0.000000 1561000503536966000

0.092227 0.995738 0.000000 327.539565 -0.995738 0.092227 -0.000000 -31.113028 -0.000000 0.000000 1.000000 0.000000 1561000503785986000

0.093693 0.995601 0.000000 327.743698 -0.995601 0.093693 -0.000000 -32.861076 -0.000000 0.000000 1.000000 0.000000 1561000504035525000

0.095082 0.995469 0.000000 328.042998 -0.995469 0.095082 -0.000000 -34.790169 -0.000000 0.000000 1.000000 0.000000 1561000504283553000

0.094686 0.995507 0.000000 328.109828 -0.995507 0.094686 -0.000000 -36.433790 -0.000000 0.000000 1.000000 0.000000 1561000504532585000

0.095074 0.995470 0.000000 328.251558 -0.995470 0.095074 -0.000000 -38.174870 -0.000000 0.000000 1.000000 0.000000 1561000504782610000

0.094942 0.995483 0.000000 328.462394 -0.995483 0.094942 -0.000000 -39.999287 -0.000000 0.000000 1.000000 0.000000 1561000505030858000

0.094560 0.995519 0.000000 328.688985 -0.995519 0.094560 -0.000000 -41.749064 -0.000000 0.000000 1.000000 0.000000 1561000505279647000

0.095336 0.995445 0.000000 328.845930 -0.995445 0.095336 -0.000000 -43.518397 -0.000000 0.000000 1.000000 0.000000 1561000505528361000

0.095538 0.995426 0.000000 329.025205 -0.995426 0.095538 -0.000000 -45.308127 -0.000000 0.000000 1.000000 0.000000 1561000505776839000

0.094595 0.995516 0.000000 329.263367 -0.995516 0.094595 -0.000000 -47.091966 -0.000000 0.000000 1.000000 0.000000 1561000506026467000

0.095934 0.995388 0.000000 329.415160 -0.995388 0.095934 -0.000000 -48.893230 -0.000000 0.000000 1.000000 0.000000 1561000506274435000

0.097162 0.995269 0.000000 329.536485 -0.995269 0.097162 -0.000000 -50.646509 -0.000000 0.000000 1.000000 0.000000 1561000506522728000

0.095778 0.995403 0.000000 329.738126 -0.995403 0.095778 -0.000000 -52.378578 -0.000000 0.000000 1.000000 0.000000 1561000506771484000

0.096864 0.995298 0.000000 329.918767 -0.995298 0.096864 -0.000000 -54.163700 -0.000000 0.000000 1.000000 0.000000 1561000507019403000

0.096116 0.995370 0.000000 330.076730 -0.995370 0.096116 -0.000000 -55.869529 -0.000000 0.000000 1.000000 0.000000 1561000507267492000

0.093996 0.995573 0.000000 330.241627 -0.995573 0.093996 -0.000000 -57.589702 -0.000000 0.000000 1.000000 0.000000 1561000507518284000

0.093351 0.995633 0.000000 330.389501 -0.995633 0.093351 -0.000000 -59.167951 -0.000000 0.000000 1.000000 0.000000 1561000507766170000

0.093193 0.995648 0.000000 330.526723 -0.995648 0.093193 -0.000000 -60.827312 -0.000000 0.000000 1.000000 0.000000 1561000508013903000

0.091876 0.995770 0.000000 330.699605 -0.995770 0.091876 -0.000000 -62.559786 -0.000000 0.000000 1.000000 0.000000 1561000508262180000

0.092078 0.995752 0.000000 330.837908 -0.995752 0.092078 -0.000000 -64.113424 -0.000000 0.000000 1.000000 0.000000 1561000508509641000

0.087999 0.996121 0.000000 331.040322 -0.996121 0.087999 -0.000000 -65.666778 -0.000000 0.000000 1.000000 0.000000 1561000508758606000

0.084461 0.996427 0.000000 331.205913 -0.996427 0.084461 -0.000000 -67.275870 -0.000000 0.000000 1.000000 0.000000 1561000509007129000

0.084170 0.996451 0.000000 331.279454 -0.996451 0.084170 -0.000000 -68.909145 -0.000000 0.000000 1.000000 0.000000 1561000509255537000

0.084481 0.996425 0.000000 331.422717 -0.996425 0.084481 -0.000000 -70.512233 -0.000000 0.000000 1.000000 0.000000 1561000509504245000

0.085252 0.996359 0.000000 331.544165 -0.996359 0.085252 -0.000000 -72.116011 -0.000000 0.000000 1.000000 0.000000 1561000509752852000

0.086164 0.996281 0.000000 331.649244 -0.996281 0.086164 -0.000000 -73.641266 -0.000000 0.000000 1.000000 0.000000 1561000510002366000

0.085772 0.996315 0.000000 331.719270 -0.996315 0.085772 -0.000000 -75.141698 -0.000000 0.000000 1.000000 0.000000 1561000510249360000

0.084943 0.996386 0.000000 331.915985 -0.996386 0.084943 -0.000000 -77.722017 -0.000000 0.000000 1.000000 0.000000 1561000510745578000

0.086160 0.996281 0.000000 332.206253 -0.996281 0.086160 -0.000000 -80.175746 -0.000000 0.000000 1.000000 0.000000 1561000511243813000

0.085366 0.996350 0.000000 332.293190 -0.996350 0.085366 -0.000000 -82.151288 -0.000000 0.000000 1.000000 0.000000 1561000511740688000

0.086228 0.996275 0.000000 332.450124 -0.996275 0.086228 -0.000000 -83.913160 -0.000000 0.000000 1.000000 0.000000 1561000512237795000

0.086650 0.996239 0.000000 332.568744 -0.996239 0.086650 -0.000000 -85.416090 -0.000000 0.000000 1.000000 0.000000 1561000512735063000

0.086441 0.996257 0.000000 332.731417 -0.996257 0.086441 -0.000000 -87.306621 -0.000000 0.000000 1.000000 0.000000 1561000513480731000

0.088329 0.996091 0.000000 332.849567 -0.996091 0.088329 -0.000000 -89.270994 -0.000000 0.000000 1.000000 0.000000 1561000514227208000

0.093123 0.995655 0.000000 333.048241 -0.995655 0.093123 -0.000000 -91.080340 -0.000000 0.000000 1.000000 0.000000 1561000514972584000

0.096059 0.995376 0.000000 333.176813 -0.995376 0.096059 -0.000000 -92.822012 -0.000000 0.000000 1.000000 0.000000 1561000515718448000

0.101029 0.994883 0.000000 333.321555 -0.994883 0.101029 -0.000000 -94.421815 -0.000000 0.000000 1.000000 0.000000 1561000516464636000

0.091007 0.995850 0.000000 333.492599 -0.995850 0.091007 -0.000000 -96.246335 -0.000000 0.000000 1.000000 0.000000 1561000517211616000

0.033339 0.999444 0.000000 333.524847 -0.999444 0.033339 -0.000000 -98.435214 -0.000000 0.000000 1.000000 0.000000 1561000517957895000

-0.046302 0.998927 0.000000 333.383091 -0.998927 -0.046302 -0.000000 -100.092081 -0.000000 0.000000 1.000000 0.000000 1561000518456073000

-0.159726 0.987161 0.000000 333.055874 -0.987161 -0.159726 -0.000000 -101.897154 -0.000000 0.000000 1.000000 0.000000 1561000518952738000

-0.286779 0.957997 0.000000 332.576267 -0.957997 -0.286779 -0.000000 -103.939948 -0.000000 0.000000 1.000000 0.000000 1561000519450184000

-0.409532 0.912296 0.000000 331.660498 -0.912296 -0.409532 -0.000000 -105.851108 -0.000000 0.000000 1.000000 0.000000 1561000519946740000

-0.511636 0.859203 0.000000 330.370907 -0.859203 -0.511636 0.000000 -107.762259 0.000000 0.000000 1.000000 0.000000 1561000520443529000

-0.602871 0.797839 0.000000 329.003089 -0.797839 -0.602871 0.000000 -109.541721 0.000000 0.000000 1.000000 0.000000 1561000520941216000

-0.674840 0.737964 0.000000 327.239963 -0.737964 -0.674840 0.000000 -111.461158 0.000000 0.000000 1.000000 0.000000 1561000521438428000

-0.735354 0.677684 0.000000 325.200683 -0.677684 -0.735354 0.000000 -113.251594 0.000000 0.000000 1.000000 0.000000 1561000521936232000

-0.789872 0.613271 0.000000 322.890772 -0.613271 -0.789872 0.000000 -115.049663 0.000000 0.000000 1.000000 0.000000 1561000522434006000

-0.813323 0.581813 0.000000 321.618520 -0.581813 -0.813323 0.000000 -115.943126 0.000000 0.000000 1.000000 0.000000 1561000522682510000

-0.834680 0.550735 0.000000 320.277432 -0.550735 -0.834680 0.000000 -116.776881 0.000000 0.000000 1.000000 0.000000 1561000522930740000

-0.855342 0.518064 0.000000 318.852775 -0.518064 -0.855342 0.000000 -117.632710 0.000000 0.000000 1.000000 0.000000 1561000523179422000

-0.875068 0.484001 0.000000 317.340882 -0.484001 -0.875068 0.000000 -118.403269 0.000000 0.000000 1.000000 0.000000 1561000523427524000

-0.893769 0.448527 0.000000 315.822379 -0.448527 -0.893769 0.000000 -119.123124 0.000000 0.000000 1.000000 0.000000 1561000523677368000

-0.907721 0.419575 0.000000 314.353690 -0.419575 -0.907721 0.000000 -119.820910 0.000000 0.000000 1.000000 0.000000 1561000523925798000

-0.918597 0.395195 0.000000 312.772758 -0.395195 -0.918597 0.000000 -120.422997 0.000000 0.000000 1.000000 0.000000 1561000524172970000

-0.926705 0.375789 0.000000 311.187460 -0.375789 -0.926705 0.000000 -121.109607 0.000000 0.000000 1.000000 0.000000 1561000524421854000

-0.930344 0.366689 0.000000 309.569541 -0.366689 -0.930344 0.000000 -121.717304 0.000000 0.000000 1.000000 0.000000 1561000524670398000

-0.931796 0.362982 0.000000 307.883743 -0.362982 -0.931796 0.000000 -122.383129 0.000000 0.000000 1.000000 0.000000 1561000524918014000

-0.932946 0.360016 0.000000 306.215711 -0.360016 -0.932946 0.000000 -122.969655 0.000000 0.000000 1.000000 0.000000 1561000525167246000

-0.933425 0.358773 0.000000 304.472445 -0.358773 -0.933425 0.000000 -123.679190 0.000000 0.000000 1.000000 0.000000 1561000525415724000

-0.933692 0.358077 0.000000 302.778784 -0.358077 -0.933692 0.000000 -124.387126 0.000000 0.000000 1.000000 0.000000 1561000525663724000

-0.934236 0.356654 0.000000 301.073821 -0.356654 -0.934236 0.000000 -125.060698 0.000000 0.000000 1.000000 0.000000 1561000525913211000

-0.933879 0.357589 0.000000 299.308046 -0.357589 -0.933879 0.000000 -125.741875 0.000000 0.000000 1.000000 0.000000 1561000526163307000

-0.933739 0.357955 0.000000 297.423613 -0.357955 -0.933739 0.000000 -126.474572 0.000000 0.000000 1.000000 0.000000 1561000526414617000

-0.932472 0.361242 0.000000 295.592109 -0.361242 -0.932472 0.000000 -127.190367 0.000000 0.000000 1.000000 0.000000 1561000526665710000

-0.931861 0.362816 0.000000 293.681835 -0.362816 -0.931861 0.000000 -127.977076 0.000000 0.000000 1.000000 0.000000 1561000526916227000

-0.930815 0.365491 0.000000 291.758355 -0.365491 -0.930815 0.000000 -128.732254 0.000000 0.000000 1.000000 0.000000 1561000527166829000

-0.930763 0.365622 0.000000 289.796553 -0.365622 -0.930763 0.000000 -129.502747 0.000000 0.000000 1.000000 0.000000 1561000527417714000

-0.930790 0.365554 0.000000 287.841318 -0.365554 -0.930790 0.000000 -130.291903 0.000000 0.000000 1.000000 0.000000 1561000527668435000

-0.931023 0.364960 0.000000 285.845947 -0.364960 -0.931023 0.000000 -131.090882 0.000000 0.000000 1.000000 0.000000 1561000527918860000

-0.930930 0.365196 0.000000 283.848947 -0.365196 -0.930930 0.000000 -131.910003 0.000000 0.000000 1.000000 0.000000 1561000528169999000

-0.931172 0.364580 0.000000 281.724367 -0.364580 -0.931172 0.000000 -132.719148 0.000000 0.000000 1.000000 0.000000 1561000528420228000

-0.931550 0.363613 0.000000 279.669908 -0.363613 -0.931550 0.000000 -133.551577 0.000000 0.000000 1.000000 0.000000 1561000528670614000

-0.931635 0.363395 0.000000 277.536513 -0.363395 -0.931635 0.000000 -134.363190 0.000000 0.000000 1.000000 0.000000 1561000528921762000

-0.931674 0.363296 0.000000 275.348214 -0.363296 -0.931674 0.000000 -135.244908 0.000000 0.000000 1.000000 0.000000 1561000529172457000

-0.931395 0.364011 0.000000 273.160225 -0.364011 -0.931395 0.000000 -136.077400 0.000000 0.000000 1.000000 0.000000 1561000529422664000

-0.931404 0.363987 0.000000 271.004474 -0.363987 -0.931404 0.000000 -136.961076 0.000000 0.000000 1.000000 0.000000 1561000529673344000

-0.929952 0.367682 0.000000 268.849404 -0.367682 -0.929952 0.000000 -137.835152 0.000000 0.000000 1.000000 0.000000 1561000529924123000

-0.928060 0.372432 0.000000 266.582895 -0.372432 -0.928060 0.000000 -138.753826 0.000000 0.000000 1.000000 0.000000 1561000530174548000

-0.926579 0.376100 0.000000 264.328915 -0.376100 -0.926579 0.000000 -139.652083 0.000000 0.000000 1.000000 0.000000 1561000530425589000

-0.924249 0.381790 0.000000 262.118144 -0.381790 -0.924249 0.000000 -140.591023 0.000000 0.000000 1.000000 0.000000 1561000530675455000

-0.921381 0.388660 0.000000 259.919901 -0.388660 -0.921381 0.000000 -141.495347 0.000000 0.000000 1.000000 0.000000 1561000530927043000

-0.917661 0.397364 0.000000 257.656098 -0.397364 -0.917661 0.000000 -142.487115 0.000000 0.000000 1.000000 0.000000 1561000531177380000

-0.914119 0.405445 0.000000 255.434721 -0.405445 -0.914119 0.000000 -143.461039 0.000000 0.000000 1.000000 0.000000 1561000531427599000

-0.910335 0.413871 0.000000 253.269216 -0.413871 -0.910335 0.000000 -144.488924 0.000000 0.000000 1.000000 0.000000 1561000531678707000

-0.906762 0.421643 0.000000 251.028140 -0.421643 -0.906762 0.000000 -145.559181 0.000000 0.000000 1.000000 0.000000 1561000531929042000

-0.901918 0.431907 0.000000 248.886002 -0.431907 -0.901918 0.000000 -146.665206 0.000000 0.000000 1.000000 0.000000 1561000532183767000

-0.898193 0.439602 0.000000 246.677019 -0.439602 -0.898193 0.000000 -147.735507 0.000000 0.000000 1.000000 0.000000 1561000532430064000

-0.893507 0.449049 0.000000 244.472231 -0.449049 -0.893507 0.000000 -148.835013 0.000000 0.000000 1.000000 0.000000 1561000532680169000

-0.889108 0.457698 0.000000 242.297774 -0.457698 -0.889108 0.000000 -149.995565 0.000000 0.000000 1.000000 0.000000 1561000532931005000

-0.883470 0.468488 0.000000 240.157369 -0.468488 -0.883470 0.000000 -151.151196 0.000000 0.000000 1.000000 0.000000 1561000533181895000

-0.877563 0.479461 0.000000 237.946488 -0.479461 -0.877563 0.000000 -152.383453 0.000000 0.000000 1.000000 0.000000 1561000533430693000

-0.869825 0.493360 0.000000 235.827808 -0.493360 -0.869825 0.000000 -153.605981 0.000000 0.000000 1.000000 0.000000 1561000533679593000

-0.862639 0.505820 0.000000 233.701214 -0.505820 -0.862639 0.000000 -154.870856 0.000000 0.000000 1.000000 0.000000 1561000533927904000

-0.855024 0.518588 0.000000 231.595168 -0.518588 -0.855024 0.000000 -156.160753 0.000000 0.000000 1.000000 0.000000 1561000534176940000

-0.847219 0.531244 0.000000 229.457872 -0.531244 -0.847219 0.000000 -157.496915 0.000000 0.000000 1.000000 0.000000 1561000534425502000

-0.839607 0.543194 0.000000 227.337793 -0.543194 -0.839607 0.000000 -158.848177 0.000000 0.000000 1.000000 0.000000 1561000534674038000

-0.831494 0.555534 0.000000 225.291169 -0.555534 -0.831494 0.000000 -160.288966 0.000000 0.000000 1.000000 0.000000 1561000534922322000

-0.823531 0.567271 0.000000 223.255731 -0.567271 -0.823531 0.000000 -161.754147 0.000000 0.000000 1.000000 0.000000 1561000535170077000

-0.816740 0.577006 0.000000 221.176739 -0.577006 -0.816740 0.000000 -163.261035 0.000000 0.000000 1.000000 0.000000 1561000535418260000

-0.809935 0.586519 0.000000 219.104640 -0.586519 -0.809935 0.000000 -164.733503 0.000000 0.000000 1.000000 0.000000 1561000535666852000

-0.802306 0.596913 0.000000 217.115778 -0.596913 -0.802306 0.000000 -166.233132 0.000000 0.000000 1.000000 0.000000 1561000535915876000

-0.795752 0.605623 0.000000 215.064071 -0.605623 -0.795752 0.000000 -167.742255 0.000000 0.000000 1.000000 0.000000 1561000536164247000

