1.000000 0.000000 0.000000 0.000000 0.000000 1.000000 0.000000 0.000000 0.000000 0.000000 1.000000 0.000000 1547822825867784976

0.995889 -0.090584 0.000000 1.910235 0.090584 0.995889 0.000000 0.168239 0.000000 0.000000 1.000000 0.000000 1547822857342175960

0.987404 -0.158218 0.000000 3.983628 0.158218 0.987404 0.000000 0.510753 0.000000 0.000000 1.000000 0.000000 1547822858096357107

0.983238 -0.182326 0.000000 5.847527 0.182326 0.983238 0.000000 0.779387 0.000000 0.000000 1.000000 0.000000 1547822858596569061

0.982349 -0.187057 0.000000 7.979282 0.187057 0.982349 0.000000 1.230412 0.000000 0.000000 1.000000 0.000000 1547822859097138881

0.983155 -0.182773 0.000000 10.443607 0.182773 0.983155 0.000000 1.692592 0.000000 0.000000 1.000000 0.000000 1547822859596178054

0.984475 -0.175526 0.000000 13.262088 0.175526 0.984475 0.000000 2.209057 0.000000 0.000000 1.000000 0.000000 1547822860095386981

0.985230 -0.171237 0.000000 14.754514 0.171237 0.985230 0.000000 2.420031 0.000000 0.000000 1.000000 0.000000 1547822860345041036

0.986166 -0.165763 0.000000 16.330116 0.165763 0.986166 0.000000 2.642911 0.000000 0.000000 1.000000 0.000000 1547822860594219923

0.987376 -0.158393 0.000000 17.919585 0.158393 0.987376 0.000000 2.927000 0.000000 0.000000 1.000000 0.000000 1547822860842856884

0.988909 -0.148520 0.000000 19.571818 0.148520 0.988909 0.000000 3.189179 0.000000 0.000000 1.000000 0.000000 1547822861091613054

0.990395 -0.138265 0.000000 21.278376 0.138265 0.990395 0.000000 3.389381 0.000000 0.000000 1.000000 0.000000 1547822861340210914

0.992201 -0.124649 0.000000 23.016878 0.124649 0.992201 0.000000 3.600016 0.000000 0.000000 1.000000 0.000000 1547822861588404893

0.993953 -0.109810 0.000000 24.839834 0.109810 0.993953 0.000000 3.787500 0.000000 0.000000 1.000000 0.000000 1547822861837080001

0.995486 -0.094908 0.000000 26.631427 0.094908 0.995486 0.000000 3.940639 0.000000 0.000000 1.000000 0.000000 1547822862087317943

0.996680 -0.081423 0.000000 28.540645 0.081423 0.996680 0.000000 4.088429 0.000000 0.000000 1.000000 0.000000 1547822862337836027

0.997659 -0.068386 0.000000 30.429116 0.068386 0.997659 0.000000 4.221856 0.000000 0.000000 1.000000 0.000000 1547822862587707996

0.998523 -0.054330 0.000000 32.343817 0.054330 0.998523 0.000000 4.310499 0.000000 0.000000 1.000000 0.000000 1547822862837555885

0.999221 -0.039469 0.000000 34.275786 0.039469 0.999221 0.000000 4.366627 0.000000 0.000000 1.000000 0.000000 1547822863087376117

0.999674 -0.025538 0.000000 36.240743 0.025538 0.999674 0.000000 4.391590 0.000000 0.000000 1.000000 0.000000 1547822863337331056

0.999895 -0.014474 0.000000 38.228283 0.014474 0.999895 0.000000 4.375973 0.000000 0.000000 1.000000 0.000000 1547822863587126970

0.999988 -0.004926 0.000000 40.255265 0.004926 0.999988 0.000000 4.416686 0.000000 0.000000 1.000000 0.000000 1547822863836532115

1.000000 0.000085 0.000000 42.283496 -0.000085 1.000000 -0.000000 4.368877 -0.000000 0.000000 1.000000 0.000000 1547822864086051940

0.999989 0.004608 0.000000 44.363379 -0.004608 0.999989 -0.000000 4.341334 -0.000000 0.000000 1.000000 0.000000 1547822864335351943

0.999962 0.008678 0.000000 46.470261 -0.008678 0.999962 -0.000000 4.314020 -0.000000 0.000000 1.000000 0.000000 1547822864584851026

0.999917 0.012852 0.000000 48.594621 -0.012852 0.999917 -0.000000 4.321251 -0.000000 0.000000 1.000000 0.000000 1547822864835526943

0.999842 0.017802 0.000000 50.721162 -0.017802 0.999842 -0.000000 4.202934 -0.000000 0.000000 1.000000 0.000000 1547822865087739944

0.999733 0.023087 0.000000 52.841049 -0.023087 0.999733 -0.000000 4.130907 -0.000000 0.000000 1.000000 0.000000 1547822865340078115

0.999484 0.032118 0.000000 55.028760 -0.032118 0.999484 -0.000000 4.091933 -0.000000 0.000000 1.000000 0.000000 1547822865591662883

0.999264 0.038359 0.000000 57.172038 -0.038359 0.999264 -0.000000 3.972732 -0.000000 0.000000 1.000000 0.000000 1547822865842576026

0.999330 0.036594 0.000000 59.335053 -0.036594 0.999330 -0.000000 3.860605 -0.000000 0.000000 1.000000 0.000000 1547822866092925071

0.999525 0.030814 0.000000 61.506324 -0.030814 0.999525 -0.000000 3.768929 -0.000000 0.000000 1.000000 0.000000 1547822866343178987

0.999756 0.022068 0.000000 63.720636 -0.022068 0.999756 -0.000000 3.691268 -0.000000 0.000000 1.000000 0.000000 1547822866593271970

0.999964 0.008539 0.000000 65.925472 -0.008539 0.999964 -0.000000 3.643276 -0.000000 0.000000 1.000000 0.000000 1547822866843046903

0.999983 -0.005747 0.000000 68.129936 0.005747 0.999983 0.000000 3.640419 0.000000 0.000000 1.000000 0.000000 1547822867092688083

0.999726 -0.023426 0.000000 70.420990 0.023426 0.999726 0.000000 3.635332 0.000000 0.000000 1.000000 0.000000 1547822867341777086

0.999145 -0.041351 0.000000 72.626027 0.041351 0.999145 0.000000 3.861663 0.000000 0.000000 1.000000 0.000000 1547822867591099023

0.998211 -0.059798 0.000000 74.795493 0.059798 0.998211 0.000000 3.981702 0.000000 0.000000 1.000000 0.000000 1547822867840559005

0.997217 -0.074552 0.000000 77.025586 0.074552 0.997217 0.000000 4.125965 0.000000 0.000000 1.000000 0.000000 1547822868089660882

0.996384 -0.084959 0.000000 79.188557 0.084959 0.996384 0.000000 4.258803 0.000000 0.000000 1.000000 0.000000 1547822868338534116

0.995641 -0.093266 0.000000 81.392601 0.093266 0.995641 0.000000 4.481741 0.000000 0.000000 1.000000 0.000000 1547822868587630987

0.995215 -0.097714 0.000000 83.645210 0.097714 0.995215 0.000000 4.697424 0.000000 0.000000 1.000000 0.000000 1547822868836457967

0.994971 -0.100167 0.000000 85.801808 0.100167 0.994971 0.000000 4.920172 0.000000 0.000000 1.000000 0.000000 1547822869085166931

0.994879 -0.101073 0.000000 88.072566 0.101073 0.994879 0.000000 5.140319 0.000000 0.000000 1.000000 0.000000 1547822869333798885

0.995047 -0.099405 0.000000 90.239790 0.099405 0.995047 0.000000 5.317614 0.000000 0.000000 1.000000 0.000000 1547822869582340955

0.995282 -0.097020 0.000000 92.472009 0.097020 0.995282 0.000000 5.522234 0.000000 0.000000 1.000000 0.000000 1547822869831341981

0.995613 -0.093571 0.000000 94.680941 0.093571 0.995613 0.000000 5.753407 0.000000 0.000000 1.000000 0.000000 1547822870081818103

0.995838 -0.091144 0.000000 97.013130 0.091144 0.995838 0.000000 5.937644 0.000000 0.000000 1.000000 0.000000 1547822870332320928

0.995792 -0.091640 0.000000 99.253426 0.091640 0.995792 0.000000 6.088498 0.000000 0.000000 1.000000 0.000000 1547822870582694053

0.995784 -0.091731 0.000000 101.494324 0.091731 0.995784 0.000000 6.285205 0.000000 0.000000 1.000000 0.000000 1547822870832406044

0.996182 -0.087306 0.000000 103.704624 0.087306 0.996182 0.000000 6.523329 0.000000 0.000000 1.000000 0.000000 1547822871082242965

0.996963 -0.077874 0.000000 105.910982 0.077874 0.996963 0.000000 6.727361 0.000000 0.000000 1.000000 0.000000 1547822871332707881

0.997841 -0.065674 0.000000 108.255173 0.065674 0.997841 0.000000 6.860479 0.000000 0.000000 1.000000 0.000000 1547822871583086013

0.998665 -0.051663 0.000000 110.583445 0.051663 0.998665 0.000000 6.968105 0.000000 0.000000 1.000000 0.000000 1547822871833110094

0.999180 -0.040494 0.000000 112.877268 0.040494 0.999180 0.000000 7.020124 0.000000 0.000000 1.000000 0.000000 1547822872083012104

0.999534 -0.030517 0.000000 115.251257 0.030517 0.999534 0.000000 7.074728 0.000000 0.000000 1.000000 0.000000 1547822872333281993

0.999632 -0.027137 0.000000 117.655210 0.027137 0.999632 0.000000 7.152463 0.000000 0.000000 1.000000 0.000000 1547822872584161996

0.999677 -0.025420 0.000000 120.111750 0.025420 0.999677 0.000000 7.192209 0.000000 0.000000 1.000000 0.000000 1547822872836256980

0.999687 -0.025010 0.000000 122.637127 0.025010 0.999687 0.000000 7.259120 0.000000 0.000000 1.000000 0.000000 1547822873088556051

0.999709 -0.024110 0.000000 125.037185 0.024110 0.999709 0.000000 7.324475 0.000000 0.000000 1.000000 0.000000 1547822873339952945

0.999737 -0.022951 0.000000 127.527375 0.022951 0.999737 0.000000 7.370973 0.000000 0.000000 1.000000 0.000000 1547822873590573072

0.999697 -0.024605 0.000000 129.944156 0.024605 0.999697 0.000000 7.458312 0.000000 0.000000 1.000000 0.000000 1547822873839946985

0.999613 -0.027835 0.000000 132.351776 0.027835 0.999613 0.000000 7.547897 0.000000 0.000000 1.000000 0.000000 1547822874089162111

0.999535 -0.030483 0.000000 134.747312 0.030483 0.999535 0.000000 7.624155 0.000000 0.000000 1.000000 0.000000 1547822874337961912

0.999488 -0.031991 0.000000 137.159056 0.031991 0.999488 0.000000 7.664791 0.000000 0.000000 1.000000 0.000000 1547822874586347103

0.999393 -0.034830 0.000000 139.563568 0.034830 0.999393 0.000000 7.734702 0.000000 0.000000 1.000000 0.000000 1547822874834690093

0.999305 -0.037281 0.000000 141.954036 0.037281 0.999305 0.000000 7.833341 0.000000 0.000000 1.000000 0.000000 1547822875082834959

0.999200 -0.039998 0.000000 144.316010 0.039998 0.999200 0.000000 7.935606 0.000000 0.000000 1.000000 0.000000 1547822875331031084

0.999105 -0.042306 0.000000 146.687399 0.042306 0.999105 0.000000 8.043282 0.000000 0.000000 1.000000 0.000000 1547822875579277992

0.999077 -0.042959 0.000000 149.057225 0.042959 0.999077 0.000000 8.093493 0.000000 0.000000 1.000000 0.000000 1547822875827580928

0.999085 -0.042767 0.000000 151.462006 0.042767 0.999085 0.000000 8.198354 0.000000 0.000000 1.000000 0.000000 1547822876076730966

0.999118 -0.041994 0.000000 153.823529 0.041994 0.999118 0.000000 8.300094 0.000000 0.000000 1.000000 0.000000 1547822876326504945

0.999163 -0.040894 0.000000 156.216167 0.040894 0.999163 0.000000 8.379799 0.000000 0.000000 1.000000 0.000000 1547822876576888084

0.999179 -0.040516 0.000000 158.581439 0.040516 0.999179 0.000000 8.455470 0.000000 0.000000 1.000000 0.000000 1547822876826865911

0.999161 -0.040946 0.000000 160.977026 0.040946 0.999161 0.000000 8.533935 0.000000 0.000000 1.000000 0.000000 1547822877076528072

0.999113 -0.042120 0.000000 163.377330 0.042120 0.999113 0.000000 8.633194 0.000000 0.000000 1.000000 0.000000 1547822877327567100

0.999015 -0.044364 0.000000 165.667813 0.044364 0.999015 0.000000 8.710721 0.000000 0.000000 1.000000 0.000000 1547822877579617977

0.998929 -0.046278 0.000000 168.024331 0.046278 0.998929 0.000000 8.840125 0.000000 0.000000 1.000000 0.000000 1547822877832011938

0.998857 -0.047806 0.000000 170.353412 0.047806 0.998857 0.000000 8.946602 0.000000 0.000000 1.000000 0.000000 1547822878083834886

0.998789 -0.049196 0.000000 172.634236 0.049196 0.998789 0.000000 9.074320 0.000000 0.000000 1.000000 0.000000 1547822878335366010

0.998663 -0.051687 0.000000 174.849037 0.051687 0.998663 0.000000 9.203640 0.000000 0.000000 1.000000 0.000000 1547822878585629940

0.998475 -0.055205 0.000000 177.037711 0.055205 0.998475 0.000000 9.341292 0.000000 0.000000 1.000000 0.000000 1547822878835273027

0.998326 -0.057839 0.000000 179.219902 0.057839 0.998326 0.000000 9.466836 0.000000 0.000000 1.000000 0.000000 1547822879085362911

0.998141 -0.060953 0.000000 181.421785 0.060953 0.998141 0.000000 9.600227 0.000000 0.000000 1.000000 0.000000 1547822879335136890

0.998020 -0.062901 0.000000 183.576093 0.062901 0.998020 0.000000 9.715581 0.000000 0.000000 1.000000 0.000000 1547822879584774017

0.997895 -0.064845 0.000000 185.751816 0.064845 0.997895 0.000000 9.887498 0.000000 0.000000 1.000000 0.000000 1547822879834446907

0.997713 -0.067589 0.000000 187.860044 0.067589 0.997713 0.000000 10.006696 0.000000 0.000000 1.000000 0.000000 1547822880084157943

0.997495 -0.070732 0.000000 189.980010 0.070732 0.997495 0.000000 10.157235 0.000000 0.000000 1.000000 0.000000 1547822880334868907

0.997008 -0.077298 0.000000 192.158221 0.077298 0.997008 0.000000 10.348007 0.000000 0.000000 1.000000 0.000000 1547822880586935997

0.996482 -0.083808 0.000000 194.328569 0.083808 0.996482 0.000000 10.483175 0.000000 0.000000 1.000000 0.000000 1547822880839126110

0.995585 -0.093865 0.000000 196.358212 0.093865 0.995585 0.000000 10.609480 0.000000 0.000000 1.000000 0.000000 1547822881090919017

0.994819 -0.101664 0.000000 198.432570 0.101664 0.994819 0.000000 10.844117 0.000000 0.000000 1.000000 0.000000 1547822881341747045

0.993846 -0.110771 0.000000 200.591543 0.110771 0.993846 0.000000 11.025272 0.000000 0.000000 1.000000 0.000000 1547822881590941905

0.993078 -0.117457 0.000000 202.636509 0.117457 0.993078 0.000000 11.279539 0.000000 0.000000 1.000000 0.000000 1547822881840007066

0.992200 -0.124659 0.000000 204.665949 0.124659 0.992200 0.000000 11.560053 0.000000 0.000000 1.000000 0.000000 1547822882089257955

0.991230 -0.132147 0.000000 206.645682 0.132147 0.991230 0.000000 11.812212 0.000000 0.000000 1.000000 0.000000 1547822882337515115

0.990460 -0.137798 0.000000 208.655207 0.137798 0.990460 0.000000 12.060490 0.000000 0.000000 1.000000 0.000000 1547822882585764884

0.989470 -0.144740 0.000000 210.746652 0.144740 0.989470 0.000000 12.404857 0.000000 0.000000 1.000000 0.000000 1547822882834182977

0.988607 -0.150518 0.000000 212.848387 0.150518 0.988607 0.000000 12.741567 0.000000 0.000000 1.000000 0.000000 1547822883082047939

0.988264 -0.152756 0.000000 214.872587 0.152756 0.988264 0.000000 13.088893 0.000000 0.000000 1.000000 0.000000 1547822883330993890

0.988636 -0.150332 0.000000 216.902348 0.150332 0.988636 0.000000 13.374779 0.000000 0.000000 1.000000 0.000000 1547822883581903934

0.988965 -0.148149 0.000000 218.988164 0.148149 0.988965 0.000000 13.703996 0.000000 0.000000 1.000000 0.000000 1547822883832525014

0.989155 -0.146875 0.000000 221.075924 0.146875 0.989155 0.000000 13.985994 0.000000 0.000000 1.000000 0.000000 1547822884082926988

0.988927 -0.148400 0.000000 223.109287 0.148400 0.988927 0.000000 14.291622 0.000000 0.000000 1.000000 0.000000 1547822884333178997

0.989063 -0.147493 0.000000 225.154732 0.147493 0.989063 0.000000 14.635300 0.000000 0.000000 1.000000 0.000000 1547822884582873106

0.988999 -0.147925 0.000000 227.167632 0.147925 0.988999 0.000000 14.890910 0.000000 0.000000 1.000000 0.000000 1547822884832921028

0.988815 -0.149145 0.000000 229.191373 0.149145 0.988815 0.000000 15.223166 0.000000 0.000000 1.000000 0.000000 1547822885083277940

0.988579 -0.150706 0.000000 231.186610 0.150706 0.988579 0.000000 15.558757 0.000000 0.000000 1.000000 0.000000 1547822885334811925

0.988378 -0.152017 0.000000 233.213416 0.152017 0.988378 0.000000 15.845582 0.000000 0.000000 1.000000 0.000000 1547822885587146997

0.987810 -0.155663 0.000000 235.184839 0.155663 0.987810 0.000000 16.096306 0.000000 0.000000 1.000000 0.000000 1547822885838562011

0.987320 -0.158745 0.000000 237.192717 0.158745 0.987320 0.000000 16.414210 0.000000 0.000000 1.000000 0.000000 1547822886089875936

0.986887 -0.161413 0.000000 239.137493 0.161413 0.986887 0.000000 16.766622 0.000000 0.000000 1.000000 0.000000 1547822886341685056

0.986413 -0.164286 0.000000 241.107982 0.164286 0.986413 0.000000 17.077308 0.000000 0.000000 1.000000 0.000000 1547822886593195915

0.985922 -0.167205 0.000000 243.070565 0.167205 0.985922 0.000000 17.394884 0.000000 0.000000 1.000000 0.000000 1547822886844532012

0.985717 -0.168411 0.000000 244.934073 0.168411 0.985717 0.000000 17.758510 0.000000 0.000000 1.000000 0.000000 1547822887095942020

0.985395 -0.170281 0.000000 246.889228 0.170281 0.985395 0.000000 18.095593 0.000000 0.000000 1.000000 0.000000 1547822887347225904

0.984925 -0.172980 0.000000 248.612160 0.172980 0.984925 0.000000 18.435156 0.000000 0.000000 1.000000 0.000000 1547822887598431110

0.984576 -0.174956 0.000000 250.516948 0.174956 0.984576 0.000000 18.754568 0.000000 0.000000 1.000000 0.000000 1547822887849560022

0.984229 -0.176897 0.000000 252.424055 0.176897 0.984229 0.000000 19.057416 0.000000 0.000000 1.000000 0.000000 1547822888101207971

0.983920 -0.178608 0.000000 254.333106 0.178608 0.983920 0.000000 19.358200 0.000000 0.000000 1.000000 0.000000 1547822888354216098

0.983624 -0.180234 0.000000 256.188025 0.180234 0.983624 0.000000 19.744603 0.000000 0.000000 1.000000 0.000000 1547822888608062982

0.983368 -0.181626 0.000000 258.063410 0.181626 0.983368 0.000000 20.101788 0.000000 0.000000 1.000000 0.000000 1547822888860194921

0.983209 -0.182483 0.000000 259.878391 0.182483 0.983209 0.000000 20.442612 0.000000 0.000000 1.000000 0.000000 1547822889109930992

0.983133 -0.182890 0.000000 261.691386 0.182890 0.983133 0.000000 20.752557 0.000000 0.000000 1.000000 0.000000 1547822889358159065

0.982954 -0.183854 0.000000 263.599847 0.183854 0.982954 0.000000 21.102616 0.000000 0.000000 1.000000 0.000000 1547822889605993986

0.982896 -0.184160 0.000000 265.371837 0.184160 0.982896 0.000000 21.409756 0.000000 0.000000 1.000000 0.000000 1547822889853368997

0.983036 -0.183414 0.000000 267.202186 0.183414 0.983036 0.000000 21.744945 0.000000 0.000000 1.000000 0.000000 1547822890100730895

0.983272 -0.182144 0.000000 268.999337 0.182144 0.983272 0.000000 22.082765 0.000000 0.000000 1.000000 0.000000 1547822890348458051

0.983859 -0.178948 0.000000 270.804852 0.178948 0.983859 0.000000 22.419077 0.000000 0.000000 1.000000 0.000000 1547822890597356081

0.984833 -0.173504 0.000000 272.619281 0.173504 0.984833 0.000000 22.747590 0.000000 0.000000 1.000000 0.000000 1547822890847899913

0.985758 -0.168169 0.000000 274.497459 0.168169 0.985758 0.000000 23.082866 0.000000 0.000000 1.000000 0.000000 1547822891098185062

0.986589 -0.163221 0.000000 276.354506 0.163221 0.986589 0.000000 23.294895 0.000000 0.000000 1.000000 0.000000 1547822891348124980

0.987501 -0.157614 0.000000 278.180529 0.157614 0.987501 0.000000 23.606818 0.000000 0.000000 1.000000 0.000000 1547822891598232030

0.988314 -0.152434 0.000000 280.041512 0.152434 0.988314 0.000000 23.878413 0.000000 0.000000 1.000000 0.000000 1547822891848298072

0.989076 -0.147403 0.000000 281.923127 0.147403 0.989076 0.000000 24.164830 0.000000 0.000000 1.000000 0.000000 1547822892097928047

0.989550 -0.144188 0.000000 283.800038 0.144188 0.989550 0.000000 24.402473 0.000000 0.000000 1.000000 0.000000 1547822892347706079

0.990422 -0.138071 0.000000 285.666187 0.138071 0.990422 0.000000 24.670148 0.000000 0.000000 1.000000 0.000000 1547822892597961902

0.991036 -0.133593 0.000000 287.600606 0.133593 0.991036 0.000000 24.920516 0.000000 0.000000 1.000000 0.000000 1547822892849081993

0.991412 -0.130773 0.000000 289.461733 0.130773 0.991412 0.000000 25.154610 0.000000 0.000000 1.000000 0.000000 1547822893101113080

0.991859 -0.127339 0.000000 291.350225 0.127339 0.991859 0.000000 25.377795 0.000000 0.000000 1.000000 0.000000 1547822893352876901

0.992361 -0.123369 0.000000 293.265467 0.123369 0.992361 0.000000 25.594621 0.000000 0.000000 1.000000 0.000000 1547822893604326963

0.992913 -0.118844 0.000000 295.233861 0.118844 0.992913 0.000000 25.834360 0.000000 0.000000 1.000000 0.000000 1547822893856162071

0.993737 -0.111747 0.000000 297.218676 0.111747 0.993737 0.000000 26.033038 0.000000 0.000000 1.000000 0.000000 1547822894107378005

0.994241 -0.107169 0.000000 299.220166 0.107169 0.994241 0.000000 26.201632 0.000000 0.000000 1.000000 0.000000 1547822894358345985

0.994700 -0.102824 0.000000 301.249495 0.102824 0.994700 0.000000 26.398931 0.000000 0.000000 1.000000 0.000000 1547822894609791994

0.995048 -0.099397 0.000000 303.358738 0.099397 0.995048 0.000000 26.624039 0.000000 0.000000 1.000000 0.000000 1547822894860873937

0.995290 -0.096947 0.000000 305.418520 0.096947 0.995290 0.000000 26.824024 0.000000 0.000000 1.000000 0.000000 1547822895111948013

0.995428 -0.095518 0.000000 307.468386 0.095518 0.995428 0.000000 27.013885 0.000000 0.000000 1.000000 0.000000 1547822895362967967

0.995322 -0.096611 0.000000 309.527374 0.096611 0.995322 0.000000 27.188048 0.000000 0.000000 1.000000 0.000000 1547822895614109039

0.995257 -0.097276 0.000000 311.705184 0.097276 0.995257 0.000000 27.409908 0.000000 0.000000 1.000000 0.000000 1547822895866460084

0.995154 -0.098326 0.000000 313.779966 0.098326 0.995154 0.000000 27.607484 0.000000 0.000000 1.000000 0.000000 1547822896120057106

0.995198 -0.097886 0.000000 315.906656 0.097886 0.995198 0.000000 27.824666 0.000000 0.000000 1.000000 0.000000 1547822896373645067

0.995356 -0.096259 0.000000 317.978176 0.096259 0.995356 0.000000 27.993852 0.000000 0.000000 1.000000 0.000000 1547822896625304937

0.995574 -0.093977 0.000000 320.096664 0.093977 0.995574 0.000000 28.130756 0.000000 0.000000 1.000000 0.000000 1547822896875010013

0.995802 -0.091529 0.000000 322.193037 0.091529 0.995802 0.000000 28.324170 0.000000 0.000000 1.000000 0.000000 1547822897122986078

0.996293 -0.086030 0.000000 324.253132 0.086030 0.996293 0.000000 28.526015 0.000000 0.000000 1.000000 0.000000 1547822897370330095

0.996990 -0.077524 0.000000 326.296180 0.077524 0.996990 0.000000 28.639029 0.000000 0.000000 1.000000 0.000000 1547822897617820024

0.997699 -0.067798 0.000000 328.418716 0.067798 0.997699 0.000000 28.774335 0.000000 0.000000 1.000000 0.000000 1547822897865134000

0.998376 -0.056968 0.000000 330.481355 0.056968 0.998376 0.000000 28.847101 0.000000 0.000000 1.000000 0.000000 1547822898112813949

0.998853 -0.047878 0.000000 332.530049 0.047878 0.998853 0.000000 28.976874 0.000000 0.000000 1.000000 0.000000 1547822898361967086

0.999297 -0.037492 0.000000 334.664997 0.037492 0.999297 0.000000 29.024468 0.000000 0.000000 1.000000 0.000000 1547822898612159013

0.999653 -0.026360 0.000000 336.784335 0.026360 0.999653 0.000000 29.037632 0.000000 0.000000 1.000000 0.000000 1547822898862492084

0.999844 -0.017646 0.000000 338.959842 0.017646 0.999844 0.000000 29.053873 0.000000 0.000000 1.000000 0.000000 1547822899113018035

0.999955 -0.009512 0.000000 341.071381 0.009512 0.999955 0.000000 29.120419 0.000000 0.000000 1.000000 0.000000 1547822899363096952

0.999989 -0.004744 0.000000 343.227960 0.004744 0.999989 0.000000 29.101314 0.000000 0.000000 1.000000 0.000000 1547822899612893104

0.999999 -0.001466 0.000000 345.387503 0.001466 0.999999 0.000000 29.070036 0.000000 0.000000 1.000000 0.000000 1547822899863046884

0.999995 0.003118 0.000000 347.573439 -0.003118 0.999995 -0.000000 29.038702 -0.000000 0.000000 1.000000 0.000000 1547822900112950086

0.999993 0.003868 0.000000 349.672069 -0.003868 0.999993 -0.000000 29.031285 -0.000000 0.000000 1.000000 0.000000 1547822900363497972

0.999996 0.002867 0.000000 351.876651 -0.002867 0.999996 -0.000000 28.988211 -0.000000 0.000000 1.000000 0.000000 1547822900615876913

0.999996 0.002987 0.000000 354.074549 -0.002987 0.999996 -0.000000 29.003785 -0.000000 0.000000 1.000000 0.000000 1547822900867937088

0.999998 0.002041 0.000000 356.239763 -0.002041 0.999998 -0.000000 28.999153 -0.000000 0.000000 1.000000 0.000000 1547822901118896007

1.000000 0.000649 0.000000 358.433717 -0.000649 1.000000 -0.000000 29.025183 -0.000000 0.000000 1.000000 0.000000 1547822901370397090

0.999999 -0.001329 0.000000 360.596161 0.001329 0.999999 0.000000 28.999763 0.000000 0.000000 1.000000 0.000000 1547822901621520996

0.999989 -0.004615 0.000000 362.860847 0.004615 0.999989 0.000000 28.979400 0.000000 0.000000 1.000000 0.000000 1547822901872881889

0.999970 -0.007685 0.000000 365.000998 0.007685 0.999970 0.000000 28.979577 0.000000 0.000000 1.000000 0.000000 1547822902124658107

0.999925 -0.012279 0.000000 367.215765 0.012279 0.999925 0.000000 29.029720 0.000000 0.000000 1.000000 0.000000 1547822902375703096

0.999829 -0.018507 0.000000 369.367638 0.018507 0.999829 0.000000 29.055390 0.000000 0.000000 1.000000 0.000000 1547822902626543045

0.999770 -0.021456 0.000000 371.596299 0.021456 0.999770 0.000000 29.110978 0.000000 0.000000 1.000000 0.000000 1547822902877640962

0.999673 -0.025554 0.000000 373.819405 0.025554 0.999673 0.000000 29.186597 0.000000 0.000000 1.000000 0.000000 1547822903128741979

0.999537 -0.030426 0.000000 375.983892 0.030426 0.999537 0.000000 29.238667 0.000000 0.000000 1.000000 0.000000 1547822903380836009

0.999384 -0.035083 0.000000 378.215903 0.035083 0.999384 0.000000 29.275737 0.000000 0.000000 1.000000 0.000000 1547822903634228944

0.999261 -0.038427 0.000000 380.433584 0.038427 0.999261 0.000000 29.368790 0.000000 0.000000 1.000000 0.000000 1547822903887650012

0.999091 -0.042630 0.000000 382.659691 0.042630 0.999091 0.000000 29.461892 0.000000 0.000000 1.000000 0.000000 1547822904139465093

0.998914 -0.046585 0.000000 384.781429 0.046585 0.998914 0.000000 29.557111 0.000000 0.000000 1.000000 0.000000 1547822904389372110

0.998878 -0.047355 0.000000 386.916424 0.047355 0.998878 0.000000 29.642554 0.000000 0.000000 1.000000 0.000000 1547822904637934923

0.998919 -0.046488 0.000000 389.086541 0.046488 0.998919 0.000000 29.768825 0.000000 0.000000 1.000000 0.000000 1547822904885339975

0.998913 -0.046605 0.000000 391.206723 0.046605 0.998913 0.000000 29.832532 0.000000 0.000000 1.000000 0.000000 1547822905132818937

0.998930 -0.046258 0.000000 393.324646 0.046258 0.998930 0.000000 29.943454 0.000000 0.000000 1.000000 0.000000 1547822905380229949

0.998905 -0.046794 0.000000 395.439410 0.046794 0.998905 0.000000 30.038984 0.000000 0.000000 1.000000 0.000000 1547822905627873897

0.998887 -0.047158 0.000000 397.579665 0.047158 0.998887 0.000000 30.103344 0.000000 0.000000 1.000000 0.000000 1547822905877249956

0.998864 -0.047657 0.000000 399.702311 0.047657 0.998864 0.000000 30.182379 0.000000 0.000000 1.000000 0.000000 1547822906127705097

0.998757 -0.049837 0.000000 401.852886 0.049837 0.998757 0.000000 30.270060 0.000000 0.000000 1.000000 0.000000 1547822906378076076

0.998615 -0.052612 0.000000 403.910124 0.052612 0.998615 0.000000 30.387179 0.000000 0.000000 1.000000 0.000000 1547822906628765106

0.998475 -0.055211 0.000000 405.957320 0.055211 0.998475 0.000000 30.479353 0.000000 0.000000 1.000000 0.000000 1547822906878978967

0.998425 -0.056097 0.000000 408.063629 0.056097 0.998425 0.000000 30.597730 0.000000 0.000000 1.000000 0.000000 1547822907129179954

0.998208 -0.059836 0.000000 410.046134 0.059836 0.998208 0.000000 30.699354 0.000000 0.000000 1.000000 0.000000 1547822907379250049

0.998150 -0.060806 0.000000 412.048034 0.060806 0.998150 0.000000 30.824822 0.000000 0.000000 1.000000 0.000000 1547822907628452062

0.998075 -0.062020 0.000000 414.067434 0.062020 0.998075 0.000000 30.898630 0.000000 0.000000 1.000000 0.000000 1547822907878273010

0.998031 -0.062730 0.000000 416.031946 0.062730 0.998031 0.000000 31.014902 0.000000 0.000000 1.000000 0.000000 1547822908129256010

0.997999 -0.063238 0.000000 417.957952 0.063238 0.997999 0.000000 31.145194 0.000000 0.000000 1.000000 0.000000 1547822908380901098

0.997995 -0.063298 0.000000 419.765788 0.063298 0.997995 0.000000 31.275590 0.000000 0.000000 1.000000 0.000000 1547822908632677078

0.998106 -0.061516 0.000000 421.562075 0.061516 0.998106 0.000000 31.339465 0.000000 0.000000 1.000000 0.000000 1547822908883766889

0.998176 -0.060368 0.000000 423.322998 0.060368 0.998176 0.000000 31.410990 0.000000 0.000000 1.000000 0.000000 1547822909134820938

0.998219 -0.059650 0.000000 424.957489 0.059650 0.998219 0.000000 31.508560 0.000000 0.000000 1.000000 0.000000 1547822909386235952

0.998183 -0.060261 0.000000 426.597570 0.060261 0.998183 0.000000 31.596624 0.000000 0.000000 1.000000 0.000000 1547822909637943983

0.998087 -0.061824 0.000000 428.158899 0.061824 0.998087 0.000000 31.662311 0.000000 0.000000 1.000000 0.000000 1547822909889357089

0.998002 -0.063189 0.000000 431.132402 0.063189 0.998002 0.000000 31.832381 0.000000 0.000000 1.000000 0.000000 1547822910392442941

0.998278 -0.058659 0.000000 433.807386 0.058659 0.998278 0.000000 32.001058 0.000000 0.000000 1.000000 0.000000 1547822910894752025

0.998888 -0.047138 0.000000 436.149632 0.047138 0.998888 0.000000 32.064547 0.000000 0.000000 1.000000 0.000000 1547822911400517940

0.999802 -0.019874 0.000000 438.216631 0.019874 0.999802 0.000000 32.076652 0.000000 0.000000 1.000000 0.000000 1547822911904269933

0.998783 0.049323 0.000000 440.108935 -0.049323 0.998783 -0.000000 31.913238 -0.000000 0.000000 1.000000 0.000000 1547822912400902986

0.989360 0.145487 0.000000 441.985515 -0.145487 0.989360 -0.000000 31.667797 -0.000000 0.000000 1.000000 0.000000 1547822912894455909

0.962985 0.269554 0.000000 443.773947 -0.269554 0.962985 -0.000000 31.178305 -0.000000 0.000000 1.000000 0.000000 1547822913390599966

0.913586 0.406647 0.000000 445.437444 -0.406647 0.913586 -0.000000 30.338420 -0.000000 0.000000 1.000000 0.000000 1547822913890427112

0.842579 0.538573 0.000000 446.847674 -0.538573 0.842579 -0.000000 29.304898 -0.000000 0.000000 1.000000 0.000000 1547822914390628099

0.759801 0.650155 0.000000 448.033258 -0.650155 0.759801 -0.000000 28.294050 -0.000000 0.000000 1.000000 0.000000 1547822914891356945

0.672255 0.740320 0.000000 448.723863 -0.740320 0.672255 -0.000000 27.307297 -0.000000 0.000000 1.000000 0.000000 1547822915396428108

0.602941 0.797785 0.000000 449.165995 -0.797785 0.602941 -0.000000 26.646071 -0.000000 0.000000 1.000000 0.000000 1547822915899204015

0.528205 0.849117 0.000000 449.432386 -0.849117 0.528205 -0.000000 26.109528 -0.000000 0.000000 1.000000 0.000000 1547822920140858888

0.451302 0.892371 0.000000 449.667997 -0.892371 0.451302 -0.000000 25.568594 -0.000000 0.000000 1.000000 0.000000 1547822921380513906

0.331340 0.943511 0.000000 449.833797 -0.943511 0.331340 -0.000000 24.789105 -0.000000 0.000000 1.000000 0.000000 1547822922129837036

0.192451 0.981307 0.000000 449.961594 -0.981307 0.192451 -0.000000 23.860652 -0.000000 0.000000 1.000000 0.000000 1547822922636847019

0.013503 0.999909 0.000000 449.923119 -0.999909 0.013503 -0.000000 22.686045 -0.000000 0.000000 1.000000 0.000000 1547822923141091108

-0.086236 0.996275 0.000000 449.784906 -0.996275 -0.086236 -0.000000 22.071640 -0.000000 0.000000 1.000000 0.000000 1547822923391150951

-0.189397 0.981901 0.000000 449.576555 -0.981901 -0.189397 -0.000000 21.348369 -0.000000 0.000000 1.000000 0.000000 1547822923638746023

-0.292160 0.956369 0.000000 449.248014 -0.956369 -0.292160 -0.000000 20.581783 -0.000000 0.000000 1.000000 0.000000 1547822923886077880

-0.391347 0.920243 0.000000 448.875719 -0.920243 -0.391347 -0.000000 19.843185 -0.000000 0.000000 1.000000 0.000000 1547822924134361982

-0.484875 0.874583 0.000000 448.342404 -0.874583 -0.484875 -0.000000 19.079501 -0.000000 0.000000 1.000000 0.000000 1547822924382791042

-0.569146 0.822237 0.000000 447.739131 -0.822237 -0.569146 0.000000 18.212776 0.000000 0.000000 1.000000 0.000000 1547822924632714033

-0.643378 0.765548 0.000000 447.003384 -0.765548 -0.643378 0.000000 17.439200 0.000000 0.000000 1.000000 0.000000 1547822924883678913

-0.757844 0.652435 0.000000 445.221463 -0.652435 -0.757844 0.000000 15.914837 0.000000 0.000000 1.000000 0.000000 1547822925384660005

-0.825524 0.564367 0.000000 443.035309 -0.564367 -0.825524 0.000000 14.397266 0.000000 0.000000 1.000000 0.000000 1547822925884640932

-0.858219 0.513284 0.000000 440.570244 -0.513284 -0.858219 0.000000 13.019097 0.000000 0.000000 1.000000 0.000000 1547822926383228063

-0.867999 0.496565 0.000000 439.189693 -0.496565 -0.867999 0.000000 12.352455 0.000000 0.000000 1.000000 0.000000 1547822926631304979

-0.874543 0.484948 0.000000 437.811523 -0.484948 -0.874543 0.000000 11.575627 0.000000 0.000000 1.000000 0.000000 1547822926879024982

-0.881293 0.472570 0.000000 436.357903 -0.472570 -0.881293 0.000000 10.870856 0.000000 0.000000 1.000000 0.000000 1547822927126401901

-0.885430 0.464774 0.000000 434.858793 -0.464774 -0.885430 0.000000 10.085522 0.000000 0.000000 1.000000 0.000000 1547822927374228000

-0.887965 0.459911 0.000000 433.270424 -0.459911 -0.887965 0.000000 9.300294 0.000000 0.000000 1.000000 0.000000 1547822927622955083

-0.889650 0.456642 0.000000 431.638778 -0.456642 -0.889650 0.000000 8.515942 0.000000 0.000000 1.000000 0.000000 1547822927872411012

-0.889672 0.456601 0.000000 429.999980 -0.456601 -0.889672 0.000000 7.676463 0.000000 0.000000 1.000000 0.000000 1547822928122450113

-0.889848 0.456258 0.000000 428.322971 -0.456258 -0.889848 0.000000 6.847067 0.000000 0.000000 1.000000 0.000000 1547822928372848033

-0.890441 0.455100 0.000000 426.613293 -0.455100 -0.890441 0.000000 5.982180 0.000000 0.000000 1.000000 0.000000 1547822928622687101

-0.890525 0.454934 0.000000 424.882868 -0.454934 -0.890525 0.000000 5.091230 0.000000 0.000000 1.000000 0.000000 1547822928871990919

-0.890855 0.454287 0.000000 423.139034 -0.454287 -0.890855 0.000000 4.165405 0.000000 0.000000 1.000000 0.000000 1547822929121845006

-0.891310 0.453394 0.000000 421.339723 -0.453394 -0.891310 0.000000 3.287373 0.000000 0.000000 1.000000 0.000000 1547822929372709035

-0.892444 0.451158 0.000000 419.569331 -0.451158 -0.892444 0.000000 2.391582 0.000000 0.000000 1.000000 0.000000 1547822929624322891

-0.893797 0.448472 0.000000 417.723522 -0.448472 -0.893797 0.000000 1.462923 0.000000 0.000000 1.000000 0.000000 1547822929876149892

-0.895553 0.444955 0.000000 415.944652 -0.444955 -0.895553 0.000000 0.574518 0.000000 0.000000 1.000000 0.000000 1547822930127707958

-0.897493 0.441029 0.000000 414.123663 -0.441029 -0.897493 0.000000 -0.284935 0.000000 0.000000 1.000000 0.000000 1547822930379117965

-0.899662 0.436587 0.000000 412.324735 -0.436587 -0.899662 0.000000 -1.172990 0.000000 0.000000 1.000000 0.000000 1547822930630795955

-0.901003 0.433813 0.000000 410.525106 -0.433813 -0.901003 0.000000 -2.027168 0.000000 0.000000 1.000000 0.000000 1547822930882379055

-0.902557 0.430570 0.000000 408.732273 -0.430570 -0.902557 0.000000 -2.873283 0.000000 0.000000 1.000000 0.000000 1547822931133639097

-0.903514 0.428558 0.000000 406.970140 -0.428558 -0.903514 0.000000 -3.679977 0.000000 0.000000 1.000000 0.000000 1547822931384704113

-0.903162 0.429299 0.000000 405.245015 -0.429299 -0.903162 0.000000 -4.530332 0.000000 0.000000 1.000000 0.000000 1547822931635634899

-0.902017 0.431700 0.000000 403.509530 -0.431700 -0.902017 0.000000 -5.327842 0.000000 0.000000 1.000000 0.000000 1547822931887367010

-0.900771 0.434294 0.000000 401.849178 -0.434294 -0.900771 0.000000 -6.159531 0.000000 0.000000 1.000000 0.000000 1547822932140341043

-0.899185 0.437569 0.000000 400.188063 -0.437569 -0.899185 0.000000 -6.937989 0.000000 0.000000 1.000000 0.000000 1547822932394613027

-0.898552 0.438867 0.000000 398.633891 -0.438867 -0.898552 0.000000 -7.711200 0.000000 0.000000 1.000000 0.000000 1547822932647653102

-0.898377 0.439225 0.000000 397.085483 -0.439225 -0.898377 0.000000 -8.435728 0.000000 0.000000 1.000000 0.000000 1547822932897793054

-0.898077 0.439838 0.000000 395.628925 -0.439838 -0.898077 0.000000 -9.155430 0.000000 0.000000 1.000000 0.000000 1547822933146375894

-0.898192 0.439603 0.000000 394.202996 -0.439603 -0.898192 0.000000 -9.825113 0.000000 0.000000 1.000000 0.000000 1547822933394315958

-0.898081 0.439829 0.000000 392.853083 -0.439829 -0.898081 0.000000 -10.506243 0.000000 0.000000 1.000000 0.000000 1547822933642034053

-0.898268 0.439449 0.000000 390.369533 -0.439449 -0.898268 0.000000 -11.731677 0.000000 0.000000 1.000000 0.000000 1547822934137541055

-0.899057 0.437833 0.000000 388.186928 -0.437833 -0.899057 0.000000 -12.809748 0.000000 0.000000 1.000000 0.000000 1547822934636388063

-0.899417 0.437091 0.000000 386.252414 -0.437091 -0.899417 0.000000 -13.709128 0.000000 0.000000 1.000000 0.000000 1547822935138009071

-0.900012 0.435865 0.000000 384.664364 -0.435865 -0.900012 0.000000 -14.493446 0.000000 0.000000 1.000000 0.000000 1547822935638547897

-0.901108 0.433595 0.000000 383.317214 -0.433595 -0.901108 0.000000 -15.167012 0.000000 0.000000 1.000000 0.000000 1547822936140564918

-0.902790 0.430082 0.000000 381.622062 -0.430082 -0.902790 0.000000 -15.944189 0.000000 0.000000 1.000000 0.000000 1547822936896809101

-0.904233 0.427039 0.000000 380.175771 -0.427039 -0.904233 0.000000 -16.629305 0.000000 0.000000 1.000000 0.000000 1547822937648777008

-0.906042 0.423188 0.000000 378.648080 -0.423188 -0.906042 0.000000 -17.341744 0.000000 0.000000 1.000000 0.000000 1547822938399029016

-0.907583 0.419874 0.000000 376.664786 -0.419874 -0.907583 0.000000 -18.232686 0.000000 0.000000 1.000000 0.000000 1547822939151839971

-0.908613 0.417639 0.000000 375.065471 -0.417639 -0.908613 0.000000 -18.952485 0.000000 0.000000 1.000000 0.000000 1547822939654676914

-0.909887 0.414857 0.000000 373.328238 -0.414857 -0.909887 0.000000 -19.768297 0.000000 0.000000 1.000000 0.000000 1547822940155755043

-0.910442 0.413636 0.000000 371.354628 -0.413636 -0.910442 0.000000 -20.641060 0.000000 0.000000 1.000000 0.000000 1547822940654603004

-0.911676 0.410909 0.000000 369.151104 -0.410909 -0.911676 0.000000 -21.622120 0.000000 0.000000 1.000000 0.000000 1547822941151015996

-0.912851 0.408292 0.000000 366.778647 -0.408292 -0.912851 0.000000 -22.704145 0.000000 0.000000 1.000000 0.000000 1547822941647975921

-0.913491 0.406858 0.000000 364.225279 -0.406858 -0.913491 0.000000 -23.796929 0.000000 0.000000 1.000000 0.000000 1547822942143868923

-0.915492 0.402335 0.000000 361.460540 -0.402335 -0.915492 0.000000 -24.975743 0.000000 0.000000 1.000000 0.000000 1547822942641495943

-0.915453 0.402425 0.000000 359.992502 -0.402425 -0.915453 0.000000 -25.611064 0.000000 0.000000 1.000000 0.000000 1547822942890099048

-0.916136 0.400867 0.000000 358.520147 -0.400867 -0.916136 0.000000 -26.263922 0.000000 0.000000 1.000000 0.000000 1547822943138329982

-0.917271 0.398263 0.000000 356.999649 -0.398263 -0.917271 0.000000 -26.942823 0.000000 0.000000 1.000000 0.000000 1547822943387073993

-0.917874 0.396872 0.000000 355.415764 -0.396872 -0.917874 0.000000 -27.639426 0.000000 0.000000 1.000000 0.000000 1547822943637025117

-0.918274 0.395946 0.000000 353.819093 -0.395946 -0.918274 0.000000 -28.283700 0.000000 0.000000 1.000000 0.000000 1547822943887016057

-0.919794 0.392401 0.000000 352.193903 -0.392401 -0.919794 0.000000 -28.970278 0.000000 0.000000 1.000000 0.000000 1547822944136934041

-0.921148 0.389212 0.000000 350.475396 -0.389212 -0.921148 0.000000 -29.669546 0.000000 0.000000 1.000000 0.000000 1547822944387067079

-0.923176 0.384377 0.000000 348.745289 -0.384377 -0.923176 0.000000 -30.367720 0.000000 0.000000 1.000000 0.000000 1547822944636764049

-0.925670 0.378332 0.000000 346.981617 -0.378332 -0.925670 0.000000 -31.118744 0.000000 0.000000 1.000000 0.000000 1547822944886759042

-0.928180 0.372133 0.000000 345.111088 -0.372133 -0.928180 0.000000 -31.767771 0.000000 0.000000 1.000000 0.000000 1547822945136341094

-0.931489 0.363770 0.000000 343.300617 -0.363770 -0.931489 0.000000 -32.501156 0.000000 0.000000 1.000000 0.000000 1547822945386122941

-0.933894 0.357551 0.000000 341.385873 -0.357551 -0.933894 0.000000 -33.194825 0.000000 0.000000 1.000000 0.000000 1547822945636317968

-0.936447 0.350809 0.000000 339.469465 -0.350809 -0.936447 0.000000 -33.892356 0.000000 0.000000 1.000000 0.000000 1547822945885796070

-0.939229 0.343291 0.000000 337.598609 -0.343291 -0.939229 0.000000 -34.589627 0.000000 0.000000 1.000000 0.000000 1547822946134804010

-0.941963 0.335715 0.000000 335.607566 -0.335715 -0.941963 0.000000 -35.266326 0.000000 0.000000 1.000000 0.000000 1547822946384221076

-0.944648 0.328086 0.000000 333.620459 -0.328086 -0.944648 0.000000 -35.992296 0.000000 0.000000 1.000000 0.000000 1547822946634918928

-0.947038 0.321121 0.000000 331.593515 -0.321121 -0.947038 0.000000 -36.651491 0.000000 0.000000 1.000000 0.000000 1547822946886717081

-0.948123 0.317903 0.000000 329.540221 -0.317903 -0.948123 0.000000 -37.348781 0.000000 0.000000 1.000000 0.000000 1547822947139091014

-0.947942 0.318443 0.000000 327.496795 -0.318443 -0.947942 0.000000 -38.021814 0.000000 0.000000 1.000000 0.000000 1547822947391045093

-0.947656 0.319293 0.000000 325.425087 -0.319293 -0.947656 0.000000 -38.682571 0.000000 0.000000 1.000000 0.000000 1547822947641761064

-0.948140 0.317852 0.000000 323.360427 -0.317852 -0.948140 0.000000 -39.365357 0.000000 0.000000 1.000000 0.000000 1547822947891877889

