0.988283 -0.152631 0.000000 6.637299 0.152631 0.988283 0.000000 0.674265 0.000000 0.000000 1.000000 0.000000
0.983614 -0.180288 0.000000 7.486808 0.180288 0.983614 0.000000 0.890710 0.000000 0.000000 1.000000 0.000000
0.977704 -0.209988 0.000000 8.344221 0.209988 0.977704 0.000000 1.101413 0.000000 0.000000 1.000000 0.000000
0.970944 -0.239307 0.000000 9.298895 0.239307 0.970944 0.000000 1.356385 0.000000 0.000000 1.000000 0.000000
0.963481 -0.267778 0.000000 10.216226 0.267778 0.963481 0.000000 1.674289 0.000000 0.000000 1.000000 0.000000
0.956676 -0.291155 0.000000 11.184090 0.291155 0.956676 0.000000 2.017777 0.000000 0.000000 1.000000 0.000000
0.950367 -0.311130 0.000000 12.217220 0.311130 0.950367 0.000000 2.365726 0.000000 0.000000 1.000000 0.000000
0.946273 -0.323370 0.000000 13.271328 0.323370 0.946273 0.000000 2.743772 0.000000 0.000000 1.000000 0.000000
0.944148 -0.329523 0.000000 14.341271 0.329523 0.944148 0.000000 3.121060 0.000000 0.000000 1.000000 0.000000
0.943173 -0.332303 0.000000 15.431401 0.332303 0.943173 0.000000 3.521516 0.000000 0.000000 1.000000 0.000000
0.943356 -0.331781 0.000000 16.573633 0.331781 0.943356 0.000000 3.963017 0.000000 0.000000 1.000000 0.000000
0.943344 -0.331817 0.000000 17.745915 0.331817 0.943344 0.000000 4.337388 0.000000 0.000000 1.000000 0.000000
0.943909 -0.330205 0.000000 18.960889 0.330205 0.943909 0.000000 4.762816 0.000000 0.000000 1.000000 0.000000
0.944065 -0.329761 0.000000 20.243503 0.329761 0.944065 0.000000 5.198792 0.000000 0.000000 1.000000 0.000000
0.944042 -0.329825 0.000000 21.505911 0.329825 0.944042 0.000000 5.645672 0.000000 0.000000 1.000000 0.000000
0.942997 -0.332802 0.000000 22.796104 0.332802 0.942997 0.000000 6.147474 0.000000 0.000000 1.000000 0.000000
0.941397 -0.337299 0.000000 24.133534 0.337299 0.941397 0.000000 6.658352 0.000000 0.000000 1.000000 0.000000
0.938961 -0.344023 0.000000 25.548609 0.344023 0.938961 0.000000 7.219032 0.000000 0.000000 1.000000 0.000000
0.936129 -0.351656 0.000000 26.915470 0.351656 0.936129 0.000000 7.704370 0.000000 0.000000 1.000000 0.000000
0.932859 -0.360241 0.000000 28.280909 0.360241 0.932859 0.000000 8.327688 0.000000 0.000000 1.000000 0.000000
0.927881 -0.372877 0.000000 29.753783 0.372877 0.927881 0.000000 8.873482 0.000000 0.000000 1.000000 0.000000
0.922549 -0.385880 0.000000 31.229595 0.385880 0.922549 0.000000 9.554900 0.000000 0.000000 1.000000 0.000000
0.915383 -0.402584 0.000000 32.685941 0.402584 0.915383 0.000000 10.270973 0.000000 0.000000 1.000000 0.000000
0.906235 -0.422773 0.000000 34.231278 0.422773 0.906235 0.000000 11.007817 0.000000 0.000000 1.000000 0.000000
0.894834 -0.446399 0.000000 35.734858 0.446399 0.894834 0.000000 11.810676 0.000000 0.000000 1.000000 0.000000
0.881343 -0.472477 0.000000 37.317534 0.472477 0.881343 0.000000 12.679062 0.000000 0.000000 1.000000 0.000000
0.866447 -0.499270 0.000000 38.874436 0.499270 0.866447 0.000000 13.629977 0.000000 0.000000 1.000000 0.000000
0.850347 -0.526222 0.000000 40.424634 0.526222 0.850347 0.000000 14.612012 0.000000 0.000000 1.000000 0.000000
0.833687 -0.552237 0.000000 41.937625 0.552237 0.833687 0.000000 15.676898 0.000000 0.000000 1.000000 0.000000
0.816762 -0.576975 0.000000 43.479448 0.576975 0.816762 0.000000 16.817249 0.000000 0.000000 1.000000 0.000000
0.800898 -0.598801 0.000000 45.089295 0.598801 0.800898 0.000000 18.016075 0.000000 0.000000 1.000000 0.000000
0.789758 -0.613419 0.000000 46.643160 0.613419 0.789758 0.000000 19.288575 0.000000 0.000000 1.000000 0.000000
0.780500 -0.625156 0.000000 48.113186 0.625156 0.780500 0.000000 20.494406 0.000000 0.000000 1.000000 0.000000
0.770784 -0.637096 0.000000 49.643229 0.637096 0.770784 0.000000 21.804540 0.000000 0.000000 1.000000 0.000000
0.763593 -0.645698 0.000000 51.203039 0.645698 0.763593 0.000000 23.162574 0.000000 0.000000 1.000000 0.000000
0.757252 -0.653123 0.000000 52.736628 0.653123 0.757252 0.000000 24.473435 0.000000 0.000000 1.000000 0.000000
0.753319 -0.657655 0.000000 54.293507 0.657655 0.753319 0.000000 25.870188 0.000000 0.000000 1.000000 0.000000
0.753535 -0.657408 0.000000 55.869629 0.657408 0.753535 0.000000 27.247951 0.000000 0.000000 1.000000 0.000000
0.755162 -0.655539 0.000000 57.406970 0.655539 0.755162 0.000000 28.628581 0.000000 0.000000 1.000000 0.000000
0.756905 -0.653525 0.000000 58.957529 0.653525 0.756905 0.000000 29.998321 0.000000 0.000000 1.000000 0.000000
0.759290 -0.650753 0.000000 60.535169 0.650753 0.759290 0.000000 31.336325 0.000000 0.000000 1.000000 0.000000
0.762441 -0.647058 0.000000 62.095694 0.647058 0.762441 0.000000 32.630942 0.000000 0.000000 1.000000 0.000000
0.768500 -0.639850 0.000000 63.622643 0.639850 0.768500 0.000000 33.934847 0.000000 0.000000 1.000000 0.000000
0.774451 -0.632634 0.000000 65.165930 0.632634 0.774451 0.000000 35.214707 0.000000 0.000000 1.000000 0.000000
0.781997 -0.623282 0.000000 66.734301 0.623282 0.781997 0.000000 36.471860 0.000000 0.000000 1.000000 0.000000
0.790621 -0.612306 0.000000 68.324663 0.612306 0.790621 0.000000 37.744924 0.000000 0.000000 1.000000 0.000000
0.798996 -0.601336 0.000000 69.904333 0.601336 0.798996 0.000000 38.990356 0.000000 0.000000 1.000000 0.000000
0.808187 -0.588926 0.000000 71.559533 0.588926 0.808187 0.000000 40.154388 0.000000 0.000000 1.000000 0.000000
0.816991 -0.576650 0.000000 73.234945 0.576650 0.816991 0.000000 41.317890 0.000000 0.000000 1.000000 0.000000
0.827351 -0.561685 0.000000 74.957867 0.561685 0.827351 0.000000 42.460097 0.000000 0.000000 1.000000 0.000000
0.838726 -0.544554 0.000000 76.618742 0.544554 0.838726 0.000000 43.582985 0.000000 0.000000 1.000000 0.000000
0.849998 -0.526786 0.000000 78.308578 0.526786 0.849998 0.000000 44.663180 0.000000 0.000000 1.000000 0.000000
0.861246 -0.508188 0.000000 80.072809 0.508188 0.861246 0.000000 45.699775 0.000000 0.000000 1.000000 0.000000
0.873019 -0.487686 0.000000 81.883166 0.487686 0.873019 0.000000 46.692591 0.000000 0.000000 1.000000 0.000000
0.884747 -0.466072 0.000000 83.676483 0.466072 0.884747 0.000000 47.643648 0.000000 0.000000 1.000000 0.000000
0.895703 -0.444652 0.000000 85.565925 0.444652 0.895703 0.000000 48.570193 0.000000 0.000000 1.000000 0.000000
0.905498 -0.424351 0.000000 87.422408 0.424351 0.905498 0.000000 49.461231 0.000000 0.000000 1.000000 0.000000
0.915670 -0.401930 0.000000 89.316532 0.401930 0.915670 0.000000 50.282557 0.000000 0.000000 1.000000 0.000000
0.925133 -0.379642 0.000000 91.198396 0.379642 0.925133 0.000000 51.086304 0.000000 0.000000 1.000000 0.000000
0.933807 -0.357778 0.000000 93.162426 0.357778 0.933807 0.000000 51.845326 0.000000 0.000000 1.000000 0.000000
0.942183 -0.335100 0.000000 95.132552 0.335100 0.942183 0.000000 52.562332 0.000000 0.000000 1.000000 0.000000
0.949312 -0.314335 0.000000 97.154980 0.314335 0.949312 0.000000 53.204978 0.000000 0.000000 1.000000 0.000000
0.955385 -0.295362 0.000000 99.154231 0.295362 0.955385 0.000000 53.827628 0.000000 0.000000 1.000000 0.000000
0.960419 -0.278559 0.000000 101.221977 0.278559 0.960419 0.000000 54.430514 0.000000 0.000000 1.000000 0.000000
0.965093 -0.261909 0.000000 103.274670 0.261909 0.965093 0.000000 55.030541 0.000000 0.000000 1.000000 0.000000
0.969624 -0.244602 0.000000 105.340949 0.244602 0.969624 0.000000 55.535615 0.000000 0.000000 1.000000 0.000000
0.973736 -0.227679 0.000000 107.430284 0.227679 0.973736 0.000000 56.051793 0.000000 0.000000 1.000000 0.000000
0.977750 -0.209773 0.000000 109.530731 0.209773 0.977750 0.000000 56.502249 0.000000 0.000000 1.000000 0.000000
0.981806 -0.189886 0.000000 111.606498 0.189886 0.981806 0.000000 56.930479 0.000000 0.000000 1.000000 0.000000
0.985193 -0.171449 0.000000 113.710268 0.171449 0.985193 0.000000 57.325130 0.000000 0.000000 1.000000 0.000000
0.988475 -0.151387 0.000000 115.838283 0.151387 0.988475 0.000000 57.656100 0.000000 0.000000 1.000000 0.000000
0.991216 -0.132253 0.000000 117.995754 0.132253 0.991216 0.000000 57.966707 0.000000 0.000000 1.000000 0.000000
0.993666 -0.112374 0.000000 120.194715 0.112374 0.993666 0.000000 58.240891 0.000000 0.000000 1.000000 0.000000
0.995655 -0.093119 0.000000 122.381389 0.093119 0.995655 0.000000 58.452867 0.000000 0.000000 1.000000 0.000000
0.997313 -0.073255 0.000000 124.582286 0.073255 0.997313 0.000000 58.602139 0.000000 0.000000 1.000000 0.000000
0.998579 -0.053290 0.000000 126.790331 0.053290 0.998579 0.000000 58.750532 0.000000 0.000000 1.000000 0.000000
0.999445 -0.033320 0.000000 129.023403 0.033320 0.999445 0.000000 58.823713 0.000000 0.000000 1.000000 0.000000
0.999914 -0.013104 0.000000 131.277924 0.013104 0.999914 0.000000 58.876499 0.000000 0.000000 1.000000 0.000000
0.999994 0.003576 0.000000 133.488133 -0.003576 0.999994 0.000000 58.856829 0.000000 0.000000 1.000000 0.000000
0.999772 0.021369 0.000000 135.761333 -0.021369 0.999772 0.000000 58.842491 0.000000 0.000000 1.000000 0.000000
0.999261 0.038439 0.000000 138.046636 -0.038439 0.999261 0.000000 58.752009 0.000000 0.000000 1.000000 0.000000
0.998510 0.054562 0.000000 140.392843 -0.054562 0.998510 0.000000 58.637745 0.000000 0.000000 1.000000 0.000000
0.997371 0.072471 0.000000 142.660875 -0.072471 0.997371 0.000000 58.504415 0.000000 0.000000 1.000000 0.000000
0.995898 0.090487 0.000000 144.970147 -0.090487 0.995898 0.000000 58.302815 0.000000 0.000000 1.000000 0.000000
0.994015 0.109246 0.000000 147.286784 -0.109246 0.994015 0.000000 58.068603 0.000000 0.000000 1.000000 0.000000
0.991646 0.128986 0.000000 149.628342 -0.128986 0.991646 0.000000 57.762256 0.000000 0.000000 1.000000 0.000000
0.988746 0.149604 0.000000 152.007412 -0.149604 0.988746 0.000000 57.423972 0.000000 0.000000 1.000000 0.000000
0.985541 0.169438 0.000000 154.405901 -0.169438 0.985541 0.000000 57.041808 0.000000 0.000000 1.000000 0.000000
0.982195 0.187867 0.000000 156.757156 -0.187867 0.982195 0.000000 56.588355 0.000000 0.000000 1.000000 0.000000
0.978760 0.205010 0.000000 159.158528 -0.205010 0.978760 0.000000 56.088690 0.000000 0.000000 1.000000 0.000000
0.974849 0.222866 0.000000 161.571289 -0.222866 0.974849 0.000000 55.566180 0.000000 0.000000 1.000000 0.000000
0.970717 0.240226 0.000000 163.933324 -0.240226 0.970717 0.000000 55.026603 0.000000 0.000000 1.000000 0.000000
0.966632 0.256168 0.000000 166.344920 -0.256168 0.966632 0.000000 54.373680 0.000000 0.000000 1.000000 0.000000
0.962011 0.273010 0.000000 168.768639 -0.273010 0.962011 0.000000 53.696976 0.000000 0.000000 1.000000 0.000000
0.957240 0.289294 0.000000 171.110362 -0.289294 0.957240 0.000000 53.005415 0.000000 0.000000 1.000000 0.000000
0.952887 0.303327 0.000000 173.476757 -0.303327 0.952887 0.000000 52.268324 0.000000 0.000000 1.000000 0.000000
0.948853 0.315718 0.000000 175.871380 -0.315718 0.948853 0.000000 51.500576 0.000000 0.000000 1.000000 0.000000
0.944246 0.329239 0.000000 178.236630 -0.329239 0.944246 0.000000 50.681892 0.000000 0.000000 1.000000 0.000000
0.939208 0.343350 0.000000 180.659482 -0.343350 0.939208 0.000000 49.797123 0.000000 0.000000 1.000000 0.000000
0.932749 0.360526 0.000000 183.068628 -0.360526 0.932749 0.000000 48.870145 0.000000 0.000000 1.000000 0.000000
0.925453 0.378864 0.000000 185.458187 -0.378864 0.925453 0.000000 47.923684 0.000000 0.000000 1.000000 0.000000
0.917660 0.397366 0.000000 187.802276 -0.397366 0.917660 0.000000 46.887918 0.000000 0.000000 1.000000 0.000000
0.908365 0.418178 0.000000 190.156523 -0.418178 0.908365 0.000000 45.860961 0.000000 0.000000 1.000000 0.000000
0.897714 0.440579 0.000000 192.434930 -0.440579 0.897714 0.000000 44.770192 0.000000 0.000000 1.000000 0.000000
0.884681 0.466196 0.000000 194.635644 -0.466196 0.884681 0.000000 43.609463 0.000000 0.000000 1.000000 0.000000
0.870827 0.491590 0.000000 196.787437 -0.491590 0.870827 0.000000 42.391156 0.000000 0.000000 1.000000 0.000000
0.856511 0.516128 0.000000 198.929864 -0.516128 0.856511 0.000000 41.127701 0.000000 0.000000 1.000000 0.000000
0.842524 0.538659 0.000000 201.038789 -0.538659 0.842524 0.000000 39.826143 0.000000 0.000000 1.000000 0.000000
0.827183 0.561932 0.000000 203.034951 -0.561932 0.827183 0.000000 38.399104 0.000000 0.000000 1.000000 0.000000
0.810526 0.585702 0.000000 205.058381 -0.585702 0.810526 0.000000 37.036216 0.000000 0.000000 1.000000 0.000000
0.792573 0.609777 0.000000 206.977505 -0.609777 0.792573 0.000000 35.557838 0.000000 0.000000 1.000000 0.000000
0.773645 0.633619 0.000000 208.889159 -0.633619 0.773645 0.000000 34.012177 0.000000 0.000000 1.000000 0.000000
0.754410 0.656403 0.000000 210.722111 -0.656403 0.754410 0.000000 32.448008 0.000000 0.000000 1.000000 0.000000
0.733979 0.679172 0.000000 212.479242 -0.679172 0.733979 0.000000 30.836513 0.000000 0.000000 1.000000 0.000000
0.713417 0.700740 0.000000 214.154330 -0.700740 0.713417 0.000000 29.161386 0.000000 0.000000 1.000000 0.000000
0.693601 0.720360 0.000000 215.790088 -0.720360 0.693601 0.000000 27.454094 0.000000 0.000000 1.000000 0.000000
0.675997 0.736904 0.000000 217.379965 -0.736904 0.675997 0.000000 25.795051 0.000000 0.000000 1.000000 0.000000
0.662092 0.749423 0.000000 218.919399 -0.749423 0.662092 0.000000 24.074180 0.000000 0.000000 1.000000 0.000000
0.652699 0.757617 0.000000 220.433123 -0.757617 0.652699 0.000000 22.258304 0.000000 0.000000 1.000000 0.000000
0.643682 0.765293 0.000000 221.995889 -0.765293 0.643682 0.000000 20.543332 0.000000 0.000000 1.000000 0.000000
0.634892 0.772601 0.000000 223.480742 -0.772601 0.634892 0.000000 18.780855 0.000000 0.000000 1.000000 0.000000
0.633236 0.773959 0.000000 224.881740 -0.773959 0.633236 0.000000 17.025675 0.000000 0.000000 1.000000 0.000000
0.634821 0.772659 0.000000 226.339083 -0.772659 0.634821 0.000000 15.261810 0.000000 0.000000 1.000000 0.000000
0.638458 0.769657 0.000000 227.825047 -0.769657 0.638458 0.000000 13.548787 0.000000 0.000000 1.000000 0.000000
0.644727 0.764413 0.000000 229.329685 -0.764413 0.644727 0.000000 11.859521 0.000000 0.000000 1.000000 0.000000
0.652185 0.758060 0.000000 230.786463 -0.758060 0.652185 0.000000 10.153829 0.000000 0.000000 1.000000 0.000000
0.663295 0.748358 0.000000 232.295233 -0.748358 0.663295 0.000000 8.494453 0.000000 0.000000 1.000000 0.000000
0.675774 0.737109 0.000000 233.831780 -0.737109 0.675774 0.000000 6.887981 0.000000 0.000000 1.000000 0.000000
0.690746 0.723098 0.000000 235.376397 -0.723098 0.690746 0.000000 5.320513 0.000000 0.000000 1.000000 0.000000
0.708911 0.705298 0.000000 236.947910 -0.705298 0.708911 0.000000 3.774487 0.000000 0.000000 1.000000 0.000000
0.728781 0.684747 0.000000 238.609835 -0.684747 0.728781 0.000000 2.218807 0.000000 0.000000 1.000000 0.000000
0.748274 0.663390 0.000000 240.298265 -0.663390 0.748274 0.000000 0.792912 0.000000 0.000000 1.000000 0.000000
0.770019 0.638021 0.000000 242.051578 -0.638021 0.770019 0.000000 -0.529286 0.000000 0.000000 1.000000 0.000000
0.793809 0.608167 0.000000 243.826379 -0.608167 0.793809 0.000000 -1.858670 0.000000 0.000000 1.000000 0.000000
0.820246 0.572010 0.000000 245.686824 -0.572010 0.820246 0.000000 -3.112067 0.000000 0.000000 1.000000 0.000000
0.845944 0.533272 0.000000 247.615239 -0.533272 0.845944 0.000000 -4.328233 0.000000 0.000000 1.000000 0.000000
0.870556 0.492070 0.000000 249.604150 -0.492070 0.870556 0.000000 -5.387636 0.000000 0.000000 1.000000 0.000000
0.893055 0.449948 0.000000 251.630450 -0.449948 0.893055 0.000000 -6.416816 0.000000 0.000000 1.000000 0.000000
0.914440 0.404721 0.000000 253.784628 -0.404721 0.914440 0.000000 -7.322838 0.000000 0.000000 1.000000 0.000000
0.933332 0.359015 0.000000 255.903794 -0.359015 0.933332 0.000000 -8.111999 0.000000 0.000000 1.000000 0.000000
0.948580 0.316539 0.000000 258.200814 -0.316539 0.948580 0.000000 -8.896328 0.000000 0.000000 1.000000 0.000000
0.958569 0.284860 0.000000 260.480590 -0.284860 0.958569 0.000000 -9.582266 0.000000 0.000000 1.000000 0.000000
0.965548 0.260226 0.000000 262.746241 -0.260226 0.965548 0.000000 -10.077009 0.000000 0.000000 1.000000 0.000000
0.971107 0.238646 0.000000 265.048377 -0.238646 0.971107 0.000000 -10.643758 0.000000 0.000000 1.000000 0.000000
0.975484 0.220071 0.000000 267.415677 -0.220071 0.975484 0.000000 -11.163084 0.000000 0.000000 1.000000 0.000000
0.978689 0.205350 0.000000 269.795817 -0.205350 0.978689 0.000000 -11.632014 0.000000 0.000000 1.000000 0.000000
0.981009 0.193962 0.000000 272.166184 -0.193962 0.981009 0.000000 -12.053291 0.000000 0.000000 1.000000 0.000000
0.982822 0.184554 0.000000 274.599299 -0.184554 0.982822 0.000000 -12.498827 0.000000 0.000000 1.000000 0.000000
0.984619 0.174714 0.000000 277.025888 -0.174714 0.984619 0.000000 -12.845316 0.000000 0.000000 1.000000 0.000000
0.986266 0.165164 0.000000 279.484067 -0.165164 0.986266 0.000000 -13.253087 0.000000 0.000000 1.000000 0.000000
0.987839 0.155481 0.000000 281.958625 -0.155481 0.987839 0.000000 -13.682893 0.000000 0.000000 1.000000 0.000000
0.989378 0.145364 0.000000 284.533874 -0.145364 0.989378 0.000000 -14.038887 0.000000 0.000000 1.000000 0.000000
0.990746 0.135732 0.000000 287.005440 -0.135732 0.990746 0.000000 -14.348769 0.000000 0.000000 1.000000 0.000000
0.991927 0.126812 0.000000 289.584740 -0.126812 0.991927 0.000000 -14.710598 0.000000 0.000000 1.000000 0.000000
0.992747 0.120219 0.000000 292.163270 -0.120219 0.992747 0.000000 -14.993231 0.000000 0.000000 1.000000 0.000000
0.993434 0.114410 0.000000 294.738447 -0.114410 0.993434 0.000000 -15.225018 0.000000 0.000000 1.000000 0.000000
0.994079 0.108664 0.000000 297.359194 -0.108664 0.994079 0.000000 -15.491242 0.000000 0.000000 1.000000 0.000000
0.994613 0.103660 0.000000 299.977251 -0.103660 0.994613 0.000000 -15.708587 0.000000 0.000000 1.000000 0.000000
0.995070 0.099173 0.000000 302.636756 -0.099173 0.995070 0.000000 -16.004036 0.000000 0.000000 1.000000 0.000000
0.995543 0.094313 0.000000 305.318211 -0.094313 0.995543 0.000000 -16.207167 0.000000 0.000000 1.000000 0.000000
0.995989 0.089478 0.000000 308.017815 -0.089478 0.995989 0.000000 -16.503416 0.000000 0.000000 1.000000 0.000000
0.996324 0.085660 0.000000 310.623520 -0.085660 0.996324 0.000000 -16.722580 0.000000 0.000000 1.000000 0.000000
0.996598 0.082413 0.000000 313.291933 -0.082413 0.996598 0.000000 -16.887639 0.000000 0.000000 1.000000 0.000000
0.997027 0.077047 0.000000 315.880241 -0.077047 0.997027 0.000000 -17.059163 0.000000 0.000000 1.000000 0.000000
0.997292 0.073537 0.000000 318.519451 -0.073537 0.997292 0.000000 -17.302515 0.000000 0.000000 1.000000 0.000000
0.997576 0.069580 0.000000 321.142347 -0.069580 0.997576 0.000000 -17.432814 0.000000 0.000000 1.000000 0.000000
0.997852 0.065508 0.000000 323.675921 -0.065508 0.997852 0.000000 -17.574470 0.000000 0.000000 1.000000 0.000000
0.998101 0.061596 0.000000 326.248459 -0.061596 0.998101 0.000000 -17.705007 0.000000 0.000000 1.000000 0.000000
0.998469 0.055306 0.000000 328.733932 -0.055306 0.998469 0.000000 -17.858338 0.000000 0.000000 1.000000 0.000000
0.998701 0.050960 0.000000 331.303391 -0.050960 0.998701 0.000000 -18.007410 0.000000 0.000000 1.000000 0.000000
0.998884 0.047239 0.000000 333.793264 -0.047239 0.998884 0.000000 -18.120987 0.000000 0.000000 1.000000 0.000000
0.998950 0.045820 0.000000 336.270916 -0.045820 0.998950 0.000000 -18.188121 0.000000 0.000000 1.000000 0.000000
0.998926 0.046327 0.000000 338.732447 -0.046327 0.998926 0.000000 -18.287199 0.000000 0.000000 1.000000 0.000000
0.998971 0.045360 0.000000 341.216322 -0.045360 0.998971 0.000000 -18.372500 0.000000 0.000000 1.000000 0.000000
0.998737 0.050248 0.000000 343.720750 -0.050248 0.998737 0.000000 -18.478106 0.000000 0.000000 1.000000 0.000000
0.998398 0.056576 0.000000 346.136911 -0.056576 0.998398 0.000000 -18.594235 0.000000 0.000000 1.000000 0.000000
0.997659 0.068384 0.000000 348.588750 -0.068384 0.997659 0.000000 -18.811677 0.000000 0.000000 1.000000 0.000000
0.997007 0.077316 0.000000 351.047312 -0.077316 0.997007 0.000000 -18.970818 0.000000 0.000000 1.000000 0.000000
0.996210 0.086985 0.000000 353.477324 -0.086985 0.996210 0.000000 -19.134724 0.000000 0.000000 1.000000 0.000000
0.996088 0.088369 0.000000 355.949074 -0.088369 0.996088 0.000000 -19.260406 0.000000 0.000000 1.000000 0.000000
0.996074 0.088528 0.000000 358.462621 -0.088528 0.996074 0.000000 -19.567319 0.000000 0.000000 1.000000 0.000000
0.995937 0.090048 0.000000 360.908176 -0.090048 0.995937 0.000000 -19.755078 0.000000 0.000000 1.000000 0.000000
0.996101 0.088222 0.000000 363.373628 -0.088222 0.996101 0.000000 -19.951760 0.000000 0.000000 1.000000 0.000000
0.996355 0.085308 0.000000 365.866432 -0.085308 0.996355 0.000000 -20.218901 0.000000 0.000000 1.000000 0.000000
0.996655 0.081719 0.000000 368.313877 -0.081719 0.996655 0.000000 -20.378377 0.000000 0.000000 1.000000 0.000000
0.996809 0.079824 0.000000 370.750641 -0.079824 0.996809 0.000000 -20.570916 0.000000 0.000000 1.000000 0.000000
0.996779 0.080197 0.000000 373.211305 -0.080197 0.996779 0.000000 -20.769745 0.000000 0.000000 1.000000 0.000000
0.996704 0.081123 0.000000 375.595088 -0.081123 0.996704 0.000000 -20.952051 0.000000 0.000000 1.000000 0.000000
0.996576 0.082682 0.000000 377.996197 -0.082682 0.996576 0.000000 -21.114732 0.000000 0.000000 1.000000 0.000000
0.996672 0.081519 0.000000 380.339272 -0.081519 0.996672 0.000000 -21.288790 0.000000 0.000000 1.000000 0.000000
0.996710 0.081048 0.000000 382.693201 -0.081048 0.996710 0.000000 -21.424285 0.000000 0.000000 1.000000 0.000000
0.996706 0.081103 0.000000 384.931102 -0.081103 0.996706 0.000000 -21.598145 0.000000 0.000000 1.000000 0.000000
0.997004 0.077345 0.000000 387.212723 -0.077345 0.997004 0.000000 -21.754670 0.000000 0.000000 1.000000 0.000000
0.997123 0.075796 0.000000 389.362394 -0.075796 0.997123 0.000000 -21.942970 0.000000 0.000000 1.000000 0.000000
0.997087 0.076266 0.000000 391.404653 -0.076266 0.997087 0.000000 -22.094208 0.000000 0.000000 1.000000 0.000000
0.997216 0.074573 0.000000 393.430959 -0.074573 0.997216 0.000000 -22.181176 0.000000 0.000000 1.000000 0.000000
0.997322 0.073137 0.000000 395.353174 -0.073137 0.997322 0.000000 -22.383531 0.000000 0.000000 1.000000 0.000000
0.997398 0.072088 0.000000 397.232642 -0.072088 0.997398 0.000000 -22.489844 0.000000 0.000000 1.000000 0.000000
0.997442 0.071476 0.000000 399.118968 -0.071476 0.997442 0.000000 -22.624067 0.000000 0.000000 1.000000 0.000000
0.997275 0.073780 0.000000 400.810074 -0.073780 0.997275 0.000000 -22.783115 0.000000 0.000000 1.000000 0.000000
0.997132 0.075676 0.000000 402.480316 -0.075676 0.997132 0.000000 -22.871465 0.000000 0.000000 1.000000 0.000000
0.996577 0.082665 0.000000 404.111398 -0.082665 0.996577 0.000000 -22.953386 0.000000 0.000000 1.000000 0.000000
0.995321 0.096622 0.000000 405.633881 -0.096622 0.995321 0.000000 -23.036560 0.000000 0.000000 1.000000 0.000000
0.991563 0.129624 0.000000 407.050256 -0.129624 0.991563 0.000000 -23.303151 0.000000 0.000000 1.000000 0.000000
0.984110 0.177558 0.000000 408.328847 -0.177558 0.984110 0.000000 -23.621753 0.000000 0.000000 1.000000 0.000000
0.974285 0.225321 0.000000 409.550774 -0.225321 0.974285 0.000000 -23.901973 0.000000 0.000000 1.000000 0.000000
0.957894 0.287123 0.000000 410.691722 -0.287123 0.957894 0.000000 -24.268577 0.000000 0.000000 1.000000 0.000000
0.936412 0.350904 0.000000 411.787111 -0.350904 0.936412 0.000000 -24.743727 0.000000 0.000000 1.000000 0.000000
0.906436 0.422344 0.000000 412.839578 -0.422344 0.906436 0.000000 -25.265215 0.000000 0.000000 1.000000 0.000000
0.869147 0.494553 0.000000 413.722054 -0.494553 0.869147 0.000000 -25.875564 0.000000 0.000000 1.000000 0.000000
0.823382 0.567487 0.000000 414.609410 -0.567487 0.823382 0.000000 -26.583014 0.000000 0.000000 1.000000 0.000000
0.769217 0.638988 0.000000 415.387053 -0.638988 0.769217 0.000000 -27.336820 0.000000 0.000000 1.000000 0.000000
0.712169 0.702008 0.000000 416.052111 -0.702008 0.712169 0.000000 -28.157653 0.000000 0.000000 1.000000 0.000000
0.653942 0.756544 0.000000 416.753253 -0.756544 0.653942 0.000000 -29.045962 0.000000 0.000000 1.000000 0.000000
0.593711 0.804678 0.000000 417.325323 -0.804678 0.593711 0.000000 -29.971761 0.000000 0.000000 1.000000 0.000000
0.535552 0.844502 0.000000 417.860345 -0.844502 0.535552 0.000000 -30.978134 0.000000 0.000000 1.000000 0.000000
0.480016 0.877259 0.000000 418.411343 -0.877259 0.480016 0.000000 -31.983683 0.000000 0.000000 1.000000 0.000000
0.427299 0.904110 0.000000 418.911337 -0.904110 0.427299 0.000000 -33.022712 0.000000 0.000000 1.000000 0.000000
0.374536 0.927212 0.000000 419.334112 -0.927212 0.374536 0.000000 -34.210171 0.000000 0.000000 1.000000 0.000000
0.333217 0.942850 0.000000 419.692294 -0.942850 0.333217 0.000000 -35.304949 0.000000 0.000000 1.000000 0.000000
0.290318 0.956930 0.000000 420.043104 -0.956930 0.290318 0.000000 -36.562613 0.000000 0.000000 1.000000 0.000000
0.245809 0.969318 0.000000 420.386278 -0.969318 0.245809 0.000000 -37.859095 0.000000 0.000000 1.000000 0.000000
0.201747 0.979438 0.000000 420.646041 -0.979438 0.201747 0.000000 -39.178990 0.000000 0.000000 1.000000 0.000000
0.155441 0.987845 0.000000 420.818267 -0.987845 0.155441 0.000000 -40.607916 0.000000 0.000000 1.000000 0.000000
0.104485 0.994526 0.000000 420.950069 -0.994526 0.104485 0.000000 -42.045704 0.000000 0.000000 1.000000 0.000000
0.055641 0.998451 0.000000 420.992491 -0.998451 0.055641 0.000000 -43.528001 0.000000 0.000000 1.000000 0.000000
0.014069 0.999901 0.000000 420.983395 -0.999901 0.014069 0.000000 -45.098686 0.000000 0.000000 1.000000 0.000000
-0.018689 0.999825 0.000000 420.920231 -0.999825 -0.018689 0.000000 -46.722589 0.000000 0.000000 1.000000 0.000000
-0.047423 0.998875 0.000000 420.892788 -0.998875 -0.047423 0.000000 -48.404451 0.000000 0.000000 1.000000 0.000000
-0.074064 0.997254 0.000000 420.728101 -0.997254 -0.074064 0.000000 -50.137340 0.000000 0.000000 1.000000 0.000000
-0.093143 0.995653 0.000000 420.553485 -0.995653 -0.093143 0.000000 -51.907144 0.000000 0.000000 1.000000 0.000000
-0.107349 0.994221 0.000000 420.334517 -0.994221 -0.107349 0.000000 -53.690383 0.000000 0.000000 1.000000 0.000000
-0.117490 0.993074 0.000000 420.149099 -0.993074 -0.117490 0.000000 -55.583372 0.000000 0.000000 1.000000 0.000000
-0.121245 0.992623 0.000000 419.877503 -0.992623 -0.121245 0.000000 -57.568940 0.000000 0.000000 1.000000 0.000000
-0.119687 0.992812 0.000000 419.647607 -0.992812 -0.119687 0.000000 -59.516593 0.000000 0.000000 1.000000 0.000000
-0.120721 0.992687 0.000000 419.421599 -0.992687 -0.120721 0.000000 -61.580510 0.000000 0.000000 1.000000 0.000000
-0.119934 0.992782 0.000000 419.202354 -0.992782 -0.119934 0.000000 -63.724873 0.000000 0.000000 1.000000 0.000000
-0.120007 0.992773 0.000000 418.947458 -0.992773 -0.120007 0.000000 -65.877366 0.000000 0.000000 1.000000 0.000000
-0.117360 0.993089 0.000000 418.712222 -0.993089 -0.117360 0.000000 -68.058064 0.000000 0.000000 1.000000 0.000000
-0.116058 0.993242 0.000000 418.450808 -0.993242 -0.116058 0.000000 -70.318327 0.000000 0.000000 1.000000 0.000000
-0.117797 0.993038 0.000000 418.182925 -0.993038 -0.117797 0.000000 -72.660493 0.000000 0.000000 1.000000 0.000000
-0.119939 0.992781 0.000000 417.903556 -0.992781 -0.119939 0.000000 -74.970272 0.000000 0.000000 1.000000 0.000000
-0.123047 0.992401 0.000000 417.653096 -0.992401 -0.123047 0.000000 -77.372409 0.000000 0.000000 1.000000 0.000000
-0.124225 0.992254 0.000000 417.324830 -0.992254 -0.124225 0.000000 -79.700536 0.000000 0.000000 1.000000 0.000000
-0.123559 0.992337 0.000000 417.038380 -0.992337 -0.123559 0.000000 -82.094390 0.000000 0.000000 1.000000 0.000000
-0.121695 0.992567 0.000000 416.786728 -0.992567 -0.121695 0.000000 -84.479554 0.000000 0.000000 1.000000 0.000000
-0.118832 0.992914 0.000000 416.503205 -0.992914 -0.118832 0.000000 -86.898444 0.000000 0.000000 1.000000 0.000000
-0.118301 0.992978 0.000000 416.193523 -0.992978 -0.118301 0.000000 -89.394597 0.000000 0.000000 1.000000 0.000000
-0.117625 0.993058 0.000000 415.958438 -0.993058 -0.117625 0.000000 -91.838375 0.000000 0.000000 1.000000 0.000000
-0.117285 0.993098 0.000000 415.632641 -0.993098 -0.117285 0.000000 -94.395609 0.000000 0.000000 1.000000 0.000000
-0.116781 0.993158 0.000000 415.349351 -0.993158 -0.116781 0.000000 -96.941121 0.000000 0.000000 1.000000 0.000000
-0.117187 0.993110 0.000000 415.062804 -0.993110 -0.117187 0.000000 -99.556055 0.000000 0.000000 1.000000 0.000000
-0.119104 0.992882 0.000000 414.752096 -0.992882 -0.119104 0.000000 -102.164528 0.000000 0.000000 1.000000 0.000000
-0.121764 0.992559 0.000000 414.433353 -0.992559 -0.121764 0.000000 -104.799610 0.000000 0.000000 1.000000 0.000000
-0.125223 0.992129 0.000000 414.111107 -0.992129 -0.125223 0.000000 -107.502277 0.000000 0.000000 1.000000 0.000000
-0.128815 0.991669 0.000000 413.782020 -0.991669 -0.128815 0.000000 -110.177620 0.000000 0.000000 1.000000 0.000000
-0.133996 0.990982 0.000000 413.376921 -0.990982 -0.133996 0.000000 -112.912230 0.000000 0.000000 1.000000 0.000000
-0.139139 0.990273 0.000000 413.030117 -0.990273 -0.139139 0.000000 -115.688703 0.000000 0.000000 1.000000 0.000000
-0.145425 0.989369 0.000000 412.639676 -0.989369 -0.145425 0.000000 -118.455635 0.000000 0.000000 1.000000 0.000000
-0.150902 0.988549 0.000000 412.191917 -0.988549 -0.150902 0.000000 -121.275860 0.000000 0.000000 1.000000 0.000000
-0.159933 0.987128 0.000000 411.745862 -0.987128 -0.159933 0.000000 -124.104004 0.000000 0.000000 1.000000 0.000000
-0.171230 0.985231 0.000000 411.240969 -0.985231 -0.171230 0.000000 -126.972671 0.000000 0.000000 1.000000 0.000000
-0.182321 0.983239 0.000000 410.712732 -0.983239 -0.182321 0.000000 -129.879620 0.000000 0.000000 1.000000 0.000000
-0.193616 0.981077 0.000000 410.201923 -0.981077 -0.193616 0.000000 -132.736631 0.000000 0.000000 1.000000 0.000000
-0.205359 0.978687 0.000000 409.561228 -0.978687 -0.205359 0.000000 -135.648052 0.000000 0.000000 1.000000 0.000000
-0.216380 0.976309 0.000000 408.977552 -0.976309 -0.216380 0.000000 -138.592151 0.000000 0.000000 1.000000 0.000000
-0.227737 0.973723 0.000000 408.333214 -0.973723 -0.227737 0.000000 -141.564634 0.000000 0.000000 1.000000 0.000000
-0.241284 0.970455 0.000000 407.597478 -0.970455 -0.241284 0.000000 -144.544472 0.000000 0.000000 1.000000 0.000000
-0.254074 0.967185 0.000000 406.820474 -0.967185 -0.254074 0.000000 -147.478461 0.000000 0.000000 1.000000 0.000000
-0.269414 0.963024 0.000000 406.029322 -0.963024 -0.269414 0.000000 -150.436290 0.000000 0.000000 1.000000 0.000000
-0.287188 0.957874 0.000000 405.188681 -0.957874 -0.287188 0.000000 -153.436804 0.000000 0.000000 1.000000 0.000000
-0.307446 0.951565 0.000000 404.246577 -0.951565 -0.307446 0.000000 -156.337896 0.000000 0.000000 1.000000 0.000000
-0.327221 0.944948 0.000000 403.266812 -0.944948 -0.327221 0.000000 -159.337303 0.000000 0.000000 1.000000 0.000000
-0.343631 0.939105 0.000000 402.274382 -0.939105 -0.343631 0.000000 -162.351641 0.000000 0.000000 1.000000 0.000000
-0.358449 0.933549 0.000000 401.167947 -0.933549 -0.358449 0.000000 -165.322113 0.000000 0.000000 1.000000 0.000000
-0.372727 0.927941 0.000000 399.992311 -0.927941 -0.372727 0.000000 -168.313931 0.000000 0.000000 1.000000 0.000000
-0.384482 0.923132 0.000000 398.811280 -0.923132 -0.384482 0.000000 -171.332283 0.000000 0.000000 1.000000 0.000000
-0.395730 0.918367 0.000000 397.553333 -0.918367 -0.395730 0.000000 -174.282507 0.000000 0.000000 1.000000 0.000000
-0.406597 0.913608 0.000000 396.274683 -0.913608 -0.406597 0.000000 -177.173910 0.000000 0.000000 1.000000 0.000000
-0.418081 0.908410 0.000000 394.988639 -0.908410 -0.418081 0.000000 -180.187337 0.000000 0.000000 1.000000 0.000000
-0.429840 0.902905 0.000000 393.628527 -0.902905 -0.429840 0.000000 -183.151560 0.000000 0.000000 1.000000 0.000000
-0.440924 0.897545 0.000000 392.208989 -0.897545 -0.440924 0.000000 -186.070764 0.000000 0.000000 1.000000 0.000000
-0.452249 0.891892 0.000000 390.739641 -0.891892 -0.452249 0.000000 -188.954438 0.000000 0.000000 1.000000 0.000000
-0.463715 0.885984 0.000000 389.198172 -0.885984 -0.463715 0.000000 -191.861346 0.000000 0.000000 1.000000 0.000000
-0.475427 0.879755 0.000000 387.665191 -0.879755 -0.475427 0.000000 -194.791622 0.000000 0.000000 1.000000 0.000000
-0.487163 0.873311 0.000000 386.086796 -0.873311 -0.487163 0.000000 -197.704966 0.000000 0.000000 1.000000 0.000000
-0.499940 0.866060 0.000000 384.473341 -0.866060 -0.499940 0.000000 -200.613169 0.000000 0.000000 1.000000 0.000000
-0.507942 0.861391 0.000000 382.793255 -0.861391 -0.507942 0.000000 -203.418310 0.000000 0.000000 1.000000 0.000000
-0.511939 0.859022 0.000000 381.092962 -0.859022 -0.511939 0.000000 -206.206935 0.000000 0.000000 1.000000 0.000000
-0.510695 0.859762 0.000000 379.498624 -0.859762 -0.510695 0.000000 -209.063737 0.000000 0.000000 1.000000 0.000000
-0.509113 0.860699 0.000000 377.841949 -0.860699 -0.509113 0.000000 -211.834857 0.000000 0.000000 1.000000 0.000000
-0.507823 0.861461 0.000000 376.241018 -0.861461 -0.507823 0.000000 -214.601902 0.000000 0.000000 1.000000 0.000000
-0.506292 0.862362 0.000000 374.672602 -0.862362 -0.506292 0.000000 -217.359280 0.000000 0.000000 1.000000 0.000000
-0.505676 0.862724 0.000000 373.146840 -0.862724 -0.505676 0.000000 -220.107076 0.000000 0.000000 1.000000 0.000000
-0.503937 0.863740 0.000000 371.420114 -0.863740 -0.503937 0.000000 -222.787995 0.000000 0.000000 1.000000 0.000000
-0.505481 0.862837 0.000000 369.941560 -0.862837 -0.505481 0.000000 -225.521754 0.000000 0.000000 1.000000 0.000000
-0.504907 0.863174 0.000000 368.288308 -0.863174 -0.504907 0.000000 -228.246087 0.000000 0.000000 1.000000 0.000000
-0.506023 0.862520 0.000000 366.738456 -0.862520 -0.506023 0.000000 -230.933238 0.000000 0.000000 1.000000 0.000000
-0.506498 0.862241 0.000000 365.196582 -0.862241 -0.506498 0.000000 -233.668260 0.000000 0.000000 1.000000 0.000000
-0.508429 0.861104 0.000000 363.583555 -0.861104 -0.508429 0.000000 -236.352827 0.000000 0.000000 1.000000 0.000000
-0.510083 0.860125 0.000000 362.042333 -0.860125 -0.510083 0.000000 -239.014585 0.000000 0.000000 1.000000 0.000000
-0.511816 0.859095 0.000000 360.482621 -0.859095 -0.511816 0.000000 -241.642656 0.000000 0.000000 1.000000 0.000000
-0.514119 0.857719 0.000000 358.936397 -0.857719 -0.514119 0.000000 -244.223450 0.000000 0.000000 1.000000 0.000000
-0.516509 0.856282 0.000000 357.383475 -0.856282 -0.516509 0.000000 -246.828115 0.000000 0.000000 1.000000 0.000000
-0.519364 0.854553 0.000000 355.800558 -0.854553 -0.519364 0.000000 -249.412326 0.000000 0.000000 1.000000 0.000000
-0.522315 0.852753 0.000000 354.205971 -0.852753 -0.522315 0.000000 -251.968857 0.000000 0.000000 1.000000 0.000000
-0.525391 0.850861 0.000000 352.637969 -0.850861 -0.525391 0.000000 -254.576946 0.000000 0.000000 1.000000 0.000000
-0.529830 0.848104 0.000000 351.038809 -0.848104 -0.529830 0.000000 -257.173378 0.000000 0.000000 1.000000 0.000000
-0.533396 0.845865 0.000000 349.464361 -0.845865 -0.533396 0.000000 -259.732594 0.000000 0.000000 1.000000 0.000000
-0.537716 0.843126 0.000000 347.921783 -0.843126 -0.537716 0.000000 -262.247489 0.000000 0.000000 1.000000 0.000000
-0.543603 0.839343 0.000000 346.276665 -0.839343 -0.543603 0.000000 -264.738503 0.000000 0.000000 1.000000 0.000000
-0.550357 0.834930 0.000000 344.667347 -0.834930 -0.550357 0.000000 -267.282169 0.000000 0.000000 1.000000 0.000000
-0.556430 0.830895 0.000000 343.019713 -0.830895 -0.556430 0.000000 -269.789420 0.000000 0.000000 1.000000 0.000000
-0.562673 0.826679 0.000000 341.324822 -0.826679 -0.562673 0.000000 -272.249344 0.000000 0.000000 1.000000 0.000000
-0.569916 0.821703 0.000000 339.645722 -0.821703 -0.569916 0.000000 -274.745166 0.000000 0.000000 1.000000 0.000000
-0.579130 0.815235 0.000000 337.862581 -0.815235 -0.579130 0.000000 -277.170648 0.000000 0.000000 1.000000 0.000000
-0.588067 0.808812 0.000000 336.129122 -0.808812 -0.588067 0.000000 -279.601933 0.000000 0.000000 1.000000 0.000000
-0.595540 0.803325 0.000000 334.342074 -0.803325 -0.595540 0.000000 -281.984684 0.000000 0.000000 1.000000 0.000000
-0.603524 0.797345 0.000000 332.563902 -0.797345 -0.603524 0.000000 -284.371409 0.000000 0.000000 1.000000 0.000000
-0.611137 0.791525 0.000000 330.744756 -0.791525 -0.611137 0.000000 -286.808559 0.000000 0.000000 1.000000 0.000000
-0.619449 0.785037 0.000000 328.910812 -0.785037 -0.619449 0.000000 -289.262607 0.000000 0.000000 1.000000 0.000000
-0.626836 0.779151 0.000000 327.035715 -0.779151 -0.626836 0.000000 -291.514184 0.000000 0.000000 1.000000 0.000000
-0.633752 0.773536 0.000000 325.165465 -0.773536 -0.633752 0.000000 -293.889619 0.000000 0.000000 1.000000 0.000000
-0.640278 0.768143 0.000000 323.295294 -0.768143 -0.640278 0.000000 -296.280496 0.000000 0.000000 1.000000 0.000000
-0.644054 0.764980 0.000000 321.375888 -0.764980 -0.644054 0.000000 -298.510225 0.000000 0.000000 1.000000 0.000000
-0.646485 0.762926 0.000000 319.441853 -0.762926 -0.646485 0.000000 -300.874788 0.000000 0.000000 1.000000 0.000000
-0.649652 0.760232 0.000000 317.545041 -0.760232 -0.649652 0.000000 -303.173293 0.000000 0.000000 1.000000 0.000000
-0.651823 0.758372 0.000000 315.596283 -0.758372 -0.651823 0.000000 -305.427539 0.000000 0.000000 1.000000 0.000000
-0.653941 0.756546 0.000000 313.588830 -0.756546 -0.653941 0.000000 -307.712441 0.000000 0.000000 1.000000 0.000000
-0.657037 0.753859 0.000000 311.656100 -0.753859 -0.657037 0.000000 -310.034862 0.000000 0.000000 1.000000 0.000000
-0.659639 0.751583 0.000000 309.713216 -0.751583 -0.659639 0.000000 -312.311791 0.000000 0.000000 1.000000 0.000000
-0.662533 0.749032 0.000000 307.729436 -0.749032 -0.662533 0.000000 -314.607217 0.000000 0.000000 1.000000 0.000000
-0.665337 0.746543 0.000000 305.757345 -0.746543 -0.665337 0.000000 -316.855706 0.000000 0.000000 1.000000 0.000000
-0.664926 0.746909 0.000000 303.807264 -0.746909 -0.664926 0.000000 -319.106492 0.000000 0.000000 1.000000 0.000000
-0.661666 0.749799 0.000000 301.836012 -0.749799 -0.661666 0.000000 -321.421826 0.000000 0.000000 1.000000 0.000000
-0.657558 0.753404 0.000000 299.848633 -0.753404 -0.657558 0.000000 -323.713647 0.000000 0.000000 1.000000 0.000000
-0.651484 0.758662 0.000000 297.855769 -0.758662 -0.651484 0.000000 -326.031202 0.000000 0.000000 1.000000 0.000000
-0.645559 0.763710 0.000000 295.918363 -0.763710 -0.645559 0.000000 -328.413913 0.000000 0.000000 1.000000 0.000000
-0.634716 0.772746 0.000000 293.990290 -0.772746 -0.634716 0.000000 -330.799553 0.000000 0.000000 1.000000 0.000000
-0.624658 0.780898 0.000000 291.974125 -0.780898 -0.624658 0.000000 -333.183597 0.000000 0.000000 1.000000 0.000000
-0.614296 0.789076 0.000000 290.143769 -0.789076 -0.614296 0.000000 -335.675578 0.000000 0.000000 1.000000 0.000000
-0.604340 0.796727 0.000000 288.301324 -0.796727 -0.604340 0.000000 -338.195585 0.000000 0.000000 1.000000 0.000000
-0.593904 0.804536 0.000000 286.448997 -0.804536 -0.593904 0.000000 -340.749848 0.000000 0.000000 1.000000 0.000000
-0.583215 0.812318 0.000000 284.632416 -0.812318 -0.583215 0.000000 -343.273353 0.000000 0.000000 1.000000 0.000000
-0.571976 0.820270 0.000000 282.726251 -0.820270 -0.571976 0.000000 -345.851518 0.000000 0.000000 1.000000 0.000000
-0.562846 0.826562 0.000000 280.995117 -0.826562 -0.562846 0.000000 -348.538334 0.000000 0.000000 1.000000 0.000000
-0.551480 0.834188 0.000000 279.252274 -0.834188 -0.551480 0.000000 -351.126215 0.000000 0.000000 1.000000 0.000000
-0.542965 0.839755 0.000000 277.508357 -0.839755 -0.542965 0.000000 -353.885375 0.000000 0.000000 1.000000 0.000000
-0.536396 0.843967 0.000000 275.858414 -0.843967 -0.536396 0.000000 -356.561887 0.000000 0.000000 1.000000 0.000000
-0.529476 0.848325 0.000000 274.172420 -0.848325 -0.529476 0.000000 -359.293555 0.000000 0.000000 1.000000 0.000000
-0.529815 0.848113 0.000000 272.524625 -0.848113 -0.529815 0.000000 -362.093988 0.000000 0.000000 1.000000 0.000000
-0.530813 0.847489 0.000000 270.897089 -0.847489 -0.530813 0.000000 -364.804909 0.000000 0.000000 1.000000 0.000000
