0.999913 0.013177 0.000000 -3.447715 -0.013177 0.999913 -0.000000 2.451264 -0.000000 0.000000 1.000000 0.000000 1547822825867784000

0.996996 -0.077452 0.000000 -1.535427 0.077452 0.996996 0.000000 2.594313 0.000000 0.000000 1.000000 0.000000 1547822857342175000

0.989404 -0.145191 0.000000 0.542297 0.145191 0.989404 0.000000 2.909471 0.000000 0.000000 1.000000 0.000000 1547822858096357000

0.985556 -0.169351 0.000000 2.409572 0.169351 0.985556 0.000000 3.153516 0.000000 0.000000 1.000000 0.000000 1547822858596569000

0.984729 -0.174093 0.000000 4.547084 0.174093 0.984729 0.000000 3.576403 0.000000 0.000000 1.000000 0.000000 1547822859097138000

0.985479 -0.169798 0.000000 7.017284 0.169798 0.985479 0.000000 4.006059 0.000000 0.000000 1.000000 0.000000 1547822859596178000

0.986703 -0.162533 0.000000 9.842326 0.162533 0.986703 0.000000 4.485326 0.000000 0.000000 1.000000 0.000000 1547822860095386000

0.987402 -0.158235 0.000000 11.337401 0.158235 0.987402 0.000000 4.676608 0.000000 0.000000 1.000000 0.000000 1547822860345041000

0.988265 -0.152748 0.000000 12.915801 0.152748 0.988265 0.000000 4.878696 0.000000 0.000000 1.000000 0.000000 1547822860594219000

0.989379 -0.145362 0.000000 14.508874 0.145362 0.989379 0.000000 5.141804 0.000000 0.000000 1.000000 0.000000 1547822860842856000

0.990782 -0.135469 0.000000 16.164417 0.135469 0.990782 0.000000 5.382177 0.000000 0.000000 1.000000 0.000000 1547822861091613000

0.992132 -0.125195 0.000000 17.873463 0.125195 0.992132 0.000000 5.559861 0.000000 0.000000 1.000000 0.000000 1547822861340210000

0.993758 -0.111556 0.000000 19.614589 0.111556 0.993758 0.000000 5.747555 0.000000 0.000000 1.000000 0.000000 1547822861588404000

0.995314 -0.096695 0.000000 21.439856 0.096695 0.995314 0.000000 5.910986 0.000000 0.000000 1.000000 0.000000 1547822861837080000

0.996651 -0.081773 0.000000 23.233309 0.081773 0.996651 0.000000 6.040488 0.000000 0.000000 1.000000 0.000000 1547822862087317000

0.997667 -0.068274 0.000000 25.144307 0.068274 0.997667 0.000000 6.163090 0.000000 0.000000 1.000000 0.000000 1547822862337836000

0.998474 -0.055226 0.000000 27.034370 0.055226 0.998474 0.000000 6.271603 0.000000 0.000000 1.000000 0.000000 1547822862587707000

0.999153 -0.041159 0.000000 28.950072 0.041159 0.999153 0.000000 6.334991 0.000000 0.000000 1.000000 0.000000 1547822862837555000

0.999654 -0.026291 0.000000 30.882610 0.026291 0.999654 0.000000 6.365639 0.000000 0.000000 1.000000 0.000000 1547822863087376000

0.999924 -0.012354 0.000000 32.847722 0.012354 0.999924 0.000000 6.364691 0.000000 0.000000 1.000000 0.000000 1547822863337331000

0.999999 -0.001289 0.000000 34.834880 0.001289 0.999999 0.000000 6.322868 0.000000 0.000000 1.000000 0.000000 1547822863587126000

0.999966 0.008259 0.000000 36.862220 -0.008259 0.999966 -0.000000 6.336851 -0.000000 0.000000 1.000000 0.000000 1547822863836532000

0.999912 0.013269 0.000000 38.889642 -0.013269 0.999912 -0.000000 6.262305 -0.000000 0.000000 1.000000 0.000000 1547822864086051000

0.999842 0.017791 0.000000 40.968978 -0.017791 0.999842 -0.000000 6.207344 -0.000000 0.000000 1.000000 0.000000 1547822864335351000

0.999761 0.021859 0.000000 43.075315 -0.021859 0.999761 -0.000000 6.152258 -0.000000 0.000000 1.000000 0.000000 1547822864584851000

0.999661 0.026031 0.000000 45.199582 -0.026031 0.999661 -0.000000 6.131485 -0.000000 0.000000 1.000000 0.000000 1547822864835526000

0.999520 0.030978 0.000000 47.324376 -0.030978 0.999520 -0.000000 5.985150 -0.000000 0.000000 1.000000 0.000000 1547822865087739000

0.999342 0.036260 0.000000 49.443127 -0.036260 0.999342 -0.000000 5.885191 -0.000000 0.000000 1.000000 0.000000 1547822865340078000

0.998974 0.045285 0.000000 51.630131 -0.045285 0.998974 -0.000000 5.817392 -0.000000 0.000000 1.000000 0.000000 1547822865591662000

0.998672 0.051522 0.000000 53.771650 -0.051522 0.998672 -0.000000 5.669961 -0.000000 0.000000 1.000000 0.000000 1547822865842576000

0.998761 0.049756 0.000000 55.932998 -0.049756 0.998761 -0.000000 5.529348 -0.000000 0.000000 1.000000 0.000000 1547822866092925000

0.999033 0.043977 0.000000 58.102870 -0.043977 0.999033 -0.000000 5.409079 -0.000000 0.000000 1.000000 0.000000 1547822866343178000

0.999379 0.035233 0.000000 60.315965 -0.035233 0.999379 -0.000000 5.302263 -0.000000 0.000000 1.000000 0.000000 1547822866593271000

0.999764 0.021705 0.000000 62.519974 -0.021705 0.999764 -0.000000 5.225244 -0.000000 0.000000 1.000000 0.000000 1547822866843046000

0.999972 0.007418 0.000000 64.724207 -0.007418 0.999972 -0.000000 5.193365 -0.000000 0.000000 1.000000 0.000000 1547822867092688000

0.999947 -0.010265 0.000000 67.014993 0.010265 0.999947 0.000000 5.158123 0.000000 0.000000 1.000000 0.000000 1547822867341777000

0.999602 -0.028200 0.000000 69.222814 0.028200 0.999602 0.000000 5.355418 0.000000 0.000000 1.000000 0.000000 1547822867591099000

0.998911 -0.046660 0.000000 71.393669 0.046660 0.998911 0.000000 5.446905 0.000000 0.000000 1.000000 0.000000 1547822867840559000

0.998111 -0.061429 0.000000 73.625464 0.061429 0.998111 0.000000 5.561822 0.000000 0.000000 1.000000 0.000000 1547822868089660000

0.997415 -0.071849 0.000000 75.789991 0.071849 0.997415 0.000000 5.666205 0.000000 0.000000 1.000000 0.000000 1547822868338534000

0.996781 -0.080169 0.000000 77.996773 0.080169 0.996781 0.000000 5.860147 0.000000 0.000000 1.000000 0.000000 1547822868587630000

0.996413 -0.084625 0.000000 80.252020 0.084625 0.996413 0.000000 6.046204 0.000000 0.000000 1.000000 0.000000 1547822868836457000

0.996201 -0.087085 0.000000 82.411355 0.087085 0.996201 0.000000 6.240595 0.000000 0.000000 1.000000 0.000000 1547822869085166000

0.996121 -0.087996 0.000000 84.684806 0.087996 0.996121 0.000000 6.430893 0.000000 0.000000 1.000000 0.000000 1547822869333798000

0.996267 -0.086329 0.000000 86.854169 0.086329 0.996267 0.000000 6.579712 0.000000 0.000000 1.000000 0.000000 1547822869582340000

0.996470 -0.083944 0.000000 89.088878 0.083944 0.996470 0.000000 6.755007 0.000000 0.000000 1.000000 0.000000 1547822869831341000

0.996755 -0.080495 0.000000 91.300652 0.080495 0.996755 0.000000 6.957167 0.000000 0.000000 1.000000 0.000000 1547822870081818000

0.996948 -0.078070 0.000000 93.635055 0.078070 0.996948 0.000000 7.110786 0.000000 0.000000 1.000000 0.000000 1547822870332320000

0.996909 -0.078570 0.000000 95.877133 0.078570 0.996909 0.000000 7.232241 0.000000 0.000000 1.000000 0.000000 1547822870582694000

0.996901 -0.078666 0.000000 98.120415 0.078666 0.996901 0.000000 7.399545 0.000000 0.000000 1.000000 0.000000 1547822870832406000

0.997240 -0.074240 0.000000 100.333644 0.074240 0.997240 0.000000 7.608674 0.000000 0.000000 1.000000 0.000000 1547822871082242000

0.997898 -0.064803 0.000000 102.542484 0.064803 0.997898 0.000000 7.783774 0.000000 0.000000 1.000000 0.000000 1547822871332707000

0.998616 -0.052597 0.000000 104.888214 0.052597 0.998616 0.000000 7.886171 0.000000 0.000000 1.000000 0.000000 1547822871583086000

0.999255 -0.038581 0.000000 107.217692 0.038581 0.999255 0.000000 7.963297 0.000000 0.000000 1.000000 0.000000 1547822871833110000

0.999624 -0.027410 0.000000 109.511997 0.027410 0.999624 0.000000 7.985283 0.000000 0.000000 1.000000 0.000000 1547822872083012000

0.999848 -0.017434 0.000000 111.886495 0.017434 0.999848 0.000000 8.008816 0.000000 0.000000 1.000000 0.000000 1547822872333281000

0.999901 -0.014059 0.000000 114.291256 0.014059 0.999901 0.000000 8.055097 0.000000 0.000000 1.000000 0.000000 1547822872584161000

0.999924 -0.012346 0.000000 116.748102 0.012346 0.999924 0.000000 8.062716 0.000000 0.000000 1.000000 0.000000 1547822872836256000

0.999929 -0.011941 0.000000 119.274136 0.011941 0.999929 0.000000 8.096613 0.000000 0.000000 1.000000 0.000000 1547822873088556000

0.999939 -0.011046 0.000000 121.674839 0.011046 0.999939 0.000000 8.130604 0.000000 0.000000 1.000000 0.000000 1547822873339952000

0.999951 -0.009892 0.000000 124.165421 0.009892 0.999951 0.000000 8.144575 0.000000 0.000000 1.000000 0.000000 1547822873590573000

0.999933 -0.011553 0.000000 126.583133 0.011553 0.999933 0.000000 8.200357 0.000000 0.000000 1.000000 0.000000 1547822873839946000

0.999891 -0.014789 0.000000 128.991714 0.014789 0.999891 0.000000 8.258517 0.000000 0.000000 1.000000 0.000000 1547822874089162000

0.999848 -0.017444 0.000000 131.388039 0.017444 0.999848 0.000000 8.303525 0.000000 0.000000 1.000000 0.000000 1547822874337961000

0.999820 -0.018958 0.000000 133.800104 0.018958 0.999820 0.000000 8.312716 0.000000 0.000000 1.000000 0.000000 1547822874586347000

0.999762 -0.021805 0.000000 136.205320 0.021805 0.999762 0.000000 8.351290 0.000000 0.000000 1.000000 0.000000 1547822874834690000

0.999706 -0.024263 0.000000 138.596866 0.024263 0.999706 0.000000 8.418787 0.000000 0.000000 1.000000 0.000000 1547822875082834000

0.999636 -0.026987 0.000000 140.959969 0.026987 0.999636 0.000000 8.490297 0.000000 0.000000 1.000000 0.000000 1547822875331031000

0.999571 -0.029303 0.000000 143.332555 0.029303 0.999571 0.000000 8.567110 0.000000 0.000000 1.000000 0.000000 1547822875579277000

0.999551 -0.029963 0.000000 145.702831 0.029963 0.999551 0.000000 8.586499 0.000000 0.000000 1.000000 0.000000 1547822875827580000

0.999557 -0.029778 0.000000 148.108768 0.029778 0.999557 0.000000 8.660096 0.000000 0.000000 1.000000 0.000000 1547822876076730000

0.999579 -0.029012 0.000000 150.471411 0.029012 0.999579 0.000000 8.731151 0.000000 0.000000 1.000000 0.000000 1547822876326504000

0.999610 -0.027919 0.000000 152.864879 0.027919 0.999610 0.000000 8.779786 0.000000 0.000000 1.000000 0.000000 1547822876576888000

0.999620 -0.027548 0.000000 155.230931 0.027548 0.999620 0.000000 8.824761 0.000000 0.000000 1.000000 0.000000 1547822876826865000

0.999608 -0.027985 0.000000 157.627330 0.027985 0.999608 0.000000 8.872153 0.000000 0.000000 1.000000 0.000000 1547822877076528000

0.999575 -0.029168 0.000000 160.028716 0.029168 0.999575 0.000000 8.940294 0.000000 0.000000 1.000000 0.000000 1547822877327567000

0.999506 -0.031421 0.000000 162.320008 0.031421 0.999506 0.000000 8.988147 0.000000 0.000000 1.000000 0.000000 1547822877579617000

0.999444 -0.033343 0.000000 164.678001 0.033343 0.999444 0.000000 9.087036 0.000000 0.000000 1.000000 0.000000 1547822877832011000

0.999391 -0.034881 0.000000 167.008261 0.034881 0.999391 0.000000 9.163374 0.000000 0.000000 1.000000 0.000000 1547822878083834000

0.999342 -0.036279 0.000000 169.290543 0.036279 0.999342 0.000000 9.261592 0.000000 0.000000 1.000000 0.000000 1547822878335366000

0.999248 -0.038780 0.000000 171.506826 0.038780 0.999248 0.000000 9.362286 0.000000 0.000000 1.000000 0.000000 1547822878585629000

0.999105 -0.042309 0.000000 173.697092 0.042309 0.999105 0.000000 9.471666 0.000000 0.000000 1.000000 0.000000 1547822878835273000

0.998989 -0.044952 0.000000 175.880719 0.044952 0.998989 0.000000 9.569042 0.000000 0.000000 1.000000 0.000000 1547822879085362000

0.998844 -0.048077 0.000000 178.084135 0.048077 0.998844 0.000000 9.674028 0.000000 0.000000 1.000000 0.000000 1547822879335136000

0.998747 -0.050036 0.000000 180.239748 0.050036 0.998747 0.000000 9.761612 0.000000 0.000000 1.000000 0.000000 1547822879584774000

0.998648 -0.051990 0.000000 182.417502 0.051990 0.998648 0.000000 9.905497 0.000000 0.000000 1.000000 0.000000 1547822879834446000

0.998500 -0.054745 0.000000 184.527086 0.054745 0.998500 0.000000 9.997555 0.000000 0.000000 1.000000 0.000000 1547822880084157000

0.998322 -0.057899 0.000000 186.648809 0.057899 0.998322 0.000000 10.120820 0.000000 0.000000 1.000000 0.000000 1547822880334868000

0.997919 -0.064480 0.000000 188.829288 0.064480 0.997919 0.000000 10.283585 0.000000 0.000000 1.000000 0.000000 1547822880586935000

0.997476 -0.071006 0.000000 191.001190 0.071006 0.997476 0.000000 10.390873 0.000000 0.000000 1.000000 0.000000 1547822880839126000

0.996707 -0.081082 0.000000 193.032284 0.081082 0.996707 0.000000 10.491123 0.000000 0.000000 1.000000 0.000000 1547822881090919000

0.996041 -0.088900 0.000000 195.109477 0.088900 0.996041 0.000000 10.699143 0.000000 0.000000 1.000000 0.000000 1547822881341747000

0.995184 -0.098028 0.000000 197.270590 0.098028 0.995184 0.000000 10.852621 0.000000 0.000000 1.000000 0.000000 1547822881590941000

0.994500 -0.104733 0.000000 199.318641 0.104733 0.994500 0.000000 11.080684 0.000000 0.000000 1.000000 0.000000 1547822881840007000

0.993713 -0.111956 0.000000 201.351500 0.111956 0.993713 0.000000 11.335212 0.000000 0.000000 1.000000 0.000000 1547822882089257000

0.992838 -0.119464 0.000000 203.334292 0.119464 0.992838 0.000000 11.562041 0.000000 0.000000 1.000000 0.000000 1547822882337515000

0.992140 -0.125135 0.000000 205.346822 0.125135 0.992140 0.000000 11.784629 0.000000 0.000000 1.000000 0.000000 1547822882585764000

0.991237 -0.132099 0.000000 207.442488 0.132099 0.991237 0.000000 12.102272 0.000000 0.000000 1.000000 0.000000 1547822882834182000

0.990447 -0.137897 0.000000 209.548344 0.137897 0.990447 0.000000 12.412148 0.000000 0.000000 1.000000 0.000000 1547822883082047000

0.990130 -0.140149 0.000000 211.576802 0.140149 0.990130 0.000000 12.733649 0.000000 0.000000 1.000000 0.000000 1547822883330993000

0.990470 -0.137731 0.000000 213.610036 0.137731 0.990470 0.000000 12.993665 0.000000 0.000000 1.000000 0.000000 1547822883581903000

0.990770 -0.135554 0.000000 215.699869 0.135554 0.990770 0.000000 13.296314 0.000000 0.000000 1.000000 0.000000 1547822883832525000

0.990942 -0.134287 0.000000 217.791043 0.134287 0.990942 0.000000 13.551745 0.000000 0.000000 1.000000 0.000000 1547822884082926000

0.990733 -0.135825 0.000000 219.828121 0.135825 0.990733 0.000000 13.831517 0.000000 0.000000 1.000000 0.000000 1547822884333178000

0.990856 -0.134926 0.000000 221.877760 0.134926 0.990856 0.000000 14.149202 0.000000 0.000000 1.000000 0.000000 1547822884582873000

0.990795 -0.135369 0.000000 223.893737 0.135369 0.990795 0.000000 14.379261 0.000000 0.000000 1.000000 0.000000 1547822884832921000

0.990626 -0.136602 0.000000 225.921524 0.136602 0.990626 0.000000 14.685842 0.000000 0.000000 1.000000 0.000000 1547822885083277000

0.990408 -0.138176 0.000000 227.920847 0.138176 0.990408 0.000000 14.996140 0.000000 0.000000 1.000000 0.000000 1547822885334811000

0.990222 -0.139500 0.000000 229.951117 0.139500 0.990222 0.000000 15.257298 0.000000 0.000000 1.000000 0.000000 1547822885587146000

0.989699 -0.143163 0.000000 231.925548 0.143163 0.989699 0.000000 15.483079 0.000000 0.000000 1.000000 0.000000 1547822885838562000

0.989246 -0.146261 0.000000 233.937279 0.146261 0.989246 0.000000 15.775595 0.000000 0.000000 1.000000 0.000000 1547822886089875000

0.988845 -0.148945 0.000000 235.886344 0.148945 0.988845 0.000000 16.103434 0.000000 0.000000 1.000000 0.000000 1547822886341685000

0.988406 -0.151835 0.000000 237.860592 0.151835 0.988406 0.000000 16.389247 0.000000 0.000000 1.000000 0.000000 1547822886593195000

0.987951 -0.154769 0.000000 239.827017 0.154769 0.987951 0.000000 16.682070 0.000000 0.000000 1.000000 0.000000 1547822886844532000

0.987759 -0.155988 0.000000 241.694951 0.155988 0.987759 0.000000 17.022207 0.000000 0.000000 1.000000 0.000000 1547822887095942000

0.987459 -0.157874 0.000000 243.654188 0.157874 0.987459 0.000000 17.334670 0.000000 0.000000 1.000000 0.000000 1547822887347225000

0.987021 -0.160589 0.000000 245.381248 0.160589 0.987021 0.000000 17.652554 0.000000 0.000000 1.000000 0.000000 1547822887598431000

0.986695 -0.162579 0.000000 247.289894 0.162579 0.986695 0.000000 17.948023 0.000000 0.000000 1.000000 0.000000 1547822887849560000

0.986371 -0.164536 0.000000 249.200647 0.164536 0.986371 0.000000 18.226920 0.000000 0.000000 1.000000 0.000000 1547822888101207000

0.986082 -0.166261 0.000000 251.113315 0.166261 0.986082 0.000000 18.503751 0.000000 0.000000 1.000000 0.000000 1547822888354216000

0.985804 -0.167901 0.000000 252.972925 0.167901 0.985804 0.000000 18.866892 0.000000 0.000000 1.000000 0.000000 1547822888608062000

0.985563 -0.169307 0.000000 254.852629 0.169307 0.985563 0.000000 19.200581 0.000000 0.000000 1.000000 0.000000 1547822888860194000

0.985414 -0.170177 0.000000 256.671726 0.170177 0.985414 0.000000 19.518687 0.000000 0.000000 1.000000 0.000000 1547822889109930000

0.985341 -0.170596 0.000000 258.488448 0.170596 0.985341 0.000000 19.805961 0.000000 0.000000 1.000000 0.000000 1547822889358159000

0.985172 -0.171572 0.000000 260.401126 0.171572 0.985172 0.000000 20.132174 0.000000 0.000000 1.000000 0.000000 1547822889605993000

0.985116 -0.171890 0.000000 262.176805 0.171890 0.985116 0.000000 20.417195 0.000000 0.000000 1.000000 0.000000 1547822889853368000

0.985244 -0.171153 0.000000 264.011184 0.171153 0.985244 0.000000 20.729555 0.000000 0.000000 1.000000 0.000000 1547822890100730000

0.985463 -0.169891 0.000000 265.812397 0.169891 0.985463 0.000000 21.044980 0.000000 0.000000 1.000000 0.000000 1547822890348458000

0.986008 -0.166699 0.000000 267.621952 0.166699 0.986008 0.000000 21.358812 0.000000 0.000000 1.000000 0.000000 1547822890597356000

0.986913 -0.161255 0.000000 269.440319 0.161255 0.986913 0.000000 21.664756 0.000000 0.000000 1.000000 0.000000 1547822890847899000

0.987770 -0.155920 0.000000 271.322512 0.155920 0.987770 0.000000 21.976691 0.000000 0.000000 1.000000 0.000000 1547822891098185000

0.988538 -0.150973 0.000000 273.182042 0.150973 0.988538 0.000000 22.165672 0.000000 0.000000 1.000000 0.000000 1547822891348124000

0.989378 -0.145366 0.000000 275.011787 0.145366 0.989378 0.000000 22.454944 0.000000 0.000000 1.000000 0.000000 1547822891598232000

0.990125 -0.140188 0.000000 276.875986 0.140188 0.990125 0.000000 22.703480 0.000000 0.000000 1.000000 0.000000 1547822891848298000

0.990824 -0.135159 0.000000 278.760997 0.135159 0.990824 0.000000 22.966603 0.000000 0.000000 1.000000 0.000000 1547822892097928000

0.991256 -0.131949 0.000000 280.640697 0.131949 0.991256 0.000000 23.181035 0.000000 0.000000 1.000000 0.000000 1547822892347706000

0.992051 -0.125834 0.000000 282.510005 0.125834 0.992051 0.000000 23.425652 0.000000 0.000000 1.000000 0.000000 1547822892597961000

0.992609 -0.121359 0.000000 284.447362 0.121359 0.992609 0.000000 23.652141 0.000000 0.000000 1.000000 0.000000 1547822892849081000

0.992948 -0.118547 0.000000 286.311229 0.118547 0.992948 0.000000 23.863284 0.000000 0.000000 1.000000 0.000000 1547822893101113000

0.993352 -0.115119 0.000000 288.202322 0.115119 0.993352 0.000000 24.063204 0.000000 0.000000 1.000000 0.000000 1547822893352876000

0.993803 -0.111155 0.000000 290.120083 0.111155 0.993803 0.000000 24.256458 0.000000 0.000000 1.000000 0.000000 1547822893604326000

0.994298 -0.106636 0.000000 292.091271 0.106636 0.994298 0.000000 24.471993 0.000000 0.000000 1.000000 0.000000 1547822893856162000

0.995033 -0.099541 0.000000 294.078372 0.099541 0.995033 0.000000 24.646293 0.000000 0.000000 1.000000 0.000000 1547822894107378000

0.995480 -0.094969 0.000000 296.081775 0.094969 0.995480 0.000000 24.790328 0.000000 0.000000 1.000000 0.000000 1547822894358345000

0.995885 -0.090630 0.000000 298.113365 0.090630 0.995885 0.000000 24.962751 0.000000 0.000000 1.000000 0.000000 1547822894609791000

0.996190 -0.087211 0.000000 300.225203 0.087211 0.996190 0.000000 25.162027 0.000000 0.000000 1.000000 0.000000 1547822894860873000

0.996400 -0.084771 0.000000 302.287273 0.084771 0.996400 0.000000 25.336812 0.000000 0.000000 1.000000 0.000000 1547822895111948000

0.996520 -0.083353 0.000000 304.339301 0.083353 0.996520 0.000000 25.501621 0.000000 0.000000 1.000000 0.000000 1547822895362967000

0.996427 -0.084459 0.000000 306.400257 0.084459 0.996427 0.000000 25.650646 0.000000 0.000000 1.000000 0.000000 1547822895614109000

0.996369 -0.085137 0.000000 308.580607 0.085137 0.996369 0.000000 25.845942 0.000000 0.000000 1.000000 0.000000 1547822895866460000

0.996278 -0.086200 0.000000 310.657638 0.086200 0.996278 0.000000 26.018238 0.000000 0.000000 1.000000 0.000000 1547822896120057000

0.996315 -0.085773 0.000000 312.786809 0.085773 0.996315 0.000000 26.209533 0.000000 0.000000 1.000000 0.000000 1547822896373645000

0.996453 -0.084157 0.000000 314.860229 0.084157 0.996453 0.000000 26.353534 0.000000 0.000000 1.000000 0.000000 1547822896625304000

0.996642 -0.081884 0.000000 316.980220 0.081884 0.996642 0.000000 26.464712 0.000000 0.000000 1.000000 0.000000 1547822896875010000

0.996839 -0.079447 0.000000 319.078780 0.079447 0.996839 0.000000 26.632690 0.000000 0.000000 1.000000 0.000000 1547822897122986000

0.997262 -0.073956 0.000000 321.141166 0.073956 0.997262 0.000000 26.809566 0.000000 0.000000 1.000000 0.000000 1547822897370330000

0.997856 -0.065455 0.000000 323.185429 0.065455 0.997856 0.000000 26.897850 0.000000 0.000000 1.000000 0.000000 1547822897617820000

0.998446 -0.055734 0.000000 325.309441 0.055734 0.998446 0.000000 27.007490 0.000000 0.000000 1.000000 0.000000 1547822897865134000

0.998991 -0.044910 0.000000 327.372806 0.044910 0.998991 0.000000 27.055347 0.000000 0.000000 1.000000 0.000000 1547822898112813000

0.999358 -0.035829 0.000000 329.422912 0.035829 0.999358 0.000000 27.160402 0.000000 0.000000 1.000000 0.000000 1547822898361967000

0.999676 -0.025452 0.000000 331.558276 0.025452 0.999676 0.000000 27.182274 0.000000 0.000000 1.000000 0.000000 1547822898612159000

0.999897 -0.014329 0.000000 333.677615 0.014329 0.999897 0.000000 27.169934 0.000000 0.000000 1.000000 0.000000 1547822898862492000

0.999984 -0.005628 0.000000 335.853157 0.005628 0.999984 0.000000 27.160025 0.000000 0.000000 1.000000 0.000000 1547822899113018000

0.999997 0.002494 0.000000 337.965339 -0.002494 0.999997 -0.000000 27.201215 -0.000000 0.000000 1.000000 0.000000 1547822899363096000

0.999974 0.007247 0.000000 340.121531 -0.007247 0.999974 -0.000000 27.156252 -0.000000 0.000000 1.000000 0.000000 1547822899612893000

0.999945 0.010511 0.000000 342.280540 -0.010511 0.999945 -0.000000 27.099110 -0.000000 0.000000 1.000000 0.000000 1547822899863046000

0.999886 0.015080 0.000000 344.465942 -0.015080 0.999886 -0.000000 27.041628 -0.000000 0.000000 1.000000 0.000000 1547822900112950000

0.999875 0.015816 0.000000 346.564331 -0.015816 0.999875 -0.000000 27.009135 -0.000000 0.000000 1.000000 0.000000 1547822900363497000

0.999890 0.014800 0.000000 348.768239 -0.014800 0.999890 -0.000000 26.939755 -0.000000 0.000000 1.000000 0.000000 1547822900615876000

0.999889 0.014906 0.000000 350.966162 -0.014906 0.999889 -0.000000 26.929131 -0.000000 0.000000 1.000000 0.000000 1547822900867937000

0.999903 0.013945 0.000000 353.131164 -0.013945 0.999903 -0.000000 26.898723 -0.000000 0.000000 1.000000 0.000000 1547822901118896000

0.999921 0.012537 0.000000 355.325270 -0.012537 0.999921 -0.000000 26.898667 -0.000000 0.000000 1.000000 0.000000 1547822901370397000

0.999944 0.010545 0.000000 357.487255 -0.010545 0.999944 -0.000000 26.847572 -0.000000 0.000000 1.000000 0.000000 1547822901621520000

0.999974 0.007244 0.000000 359.751538 -0.007244 0.999974 -0.000000 26.800355 -0.000000 0.000000 1.000000 0.000000 1547822901872881000

0.999991 0.004158 0.000000 361.891537 -0.004158 0.999991 -0.000000 26.775185 -0.000000 0.000000 1.000000 0.000000 1547822902124658000

1.000000 -0.000452 0.000000 364.106739 0.000452 1.000000 0.000000 26.799131 0.000000 0.000000 1.000000 0.000000 1547822902375703000

0.999978 -0.006696 0.000000 366.258762 0.006696 0.999978 0.000000 26.799382 0.000000 0.000000 1.000000 0.000000 1547822902626543000

0.999953 -0.009662 0.000000 368.487921 0.009662 0.999953 0.000000 26.828677 0.000000 0.000000 1.000000 0.000000 1547822902877640000

0.999905 -0.013776 0.000000 370.711759 0.013776 0.999905 0.000000 26.878104 0.000000 0.000000 1.000000 0.000000 1547822903128741000

0.999826 -0.018666 0.000000 372.876707 0.018666 0.999826 0.000000 26.904708 0.000000 0.000000 1.000000 0.000000 1547822903380836000

0.999728 -0.023341 0.000000 375.108995 0.023341 0.999728 0.000000 26.915556 0.000000 0.000000 1.000000 0.000000 1547822903634228000

0.999643 -0.026703 0.000000 377.327612 0.026703 0.999643 0.000000 26.982588 0.000000 0.000000 1.000000 0.000000 1547822903887650000

0.999522 -0.030925 0.000000 379.554654 0.030925 0.999522 0.000000 27.049607 0.000000 0.000000 1.000000 0.000000 1547822904139465000

0.999391 -0.034897 0.000000 381.677357 0.034897 0.999391 0.000000 27.120001 0.000000 0.000000 1.000000 0.000000 1547822904389372000

0.999363 -0.035685 0.000000 383.813201 0.035685 0.999363 0.000000 27.180500 0.000000 0.000000 1.000000 0.000000 1547822904637934000

0.999393 -0.034834 0.000000 385.984639 0.034834 0.999393 0.000000 27.281451 0.000000 0.000000 1.000000 0.000000 1547822904885339000

0.999388 -0.034969 0.000000 388.105417 0.034969 0.999388 0.000000 27.320461 0.000000 0.000000 1.000000 0.000000 1547822905132818000

0.999400 -0.034638 0.000000 390.224483 0.034638 0.999400 0.000000 27.406746 0.000000 0.000000 1.000000 0.000000 1547822905380229000

0.999381 -0.035192 0.000000 392.340210 0.035192 0.999381 0.000000 27.477713 0.000000 0.000000 1.000000 0.000000 1547822905627873000

0.999367 -0.035573 0.000000 394.481065 0.035573 0.999367 0.000000 27.517253 0.000000 0.000000 1.000000 0.000000 1547822905877249000

0.999349 -0.036090 0.000000 396.604480 0.036090 0.999349 0.000000 27.571709 0.000000 0.000000 1.000000 0.000000 1547822906127705000

0.999267 -0.038289 0.000000 398.755921 0.038289 0.999267 0.000000 27.634525 0.000000 0.000000 1.000000 0.000000 1547822906378076000

0.999156 -0.041083 0.000000 400.814370 0.041083 0.999156 0.000000 27.727893 0.000000 0.000000 1.000000 0.000000 1547822906628765000

0.999045 -0.043702 0.000000 402.862490 0.043702 0.999045 0.000000 27.796469 0.000000 0.000000 1.000000 0.000000 1547822906878978000

0.999005 -0.044606 0.000000 404.970018 0.044606 0.999005 0.000000 27.890603 0.000000 0.000000 1.000000 0.000000 1547822907129179000

0.998830 -0.048365 0.000000 406.953556 0.048365 0.998830 0.000000 27.969447 0.000000 0.000000 1.000000 0.000000 1547822907379250000

0.998781 -0.049354 0.000000 408.956760 0.049354 0.998781 0.000000 28.071946 0.000000 0.000000 1.000000 0.000000 1547822907628452000

0.998720 -0.050587 0.000000 410.976870 0.050587 0.998720 0.000000 28.122624 0.000000 0.000000 1.000000 0.000000 1547822907878273000

0.998682 -0.051316 0.000000 412.942580 0.051316 0.998682 0.000000 28.216430 0.000000 0.000000 1.000000 0.000000 1547822908129256000

0.998655 -0.051842 0.000000 414.869944 0.051842 0.998655 0.000000 28.324729 0.000000 0.000000 1.000000 0.000000 1547822908380901000

0.998651 -0.051921 0.000000 416.679145 0.051921 0.998651 0.000000 28.434516 0.000000 0.000000 1.000000 0.000000 1547822908632677000

0.998741 -0.050157 0.000000 418.476040 0.050157 0.998741 0.000000 28.477950 0.000000 0.000000 1.000000 0.000000 1547822908883766000

0.998797 -0.049027 0.000000 420.237659 0.049027 0.998797 0.000000 28.529470 0.000000 0.000000 1.000000 0.000000 1547822909134820000

0.998832 -0.048327 0.000000 421.873148 0.048327 0.998832 0.000000 28.608499 0.000000 0.000000 1.000000 0.000000 1547822909386235000

0.998801 -0.048958 0.000000 423.514117 0.048958 0.998801 0.000000 28.677991 0.000000 0.000000 1.000000 0.000000 1547822909637943000

0.998722 -0.050540 0.000000 425.076086 0.050540 0.998722 0.000000 28.726029 0.000000 0.000000 1.000000 0.000000 1547822909889357000

0.998651 -0.051926 0.000000 428.051314 0.051926 0.998651 0.000000 28.862542 0.000000 0.000000 1.000000 0.000000 1547822910392442000

0.998875 -0.047413 0.000000 430.728025 0.047413 0.998875 0.000000 29.001081 0.000000 0.000000 1.000000 0.000000 1547822910894752000

0.999355 -0.035904 0.000000 433.070833 0.035904 0.999355 0.000000 29.038232 0.000000 0.000000 1.000000 0.000000 1547822911400517000

0.999963 -0.008652 0.000000 435.137835 0.008652 0.999963 0.000000 29.027136 0.000000 0.000000 1.000000 0.000000 1547822911904269000

0.998168 0.060510 0.000000 437.028186 -0.060510 0.998168 -0.000000 28.842531 -0.000000 0.000000 1.000000 0.000000 1547822912400902000

0.987671 0.156543 0.000000 438.901901 -0.156543 0.987671 -0.000000 28.576118 -0.000000 0.000000 1.000000 0.000000 1547822912894455000

0.959916 0.280288 0.000000 440.684754 -0.280288 0.959916 -0.000000 28.066691 -0.000000 0.000000 1.000000 0.000000 1547822913390599000

0.908997 0.416802 0.000000 442.338785 -0.416802 0.908997 -0.000000 27.208320 -0.000000 0.000000 1.000000 0.000000 1547822913890427000

0.836536 0.547912 0.000000 443.737429 -0.547912 0.836536 -0.000000 26.159177 -0.000000 0.000000 1.000000 0.000000 1547822914390628000

0.752537 0.658550 0.000000 444.911715 -0.658550 0.752537 -0.000000 25.135229 -0.000000 0.000000 1.000000 0.000000 1547822914891356000

0.664011 0.747723 0.000000 445.591341 -0.747723 0.664011 -0.000000 24.140883 -0.000000 0.000000 1.000000 0.000000 1547822915396428000

0.594082 0.804404 0.000000 446.026131 -0.804404 0.594082 -0.000000 23.474808 -0.000000 0.000000 1.000000 0.000000 1547822915899204000

0.518801 0.854895 0.000000 446.286582 -0.854895 0.518801 -0.000000 22.935357 -0.000000 0.000000 1.000000 0.000000 1547822920140858000

0.441446 0.897288 0.000000 446.516217 -0.897288 0.441446 -0.000000 22.391860 -0.000000 0.000000 1.000000 0.000000 1547822921380513000

0.320949 0.947096 0.000000 446.673436 -0.947096 0.320949 -0.000000 21.610595 -0.000000 0.000000 1.000000 0.000000 1547822922129837000

0.181674 0.983359 0.000000 446.791038 -0.983359 0.181674 -0.000000 20.680796 -0.000000 0.000000 1.000000 0.000000 1547822922636847000

0.002557 0.999997 0.000000 446.739703 -0.999997 0.002557 -0.000000 19.506680 -0.000000 0.000000 1.000000 0.000000 1547822923141091000

-0.097114 0.995273 0.000000 446.594793 -0.995273 -0.097114 -0.000000 18.893821 -0.000000 0.000000 1.000000 0.000000 1547822923391150000

-0.200090 0.979778 0.000000 446.378588 -0.979778 -0.200090 -0.000000 18.172866 -0.000000 0.000000 1.000000 0.000000 1547822923638746000

-0.302548 0.953134 0.000000 446.041745 -0.953134 -0.302548 -0.000000 17.409903 -0.000000 0.000000 1.000000 0.000000 1547822923886077000

-0.401317 0.915939 0.000000 445.661470 -0.915939 -0.401317 -0.000000 16.675393 -0.000000 0.000000 1.000000 0.000000 1547822924134361000

-0.494328 0.869276 0.000000 445.119955 -0.869276 -0.494328 -0.000000 15.917543 -0.000000 0.000000 1.000000 0.000000 1547822924382791000

-0.578013 0.816028 0.000000 444.507384 -0.816028 -0.578013 0.000000 15.057405 0.000000 0.000000 1.000000 0.000000 1547822924632714000

-0.651618 0.758547 0.000000 443.763363 -0.758547 -0.651618 0.000000 14.291838 0.000000 0.000000 1.000000 0.000000 1547822924883678000

-0.764849 0.644210 0.000000 441.965124 -0.644210 -0.764849 0.000000 12.786824 0.000000 0.000000 1.000000 0.000000 1547822925384660000

-0.831571 0.555418 0.000000 439.762754 -0.555418 -0.831571 0.000000 11.292961 0.000000 0.000000 1.000000 0.000000 1547822925884640000

-0.863713 0.503984 0.000000 437.282991 -0.503984 -0.863713 0.000000 9.941510 0.000000 0.000000 1.000000 0.000000 1547822926383228000

-0.873315 0.487155 0.000000 435.895361 -0.487155 -0.873315 0.000000 9.289837 0.000000 0.000000 1.000000 0.000000 1547822926631304000

-0.879736 0.475462 0.000000 434.508914 -0.475462 -0.879736 0.000000 8.527970 0.000000 0.000000 1.000000 0.000000 1547822926879024000

-0.886356 0.463004 0.000000 433.047795 -0.463004 -0.886356 0.000000 7.838984 0.000000 0.000000 1.000000 0.000000 1547822927126401000

-0.890413 0.455154 0.000000 431.540308 -0.455154 -0.890413 0.000000 7.069947 0.000000 0.000000 1.000000 0.000000 1547822927374228000

-0.892900 0.450254 0.000000 429.943559 -0.450254 -0.892900 0.000000 6.302004 0.000000 0.000000 1.000000 0.000000 1547822927622955000

-0.894556 0.446955 0.000000 428.303535 -0.446955 -0.894556 0.000000 5.535427 0.000000 0.000000 1.000000 0.000000 1547822927872411000

-0.894584 0.446901 0.000000 426.655747 -0.446901 -0.894584 0.000000 4.713829 0.000000 0.000000 1.000000 0.000000 1547822928122450000

-0.894763 0.446541 0.000000 424.969847 -0.446541 -0.894763 0.000000 3.902755 0.000000 0.000000 1.000000 0.000000 1547822928372848000

-0.895351 0.445362 0.000000 423.250879 -0.445362 -0.895351 0.000000 3.056577 0.000000 0.000000 1.000000 0.000000 1547822928622687000

-0.895441 0.445179 0.000000 421.510865 -0.445179 -0.895441 0.000000 2.184596 0.000000 0.000000 1.000000 0.000000 1547822928871990000

-0.895773 0.444512 0.000000 419.757043 -0.444512 -0.895773 0.000000 1.277922 0.000000 0.000000 1.000000 0.000000 1547822929121845000

-0.896227 0.443595 0.000000 417.948252 -0.443595 -0.896227 0.000000 0.419684 0.000000 0.000000 1.000000 0.000000 1547822929372709000

-0.897346 0.441328 0.000000 416.168164 -0.441328 -0.897346 0.000000 -0.456592 0.000000 0.000000 1.000000 0.000000 1547822929624322000

-0.898679 0.438607 0.000000 414.312283 -0.438607 -0.898679 0.000000 -1.364864 0.000000 0.000000 1.000000 0.000000 1547822929876149000

-0.900406 0.435050 0.000000 412.523760 -0.435050 -0.900406 0.000000 -2.233581 0.000000 0.000000 1.000000 0.000000 1547822930127707000

-0.902313 0.431082 0.000000 410.693418 -0.431082 -0.902313 0.000000 -3.072840 0.000000 0.000000 1.000000 0.000000 1547822930379117000

-0.904443 0.426596 0.000000 408.884799 -0.426596 -0.904443 0.000000 -3.940901 0.000000 0.000000 1.000000 0.000000 1547822930630795000

-0.905763 0.423785 0.000000 407.075836 -0.423785 -0.905763 0.000000 -4.775035 0.000000 0.000000 1.000000 0.000000 1547822930882379000

-0.907291 0.420503 0.000000 405.273736 -0.420503 -0.907291 0.000000 -5.601138 0.000000 0.000000 1.000000 0.000000 1547822931133639000

-0.908236 0.418458 0.000000 403.502752 -0.418458 -0.908236 0.000000 -6.388120 0.000000 0.000000 1.000000 0.000000 1547822931384704000

-0.907903 0.419181 0.000000 401.768266 -0.419181 -0.907903 0.000000 -7.219132 0.000000 0.000000 1.000000 0.000000 1547822931635634000

-0.906795 0.421572 0.000000 400.023992 -0.421572 -0.906795 0.000000 -7.997142 0.000000 0.000000 1.000000 0.000000 1547822931887367000

-0.905588 0.424158 0.000000 398.354444 -0.424158 -0.905588 0.000000 -8.810130 0.000000 0.000000 1.000000 0.000000 1547822932140341000

-0.904049 0.427428 0.000000 396.684710 -0.427428 -0.904049 0.000000 -9.569842 0.000000 0.000000 1.000000 0.000000 1547822932394613000

-0.903441 0.428712 0.000000 395.121953 -0.428712 -0.903441 0.000000 -10.325472 0.000000 0.000000 1.000000 0.000000 1547822932647653000

-0.903281 0.429050 0.000000 393.565491 -0.429050 -0.903281 0.000000 -11.032449 0.000000 0.000000 1.000000 0.000000 1547822932897793000

-0.902998 0.429645 0.000000 392.100909 -0.429645 -0.902998 0.000000 -11.735604 0.000000 0.000000 1.000000 0.000000 1547822933146375000

-0.903120 0.429388 0.000000 390.667506 -0.429388 -0.903120 0.000000 -12.389055 0.000000 0.000000 1.000000 0.000000 1547822933394315000

-0.903022 0.429594 0.000000 389.309967 -0.429594 -0.903022 0.000000 -13.054783 0.000000 0.000000 1.000000 0.000000 1547822933642034000

-0.903214 0.429190 0.000000 386.812649 -0.429190 -0.903214 0.000000 -14.251837 0.000000 0.000000 1.000000 0.000000 1547822934137541000

-0.903994 0.427545 0.000000 384.617912 -0.427545 -0.903994 0.000000 -15.304915 0.000000 0.000000 1.000000 0.000000 1547822934636388000

-0.904356 0.426779 0.000000 382.673267 -0.426779 -0.904356 0.000000 -16.182103 0.000000 0.000000 1.000000 0.000000 1547822935138009000

-0.904946 0.425526 0.000000 381.076363 -0.425526 -0.904946 0.000000 -16.948164 0.000000 0.000000 1.000000 0.000000 1547822935638547000

-0.906024 0.423225 0.000000 379.721597 -0.423225 -0.906024 0.000000 -17.606211 0.000000 0.000000 1.000000 0.000000 1547822936140564000

-0.907675 0.419675 0.000000 378.017649 -0.419675 -0.907675 0.000000 -18.363833 0.000000 0.000000 1.000000 0.000000 1547822936896809000

-0.909091 0.416597 0.000000 376.563588 -0.416597 -0.909091 0.000000 -19.032233 0.000000 0.000000 1.000000 0.000000 1547822937648777000

-0.910864 0.412708 0.000000 375.027804 -0.412708 -0.910864 0.000000 -19.726986 0.000000 0.000000 1.000000 0.000000 1547822938399029000

-0.912374 0.409358 0.000000 373.034371 -0.409358 -0.912374 0.000000 -20.594936 0.000000 0.000000 1.000000 0.000000 1547822939151839000

-0.913386 0.407095 0.000000 371.426856 -0.407095 -0.913386 0.000000 -21.296163 0.000000 0.000000 1.000000 0.000000 1547822939654676000

-0.914634 0.404282 0.000000 369.680306 -0.404282 -0.914634 0.000000 -22.091768 0.000000 0.000000 1.000000 0.000000 1547822940155755000

-0.915183 0.403039 0.000000 367.696720 -0.403039 -0.915183 0.000000 -22.941547 0.000000 0.000000 1.000000 0.000000 1547822940654603000

-0.916392 0.400282 0.000000 365.481961 -0.400282 -0.916392 0.000000 -23.896910 0.000000 0.000000 1.000000 0.000000 1547822941151015000

-0.917543 0.397637 0.000000 363.097090 -0.397637 -0.917543 0.000000 -24.951230 0.000000 0.000000 1.000000 0.000000 1547822941647975000

-0.918172 0.396183 0.000000 360.531178 -0.396183 -0.918172 0.000000 -26.014164 0.000000 0.000000 1.000000 0.000000 1547822942143868000

-0.920126 0.391623 0.000000 357.752890 -0.391623 -0.920126 0.000000 -27.160618 0.000000 0.000000 1.000000 0.000000 1547822942641495000

-0.920092 0.391701 0.000000 356.277549 -0.391701 -0.920092 0.000000 -27.778732 0.000000 0.000000 1.000000 0.000000 1547822942890099000

-0.920762 0.390124 0.000000 354.797678 -0.390124 -0.920762 0.000000 -28.414312 0.000000 0.000000 1.000000 0.000000 1547822943138329000

-0.921872 0.387495 0.000000 353.269354 -0.387495 -0.921872 0.000000 -29.075352 0.000000 0.000000 1.000000 0.000000 1547822943387073000

-0.922463 0.386086 0.000000 351.677431 -0.386086 -0.922463 0.000000 -29.753333 0.000000 0.000000 1.000000 0.000000 1547822943637025000

-0.922856 0.385146 0.000000 350.073329 -0.385146 -0.922856 0.000000 -30.378818 0.000000 0.000000 1.000000 0.000000 1547822943887016000

-0.924339 0.381573 0.000000 348.440206 -0.381573 -0.924339 0.000000 -31.046255 0.000000 0.000000 1.000000 0.000000 1547822944136934000

-0.925659 0.378359 0.000000 346.713617 -0.378359 -0.925659 0.000000 -31.725265 0.000000 0.000000 1.000000 0.000000 1547822944387067000

-0.927634 0.373490 0.000000 344.975433 -0.373490 -0.927634 0.000000 -32.403030 0.000000 0.000000 1.000000 0.000000 1547822944636764000

-0.930060 0.367407 0.000000 343.203059 -0.367407 -0.930060 0.000000 -33.133229 0.000000 0.000000 1.000000 0.000000 1547822944886759000

-0.932500 0.361171 0.000000 341.325030 -0.361171 -0.932500 0.000000 -33.760163 0.000000 0.000000 1.000000 0.000000 1547822945136341000

-0.935713 0.352762 0.000000 339.506054 -0.352762 -0.935713 0.000000 -34.472143 0.000000 0.000000 1.000000 0.000000 1547822945386122000

-0.938047 0.346508 0.000000 337.583274 -0.346508 -0.938047 0.000000 -35.143165 0.000000 0.000000 1.000000 0.000000 1547822945636317000

-0.940523 0.339729 0.000000 335.658780 -0.339729 -0.940523 0.000000 -35.818016 0.000000 0.000000 1.000000 0.000000 1547822945885796000

-0.943219 0.332173 0.000000 333.779832 -0.332173 -0.943219 0.000000 -36.493131 0.000000 0.000000 1.000000 0.000000 1547822946134804000

-0.945865 0.324559 0.000000 331.780945 -0.324559 -0.945865 0.000000 -37.146245 0.000000 0.000000 1.000000 0.000000 1547822946384221000

-0.948461 0.316893 0.000000 329.785406 -0.316893 -0.948461 0.000000 -37.848661 0.000000 0.000000 1.000000 0.000000 1547822946634918000

-0.950771 0.309895 0.000000 327.750818 -0.309895 -0.950771 0.000000 -38.483825 0.000000 0.000000 1.000000 0.000000 1547822946886717000

-0.951819 0.306660 0.000000 325.689427 -0.306660 -0.951819 0.000000 -39.156759 0.000000 0.000000 1.000000 0.000000 1547822947139091000

-0.951646 0.307198 0.000000 323.638188 -0.307198 -0.951646 0.000000 -39.805547 0.000000 0.000000 1.000000 0.000000 1547822947391045000

-0.951371 0.308047 0.000000 321.558811 -0.308047 -0.951371 0.000000 -40.441716 0.000000 0.000000 1.000000 0.000000 1547822947641761000

-0.951839 0.306597 0.000000 319.486218 -0.306597 -0.951839 0.000000 -41.099989 0.000000 0.000000 1.000000 0.000000 1547822947891877000

