0.999999 -0.001150 0.000000 -3.616830 0.001150 0.999999 0.000000 1.987777 0.000000 0.000000 1.000000 0.000000 1547731605240998029

0.997615 -0.069030 0.000000 -1.894123 0.069030 0.997615 0.000000 2.133205 0.000000 0.000000 1.000000 0.000000 1547731629973783016

0.990059 -0.140651 0.000000 -0.116741 0.140651 0.990059 0.000000 2.410800 0.000000 0.000000 1.000000 0.000000 1547731630721551895

0.984805 -0.173664 0.000000 1.632283 0.173664 0.984805 0.000000 2.664399 0.000000 0.000000 1.000000 0.000000 1547731631224261045

0.985258 -0.171074 0.000000 3.818649 0.171074 0.985258 0.000000 2.987630 0.000000 0.000000 1.000000 0.000000 1547731631728127002

0.985785 -0.168011 0.000000 6.293189 0.168011 0.985785 0.000000 3.394445 0.000000 0.000000 1.000000 0.000000 1547731632232192993

0.987647 -0.156696 0.000000 9.047703 0.156696 0.987647 0.000000 3.816686 0.000000 0.000000 1.000000 0.000000 1547731632732244968

0.991881 -0.127172 0.000000 12.034108 0.127172 0.991881 0.000000 4.214883 0.000000 0.000000 1.000000 0.000000 1547731633232212066

0.993834 -0.110879 0.000000 13.653558 0.110879 0.993834 0.000000 4.397767 0.000000 0.000000 1.000000 0.000000 1547731633481863021

0.995686 -0.092792 0.000000 15.295349 0.092792 0.995686 0.000000 4.542128 0.000000 0.000000 1.000000 0.000000 1547731633731385946

0.997151 -0.075425 0.000000 16.997575 0.075425 0.997151 0.000000 4.671153 0.000000 0.000000 1.000000 0.000000 1547731633982171058

0.998213 -0.059755 0.000000 18.811987 0.059755 0.998213 0.000000 4.770039 0.000000 0.000000 1.000000 0.000000 1547731634232968091

0.998975 -0.045259 0.000000 20.624973 0.045259 0.998975 0.000000 4.830698 0.000000 0.000000 1.000000 0.000000 1547731634484468936

0.999491 -0.031895 0.000000 22.447142 0.031895 0.999491 0.000000 4.887541 0.000000 0.000000 1.000000 0.000000 1547731634736968040

0.999774 -0.021243 0.000000 24.197279 0.021243 0.999774 0.000000 4.889698 0.000000 0.000000 1.000000 0.000000 1547731634988729953

0.999903 -0.013932 0.000000 25.974070 0.013932 0.999903 0.000000 4.885979 0.000000 0.000000 1.000000 0.000000 1547731635239475965

0.999954 -0.009597 0.000000 27.756016 0.009597 0.999954 0.000000 4.910130 0.000000 0.000000 1.000000 0.000000 1547731635488655090

0.999983 -0.005819 0.000000 29.527813 0.005819 0.999983 0.000000 4.915210 0.000000 0.000000 1.000000 0.000000 1547731635737473964

0.999983 -0.005911 0.000000 31.347611 0.005911 0.999983 0.000000 4.907934 0.000000 0.000000 1.000000 0.000000 1547731635986357927

0.999979 -0.006412 0.000000 33.144126 0.006412 0.999979 0.000000 4.927982 0.000000 0.000000 1.000000 0.000000 1547731636234826087

0.999974 -0.007266 0.000000 34.996733 0.007266 0.999974 0.000000 4.896502 0.000000 0.000000 1.000000 0.000000 1547731636483275890

0.999979 -0.006436 0.000000 36.818390 0.006436 0.999979 0.000000 4.881130 0.000000 0.000000 1.000000 0.000000 1547731636731563091

0.999980 -0.006276 0.000000 38.711171 0.006276 0.999980 0.000000 4.903756 0.000000 0.000000 1.000000 0.000000 1547731636979334115

0.999980 -0.006371 0.000000 40.628366 0.006371 0.999980 0.000000 4.920913 0.000000 0.000000 1.000000 0.000000 1547731637227195024

0.999969 -0.007855 0.000000 42.566726 0.007855 0.999969 0.000000 4.913666 0.000000 0.000000 1.000000 0.000000 1547731637475855112

0.999968 -0.008015 0.000000 44.471508 0.008015 0.999968 0.000000 4.933784 0.000000 0.000000 1.000000 0.000000 1547731637725487947

0.999969 -0.007863 0.000000 46.332450 0.007863 0.999969 0.000000 4.984750 0.000000 0.000000 1.000000 0.000000 1547731637975662946

0.999967 -0.008103 0.000000 48.227954 0.008103 0.999967 0.000000 4.953331 0.000000 0.000000 1.000000 0.000000 1547731638225817918

0.999981 -0.006176 0.000000 50.087933 0.006176 0.999981 0.000000 5.000760 0.000000 0.000000 1.000000 0.000000 1547731638475770950

0.999992 -0.004027 0.000000 52.005417 0.004027 0.999992 0.000000 4.952200 0.000000 0.000000 1.000000 0.000000 1547731638725725889

1.000000 -0.000900 0.000000 53.877063 0.000900 1.000000 0.000000 4.945776 0.000000 0.000000 1.000000 0.000000 1547731638976821899

0.999998 0.001806 0.000000 55.781220 -0.001806 0.999998 -0.000000 4.943310 -0.000000 0.000000 1.000000 0.000000 1547731639229233980

0.999995 0.003072 0.000000 57.693953 -0.003072 0.999995 -0.000000 4.918663 -0.000000 0.000000 1.000000 0.000000 1547731639481434106

0.999995 0.003260 0.000000 59.564597 -0.003260 0.999995 -0.000000 4.895514 -0.000000 0.000000 1.000000 0.000000 1547731639732835054

0.999995 0.003308 0.000000 61.403808 -0.003308 0.999995 -0.000000 4.891135 -0.000000 0.000000 1.000000 0.000000 1547731639984112977

0.999992 0.003977 0.000000 63.228315 -0.003977 0.999992 -0.000000 4.841339 -0.000000 0.000000 1.000000 0.000000 1547731640235990047

0.999992 0.004096 0.000000 65.056898 -0.004096 0.999992 -0.000000 4.856955 -0.000000 0.000000 1.000000 0.000000 1547731640487747907

0.999991 0.004140 0.000000 66.852585 -0.004140 0.999991 -0.000000 4.809146 -0.000000 0.000000 1.000000 0.000000 1547731640739110946

0.999995 0.003158 0.000000 68.631897 -0.003158 0.999995 -0.000000 4.761696 -0.000000 0.000000 1.000000 0.000000 1547731640990047931

0.999989 0.004646 0.000000 70.438212 -0.004646 0.999989 -0.000000 4.755600 -0.000000 0.000000 1.000000 0.000000 1547731641241411924

0.999991 0.004319 0.000000 72.192328 -0.004319 0.999991 -0.000000 4.702954 -0.000000 0.000000 1.000000 0.000000 1547731641494251966

0.999981 0.006238 0.000000 74.067117 -0.006238 0.999981 -0.000000 4.697649 -0.000000 0.000000 1.000000 0.000000 1547731641747956991

0.999964 0.008458 0.000000 75.870890 -0.008458 0.999964 -0.000000 4.630646 -0.000000 0.000000 1.000000 0.000000 1547731642000457048

0.999959 0.009027 0.000000 77.694629 -0.009027 0.999959 -0.000000 4.610704 -0.000000 0.000000 1.000000 0.000000 1547731642250194072

0.999960 0.008953 0.000000 79.468007 -0.008953 0.999960 -0.000000 4.611630 -0.000000 0.000000 1.000000 0.000000 1547731642498169898

0.999955 0.009516 0.000000 81.182724 -0.009516 0.999955 -0.000000 4.602513 -0.000000 0.000000 1.000000 0.000000 1547731642746283054

0.999932 0.011623 0.000000 82.965231 -0.011623 0.999932 -0.000000 4.557818 -0.000000 0.000000 1.000000 0.000000 1547731642994103908

0.999900 0.014154 0.000000 84.740697 -0.014154 0.999900 -0.000000 4.512773 -0.000000 0.000000 1.000000 0.000000 1547731643241744041

0.999821 0.018919 0.000000 86.518951 -0.018919 0.999821 -0.000000 4.476413 -0.000000 0.000000 1.000000 0.000000 1547731643490026950

0.999785 0.020727 0.000000 88.367836 -0.020727 0.999785 -0.000000 4.380017 -0.000000 0.000000 1.000000 0.000000 1547731643739685058

0.999841 0.017805 0.000000 90.135370 -0.017805 0.999841 -0.000000 4.325832 -0.000000 0.000000 1.000000 0.000000 1547731643990530967

0.999898 0.014306 0.000000 91.937605 -0.014306 0.999898 -0.000000 4.306022 -0.000000 0.000000 1.000000 0.000000 1547731644241138935

0.999958 0.009135 0.000000 93.838507 -0.009135 0.999958 -0.000000 4.275930 -0.000000 0.000000 1.000000 0.000000 1547731644491988897

0.999998 0.001754 0.000000 95.632471 -0.001754 0.999998 -0.000000 4.283854 -0.000000 0.000000 1.000000 0.000000 1547731644742624044

0.999970 -0.007768 0.000000 97.475214 0.007768 0.999970 0.000000 4.327227 0.000000 0.000000 1.000000 0.000000 1547731644993294954

0.999875 -0.015790 0.000000 99.344393 0.015790 0.999875 0.000000 4.309998 0.000000 0.000000 1.000000 0.000000 1547731645243964910

0.999684 -0.025150 0.000000 101.248149 0.025150 0.999684 0.000000 4.313399 0.000000 0.000000 1.000000 0.000000 1547731645493834018

0.999370 -0.035484 0.000000 103.150179 0.035484 0.999370 0.000000 4.351839 0.000000 0.000000 1.000000 0.000000 1547731645744009017

0.999056 -0.043439 0.000000 105.066826 0.043439 0.999056 0.000000 4.405118 0.000000 0.000000 1.000000 0.000000 1547731645995233058

0.998607 -0.052772 0.000000 106.987558 0.052772 0.998607 0.000000 4.475654 0.000000 0.000000 1.000000 0.000000 1547731646247143030

0.998231 -0.059456 0.000000 108.972649 0.059456 0.998231 0.000000 4.601555 0.000000 0.000000 1.000000 0.000000 1547731646499021053

0.997935 -0.064235 0.000000 110.973835 0.064235 0.997935 0.000000 4.729674 0.000000 0.000000 1.000000 0.000000 1547731646750962018

0.997618 -0.068986 0.000000 112.929615 0.068986 0.997618 0.000000 4.855705 0.000000 0.000000 1.000000 0.000000 1547731647002300977

0.997452 -0.071342 0.000000 114.859826 0.071342 0.997452 0.000000 5.007128 0.000000 0.000000 1.000000 0.000000 1547731647253011941

0.997545 -0.070027 0.000000 116.811758 0.070027 0.997545 0.000000 5.132734 0.000000 0.000000 1.000000 0.000000 1547731647503426074

0.997559 -0.069824 0.000000 118.734925 0.069824 0.997559 0.000000 5.228450 0.000000 0.000000 1.000000 0.000000 1547731647753669023

0.997617 -0.068995 0.000000 120.670139 0.068995 0.997617 0.000000 5.337195 0.000000 0.000000 1.000000 0.000000 1547731648003679037

0.997775 -0.066674 0.000000 122.661493 0.066674 0.997775 0.000000 5.474793 0.000000 0.000000 1.000000 0.000000 1547731648253590106

0.997796 -0.066359 0.000000 124.637893 0.066359 0.997796 0.000000 5.557590 0.000000 0.000000 1.000000 0.000000 1547731648502827882

0.997906 -0.064682 0.000000 126.539574 0.064682 0.997906 0.000000 5.724287 0.000000 0.000000 1.000000 0.000000 1547731648752705097

0.997997 -0.063262 0.000000 128.516881 0.063262 0.997997 0.000000 5.796850 0.000000 0.000000 1.000000 0.000000 1547731649003515005

0.998014 -0.062999 0.000000 130.464660 0.062999 0.998014 0.000000 5.938013 0.000000 0.000000 1.000000 0.000000 1547731649254849910

0.998135 -0.061039 0.000000 132.477921 0.061039 0.998135 0.000000 6.029507 0.000000 0.000000 1.000000 0.000000 1547731649507133960

0.998238 -0.059337 0.000000 134.463737 0.059337 0.998238 0.000000 6.107772 0.000000 0.000000 1.000000 0.000000 1547731649759449958

0.998386 -0.056794 0.000000 136.466776 0.056794 0.998386 0.000000 6.177703 0.000000 0.000000 1.000000 0.000000 1547731650011182069

0.998492 -0.054900 0.000000 138.452824 0.054900 0.998492 0.000000 6.338366 0.000000 0.000000 1.000000 0.000000 1547731650262170076

0.998546 -0.053913 0.000000 140.375770 0.053913 0.998546 0.000000 6.369314 0.000000 0.000000 1.000000 0.000000 1547731650512486934

0.998629 -0.052346 0.000000 142.439090 0.052346 0.998629 0.000000 6.479917 0.000000 0.000000 1.000000 0.000000 1547731650762051105

0.998689 -0.051183 0.000000 144.397151 0.051183 0.998689 0.000000 6.584495 0.000000 0.000000 1.000000 0.000000 1547731651010699033

0.998719 -0.050601 0.000000 146.391386 0.050601 0.998719 0.000000 6.667437 0.000000 0.000000 1.000000 0.000000 1547731651259056091

0.998723 -0.050514 0.000000 148.398015 0.050514 0.998723 0.000000 6.716362 0.000000 0.000000 1.000000 0.000000 1547731651507724046

0.998767 -0.049651 0.000000 150.404390 0.049651 0.998767 0.000000 6.837147 0.000000 0.000000 1.000000 0.000000 1547731651756309032

0.998753 -0.049922 0.000000 152.478059 0.049922 0.998753 0.000000 6.944209 0.000000 0.000000 1.000000 0.000000 1547731652004590988

0.998796 -0.049063 0.000000 154.549530 0.049063 0.998796 0.000000 7.031757 0.000000 0.000000 1.000000 0.000000 1547731652252743005

0.998860 -0.047732 0.000000 156.615092 0.047732 0.998860 0.000000 7.148712 0.000000 0.000000 1.000000 0.000000 1547731652500714063

0.998851 -0.047914 0.000000 158.742606 0.047914 0.998851 0.000000 7.204705 0.000000 0.000000 1.000000 0.000000 1547731652748481988

0.998873 -0.047457 0.000000 160.872390 0.047457 0.998873 0.000000 7.331575 0.000000 0.000000 1.000000 0.000000 1547731652995974063

0.998877 -0.047386 0.000000 162.948447 0.047386 0.998877 0.000000 7.417813 0.000000 0.000000 1.000000 0.000000 1547731653244364976

0.998896 -0.046973 0.000000 165.044448 0.046973 0.998896 0.000000 7.488133 0.000000 0.000000 1.000000 0.000000 1547731653494223117

0.998909 -0.046701 0.000000 167.180119 0.046701 0.998909 0.000000 7.560893 0.000000 0.000000 1.000000 0.000000 1547731653746300935

0.998920 -0.046462 0.000000 169.253010 0.046462 0.998920 0.000000 7.692166 0.000000 0.000000 1.000000 0.000000 1547731653998859882

0.998698 -0.051005 0.000000 171.355877 0.051005 0.998698 0.000000 7.768231 0.000000 0.000000 1.000000 0.000000 1547731654250838041

0.998524 -0.054314 0.000000 173.429921 0.054314 0.998524 0.000000 7.876090 0.000000 0.000000 1.000000 0.000000 1547731654502640008

0.998362 -0.057210 0.000000 175.459006 0.057210 0.998362 0.000000 7.963734 0.000000 0.000000 1.000000 0.000000 1547731654753611087

0.998191 -0.060120 0.000000 177.456087 0.060120 0.998191 0.000000 8.066834 0.000000 0.000000 1.000000 0.000000 1547731655002882003

0.998030 -0.062738 0.000000 179.488998 0.062738 0.998030 0.000000 8.207856 0.000000 0.000000 1.000000 0.000000 1547731655251691102

0.997971 -0.063670 0.000000 181.407374 0.063670 0.997971 0.000000 8.321177 0.000000 0.000000 1.000000 0.000000 1547731655500233888

0.997992 -0.063334 0.000000 183.352116 0.063334 0.997992 0.000000 8.430372 0.000000 0.000000 1.000000 0.000000 1547731655748771905

0.998046 -0.062488 0.000000 185.248353 0.062488 0.998046 0.000000 8.558950 0.000000 0.000000 1.000000 0.000000 1547731655997325897

0.998198 -0.060008 0.000000 187.093020 0.060008 0.998198 0.000000 8.639157 0.000000 0.000000 1.000000 0.000000 1547731656245699882

0.998154 -0.060726 0.000000 188.960328 0.060726 0.998154 0.000000 8.762964 0.000000 0.000000 1.000000 0.000000 1547731656494193077

0.998150 -0.060804 0.000000 190.727220 0.060804 0.998150 0.000000 8.826383 0.000000 0.000000 1.000000 0.000000 1547731656742345094

0.998122 -0.061265 0.000000 192.498070 0.061265 0.998122 0.000000 8.920083 0.000000 0.000000 1.000000 0.000000 1547731656991225957

0.998062 -0.062224 0.000000 194.276774 0.062224 0.998062 0.000000 9.040222 0.000000 0.000000 1.000000 0.000000 1547731657241480112

0.998024 -0.062838 0.000000 196.036121 0.062838 0.998024 0.000000 9.115219 0.000000 0.000000 1.000000 0.000000 1547731657492414951

0.997975 -0.063601 0.000000 197.738123 0.063601 0.997975 0.000000 9.221321 0.000000 0.000000 1.000000 0.000000 1547731657743697881

0.997975 -0.063600 0.000000 199.457027 0.063600 0.997975 0.000000 9.345014 0.000000 0.000000 1.000000 0.000000 1547731657993870973

0.998016 -0.062959 0.000000 201.064734 0.062959 0.998016 0.000000 9.455128 0.000000 0.000000 1.000000 0.000000 1547731658243664026

0.998051 -0.062410 0.000000 202.700845 0.062410 0.998051 0.000000 9.576856 0.000000 0.000000 1.000000 0.000000 1547731658493632078

0.998224 -0.059577 0.000000 204.289469 0.059577 0.998224 0.000000 9.632637 0.000000 0.000000 1.000000 0.000000 1547731658743530988

0.998368 -0.057109 0.000000 205.883712 0.057109 0.998368 0.000000 9.774129 0.000000 0.000000 1.000000 0.000000 1547731658992974996

0.998539 -0.054031 0.000000 207.448322 0.054031 0.998539 0.000000 9.838801 0.000000 0.000000 1.000000 0.000000 1547731659241825103

0.998595 -0.052985 0.000000 208.949135 0.052985 0.998595 0.000000 9.934106 0.000000 0.000000 1.000000 0.000000 1547731659490484952

0.998749 -0.050000 0.000000 211.879935 0.050000 0.998749 0.000000 10.010566 0.000000 0.000000 1.000000 0.000000 1547731659986294031

0.998675 -0.051457 0.000000 214.637032 0.051457 0.998675 0.000000 10.167682 0.000000 0.000000 1.000000 0.000000 1547731660483330965

0.998697 -0.051034 0.000000 217.408396 0.051034 0.998697 0.000000 10.248892 0.000000 0.000000 1.000000 0.000000 1547731660980825901

0.998594 -0.053012 0.000000 220.242613 0.053012 0.998594 0.000000 10.363997 0.000000 0.000000 1.000000 0.000000 1547731661479094028

0.998112 -0.061417 0.000000 223.005286 0.061417 0.998112 0.000000 10.513158 0.000000 0.000000 1.000000 0.000000 1547731661980751037

0.996126 -0.087941 0.000000 225.754012 0.087941 0.996126 0.000000 10.739233 0.000000 0.000000 1.000000 0.000000 1547731662480761051

0.993094 -0.117319 0.000000 228.495045 0.117319 0.993094 0.000000 11.000928 0.000000 0.000000 1.000000 0.000000 1547731662980500936

0.988537 -0.150977 0.000000 231.362195 0.150977 0.988537 0.000000 11.432774 0.000000 0.000000 1.000000 0.000000 1547731663480802059

0.985050 -0.172270 0.000000 234.321787 0.172270 0.985050 0.000000 11.988579 0.000000 0.000000 1.000000 0.000000 1547731663979351997

0.984455 -0.175638 0.000000 236.017263 0.175638 0.984455 0.000000 12.341614 0.000000 0.000000 1.000000 0.000000 1547731664229391098

0.984071 -0.177775 0.000000 237.536398 0.177775 0.984071 0.000000 12.622414 0.000000 0.000000 1.000000 0.000000 1547731664480647087

0.983753 -0.179525 0.000000 239.305943 0.179525 0.983753 0.000000 12.944782 0.000000 0.000000 1.000000 0.000000 1547731664732954978

0.983305 -0.181967 0.000000 241.002570 0.181967 0.983305 0.000000 13.229447 0.000000 0.000000 1.000000 0.000000 1547731664985527038

0.982409 -0.186744 0.000000 242.806067 0.186744 0.982409 0.000000 13.550214 0.000000 0.000000 1.000000 0.000000 1547731665237149000

0.981802 -0.189908 0.000000 244.504586 0.189908 0.981802 0.000000 13.894272 0.000000 0.000000 1.000000 0.000000 1547731665487418889

0.981461 -0.191661 0.000000 246.331812 0.191661 0.981461 0.000000 14.217459 0.000000 0.000000 1.000000 0.000000 1547731665736943006

0.981319 -0.192387 0.000000 248.152644 0.192387 0.981319 0.000000 14.589741 0.000000 0.000000 1.000000 0.000000 1547731665986525058

0.981499 -0.191470 0.000000 249.937738 0.191470 0.981499 0.000000 14.941192 0.000000 0.000000 1.000000 0.000000 1547731666235799074

0.981994 -0.188914 0.000000 251.782708 0.188914 0.981994 0.000000 15.294344 0.000000 0.000000 1.000000 0.000000 1547731666484555006

0.982748 -0.184947 0.000000 253.592557 0.184947 0.982748 0.000000 15.666045 0.000000 0.000000 1.000000 0.000000 1547731666732717037

0.983708 -0.179775 0.000000 255.401946 0.179775 0.983708 0.000000 15.986239 0.000000 0.000000 1.000000 0.000000 1547731666980922937

0.984918 -0.173021 0.000000 257.317661 0.173021 0.984918 0.000000 16.323233 0.000000 0.000000 1.000000 0.000000 1547731667229245901

0.985743 -0.168256 0.000000 259.275920 0.168256 0.985743 0.000000 16.635582 0.000000 0.000000 1.000000 0.000000 1547731667477453947

0.986445 -0.164091 0.000000 261.161752 0.164091 0.986445 0.000000 17.013823 0.000000 0.000000 1.000000 0.000000 1547731667725383996

0.987334 -0.158653 0.000000 263.093813 0.158653 0.987334 0.000000 17.308019 0.000000 0.000000 1.000000 0.000000 1547731667973026990

0.987670 -0.156548 0.000000 265.044790 0.156548 0.987670 0.000000 17.597409 0.000000 0.000000 1.000000 0.000000 1547731668221333980

0.988183 -0.153281 0.000000 267.076331 0.153281 0.988183 0.000000 17.890554 0.000000 0.000000 1.000000 0.000000 1547731668470916986

0.988332 -0.152314 0.000000 269.006688 0.152314 0.988332 0.000000 18.211500 0.000000 0.000000 1.000000 0.000000 1547731668722199916

0.988514 -0.151132 0.000000 271.080551 0.151132 0.988514 0.000000 18.519918 0.000000 0.000000 1.000000 0.000000 1547731668974514961

0.988506 -0.151183 0.000000 273.047503 0.151183 0.988506 0.000000 18.817338 0.000000 0.000000 1.000000 0.000000 1547731669226511001

0.988725 -0.149742 0.000000 275.052586 0.149742 0.988725 0.000000 19.102915 0.000000 0.000000 1.000000 0.000000 1547731669478133916

0.988607 -0.150522 0.000000 277.008843 0.150522 0.988607 0.000000 19.374585 0.000000 0.000000 1.000000 0.000000 1547731669729731082

0.988742 -0.149634 0.000000 278.951782 0.149634 0.988742 0.000000 19.702664 0.000000 0.000000 1.000000 0.000000 1547731669980443954

0.988559 -0.150838 0.000000 280.841026 0.150838 0.988559 0.000000 20.017098 0.000000 0.000000 1.000000 0.000000 1547731670230432033

0.988961 -0.148178 0.000000 282.817852 0.148178 0.988961 0.000000 20.278138 0.000000 0.000000 1.000000 0.000000 1547731670480300903

0.989588 -0.143928 0.000000 284.800457 0.143928 0.989588 0.000000 20.534784 0.000000 0.000000 1.000000 0.000000 1547731670730073928

0.990337 -0.138680 0.000000 286.849009 0.138680 0.990337 0.000000 20.780124 0.000000 0.000000 1.000000 0.000000 1547731670980109930

0.990787 -0.135428 0.000000 288.808737 0.135428 0.990787 0.000000 20.991978 0.000000 0.000000 1.000000 0.000000 1547731671230793952

0.991297 -0.131644 0.000000 290.845775 0.131644 0.991297 0.000000 21.280438 0.000000 0.000000 1.000000 0.000000 1547731671483083009

0.991803 -0.127776 0.000000 292.858392 0.127776 0.991803 0.000000 21.500841 0.000000 0.000000 1.000000 0.000000 1547731671735841035

0.991801 -0.127794 0.000000 294.812713 0.127794 0.991801 0.000000 21.673502 0.000000 0.000000 1.000000 0.000000 1547731671988260984

0.991431 -0.130628 0.000000 296.774272 0.130628 0.991431 0.000000 22.005813 0.000000 0.000000 1.000000 0.000000 1547731672240147113

0.990963 -0.134133 0.000000 298.734297 0.134133 0.990963 0.000000 22.260205 0.000000 0.000000 1.000000 0.000000 1547731672489758968

0.990281 -0.139084 0.000000 300.711557 0.139084 0.990281 0.000000 22.456871 0.000000 0.000000 1.000000 0.000000 1547731672737545013

0.989697 -0.143177 0.000000 302.706306 0.143177 0.989697 0.000000 22.721495 0.000000 0.000000 1.000000 0.000000 1547731672985260963

0.989038 -0.147664 0.000000 304.705139 0.147664 0.989038 0.000000 23.032717 0.000000 0.000000 1.000000 0.000000 1547731673233069896

0.988112 -0.153737 0.000000 306.637683 0.153737 0.988112 0.000000 23.298565 0.000000 0.000000 1.000000 0.000000 1547731673480823993

0.986999 -0.160724 0.000000 308.584129 0.160724 0.986999 0.000000 23.602477 0.000000 0.000000 1.000000 0.000000 1547731673729017972

0.985623 -0.168962 0.000000 310.596125 0.168962 0.985623 0.000000 23.979730 0.000000 0.000000 1.000000 0.000000 1547731673977973937

0.985022 -0.172431 0.000000 312.610566 0.172431 0.985022 0.000000 24.297602 0.000000 0.000000 1.000000 0.000000 1547731674227596044

0.984519 -0.175280 0.000000 314.593547 0.175280 0.984519 0.000000 24.656399 0.000000 0.000000 1.000000 0.000000 1547731674477082014

0.984227 -0.176910 0.000000 316.646244 0.176910 0.984227 0.000000 25.017416 0.000000 0.000000 1.000000 0.000000 1547731674726320981

0.984260 -0.176726 0.000000 318.671358 0.176726 0.984260 0.000000 25.362999 0.000000 0.000000 1.000000 0.000000 1547731674975577116

0.984649 -0.174547 0.000000 320.694303 0.174547 0.984649 0.000000 25.672034 0.000000 0.000000 1.000000 0.000000 1547731675224364042

0.984984 -0.172644 0.000000 322.627970 0.172644 0.984984 0.000000 26.004363 0.000000 0.000000 1.000000 0.000000 1547731675473009109

0.985224 -0.171271 0.000000 324.557798 0.171271 0.985224 0.000000 26.317602 0.000000 0.000000 1.000000 0.000000 1547731675721693038

0.985713 -0.168434 0.000000 326.497799 0.168434 0.985713 0.000000 26.582742 0.000000 0.000000 1.000000 0.000000 1547731675971007108

0.986606 -0.163121 0.000000 328.442083 0.163121 0.986606 0.000000 26.901875 0.000000 0.000000 1.000000 0.000000 1547731676221960067

0.987430 -0.158056 0.000000 330.388932 0.158056 0.987430 0.000000 27.238030 0.000000 0.000000 1.000000 0.000000 1547731676473381996

0.988395 -0.151907 0.000000 332.288562 0.151907 0.988395 0.000000 27.497750 0.000000 0.000000 1.000000 0.000000 1547731676723259925

0.990185 -0.139766 0.000000 334.165761 0.139766 0.990185 0.000000 27.729923 0.000000 0.000000 1.000000 0.000000 1547731676973097085

0.992442 -0.122712 0.000000 336.147311 0.122712 0.992442 0.000000 28.028024 0.000000 0.000000 1.000000 0.000000 1547731677223937034

0.994660 -0.103205 0.000000 338.146562 0.103205 0.994660 0.000000 28.228295 0.000000 0.000000 1.000000 0.000000 1547731677474720954

0.996829 -0.079568 0.000000 340.126002 0.079568 0.996829 0.000000 28.305750 0.000000 0.000000 1.000000 0.000000 1547731677725049972

0.998324 -0.057874 0.000000 342.134564 0.057874 0.998324 0.000000 28.420259 0.000000 0.000000 1.000000 0.000000 1547731677974973917

0.999381 -0.035184 0.000000 344.161509 0.035184 0.999381 0.000000 28.493146 0.000000 0.000000 1.000000 0.000000 1547731678224451065

0.999885 -0.015136 0.000000 346.177027 0.015136 0.999885 0.000000 28.519079 0.000000 0.000000 1.000000 0.000000 1547731678474653959

1.000000 0.000946 0.000000 348.240971 -0.000946 1.000000 -0.000000 28.499061 -0.000000 0.000000 1.000000 0.000000 1547731678725608110

0.999912 0.013298 0.000000 350.296517 -0.013298 0.999912 -0.000000 28.467804 -0.000000 0.000000 1.000000 0.000000 1547731678977551937

0.999767 0.021578 0.000000 352.382717 -0.021578 0.999767 -0.000000 28.357444 -0.000000 0.000000 1.000000 0.000000 1547731679229901075

0.999746 0.022554 0.000000 354.391982 -0.022554 0.999746 -0.000000 28.297236 -0.000000 0.000000 1.000000 0.000000 1547731679481245994

0.999726 0.023391 0.000000 356.512847 -0.023391 0.999726 -0.000000 28.241812 -0.000000 0.000000 1.000000 0.000000 1547731679731894969

0.999748 0.022466 0.000000 358.582692 -0.022466 0.999748 -0.000000 28.182434 -0.000000 0.000000 1.000000 0.000000 1547731679982362985

0.999788 0.020582 0.000000 360.665255 -0.020582 0.999788 -0.000000 28.124949 -0.000000 0.000000 1.000000 0.000000 1547731680232811927

0.999782 0.020873 0.000000 362.706211 -0.020873 0.999782 -0.000000 28.060517 -0.000000 0.000000 1.000000 0.000000 1547731680483129978

0.999814 0.019280 0.000000 364.884782 -0.019280 0.999814 -0.000000 28.001254 -0.000000 0.000000 1.000000 0.000000 1547731680733433008

0.999853 0.017173 0.000000 366.934537 -0.017173 0.999853 -0.000000 27.979436 -0.000000 0.000000 1.000000 0.000000 1547731680983191967

0.999883 0.015303 0.000000 369.040410 -0.015303 0.999883 -0.000000 27.898100 -0.000000 0.000000 1.000000 0.000000 1547731681232326984

0.999914 0.013103 0.000000 371.182818 -0.013103 0.999914 -0.000000 27.886606 -0.000000 0.000000 1.000000 0.000000 1547731681481647968

0.999922 0.012516 0.000000 373.236158 -0.012516 0.999922 -0.000000 27.865387 -0.000000 0.000000 1.000000 0.000000 1547731681731368064

0.999967 0.008164 0.000000 375.363313 -0.008164 0.999967 -0.000000 27.770519 -0.000000 0.000000 1.000000 0.000000 1547731681980981111

0.999993 0.003861 0.000000 377.457582 -0.003861 0.999993 -0.000000 27.769214 -0.000000 0.000000 1.000000 0.000000 1547731682230083942

1.000000 0.000234 0.000000 379.547483 -0.000234 1.000000 -0.000000 27.780032 -0.000000 0.000000 1.000000 0.000000 1547731682479136943

0.999999 -0.001002 0.000000 381.604723 0.001002 0.999999 0.000000 27.763712 0.000000 0.000000 1.000000 0.000000 1547731682727958917

0.999995 -0.003245 0.000000 383.699192 0.003245 0.999995 0.000000 27.800860 0.000000 0.000000 1.000000 0.000000 1547731682976634025

0.999997 -0.002338 0.000000 385.811806 0.002338 0.999997 0.000000 27.726316 0.000000 0.000000 1.000000 0.000000 1547731683225131988

1.000000 -0.000966 0.000000 387.943236 0.000966 1.000000 0.000000 27.759312 0.000000 0.000000 1.000000 0.000000 1547731683474175930

0.999996 -0.002698 0.000000 390.076746 0.002698 0.999996 0.000000 27.752672 0.000000 0.000000 1.000000 0.000000 1547731683724551916

0.999989 -0.004595 0.000000 392.253683 0.004595 0.999989 0.000000 27.722144 0.000000 0.000000 1.000000 0.000000 1547731683975531101

0.999964 -0.008509 0.000000 394.385531 0.008509 0.999964 0.000000 27.734398 0.000000 0.000000 1.000000 0.000000 1547731684225944042

0.999934 -0.011462 0.000000 396.549362 0.011462 0.999934 0.000000 27.797439 0.000000 0.000000 1.000000 0.000000 1547731684475872039

0.999883 -0.015312 0.000000 398.733915 0.015312 0.999883 0.000000 27.820458 0.000000 0.000000 1.000000 0.000000 1547731684725732088

0.999802 -0.019878 0.000000 400.880199 0.019878 0.999802 0.000000 27.839928 0.000000 0.000000 1.000000 0.000000 1547731684975574970

0.999660 -0.026081 0.000000 403.078404 0.026081 0.999660 0.000000 27.862778 0.000000 0.000000 1.000000 0.000000 1547731685225878953

0.999545 -0.030165 0.000000 405.240833 0.030165 0.999545 0.000000 27.930473 0.000000 0.000000 1.000000 0.000000 1547731685475534915

0.999365 -0.035636 0.000000 407.418918 0.035636 0.999365 0.000000 28.002302 0.000000 0.000000 1.000000 0.000000 1547731685724756002

0.999230 -0.039231 0.000000 409.573412 0.039231 0.999230 0.000000 28.073746 0.000000 0.000000 1.000000 0.000000 1547731685974340915

0.999159 -0.040997 0.000000 411.729083 0.040997 0.999159 0.000000 28.165998 0.000000 0.000000 1.000000 0.000000 1547731686224473953

0.999099 -0.042432 0.000000 413.883430 0.042432 0.999099 0.000000 28.270412 0.000000 0.000000 1.000000 0.000000 1547731686475555896

0.999047 -0.043652 0.000000 416.076212 0.043652 0.999047 0.000000 28.321888 0.000000 0.000000 1.000000 0.000000 1547731686727523088

0.998993 -0.044871 0.000000 418.197071 0.044871 0.998993 0.000000 28.400781 0.000000 0.000000 1.000000 0.000000 1547731686979868888

0.998901 -0.046872 0.000000 420.348137 0.046872 0.998901 0.000000 28.462684 0.000000 0.000000 1.000000 0.000000 1547731687232023954

0.998806 -0.048852 0.000000 422.511928 0.048852 0.998806 0.000000 28.580334 0.000000 0.000000 1.000000 0.000000 1547731687483194112

0.998712 -0.050744 0.000000 424.612976 0.050744 0.998712 0.000000 28.677924 0.000000 0.000000 1.000000 0.000000 1547731687732923030

0.998678 -0.051405 0.000000 426.791681 0.051405 0.998678 0.000000 28.758529 0.000000 0.000000 1.000000 0.000000 1547731687982121944

0.998641 -0.052122 0.000000 428.857020 0.052122 0.998641 0.000000 28.825815 0.000000 0.000000 1.000000 0.000000 1547731688231151103

0.998670 -0.051551 0.000000 430.930825 0.051551 0.998670 0.000000 28.890614 0.000000 0.000000 1.000000 0.000000 1547731688479863882

0.998601 -0.052868 0.000000 432.982158 0.052868 0.998601 0.000000 29.011747 0.000000 0.000000 1.000000 0.000000 1547731688728487968

0.998533 -0.054143 0.000000 435.033792 0.054143 0.998533 0.000000 29.082285 0.000000 0.000000 1.000000 0.000000 1547731688976851940

0.998386 -0.056793 0.000000 437.051906 0.056793 0.998386 0.000000 29.178848 0.000000 0.000000 1.000000 0.000000 1547731689224946022

0.998209 -0.059826 0.000000 439.099028 0.059826 0.998209 0.000000 29.264297 0.000000 0.000000 1.000000 0.000000 1547731689472959995

0.997980 -0.063524 0.000000 441.177639 0.063524 0.997980 0.000000 29.369065 0.000000 0.000000 1.000000 0.000000 1547731689720813989

0.997688 -0.067960 0.000000 443.166489 0.067960 0.997688 0.000000 29.513932 0.000000 0.000000 1.000000 0.000000 1547731689968488931

0.997443 -0.071462 0.000000 445.121135 0.071462 0.997443 0.000000 29.616398 0.000000 0.000000 1.000000 0.000000 1547731690216728925

0.997289 -0.073586 0.000000 447.087180 0.073586 0.997289 0.000000 29.720995 0.000000 0.000000 1.000000 0.000000 1547731690466514110

0.997110 -0.075972 0.000000 448.976106 0.075972 0.997110 0.000000 29.852027 0.000000 0.000000 1.000000 0.000000 1547731690717170953

0.997071 -0.076483 0.000000 450.839255 0.076483 0.997071 0.000000 29.969741 0.000000 0.000000 1.000000 0.000000 1547731690967214107

0.997179 -0.075057 0.000000 452.612070 0.075057 0.997179 0.000000 30.097796 0.000000 0.000000 1.000000 0.000000 1547731691216766119

0.997465 -0.071157 0.000000 454.369625 0.071157 0.997465 0.000000 30.176416 0.000000 0.000000 1.000000 0.000000 1547731691467783927

0.997859 -0.065409 0.000000 456.024888 0.065409 0.997859 0.000000 30.292912 0.000000 0.000000 1.000000 0.000000 1547731691720287084

0.998330 -0.057776 0.000000 457.655650 0.057776 0.998330 0.000000 30.326206 0.000000 0.000000 1.000000 0.000000 1547731691972764968

0.999026 -0.044121 0.000000 459.179065 0.044121 0.999026 0.000000 30.399877 0.000000 0.000000 1.000000 0.000000 1547731692224366903

0.999997 -0.002426 0.000000 462.044400 0.002426 0.999997 0.000000 30.387995 0.000000 0.000000 1.000000 0.000000 1547731692724766969

0.998125 0.061213 0.000000 464.680139 -0.061213 0.998125 -0.000000 30.192474 -0.000000 0.000000 1.000000 0.000000 1547731693222605943

0.988476 0.151377 0.000000 467.009705 -0.151377 0.988476 -0.000000 29.895388 -0.000000 0.000000 1.000000 0.000000 1547731693721321105

0.959789 0.280723 0.000000 469.160604 -0.280723 0.959789 -0.000000 29.277598 -0.000000 0.000000 1.000000 0.000000 1547731694224034070

0.908770 0.417297 0.000000 470.891995 -0.417297 0.908770 -0.000000 28.341353 -0.000000 0.000000 1.000000 0.000000 1547731694726449966

0.827891 0.560889 0.000000 472.382843 -0.560889 0.827891 -0.000000 27.352000 -0.000000 0.000000 1.000000 0.000000 1547731695227626085

0.772429 0.635101 0.000000 473.084501 -0.635101 0.772429 -0.000000 26.671578 -0.000000 0.000000 1.000000 0.000000 1547731695477725982

0.703435 0.710759 0.000000 473.674389 -0.710759 0.703435 -0.000000 26.032639 -0.000000 0.000000 1.000000 0.000000 1547731695727494955

0.615073 0.788470 0.000000 474.187645 -0.788470 0.615073 -0.000000 25.253784 -0.000000 0.000000 1.000000 0.000000 1547731695977091073

0.512434 0.858727 0.000000 474.637730 -0.858727 0.512434 -0.000000 24.347510 -0.000000 0.000000 1.000000 0.000000 1547731696226133108

0.392750 0.919645 0.000000 474.918313 -0.919645 0.392750 -0.000000 23.470240 -0.000000 0.000000 1.000000 0.000000 1547731696474315881

0.258917 0.965900 0.000000 475.166120 -0.965900 0.258917 -0.000000 22.526543 -0.000000 0.000000 1.000000 0.000000 1547731696722224950

0.117354 0.993090 0.000000 475.212381 -0.993090 0.117354 -0.000000 21.476817 -0.000000 0.000000 1.000000 0.000000 1547731696969624996

-0.029166 0.999575 0.000000 475.124976 -0.999575 -0.029166 -0.000000 20.498386 -0.000000 0.000000 1.000000 0.000000 1547731697217303991

-0.177385 0.984142 0.000000 474.834898 -0.984142 -0.177385 -0.000000 19.513669 -0.000000 0.000000 1.000000 0.000000 1547731697466444969

-0.324883 0.945754 0.000000 474.401433 -0.945754 -0.324883 -0.000000 18.507997 -0.000000 0.000000 1.000000 0.000000 1547731697718477010

-0.461899 0.886933 0.000000 473.772525 -0.886933 -0.461899 -0.000000 17.477997 -0.000000 0.000000 1.000000 0.000000 1547731697972150087

-0.588905 0.808202 0.000000 473.044880 -0.808202 -0.588905 0.000000 16.650714 0.000000 0.000000 1.000000 0.000000 1547731698225050926

-0.696142 0.717904 0.000000 472.159785 -0.717904 -0.696142 0.000000 15.758620 0.000000 0.000000 1.000000 0.000000 1547731698477430105

-0.782167 0.623069 0.000000 471.153536 -0.623069 -0.782167 0.000000 14.998240 0.000000 0.000000 1.000000 0.000000 1547731698729010105

-0.841904 0.539627 0.000000 469.974836 -0.539627 -0.841904 0.000000 14.234433 0.000000 0.000000 1.000000 0.000000 1547731698979013919

-0.890594 0.454800 0.000000 467.434456 -0.454800 -0.890594 0.000000 13.018576 0.000000 0.000000 1.000000 0.000000 1547731699474504947

-0.893914 0.448239 0.000000 464.663948 -0.448239 -0.893914 0.000000 11.822598 0.000000 0.000000 1.000000 0.000000 1547731699972016096

-0.891981 0.452072 0.000000 463.192413 -0.452072 -0.891981 0.000000 11.199917 0.000000 0.000000 1.000000 0.000000 1547731700221419095

-0.889420 0.457091 0.000000 461.688950 -0.457091 -0.889420 0.000000 10.433122 0.000000 0.000000 1.000000 0.000000 1547731700470146894

-0.887933 0.459974 0.000000 460.097973 -0.459974 -0.887933 0.000000 9.634163 0.000000 0.000000 1.000000 0.000000 1547731700718350887

-0.888792 0.458310 0.000000 458.498283 -0.458310 -0.888792 0.000000 8.821943 0.000000 0.000000 1.000000 0.000000 1547731700966335058

-0.889276 0.457372 0.000000 456.814479 -0.457372 -0.889276 0.000000 7.998577 0.000000 0.000000 1.000000 0.000000 1547731701213865995

-0.890250 0.455473 0.000000 455.119163 -0.455473 -0.890250 0.000000 7.131015 0.000000 0.000000 1.000000 0.000000 1547731701461134910

-0.891603 0.452817 0.000000 453.331320 -0.452817 -0.891603 0.000000 6.207863 0.000000 0.000000 1.000000 0.000000 1547731701709539890

-0.892899 0.450256 0.000000 451.453878 -0.450256 -0.892899 0.000000 5.327589 0.000000 0.000000 1.000000 0.000000 1547731701959306955

-0.893742 0.448582 0.000000 449.591118 -0.448582 -0.893742 0.000000 4.353547 0.000000 0.000000 1.000000 0.000000 1547731702210165977

-0.894606 0.446856 0.000000 447.612922 -0.446856 -0.894606 0.000000 3.450217 0.000000 0.000000 1.000000 0.000000 1547731702460912942

-0.895205 0.445654 0.000000 445.624768 -0.445654 -0.895205 0.000000 2.459430 0.000000 0.000000 1.000000 0.000000 1547731702712057113

-0.895925 0.444205 0.000000 443.634026 -0.444205 -0.895925 0.000000 1.495223 0.000000 0.000000 1.000000 0.000000 1547731702963248014

-0.896804 0.442428 0.000000 441.647971 -0.442428 -0.896804 0.000000 0.546999 0.000000 0.000000 1.000000 0.000000 1547731703213560104

-0.897781 0.440442 0.000000 439.716945 -0.440442 -0.897781 0.000000 -0.415034 0.000000 0.000000 1.000000 0.000000 1547731703463574886

-0.898161 0.439666 0.000000 437.709568 -0.439666 -0.898161 0.000000 -1.371634 0.000000 0.000000 1.000000 0.000000 1547731703713666915

-0.898327 0.439328 0.000000 435.719694 -0.439328 -0.898327 0.000000 -2.338245 0.000000 0.000000 1.000000 0.000000 1547731703964102983

-0.898984 0.437981 0.000000 433.778288 -0.437981 -0.898984 0.000000 -3.304475 0.000000 0.000000 1.000000 0.000000 1547731704216171979

-0.899427 0.437071 0.000000 431.725617 -0.437071 -0.899427 0.000000 -4.255037 0.000000 0.000000 1.000000 0.000000 1547731704468602895

-0.899682 0.436546 0.000000 429.733582 -0.436546 -0.899682 0.000000 -5.204760 0.000000 0.000000 1.000000 0.000000 1547731704720235109

-0.900174 0.435531 0.000000 427.696637 -0.435531 -0.900174 0.000000 -6.238502 0.000000 0.000000 1.000000 0.000000 1547731704971872091

-0.899851 0.436198 0.000000 425.684195 -0.436198 -0.899851 0.000000 -7.182968 0.000000 0.000000 1.000000 0.000000 1547731705222842931

-0.899790 0.436323 0.000000 423.699631 -0.436323 -0.899790 0.000000 -8.138200 0.000000 0.000000 1.000000 0.000000 1547731705473043918

-0.899607 0.436700 0.000000 421.718671 -0.436700 -0.899607 0.000000 -9.094746 0.000000 0.000000 1.000000 0.000000 1547731705723275899

-0.899425 0.437075 0.000000 419.772302 -0.437075 -0.899425 0.000000 -10.027821 0.000000 0.000000 1.000000 0.000000 1547731705973373889

-0.899489 0.436943 0.000000 417.877223 -0.436943 -0.899489 0.000000 -10.926711 0.000000 0.000000 1.000000 0.000000 1547731706222668886

-0.899611 0.436692 0.000000 415.924391 -0.436692 -0.899611 0.000000 -11.862873 0.000000 0.000000 1.000000 0.000000 1547731706472402095

-0.900230 0.435416 0.000000 414.076353 -0.435416 -0.900230 0.000000 -12.746460 0.000000 0.000000 1.000000 0.000000 1547731706722948074

-0.901194 0.433415 0.000000 412.204133 -0.433415 -0.901194 0.000000 -13.640886 0.000000 0.000000 1.000000 0.000000 1547731706974345922

-0.902421 0.430855 0.000000 410.357389 -0.430855 -0.902421 0.000000 -14.575468 0.000000 0.000000 1.000000 0.000000 1547731707226938962

-0.903876 0.427795 0.000000 408.551554 -0.427795 -0.903876 0.000000 -15.417869 0.000000 0.000000 1.000000 0.000000 1547731707479846000

-0.904655 0.426145 0.000000 406.818368 -0.426145 -0.904655 0.000000 -16.199153 0.000000 0.000000 1.000000 0.000000 1547731707731225013

-0.905503 0.424341 0.000000 405.176322 -0.424341 -0.905503 0.000000 -16.979041 0.000000 0.000000 1.000000 0.000000 1547731707981579065

-0.905900 0.423492 0.000000 403.651238 -0.423492 -0.905900 0.000000 -17.736394 0.000000 0.000000 1.000000 0.000000 1547731708230429887

-0.906829 0.421499 0.000000 402.199486 -0.421499 -0.906829 0.000000 -18.385302 0.000000 0.000000 1.000000 0.000000 1547731708478446006

-0.906571 0.422053 0.000000 400.831054 -0.422053 -0.906571 0.000000 -19.002545 0.000000 0.000000 1.000000 0.000000 1547731708726125955

-0.907783 0.419439 0.000000 398.319742 -0.419439 -0.907783 0.000000 -20.107069 0.000000 0.000000 1.000000 0.000000 1547731709220216989

-0.908544 0.417788 0.000000 396.179521 -0.417788 -0.908544 0.000000 -21.147868 0.000000 0.000000 1.000000 0.000000 1547731709717058897

-0.909468 0.415774 0.000000 394.297166 -0.415774 -0.909468 0.000000 -22.021929 0.000000 0.000000 1.000000 0.000000 1547731710218209028

-0.910191 0.414188 0.000000 392.727116 -0.414188 -0.910191 0.000000 -22.705439 0.000000 0.000000 1.000000 0.000000 1547731710718911886

-0.909202 0.416356 0.000000 390.821953 -0.416356 -0.909202 0.000000 -23.546064 0.000000 0.000000 1.000000 0.000000 1547731711472075939

-0.906918 0.421308 0.000000 389.210829 -0.421308 -0.906918 0.000000 -24.275170 0.000000 0.000000 1.000000 0.000000 1547731712480169057

-0.904703 0.426042 0.000000 387.725635 -0.426042 -0.904703 0.000000 -24.943682 0.000000 0.000000 1.000000 0.000000 1547731714731827020

