1.000000 0.000000 0.000000 0.000000 0.000000 1.000000 0.000000 0.000000 0.000000 0.000000 1.000000 0.000000 1564718056001163370

0.999574 -0.029190 0.000000 1.568051 0.029190 0.999574 0.000000 0.024739 0.000000 0.000000 1.000000 0.000000 1564718063770206091

0.999303 -0.037331 0.000000 3.309692 0.037331 0.999303 0.000000 0.138545 0.000000 0.000000 1.000000 0.000000 1564718064522290005

0.999086 -0.042753 0.000000 5.624952 0.042753 0.999086 0.000000 0.302725 0.000000 0.000000 1.000000 0.000000 1564718065275160618

0.998872 -0.047474 0.000000 7.515949 0.047474 0.998872 0.000000 0.449084 0.000000 0.000000 1.000000 0.000000 1564718065777085178

0.998553 -0.053775 0.000000 9.719142 0.053775 0.998553 0.000000 0.570737 0.000000 0.000000 1.000000 0.000000 1564718066277853516

0.998192 -0.060105 0.000000 12.215688 0.060105 0.998192 0.000000 0.721002 0.000000 0.000000 1.000000 0.000000 1564718066780102315

0.997921 -0.064445 0.000000 14.900277 0.064445 0.997921 0.000000 0.916617 0.000000 0.000000 1.000000 0.000000 1564718067281601406

0.997837 -0.065742 0.000000 16.449546 0.065742 0.997837 0.000000 1.002108 0.000000 0.000000 1.000000 0.000000 1564718067532607263

0.997709 -0.067654 0.000000 18.021512 0.067654 0.997709 0.000000 1.148434 0.000000 0.000000 1.000000 0.000000 1564718067783895494

0.997583 -0.069482 0.000000 19.596870 0.069482 0.997583 0.000000 1.276231 0.000000 0.000000 1.000000 0.000000 1564718068034450638

0.997755 -0.066974 0.000000 21.304438 0.066974 0.997755 0.000000 1.451335 0.000000 0.000000 1.000000 0.000000 1564718068285200191

0.997827 -0.065889 0.000000 23.104571 0.065889 0.997827 0.000000 1.511772 0.000000 0.000000 1.000000 0.000000 1564718068536768469

0.998128 -0.061155 0.000000 24.900257 0.061155 0.998128 0.000000 1.654053 0.000000 0.000000 1.000000 0.000000 1564718068787068778

0.998302 -0.058250 0.000000 26.782643 0.058250 0.998302 0.000000 1.742851 0.000000 0.000000 1.000000 0.000000 1564718069037566694

0.998624 -0.052441 0.000000 28.748047 0.052441 0.998624 0.000000 1.885115 0.000000 0.000000 1.000000 0.000000 1564718069288272822

0.998759 -0.049806 0.000000 30.737289 0.049806 0.998759 0.000000 1.961460 0.000000 0.000000 1.000000 0.000000 1564718069538701052

0.998787 -0.049240 0.000000 32.831004 0.049240 0.998787 0.000000 2.049495 0.000000 0.000000 1.000000 0.000000 1564718069789653551

0.998761 -0.049759 0.000000 35.004060 0.049759 0.998761 0.000000 2.180390 0.000000 0.000000 1.000000 0.000000 1564718070040274230

0.998707 -0.050839 0.000000 37.177340 0.050839 0.998707 0.000000 2.239493 0.000000 0.000000 1.000000 0.000000 1564718070290894741

0.998624 -0.052435 0.000000 39.422284 0.052435 0.998624 0.000000 2.375522 0.000000 0.000000 1.000000 0.000000 1564718070541490625

0.998430 -0.056018 0.000000 41.717702 0.056018 0.998430 0.000000 2.494459 0.000000 0.000000 1.000000 0.000000 1564718070792569453

0.998144 -0.060901 0.000000 44.056032 0.060901 0.998144 0.000000 2.652077 0.000000 0.000000 1.000000 0.000000 1564718071043130210

0.997724 -0.067433 0.000000 46.469480 0.067433 0.997724 0.000000 2.780352 0.000000 0.000000 1.000000 0.000000 1564718071294492294

0.997098 -0.076126 0.000000 48.944271 0.076126 0.997098 0.000000 2.974724 0.000000 0.000000 1.000000 0.000000 1564718071544659611

0.996266 -0.086331 0.000000 51.393279 0.086331 0.996266 0.000000 3.161032 0.000000 0.000000 1.000000 0.000000 1564718071794910658

0.995295 -0.096893 0.000000 53.947663 0.096893 0.995295 0.000000 3.453454 0.000000 0.000000 1.000000 0.000000 1564718072045313219

0.993841 -0.110815 0.000000 56.569443 0.110815 0.993841 0.000000 3.705226 0.000000 0.000000 1.000000 0.000000 1564718072295742817

0.992374 -0.123267 0.000000 59.238709 0.123267 0.992374 0.000000 4.093094 0.000000 0.000000 1.000000 0.000000 1564718072545539263

0.990634 -0.136540 0.000000 61.902659 0.136540 0.990634 0.000000 4.420449 0.000000 0.000000 1.000000 0.000000 1564718072796155251

0.989073 -0.147428 0.000000 64.614809 0.147428 0.989073 0.000000 4.863545 0.000000 0.000000 1.000000 0.000000 1564718073048253493

0.988104 -0.153787 0.000000 67.394726 0.153787 0.988104 0.000000 5.324377 0.000000 0.000000 1.000000 0.000000 1564718073299128302

0.987330 -0.158678 0.000000 70.228008 0.158678 0.987330 0.000000 5.729481 0.000000 0.000000 1.000000 0.000000 1564718073550171906

0.986947 -0.161043 0.000000 73.082184 0.161043 0.986947 0.000000 6.214916 0.000000 0.000000 1.000000 0.000000 1564718073800215858

0.987126 -0.159944 0.000000 76.002301 0.159944 0.987126 0.000000 6.698673 0.000000 0.000000 1.000000 0.000000 1564718074050237990

0.988057 -0.154086 0.000000 78.984335 0.154086 0.988057 0.000000 7.151919 0.000000 0.000000 1.000000 0.000000 1564718074301135282

0.988747 -0.149599 0.000000 81.941854 0.149599 0.988747 0.000000 7.478323 0.000000 0.000000 1.000000 0.000000 1564718074551084235

0.989701 -0.143148 0.000000 85.102277 0.143148 0.989701 0.000000 8.001891 0.000000 0.000000 1.000000 0.000000 1564718074801932272

0.990504 -0.137487 0.000000 88.141376 0.137487 0.990504 0.000000 8.426634 0.000000 0.000000 1.000000 0.000000 1564718075052888078

0.991295 -0.131658 0.000000 91.176917 0.131658 0.991295 0.000000 8.819228 0.000000 0.000000 1.000000 0.000000 1564718075302085833

0.991910 -0.126940 0.000000 94.390810 0.126940 0.991910 0.000000 9.203413 0.000000 0.000000 1.000000 0.000000 1564718075552626202

0.992090 -0.125530 0.000000 97.566444 0.125530 0.992090 0.000000 9.619106 0.000000 0.000000 1.000000 0.000000 1564718075803334885

0.992528 -0.122016 0.000000 100.714516 0.122016 0.992528 0.000000 9.988079 0.000000 0.000000 1.000000 0.000000 1564718076053995806

0.992628 -0.121203 0.000000 103.847591 0.121203 0.992628 0.000000 10.366224 0.000000 0.000000 1.000000 0.000000 1564718076303805137

0.992912 -0.118851 0.000000 107.132603 0.118851 0.992912 0.000000 10.851944 0.000000 0.000000 1.000000 0.000000 1564718076555029683

0.992865 -0.119241 0.000000 110.220892 0.119241 0.992865 0.000000 11.173579 0.000000 0.000000 1.000000 0.000000 1564718076805964156

0.993183 -0.116564 0.000000 113.405485 0.116564 0.993183 0.000000 11.578550 0.000000 0.000000 1.000000 0.000000 1564718077055969238

0.993410 -0.114614 0.000000 116.555657 0.114614 0.993410 0.000000 11.880618 0.000000 0.000000 1.000000 0.000000 1564718077305530748

0.993816 -0.111040 0.000000 119.639544 0.111040 0.993816 0.000000 12.298509 0.000000 0.000000 1.000000 0.000000 1564718077557178314

0.993931 -0.110003 0.000000 122.758247 0.110003 0.993931 0.000000 12.667143 0.000000 0.000000 1.000000 0.000000 1564718077807365869

0.993756 -0.111577 0.000000 125.876414 0.111577 0.993756 0.000000 12.972292 0.000000 0.000000 1.000000 0.000000 1564718078058083852

0.993611 -0.112858 0.000000 129.011276 0.112858 0.993611 0.000000 13.383123 0.000000 0.000000 1.000000 0.000000 1564718078308250290

0.993418 -0.114548 0.000000 132.126662 0.114548 0.993418 0.000000 13.724463 0.000000 0.000000 1.000000 0.000000 1564718078559032486

0.993412 -0.114597 0.000000 135.195648 0.114597 0.993412 0.000000 14.078219 0.000000 0.000000 1.000000 0.000000 1564718078809561456

0.993438 -0.114375 0.000000 138.332397 0.114375 0.993438 0.000000 14.487579 0.000000 0.000000 1.000000 0.000000 1564718079060613230

0.993722 -0.111878 0.000000 141.451591 0.111878 0.993722 0.000000 14.805386 0.000000 0.000000 1.000000 0.000000 1564718079310959960

0.993959 -0.109756 0.000000 144.528010 0.109756 0.993959 0.000000 15.186046 0.000000 0.000000 1.000000 0.000000 1564718079561567440

0.993931 -0.110001 0.000000 147.570605 0.110001 0.993931 0.000000 15.570028 0.000000 0.000000 1.000000 0.000000 1564718079812150095

0.993794 -0.111239 0.000000 150.719727 0.111239 0.993794 0.000000 15.867721 0.000000 0.000000 1.000000 0.000000 1564718080062783834

0.993825 -0.110958 0.000000 153.814845 0.110958 0.993825 0.000000 16.253780 0.000000 0.000000 1.000000 0.000000 1564718080313697149

0.993866 -0.110592 0.000000 156.935390 0.110592 0.993866 0.000000 16.606984 0.000000 0.000000 1.000000 0.000000 1564718080564076133

0.994247 -0.107113 0.000000 160.013615 0.107113 0.994247 0.000000 16.911346 0.000000 0.000000 1.000000 0.000000 1564718080814351840

0.994304 -0.106578 0.000000 163.080419 0.106578 0.994304 0.000000 17.314317 0.000000 0.000000 1.000000 0.000000 1564718081064446301

0.994293 -0.106686 0.000000 166.104261 0.106686 0.994293 0.000000 17.652246 0.000000 0.000000 1.000000 0.000000 1564718081315381023

0.994036 -0.109050 0.000000 169.241041 0.109050 0.994036 0.000000 17.962967 0.000000 0.000000 1.000000 0.000000 1564718081566143846

0.993989 -0.109477 0.000000 172.262305 0.109477 0.993989 0.000000 18.315619 0.000000 0.000000 1.000000 0.000000 1564718081815273126

0.993866 -0.110587 0.000000 175.350502 0.110587 0.993866 0.000000 18.683854 0.000000 0.000000 1.000000 0.000000 1564718082065743396

0.993908 -0.110211 0.000000 178.453769 0.110211 0.993908 0.000000 19.074277 0.000000 0.000000 1.000000 0.000000 1564718082319254687

0.993745 -0.111675 0.000000 181.512805 0.111675 0.993745 0.000000 19.415977 0.000000 0.000000 1.000000 0.000000 1564718082567655416

0.993772 -0.111430 0.000000 184.588034 0.111430 0.993772 0.000000 19.827597 0.000000 0.000000 1.000000 0.000000 1564718082818233795

0.993734 -0.111772 0.000000 187.693080 0.111772 0.993734 0.000000 20.127828 0.000000 0.000000 1.000000 0.000000 1564718083068899293

0.993850 -0.110733 0.000000 190.834870 0.110733 0.993850 0.000000 20.527474 0.000000 0.000000 1.000000 0.000000 1564718083319443584

0.994048 -0.108942 0.000000 193.880858 0.108942 0.994048 0.000000 20.915042 0.000000 0.000000 1.000000 0.000000 1564718083569041253

0.994124 -0.108247 0.000000 197.013218 0.108247 0.994124 0.000000 21.247148 0.000000 0.000000 1.000000 0.000000 1564718083820122591

0.994328 -0.106357 0.000000 200.111378 0.106357 0.994328 0.000000 21.589930 0.000000 0.000000 1.000000 0.000000 1564718084070321205

0.994405 -0.105635 0.000000 203.225316 0.105635 0.994405 0.000000 21.942027 0.000000 0.000000 1.000000 0.000000 1564718084320495120

0.994050 -0.108924 0.000000 206.355242 0.108924 0.994050 0.000000 22.346180 0.000000 0.000000 1.000000 0.000000 1564718084571461321

0.993753 -0.111603 0.000000 209.483352 0.111603 0.993753 0.000000 22.710889 0.000000 0.000000 1.000000 0.000000 1564718084821735325

0.993752 -0.111608 0.000000 212.603550 0.111608 0.993752 0.000000 23.079623 0.000000 0.000000 1.000000 0.000000 1564718085071832317

0.993766 -0.111482 0.000000 215.730497 0.111482 0.993766 0.000000 23.456557 0.000000 0.000000 1.000000 0.000000 1564718085322598619

0.993866 -0.110595 0.000000 218.834818 0.110595 0.993866 0.000000 23.802546 0.000000 0.000000 1.000000 0.000000 1564718085572697629

0.993930 -0.110014 0.000000 221.935027 0.110014 0.993930 0.000000 24.165546 0.000000 0.000000 1.000000 0.000000 1564718085822948778

0.994122 -0.108265 0.000000 225.028120 0.108265 0.994122 0.000000 24.520685 0.000000 0.000000 1.000000 0.000000 1564718086073208378

0.994482 -0.104912 0.000000 228.114619 0.104912 0.994482 0.000000 24.936332 0.000000 0.000000 1.000000 0.000000 1564718086323461778

0.994982 -0.100053 0.000000 231.210330 0.100053 0.994982 0.000000 25.229288 0.000000 0.000000 1.000000 0.000000 1564718086573605757

0.995171 -0.098153 0.000000 234.159312 0.098153 0.995171 0.000000 25.535636 0.000000 0.000000 1.000000 0.000000 1564718086823618502

0.995175 -0.098121 0.000000 237.166187 0.098121 0.995175 0.000000 25.841428 0.000000 0.000000 1.000000 0.000000 1564718087073680700

0.995324 -0.096595 0.000000 240.198497 0.096595 0.995324 0.000000 26.142096 0.000000 0.000000 1.000000 0.000000 1564718087324440529

0.995057 -0.099301 0.000000 243.201133 0.099301 0.995057 0.000000 26.483022 0.000000 0.000000 1.000000 0.000000 1564718087574699525

0.994983 -0.100040 0.000000 246.261282 0.100040 0.994983 0.000000 26.791001 0.000000 0.000000 1.000000 0.000000 1564718087824904194

0.994858 -0.101276 0.000000 249.311460 0.101276 0.994858 0.000000 27.121830 0.000000 0.000000 1.000000 0.000000 1564718088074674519

0.994850 -0.101359 0.000000 252.321623 0.101359 0.994850 0.000000 27.477371 0.000000 0.000000 1.000000 0.000000 1564718088325298738

0.994410 -0.105592 0.000000 255.368523 0.105592 0.994410 0.000000 27.818006 0.000000 0.000000 1.000000 0.000000 1564718088575838796

0.993918 -0.110119 0.000000 258.428521 0.110119 0.993918 0.000000 28.128030 0.000000 0.000000 1.000000 0.000000 1564718088825903802

0.993416 -0.114559 0.000000 261.530168 0.114559 0.993416 0.000000 28.421126 0.000000 0.000000 1.000000 0.000000 1564718089076055959

0.993167 -0.116699 0.000000 264.525725 0.116699 0.993167 0.000000 28.861517 0.000000 0.000000 1.000000 0.000000 1564718089325792293

0.993098 -0.117284 0.000000 267.535231 0.117284 0.993098 0.000000 29.176108 0.000000 0.000000 1.000000 0.000000 1564718089579252207

0.993425 -0.114487 0.000000 270.562826 0.114487 0.993425 0.000000 29.489524 0.000000 0.000000 1.000000 0.000000 1564718089828377216

0.993746 -0.111662 0.000000 273.472095 0.111662 0.993746 0.000000 29.844899 0.000000 0.000000 1.000000 0.000000 1564718090077722734

0.994072 -0.108723 0.000000 276.403279 0.108723 0.994072 0.000000 30.177847 0.000000 0.000000 1.000000 0.000000 1564718090329316758

0.994221 -0.107354 0.000000 279.337304 0.107354 0.994221 0.000000 30.507554 0.000000 0.000000 1.000000 0.000000 1564718090578571008

0.994326 -0.106379 0.000000 282.248925 0.106379 0.994326 0.000000 30.763305 0.000000 0.000000 1.000000 0.000000 1564718090827852601

0.994285 -0.106757 0.000000 285.173970 0.106757 0.994285 0.000000 31.136952 0.000000 0.000000 1.000000 0.000000 1564718091078629284

0.994374 -0.105930 0.000000 288.102251 0.105930 0.994374 0.000000 31.452240 0.000000 0.000000 1.000000 0.000000 1564718091329527230

0.994436 -0.105339 0.000000 291.043181 0.105339 0.994436 0.000000 31.772590 0.000000 0.000000 1.000000 0.000000 1564718091579353745

0.994471 -0.105009 0.000000 293.971604 0.105009 0.994471 0.000000 32.049300 0.000000 0.000000 1.000000 0.000000 1564718091829471932

0.994674 -0.103071 0.000000 296.858247 0.103071 0.994674 0.000000 32.412626 0.000000 0.000000 1.000000 0.000000 1564718092079487531

0.994689 -0.102922 0.000000 299.757038 0.102922 0.994689 0.000000 32.685450 0.000000 0.000000 1.000000 0.000000 1564718092329829474

0.994748 -0.102358 0.000000 302.681209 0.102358 0.994748 0.000000 33.045241 0.000000 0.000000 1.000000 0.000000 1564718092580712279

0.994729 -0.102542 0.000000 305.625228 0.102542 0.994729 0.000000 33.368241 0.000000 0.000000 1.000000 0.000000 1564718092830711978

0.994866 -0.101197 0.000000 308.553786 0.101197 0.994866 0.000000 33.617755 0.000000 0.000000 1.000000 0.000000 1564718093081320630

0.994911 -0.100760 0.000000 311.597338 0.100760 0.994911 0.000000 34.029172 0.000000 0.000000 1.000000 0.000000 1564718093331445213

0.994824 -0.101612 0.000000 314.613452 0.101612 0.994824 0.000000 34.329326 0.000000 0.000000 1.000000 0.000000 1564718093582419646

0.994643 -0.103365 0.000000 317.652981 0.103365 0.994643 0.000000 34.716117 0.000000 0.000000 1.000000 0.000000 1564718093832659958

0.994595 -0.103831 0.000000 320.715137 0.103831 0.994595 0.000000 35.008458 0.000000 0.000000 1.000000 0.000000 1564718094083776542

0.994631 -0.103487 0.000000 323.840781 0.103487 0.994631 0.000000 35.330905 0.000000 0.000000 1.000000 0.000000 1564718094333896618

0.994548 -0.104278 0.000000 326.928120 0.104278 0.994548 0.000000 35.737344 0.000000 0.000000 1.000000 0.000000 1564718094583612568

0.994560 -0.104161 0.000000 330.061056 0.104161 0.994560 0.000000 36.149666 0.000000 0.000000 1.000000 0.000000 1564718094834631709

0.994601 -0.103776 0.000000 333.212630 0.103776 0.994601 0.000000 36.444212 0.000000 0.000000 1.000000 0.000000 1564718095085174421

0.994632 -0.103480 0.000000 336.447989 0.103480 0.994632 0.000000 36.769651 0.000000 0.000000 1.000000 0.000000 1564718095335554929

0.994579 -0.103982 0.000000 339.725429 0.103982 0.994579 0.000000 37.131494 0.000000 0.000000 1.000000 0.000000 1564718095585776139

0.994555 -0.104214 0.000000 342.985754 0.104214 0.994555 0.000000 37.476479 0.000000 0.000000 1.000000 0.000000 1564718095835890732

0.994437 -0.105337 0.000000 346.274338 0.105337 0.994437 0.000000 37.789736 0.000000 0.000000 1.000000 0.000000 1564718096085685902

0.994430 -0.105394 0.000000 349.554397 0.105394 0.994430 0.000000 38.191423 0.000000 0.000000 1.000000 0.000000 1564718096335247583

0.994368 -0.105984 0.000000 352.928655 0.105984 0.994368 0.000000 38.551382 0.000000 0.000000 1.000000 0.000000 1564718096585691237

0.994270 -0.106902 0.000000 356.282071 0.106902 0.994270 0.000000 38.925297 0.000000 0.000000 1.000000 0.000000 1564718096835677269

0.994298 -0.106636 0.000000 359.705808 0.106636 0.994298 0.000000 39.293987 0.000000 0.000000 1.000000 0.000000 1564718097086285834

0.994317 -0.106463 0.000000 363.146440 0.106463 0.994317 0.000000 39.658833 0.000000 0.000000 1.000000 0.000000 1564718097338807745

0.994362 -0.106035 0.000000 366.621773 0.106035 0.994362 0.000000 40.071572 0.000000 0.000000 1.000000 0.000000 1564718097588621676

0.994502 -0.104717 0.000000 370.060865 0.104717 0.994502 0.000000 40.433584 0.000000 0.000000 1.000000 0.000000 1564718097838988769

0.994578 -0.103989 0.000000 373.620290 0.103989 0.994578 0.000000 40.757327 0.000000 0.000000 1.000000 0.000000 1564718098089457482

0.994702 -0.102802 0.000000 377.126913 0.102802 0.994702 0.000000 41.250743 0.000000 0.000000 1.000000 0.000000 1564718098340120780

0.994806 -0.101791 0.000000 380.690285 0.101791 0.994806 0.000000 41.655332 0.000000 0.000000 1.000000 0.000000 1564718098590252214

0.994892 -0.100949 0.000000 384.252152 0.100949 0.994892 0.000000 41.993768 0.000000 0.000000 1.000000 0.000000 1564718098840429200

0.995011 -0.099761 0.000000 387.888415 0.099761 0.995011 0.000000 42.408263 0.000000 0.000000 1.000000 0.000000 1564718099090360457

0.995035 -0.099526 0.000000 391.453719 0.099526 0.995035 0.000000 42.732493 0.000000 0.000000 1.000000 0.000000 1564718099340175348

0.994935 -0.100517 0.000000 395.071383 0.100517 0.994935 0.000000 43.144734 0.000000 0.000000 1.000000 0.000000 1564718099590172444

0.994946 -0.100415 0.000000 398.713714 0.100415 0.994946 0.000000 43.471346 0.000000 0.000000 1.000000 0.000000 1564718099840094358

0.994883 -0.101034 0.000000 402.264830 0.101034 0.994883 0.000000 43.879335 0.000000 0.000000 1.000000 0.000000 1564718100090325088

0.994932 -0.100554 0.000000 405.892445 0.100554 0.994932 0.000000 44.316637 0.000000 0.000000 1.000000 0.000000 1564718100340241186

0.994913 -0.100733 0.000000 409.472014 0.100733 0.994913 0.000000 44.687678 0.000000 0.000000 1.000000 0.000000 1564718100590871503

0.994727 -0.102557 0.000000 413.066725 0.102557 0.994727 0.000000 45.025943 0.000000 0.000000 1.000000 0.000000 1564718100841705452

0.994435 -0.105347 0.000000 416.652712 0.105347 0.994435 0.000000 45.432679 0.000000 0.000000 1.000000 0.000000 1564718101091550692

0.994174 -0.107786 0.000000 420.295248 0.107786 0.994174 0.000000 45.840496 0.000000 0.000000 1.000000 0.000000 1564718101341893936

0.994163 -0.107890 0.000000 423.925743 0.107890 0.994163 0.000000 46.241639 0.000000 0.000000 1.000000 0.000000 1564718101591656602

0.994323 -0.106408 0.000000 427.540398 0.106408 0.994323 0.000000 46.634626 0.000000 0.000000 1.000000 0.000000 1564718101842633803

0.994344 -0.106211 0.000000 431.182156 0.106211 0.994344 0.000000 46.981590 0.000000 0.000000 1.000000 0.000000 1564718102093265203

0.994389 -0.105783 0.000000 434.855157 0.105783 0.994389 0.000000 47.399809 0.000000 0.000000 1.000000 0.000000 1564718102342988322

0.994438 -0.105324 0.000000 438.460762 0.105324 0.994438 0.000000 47.778798 0.000000 0.000000 1.000000 0.000000 1564718102593682472

0.994445 -0.105255 0.000000 442.099855 0.105255 0.994445 0.000000 48.235024 0.000000 0.000000 1.000000 0.000000 1564718102843575843

0.994550 -0.104258 0.000000 445.786511 0.104258 0.994550 0.000000 48.574503 0.000000 0.000000 1.000000 0.000000 1564718103094153584

0.994593 -0.103849 0.000000 449.422158 0.103849 0.994593 0.000000 48.922313 0.000000 0.000000 1.000000 0.000000 1564718103344428640

0.994692 -0.102900 0.000000 453.107828 0.102900 0.994692 0.000000 49.339599 0.000000 0.000000 1.000000 0.000000 1564718103594763636

0.994843 -0.101428 0.000000 456.837288 0.101428 0.994843 0.000000 49.775522 0.000000 0.000000 1.000000 0.000000 1564718103844791337

0.994962 -0.100251 0.000000 460.500426 0.100251 0.994962 0.000000 50.124459 0.000000 0.000000 1.000000 0.000000 1564718104095305437

0.994777 -0.102072 0.000000 464.256497 0.102072 0.994777 0.000000 50.499393 0.000000 0.000000 1.000000 0.000000 1564718104345651990

0.994895 -0.100917 0.000000 467.945143 0.100917 0.994895 0.000000 50.928122 0.000000 0.000000 1.000000 0.000000 1564718104595311527

0.994756 -0.102281 0.000000 471.649291 0.102281 0.994756 0.000000 51.284407 0.000000 0.000000 1.000000 0.000000 1564718104845231922

0.994620 -0.103591 0.000000 475.404859 0.103591 0.994620 0.000000 51.733183 0.000000 0.000000 1.000000 0.000000 1564718105096130744

0.994447 -0.105238 0.000000 479.120545 0.105238 0.994447 0.000000 52.100952 0.000000 0.000000 1.000000 0.000000 1564718105344976095

0.994267 -0.106926 0.000000 482.858058 0.106926 0.994267 0.000000 52.538689 0.000000 0.000000 1.000000 0.000000 1564718105595309902

0.994069 -0.108750 0.000000 486.623446 0.108750 0.994069 0.000000 52.886956 0.000000 0.000000 1.000000 0.000000 1564718105845521896

0.993965 -0.109701 0.000000 490.342332 0.109701 0.993965 0.000000 53.382356 0.000000 0.000000 1.000000 0.000000 1564718106095346350

0.993933 -0.109986 0.000000 494.062413 0.109986 0.993933 0.000000 53.757336 0.000000 0.000000 1.000000 0.000000 1564718106345844919

0.993960 -0.109747 0.000000 497.701319 0.109747 0.993960 0.000000 54.247460 0.000000 0.000000 1.000000 0.000000 1564718106597320308

0.994247 -0.107111 0.000000 501.362518 0.107111 0.994247 0.000000 54.628363 0.000000 0.000000 1.000000 0.000000 1564718106846393757

0.994313 -0.106497 0.000000 504.980295 0.106497 0.994313 0.000000 55.028517 0.000000 0.000000 1.000000 0.000000 1564718107096755099

0.994333 -0.106313 0.000000 508.624364 0.106313 0.994333 0.000000 55.444185 0.000000 0.000000 1.000000 0.000000 1564718107347458311

0.994274 -0.106860 0.000000 512.236588 0.106860 0.994274 0.000000 55.872134 0.000000 0.000000 1.000000 0.000000 1564718107597650575

0.994342 -0.106225 0.000000 515.875311 0.106225 0.994342 0.000000 56.316268 0.000000 0.000000 1.000000 0.000000 1564718107847996571

0.994393 -0.105752 0.000000 519.436008 0.105752 0.994393 0.000000 56.688877 0.000000 0.000000 1.000000 0.000000 1564718108097632811

0.994314 -0.106485 0.000000 523.012024 0.106485 0.994314 0.000000 57.092281 0.000000 0.000000 1.000000 0.000000 1564718108348625074

0.994199 -0.107560 0.000000 526.624664 0.107560 0.994199 0.000000 57.540465 0.000000 0.000000 1.000000 0.000000 1564718108598717691

0.994081 -0.108638 0.000000 530.238360 0.108638 0.994081 0.000000 57.991734 0.000000 0.000000 1.000000 0.000000 1564718108849719499

0.994039 -0.109022 0.000000 533.826395 0.109022 0.994039 0.000000 58.375505 0.000000 0.000000 1.000000 0.000000 1564718109099146841

0.993981 -0.109554 0.000000 537.436261 0.109554 0.993981 0.000000 58.812121 0.000000 0.000000 1.000000 0.000000 1564718109349239877

0.993806 -0.111125 0.000000 541.037230 0.111125 0.993806 0.000000 59.195496 0.000000 0.000000 1.000000 0.000000 1564718109599730325

0.993974 -0.109612 0.000000 544.593765 0.109612 0.993974 0.000000 59.677087 0.000000 0.000000 1.000000 0.000000 1564718109849920503

0.993859 -0.110653 0.000000 548.225688 0.110653 0.993859 0.000000 60.070178 0.000000 0.000000 1.000000 0.000000 1564718110100171330

0.993727 -0.111829 0.000000 551.857747 0.111829 0.993727 0.000000 60.468825 0.000000 0.000000 1.000000 0.000000 1564718110350229696

0.993817 -0.111027 0.000000 555.465185 0.111027 0.993817 0.000000 60.867705 0.000000 0.000000 1.000000 0.000000 1564718110600179413

0.993978 -0.109584 0.000000 559.096750 0.109584 0.993978 0.000000 61.282733 0.000000 0.000000 1.000000 0.000000 1564718110850402026

0.994014 -0.109255 0.000000 562.678065 0.109255 0.994014 0.000000 61.706859 0.000000 0.000000 1.000000 0.000000 1564718111101025803

0.994086 -0.108599 0.000000 566.354529 0.108599 0.994086 0.000000 62.126022 0.000000 0.000000 1.000000 0.000000 1564718111351288592

0.994097 -0.108492 0.000000 569.954844 0.108492 0.994097 0.000000 62.492806 0.000000 0.000000 1.000000 0.000000 1564718111601180023

0.994013 -0.109266 0.000000 573.563571 0.109266 0.994013 0.000000 62.922637 0.000000 0.000000 1.000000 0.000000 1564718111851831211

0.993967 -0.109676 0.000000 577.193068 0.109676 0.993967 0.000000 63.304317 0.000000 0.000000 1.000000 0.000000 1564718112101965100

0.993867 -0.110584 0.000000 580.899423 0.110584 0.993867 0.000000 63.726991 0.000000 0.000000 1.000000 0.000000 1564718112352761593

0.993822 -0.110989 0.000000 584.551624 0.110989 0.993822 0.000000 64.139575 0.000000 0.000000 1.000000 0.000000 1564718112602635329

0.993834 -0.110879 0.000000 588.209580 0.110879 0.993834 0.000000 64.588418 0.000000 0.000000 1.000000 0.000000 1564718112852836443

0.994119 -0.108294 0.000000 591.931362 0.108294 0.994119 0.000000 65.040053 0.000000 0.000000 1.000000 0.000000 1564718113102900671

0.994102 -0.108447 0.000000 595.637882 0.108447 0.994102 0.000000 65.461553 0.000000 0.000000 1.000000 0.000000 1564718113352789620

0.994721 -0.102621 0.000000 599.368453 0.102621 0.994721 0.000000 65.863234 0.000000 0.000000 1.000000 0.000000 1564718113603547937

0.994723 -0.102594 0.000000 603.100810 0.102594 0.994723 0.000000 66.277898 0.000000 0.000000 1.000000 0.000000 1564718113853662759

0.994681 -0.103007 0.000000 606.833632 0.103007 0.994681 0.000000 66.631858 0.000000 0.000000 1.000000 0.000000 1564718114104783137

0.994516 -0.104585 0.000000 610.581826 0.104585 0.994516 0.000000 67.071275 0.000000 0.000000 1.000000 0.000000 1564718114355226118

0.994294 -0.106677 0.000000 614.318845 0.106677 0.994294 0.000000 67.460882 0.000000 0.000000 1.000000 0.000000 1564718114605424538

0.994182 -0.107717 0.000000 618.092866 0.107717 0.994182 0.000000 67.856983 0.000000 0.000000 1.000000 0.000000 1564718114855431353

0.993991 -0.109458 0.000000 621.807335 0.109458 0.993991 0.000000 68.194890 0.000000 0.000000 1.000000 0.000000 1564718115104820373

0.993848 -0.110756 0.000000 625.538260 0.110756 0.993848 0.000000 68.638484 0.000000 0.000000 1.000000 0.000000 1564718115355422445

0.993989 -0.109477 0.000000 629.308168 0.109477 0.993989 0.000000 69.086978 0.000000 0.000000 1.000000 0.000000 1564718115605529753

0.994189 -0.107646 0.000000 633.121922 0.107646 0.994189 0.000000 69.457291 0.000000 0.000000 1.000000 0.000000 1564718115856356287

0.994285 -0.106756 0.000000 636.852233 0.106756 0.994285 0.000000 69.854856 0.000000 0.000000 1.000000 0.000000 1564718116108215419

0.994361 -0.106052 0.000000 640.659313 0.106052 0.994361 0.000000 70.260872 0.000000 0.000000 1.000000 0.000000 1564718116357210507

0.994319 -0.106441 0.000000 644.418501 0.106441 0.994319 0.000000 70.667198 0.000000 0.000000 1.000000 0.000000 1564718116608482883

0.994393 -0.105749 0.000000 648.233966 0.105749 0.994393 0.000000 71.086843 0.000000 0.000000 1.000000 0.000000 1564718116857913736

0.994057 -0.108859 0.000000 651.951022 0.108859 0.994057 0.000000 71.451159 0.000000 0.000000 1.000000 0.000000 1564718117108554527

0.993909 -0.110200 0.000000 655.679814 0.110200 0.993909 0.000000 71.860264 0.000000 0.000000 1.000000 0.000000 1564718117359073631

0.993886 -0.110411 0.000000 659.444528 0.110411 0.993886 0.000000 72.358968 0.000000 0.000000 1.000000 0.000000 1564718117608849291

0.993732 -0.111785 0.000000 663.106531 0.111785 0.993732 0.000000 72.804302 0.000000 0.000000 1.000000 0.000000 1564718117859533049

0.993549 -0.113405 0.000000 666.823298 0.113405 0.993549 0.000000 73.261466 0.000000 0.000000 1.000000 0.000000 1564718118110138118

0.993572 -0.113202 0.000000 670.460537 0.113202 0.993572 0.000000 73.691035 0.000000 0.000000 1.000000 0.000000 1564718118360203153

0.993798 -0.111198 0.000000 674.166410 0.111198 0.993798 0.000000 74.174198 0.000000 0.000000 1.000000 0.000000 1564718118609934650

0.993883 -0.110441 0.000000 677.907227 0.110441 0.993883 0.000000 74.606732 0.000000 0.000000 1.000000 0.000000 1564718118860242433

0.993923 -0.110080 0.000000 681.641069 0.110080 0.993923 0.000000 75.035297 0.000000 0.000000 1.000000 0.000000 1564718119110846518

0.993978 -0.109576 0.000000 685.346949 0.109576 0.993978 0.000000 75.392916 0.000000 0.000000 1.000000 0.000000 1564718119361265413

0.994005 -0.109336 0.000000 689.064952 0.109336 0.994005 0.000000 75.819246 0.000000 0.000000 1.000000 0.000000 1564718119611214659

0.993825 -0.110958 0.000000 692.856325 0.110958 0.993825 0.000000 76.187227 0.000000 0.000000 1.000000 0.000000 1564718119861635746

0.993950 -0.109834 0.000000 696.626315 0.109834 0.993950 0.000000 76.611456 0.000000 0.000000 1.000000 0.000000 1564718120111288964

0.994123 -0.108255 0.000000 700.302363 0.108255 0.994123 0.000000 76.996092 0.000000 0.000000 1.000000 0.000000 1564718120362053943

0.994129 -0.108204 0.000000 703.983318 0.108204 0.994129 0.000000 77.489296 0.000000 0.000000 1.000000 0.000000 1564718120612041414

0.994082 -0.108635 0.000000 707.735337 0.108635 0.994082 0.000000 77.828722 0.000000 0.000000 1.000000 0.000000 1564718120861420588

0.994108 -0.108394 0.000000 711.387789 0.108394 0.994108 0.000000 78.258734 0.000000 0.000000 1.000000 0.000000 1564718121112231405

0.994070 -0.108747 0.000000 715.105035 0.108747 0.994070 0.000000 78.648750 0.000000 0.000000 1.000000 0.000000 1564718121362845552

0.993963 -0.109714 0.000000 718.850969 0.109714 0.993963 0.000000 79.058493 0.000000 0.000000 1.000000 0.000000 1564718121612722957

0.993848 -0.110749 0.000000 722.582141 0.110749 0.993848 0.000000 79.462435 0.000000 0.000000 1.000000 0.000000 1564718121864244057

0.993775 -0.111403 0.000000 726.296557 0.111403 0.993775 0.000000 79.857805 0.000000 0.000000 1.000000 0.000000 1564718122112255026

0.993739 -0.111728 0.000000 729.951721 0.111728 0.993739 0.000000 80.323382 0.000000 0.000000 1.000000 0.000000 1564718122362468496

0.993930 -0.110017 0.000000 733.679297 0.110017 0.993930 0.000000 80.752684 0.000000 0.000000 1.000000 0.000000 1564718122612724852

0.994015 -0.109245 0.000000 737.381050 0.109245 0.994015 0.000000 81.101305 0.000000 0.000000 1.000000 0.000000 1564718122862596511

0.994047 -0.108952 0.000000 741.089990 0.108952 0.994047 0.000000 81.535576 0.000000 0.000000 1.000000 0.000000 1564718123112846226

0.993971 -0.109641 0.000000 744.763366 0.109641 0.993971 0.000000 81.950128 0.000000 0.000000 1.000000 0.000000 1564718123363568981

0.993853 -0.110705 0.000000 748.525122 0.110705 0.993853 0.000000 82.380685 0.000000 0.000000 1.000000 0.000000 1564718123613616679

0.993785 -0.111313 0.000000 752.199919 0.111313 0.993785 0.000000 82.785549 0.000000 0.000000 1.000000 0.000000 1564718123863979815

0.993747 -0.111653 0.000000 755.923713 0.111653 0.993747 0.000000 83.194831 0.000000 0.000000 1.000000 0.000000 1564718124114374395

0.993751 -0.111620 0.000000 759.562423 0.111620 0.993751 0.000000 83.683999 0.000000 0.000000 1.000000 0.000000 1564718124364416136

0.993883 -0.110440 0.000000 763.302354 0.110440 0.993883 0.000000 84.098324 0.000000 0.000000 1.000000 0.000000 1564718124614537476

0.993799 -0.111195 0.000000 767.073629 0.111195 0.993799 0.000000 84.516087 0.000000 0.000000 1.000000 0.000000 1564718124864721864

0.993781 -0.111348 0.000000 770.740116 0.111348 0.993781 0.000000 84.933141 0.000000 0.000000 1.000000 0.000000 1564718125114599521

0.993716 -0.111928 0.000000 774.482650 0.111928 0.993716 0.000000 85.252981 0.000000 0.000000 1.000000 0.000000 1564718125365221904

0.993692 -0.112141 0.000000 778.205351 0.112141 0.993692 0.000000 85.737659 0.000000 0.000000 1.000000 0.000000 1564718125615113525

0.993664 -0.112393 0.000000 782.003865 0.112393 0.993664 0.000000 86.100302 0.000000 0.000000 1.000000 0.000000 1564718125866894155

0.993842 -0.110806 0.000000 785.641992 0.110806 0.993842 0.000000 86.607679 0.000000 0.000000 1.000000 0.000000 1564718126116133393

0.993570 -0.113223 0.000000 789.348241 0.113223 0.993570 0.000000 86.925690 0.000000 0.000000 1.000000 0.000000 1564718126368672397

0.993477 -0.114030 0.000000 793.156546 0.114030 0.993477 0.000000 87.326340 0.000000 0.000000 1.000000 0.000000 1564718126618274729

0.993656 -0.112460 0.000000 796.843008 0.112460 0.993656 0.000000 87.786589 0.000000 0.000000 1.000000 0.000000 1564718126867815903

0.993893 -0.110344 0.000000 800.510009 0.110344 0.993893 0.000000 88.187753 0.000000 0.000000 1.000000 0.000000 1564718127117686560

0.993923 -0.110079 0.000000 804.256709 0.110079 0.993923 0.000000 88.599751 0.000000 0.000000 1.000000 0.000000 1564718127367886077

0.993814 -0.111061 0.000000 808.005461 0.111061 0.993814 0.000000 88.915793 0.000000 0.000000 1.000000 0.000000 1564718127618259679

0.993909 -0.110207 0.000000 811.697977 0.110207 0.993909 0.000000 89.426939 0.000000 0.000000 1.000000 0.000000 1564718127868536573

0.994013 -0.109258 0.000000 815.387547 0.109258 0.994013 0.000000 89.855761 0.000000 0.000000 1.000000 0.000000 1564718128118653035

0.994048 -0.108943 0.000000 819.150019 0.108943 0.994048 0.000000 90.267340 0.000000 0.000000 1.000000 0.000000 1564718128368838568

0.994079 -0.108657 0.000000 822.889401 0.108657 0.994079 0.000000 90.634056 0.000000 0.000000 1.000000 0.000000 1564718128618744076

0.994031 -0.109094 0.000000 826.639899 0.109094 0.994031 0.000000 91.106088 0.000000 0.000000 1.000000 0.000000 1564718128868795415

0.993852 -0.110714 0.000000 830.387561 0.110714 0.993852 0.000000 91.447127 0.000000 0.000000 1.000000 0.000000 1564718129119778450

0.993754 -0.111592 0.000000 834.147440 0.111592 0.993754 0.000000 91.877577 0.000000 0.000000 1.000000 0.000000 1564718129370416120

0.993806 -0.111128 0.000000 837.837411 0.111128 0.993806 0.000000 92.338380 0.000000 0.000000 1.000000 0.000000 1564718129620665748

0.993783 -0.111334 0.000000 841.569884 0.111334 0.993783 0.000000 92.726061 0.000000 0.000000 1.000000 0.000000 1564718129870532182

0.993716 -0.111933 0.000000 845.283480 0.111933 0.993716 0.000000 93.219441 0.000000 0.000000 1.000000 0.000000 1564718130120742584

0.993808 -0.111109 0.000000 848.968215 0.111109 0.993808 0.000000 93.546965 0.000000 0.000000 1.000000 0.000000 1564718130370927131

0.993586 -0.113080 0.000000 852.634065 0.113080 0.993586 0.000000 93.996388 0.000000 0.000000 1.000000 0.000000 1564718130620970356

0.993620 -0.112776 0.000000 856.414460 0.112776 0.993620 0.000000 94.409254 0.000000 0.000000 1.000000 0.000000 1564718130871524688

0.993168 -0.116696 0.000000 860.179191 0.116696 0.993168 0.000000 94.823133 0.000000 0.000000 1.000000 0.000000 1564718131121774381

0.993484 -0.113968 0.000000 863.936834 0.113968 0.993484 0.000000 95.230156 0.000000 0.000000 1.000000 0.000000 1564718131371798391

0.993053 -0.117666 0.000000 867.595554 0.117666 0.993053 0.000000 95.654013 0.000000 0.000000 1.000000 0.000000 1564718131621749359

0.993440 -0.114351 0.000000 871.253097 0.114351 0.993440 0.000000 96.032367 0.000000 0.000000 1.000000 0.000000 1564718131871930040

0.993129 -0.117021 0.000000 875.046508 0.117021 0.993129 0.000000 96.446657 0.000000 0.000000 1.000000 0.000000 1564718132121737398

0.993101 -0.117262 0.000000 878.684670 0.117262 0.993101 0.000000 96.939308 0.000000 0.000000 1.000000 0.000000 1564718132372267679

0.993201 -0.116413 0.000000 882.301239 0.116413 0.993201 0.000000 97.382653 0.000000 0.000000 1.000000 0.000000 1564718132622444043

0.993415 -0.114572 0.000000 885.976961 0.114572 0.993415 0.000000 97.810866 0.000000 0.000000 1.000000 0.000000 1564718132873527288

0.993850 -0.110734 0.000000 889.577200 0.110734 0.993850 0.000000 98.287995 0.000000 0.000000 1.000000 0.000000 1564718133123282743

0.993640 -0.112606 0.000000 893.339389 0.112606 0.993640 0.000000 98.717750 0.000000 0.000000 1.000000 0.000000 1564718133373595855

0.993732 -0.111790 0.000000 896.999495 0.111790 0.993732 0.000000 99.190105 0.000000 0.000000 1.000000 0.000000 1564718133624052757

0.993591 -0.113033 0.000000 900.606120 0.113033 0.993591 0.000000 99.583328 0.000000 0.000000 1.000000 0.000000 1564718133873829000

0.993448 -0.114287 0.000000 904.354211 0.114287 0.993448 0.000000 100.005287 0.000000 0.000000 1.000000 0.000000 1564718134124460189

0.993657 -0.112456 0.000000 907.973345 0.112456 0.993657 0.000000 100.434652 0.000000 0.000000 1.000000 0.000000 1564718134374437897

0.993781 -0.111355 0.000000 911.709458 0.111355 0.993781 0.000000 100.821383 0.000000 0.000000 1.000000 0.000000 1564718134625272516

0.993871 -0.110549 0.000000 915.358697 0.110549 0.993871 0.000000 101.315639 0.000000 0.000000 1.000000 0.000000 1564718134875194069

0.994340 -0.106249 0.000000 919.045521 0.106249 0.994340 0.000000 101.660524 0.000000 0.000000 1.000000 0.000000 1564718135124940940

0.994138 -0.108117 0.000000 922.713324 0.108117 0.994138 0.000000 102.121709 0.000000 0.000000 1.000000 0.000000 1564718135374236544

0.994134 -0.108154 0.000000 926.356304 0.108154 0.994134 0.000000 102.391059 0.000000 0.000000 1.000000 0.000000 1564718135624396729

0.993941 -0.109911 0.000000 930.050740 0.109911 0.993941 0.000000 102.837534 0.000000 0.000000 1.000000 0.000000 1564718135874666382

0.993829 -0.110926 0.000000 933.718215 0.110926 0.993829 0.000000 103.168176 0.000000 0.000000 1.000000 0.000000 1564718136124839105

0.993834 -0.110877 0.000000 937.375378 0.110877 0.993834 0.000000 103.623310 0.000000 0.000000 1.000000 0.000000 1564718136375055374

0.994022 -0.109184 0.000000 940.997566 0.109184 0.994022 0.000000 104.078567 0.000000 0.000000 1.000000 0.000000 1564718136625217292

0.994113 -0.108352 0.000000 944.670296 0.108352 0.994113 0.000000 104.452183 0.000000 0.000000 1.000000 0.000000 1564718136875495428

0.994191 -0.107634 0.000000 948.410738 0.107634 0.994191 0.000000 104.871517 0.000000 0.000000 1.000000 0.000000 1564718137127180745

0.994292 -0.106692 0.000000 951.996723 0.106692 0.994292 0.000000 105.250359 0.000000 0.000000 1.000000 0.000000 1564718137377706416

0.994375 -0.105919 0.000000 955.666817 0.105919 0.994375 0.000000 105.610492 0.000000 0.000000 1.000000 0.000000 1564718137628004445

0.994550 -0.104265 0.000000 959.248962 0.104265 0.994550 0.000000 106.042344 0.000000 0.000000 1.000000 0.000000 1564718137876914833

0.994660 -0.103202 0.000000 962.959176 0.103202 0.994660 0.000000 106.411207 0.000000 0.000000 1.000000 0.000000 1564718138128045061

0.995297 -0.096868 0.000000 966.637592 0.096868 0.995297 0.000000 106.777065 0.000000 0.000000 1.000000 0.000000 1564718138377878009

0.995745 -0.092156 0.000000 970.294013 0.092156 0.995745 0.000000 107.090872 0.000000 0.000000 1.000000 0.000000 1564718138628321097

0.996256 -0.086455 0.000000 973.942581 0.086455 0.996256 0.000000 107.448018 0.000000 0.000000 1.000000 0.000000 1564718138878495442

0.996911 -0.078535 0.000000 977.591251 0.078535 0.996911 0.000000 107.771023 0.000000 0.000000 1.000000 0.000000 1564718139128938505

0.997392 -0.072181 0.000000 981.181724 0.072181 0.997392 0.000000 108.047736 0.000000 0.000000 1.000000 0.000000 1564718139379170567

0.997825 -0.065913 0.000000 984.841359 0.065913 0.997825 0.000000 108.251874 0.000000 0.000000 1.000000 0.000000 1564718139629133872

0.998385 -0.056803 0.000000 988.500857 0.056803 0.998385 0.000000 108.555153 0.000000 0.000000 1.000000 0.000000 1564718139879020040

0.998913 -0.046604 0.000000 992.184537 0.046604 0.998913 0.000000 108.767654 0.000000 0.000000 1.000000 0.000000 1564718140129620796

0.999240 -0.038991 0.000000 995.798704 0.038991 0.999240 0.000000 108.871687 0.000000 0.000000 1.000000 0.000000 1564718140379535015

0.999563 -0.029563 0.000000 999.488158 0.029563 0.999563 0.000000 109.007174 0.000000 0.000000 1.000000 0.000000 1564718140629946418

