0.999625 -0.027373 0.000000 -0.890252 0.027373 0.999625 0.000000 -1.006923 0.000000 0.000000 1.000000 0.000000 1566534851263598000

0.999602 -0.028205 0.000000 0.859711 0.028205 0.999602 0.000000 -0.963274 0.000000 0.000000 1.000000 0.000000 1566534860497397000

0.999617 -0.027660 0.000000 2.684000 0.027660 0.999617 0.000000 -0.908502 0.000000 0.000000 1.000000 0.000000 1566534861496129000

0.999635 -0.027011 0.000000 4.672137 0.027011 0.999635 0.000000 -0.853892 0.000000 0.000000 1.000000 0.000000 1566534862244753000

0.999640 -0.026824 0.000000 6.372924 0.026824 0.999640 0.000000 -0.823232 0.000000 0.000000 1.000000 0.000000 1566534862744802000

0.999657 -0.026191 0.000000 8.379341 0.026191 0.999657 0.000000 -0.703117 0.000000 0.000000 1.000000 0.000000 1566534863243563000

0.999658 -0.026157 0.000000 10.686820 0.026157 0.999658 0.000000 -0.635342 0.000000 0.000000 1.000000 0.000000 1566534863743133000

0.999652 -0.026371 0.000000 13.288317 0.026371 0.999652 0.000000 -0.609677 0.000000 0.000000 1.000000 0.000000 1566534864242660000

0.999668 -0.025753 0.000000 16.166910 0.025753 0.999668 0.000000 -0.444212 0.000000 0.000000 1.000000 0.000000 1566534864742233000

0.999668 -0.025759 0.000000 17.679713 0.025759 0.999668 0.000000 -0.472248 0.000000 0.000000 1.000000 0.000000 1566534864991635000

0.999675 -0.025492 0.000000 19.315455 0.025492 0.999675 0.000000 -0.374854 0.000000 0.000000 1.000000 0.000000 1566534865240461000

0.999714 -0.023904 0.000000 20.950356 0.023904 0.999714 0.000000 -0.354183 0.000000 0.000000 1.000000 0.000000 1566534865490006000

0.999737 -0.022937 0.000000 22.721152 0.022937 0.999737 0.000000 -0.263124 0.000000 0.000000 1.000000 0.000000 1566534865740111000

0.999739 -0.022847 0.000000 24.505149 0.022847 0.999739 0.000000 -0.258892 0.000000 0.000000 1.000000 0.000000 1566534865989856000

0.999746 -0.022539 0.000000 26.346234 0.022539 0.999746 0.000000 -0.214171 0.000000 0.000000 1.000000 0.000000 1566534866239960000

0.999758 -0.021976 0.000000 28.277063 0.021976 0.999758 0.000000 -0.195715 0.000000 0.000000 1.000000 0.000000 1566534866489006000

0.999773 -0.021300 0.000000 30.308185 0.021300 0.999773 0.000000 -0.120024 0.000000 0.000000 1.000000 0.000000 1566534866738635000

0.999785 -0.020714 0.000000 32.320765 0.020714 0.999785 0.000000 -0.088267 0.000000 0.000000 1.000000 0.000000 1566534866988073000

0.999807 -0.019643 0.000000 34.426099 0.019643 0.999807 0.000000 0.002116 0.000000 0.000000 1.000000 0.000000 1566534867237542000

0.999823 -0.018806 0.000000 36.612212 0.018806 0.999823 0.000000 0.091198 0.000000 0.000000 1.000000 0.000000 1566534867487141000

0.999831 -0.018362 0.000000 38.857997 0.018362 0.999831 0.000000 0.128396 0.000000 0.000000 1.000000 0.000000 1566534867736404000

0.999843 -0.017733 0.000000 41.104653 0.017733 0.999843 0.000000 0.158587 0.000000 0.000000 1.000000 0.000000 1566534867985909000

0.999870 -0.016125 0.000000 43.439699 0.016125 0.999870 0.000000 0.262252 0.000000 0.000000 1.000000 0.000000 1566534868234810000

0.999890 -0.014849 0.000000 45.856776 0.014849 0.999890 0.000000 0.291903 0.000000 0.000000 1.000000 0.000000 1566534868484705000

0.999881 -0.015402 0.000000 48.342919 0.015402 0.999881 0.000000 0.287016 0.000000 0.000000 1.000000 0.000000 1566534868734015000

0.999873 -0.015911 0.000000 50.873190 0.015911 0.999873 0.000000 0.367808 0.000000 0.000000 1.000000 0.000000 1566534868983709000

0.999874 -0.015853 0.000000 53.444683 0.015853 0.999874 0.000000 0.414691 0.000000 0.000000 1.000000 0.000000 1566534869233451000

0.999883 -0.015274 0.000000 56.032427 0.015274 0.999883 0.000000 0.444987 0.000000 0.000000 1.000000 0.000000 1566534869483239000

0.999886 -0.015072 0.000000 58.683146 0.015072 0.999886 0.000000 0.465164 0.000000 0.000000 1.000000 0.000000 1566534869732399000

0.999862 -0.016594 0.000000 61.404255 0.016594 0.999862 0.000000 0.539015 0.000000 0.000000 1.000000 0.000000 1566534869982463000

0.999848 -0.017412 0.000000 64.103444 0.017412 0.999848 0.000000 0.564426 0.000000 0.000000 1.000000 0.000000 1566534870231552000

0.999863 -0.016579 0.000000 66.834336 0.016579 0.999863 0.000000 0.676458 0.000000 0.000000 1.000000 0.000000 1566534870480170000

0.999871 -0.016048 0.000000 69.593734 0.016048 0.999871 0.000000 0.707168 0.000000 0.000000 1.000000 0.000000 1566534870729495000

0.999891 -0.014756 0.000000 72.379551 0.014756 0.999891 0.000000 0.737122 0.000000 0.000000 1.000000 0.000000 1566534870978011000

0.999902 -0.013997 0.000000 75.175281 0.013997 0.999902 0.000000 0.872549 0.000000 0.000000 1.000000 0.000000 1566534871227215000

0.999908 -0.013570 0.000000 77.978369 0.013570 0.999908 0.000000 0.900565 0.000000 0.000000 1.000000 0.000000 1566534871477001000

0.999904 -0.013833 0.000000 80.813235 0.013833 0.999904 0.000000 0.930887 0.000000 0.000000 1.000000 0.000000 1566534871725757000

0.999905 -0.013819 0.000000 83.725166 0.013819 0.999905 0.000000 0.984350 0.000000 0.000000 1.000000 0.000000 1566534871974965000

0.999906 -0.013742 0.000000 86.626625 0.013742 0.999906 0.000000 1.125189 0.000000 0.000000 1.000000 0.000000 1566534872224015000

0.999910 -0.013418 0.000000 89.559258 0.013418 0.999910 0.000000 1.180043 0.000000 0.000000 1.000000 0.000000 1566534872473873000

0.999895 -0.014477 0.000000 92.532372 0.014477 0.999895 0.000000 1.258359 0.000000 0.000000 1.000000 0.000000 1566534872723581000

0.999895 -0.014465 0.000000 95.526344 0.014465 0.999895 0.000000 1.367781 0.000000 0.000000 1.000000 0.000000 1566534872973314000

0.999884 -0.015217 0.000000 98.562792 0.015217 0.999884 0.000000 1.407865 0.000000 0.000000 1.000000 0.000000 1566534873224470000

0.999884 -0.015233 0.000000 101.639527 0.015233 0.999884 0.000000 1.434182 0.000000 0.000000 1.000000 0.000000 1566534873473136000

0.999893 -0.014636 0.000000 104.724367 0.014636 0.999893 0.000000 1.516192 0.000000 0.000000 1.000000 0.000000 1566534873722477000

0.999872 -0.015988 0.000000 107.788943 0.015988 0.999872 0.000000 1.574449 0.000000 0.000000 1.000000 0.000000 1566534873971933000

0.999883 -0.015327 0.000000 110.914971 0.015327 0.999883 0.000000 1.660884 0.000000 0.000000 1.000000 0.000000 1566534874220970000

0.999884 -0.015238 0.000000 114.089108 0.015238 0.999884 0.000000 1.709146 0.000000 0.000000 1.000000 0.000000 1566534874470191000

0.999887 -0.015064 0.000000 117.205254 0.015064 0.999887 0.000000 1.799446 0.000000 0.000000 1.000000 0.000000 1566534874720128000

0.999865 -0.016432 0.000000 120.406451 0.016432 0.999865 0.000000 1.841028 0.000000 0.000000 1.000000 0.000000 1566534874969566000

0.999875 -0.015838 0.000000 123.562552 0.015838 0.999875 0.000000 1.904043 0.000000 0.000000 1.000000 0.000000 1566534875218376000

0.999883 -0.015285 0.000000 126.659579 0.015285 0.999883 0.000000 1.926362 0.000000 0.000000 1.000000 0.000000 1566534875467677000

0.999887 -0.015036 0.000000 129.801331 0.015036 0.999887 0.000000 2.031362 0.000000 0.000000 1.000000 0.000000 1566534875716795000

0.999883 -0.015327 0.000000 132.936570 0.015327 0.999883 0.000000 2.087696 0.000000 0.000000 1.000000 0.000000 1566534875965592000

0.999871 -0.016036 0.000000 136.040794 0.016036 0.999871 0.000000 2.141946 0.000000 0.000000 1.000000 0.000000 1566534876215303000

0.999899 -0.014192 0.000000 139.140193 0.014192 0.999899 0.000000 2.253471 0.000000 0.000000 1.000000 0.000000 1566534876464019000

0.999909 -0.013500 0.000000 142.274338 0.013500 0.999909 0.000000 2.307980 0.000000 0.000000 1.000000 0.000000 1566534876712883000

0.999901 -0.014074 0.000000 145.374462 0.014074 0.999901 0.000000 2.390094 0.000000 0.000000 1.000000 0.000000 1566534876962261000

0.999906 -0.013679 0.000000 148.495310 0.013679 0.999906 0.000000 2.461473 0.000000 0.000000 1.000000 0.000000 1566534877211637000

0.999917 -0.012896 0.000000 151.588084 0.012896 0.999917 0.000000 2.514113 0.000000 0.000000 1.000000 0.000000 1566534877460793000

0.999906 -0.013699 0.000000 154.703360 0.013699 0.999906 0.000000 2.569573 0.000000 0.000000 1.000000 0.000000 1566534877710001000

0.999910 -0.013438 0.000000 157.795467 0.013438 0.999910 0.000000 2.668736 0.000000 0.000000 1.000000 0.000000 1566534877958828000

0.999924 -0.012324 0.000000 160.915468 0.012324 0.999924 0.000000 2.737636 0.000000 0.000000 1.000000 0.000000 1566534878208458000

0.999912 -0.013269 0.000000 164.036610 0.013269 0.999912 0.000000 2.800684 0.000000 0.000000 1.000000 0.000000 1566534878457636000

0.999911 -0.013306 0.000000 167.169004 0.013306 0.999911 0.000000 2.796121 0.000000 0.000000 1.000000 0.000000 1566534878706716000

0.999916 -0.012953 0.000000 170.252190 0.012953 0.999916 0.000000 2.903682 0.000000 0.000000 1.000000 0.000000 1566534878956087000

0.999917 -0.012876 0.000000 173.375639 0.012876 0.999917 0.000000 2.937429 0.000000 0.000000 1.000000 0.000000 1566534879204976000

0.999929 -0.011913 0.000000 176.478204 0.011913 0.999929 0.000000 3.017902 0.000000 0.000000 1.000000 0.000000 1566534879454516000

0.999936 -0.011338 0.000000 179.625381 0.011338 0.999936 0.000000 3.111332 0.000000 0.000000 1.000000 0.000000 1566534879703646000

0.999940 -0.010982 0.000000 182.752466 0.010982 0.999940 0.000000 3.205871 0.000000 0.000000 1.000000 0.000000 1566534879953316000

0.999936 -0.011333 0.000000 185.921757 0.011333 0.999936 0.000000 3.272249 0.000000 0.000000 1.000000 0.000000 1566534880202245000

0.999930 -0.011813 0.000000 189.131196 0.011813 0.999930 0.000000 3.342705 0.000000 0.000000 1.000000 0.000000 1566534880451516000

0.999930 -0.011850 0.000000 192.292976 0.011850 0.999930 0.000000 3.393333 0.000000 0.000000 1.000000 0.000000 1566534880702586000

0.999938 -0.011145 0.000000 195.566132 0.011145 0.999938 0.000000 3.480841 0.000000 0.000000 1.000000 0.000000 1566534880949771000

0.999940 -0.010963 0.000000 198.785188 0.010963 0.999940 0.000000 3.572556 0.000000 0.000000 1.000000 0.000000 1566534881199227000

0.999939 -0.011090 0.000000 202.066161 0.011090 0.999939 0.000000 3.611252 0.000000 0.000000 1.000000 0.000000 1566534881447827000

0.999929 -0.011940 0.000000 205.385538 0.011940 0.999929 0.000000 3.671905 0.000000 0.000000 1.000000 0.000000 1566534881697066000

0.999931 -0.011783 0.000000 208.639985 0.011783 0.999931 0.000000 3.744324 0.000000 0.000000 1.000000 0.000000 1566534881946684000

0.999941 -0.010875 0.000000 211.965965 0.010875 0.999941 0.000000 3.800543 0.000000 0.000000 1.000000 0.000000 1566534882195163000

0.999932 -0.011640 0.000000 215.340372 0.011640 0.999932 0.000000 3.927580 0.000000 0.000000 1.000000 0.000000 1566534882444049000

0.999922 -0.012517 0.000000 218.700068 0.012517 0.999922 0.000000 3.956404 0.000000 0.000000 1.000000 0.000000 1566534882693647000

0.999925 -0.012252 0.000000 222.078921 0.012252 0.999925 0.000000 3.979454 0.000000 0.000000 1.000000 0.000000 1566534882943533000

0.999929 -0.011949 0.000000 225.488069 0.011949 0.999929 0.000000 4.074643 0.000000 0.000000 1.000000 0.000000 1566534883192499000

0.999939 -0.011024 0.000000 228.873644 0.011024 0.999939 0.000000 4.205199 0.000000 0.000000 1.000000 0.000000 1566534883441333000

0.999935 -0.011418 0.000000 232.365162 0.011418 0.999935 0.000000 4.272000 0.000000 0.000000 1.000000 0.000000 1566534883690568000

0.999938 -0.011159 0.000000 235.811338 0.011159 0.999938 0.000000 4.384457 0.000000 0.000000 1.000000 0.000000 1566534883941597000

0.999943 -0.010691 0.000000 239.259452 0.010691 0.999943 0.000000 4.527932 0.000000 0.000000 1.000000 0.000000 1566534884188760000

0.999931 -0.011769 0.000000 242.764442 0.011769 0.999931 0.000000 4.567750 0.000000 0.000000 1.000000 0.000000 1566534884438185000

0.999943 -0.010686 0.000000 246.273588 0.010686 0.999943 0.000000 4.613494 0.000000 0.000000 1.000000 0.000000 1566534884687263000

0.999956 -0.009399 0.000000 249.685944 0.009399 0.999956 0.000000 4.724660 0.000000 0.000000 1.000000 0.000000 1566534884936602000

0.999933 -0.011545 0.000000 253.249572 0.011545 0.999933 0.000000 4.769175 0.000000 0.000000 1.000000 0.000000 1566534885185444000

0.999941 -0.010871 0.000000 256.750067 0.010871 0.999941 0.000000 4.795819 0.000000 0.000000 1.000000 0.000000 1566534885434619000

0.999946 -0.010427 0.000000 260.190010 0.010427 0.999946 0.000000 4.925958 0.000000 0.000000 1.000000 0.000000 1566534885683740000

0.999945 -0.010532 0.000000 263.647711 0.010532 0.999945 0.000000 4.984927 0.000000 0.000000 1.000000 0.000000 1566534885933479000

0.999910 -0.013415 0.000000 267.075014 0.013415 0.999910 0.000000 5.051730 0.000000 0.000000 1.000000 0.000000 1566534886183054000

0.999890 -0.014853 0.000000 270.613659 0.014853 0.999890 0.000000 5.111730 0.000000 0.000000 1.000000 0.000000 1566534886432343000

0.999863 -0.016538 0.000000 274.082520 0.016538 0.999863 0.000000 5.271636 0.000000 0.000000 1.000000 0.000000 1566534886680132000

0.999838 -0.017986 0.000000 277.581096 0.017986 0.999838 0.000000 5.324696 0.000000 0.000000 1.000000 0.000000 1566534886928826000

0.999774 -0.021243 0.000000 281.128788 0.021243 0.999774 0.000000 5.499327 0.000000 0.000000 1.000000 0.000000 1566534887178807000

0.999741 -0.022738 0.000000 284.571503 0.022738 0.999741 0.000000 5.641232 0.000000 0.000000 1.000000 0.000000 1566534887428454000

0.999685 -0.025093 0.000000 288.023375 0.025093 0.999685 0.000000 5.692103 0.000000 0.000000 1.000000 0.000000 1566534887677774000

0.999623 -0.027447 0.000000 291.492499 0.027447 0.999623 0.000000 5.861803 0.000000 0.000000 1.000000 0.000000 1566534887926746000

0.999566 -0.029451 0.000000 294.879212 0.029451 0.999566 0.000000 5.966362 0.000000 0.000000 1.000000 0.000000 1566534888175567000

0.999478 -0.032303 0.000000 298.328937 0.032303 0.999478 0.000000 6.130338 0.000000 0.000000 1.000000 0.000000 1566534888425229000

0.999365 -0.035634 0.000000 301.690785 0.035634 0.999365 0.000000 6.338433 0.000000 0.000000 1.000000 0.000000 1566534888673877000

0.999232 -0.039174 0.000000 305.100951 0.039174 0.999232 0.000000 6.514093 0.000000 0.000000 1.000000 0.000000 1566534888923052000

0.999074 -0.043036 0.000000 308.483417 0.043036 0.999074 0.000000 6.616389 0.000000 0.000000 1.000000 0.000000 1566534889172520000

0.998836 -0.048235 0.000000 311.862358 0.048235 0.998836 0.000000 6.809366 0.000000 0.000000 1.000000 0.000000 1566534889421555000

0.998625 -0.052413 0.000000 315.163827 0.052413 0.998625 0.000000 7.020221 0.000000 0.000000 1.000000 0.000000 1566534889670030000

0.998380 -0.056902 0.000000 318.427450 0.056902 0.998380 0.000000 7.236532 0.000000 0.000000 1.000000 0.000000 1566534889918573000

0.998148 -0.060836 0.000000 321.724608 0.060836 0.998148 0.000000 7.508712 0.000000 0.000000 1.000000 0.000000 1566534890167889000

0.997863 -0.065334 0.000000 324.947270 0.065334 0.997863 0.000000 7.733699 0.000000 0.000000 1.000000 0.000000 1566534890417724000

0.997578 -0.069554 0.000000 328.200855 0.069554 0.997578 0.000000 8.022222 0.000000 0.000000 1.000000 0.000000 1566534890667138000

0.997305 -0.073368 0.000000 331.416510 0.073368 0.997305 0.000000 8.296072 0.000000 0.000000 1.000000 0.000000 1566534890916262000

0.997147 -0.075487 0.000000 334.587998 0.075487 0.997147 0.000000 8.527498 0.000000 0.000000 1.000000 0.000000 1566534891165376000

0.997206 -0.074699 0.000000 337.770362 0.074699 0.997206 0.000000 8.860198 0.000000 0.000000 1.000000 0.000000 1566534891414888000

0.997599 -0.069248 0.000000 340.859740 0.069248 0.997599 0.000000 9.135885 0.000000 0.000000 1.000000 0.000000 1566534891664013000

0.997949 -0.064007 0.000000 343.904911 0.064007 0.997949 0.000000 9.369034 0.000000 0.000000 1.000000 0.000000 1566534891913030000

0.998341 -0.057580 0.000000 346.957806 0.057580 0.998341 0.000000 9.604466 0.000000 0.000000 1.000000 0.000000 1566534892162135000

0.998660 -0.051755 0.000000 349.937277 0.051755 0.998660 0.000000 9.874564 0.000000 0.000000 1.000000 0.000000 1566534892412280000

0.998998 -0.044758 0.000000 352.949045 0.044758 0.998998 0.000000 10.069823 0.000000 0.000000 1.000000 0.000000 1566534892661246000

0.999283 -0.037858 0.000000 355.893147 0.037858 0.999283 0.000000 10.189317 0.000000 0.000000 1.000000 0.000000 1566534892910151000

0.999540 -0.030317 0.000000 358.825277 0.030317 0.999540 0.000000 10.362887 0.000000 0.000000 1.000000 0.000000 1566534893160867000

0.999733 -0.023118 0.000000 361.677858 0.023118 0.999733 0.000000 10.493384 0.000000 0.000000 1.000000 0.000000 1566534893409187000

0.999803 -0.019850 0.000000 364.485753 0.019850 0.999803 0.000000 10.536263 0.000000 0.000000 1.000000 0.000000 1566534893658569000

0.999854 -0.017061 0.000000 367.153345 0.017061 0.999854 0.000000 10.628593 0.000000 0.000000 1.000000 0.000000 1566534893907395000

0.999849 -0.017402 0.000000 369.828054 0.017402 0.999849 0.000000 10.677554 0.000000 0.000000 1.000000 0.000000 1566534894156505000

0.999853 -0.017143 0.000000 372.390978 0.017143 0.999853 0.000000 10.762206 0.000000 0.000000 1.000000 0.000000 1566534894405082000

0.999871 -0.016092 0.000000 374.896324 0.016092 0.999871 0.000000 10.841253 0.000000 0.000000 1.000000 0.000000 1566534894653922000

0.999902 -0.014025 0.000000 377.178046 0.014025 0.999902 0.000000 10.876075 0.000000 0.000000 1.000000 0.000000 1566534894902940000

0.999915 -0.013003 0.000000 379.425676 0.013003 0.999915 0.000000 10.918664 0.000000 0.000000 1.000000 0.000000 1566534895151939000

0.999917 -0.012877 0.000000 381.601257 0.012877 0.999917 0.000000 10.965413 0.000000 0.000000 1.000000 0.000000 1566534895400620000

0.999919 -0.012734 0.000000 383.631666 0.012734 0.999919 0.000000 10.978384 0.000000 0.000000 1.000000 0.000000 1566534895649408000

0.999912 -0.013283 0.000000 385.576415 0.013283 0.999912 0.000000 10.992169 0.000000 0.000000 1.000000 0.000000 1566534895898799000

0.999897 -0.014372 0.000000 387.424737 0.014372 0.999897 0.000000 11.048751 0.000000 0.000000 1.000000 0.000000 1566534896147680000

0.999892 -0.014671 0.000000 389.174146 0.014671 0.999892 0.000000 11.143587 0.000000 0.000000 1.000000 0.000000 1566534896396057000

0.999900 -0.014134 0.000000 390.837227 0.014134 0.999900 0.000000 11.137638 0.000000 0.000000 1.000000 0.000000 1566534896644789000

0.999903 -0.013900 0.000000 392.388226 0.013900 0.999903 0.000000 11.160700 0.000000 0.000000 1.000000 0.000000 1566534896893756000

0.999888 -0.014993 0.000000 395.321661 0.014993 0.999888 0.000000 11.230016 0.000000 0.000000 1.000000 0.000000 1566534897392682000

0.999887 -0.015034 0.000000 397.821851 0.015034 0.999887 0.000000 11.320671 0.000000 0.000000 1.000000 0.000000 1566534897890859000

0.999889 -0.014875 0.000000 399.832693 0.014875 0.999889 0.000000 11.342097 0.000000 0.000000 1.000000 0.000000 1566534898388619000

0.999870 -0.016133 0.000000 401.925457 0.016133 0.999870 0.000000 11.410234 0.000000 0.000000 1.000000 0.000000 1566534899135073000

0.999882 -0.015358 0.000000 403.548114 0.015358 0.999882 0.000000 11.438821 0.000000 0.000000 1.000000 0.000000 1566534900629605000

0.999905 -0.013774 0.000000 405.098802 0.013774 0.999905 0.000000 11.430399 0.000000 0.000000 1.000000 0.000000 1566534934593364000

0.999916 -0.012931 0.000000 406.864527 0.012931 0.999916 0.000000 11.501640 0.000000 0.000000 1.000000 0.000000 1566534935347806000

0.999932 -0.011678 0.000000 408.528118 0.011678 0.999932 0.000000 11.532241 0.000000 0.000000 1.000000 0.000000 1566534935845939000

0.999936 -0.011294 0.000000 410.490199 0.011294 0.999936 0.000000 11.553588 0.000000 0.000000 1.000000 0.000000 1566534936347232000

0.999953 -0.009687 0.000000 412.745785 0.009687 0.999953 0.000000 11.621549 0.000000 0.000000 1.000000 0.000000 1566534936847425000

0.999969 -0.007881 0.000000 415.288123 0.007881 0.999969 0.000000 11.649333 0.000000 0.000000 1.000000 0.000000 1566534937348228000

0.999980 -0.006260 0.000000 418.004219 0.006260 0.999980 0.000000 11.680293 0.000000 0.000000 1.000000 0.000000 1566534937847988000

0.999986 -0.005283 0.000000 420.841918 0.005283 0.999986 0.000000 11.729342 0.000000 0.000000 1.000000 0.000000 1566534938348762000

0.999991 -0.004235 0.000000 423.812613 0.004235 0.999991 0.000000 11.726881 0.000000 0.000000 1.000000 0.000000 1566534938848291000

0.999988 -0.004975 0.000000 426.691297 0.004975 0.999988 0.000000 11.739887 0.000000 0.000000 1.000000 0.000000 1566534939349146000

0.999874 -0.015845 0.000000 429.528218 0.015845 0.999874 0.000000 11.794366 0.000000 0.000000 1.000000 0.000000 1566534939847928000

0.998590 -0.053079 0.000000 432.325902 0.053079 0.998590 0.000000 11.931803 0.000000 0.000000 1.000000 0.000000 1566534940347025000

0.993492 -0.113906 0.000000 434.989455 0.113906 0.993492 0.000000 12.239829 0.000000 0.000000 1.000000 0.000000 1566534940847011000

0.979899 -0.199492 0.000000 437.623631 0.199492 0.979899 0.000000 12.812851 0.000000 0.000000 1.000000 0.000000 1566534941345904000

0.950925 -0.309420 0.000000 440.174162 0.309420 0.950925 0.000000 13.691385 0.000000 0.000000 1.000000 0.000000 1566534941845496000

0.900772 -0.434292 0.000000 442.500300 0.434292 0.900772 0.000000 14.865913 0.000000 0.000000 1.000000 0.000000 1566534942344960000

0.820824 -0.571181 0.000000 444.664893 0.571181 0.820824 0.000000 16.436999 0.000000 0.000000 1.000000 0.000000 1566534942844227000

0.709943 -0.704259 0.000000 446.545302 0.704259 0.709943 0.000000 18.404199 0.000000 0.000000 1.000000 0.000000 1566534943344132000

0.582160 -0.813074 0.000000 448.091477 0.813074 0.582160 0.000000 20.678016 0.000000 0.000000 1.000000 0.000000 1566534943843695000

0.453408 -0.891303 0.000000 449.403744 0.891303 0.453408 0.000000 23.230281 0.000000 0.000000 1.000000 0.000000 1566534944344130000

0.315510 -0.948922 0.000000 450.338791 0.948922 0.315510 0.000000 26.066643 0.000000 0.000000 1.000000 0.000000 1566534944844579000

0.241735 -0.970342 0.000000 450.634904 0.970342 0.241735 0.000000 27.565271 0.000000 0.000000 1.000000 0.000000 1566534945094900000

0.168217 -0.985750 0.000000 450.921239 0.985750 0.168217 0.000000 29.174571 0.000000 0.000000 1.000000 0.000000 1566534945344853000

0.114624 -0.993409 0.000000 450.996485 0.993409 0.114624 0.000000 30.951174 0.000000 0.000000 1.000000 0.000000 1566534945595292000

0.081856 -0.996644 0.000000 451.074450 0.996644 0.081856 0.000000 32.548969 0.000000 0.000000 1.000000 0.000000 1566534945845411000

0.054921 -0.998491 0.000000 451.166482 0.998491 0.054921 0.000000 34.239518 0.000000 0.000000 1.000000 0.000000 1566534946095589000

0.030161 -0.999545 0.000000 451.229063 0.999545 0.030161 0.000000 35.993526 0.000000 0.000000 1.000000 0.000000 1566534946345794000

0.007706 -0.999970 0.000000 451.233161 0.999970 0.007706 0.000000 37.908830 0.000000 0.000000 1.000000 0.000000 1566534946596008000

-0.004453 -0.999990 0.000000 451.170000 0.999990 -0.004453 0.000000 39.836920 0.000000 0.000000 1.000000 0.000000 1566534946845476000

-0.012360 -0.999924 0.000000 451.171782 0.999924 -0.012360 0.000000 41.743198 0.000000 0.000000 1.000000 0.000000 1566534947095082000

-0.016545 -0.999863 0.000000 451.146750 0.999863 -0.016545 0.000000 43.730927 0.000000 0.000000 1.000000 0.000000 1566534947345268000

-0.019445 -0.999811 0.000000 451.100207 0.999811 -0.019445 0.000000 45.761374 0.000000 0.000000 1.000000 0.000000 1566534947595630000

-0.019887 -0.999802 0.000000 451.071062 0.999802 -0.019887 0.000000 47.851346 0.000000 0.000000 1.000000 0.000000 1566534947846047000

-0.020919 -0.999781 0.000000 450.985767 0.999781 -0.020919 0.000000 49.979358 0.000000 0.000000 1.000000 0.000000 1566534948096266000

-0.022670 -0.999743 0.000000 450.945669 0.999743 -0.022670 0.000000 52.187155 0.000000 0.000000 1.000000 0.000000 1566534948345346000

-0.022078 -0.999756 0.000000 450.902393 0.999756 -0.022078 0.000000 54.409835 0.000000 0.000000 1.000000 0.000000 1566534948595458000

-0.019715 -0.999806 0.000000 450.883228 0.999806 -0.019715 0.000000 56.665486 0.000000 0.000000 1.000000 0.000000 1566534948845432000

-0.017435 -0.999848 0.000000 450.819187 0.999848 -0.017435 0.000000 58.946913 0.000000 0.000000 1.000000 0.000000 1566534949096191000

-0.015102 -0.999886 0.000000 450.744866 0.999886 -0.015102 0.000000 61.304516 0.000000 0.000000 1.000000 0.000000 1566534949345917000

-0.012373 -0.999923 0.000000 450.737301 0.999923 -0.012373 0.000000 63.695157 0.000000 0.000000 1.000000 0.000000 1566534949595081000

-0.008993 -0.999960 0.000000 450.732901 0.999960 -0.008993 0.000000 66.150488 0.000000 0.000000 1.000000 0.000000 1566534949845373000

-0.006873 -0.999976 0.000000 450.659113 0.999976 -0.006873 0.000000 68.584946 0.000000 0.000000 1.000000 0.000000 1566534950095364000

-0.006870 -0.999976 0.000000 450.609571 0.999976 -0.006870 0.000000 71.073322 0.000000 0.000000 1.000000 0.000000 1566534950345665000

-0.007137 -0.999975 0.000000 450.628815 0.999975 -0.007137 0.000000 73.590002 0.000000 0.000000 1.000000 0.000000 1566534950595993000

-0.008491 -0.999964 0.000000 450.628964 0.999964 -0.008491 0.000000 76.149300 0.000000 0.000000 1.000000 0.000000 1566534950846172000

-0.008846 -0.999961 0.000000 450.553151 0.999961 -0.008846 0.000000 78.752631 0.000000 0.000000 1.000000 0.000000 1566534951095998000

-0.009983 -0.999950 0.000000 450.521794 0.999950 -0.009983 0.000000 81.363065 0.000000 0.000000 1.000000 0.000000 1566534951345875000

-0.010194 -0.999948 0.000000 450.496984 0.999948 -0.010194 0.000000 84.023360 0.000000 0.000000 1.000000 0.000000 1566534951596350000

-0.011890 -0.999929 0.000000 450.453131 0.999929 -0.011890 0.000000 86.670863 0.000000 0.000000 1.000000 0.000000 1566534951846491000

-0.013614 -0.999907 0.000000 450.433702 0.999907 -0.013614 0.000000 89.390252 0.000000 0.000000 1.000000 0.000000 1566534952096313000

-0.014810 -0.999890 0.000000 450.390075 0.999890 -0.014810 0.000000 92.140141 0.000000 0.000000 1.000000 0.000000 1566534952346650000

-0.014077 -0.999901 0.000000 450.337386 0.999901 -0.014077 0.000000 94.889949 0.000000 0.000000 1.000000 0.000000 1566534952596913000

-0.014748 -0.999891 0.000000 450.306361 0.999891 -0.014748 0.000000 97.647594 0.000000 0.000000 1.000000 0.000000 1566534952846442000

-0.014895 -0.999889 0.000000 450.279968 0.999889 -0.014895 0.000000 100.466476 0.000000 0.000000 1.000000 0.000000 1566534953096528000

-0.016283 -0.999867 0.000000 450.223561 0.999867 -0.016283 0.000000 103.304925 0.000000 0.000000 1.000000 0.000000 1566534953346560000

-0.016740 -0.999860 0.000000 450.126690 0.999860 -0.016740 0.000000 106.169947 0.000000 0.000000 1.000000 0.000000 1566534953596536000

-0.017860 -0.999840 0.000000 450.088265 0.999840 -0.017860 0.000000 108.997564 0.000000 0.000000 1.000000 0.000000 1566534953846188000

-0.018502 -0.999829 0.000000 450.012181 0.999829 -0.018502 0.000000 111.964817 0.000000 0.000000 1.000000 0.000000 1566534954096439000

-0.019192 -0.999816 0.000000 449.958302 0.999816 -0.019192 0.000000 114.869192 0.000000 0.000000 1.000000 0.000000 1566534954346506000

-0.020513 -0.999790 0.000000 449.889991 0.999790 -0.020513 0.000000 117.750863 0.000000 0.000000 1.000000 0.000000 1566534954596615000

-0.020741 -0.999785 0.000000 449.811194 0.999785 -0.020741 0.000000 120.623417 0.000000 0.000000 1.000000 0.000000 1566534954846987000

-0.021060 -0.999778 0.000000 449.721228 0.999778 -0.021060 0.000000 123.458972 0.000000 0.000000 1.000000 0.000000 1566534955096642000

-0.021494 -0.999769 0.000000 449.702707 0.999769 -0.021494 0.000000 126.314266 0.000000 0.000000 1.000000 0.000000 1566534955346115000

-0.021892 -0.999760 0.000000 449.601772 0.999760 -0.021892 0.000000 129.194688 0.000000 0.000000 1.000000 0.000000 1566534955596664000

-0.022476 -0.999747 0.000000 449.547828 0.999747 -0.022476 0.000000 132.027786 0.000000 0.000000 1.000000 0.000000 1566534955846155000

-0.022505 -0.999747 0.000000 449.504887 0.999747 -0.022505 0.000000 134.950022 0.000000 0.000000 1.000000 0.000000 1566534956096648000

-0.023177 -0.999731 0.000000 449.418721 0.999731 -0.023177 0.000000 137.869235 0.000000 0.000000 1.000000 0.000000 1566534956345832000

-0.022908 -0.999738 0.000000 449.349757 0.999738 -0.022908 0.000000 140.804294 0.000000 0.000000 1.000000 0.000000 1566534956595628000

-0.024501 -0.999700 0.000000 449.275484 0.999700 -0.024501 0.000000 143.729468 0.000000 0.000000 1.000000 0.000000 1566534956845441000

-0.028097 -0.999605 0.000000 449.189674 0.999605 -0.028097 0.000000 146.695360 0.000000 0.000000 1.000000 0.000000 1566534957095267000

-0.031707 -0.999497 0.000000 449.083359 0.999497 -0.031707 0.000000 149.667211 0.000000 0.000000 1.000000 0.000000 1566534957344696000

-0.035008 -0.999387 0.000000 448.993241 0.999387 -0.035008 0.000000 152.631016 0.000000 0.000000 1.000000 0.000000 1566534957594412000

-0.038731 -0.999250 0.000000 448.847395 0.999250 -0.038731 0.000000 155.636872 0.000000 0.000000 1.000000 0.000000 1566534957843772000

-0.041583 -0.999135 0.000000 448.706609 0.999135 -0.041583 0.000000 158.578333 0.000000 0.000000 1.000000 0.000000 1566534958093619000

-0.044922 -0.998990 0.000000 448.540999 0.998990 -0.044922 0.000000 161.590219 0.000000 0.000000 1.000000 0.000000 1566534958343710000

-0.048249 -0.998835 0.000000 448.397880 0.998835 -0.048249 0.000000 164.578525 0.000000 0.000000 1.000000 0.000000 1566534958593815000

-0.051087 -0.998694 0.000000 448.223467 0.998694 -0.051087 0.000000 167.531856 0.000000 0.000000 1.000000 0.000000 1566534958844200000

-0.054304 -0.998524 0.000000 448.092191 0.998524 -0.054304 0.000000 170.552316 0.000000 0.000000 1.000000 0.000000 1566534959094330000

-0.055455 -0.998461 0.000000 447.876718 0.998461 -0.055455 0.000000 173.563257 0.000000 0.000000 1.000000 0.000000 1566534959344110000

-0.058458 -0.998290 0.000000 447.690911 0.998290 -0.058458 0.000000 176.513655 0.000000 0.000000 1.000000 0.000000 1566534959594117000

-0.062140 -0.998067 0.000000 447.536242 0.998067 -0.062140 0.000000 179.521845 0.000000 0.000000 1.000000 0.000000 1566534959843615000

-0.064762 -0.997901 0.000000 447.329917 0.997901 -0.064762 0.000000 182.520311 0.000000 0.000000 1.000000 0.000000 1566534960093583000

-0.067157 -0.997742 0.000000 447.117061 0.997742 -0.067157 0.000000 185.457855 0.000000 0.000000 1.000000 0.000000 1566534960343202000

-0.069690 -0.997569 0.000000 446.888294 0.997569 -0.069690 0.000000 188.375486 0.000000 0.000000 1.000000 0.000000 1566534960592874000

-0.072997 -0.997332 0.000000 446.726728 0.997332 -0.072997 0.000000 191.250434 0.000000 0.000000 1.000000 0.000000 1566534960842387000

-0.072475 -0.997370 0.000000 446.520930 0.997370 -0.072475 0.000000 194.235404 0.000000 0.000000 1.000000 0.000000 1566534961092585000

-0.069811 -0.997560 0.000000 446.305325 0.997560 -0.069811 0.000000 197.096210 0.000000 0.000000 1.000000 0.000000 1566534961342521000

-0.065148 -0.997876 0.000000 446.080633 0.997876 -0.065148 0.000000 199.977368 0.000000 0.000000 1.000000 0.000000 1566534961592546000

-0.059392 -0.998235 0.000000 445.914557 0.998235 -0.059392 0.000000 202.865756 0.000000 0.000000 1.000000 0.000000 1566534961841936000

-0.052901 -0.998600 0.000000 445.794323 0.998600 -0.052901 0.000000 205.644921 0.000000 0.000000 1.000000 0.000000 1566534962091553000

-0.045896 -0.998946 0.000000 445.609354 0.998946 -0.045896 0.000000 208.480301 0.000000 0.000000 1.000000 0.000000 1566534962341372000

-0.039809 -0.999207 0.000000 445.500265 0.999207 -0.039809 0.000000 211.213548 0.000000 0.000000 1.000000 0.000000 1566534962591412000

-0.033556 -0.999437 0.000000 445.367377 0.999437 -0.033556 0.000000 213.999520 0.000000 0.000000 1.000000 0.000000 1566534962841420000

-0.026986 -0.999636 0.000000 445.249995 0.999636 -0.026986 0.000000 216.682098 0.000000 0.000000 1.000000 0.000000 1566534963091532000

-0.022851 -0.999739 0.000000 445.200500 0.999739 -0.022851 0.000000 219.372816 0.000000 0.000000 1.000000 0.000000 1566534963341128000

-0.019129 -0.999817 0.000000 445.125885 0.999817 -0.019129 0.000000 222.015649 0.000000 0.000000 1.000000 0.000000 1566534963591191000

-0.019025 -0.999819 0.000000 445.117035 0.999819 -0.019025 0.000000 224.626235 0.000000 0.000000 1.000000 0.000000 1566534963840424000

-0.021722 -0.999764 0.000000 444.997751 0.999764 -0.021722 0.000000 227.221004 0.000000 0.000000 1.000000 0.000000 1566534964090525000

-0.024710 -0.999695 0.000000 444.962805 0.999695 -0.024710 0.000000 229.778169 0.000000 0.000000 1.000000 0.000000 1566534964340605000

-0.027830 -0.999613 0.000000 444.913625 0.999613 -0.027830 0.000000 232.248055 0.000000 0.000000 1.000000 0.000000 1566534964589799000

-0.029860 -0.999554 0.000000 444.792106 0.999554 -0.029860 0.000000 234.721967 0.000000 0.000000 1.000000 0.000000 1566534964839771000

-0.032959 -0.999457 0.000000 444.725207 0.999457 -0.032959 0.000000 237.009791 0.000000 0.000000 1.000000 0.000000 1566534965089456000

-0.034464 -0.999406 0.000000 444.567242 0.999406 -0.034464 0.000000 239.332047 0.000000 0.000000 1.000000 0.000000 1566534965338747000

-0.036112 -0.999348 0.000000 444.525070 0.999348 -0.036112 0.000000 241.564644 0.000000 0.000000 1.000000 0.000000 1566534965588174000

-0.037474 -0.999298 0.000000 444.394208 0.999298 -0.037474 0.000000 243.628113 0.000000 0.000000 1.000000 0.000000 1566534965837341000

-0.038239 -0.999269 0.000000 444.293823 0.999269 -0.038239 0.000000 245.713077 0.000000 0.000000 1.000000 0.000000 1566534966086570000

-0.037017 -0.999315 0.000000 444.193093 0.999315 -0.037017 0.000000 247.715523 0.000000 0.000000 1.000000 0.000000 1566534966335797000

-0.036333 -0.999340 0.000000 444.124766 0.999340 -0.036333 0.000000 249.647082 0.000000 0.000000 1.000000 0.000000 1566534966585983000

-0.035599 -0.999366 0.000000 444.038397 0.999366 -0.035599 0.000000 251.485611 0.000000 0.000000 1.000000 0.000000 1566534966836165000

-0.034718 -0.999397 0.000000 443.955471 0.999397 -0.034718 0.000000 253.357099 0.000000 0.000000 1.000000 0.000000 1566534967085706000

-0.035361 -0.999375 0.000000 443.883171 0.999375 -0.035361 0.000000 255.191230 0.000000 0.000000 1.000000 0.000000 1566534967334878000

-0.036617 -0.999329 0.000000 443.800190 0.999329 -0.036617 0.000000 257.022480 0.000000 0.000000 1.000000 0.000000 1566534967584234000

-0.038737 -0.999249 0.000000 443.772120 0.999249 -0.038737 0.000000 258.814079 0.000000 0.000000 1.000000 0.000000 1566534967834138000

-0.041174 -0.999152 0.000000 443.643717 0.999152 -0.041174 0.000000 260.549966 0.000000 0.000000 1.000000 0.000000 1566534968083491000

-0.044938 -0.998990 0.000000 443.591288 0.998990 -0.044938 0.000000 262.354743 0.000000 0.000000 1.000000 0.000000 1566534968333014000

-0.048509 -0.998823 0.000000 443.452137 0.998823 -0.048509 0.000000 264.070371 0.000000 0.000000 1.000000 0.000000 1566534968583055000

-0.051276 -0.998684 0.000000 443.369970 0.998684 -0.051276 0.000000 265.811657 0.000000 0.000000 1.000000 0.000000 1566534968833010000

-0.055201 -0.998475 0.000000 443.285632 0.998475 -0.055201 0.000000 267.530834 0.000000 0.000000 1.000000 0.000000 1566534969083304000

-0.058266 -0.998301 0.000000 443.144650 0.998301 -0.058266 0.000000 269.190384 0.000000 0.000000 1.000000 0.000000 1566534969333250000

-0.060389 -0.998175 0.000000 443.002282 0.998175 -0.060389 0.000000 270.857630 0.000000 0.000000 1.000000 0.000000 1566534969583060000

-0.064369 -0.997926 0.000000 442.903124 0.997926 -0.064369 0.000000 272.474812 0.000000 0.000000 1.000000 0.000000 1566534969832536000

-0.067921 -0.997691 0.000000 442.767327 0.997691 -0.067921 0.000000 274.138525 0.000000 0.000000 1.000000 0.000000 1566534970081572000

-0.072095 -0.997398 0.000000 442.648310 0.997398 -0.072095 0.000000 275.770066 0.000000 0.000000 1.000000 0.000000 1566534970330969000

-0.076465 -0.997072 0.000000 442.536117 0.997072 -0.076465 0.000000 277.445180 0.000000 0.000000 1.000000 0.000000 1566534970584278000

-0.082169 -0.996618 0.000000 442.355886 0.996618 -0.082169 0.000000 279.159740 0.000000 0.000000 1.000000 0.000000 1566534970830390000

-0.087642 -0.996152 0.000000 442.190268 0.996152 -0.087642 0.000000 280.861233 0.000000 0.000000 1.000000 0.000000 1566534971080252000

-0.091977 -0.995761 0.000000 442.038258 0.995761 -0.091977 0.000000 282.585309 0.000000 0.000000 1.000000 0.000000 1566534971329469000

-0.097172 -0.995268 0.000000 441.876239 0.995268 -0.097172 0.000000 284.307516 0.000000 0.000000 1.000000 0.000000 1566534971580068000

-0.102814 -0.994701 0.000000 441.675151 0.994701 -0.102814 0.000000 286.028514 0.000000 0.000000 1.000000 0.000000 1566534971829817000

-0.107072 -0.994251 0.000000 441.444355 0.994251 -0.107072 0.000000 287.786162 0.000000 0.000000 1.000000 0.000000 1566534972079690000

-0.113535 -0.993534 0.000000 441.269464 0.993534 -0.113535 0.000000 289.467327 0.000000 0.000000 1.000000 0.000000 1566534972329309000

-0.117443 -0.993080 0.000000 441.032064 0.993080 -0.117443 0.000000 291.272618 0.000000 0.000000 1.000000 0.000000 1566534972579190000

-0.125181 -0.992134 0.000000 440.799595 0.992134 -0.125181 0.000000 293.057285 0.000000 0.000000 1.000000 0.000000 1566534972828743000

-0.134398 -0.990927 0.000000 440.556809 0.990927 -0.134398 0.000000 294.847579 0.000000 0.000000 1.000000 0.000000 1566534973078762000

-0.148809 -0.988866 0.000000 440.292967 0.988866 -0.148809 0.000000 296.554474 0.000000 0.000000 1.000000 0.000000 1566534973327001000

-0.169977 -0.985448 0.000000 439.954246 0.985448 -0.169977 0.000000 298.324793 0.000000 0.000000 1.000000 0.000000 1566534973576731000

-0.200089 -0.979778 0.000000 439.655370 0.979778 -0.200089 0.000000 300.018447 0.000000 0.000000 1.000000 0.000000 1566534973827928000

-0.238958 -0.971030 0.000000 439.132403 0.971030 -0.238958 0.000000 301.978243 0.000000 0.000000 1.000000 0.000000 1566534974078297000

-0.283169 -0.959070 0.000000 438.611329 0.959070 -0.283169 0.000000 303.662245 0.000000 0.000000 1.000000 0.000000 1566534974327053000

-0.338605 -0.940928 0.000000 437.901954 0.940928 -0.338605 0.000000 305.495059 0.000000 0.000000 1.000000 0.000000 1566534974577674000

-0.395919 -0.918285 0.000000 437.124688 0.918285 -0.395919 0.000000 307.367809 0.000000 0.000000 1.000000 0.000000 1566534974827173000

-0.457367 -0.889278 0.000000 436.188669 0.889278 -0.457367 0.000000 309.078930 0.000000 0.000000 1.000000 0.000000 1566534975076726000

-0.517427 -0.855727 0.000000 435.143294 0.855727 -0.517427 0.000000 310.844216 0.000000 0.000000 1.000000 0.000000 1566534975326634000

-0.577041 -0.816715 0.000000 433.939555 0.816715 -0.577041 0.000000 312.428969 0.000000 0.000000 1.000000 0.000000 1566534975575975000

-0.636447 -0.771320 0.000000 432.633884 0.771320 -0.636447 0.000000 313.968039 0.000000 0.000000 1.000000 0.000000 1566534975826155000

-0.693695 -0.720269 0.000000 431.189357 0.720269 -0.693695 0.000000 315.429274 0.000000 0.000000 1.000000 0.000000 1566534976075801000

-0.747382 -0.664395 0.000000 429.655183 0.664395 -0.747382 0.000000 316.818232 0.000000 0.000000 1.000000 0.000000 1566534976325607000

-0.794640 -0.607081 0.000000 428.040112 0.607081 -0.794640 0.000000 318.088762 0.000000 0.000000 1.000000 0.000000 1566534976574753000

-0.836974 -0.547243 0.000000 426.229644 0.547243 -0.836974 0.000000 319.224562 0.000000 0.000000 1.000000 0.000000 1566534976824094000

-0.874209 -0.485550 0.000000 424.360894 0.485550 -0.874209 0.000000 320.219389 0.000000 0.000000 1.000000 0.000000 1566534977073659000

-0.907811 -0.419380 0.000000 422.445890 0.419380 -0.907811 0.000000 321.117854 0.000000 0.000000 1.000000 0.000000 1566534977324089000

-0.936509 -0.350644 0.000000 420.365602 0.350644 -0.936509 0.000000 321.796008 0.000000 0.000000 1.000000 0.000000 1566534977574440000

-0.959797 -0.280696 0.000000 418.195373 0.280696 -0.959797 0.000000 322.448870 0.000000 0.000000 1.000000 0.000000 1566534977823900000

-0.976815 -0.214084 0.000000 415.972872 0.214084 -0.976815 0.000000 322.949353 0.000000 0.000000 1.000000 0.000000 1566534978073488000

-0.988652 -0.150223 0.000000 413.651443 0.150223 -0.988652 0.000000 323.302692 0.000000 0.000000 1.000000 0.000000 1566534978323994000

-0.995055 -0.099323 0.000000 411.301840 0.099323 -0.995055 0.000000 323.534769 0.000000 0.000000 1.000000 0.000000 1566534978573331000

