1.000000 0.000413 0.000000 0.244615 -0.000413 1.000000 -0.000000 0.002489 -0.000000 0.000000 1.000000 0.000000
0.999994 0.003439 0.000000 2.296469 -0.003439 0.999994 -0.000000 0.012460 -0.000000 0.000000 1.000000 0.000000
0.999993 0.003862 0.000000 4.318627 -0.003862 0.999993 -0.000000 0.011192 -0.000000 0.000000 1.000000 0.000000
0.999993 0.003816 0.000000 5.882240 -0.003816 0.999993 -0.000000 0.007645 -0.000000 0.000000 1.000000 0.000000
0.999994 0.003525 0.000000 7.597586 -0.003525 0.999994 -0.000000 0.001587 -0.000000 0.000000 1.000000 0.000000
0.999998 0.001994 0.000000 9.436761 -0.001994 0.999998 -0.000000 -0.003965 -0.000000 0.000000 1.000000 0.000000
1.000000 0.000028 0.000000 11.400480 -0.000028 1.000000 -0.000000 -0.005988 -0.000000 0.000000 1.000000 0.000000
1.000000 -0.000838 0.000000 13.472988 0.000838 1.000000 0.000000 -0.005118 0.000000 0.000000 1.000000 0.000000
0.999999 -0.001430 0.000000 15.653602 0.001430 0.999999 0.000000 -0.003009 0.000000 0.000000 1.000000 0.000000
1.000000 0.000062 0.000000 17.959040 -0.000062 1.000000 -0.000000 0.008347 -0.000000 0.000000 1.000000 0.000000
0.999999 0.001350 0.000000 20.340217 -0.001350 0.999999 -0.000000 0.015666 -0.000000 0.000000 1.000000 0.000000
1.000000 -0.000407 0.000000 22.761374 0.000407 1.000000 0.000000 0.016137 0.000000 0.000000 1.000000 0.000000
0.999818 -0.019067 0.000000 25.191978 0.019067 0.999818 0.000000 0.035199 0.000000 0.000000 1.000000 0.000000
0.998954 -0.045737 0.000000 27.629920 0.045737 0.998954 0.000000 0.108416 0.000000 0.000000 1.000000 0.000000
0.997440 -0.071511 0.000000 30.100097 0.071511 0.997440 0.000000 0.251995 0.000000 0.000000 1.000000 0.000000
0.995402 -0.095785 0.000000 32.595838 0.095785 0.995402 0.000000 0.461632 0.000000 0.000000 1.000000 0.000000
0.993770 -0.111451 0.000000 35.109751 0.111451 0.993770 0.000000 0.726842 0.000000 0.000000 1.000000 0.000000
0.993615 -0.112826 0.000000 37.666116 0.112826 0.993615 0.000000 1.017598 0.000000 0.000000 1.000000 0.000000
0.993970 -0.109657 0.000000 40.272522 0.109657 0.993970 0.000000 1.311352 0.000000 0.000000 1.000000 0.000000
0.994429 -0.105404 0.000000 42.945281 0.105404 0.994429 0.000000 1.604493 0.000000 0.000000 1.000000 0.000000
0.994327 -0.106364 0.000000 45.694523 0.106364 0.994327 0.000000 1.899695 0.000000 0.000000 1.000000 0.000000
0.993572 -0.113200 0.000000 48.516696 0.113200 0.993572 0.000000 2.218726 0.000000 0.000000 1.000000 0.000000
0.992123 -0.125268 0.000000 51.419028 0.125268 0.992123 0.000000 2.571629 0.000000 0.000000 1.000000 0.000000
0.989768 -0.142685 0.000000 54.389287 0.142685 0.989768 0.000000 2.971005 0.000000 0.000000 1.000000 0.000000
0.988623 -0.150415 0.000000 55.887321 0.150415 0.988623 0.000000 3.192320 0.000000 0.000000 1.000000 0.000000
0.987420 -0.158120 0.000000 57.411968 0.158120 0.987420 0.000000 3.430170 0.000000 0.000000 1.000000 0.000000
0.986116 -0.166057 0.000000 58.937403 0.166057 0.986116 0.000000 3.680652 0.000000 0.000000 1.000000 0.000000
0.984878 -0.173250 0.000000 60.453620 0.173250 0.984878 0.000000 3.941492 0.000000 0.000000 1.000000 0.000000
0.983565 -0.180556 0.000000 61.956485 0.180556 0.983565 0.000000 4.211665 0.000000 0.000000 1.000000 0.000000
0.981592 -0.190992 0.000000 64.930401 0.190992 0.981592 0.000000 4.779478 0.000000 0.000000 1.000000 0.000000
0.981672 -0.190576 0.000000 67.882020 0.190576 0.981672 0.000000 5.357810 0.000000 0.000000 1.000000 0.000000
0.982306 -0.187284 0.000000 70.787537 0.187284 0.982306 0.000000 5.919896 0.000000 0.000000 1.000000 0.000000
0.983379 -0.181563 0.000000 73.565096 0.181563 0.983379 0.000000 6.441707 0.000000 0.000000 1.000000 0.000000
0.984569 -0.174997 0.000000 76.055459 0.174997 0.984569 0.000000 6.894166 0.000000 0.000000 1.000000 0.000000
0.985308 -0.170789 0.000000 78.255098 0.170789 0.985308 0.000000 7.284003 0.000000 0.000000 1.000000 0.000000
0.985841 -0.167684 0.000000 80.135975 0.167684 0.985841 0.000000 7.609790 0.000000 0.000000 1.000000 0.000000
0.985856 -0.167596 0.000000 81.649480 0.167596 0.985856 0.000000 7.868959 0.000000 0.000000 1.000000 0.000000
0.985255 -0.171094 0.000000 83.233497 0.171094 0.985255 0.000000 8.144130 0.000000 0.000000 1.000000 0.000000
0.984212 -0.176993 0.000000 85.030920 0.176993 0.984212 0.000000 8.466349 0.000000 0.000000 1.000000 0.000000
0.979796 -0.200000 0.000000 86.689138 0.200000 0.979796 0.000000 8.784603 0.000000 0.000000 1.000000 0.000000
0.973943 -0.226794 0.000000 88.393702 0.226794 0.973943 0.000000 9.163473 0.000000 0.000000 1.000000 0.000000
0.962719 -0.270503 0.000000 90.564271 0.270503 0.962719 0.000000 9.726476 0.000000 0.000000 1.000000 0.000000
0.951031 -0.309096 0.000000 92.253604 0.309096 0.951031 0.000000 10.240179 0.000000 0.000000 1.000000 0.000000
0.934966 -0.354738 0.000000 94.110181 0.354738 0.934966 0.000000 10.894148 0.000000 0.000000 1.000000 0.000000
0.899918 -0.436060 0.000000 97.148714 0.436060 0.899918 0.000000 12.200399 0.000000 0.000000 1.000000 0.000000
0.867211 -0.497940 0.000000 99.293220 0.497940 0.867211 0.000000 13.330709 0.000000 0.000000 1.000000 0.000000
0.826567 -0.562838 0.000000 101.498175 0.562838 0.826567 0.000000 14.709006 0.000000 0.000000 1.000000 0.000000
0.780027 -0.625746 0.000000 103.750612 0.625746 0.780027 0.000000 16.371166 0.000000 0.000000 1.000000 0.000000
0.741310 -0.671163 0.000000 106.013546 0.671163 0.741310 0.000000 18.301060 0.000000 0.000000 1.000000 0.000000
0.717053 -0.697018 0.000000 108.298319 0.697018 0.717053 0.000000 20.455792 0.000000 0.000000 1.000000 0.000000
0.711445 -0.702742 0.000000 109.457392 0.702742 0.711445 0.000000 21.592713 0.000000 0.000000 1.000000 0.000000
0.711087 -0.703104 0.000000 110.635843 0.703104 0.711087 0.000000 22.755875 0.000000 0.000000 1.000000 0.000000
0.715075 -0.699048 0.000000 111.838413 0.699048 0.715075 0.000000 23.938389 0.000000 0.000000 1.000000 0.000000
0.720175 -0.693792 0.000000 113.066833 0.693792 0.720175 0.000000 25.131644 0.000000 0.000000 1.000000 0.000000
0.724801 -0.688958 0.000000 114.336148 0.688958 0.724801 0.000000 26.345469 0.000000 0.000000 1.000000 0.000000
0.729008 -0.684505 0.000000 115.635028 0.684505 0.729008 0.000000 27.570513 0.000000 0.000000 1.000000 0.000000
0.732391 -0.680884 0.000000 116.968485 0.680884 0.732391 0.000000 28.808734 0.000000 0.000000 1.000000 0.000000
0.735345 -0.677693 0.000000 118.333729 0.677693 0.735345 0.000000 30.064405 0.000000 0.000000 1.000000 0.000000
0.737796 -0.675024 0.000000 119.724311 0.675024 0.737796 0.000000 31.335868 0.000000 0.000000 1.000000 0.000000
0.740269 -0.672311 0.000000 121.143609 0.672311 0.740269 0.000000 32.626979 0.000000 0.000000 1.000000 0.000000
0.742989 -0.669303 0.000000 122.587918 0.669303 0.742989 0.000000 33.929175 0.000000 0.000000 1.000000 0.000000
0.745702 -0.666279 0.000000 124.056890 0.666279 0.745702 0.000000 35.241866 0.000000 0.000000 1.000000 0.000000
0.748483 -0.663154 0.000000 125.558730 0.663154 0.748483 0.000000 36.574743 0.000000 0.000000 1.000000 0.000000
0.751993 -0.659171 0.000000 127.070771 0.659171 0.751993 0.000000 37.907193 0.000000 0.000000 1.000000 0.000000
0.756383 -0.654129 0.000000 128.588333 0.654129 0.756383 0.000000 39.230296 0.000000 0.000000 1.000000 0.000000
0.762494 -0.646996 0.000000 130.123727 0.646996 0.762494 0.000000 40.546645 0.000000 0.000000 1.000000 0.000000
0.770294 -0.637689 0.000000 131.684058 0.637689 0.770294 0.000000 41.855537 0.000000 0.000000 1.000000 0.000000
0.779658 -0.626205 0.000000 133.273318 0.626205 0.779658 0.000000 43.152792 0.000000 0.000000 1.000000 0.000000
0.789746 -0.613434 0.000000 134.904779 0.613434 0.789746 0.000000 44.437569 0.000000 0.000000 1.000000 0.000000
0.799382 -0.600824 0.000000 136.577064 0.600824 0.799382 0.000000 45.710333 0.000000 0.000000 1.000000 0.000000
0.808788 -0.588100 0.000000 138.273499 0.588100 0.808788 0.000000 46.961190 0.000000 0.000000 1.000000 0.000000
0.817963 -0.575271 0.000000 139.991903 0.575271 0.817963 0.000000 48.189668 0.000000 0.000000 1.000000 0.000000
0.827675 -0.561208 0.000000 141.733292 0.561208 0.827675 0.000000 49.392641 0.000000 0.000000 1.000000 0.000000
0.837994 -0.545679 0.000000 143.510395 0.545679 0.837994 0.000000 50.573130 0.000000 0.000000 1.000000 0.000000
0.849259 -0.527977 0.000000 145.310434 0.527977 0.849259 0.000000 51.719394 0.000000 0.000000 1.000000 0.000000
0.861828 -0.507201 0.000000 147.142642 0.507201 0.861828 0.000000 52.830868 0.000000 0.000000 1.000000 0.000000
0.875123 -0.483901 0.000000 148.989603 0.483901 0.875123 0.000000 53.885087 0.000000 0.000000 1.000000 0.000000
0.888053 -0.459740 0.000000 150.861236 0.459740 0.888053 0.000000 54.885783 0.000000 0.000000 1.000000 0.000000
0.900046 -0.435795 0.000000 152.748758 0.435795 0.900046 0.000000 55.831291 0.000000 0.000000 1.000000 0.000000
0.911130 -0.412119 0.000000 154.660425 0.412119 0.911130 0.000000 56.727017 0.000000 0.000000 1.000000 0.000000
0.921640 -0.388047 0.000000 156.581539 0.388047 0.921640 0.000000 57.567681 0.000000 0.000000 1.000000 0.000000
0.931154 -0.364626 0.000000 158.520797 0.364626 0.931154 0.000000 58.356853 0.000000 0.000000 1.000000 0.000000
0.938535 -0.345184 0.000000 160.484287 0.345184 0.938535 0.000000 59.104190 0.000000 0.000000 1.000000 0.000000
0.945124 -0.326713 0.000000 162.465694 0.326713 0.945124 0.000000 59.813432 0.000000 0.000000 1.000000 0.000000
0.951545 -0.307510 0.000000 164.460431 0.307510 0.951545 0.000000 60.482992 0.000000 0.000000 1.000000 0.000000
0.958717 -0.284361 0.000000 166.483848 0.284361 0.958717 0.000000 61.114242 0.000000 0.000000 1.000000 0.000000
0.965407 -0.260747 0.000000 168.523562 0.260747 0.965407 0.000000 61.695834 0.000000 0.000000 1.000000 0.000000
0.971311 -0.237812 0.000000 170.583877 0.237812 0.971311 0.000000 62.230324 0.000000 0.000000 1.000000 0.000000
0.976399 -0.215973 0.000000 172.673206 0.215973 0.976399 0.000000 62.719673 0.000000 0.000000 1.000000 0.000000
0.980670 -0.195667 0.000000 174.782422 0.195667 0.980670 0.000000 63.163781 0.000000 0.000000 1.000000 0.000000
0.984173 -0.177209 0.000000 176.913308 0.177209 0.984173 0.000000 63.567631 0.000000 0.000000 1.000000 0.000000
0.986810 -0.161881 0.000000 179.042648 0.161881 0.986810 0.000000 63.935701 0.000000 0.000000 1.000000 0.000000
0.989246 -0.146259 0.000000 181.185934 0.146259 0.989246 0.000000 64.273543 0.000000 0.000000 1.000000 0.000000
0.991413 -0.130768 0.000000 183.347888 0.130768 0.991413 0.000000 64.582890 0.000000 0.000000 1.000000 0.000000
0.993340 -0.115219 0.000000 185.526266 0.115219 0.993340 0.000000 64.860298 0.000000 0.000000 1.000000 0.000000
0.994957 -0.100301 0.000000 187.702287 0.100301 0.994957 0.000000 65.103685 0.000000 0.000000 1.000000 0.000000
0.996283 -0.086136 0.000000 189.890486 0.086136 0.996283 0.000000 65.310222 0.000000 0.000000 1.000000 0.000000
0.997258 -0.074009 0.000000 192.075825 0.074009 0.997258 0.000000 65.484734 0.000000 0.000000 1.000000 0.000000
0.998069 -0.062117 0.000000 194.240015 0.062117 0.998069 0.000000 65.632625 0.000000 0.000000 1.000000 0.000000
0.998877 -0.047389 0.000000 196.401842 0.047389 0.998877 0.000000 65.752403 0.000000 0.000000 1.000000 0.000000
0.999521 -0.030950 0.000000 198.542971 0.030950 0.999521 0.000000 65.836319 0.000000 0.000000 1.000000 0.000000
0.999918 -0.012808 0.000000 200.681670 0.012808 0.999918 0.000000 65.881255 0.000000 0.000000 1.000000 0.000000
0.999976 0.006946 0.000000 202.811064 -0.006946 0.999976 -0.000000 65.886329 -0.000000 0.000000 1.000000 0.000000
0.999694 0.024740 0.000000 204.948677 -0.024740 0.999694 -0.000000 65.852968 -0.000000 0.000000 1.000000 0.000000
0.999127 0.041782 0.000000 207.081858 -0.041782 0.999127 -0.000000 65.782318 -0.000000 0.000000 1.000000 0.000000
0.998331 0.057746 0.000000 209.219432 -0.057746 0.998331 -0.000000 65.676009 -0.000000 0.000000 1.000000 0.000000
0.997307 0.073346 0.000000 211.359563 -0.073346 0.997307 -0.000000 65.536486 -0.000000 0.000000 1.000000 0.000000
0.995994 0.089421 0.000000 213.502623 -0.089421 0.995994 -0.000000 65.363172 -0.000000 0.000000 1.000000 0.000000
0.994375 0.105916 0.000000 215.637794 -0.105916 0.994375 -0.000000 65.154786 -0.000000 0.000000 1.000000 0.000000
0.992783 0.119924 0.000000 217.785254 -0.119924 0.992783 -0.000000 64.911349 -0.000000 0.000000 1.000000 0.000000
0.991197 0.132394 0.000000 219.926280 -0.132394 0.991197 -0.000000 64.640283 -0.000000 0.000000 1.000000 0.000000
0.989536 0.144287 0.000000 222.072606 -0.144287 0.989536 -0.000000 64.341903 -0.000000 0.000000 1.000000 0.000000
0.987556 0.157266 0.000000 224.220960 -0.157266 0.987556 -0.000000 64.014350 -0.000000 0.000000 1.000000 0.000000
0.985341 0.170599 0.000000 226.371388 -0.170599 0.985341 -0.000000 63.653697 -0.000000 0.000000 1.000000 0.000000
0.982353 0.187038 0.000000 228.517276 -0.187038 0.982353 -0.000000 63.261005 -0.000000 0.000000 1.000000 0.000000
0.979360 0.202124 0.000000 230.662030 -0.202124 0.979360 -0.000000 62.834770 -0.000000 0.000000 1.000000 0.000000
0.975721 0.219016 0.000000 232.802235 -0.219016 0.975721 -0.000000 62.373701 -0.000000 0.000000 1.000000 0.000000
0.971393 0.237476 0.000000 234.942464 -0.237476 0.971393 -0.000000 61.870730 -0.000000 0.000000 1.000000 0.000000
0.966857 0.255318 0.000000 237.066298 -0.255318 0.966857 -0.000000 61.330517 -0.000000 0.000000 1.000000 0.000000
0.963201 0.268781 0.000000 239.182964 -0.268781 0.963201 -0.000000 60.755662 -0.000000 0.000000 1.000000 0.000000
0.959489 0.281745 0.000000 241.269434 -0.281745 0.959489 -0.000000 60.159480 -0.000000 0.000000 1.000000 0.000000
0.953395 0.301724 0.000000 243.344883 -0.301724 0.953395 -0.000000 59.527166 -0.000000 0.000000 1.000000 0.000000
0.945595 0.325347 0.000000 245.398719 -0.325347 0.945595 -0.000000 58.850983 -0.000000 0.000000 1.000000 0.000000
0.936511 0.350639 0.000000 247.438710 -0.350639 0.936511 -0.000000 58.121676 -0.000000 0.000000 1.000000 0.000000
0.925899 0.377772 0.000000 249.449314 -0.377772 0.925899 -0.000000 57.335846 -0.000000 0.000000 1.000000 0.000000
0.914240 0.405172 0.000000 251.449160 -0.405172 0.914240 -0.000000 56.484327 -0.000000 0.000000 1.000000 0.000000
0.901870 0.432007 0.000000 253.431686 -0.432007 0.901870 -0.000000 55.570607 -0.000000 0.000000 1.000000 0.000000
0.888267 0.459327 0.000000 255.395310 -0.459327 0.888267 -0.000000 54.594397 -0.000000 0.000000 1.000000 0.000000
0.873966 0.485988 0.000000 257.317405 -0.485988 0.873966 -0.000000 53.568267 -0.000000 0.000000 1.000000 0.000000
0.859251 0.511555 0.000000 259.215795 -0.511555 0.859251 -0.000000 52.477286 -0.000000 0.000000 1.000000 0.000000
0.846401 0.532545 0.000000 261.077062 -0.532545 0.846401 -0.000000 51.338790 -0.000000 0.000000 1.000000 0.000000
0.834892 0.550413 0.000000 262.889178 -0.550413 0.834892 -0.000000 50.173153 -0.000000 0.000000 1.000000 0.000000
0.824446 0.565940 0.000000 264.671915 -0.565940 0.824446 -0.000000 48.974843 -0.000000 0.000000 1.000000 0.000000
0.814313 0.580426 0.000000 266.417427 -0.580426 0.814313 -0.000000 47.754361 -0.000000 0.000000 1.000000 0.000000
0.804221 0.594330 0.000000 268.121656 -0.594330 0.804221 -0.000000 46.517943 -0.000000 0.000000 1.000000 0.000000
0.793406 0.608693 0.000000 269.796658 -0.608693 0.793406 -0.000000 45.257533 -0.000000 0.000000 1.000000 0.000000
0.782314 0.622885 0.000000 271.425789 -0.622885 0.782314 -0.000000 43.984156 -0.000000 0.000000 1.000000 0.000000
0.769634 0.638485 0.000000 273.022948 -0.638485 0.769634 -0.000000 42.686986 -0.000000 0.000000 1.000000 0.000000
0.755580 0.655057 0.000000 274.591215 -0.655057 0.755580 -0.000000 41.356149 -0.000000 0.000000 1.000000 0.000000
0.741603 0.670839 0.000000 276.121734 -0.670839 0.741603 -0.000000 40.001884 -0.000000 0.000000 1.000000 0.000000
0.727770 0.685821 0.000000 277.621313 -0.685821 0.727770 -0.000000 38.618925 -0.000000 0.000000 1.000000 0.000000
0.714598 0.699536 0.000000 279.093971 -0.699536 0.714598 -0.000000 37.206573 -0.000000 0.000000 1.000000 0.000000
0.702933 0.711256 0.000000 280.534318 -0.711256 0.702933 -0.000000 35.774724 -0.000000 0.000000 1.000000 0.000000
0.692578 0.721343 0.000000 281.946613 -0.721343 0.692578 -0.000000 34.325404 -0.000000 0.000000 1.000000 0.000000
0.683223 0.730210 0.000000 283.331706 -0.730210 0.683223 -0.000000 32.865388 -0.000000 0.000000 1.000000 0.000000
0.674856 0.737949 0.000000 284.693376 -0.737949 0.674856 -0.000000 31.395138 -0.000000 0.000000 1.000000 0.000000
0.667524 0.744588 0.000000 286.036518 -0.744588 0.667524 -0.000000 29.912843 -0.000000 0.000000 1.000000 0.000000
0.662569 0.749001 0.000000 287.367555 -0.749001 0.662569 -0.000000 28.417080 -0.000000 0.000000 1.000000 0.000000
0.660537 0.750794 0.000000 288.689826 -0.750794 0.660537 -0.000000 26.920534 -0.000000 0.000000 1.000000 0.000000
0.659158 0.752004 0.000000 290.001430 -0.752004 0.659158 -0.000000 25.431022 -0.000000 0.000000 1.000000 0.000000
0.660503 0.750824 0.000000 291.299684 -0.750824 0.660503 -0.000000 23.955312 -0.000000 0.000000 1.000000 0.000000
0.665995 0.745956 0.000000 292.594316 -0.745956 0.665995 -0.000000 22.494824 -0.000000 0.000000 1.000000 0.000000
0.675058 0.737765 0.000000 293.890762 -0.737765 0.675058 -0.000000 21.061871 -0.000000 0.000000 1.000000 0.000000
0.686962 0.726694 0.000000 295.195907 -0.726694 0.686962 -0.000000 19.663564 -0.000000 0.000000 1.000000 0.000000
0.700254 0.713894 0.000000 296.511485 -0.713894 0.700254 -0.000000 18.300959 -0.000000 0.000000 1.000000 0.000000
0.714594 0.699540 0.000000 297.844899 -0.699540 0.714594 -0.000000 16.968782 -0.000000 0.000000 1.000000 0.000000
0.731058 0.682316 0.000000 299.198919 -0.682316 0.731058 -0.000000 15.675427 -0.000000 0.000000 1.000000 0.000000
0.747567 0.664186 0.000000 300.577518 -0.664186 0.747567 -0.000000 14.424115 -0.000000 0.000000 1.000000 0.000000
0.764039 0.645170 0.000000 301.977898 -0.645170 0.764039 -0.000000 13.212153 -0.000000 0.000000 1.000000 0.000000
0.781451 0.623967 0.000000 303.407587 -0.623967 0.781451 -0.000000 12.037297 -0.000000 0.000000 1.000000 0.000000
0.800998 0.598667 0.000000 304.865353 -0.598667 0.800998 -0.000000 10.908686 -0.000000 0.000000 1.000000 0.000000
0.822187 0.569218 0.000000 306.364244 -0.569218 0.822187 -0.000000 9.831292 -0.000000 0.000000 1.000000 0.000000
0.843702 0.536812 0.000000 307.906307 -0.536812 0.843702 -0.000000 8.806838 -0.000000 0.000000 1.000000 0.000000
0.864994 0.501783 0.000000 309.484632 -0.501783 0.864994 -0.000000 7.844001 -0.000000 0.000000 1.000000 0.000000
0.887040 0.461693 0.000000 311.114267 -0.461693 0.887040 -0.000000 6.943708 -0.000000 0.000000 1.000000 0.000000
0.908615 0.417634 0.000000 312.788175 -0.417634 0.908615 -0.000000 6.120727 -0.000000 0.000000 1.000000 0.000000
0.929804 0.368056 0.000000 314.509656 -0.368056 0.929804 -0.000000 5.380762 -0.000000 0.000000 1.000000 0.000000
0.948334 0.317273 0.000000 316.280291 -0.317273 0.948334 -0.000000 4.730366 -0.000000 0.000000 1.000000 0.000000
0.963802 0.266618 0.000000 318.089686 -0.266618 0.963802 -0.000000 4.174930 -0.000000 0.000000 1.000000 0.000000
0.975017 0.222129 0.000000 319.955160 -0.222129 0.975017 -0.000000 3.709834 -0.000000 0.000000 1.000000 0.000000
0.981373 0.192113 0.000000 321.832064 -0.192113 0.981373 -0.000000 3.315353 -0.000000 0.000000 1.000000 0.000000
0.986187 0.165633 0.000000 323.749131 -0.165633 0.986187 -0.000000 2.968041 -0.000000 0.000000 1.000000 0.000000
0.990161 0.139934 0.000000 325.676910 -0.139934 0.990161 -0.000000 2.670286 -0.000000 0.000000 1.000000 0.000000
0.993294 0.115616 0.000000 327.632195 -0.115616 0.993294 -0.000000 2.417269 -0.000000 0.000000 1.000000 0.000000
0.995397 0.095841 0.000000 329.610437 -0.095841 0.995397 -0.000000 2.208098 -0.000000 0.000000 1.000000 0.000000
0.996693 0.081261 0.000000 331.605399 -0.081261 0.996693 -0.000000 2.032169 -0.000000 0.000000 1.000000 0.000000
0.997487 0.070850 0.000000 333.609594 -0.070850 0.997487 -0.000000 1.881006 -0.000000 0.000000 1.000000 0.000000
0.997911 0.064605 0.000000 335.610488 -0.064605 0.997911 -0.000000 1.745751 -0.000000 0.000000 1.000000 0.000000
0.997914 0.064556 0.000000 337.632962 -0.064556 0.997914 -0.000000 1.615870 -0.000000 0.000000 1.000000 0.000000
0.997747 0.067094 0.000000 339.664856 -0.067094 0.997747 -0.000000 1.482211 -0.000000 0.000000 1.000000 0.000000
0.997389 0.072214 0.000000 341.713717 -0.072214 0.997389 -0.000000 1.338871 -0.000000 0.000000 1.000000 0.000000
0.997056 0.076675 0.000000 343.788263 -0.076675 0.997056 -0.000000 1.183401 -0.000000 0.000000 1.000000 0.000000
0.996725 0.080860 0.000000 345.872075 -0.080860 0.996725 -0.000000 1.018433 -0.000000 0.000000 1.000000 0.000000
0.996447 0.084217 0.000000 347.973222 -0.084217 0.996447 -0.000000 0.844145 -0.000000 0.000000 1.000000 0.000000
0.996193 0.087170 0.000000 350.079916 -0.087170 0.996193 -0.000000 0.663006 -0.000000 0.000000 1.000000 0.000000
0.995928 0.090147 0.000000 352.192745 -0.090147 0.995928 -0.000000 0.474282 -0.000000 0.000000 1.000000 0.000000
0.995650 0.093170 0.000000 354.321275 -0.093170 0.995650 -0.000000 0.277875 -0.000000 0.000000 1.000000 0.000000
0.995382 0.095996 0.000000 356.461422 -0.095996 0.995382 -0.000000 0.074183 -0.000000 0.000000 1.000000 0.000000
0.995110 0.098771 0.000000 358.609156 -0.098771 0.995110 -0.000000 -0.137270 -0.000000 0.000000 1.000000 0.000000
0.995088 0.098990 0.000000 360.760210 -0.098990 0.995088 -0.000000 -0.354553 -0.000000 0.000000 1.000000 0.000000
0.995251 0.097344 0.000000 362.935390 -0.097344 0.995251 -0.000000 -0.572381 -0.000000 0.000000 1.000000 0.000000
0.995558 0.094154 0.000000 365.113975 -0.094154 0.995558 -0.000000 -0.784531 -0.000000 0.000000 1.000000 0.000000
0.995867 0.090825 0.000000 367.303596 -0.090825 0.995867 -0.000000 -0.989882 -0.000000 0.000000 1.000000 0.000000
0.996214 0.086936 0.000000 369.511202 -0.086936 0.996214 -0.000000 -1.188250 -0.000000 0.000000 1.000000 0.000000
0.996525 0.083297 0.000000 371.731136 -0.083297 0.996525 -0.000000 -1.379704 -0.000000 0.000000 1.000000 0.000000
0.996860 0.079184 0.000000 373.951581 -0.079184 0.996860 -0.000000 -1.562652 -0.000000 0.000000 1.000000 0.000000
0.997470 0.071083 0.000000 376.187334 -0.071083 0.997470 -0.000000 -1.734070 -0.000000 0.000000 1.000000 0.000000
0.998083 0.061890 0.000000 378.457889 -0.061890 0.998083 -0.000000 -1.888036 -0.000000 0.000000 1.000000 0.000000
0.998507 0.054624 0.000000 380.715230 -0.054624 0.998507 -0.000000 -2.021730 -0.000000 0.000000 1.000000 0.000000
0.998751 0.049972 0.000000 382.988710 -0.049972 0.998751 -0.000000 -2.143547 -0.000000 0.000000 1.000000 0.000000
0.999011 0.044462 0.000000 385.287564 -0.044462 0.999011 -0.000000 -2.253685 -0.000000 0.000000 1.000000 0.000000
0.999210 0.039753 0.000000 387.579609 -0.039753 0.999210 -0.000000 -2.351273 -0.000000 0.000000 1.000000 0.000000
0.999375 0.035363 0.000000 389.869204 -0.035363 0.999375 -0.000000 -2.438210 -0.000000 0.000000 1.000000 0.000000
0.999517 0.031085 0.000000 392.138574 -0.031085 0.999517 -0.000000 -2.514926 -0.000000 0.000000 1.000000 0.000000
0.999622 0.027507 0.000000 394.381932 -0.027507 0.999622 -0.000000 -2.581906 -0.000000 0.000000 1.000000 0.000000
0.999696 0.024674 0.000000 396.609786 -0.024674 0.999696 -0.000000 -2.641551 -0.000000 0.000000 1.000000 0.000000
0.999687 0.025022 0.000000 398.821423 -0.025022 0.999687 -0.000000 -2.697069 -0.000000 0.000000 1.000000 0.000000
0.999660 0.026089 0.000000 401.018146 -0.026089 0.999660 -0.000000 -2.753438 -0.000000 0.000000 1.000000 0.000000
0.999666 0.025863 0.000000 403.208101 -0.025863 0.999666 -0.000000 -2.810213 -0.000000 0.000000 1.000000 0.000000
0.999687 0.024999 0.000000 405.398562 -0.024999 0.999687 -0.000000 -2.864111 -0.000000 0.000000 1.000000 0.000000
0.999698 0.024586 0.000000 407.588453 -0.024586 0.999698 -0.000000 -2.916832 -0.000000 0.000000 1.000000 0.000000
0.999691 0.024859 0.000000 409.794500 -0.024859 0.999691 -0.000000 -2.969789 -0.000000 0.000000 1.000000 0.000000
0.999638 0.026892 0.000000 411.979762 -0.026892 0.999638 -0.000000 -3.024967 -0.000000 0.000000 1.000000 0.000000
0.999615 0.027748 0.000000 414.186125 -0.027748 0.999615 -0.000000 -3.082890 -0.000000 0.000000 1.000000 0.000000
0.999588 0.028695 0.000000 416.385956 -0.028695 0.999588 -0.000000 -3.143427 -0.000000 0.000000 1.000000 0.000000
0.999591 0.028581 0.000000 418.579420 -0.028581 0.999591 -0.000000 -3.204956 -0.000000 0.000000 1.000000 0.000000
0.999623 0.027469 0.000000 420.747773 -0.027469 0.999623 -0.000000 -3.265654 -0.000000 0.000000 1.000000 0.000000
0.999674 0.025543 0.000000 422.901507 -0.025543 0.999674 -0.000000 -3.323655 -0.000000 0.000000 1.000000 0.000000
0.999716 0.023826 0.000000 425.039930 -0.023826 0.999716 -0.000000 -3.376984 -0.000000 0.000000 1.000000 0.000000
0.999768 0.021557 0.000000 427.159179 -0.021557 0.999768 -0.000000 -3.425142 -0.000000 0.000000 1.000000 0.000000
0.999823 0.018818 0.000000 429.252466 -0.018818 0.999823 -0.000000 -3.467454 -0.000000 0.000000 1.000000 0.000000
0.999911 0.013343 0.000000 431.319377 -0.013343 0.999911 -0.000000 -3.501074 -0.000000 0.000000 1.000000 0.000000
0.999960 0.008940 0.000000 433.379748 -0.008940 0.999960 -0.000000 -3.523848 -0.000000 0.000000 1.000000 0.000000
0.999982 0.006046 0.000000 435.411594 -0.006046 0.999982 -0.000000 -3.539009 -0.000000 0.000000 1.000000 0.000000
0.999991 0.004135 0.000000 437.432237 -0.004135 0.999991 -0.000000 -3.551030 -0.000000 0.000000 1.000000 0.000000
0.999998 0.002077 0.000000 439.451387 -0.002077 0.999998 -0.000000 -3.557674 -0.000000 0.000000 1.000000 0.000000
1.000000 0.000494 0.000000 441.440041 -0.000494 1.000000 -0.000000 -3.561336 -0.000000 0.000000 1.000000 0.000000
1.000000 -0.000675 0.000000 443.414933 0.000675 1.000000 0.000000 -3.562510 0.000000 0.000000 1.000000 0.000000
0.999999 -0.001696 0.000000 445.370151 0.001696 0.999999 0.000000 -3.561966 0.000000 0.000000 1.000000 0.000000
0.999997 -0.002596 0.000000 447.298958 0.002596 0.999997 0.000000 -3.558180 0.000000 0.000000 1.000000 0.000000
0.999997 -0.002543 0.000000 449.208208 0.002543 0.999997 0.000000 -3.553595 0.000000 0.000000 1.000000 0.000000
0.999999 -0.001467 0.000000 451.093719 0.001467 0.999999 0.000000 -3.550069 0.000000 0.000000 1.000000 0.000000
1.000000 -0.000035 0.000000 452.959950 0.000035 1.000000 0.000000 -3.549925 0.000000 0.000000 1.000000 0.000000
0.999999 0.001032 0.000000 454.807923 -0.001032 0.999999 -0.000000 -3.553586 -0.000000 0.000000 1.000000 0.000000
0.999997 0.002486 0.000000 456.609234 -0.002486 0.999997 -0.000000 -3.559088 -0.000000 0.000000 1.000000 0.000000
0.999995 0.003204 0.000000 458.345167 -0.003204 0.999995 -0.000000 -3.565500 -0.000000 0.000000 1.000000 0.000000
0.999989 0.004684 0.000000 460.019459 -0.004684 0.999989 -0.000000 -3.573293 -0.000000 0.000000 1.000000 0.000000
0.999976 0.006870 0.000000 461.631403 -0.006870 0.999976 -0.000000 -3.584685 -0.000000 0.000000 1.000000 0.000000
0.999935 0.011416 0.000000 463.197594 -0.011416 0.999935 -0.000000 -3.600573 -0.000000 0.000000 1.000000 0.000000
0.999828 0.018528 0.000000 464.709638 -0.018528 0.999828 -0.000000 -3.623573 -0.000000 0.000000 1.000000 0.000000
0.998814 0.048699 0.000000 467.549373 -0.048699 0.998814 -0.000000 -3.716391 -0.000000 0.000000 1.000000 0.000000
0.992372 0.123276 0.000000 470.171090 -0.123276 0.992372 -0.000000 -3.927999 -0.000000 0.000000 1.000000 0.000000
0.971131 0.238548 0.000000 472.619067 -0.238548 0.971131 -0.000000 -4.371057 -0.000000 0.000000 1.000000 0.000000
0.931241 0.364405 0.000000 474.904435 -0.364405 0.931241 -0.000000 -5.087420 -0.000000 0.000000 1.000000 0.000000
0.867042 0.498235 0.000000 477.026189 -0.498235 0.867042 -0.000000 -6.102591 -0.000000 0.000000 1.000000 0.000000
0.773717 0.633532 0.000000 478.961670 -0.633532 0.773717 -0.000000 -7.426591 -0.000000 0.000000 1.000000 0.000000
0.712873 0.701294 0.000000 479.833386 -0.701294 0.712873 -0.000000 -8.204554 -0.000000 0.000000 1.000000 0.000000
0.642472 0.766310 0.000000 480.633645 -0.766310 0.642472 -0.000000 -9.064956 -0.000000 0.000000 1.000000 0.000000
0.562609 0.826723 0.000000 481.343011 -0.826723 0.562609 -0.000000 -9.995744 -0.000000 0.000000 1.000000 0.000000
0.476710 0.879061 0.000000 481.963718 -0.879061 0.476710 -0.000000 -11.008401 -0.000000 0.000000 1.000000 0.000000
0.385251 0.922812 0.000000 482.484641 -0.922812 0.385251 -0.000000 -12.090818 -0.000000 0.000000 1.000000 0.000000
0.299210 0.954187 0.000000 482.901781 -0.954187 0.299210 -0.000000 -13.232994 -0.000000 0.000000 1.000000 0.000000
0.189214 0.981936 0.000000 483.507280 -0.981936 0.189214 -0.000000 -15.686258 -0.000000 0.000000 1.000000 0.000000
0.130878 0.991398 0.000000 483.923961 -0.991398 0.130878 -0.000000 -18.302152 -0.000000 0.000000 1.000000 0.000000
0.090296 0.995915 0.000000 484.234679 -0.995915 0.090296 -0.000000 -21.082140 -0.000000 0.000000 1.000000 0.000000
0.061709 0.998094 0.000000 484.457285 -0.998094 0.061709 -0.000000 -24.013476 -0.000000 0.000000 1.000000 0.000000
0.049430 0.998778 0.000000 484.542487 -0.998778 0.049430 -0.000000 -25.533699 -0.000000 0.000000 1.000000 0.000000
0.037810 0.999285 0.000000 484.611869 -0.999285 0.037810 -0.000000 -27.093098 -0.000000 0.000000 1.000000 0.000000
0.026523 0.999648 0.000000 484.663762 -0.999648 0.026523 -0.000000 -28.696095 -0.000000 0.000000 1.000000 0.000000
0.015296 0.999883 0.000000 484.698820 -0.999883 0.015296 -0.000000 -30.331695 -0.000000 0.000000 1.000000 0.000000
0.004056 0.999992 0.000000 484.716114 -0.999992 0.004056 -0.000000 -32.002792 -0.000000 0.000000 1.000000 0.000000
-0.007024 0.999975 0.000000 484.714201 -0.999975 -0.007024 -0.000000 -33.710749 -0.000000 0.000000 1.000000 0.000000
-0.017762 0.999842 0.000000 484.692408 -0.999842 -0.017762 -0.000000 -35.457883 -0.000000 0.000000 1.000000 0.000000
-0.027671 0.999617 0.000000 484.653395 -0.999617 -0.027671 -0.000000 -37.233821 -0.000000 0.000000 1.000000 0.000000
-0.034344 0.999410 0.000000 484.597690 -0.999410 -0.034344 -0.000000 -39.043299 -0.000000 0.000000 1.000000 0.000000
-0.039027 0.999238 0.000000 484.530147 -0.999238 -0.039027 -0.000000 -40.889168 -0.000000 0.000000 1.000000 0.000000
-0.043045 0.999073 0.000000 484.452506 -0.999073 -0.043045 -0.000000 -42.762542 -0.000000 0.000000 1.000000 0.000000
-0.044481 0.999010 0.000000 484.370128 -0.999010 -0.044481 -0.000000 -44.671506 -0.000000 0.000000 1.000000 0.000000
-0.044794 0.998996 0.000000 484.284032 -0.998996 -0.044794 -0.000000 -46.603737 -0.000000 0.000000 1.000000 0.000000
-0.045440 0.998967 0.000000 484.195864 -0.998967 -0.045440 -0.000000 -48.573114 -0.000000 0.000000 1.000000 0.000000
-0.046213 0.998932 0.000000 484.104964 -0.998932 -0.046213 -0.000000 -50.542360 -0.000000 0.000000 1.000000 0.000000
-0.049402 0.998779 0.000000 484.011968 -0.998779 -0.049402 -0.000000 -52.511976 -0.000000 0.000000 1.000000 0.000000
-0.054655 0.998505 0.000000 483.910806 -0.998505 -0.054655 -0.000000 -54.480137 -0.000000 0.000000 1.000000 0.000000
-0.060105 0.998192 0.000000 483.797828 -0.998192 -0.060105 -0.000000 -56.456402 -0.000000 0.000000 1.000000 0.000000
-0.062973 0.998015 0.000000 483.674904 -0.998015 -0.062973 -0.000000 -58.447400 -0.000000 0.000000 1.000000 0.000000
-0.061612 0.998100 0.000000 483.549852 -0.998100 -0.061612 -0.000000 -60.451708 -0.000000 0.000000 1.000000 0.000000
-0.059627 0.998221 0.000000 483.427304 -0.998221 -0.059627 -0.000000 -62.474155 -0.000000 0.000000 1.000000 0.000000
-0.058627 0.998280 0.000000 483.307090 -0.998280 -0.058627 -0.000000 -64.514164 -0.000000 0.000000 1.000000 0.000000
-0.058110 0.998310 0.000000 483.186946 -0.998310 -0.058110 -0.000000 -66.572457 -0.000000 0.000000 1.000000 0.000000
-0.059222 0.998245 0.000000 483.064190 -0.998245 -0.059222 -0.000000 -68.649523 -0.000000 0.000000 1.000000 0.000000
-0.059958 0.998201 0.000000 482.939008 -0.998201 -0.059958 -0.000000 -70.743591 -0.000000 0.000000 1.000000 0.000000
-0.060768 0.998152 0.000000 482.811318 -0.998152 -0.060768 -0.000000 -72.861948 -0.000000 0.000000 1.000000 0.000000
-0.061992 0.998077 0.000000 482.680263 -0.998077 -0.061992 -0.000000 -74.986638 -0.000000 0.000000 1.000000 0.000000
-0.063219 0.998000 0.000000 482.543482 -0.998000 -0.063219 -0.000000 -77.124317 -0.000000 0.000000 1.000000 0.000000
-0.064406 0.997924 0.000000 482.403529 -0.997924 -0.064406 -0.000000 -79.278953 -0.000000 0.000000 1.000000 0.000000
-0.066118 0.997812 0.000000 482.260649 -0.997812 -0.066118 -0.000000 -81.448303 -0.000000 0.000000 1.000000 0.000000
-0.068236 0.997669 0.000000 482.112745 -0.997669 -0.068236 -0.000000 -83.634657 -0.000000 0.000000 1.000000 0.000000
-0.072509 0.997368 0.000000 481.955934 -0.997368 -0.072509 -0.000000 -85.844041 -0.000000 0.000000 1.000000 0.000000
-0.077287 0.997009 0.000000 481.789481 -0.997009 -0.077287 -0.000000 -88.053554 -0.000000 0.000000 1.000000 0.000000
-0.084030 0.996463 0.000000 481.609763 -0.996463 -0.084030 -0.000000 -90.286961 -0.000000 0.000000 1.000000 0.000000
-0.092865 0.995679 0.000000 481.410798 -0.995679 -0.092865 -0.000000 -92.532516 -0.000000 0.000000 1.000000 0.000000
-0.101966 0.994788 0.000000 481.189902 -0.994788 -0.101966 -0.000000 -94.794763 -0.000000 0.000000 1.000000 0.000000
-0.110961 0.993825 0.000000 480.945998 -0.993825 -0.110961 -0.000000 -97.074920 -0.000000 0.000000 1.000000 0.000000
-0.120000 0.992774 0.000000 480.679466 -0.992774 -0.120000 -0.000000 -99.367379 -0.000000 0.000000 1.000000 0.000000
-0.128983 0.991647 0.000000 480.390650 -0.991647 -0.128983 -0.000000 -101.668250 -0.000000 0.000000 1.000000 0.000000
-0.136072 0.990699 0.000000 480.079482 -0.990699 -0.136072 -0.000000 -103.986626 -0.000000 0.000000 1.000000 0.000000
-0.143390 0.989666 0.000000 479.753797 -0.989666 -0.143390 -0.000000 -106.293179 -0.000000 0.000000 1.000000 0.000000
-0.150295 0.988641 0.000000 479.412346 -0.988641 -0.150295 -0.000000 -108.586242 -0.000000 0.000000 1.000000 0.000000
-0.157310 0.987549 0.000000 479.058987 -0.987549 -0.157310 -0.000000 -110.857366 -0.000000 0.000000 1.000000 0.000000
-0.164108 0.986442 0.000000 478.692313 -0.986442 -0.164108 -0.000000 -113.102962 -0.000000 0.000000 1.000000 0.000000
-0.171027 0.985266 0.000000 478.311874 -0.985266 -0.171027 -0.000000 -115.340500 -0.000000 0.000000 1.000000 0.000000
-0.176956 0.984219 0.000000 477.917360 -0.984219 -0.176956 -0.000000 -117.568042 -0.000000 0.000000 1.000000 0.000000
-0.183500 0.983020 0.000000 477.510182 -0.983020 -0.183500 -0.000000 -119.797945 -0.000000 0.000000 1.000000 0.000000
-0.190442 0.981699 0.000000 477.085759 -0.981699 -0.190442 -0.000000 -122.035428 -0.000000 0.000000 1.000000 0.000000
-0.198705 0.980059 0.000000 476.639103 -0.980059 -0.198705 -0.000000 -124.302600 -0.000000 0.000000 1.000000 0.000000
-0.207289 0.978280 0.000000 476.173075 -0.978280 -0.207289 -0.000000 -126.557466 -0.000000 0.000000 1.000000 0.000000
-0.216068 0.976378 0.000000 475.680507 -0.976378 -0.216068 -0.000000 -128.840265 -0.000000 0.000000 1.000000 0.000000
-0.224675 0.974434 0.000000 475.159560 -0.974434 -0.224675 -0.000000 -131.144387 -0.000000 0.000000 1.000000 0.000000
-0.233403 0.972380 0.000000 474.615853 -0.972380 -0.233403 -0.000000 -133.457471 -0.000000 0.000000 1.000000 0.000000
-0.242188 0.970229 0.000000 474.046073 -0.970229 -0.242188 -0.000000 -135.789136 -0.000000 0.000000 1.000000 0.000000
-0.251793 0.967781 0.000000 473.447358 -0.967781 -0.251793 -0.000000 -138.147307 -0.000000 0.000000 1.000000 0.000000
-0.263154 0.964754 0.000000 472.819749 -0.964754 -0.263154 -0.000000 -140.504715 -0.000000 0.000000 1.000000 0.000000
-0.275642 0.961260 0.000000 472.158199 -0.961260 -0.275642 -0.000000 -142.875549 -0.000000 0.000000 1.000000 0.000000
-0.290711 0.956811 0.000000 471.457822 -0.956811 -0.290711 -0.000000 -145.255635 -0.000000 0.000000 1.000000 0.000000
-0.305607 0.952158 0.000000 470.713547 -0.952158 -0.305607 -0.000000 -147.645782 -0.000000 0.000000 1.000000 0.000000
-0.320157 0.947364 0.000000 469.922637 -0.947364 -0.320157 -0.000000 -150.046082 -0.000000 0.000000 1.000000 0.000000
-0.332734 0.943021 0.000000 469.094910 -0.943021 -0.332734 -0.000000 -152.443778 -0.000000 0.000000 1.000000 0.000000
-0.344907 0.938637 0.000000 468.230064 -0.938637 -0.344907 -0.000000 -154.849532 -0.000000 0.000000 1.000000 0.000000
-0.356994 0.934107 0.000000 467.327192 -0.934107 -0.356994 -0.000000 -157.262913 -0.000000 0.000000 1.000000 0.000000
-0.367920 0.929857 0.000000 466.389070 -0.929857 -0.367920 -0.000000 -159.679014 -0.000000 0.000000 1.000000 0.000000
-0.379475 0.925202 0.000000 465.412349 -0.925202 -0.379475 -0.000000 -162.107803 -0.000000 0.000000 1.000000 0.000000
-0.391974 0.919976 0.000000 464.400005 -0.919976 -0.391974 -0.000000 -164.535347 -0.000000 0.000000 1.000000 0.000000
-0.404387 0.914588 0.000000 463.348132 -0.914588 -0.404387 -0.000000 -166.960427 -0.000000 0.000000 1.000000 0.000000
-0.415426 0.909627 0.000000 462.273981 -0.909627 -0.415426 -0.000000 -169.350680 -0.000000 0.000000 1.000000 0.000000
-0.425553 0.904933 0.000000 461.176784 -0.904933 -0.425553 -0.000000 -171.718337 -0.000000 0.000000 1.000000 0.000000
-0.435516 0.900181 0.000000 460.066716 -0.900181 -0.435516 -0.000000 -174.046143 -0.000000 0.000000 1.000000 0.000000
-0.445406 0.895329 0.000000 458.936869 -0.895329 -0.445406 -0.000000 -176.351878 -0.000000 0.000000 1.000000 0.000000
-0.453864 0.891071 0.000000 457.785160 -0.891071 -0.453864 -0.000000 -178.642546 -0.000000 0.000000 1.000000 0.000000
-0.462097 0.886830 0.000000 456.616496 -0.886830 -0.462097 -0.000000 -180.915010 -0.000000 0.000000 1.000000 0.000000
-0.468480 0.883474 0.000000 455.432307 -0.883474 -0.468480 -0.000000 -183.167382 -0.000000 0.000000 1.000000 0.000000
-0.473129 0.880993 0.000000 454.233981 -0.880993 -0.473129 -0.000000 -185.413259 -0.000000 0.000000 1.000000 0.000000
-0.477895 0.878417 0.000000 453.018577 -0.878417 -0.477895 -0.000000 -187.657328 -0.000000 0.000000 1.000000 0.000000
-0.482942 0.875652 0.000000 451.792340 -0.875652 -0.482942 -0.000000 -189.893581 -0.000000 0.000000 1.000000 0.000000
-0.488549 0.872537 0.000000 450.549233 -0.872537 -0.488549 -0.000000 -192.129564 -0.000000 0.000000 1.000000 0.000000
-0.493619 0.869678 0.000000 449.302802 -0.869678 -0.493619 -0.000000 -194.339763 -0.000000 0.000000 1.000000 0.000000
-0.498704 0.866772 0.000000 448.040214 -0.866772 -0.498704 -0.000000 -196.547603 -0.000000 0.000000 1.000000 0.000000
-0.502983 0.864296 0.000000 446.773595 -0.864296 -0.502983 0.000000 -198.736052 0.000000 0.000000 1.000000 0.000000
-0.507224 0.861814 0.000000 445.499973 -0.861814 -0.507224 0.000000 -200.910274 0.000000 0.000000 1.000000 0.000000
-0.511140 0.859498 0.000000 444.231748 -0.859498 -0.511140 0.000000 -203.051552 0.000000 0.000000 1.000000 0.000000
-0.515052 0.857159 0.000000 442.960184 -0.857159 -0.515052 0.000000 -205.177484 0.000000 0.000000 1.000000 0.000000
-0.517897 0.855443 0.000000 441.687542 -0.855443 -0.517897 0.000000 -207.284962 0.000000 0.000000 1.000000 0.000000
-0.518197 0.855261 0.000000 440.424081 -0.855261 -0.518197 0.000000 -209.367719 0.000000 0.000000 1.000000 0.000000
-0.519477 0.854485 0.000000 439.165608 -0.854485 -0.519477 0.000000 -211.439579 0.000000 0.000000 1.000000 0.000000
-0.519592 0.854415 0.000000 437.917769 -0.854415 -0.519592 0.000000 -213.490766 0.000000 0.000000 1.000000 0.000000
-0.519426 0.854516 0.000000 436.678811 -0.854516 -0.519426 0.000000 -215.527553 0.000000 0.000000 1.000000 0.000000
-0.519324 0.854578 0.000000 435.446949 -0.854578 -0.519324 0.000000 -217.552938 0.000000 0.000000 1.000000 0.000000
-0.517765 0.855523 0.000000 434.223894 -0.855523 -0.517765 0.000000 -219.568491 0.000000 0.000000 1.000000 0.000000
-0.516206 0.856464 0.000000 433.011060 -0.856464 -0.516206 0.000000 -221.573636 0.000000 0.000000 1.000000 0.000000
-0.513442 0.858125 0.000000 431.822536 -0.858125 -0.513442 0.000000 -223.549850 0.000000 0.000000 1.000000 0.000000
-0.509879 0.860246 0.000000 430.648160 -0.860246 -0.509879 0.000000 -225.518768 0.000000 0.000000 1.000000 0.000000
