0.998938 -0.046071 0.000000 1.540772 0.046071 0.998938 0.000000 0.052858 0.000000 0.000000 1.000000 0.000000
0.995601 -0.093694 0.000000 3.833849 0.093694 0.995601 0.000000 0.239547 0.000000 0.000000 1.000000 0.000000
0.993720 -0.111894 0.000000 5.930421 0.111894 0.993720 0.000000 0.462256 0.000000 0.000000 1.000000 0.000000
0.993868 -0.110571 0.000000 8.398261 0.110571 0.993868 0.000000 0.706551 0.000000 0.000000 1.000000 0.000000
0.994371 -0.105956 0.000000 11.604724 0.105956 0.994371 0.000000 1.058260 0.000000 0.000000 1.000000 0.000000
0.994792 -0.101923 0.000000 13.356704 0.101923 0.994792 0.000000 1.233474 0.000000 0.000000 1.000000 0.000000
0.995227 -0.097585 0.000000 15.197585 0.097585 0.995227 0.000000 1.411144 0.000000 0.000000 1.000000 0.000000
0.995682 -0.092833 0.000000 17.137333 0.092833 0.995682 0.000000 1.580895 0.000000 0.000000 1.000000 0.000000
0.996174 -0.087394 0.000000 19.049970 0.087394 0.996174 0.000000 1.739133 0.000000 0.000000 1.000000 0.000000
0.996705 -0.081115 0.000000 21.129352 0.081115 0.996705 0.000000 1.896672 0.000000 0.000000 1.000000 0.000000
0.997166 -0.075228 0.000000 23.203319 0.075228 0.997166 0.000000 2.039822 0.000000 0.000000 1.000000 0.000000
0.997708 -0.067665 0.000000 25.311791 0.067665 0.997708 0.000000 2.184124 0.000000 0.000000 1.000000 0.000000
0.998065 -0.062174 0.000000 27.436822 0.062174 0.998065 0.000000 2.302412 0.000000 0.000000 1.000000 0.000000
0.998273 -0.058750 0.000000 29.640675 0.058750 0.998273 0.000000 2.418477 0.000000 0.000000 1.000000 0.000000
0.998377 -0.056956 0.000000 31.891028 0.056956 0.998377 0.000000 2.536726 0.000000 0.000000 1.000000 0.000000
0.998530 -0.054204 0.000000 34.218530 0.054204 0.998530 0.000000 2.658350 0.000000 0.000000 1.000000 0.000000
0.998702 -0.050940 0.000000 36.561310 0.050940 0.998702 0.000000 2.771673 0.000000 0.000000 1.000000 0.000000
0.998893 -0.047047 0.000000 38.828594 0.047047 0.998893 0.000000 2.881976 0.000000 0.000000 1.000000 0.000000
0.999174 -0.040632 0.000000 41.064157 0.040632 0.999174 0.000000 2.971931 0.000000 0.000000 1.000000 0.000000
0.999416 -0.034182 0.000000 43.304772 0.034182 0.999416 0.000000 3.046651 0.000000 0.000000 1.000000 0.000000
0.999678 -0.025359 0.000000 45.584653 0.025359 0.999678 0.000000 3.102319 0.000000 0.000000 1.000000 0.000000
0.999803 -0.019840 0.000000 47.867412 0.019840 0.999803 0.000000 3.137830 0.000000 0.000000 1.000000 0.000000
0.999889 -0.014906 0.000000 50.131375 0.014906 0.999889 0.000000 3.167173 0.000000 0.000000 1.000000 0.000000
0.999872 -0.016030 0.000000 52.290580 0.016030 0.999872 0.000000 3.193792 0.000000 0.000000 1.000000 0.000000
0.999855 -0.017001 0.000000 54.468108 0.017001 0.999855 0.000000 3.223228 0.000000 0.000000 1.000000 0.000000
0.999836 -0.018104 0.000000 56.640009 0.018104 0.999836 0.000000 3.257010 0.000000 0.000000 1.000000 0.000000
0.999766 -0.021626 0.000000 58.776839 0.021626 0.999766 0.000000 3.290717 0.000000 0.000000 1.000000 0.000000
0.999600 -0.028268 0.000000 60.894984 0.028268 0.999600 0.000000 3.334823 0.000000 0.000000 1.000000 0.000000
0.999429 -0.033782 0.000000 63.004023 0.033782 0.999429 0.000000 3.403967 0.000000 0.000000 1.000000 0.000000
0.999236 -0.039094 0.000000 65.278385 0.039094 0.999236 0.000000 3.499107 0.000000 0.000000 1.000000 0.000000
0.998996 -0.044805 0.000000 67.544042 0.044805 0.998996 0.000000 3.605167 0.000000 0.000000 1.000000 0.000000
0.998653 -0.051896 0.000000 69.792506 0.051896 0.998653 0.000000 3.717166 0.000000 0.000000 1.000000 0.000000
0.998159 -0.060644 0.000000 72.091109 0.060644 0.998159 0.000000 3.838904 0.000000 0.000000 1.000000 0.000000
0.997634 -0.068744 0.000000 74.462114 0.068744 0.997634 0.000000 3.997598 0.000000 0.000000 1.000000 0.000000
0.997010 -0.077276 0.000000 76.865739 0.077276 0.997010 0.000000 4.163076 0.000000 0.000000 1.000000 0.000000
0.996576 -0.082681 0.000000 79.188248 0.082681 0.996576 0.000000 4.335831 0.000000 0.000000 1.000000 0.000000
0.996655 -0.081726 0.000000 81.457161 0.081726 0.996655 0.000000 4.510882 0.000000 0.000000 1.000000 0.000000
0.997244 -0.074192 0.000000 83.733897 0.074192 0.997244 0.000000 4.670650 0.000000 0.000000 1.000000 0.000000
0.998268 -0.058836 0.000000 86.165846 0.058836 0.998268 0.000000 4.820791 0.000000 0.000000 1.000000 0.000000
0.999131 -0.041676 0.000000 88.629988 0.041676 0.999131 0.000000 4.913773 0.000000 0.000000 1.000000 0.000000
0.999686 -0.025076 0.000000 91.104982 0.025076 0.999686 0.000000 4.978729 0.000000 0.000000 1.000000 0.000000
0.999859 -0.016773 0.000000 93.528647 0.016773 0.999859 0.000000 5.006491 0.000000 0.000000 1.000000 0.000000
0.999924 -0.012316 0.000000 95.935407 0.012316 0.999924 0.000000 5.018956 0.000000 0.000000 1.000000 0.000000
0.999926 -0.012158 0.000000 98.586947 0.012158 0.999926 0.000000 5.042959 0.000000 0.000000 1.000000 0.000000
0.999916 -0.012942 0.000000 101.311584 0.012942 0.999916 0.000000 5.069666 0.000000 0.000000 1.000000 0.000000
0.999892 -0.014692 0.000000 103.869029 0.014692 0.999892 0.000000 5.106564 0.000000 0.000000 1.000000 0.000000
0.999868 -0.016219 0.000000 106.520689 0.016219 0.999868 0.000000 5.142862 0.000000 0.000000 1.000000 0.000000
0.999835 -0.018169 0.000000 109.334110 0.018169 0.999835 0.000000 5.203250 0.000000 0.000000 1.000000 0.000000
0.999801 -0.019948 0.000000 112.070841 0.019948 0.999801 0.000000 5.250009 0.000000 0.000000 1.000000 0.000000
0.999730 -0.023245 0.000000 114.901129 0.023245 0.999730 0.000000 5.301630 0.000000 0.000000 1.000000 0.000000
0.999690 -0.024881 0.000000 117.670316 0.024881 0.999690 0.000000 5.376286 0.000000 0.000000 1.000000 0.000000
0.999662 -0.026003 0.000000 120.221748 0.026003 0.999662 0.000000 5.446403 0.000000 0.000000 1.000000 0.000000
0.999624 -0.027437 0.000000 122.720989 0.027437 0.999624 0.000000 5.514970 0.000000 0.000000 1.000000 0.000000
0.999578 -0.029045 0.000000 125.469348 0.029045 0.999578 0.000000 5.593031 0.000000 0.000000 1.000000 0.000000
0.999517 -0.031085 0.000000 128.190789 0.031085 0.999517 0.000000 5.663814 0.000000 0.000000 1.000000 0.000000
0.999437 -0.033563 0.000000 130.919017 0.033563 0.999437 0.000000 5.746142 0.000000 0.000000 1.000000 0.000000
0.999399 -0.034677 0.000000 133.614672 0.034677 0.999399 0.000000 5.832970 0.000000 0.000000 1.000000 0.000000
0.999336 -0.036426 0.000000 136.312278 0.036426 0.999336 0.000000 5.920427 0.000000 0.000000 1.000000 0.000000
0.999266 -0.038314 0.000000 139.098845 0.038314 0.999266 0.000000 6.026928 0.000000 0.000000 1.000000 0.000000
0.999154 -0.041132 0.000000 141.785824 0.041132 0.999154 0.000000 6.146006 0.000000 0.000000 1.000000 0.000000
0.999024 -0.044179 0.000000 144.575453 0.044179 0.999024 0.000000 6.230961 0.000000 0.000000 1.000000 0.000000
0.998890 -0.047101 0.000000 147.290145 0.047101 0.998890 0.000000 6.344847 0.000000 0.000000 1.000000 0.000000
0.998815 -0.048670 0.000000 149.923226 0.048670 0.998815 0.000000 6.469684 0.000000 0.000000 1.000000 0.000000
0.998701 -0.050961 0.000000 152.449173 0.050961 0.998701 0.000000 6.589533 0.000000 0.000000 1.000000 0.000000
0.998576 -0.053341 0.000000 155.184156 0.053341 0.998576 0.000000 6.731164 0.000000 0.000000 1.000000 0.000000
0.998454 -0.055577 0.000000 157.929300 0.055577 0.998454 0.000000 6.873721 0.000000 0.000000 1.000000 0.000000
0.998266 -0.058864 0.000000 160.644723 0.058864 0.998266 0.000000 7.018917 0.000000 0.000000 1.000000 0.000000
0.998127 -0.061184 0.000000 163.367524 0.061184 0.998127 0.000000 7.176676 0.000000 0.000000 1.000000 0.000000
0.998012 -0.063017 0.000000 166.052764 0.063017 0.998012 0.000000 7.336644 0.000000 0.000000 1.000000 0.000000
0.997870 -0.065230 0.000000 168.744085 0.065230 0.997870 0.000000 7.494915 0.000000 0.000000 1.000000 0.000000
0.997708 -0.067672 0.000000 171.369093 0.067672 0.997708 0.000000 7.661152 0.000000 0.000000 1.000000 0.000000
0.997553 -0.069908 0.000000 174.011729 0.069908 0.997553 0.000000 7.832447 0.000000 0.000000 1.000000 0.000000
0.997343 -0.072849 0.000000 176.642093 0.072849 0.997343 0.000000 8.012428 0.000000 0.000000 1.000000 0.000000
0.997181 -0.075029 0.000000 179.268436 0.075029 0.997181 0.000000 8.202312 0.000000 0.000000 1.000000 0.000000
0.996990 -0.077531 0.000000 181.871796 0.077531 0.996990 0.000000 8.389516 0.000000 0.000000 1.000000 0.000000
0.996823 -0.079647 0.000000 184.488372 0.079647 0.996823 0.000000 8.598507 0.000000 0.000000 1.000000 0.000000
0.996695 -0.081239 0.000000 187.076500 0.081239 0.996695 0.000000 8.807226 0.000000 0.000000 1.000000 0.000000
0.996360 -0.085246 0.000000 189.637119 0.085246 0.996360 0.000000 9.013199 0.000000 0.000000 1.000000 0.000000
0.995904 -0.090412 0.000000 192.192403 0.090412 0.995904 0.000000 9.236153 0.000000 0.000000 1.000000 0.000000
0.995322 -0.096610 0.000000 194.656518 0.096610 0.995322 0.000000 9.476259 0.000000 0.000000 1.000000 0.000000
0.994361 -0.106050 0.000000 197.137409 0.106050 0.994361 0.000000 9.723737 0.000000 0.000000 1.000000 0.000000
0.992983 -0.118257 0.000000 199.585330 0.118257 0.992983 0.000000 10.002516 0.000000 0.000000 1.000000 0.000000
0.991421 -0.130709 0.000000 201.998225 0.130709 0.991421 0.000000 10.306287 0.000000 0.000000 1.000000 0.000000
0.990216 -0.139544 0.000000 204.407230 0.139544 0.990216 0.000000 10.639116 0.000000 0.000000 1.000000 0.000000
0.989055 -0.147546 0.000000 206.771686 0.147546 0.989055 0.000000 10.979764 0.000000 0.000000 1.000000 0.000000
0.987910 -0.155027 0.000000 208.797758 0.155027 0.987910 0.000000 11.297990 0.000000 0.000000 1.000000 0.000000
0.986965 -0.160938 0.000000 210.954465 0.160938 0.986965 0.000000 11.645015 0.000000 0.000000 1.000000 0.000000
0.986081 -0.166264 0.000000 213.212489 0.166264 0.986081 0.000000 12.014921 0.000000 0.000000 1.000000 0.000000
0.985720 -0.168391 0.000000 215.461459 0.168391 0.985720 0.000000 12.393781 0.000000 0.000000 1.000000 0.000000
0.985303 -0.170818 0.000000 217.690638 0.170818 0.985303 0.000000 12.778527 0.000000 0.000000 1.000000 0.000000
0.984811 -0.173630 0.000000 219.909254 0.173630 0.984811 0.000000 13.159064 0.000000 0.000000 1.000000 0.000000
0.983893 -0.178760 0.000000 222.116768 0.178760 0.983893 0.000000 13.547447 0.000000 0.000000 1.000000 0.000000
0.982816 -0.184586 0.000000 224.283412 0.184586 0.982816 0.000000 13.941205 0.000000 0.000000 1.000000 0.000000
0.981490 -0.191515 0.000000 226.444566 0.191515 0.981490 0.000000 14.345400 0.000000 0.000000 1.000000 0.000000
0.980043 -0.198787 0.000000 228.598034 0.198787 0.980043 0.000000 14.768081 0.000000 0.000000 1.000000 0.000000
0.978663 -0.205472 0.000000 230.739154 0.205472 0.978663 0.000000 15.202420 0.000000 0.000000 1.000000 0.000000
0.977416 -0.211327 0.000000 232.854201 0.211327 0.977416 0.000000 15.642092 0.000000 0.000000 1.000000 0.000000
0.976424 -0.215863 0.000000 234.946076 0.215863 0.976424 0.000000 16.086413 0.000000 0.000000 1.000000 0.000000
0.975959 -0.217954 0.000000 237.041533 0.217954 0.975959 0.000000 16.540254 0.000000 0.000000 1.000000 0.000000
0.975990 -0.217815 0.000000 239.092845 0.217815 0.975990 0.000000 16.988517 0.000000 0.000000 1.000000 0.000000
0.976775 -0.214267 0.000000 241.117960 0.214267 0.976775 0.000000 17.423767 0.000000 0.000000 1.000000 0.000000
0.978707 -0.205262 0.000000 243.153491 0.205262 0.978707 0.000000 17.844018 0.000000 0.000000 1.000000 0.000000
0.981421 -0.191867 0.000000 245.191223 0.191867 0.981421 0.000000 18.239554 0.000000 0.000000 1.000000 0.000000
0.984079 -0.177734 0.000000 247.243730 0.177734 0.984079 0.000000 18.608501 0.000000 0.000000 1.000000 0.000000
0.986100 -0.166153 0.000000 249.346033 0.166153 0.986100 0.000000 18.956121 0.000000 0.000000 1.000000 0.000000
0.987926 -0.154925 0.000000 251.462390 0.154925 0.987926 0.000000 19.284531 0.000000 0.000000 1.000000 0.000000
0.988970 -0.148118 0.000000 253.596098 0.148118 0.988970 0.000000 19.594060 0.000000 0.000000 1.000000 0.000000
0.989803 -0.142441 0.000000 255.744483 0.142441 0.989803 0.000000 19.897877 0.000000 0.000000 1.000000 0.000000
0.990459 -0.137808 0.000000 257.837062 0.137808 0.990459 0.000000 20.185762 0.000000 0.000000 1.000000 0.000000
0.990728 -0.135862 0.000000 259.805212 0.135862 0.990728 0.000000 20.453221 0.000000 0.000000 1.000000 0.000000
0.990852 -0.134956 0.000000 261.925116 0.134956 0.990852 0.000000 20.738077 0.000000 0.000000 1.000000 0.000000
0.990791 -0.135401 0.000000 264.181130 0.135401 0.990791 0.000000 21.038375 0.000000 0.000000 1.000000 0.000000
0.990710 -0.135992 0.000000 266.474884 0.135992 0.990710 0.000000 21.345262 0.000000 0.000000 1.000000 0.000000
0.990636 -0.136528 0.000000 268.719779 0.136528 0.990636 0.000000 21.648516 0.000000 0.000000 1.000000 0.000000
0.990394 -0.138272 0.000000 270.790590 0.138272 0.990394 0.000000 21.911608 0.000000 0.000000 1.000000 0.000000
0.990311 -0.138868 0.000000 273.095545 0.138868 0.990311 0.000000 22.215105 0.000000 0.000000 1.000000 0.000000
0.990191 -0.139717 0.000000 275.418360 0.139717 0.990191 0.000000 22.520343 0.000000 0.000000 1.000000 0.000000
0.990414 -0.138133 0.000000 277.734786 0.138133 0.990414 0.000000 22.837192 0.000000 0.000000 1.000000 0.000000
0.990663 -0.136334 0.000000 280.041658 0.136334 0.990663 0.000000 23.141415 0.000000 0.000000 1.000000 0.000000
0.990925 -0.134417 0.000000 282.097741 0.134417 0.990925 0.000000 23.405040 0.000000 0.000000 1.000000 0.000000
0.991360 -0.131173 0.000000 284.193576 0.131173 0.991360 0.000000 23.672345 0.000000 0.000000 1.000000 0.000000
0.991810 -0.127719 0.000000 286.369509 0.127719 0.991810 0.000000 23.940166 0.000000 0.000000 1.000000 0.000000
0.992263 -0.124150 0.000000 288.594645 0.124150 0.992263 0.000000 24.209998 0.000000 0.000000 1.000000 0.000000
0.992743 -0.120254 0.000000 290.802831 0.120254 0.992743 0.000000 24.468535 0.000000 0.000000 1.000000 0.000000
0.993150 -0.116847 0.000000 293.013507 0.116847 0.993150 0.000000 24.739240 0.000000 0.000000 1.000000 0.000000
0.993736 -0.111749 0.000000 295.258960 0.111749 0.993736 0.000000 24.987248 0.000000 0.000000 1.000000 0.000000
0.994097 -0.108497 0.000000 297.481128 0.108497 0.994097 0.000000 25.210606 0.000000 0.000000 1.000000 0.000000
0.994546 -0.104295 0.000000 299.713904 0.104295 0.994546 0.000000 25.438393 0.000000 0.000000 1.000000 0.000000
0.994994 -0.099933 0.000000 301.959202 0.099933 0.994994 0.000000 25.669849 0.000000 0.000000 1.000000 0.000000
0.995280 -0.097050 0.000000 304.135440 0.097050 0.995280 0.000000 25.879292 0.000000 0.000000 1.000000 0.000000
0.995586 -0.093850 0.000000 306.318358 0.093850 0.995586 0.000000 26.078009 0.000000 0.000000 1.000000 0.000000
0.995763 -0.091954 0.000000 308.438259 0.091954 0.995763 0.000000 26.262676 0.000000 0.000000 1.000000 0.000000
0.995983 -0.089541 0.000000 310.506654 0.089541 0.995983 0.000000 26.437535 0.000000 0.000000 1.000000 0.000000
0.996207 -0.087017 0.000000 312.708387 0.087017 0.996207 0.000000 26.633323 0.000000 0.000000 1.000000 0.000000
0.996505 -0.083536 0.000000 314.857553 0.083536 0.996505 0.000000 26.807618 0.000000 0.000000 1.000000 0.000000
0.996722 -0.080904 0.000000 316.848574 0.080904 0.996722 0.000000 26.962325 0.000000 0.000000 1.000000 0.000000
0.996931 -0.078289 0.000000 318.922289 0.078289 0.996931 0.000000 27.120143 0.000000 0.000000 1.000000 0.000000
0.997035 -0.076946 0.000000 321.126930 0.076946 0.997035 0.000000 27.276371 0.000000 0.000000 1.000000 0.000000
0.997192 -0.074886 0.000000 323.313486 0.074886 0.997192 0.000000 27.431829 0.000000 0.000000 1.000000 0.000000
0.997378 -0.072369 0.000000 325.512784 0.072369 0.997378 0.000000 27.585690 0.000000 0.000000 1.000000 0.000000
0.997350 -0.072758 0.000000 327.717941 0.072758 0.997350 0.000000 27.733508 0.000000 0.000000 1.000000 0.000000
0.997418 -0.071810 0.000000 329.955218 0.071810 0.997418 0.000000 27.891861 0.000000 0.000000 1.000000 0.000000
0.997467 -0.071132 0.000000 332.232146 0.071132 0.997467 0.000000 28.052780 0.000000 0.000000 1.000000 0.000000
0.997502 -0.070634 0.000000 334.528751 0.070634 0.997502 0.000000 28.205834 0.000000 0.000000 1.000000 0.000000
0.997523 -0.070347 0.000000 336.706817 0.070347 0.997523 0.000000 28.354929 0.000000 0.000000 1.000000 0.000000
0.997490 -0.070813 0.000000 338.976284 0.070813 0.997490 0.000000 28.509120 0.000000 0.000000 1.000000 0.000000
0.997529 -0.070256 0.000000 341.347532 0.070256 0.997529 0.000000 28.670258 0.000000 0.000000 1.000000 0.000000
0.997551 -0.069941 0.000000 343.695877 0.069941 0.997551 0.000000 28.826196 0.000000 0.000000 1.000000 0.000000
0.997650 -0.068518 0.000000 345.901403 0.068518 0.997650 0.000000 28.970161 0.000000 0.000000 1.000000 0.000000
0.997774 -0.066685 0.000000 348.115819 0.066685 0.997774 0.000000 29.107090 0.000000 0.000000 1.000000 0.000000
0.997972 -0.063653 0.000000 350.342159 0.063653 0.997972 0.000000 29.246501 0.000000 0.000000 1.000000 0.000000
0.998265 -0.058879 0.000000 352.590828 0.058879 0.998265 0.000000 29.376225 0.000000 0.000000 1.000000 0.000000
0.998656 -0.051824 0.000000 354.876743 0.051824 0.998656 0.000000 29.496460 0.000000 0.000000 1.000000 0.000000
0.999155 -0.041095 0.000000 357.246218 0.041095 0.999155 0.000000 29.602808 0.000000 0.000000 1.000000 0.000000
0.999525 -0.030833 0.000000 359.592476 0.030833 0.999525 0.000000 29.679429 0.000000 0.000000 1.000000 0.000000
0.999812 -0.019379 0.000000 361.896693 0.019379 0.999812 0.000000 29.729612 0.000000 0.000000 1.000000 0.000000
0.999949 -0.010076 0.000000 364.210003 0.010076 0.999949 0.000000 29.756753 0.000000 0.000000 1.000000 0.000000
0.999999 -0.001266 0.000000 366.509235 0.001266 0.999999 0.000000 29.762649 0.000000 0.000000 1.000000 0.000000
0.999987 0.005188 0.000000 368.832137 -0.005188 0.999987 -0.000000 29.748029 -0.000000 0.000000 1.000000 0.000000
0.999943 0.010646 0.000000 371.199667 -0.010646 0.999943 -0.000000 29.722611 -0.000000 0.000000 1.000000 0.000000
0.999912 0.013289 0.000000 373.547317 -0.013289 0.999912 -0.000000 29.688659 -0.000000 0.000000 1.000000 0.000000
0.999895 0.014517 0.000000 375.878124 -0.014517 0.999895 -0.000000 29.642397 -0.000000 0.000000 1.000000 0.000000
0.999914 0.013096 0.000000 378.262422 -0.013096 0.999914 -0.000000 29.599490 -0.000000 0.000000 1.000000 0.000000
0.999938 0.011095 0.000000 380.655239 -0.011095 0.999938 -0.000000 29.555823 -0.000000 0.000000 1.000000 0.000000
0.999980 0.006353 0.000000 383.044604 -0.006353 0.999980 -0.000000 29.512199 -0.000000 0.000000 1.000000 0.000000
0.999999 -0.001460 0.000000 385.414886 0.001460 0.999999 0.000000 29.492881 0.000000 0.000000 1.000000 0.000000
0.999932 -0.011700 0.000000 387.866857 0.011700 0.999932 0.000000 29.495432 0.000000 0.000000 1.000000 0.000000
0.999762 -0.021794 0.000000 390.430052 0.021794 0.999762 0.000000 29.520217 0.000000 0.000000 1.000000 0.000000
0.999546 -0.030141 0.000000 393.036046 0.030141 0.999546 0.000000 29.568759 0.000000 0.000000 1.000000 0.000000
0.999240 -0.038970 0.000000 395.568460 0.038970 0.999240 0.000000 29.628897 0.000000 0.000000 1.000000 0.000000
0.998977 -0.045216 0.000000 398.061707 0.045216 0.998977 0.000000 29.711908 0.000000 0.000000 1.000000 0.000000
0.998880 -0.047321 0.000000 400.551908 0.047321 0.998880 0.000000 29.806077 0.000000 0.000000 1.000000 0.000000
0.998860 -0.047734 0.000000 402.941391 0.047734 0.998860 0.000000 29.904303 0.000000 0.000000 1.000000 0.000000
0.998902 -0.046847 0.000000 405.237298 0.046847 0.998902 0.000000 29.991738 0.000000 0.000000 1.000000 0.000000
0.998901 -0.046860 0.000000 407.645446 0.046860 0.998901 0.000000 30.085212 0.000000 0.000000 1.000000 0.000000
0.998862 -0.047690 0.000000 410.044201 0.047690 0.998862 0.000000 30.180013 0.000000 0.000000 1.000000 0.000000
0.998699 -0.050997 0.000000 412.248473 0.050997 0.998699 0.000000 30.272194 0.000000 0.000000 1.000000 0.000000
0.998412 -0.056333 0.000000 414.332074 0.056333 0.998412 0.000000 30.366477 0.000000 0.000000 1.000000 0.000000
0.998053 -0.062371 0.000000 416.403841 0.062371 0.998053 0.000000 30.473928 0.000000 0.000000 1.000000 0.000000
0.997701 -0.067767 0.000000 418.502149 0.067767 0.997701 0.000000 30.597080 0.000000 0.000000 1.000000 0.000000
0.997312 -0.073265 0.000000 420.599084 0.073265 0.997312 0.000000 30.732590 0.000000 0.000000 1.000000 0.000000
0.996952 -0.078013 0.000000 422.653276 0.078013 0.996952 0.000000 30.876849 0.000000 0.000000 1.000000 0.000000
0.996681 -0.081405 0.000000 424.646472 0.081405 0.996681 0.000000 31.017126 0.000000 0.000000 1.000000 0.000000
0.996571 -0.082738 0.000000 426.556558 0.082738 0.996571 0.000000 31.161755 0.000000 0.000000 1.000000 0.000000
0.996851 -0.079295 0.000000 428.404365 0.079295 0.996851 0.000000 31.296486 0.000000 0.000000 1.000000 0.000000
0.997267 -0.073880 0.000000 430.147931 0.073880 0.997267 0.000000 31.414229 0.000000 0.000000 1.000000 0.000000
0.997873 -0.065184 0.000000 431.798942 0.065184 0.997873 0.000000 31.513076 0.000000 0.000000 1.000000 0.000000
0.999716 -0.023845 0.000000 434.880512 0.023845 0.999716 0.000000 31.607413 0.000000 0.000000 1.000000 0.000000
0.996922 0.078404 0.000000 437.628391 -0.078404 0.996922 -0.000000 31.449260 -0.000000 0.000000 1.000000 0.000000
0.978152 0.207893 0.000000 440.051365 -0.207893 0.978152 -0.000000 30.974324 -0.000000 0.000000 1.000000 0.000000
0.939302 0.343092 0.000000 442.119546 -0.343092 0.939302 -0.000000 30.260629 -0.000000 0.000000 1.000000 0.000000
0.881805 0.471615 0.000000 443.833632 -0.471615 0.881805 -0.000000 29.361782 -0.000000 0.000000 1.000000 0.000000
0.803786 0.594919 0.000000 445.249392 -0.594919 0.803786 -0.000000 28.330508 -0.000000 0.000000 1.000000 0.000000
0.690191 0.723628 0.000000 446.400551 -0.723628 0.690191 -0.000000 27.122740 -0.000000 0.000000 1.000000 0.000000
0.619820 0.784744 0.000000 446.880742 -0.784744 0.619820 -0.000000 26.456818 -0.000000 0.000000 1.000000 0.000000
0.540993 0.841027 0.000000 447.299681 -0.841027 0.540993 -0.000000 25.744305 -0.000000 0.000000 1.000000 0.000000
0.453806 0.891101 0.000000 447.642288 -0.891101 0.453806 -0.000000 24.969904 -0.000000 0.000000 1.000000 0.000000
0.357581 0.933882 0.000000 447.912958 -0.933882 0.357581 -0.000000 24.144347 -0.000000 0.000000 1.000000 0.000000
0.250179 0.968200 0.000000 448.080503 -0.968200 0.250179 -0.000000 23.302710 -0.000000 0.000000 1.000000 0.000000
0.134070 0.990972 0.000000 448.157957 -0.990972 0.134070 -0.000000 22.400468 -0.000000 0.000000 1.000000 0.000000
0.011646 0.999932 0.000000 448.124791 -0.999932 0.011646 -0.000000 21.459429 -0.000000 0.000000 1.000000 0.000000
-0.114141 0.993465 0.000000 447.966560 -0.993465 -0.114141 -0.000000 20.493446 -0.000000 0.000000 1.000000 0.000000
-0.235788 0.971804 0.000000 447.687438 -0.971804 -0.235788 -0.000000 19.514450 -0.000000 0.000000 1.000000 0.000000
-0.351195 0.936302 0.000000 447.270459 -0.936302 -0.351195 -0.000000 18.551732 -0.000000 0.000000 1.000000 0.000000
-0.461626 0.887074 0.000000 446.721607 -0.887074 -0.461626 -0.000000 17.591319 -0.000000 0.000000 1.000000 0.000000
-0.560009 0.828486 0.000000 446.042374 -0.828486 -0.560009 0.000000 16.642860 0.000000 0.000000 1.000000 0.000000
-0.647723 0.761876 0.000000 445.210311 -0.761876 -0.647723 0.000000 15.720470 0.000000 0.000000 1.000000 0.000000
-0.723370 0.690461 0.000000 444.246939 -0.690461 -0.723370 0.000000 14.830754 0.000000 0.000000 1.000000 0.000000
-0.784379 0.620282 0.000000 443.145299 -0.620282 -0.784379 0.000000 13.980848 0.000000 0.000000 1.000000 0.000000
-0.827465 0.561518 0.000000 441.886264 -0.561518 -0.827465 0.000000 13.139270 0.000000 0.000000 1.000000 0.000000
-0.851548 0.524276 0.000000 440.479401 -0.524276 -0.851548 0.000000 12.286285 0.000000 0.000000 1.000000 0.000000
-0.866919 0.498449 0.000000 439.001997 -0.498449 -0.866919 0.000000 11.441887 0.000000 0.000000 1.000000 0.000000
-0.876920 0.480637 0.000000 437.484965 -0.480637 -0.876920 0.000000 10.622265 0.000000 0.000000 1.000000 0.000000
-0.882705 0.469928 0.000000 435.765761 -0.469928 -0.882705 0.000000 9.726618 0.000000 0.000000 1.000000 0.000000
-0.885968 0.463747 0.000000 433.983861 -0.463747 -0.885968 0.000000 8.801192 0.000000 0.000000 1.000000 0.000000
-0.888093 0.459664 0.000000 432.118934 -0.459664 -0.888093 0.000000 7.855325 0.000000 0.000000 1.000000 0.000000
-0.889884 0.456186 0.000000 430.121470 -0.456186 -0.889884 0.000000 6.851532 0.000000 0.000000 1.000000 0.000000
-0.891127 0.453754 0.000000 428.025712 -0.453754 -0.891127 0.000000 5.783208 0.000000 0.000000 1.000000 0.000000
-0.892006 0.452025 0.000000 425.873403 -0.452025 -0.892006 0.000000 4.706599 0.000000 0.000000 1.000000 0.000000
-0.892142 0.451754 0.000000 423.665559 -0.451754 -0.892142 0.000000 3.614633 0.000000 0.000000 1.000000 0.000000
-0.892187 0.451666 0.000000 421.407340 -0.451666 -0.892187 0.000000 2.501179 0.000000 0.000000 1.000000 0.000000
-0.892658 0.450735 0.000000 419.121575 -0.450735 -0.892658 0.000000 1.365391 0.000000 0.000000 1.000000 0.000000
-0.893379 0.449304 0.000000 416.748524 -0.449304 -0.893379 0.000000 0.186647 0.000000 0.000000 1.000000 0.000000
-0.893969 0.448128 0.000000 414.473182 -0.448128 -0.893969 0.000000 -0.932229 0.000000 0.000000 1.000000 0.000000
-0.894655 0.446757 0.000000 412.068029 -0.446757 -0.894655 0.000000 -2.115492 0.000000 0.000000 1.000000 0.000000
-0.895556 0.444949 0.000000 409.605414 -0.444949 -0.895556 0.000000 -3.321782 0.000000 0.000000 1.000000 0.000000
-0.897298 0.441425 0.000000 407.136369 -0.441425 -0.897298 0.000000 -4.523077 0.000000 0.000000 1.000000 0.000000
-0.898917 0.438119 0.000000 404.730650 -0.438119 -0.898917 0.000000 -5.686356 0.000000 0.000000 1.000000 0.000000
-0.900466 0.434927 0.000000 402.318965 -0.434927 -0.900466 0.000000 -6.837160 0.000000 0.000000 1.000000 0.000000
-0.901708 0.432345 0.000000 399.947697 -0.432345 -0.901708 0.000000 -7.955584 0.000000 0.000000 1.000000 0.000000
-0.902215 0.431286 0.000000 397.619155 -0.431286 -0.902215 0.000000 -9.056069 0.000000 0.000000 1.000000 0.000000
-0.902371 0.430959 0.000000 395.309684 -0.430959 -0.902371 0.000000 -10.148505 0.000000 0.000000 1.000000 0.000000
-0.902685 0.430301 0.000000 392.997301 -0.430301 -0.902685 0.000000 -11.248211 0.000000 0.000000 1.000000 0.000000
-0.902962 0.429721 0.000000 390.832824 -0.429721 -0.902962 0.000000 -12.268520 0.000000 0.000000 1.000000 0.000000
-0.903140 0.429345 0.000000 388.709880 -0.429345 -0.903140 0.000000 -13.271094 0.000000 0.000000 1.000000 0.000000
-0.903271 0.429071 0.000000 386.629116 -0.429071 -0.903271 0.000000 -14.253298 0.000000 0.000000 1.000000 0.000000
-0.902948 0.429750 0.000000 384.687387 -0.429750 -0.902948 0.000000 -15.170353 0.000000 0.000000 1.000000 0.000000
-0.902798 0.430065 0.000000 382.726906 -0.430065 -0.902798 0.000000 -16.101701 0.000000 0.000000 1.000000 0.000000
-0.902867 0.429920 0.000000 380.883188 -0.429920 -0.902867 0.000000 -16.972941 0.000000 0.000000 1.000000 0.000000
-0.903781 0.427995 0.000000 379.105910 -0.427995 -0.903781 0.000000 -17.809855 0.000000 0.000000 1.000000 0.000000
-0.904794 0.425850 0.000000 377.404817 -0.425850 -0.904794 0.000000 -18.602936 0.000000 0.000000 1.000000 0.000000
-0.905754 0.423804 0.000000 375.764839 -0.423804 -0.905754 0.000000 -19.362990 0.000000 0.000000 1.000000 0.000000
-0.906698 0.421781 0.000000 374.186799 -0.421781 -0.906698 0.000000 -20.093438 0.000000 0.000000 1.000000 0.000000
-0.907777 0.419452 0.000000 372.821723 -0.419452 -0.907777 0.000000 -20.719382 0.000000 0.000000 1.000000 0.000000
-0.909572 0.415547 0.000000 370.232004 -0.415547 -0.909572 0.000000 -21.898030 0.000000 0.000000 1.000000 0.000000
-0.911007 0.412392 0.000000 367.708226 -0.412392 -0.911007 0.000000 -23.035577 0.000000 0.000000 1.000000 0.000000
-0.911944 0.410315 0.000000 365.050836 -0.410315 -0.911944 0.000000 -24.223192 0.000000 0.000000 1.000000 0.000000
-0.912741 0.408538 0.000000 362.248325 -0.408538 -0.912741 0.000000 -25.469392 0.000000 0.000000 1.000000 0.000000
-0.912897 0.408190 0.000000 360.706616 -0.408190 -0.912897 0.000000 -26.150635 0.000000 0.000000 1.000000 0.000000
-0.912984 0.407996 0.000000 359.122529 -0.407996 -0.912984 0.000000 -26.850924 0.000000 0.000000 1.000000 0.000000
-0.912458 0.409171 0.000000 357.465769 -0.409171 -0.912458 0.000000 -27.583573 0.000000 0.000000 1.000000 0.000000
-0.912377 0.409350 0.000000 355.754362 -0.409350 -0.912377 0.000000 -28.344817 0.000000 0.000000 1.000000 0.000000
-0.912353 0.409405 0.000000 353.996224 -0.409405 -0.912353 0.000000 -29.119729 0.000000 0.000000 1.000000 0.000000
-0.912207 0.409729 0.000000 352.155097 -0.409729 -0.912207 0.000000 -29.929718 0.000000 0.000000 1.000000 0.000000
-0.912670 0.408697 0.000000 350.230501 -0.408697 -0.912670 0.000000 -30.779376 0.000000 0.000000 1.000000 0.000000
-0.913113 0.407706 0.000000 348.329000 -0.407706 -0.913113 0.000000 -31.620638 0.000000 0.000000 1.000000 0.000000
-0.914939 0.403591 0.000000 346.394891 -0.403591 -0.914939 0.000000 -32.467059 0.000000 0.000000 1.000000 0.000000
-0.916364 0.400347 0.000000 344.431184 -0.400347 -0.916364 0.000000 -33.309650 0.000000 0.000000 1.000000 0.000000
-0.918524 0.395365 0.000000 342.508844 -0.395365 -0.918524 0.000000 -34.121903 0.000000 0.000000 1.000000 0.000000
-0.921711 0.387877 0.000000 340.401227 -0.387877 -0.921711 0.000000 -35.004911 0.000000 0.000000 1.000000 0.000000
-0.926126 0.377215 0.000000 338.260524 -0.377215 -0.926126 0.000000 -35.867932 0.000000 0.000000 1.000000 0.000000
-0.930584 0.366079 0.000000 336.090080 -0.366079 -0.930584 0.000000 -36.719102 0.000000 0.000000 1.000000 0.000000
-0.934688 0.355469 0.000000 333.860287 -0.355469 -0.934688 0.000000 -37.564821 0.000000 0.000000 1.000000 0.000000
-0.938422 0.345492 0.000000 331.521976 -0.345492 -0.938422 0.000000 -38.420832 0.000000 0.000000 1.000000 0.000000
-0.942732 0.333551 0.000000 329.295282 -0.333551 -0.942732 0.000000 -39.204903 0.000000 0.000000 1.000000 0.000000
-0.947858 0.318692 0.000000 327.025177 -0.318692 -0.947858 0.000000 -39.968131 0.000000 0.000000 1.000000 0.000000
-0.953319 0.301965 0.000000 324.677365 -0.301965 -0.953319 0.000000 -40.720907 0.000000 0.000000 1.000000 0.000000
-0.959084 0.283120 0.000000 322.193462 -0.283120 -0.959084 0.000000 -41.455767 0.000000 0.000000 1.000000 0.000000
-0.962843 0.270061 0.000000 319.654282 -0.270061 -0.962843 0.000000 -42.156882 0.000000 0.000000 1.000000 0.000000
-0.965195 0.261530 0.000000 317.032519 -0.261530 -0.965195 0.000000 -42.868773 0.000000 0.000000 1.000000 0.000000
-0.965997 0.258555 0.000000 314.422181 -0.258555 -0.965997 0.000000 -43.550159 0.000000 0.000000 1.000000 0.000000
-0.965458 0.260559 0.000000 311.810495 -0.260559 -0.965458 0.000000 -44.237927 0.000000 0.000000 1.000000 0.000000
-0.964557 0.263873 0.000000 309.170525 -0.263873 -0.964557 0.000000 -44.950183 0.000000 0.000000 1.000000 0.000000
-0.962664 0.270701 0.000000 306.570467 -0.270701 -0.962664 0.000000 -45.644629 0.000000 0.000000 1.000000 0.000000
-0.960606 0.277915 0.000000 303.897723 -0.277915 -0.960606 0.000000 -46.405489 0.000000 0.000000 1.000000 0.000000
-0.957670 0.287868 0.000000 301.153076 -0.287868 -0.957670 0.000000 -47.217125 0.000000 0.000000 1.000000 0.000000
-0.954346 0.298703 0.000000 298.443868 -0.298703 -0.954346 0.000000 -48.038326 0.000000 0.000000 1.000000 0.000000
-0.950730 0.310019 0.000000 295.753971 -0.310019 -0.950730 0.000000 -48.889865 0.000000 0.000000 1.000000 0.000000
-0.947459 0.319878 0.000000 292.761706 -0.319878 -0.947459 0.000000 -49.892421 0.000000 0.000000 1.000000 0.000000
-0.945063 0.326888 0.000000 289.912924 -0.326888 -0.945063 0.000000 -50.855495 0.000000 0.000000 1.000000 0.000000
-0.942913 0.333039 0.000000 287.064558 -0.333039 -0.942913 0.000000 -51.836596 0.000000 0.000000 1.000000 0.000000
-0.942327 0.334692 0.000000 284.194614 -0.334692 -0.942327 0.000000 -52.841145 0.000000 0.000000 1.000000 0.000000
-0.941685 0.336495 0.000000 281.355133 -0.336495 -0.941685 0.000000 -53.849111 0.000000 0.000000 1.000000 0.000000
-0.940597 0.339526 0.000000 278.488915 -0.339526 -0.940597 0.000000 -54.876760 0.000000 0.000000 1.000000 0.000000
-0.939005 0.343904 0.000000 275.621104 -0.343904 -0.939005 0.000000 -55.912052 0.000000 0.000000 1.000000 0.000000
-0.936846 0.349743 0.000000 272.827812 -0.349743 -0.936846 0.000000 -56.935612 0.000000 0.000000 1.000000 0.000000
-0.934814 0.355138 0.000000 270.007510 -0.355138 -0.934814 0.000000 -57.987546 0.000000 0.000000 1.000000 0.000000
-0.932384 0.361470 0.000000 267.155104 -0.361470 -0.932384 0.000000 -59.080675 0.000000 0.000000 1.000000 0.000000
-0.931479 0.363796 0.000000 264.373205 -0.363796 -0.931479 0.000000 -60.161460 0.000000 0.000000 1.000000 0.000000
-0.930591 0.366062 0.000000 261.617506 -0.366062 -0.930591 0.000000 -61.225481 0.000000 0.000000 1.000000 0.000000
-0.929341 0.369224 0.000000 258.866899 -0.369224 -0.929341 0.000000 -62.295986 0.000000 0.000000 1.000000 0.000000
-0.927972 0.372650 0.000000 256.148351 -0.372650 -0.927972 0.000000 -63.369506 0.000000 0.000000 1.000000 0.000000
-0.927448 0.373952 0.000000 253.448471 -0.373952 -0.927448 0.000000 -64.437869 0.000000 0.000000 1.000000 0.000000
-0.926994 0.375077 0.000000 250.674218 -0.375077 -0.926994 0.000000 -65.549837 0.000000 0.000000 1.000000 0.000000
-0.926257 0.376892 0.000000 248.006897 -0.376892 -0.926257 0.000000 -66.619996 0.000000 0.000000 1.000000 0.000000
-0.925608 0.378483 0.000000 245.374107 -0.378483 -0.925608 0.000000 -67.691197 0.000000 0.000000 1.000000 0.000000
-0.924301 0.381664 0.000000 242.779563 -0.381664 -0.924301 0.000000 -68.747625 0.000000 0.000000 1.000000 0.000000
-0.922345 0.386368 0.000000 240.136922 -0.386368 -0.922345 0.000000 -69.837915 0.000000 0.000000 1.000000 0.000000
-0.921128 0.389261 0.000000 237.552077 -0.389261 -0.921128 0.000000 -70.926262 0.000000 0.000000 1.000000 0.000000
-0.919770 0.392458 0.000000 235.004165 -0.392458 -0.919770 0.000000 -72.006700 0.000000 0.000000 1.000000 0.000000
-0.918675 0.395015 0.000000 232.414263 -0.395015 -0.918675 0.000000 -73.113136 0.000000 0.000000 1.000000 0.000000
-0.918059 0.396444 0.000000 229.835650 -0.396444 -0.918059 0.000000 -74.213756 0.000000 0.000000 1.000000 0.000000
-0.917635 0.397424 0.000000 227.302930 -0.397424 -0.917635 0.000000 -75.297019 0.000000 0.000000 1.000000 0.000000
-0.917739 0.397184 0.000000 224.757243 -0.397184 -0.917739 0.000000 -76.385110 0.000000 0.000000 1.000000 0.000000
-0.917440 0.397873 0.000000 222.186977 -0.397873 -0.917440 0.000000 -77.479704 0.000000 0.000000 1.000000 0.000000
-0.917504 0.397727 0.000000 219.691495 -0.397727 -0.917504 0.000000 -78.552613 0.000000 0.000000 1.000000 0.000000
-0.915803 0.401629 0.000000 217.213434 -0.401629 -0.915803 0.000000 -79.623300 0.000000 0.000000 1.000000 0.000000
-0.914194 0.405277 0.000000 214.718974 -0.405277 -0.914194 0.000000 -80.712127 0.000000 0.000000 1.000000 0.000000
-0.913201 0.407510 0.000000 212.186706 -0.407510 -0.913201 0.000000 -81.832746 0.000000 0.000000 1.000000 0.000000
-0.912981 0.408003 0.000000 209.744572 -0.408003 -0.912981 0.000000 -82.913323 0.000000 0.000000 1.000000 0.000000
-0.914046 0.405610 0.000000 207.317874 -0.405610 -0.914046 0.000000 -83.975842 0.000000 0.000000 1.000000 0.000000
-0.915477 0.402370 0.000000 204.841457 -0.402370 -0.915477 0.000000 -85.058009 0.000000 0.000000 1.000000 0.000000
-0.917062 0.398745 0.000000 202.367282 -0.398745 -0.917062 0.000000 -86.135318 0.000000 0.000000 1.000000 0.000000
-0.918158 0.396214 0.000000 200.003784 -0.396214 -0.918158 0.000000 -87.145645 0.000000 0.000000 1.000000 0.000000
-0.919119 0.393981 0.000000 197.643050 -0.393981 -0.919119 0.000000 -88.145337 0.000000 0.000000 1.000000 0.000000
-0.920122 0.391632 0.000000 195.330232 -0.391632 -0.920122 0.000000 -89.116868 0.000000 0.000000 1.000000 0.000000
-0.921055 0.389434 0.000000 193.105498 -0.389434 -0.921055 0.000000 -90.045933 0.000000 0.000000 1.000000 0.000000
-0.921673 0.387969 0.000000 190.891236 -0.387969 -0.921673 0.000000 -90.962756 0.000000 0.000000 1.000000 0.000000
-0.922519 0.385952 0.000000 188.395368 -0.385952 -0.922519 0.000000 -91.995189 0.000000 0.000000 1.000000 0.000000
-0.923059 0.384659 0.000000 186.106635 -0.384659 -0.923059 0.000000 -92.933410 0.000000 0.000000 1.000000 0.000000
-0.923163 0.384408 0.000000 183.835643 -0.384408 -0.923163 0.000000 -93.858806 0.000000 0.000000 1.000000 0.000000
-0.921349 0.388736 0.000000 181.612881 -0.388736 -0.921349 0.000000 -94.771271 0.000000 0.000000 1.000000 0.000000
-0.919479 0.393139 0.000000 179.392606 -0.393139 -0.919479 0.000000 -95.693701 0.000000 0.000000 1.000000 0.000000
-0.917031 0.398815 0.000000 177.128824 -0.398815 -0.917031 0.000000 -96.654257 0.000000 0.000000 1.000000 0.000000
-0.914651 0.404244 0.000000 174.882508 -0.404244 -0.914651 0.000000 -97.630870 0.000000 0.000000 1.000000 0.000000
-0.912258 0.409617 0.000000 172.680440 -0.409617 -0.912258 0.000000 -98.602222 0.000000 0.000000 1.000000 0.000000
-0.911082 0.412226 0.000000 170.543874 -0.412226 -0.911082 0.000000 -99.562174 0.000000 0.000000 1.000000 0.000000
-0.910642 0.413197 0.000000 168.394218 -0.413197 -0.910642 0.000000 -100.517935 0.000000 0.000000 1.000000 0.000000
-0.910783 0.412886 0.000000 166.282675 -0.412886 -0.910783 0.000000 -101.461784 0.000000 0.000000 1.000000 0.000000
-0.911678 0.410906 0.000000 164.142109 -0.410906 -0.911678 0.000000 -102.419365 0.000000 0.000000 1.000000 0.000000
-0.913203 0.407504 0.000000 162.003530 -0.407504 -0.913203 0.000000 -103.363526 0.000000 0.000000 1.000000 0.000000
-0.914632 0.404287 0.000000 159.890360 -0.404287 -0.914632 0.000000 -104.286131 0.000000 0.000000 1.000000 0.000000
-0.915783 0.401673 0.000000 157.813016 -0.401673 -0.915783 0.000000 -105.185090 0.000000 0.000000 1.000000 0.000000
-0.916696 0.399585 0.000000 155.733269 -0.399585 -0.916696 0.000000 -106.084919 0.000000 0.000000 1.000000 0.000000
-0.916730 0.399508 0.000000 153.669339 -0.399508 -0.916730 0.000000 -106.966022 0.000000 0.000000 1.000000 0.000000
-0.916749 0.399463 0.000000 151.660850 -0.399463 -0.916749 0.000000 -107.822272 0.000000 0.000000 1.000000 0.000000
-0.917891 0.396832 0.000000 149.709326 -0.396832 -0.917891 0.000000 -108.653626 0.000000 0.000000 1.000000 0.000000
-0.920184 0.391486 0.000000 147.782031 -0.391486 -0.920184 0.000000 -109.477307 0.000000 0.000000 1.000000 0.000000
-0.923553 0.383470 0.000000 145.899768 -0.383470 -0.923553 0.000000 -110.255805 0.000000 0.000000 1.000000 0.000000
-0.926028 0.377454 0.000000 144.043200 -0.377454 -0.926028 0.000000 -111.009377 0.000000 0.000000 1.000000 0.000000
-0.926708 0.375783 0.000000 142.244189 -0.375783 -0.926708 0.000000 -111.735609 0.000000 0.000000 1.000000 0.000000
-0.927178 0.374621 0.000000 140.491756 -0.374621 -0.927178 0.000000 -112.439670 0.000000 0.000000 1.000000 0.000000
-0.927768 0.373157 0.000000 138.770109 -0.373157 -0.927768 0.000000 -113.124971 0.000000 0.000000 1.000000 0.000000
-0.929140 0.369727 0.000000 137.106618 -0.369727 -0.929140 0.000000 -113.787523 0.000000 0.000000 1.000000 0.000000
-0.930914 0.365237 0.000000 135.488540 -0.365237 -0.930914 0.000000 -114.420028 0.000000 0.000000 1.000000 0.000000
-0.931009 0.364996 0.000000 133.944108 -0.364996 -0.931009 0.000000 -115.019597 0.000000 0.000000 1.000000 0.000000
-0.931980 0.362511 0.000000 132.486475 -0.362511 -0.931980 0.000000 -115.580526 0.000000 0.000000 1.000000 0.000000
-0.931894 0.362730 0.000000 131.083482 -0.362730 -0.931894 0.000000 -116.117792 0.000000 0.000000 1.000000 0.000000
-0.932044 0.362346 0.000000 128.434144 -0.362346 -0.932044 0.000000 -117.130056 0.000000 0.000000 1.000000 0.000000
-0.932527 0.361101 0.000000 126.001232 -0.361101 -0.932527 0.000000 -118.057126 0.000000 0.000000 1.000000 0.000000
-0.934157 0.356862 0.000000 123.803784 -0.356862 -0.934157 0.000000 -118.884907 0.000000 0.000000 1.000000 0.000000
-0.936085 0.351775 0.000000 121.779328 -0.351775 -0.936085 0.000000 -119.637052 0.000000 0.000000 1.000000 0.000000
-0.936379 0.350990 0.000000 119.958327 -0.350990 -0.936379 0.000000 -120.303800 0.000000 0.000000 1.000000 0.000000
