0.999886 0.015085 0.000000 -1.601861 -0.015085 0.999886 -0.000000 -0.158010 -0.000000 0.000000 1.000000 0.000000 1566535934529198000

0.999885 0.015150 0.000000 0.162866 -0.015150 0.999885 -0.000000 -0.154469 -0.000000 0.000000 1.000000 0.000000 1566535941522132000

0.999878 0.015650 0.000000 2.079852 -0.015650 0.999878 -0.000000 -0.178414 -0.000000 0.000000 1.000000 0.000000 1566535942270558000

0.999835 0.018171 0.000000 3.693973 -0.018171 0.999835 -0.000000 -0.281595 -0.000000 0.000000 1.000000 0.000000 1566535942770644000

0.999835 0.018184 0.000000 5.798922 -0.018184 0.999835 -0.000000 -0.301307 -0.000000 0.000000 1.000000 0.000000 1566535943269371000

0.999812 0.019395 0.000000 8.021701 -0.019395 0.999812 -0.000000 -0.294636 -0.000000 0.000000 1.000000 0.000000 1566535943769051000

0.999754 0.022179 0.000000 10.557813 -0.022179 0.999754 -0.000000 -0.378393 -0.000000 0.000000 1.000000 0.000000 1566535944268685000

0.999718 0.023755 0.000000 13.331418 -0.023755 0.999718 -0.000000 -0.413081 -0.000000 0.000000 1.000000 0.000000 1566535944766296000

0.999595 0.028444 0.000000 16.246020 -0.028444 0.999595 -0.000000 -0.483872 -0.000000 0.000000 1.000000 0.000000 1566535945265124000

0.999450 0.033174 0.000000 19.190508 -0.033174 0.999450 -0.000000 -0.559461 -0.000000 0.000000 1.000000 0.000000 1566535945764314000

0.999333 0.036513 0.000000 20.695247 -0.036513 0.999333 -0.000000 -0.627527 -0.000000 0.000000 1.000000 0.000000 1566535946013528000

0.999090 0.042648 0.000000 23.656912 -0.042648 0.999090 -0.000000 -0.715882 -0.000000 0.000000 1.000000 0.000000 1566535946512332000

0.998599 0.052906 0.000000 26.574664 -0.052906 0.998599 -0.000000 -0.886692 -0.000000 0.000000 1.000000 0.000000 1566535947010971000

0.998145 0.060883 0.000000 29.493690 -0.060883 0.998145 -0.000000 -0.989624 -0.000000 0.000000 1.000000 0.000000 1566535947510168000

0.997552 0.069926 0.000000 32.389241 -0.069926 0.997552 -0.000000 -1.167399 -0.000000 0.000000 1.000000 0.000000 1566535948008317000

0.996911 0.078534 0.000000 35.166206 -0.078534 0.996911 -0.000000 -1.360694 -0.000000 0.000000 1.000000 0.000000 1566535948507781000

0.995974 0.089639 0.000000 37.983627 -0.089639 0.995974 -0.000000 -1.659308 -0.000000 0.000000 1.000000 0.000000 1566535949006260000

0.994965 0.100221 0.000000 40.754777 -0.100221 0.994965 -0.000000 -1.882759 -0.000000 0.000000 1.000000 0.000000 1566535949505717000

0.994045 0.108967 0.000000 43.599531 -0.108967 0.994045 -0.000000 -2.231077 -0.000000 0.000000 1.000000 0.000000 1566535950002784000

0.992844 0.119422 0.000000 46.464664 -0.119422 0.992844 -0.000000 -2.509248 -0.000000 0.000000 1.000000 0.000000 1566535950501968000

0.992161 0.124965 0.000000 49.452368 -0.124965 0.992161 -0.000000 -2.877263 -0.000000 0.000000 1.000000 0.000000 1566535951000620000

0.991220 0.132226 0.000000 52.430899 -0.132226 0.991220 -0.000000 -3.265611 -0.000000 0.000000 1.000000 0.000000 1566535951499592000

0.990726 0.135876 0.000000 53.972859 -0.135876 0.990726 -0.000000 -3.421228 -0.000000 0.000000 1.000000 0.000000 1566535951749176000

0.990424 0.138057 0.000000 55.496042 -0.138057 0.990424 -0.000000 -3.628483 -0.000000 0.000000 1.000000 0.000000 1566535951998891000

0.990421 0.138084 0.000000 57.093079 -0.138084 0.990421 -0.000000 -3.861374 -0.000000 0.000000 1.000000 0.000000 1566535952248542000

0.990361 0.138511 0.000000 58.751869 -0.138511 0.990361 -0.000000 -4.060274 -0.000000 0.000000 1.000000 0.000000 1566535952497983000

0.990571 0.137004 0.000000 60.361770 -0.137004 0.990571 -0.000000 -4.238319 -0.000000 0.000000 1.000000 0.000000 1566535952747322000

0.990689 0.136142 0.000000 62.061193 -0.136142 0.990689 -0.000000 -4.476138 -0.000000 0.000000 1.000000 0.000000 1566535952996459000

0.990730 0.135844 0.000000 63.765630 -0.135844 0.990730 -0.000000 -4.697186 -0.000000 0.000000 1.000000 0.000000 1566535953245929000

0.990756 0.135659 0.000000 65.495646 -0.135659 0.990756 -0.000000 -4.910344 -0.000000 0.000000 1.000000 0.000000 1566535953494906000

0.990754 0.135673 0.000000 67.251636 -0.135673 0.990754 -0.000000 -5.140553 -0.000000 0.000000 1.000000 0.000000 1566535953745060000

0.990788 0.135423 0.000000 69.027130 -0.135423 0.990788 -0.000000 -5.377581 -0.000000 0.000000 1.000000 0.000000 1566535953994202000

0.990724 0.135891 0.000000 70.848003 -0.135891 0.990724 -0.000000 -5.620818 -0.000000 0.000000 1.000000 0.000000 1566535954243427000

0.990720 0.135918 0.000000 72.671945 -0.135918 0.990720 -0.000000 -5.893591 -0.000000 0.000000 1.000000 0.000000 1566535954492858000

0.990830 0.135111 0.000000 74.522286 -0.135111 0.990830 -0.000000 -6.113424 -0.000000 0.000000 1.000000 0.000000 1566535954741809000

0.991117 0.132991 0.000000 76.395590 -0.132991 0.991117 -0.000000 -6.390706 -0.000000 0.000000 1.000000 0.000000 1566535954990885000

0.991678 0.128745 0.000000 78.262708 -0.128745 0.991678 -0.000000 -6.597030 -0.000000 0.000000 1.000000 0.000000 1566535955240396000

0.992043 0.125898 0.000000 80.205142 -0.125898 0.992043 -0.000000 -6.823271 -0.000000 0.000000 1.000000 0.000000 1566535955489638000

0.992469 0.122496 0.000000 82.121915 -0.122496 0.992469 -0.000000 -7.018915 -0.000000 0.000000 1.000000 0.000000 1566535955738760000

0.992797 0.119809 0.000000 84.021301 -0.119809 0.992797 -0.000000 -7.274277 -0.000000 0.000000 1.000000 0.000000 1566535955988617000

0.993049 0.117699 0.000000 85.920358 -0.117699 0.993049 -0.000000 -7.463294 -0.000000 0.000000 1.000000 0.000000 1566535956237968000

0.993495 0.113872 0.000000 87.823857 -0.113872 0.993495 -0.000000 -7.737930 -0.000000 0.000000 1.000000 0.000000 1566535956487033000

0.993724 0.111861 0.000000 89.715341 -0.111861 0.993724 -0.000000 -7.925562 -0.000000 0.000000 1.000000 0.000000 1566535956737010000

0.993712 0.111964 0.000000 91.575305 -0.111964 0.993712 -0.000000 -8.127076 -0.000000 0.000000 1.000000 0.000000 1566535956985852000

0.993686 0.112199 0.000000 93.428310 -0.112199 0.993686 -0.000000 -8.295866 -0.000000 0.000000 1.000000 0.000000 1566535957235208000

0.993566 0.113253 0.000000 95.237139 -0.113253 0.993566 -0.000000 -8.508045 -0.000000 0.000000 1.000000 0.000000 1566535957484693000

0.993533 0.113547 0.000000 97.014993 -0.113547 0.993533 -0.000000 -8.712651 -0.000000 0.000000 1.000000 0.000000 1566535957732858000

0.993369 0.114969 0.000000 98.827124 -0.114969 0.993369 -0.000000 -8.876468 -0.000000 0.000000 1.000000 0.000000 1566535957981782000

0.993340 0.115217 0.000000 100.523712 -0.115217 0.993340 -0.000000 -9.103982 -0.000000 0.000000 1.000000 0.000000 1566535958230942000

0.993419 0.114534 0.000000 102.158997 -0.114534 0.993419 -0.000000 -9.352201 -0.000000 0.000000 1.000000 0.000000 1566535958480029000

0.993382 0.114856 0.000000 103.978643 -0.114856 0.993382 -0.000000 -9.542237 -0.000000 0.000000 1.000000 0.000000 1566535958729285000

0.993740 0.111715 0.000000 105.866791 -0.111715 0.993740 -0.000000 -9.658809 -0.000000 0.000000 1.000000 0.000000 1566535958978428000

0.993392 0.114771 0.000000 107.409323 -0.114771 0.993392 -0.000000 -9.905298 -0.000000 0.000000 1.000000 0.000000 1566535959227794000

0.993419 0.114539 0.000000 109.125753 -0.114539 0.993419 -0.000000 -10.084628 -0.000000 0.000000 1.000000 0.000000 1566535959477424000

0.993422 0.114508 0.000000 110.923638 -0.114508 0.993422 -0.000000 -10.257540 -0.000000 0.000000 1.000000 0.000000 1566535959727158000

0.993491 0.113912 0.000000 112.664366 -0.113912 0.993491 -0.000000 -10.462660 -0.000000 0.000000 1.000000 0.000000 1566535959976426000

0.993525 0.113614 0.000000 114.348289 -0.113614 0.993525 -0.000000 -10.701234 -0.000000 0.000000 1.000000 0.000000 1566535960226371000

0.993540 0.113483 0.000000 116.137854 -0.113483 0.993540 -0.000000 -10.886611 -0.000000 0.000000 1.000000 0.000000 1566535960475286000

0.993652 0.112496 0.000000 117.854925 -0.112496 0.993652 -0.000000 -11.149279 -0.000000 0.000000 1.000000 0.000000 1566535960724075000

0.993811 0.111082 0.000000 119.691955 -0.111082 0.993811 -0.000000 -11.382715 -0.000000 0.000000 1.000000 0.000000 1566535960974910000

0.993943 0.109900 0.000000 121.488136 -0.109900 0.993943 -0.000000 -11.567165 -0.000000 0.000000 1.000000 0.000000 1566535961224604000

0.994086 0.108600 0.000000 123.369293 -0.108600 0.994086 -0.000000 -11.720414 -0.000000 0.000000 1.000000 0.000000 1566535961473779000

0.994597 0.103809 0.000000 125.179149 -0.103809 0.994597 -0.000000 -11.906404 -0.000000 0.000000 1.000000 0.000000 1566535961722217000

0.995111 0.098766 0.000000 127.006448 -0.098766 0.995111 -0.000000 -12.108329 -0.000000 0.000000 1.000000 0.000000 1566535961970372000

0.995561 0.094118 0.000000 128.903665 -0.094118 0.995561 -0.000000 -12.232238 -0.000000 0.000000 1.000000 0.000000 1566535962219594000

0.996105 0.088173 0.000000 130.740736 -0.088173 0.996105 -0.000000 -12.399960 -0.000000 0.000000 1.000000 0.000000 1566535962468881000

0.996666 0.081585 0.000000 132.578967 -0.081585 0.996666 -0.000000 -12.558275 -0.000000 0.000000 1.000000 0.000000 1566535962718426000

0.997169 0.075197 0.000000 134.342102 -0.075197 0.997169 -0.000000 -12.705024 -0.000000 0.000000 1.000000 0.000000 1566535962967575000

0.997513 0.070486 0.000000 136.159544 -0.070486 0.997513 -0.000000 -12.808309 -0.000000 0.000000 1.000000 0.000000 1566535963217037000

0.997830 0.065837 0.000000 137.905509 -0.065837 0.997830 -0.000000 -12.919469 -0.000000 0.000000 1.000000 0.000000 1566535963465845000

0.998076 0.061995 0.000000 139.664425 -0.061995 0.998076 -0.000000 -13.019053 -0.000000 0.000000 1.000000 0.000000 1566535963715873000

0.998260 0.058969 0.000000 141.490006 -0.058969 0.998260 -0.000000 -13.137392 -0.000000 0.000000 1.000000 0.000000 1566535963969252000

0.998439 0.055850 0.000000 143.374205 -0.055850 0.998439 -0.000000 -13.178953 -0.000000 0.000000 1.000000 0.000000 1566535964215720000

0.998447 0.055709 0.000000 145.129659 -0.055709 0.998447 -0.000000 -13.292834 -0.000000 0.000000 1.000000 0.000000 1566535964464719000

0.998480 0.055108 0.000000 146.946171 -0.055108 0.998480 -0.000000 -13.415595 -0.000000 0.000000 1.000000 0.000000 1566535964714580000

0.998481 0.055105 0.000000 148.876119 -0.055105 0.998481 -0.000000 -13.511008 -0.000000 0.000000 1.000000 0.000000 1566535964963805000

0.998461 0.055458 0.000000 150.740063 -0.055458 0.998461 -0.000000 -13.579777 -0.000000 0.000000 1.000000 0.000000 1566535965213028000

0.998408 0.056403 0.000000 152.676486 -0.056403 0.998408 -0.000000 -13.672565 -0.000000 0.000000 1.000000 0.000000 1566535965462506000

0.998369 0.057098 0.000000 154.589926 -0.057098 0.998369 -0.000000 -13.756105 -0.000000 0.000000 1.000000 0.000000 1566535965711447000

0.998331 0.057746 0.000000 156.571409 -0.057746 0.998331 -0.000000 -13.907516 -0.000000 0.000000 1.000000 0.000000 1566535965961306000

0.998180 0.060307 0.000000 158.570024 -0.060307 0.998180 -0.000000 -13.993502 -0.000000 0.000000 1.000000 0.000000 1566535966210347000

0.998021 0.062877 0.000000 160.499599 -0.062877 0.998021 -0.000000 -14.096720 -0.000000 0.000000 1.000000 0.000000 1566535966460196000

0.997883 0.065038 0.000000 162.528899 -0.065038 0.997883 -0.000000 -14.278697 -0.000000 0.000000 1.000000 0.000000 1566535966709669000

0.997666 0.068280 0.000000 164.543929 -0.068280 0.997666 -0.000000 -14.407861 -0.000000 0.000000 1.000000 0.000000 1566535966958344000

0.997187 0.074953 0.000000 166.582083 -0.074953 0.997187 -0.000000 -14.522141 -0.000000 0.000000 1.000000 0.000000 1566535967207470000

0.996520 0.083351 0.000000 168.612246 -0.083351 0.996520 -0.000000 -14.717501 -0.000000 0.000000 1.000000 0.000000 1566535967456521000

0.995759 0.091998 0.000000 170.679099 -0.091998 0.995759 -0.000000 -14.913677 -0.000000 0.000000 1.000000 0.000000 1566535967705834000

0.994998 0.099893 0.000000 172.742318 -0.099893 0.994998 -0.000000 -15.115460 -0.000000 0.000000 1.000000 0.000000 1566535967955168000

0.994284 0.106764 0.000000 174.770064 -0.106764 0.994284 -0.000000 -15.347725 -0.000000 0.000000 1.000000 0.000000 1566535968204630000

0.993984 0.109522 0.000000 176.774422 -0.109522 0.993984 -0.000000 -15.583856 -0.000000 0.000000 1.000000 0.000000 1566535968454562000

0.993997 0.109410 0.000000 178.802432 -0.109410 0.993997 -0.000000 -15.788326 -0.000000 0.000000 1.000000 0.000000 1566535968703572000

0.993892 0.110353 0.000000 180.787761 -0.110353 0.993892 -0.000000 -16.054141 -0.000000 0.000000 1.000000 0.000000 1566535968952282000

0.994006 0.109323 0.000000 182.674140 -0.109323 0.994006 -0.000000 -16.296403 -0.000000 0.000000 1.000000 0.000000 1566535969201451000

0.994138 0.108116 0.000000 184.590259 -0.108116 0.994138 -0.000000 -16.585405 -0.000000 0.000000 1.000000 0.000000 1566535969451207000

0.994502 0.104715 0.000000 186.716142 -0.104715 0.994502 -0.000000 -16.563335 -0.000000 0.000000 1.000000 0.000000 1566535969700123000

0.994905 0.100816 0.000000 188.420755 -0.100816 0.994905 -0.000000 -16.885032 -0.000000 0.000000 1.000000 0.000000 1566535969948797000

0.995433 0.095461 0.000000 190.396582 -0.095461 0.995433 -0.000000 -17.040698 -0.000000 0.000000 1.000000 0.000000 1566535970199345000

0.995775 0.091826 0.000000 192.473680 -0.091826 0.995775 -0.000000 -17.194522 -0.000000 0.000000 1.000000 0.000000 1566535970448327000

0.995794 0.091625 0.000000 194.422010 -0.091625 0.995794 -0.000000 -17.419556 -0.000000 0.000000 1.000000 0.000000 1566535970698069000

0.995895 0.090512 0.000000 196.408189 -0.090512 0.995895 -0.000000 -17.553488 -0.000000 0.000000 1.000000 0.000000 1566535970947902000

0.996086 0.088388 0.000000 198.464354 -0.088388 0.996086 -0.000000 -17.699492 -0.000000 0.000000 1.000000 0.000000 1566535971196936000

0.996298 0.085968 0.000000 200.488139 -0.085968 0.996298 -0.000000 -17.893137 -0.000000 0.000000 1.000000 0.000000 1566535971446379000

0.996403 0.084737 0.000000 202.557773 -0.084737 0.996403 -0.000000 -18.035542 -0.000000 0.000000 1.000000 0.000000 1566535971696472000

0.996502 0.083566 0.000000 204.656631 -0.083566 0.996502 -0.000000 -18.198954 -0.000000 0.000000 1.000000 0.000000 1566535971945458000

0.996709 0.081068 0.000000 206.732279 -0.081068 0.996709 -0.000000 -18.395977 -0.000000 0.000000 1.000000 0.000000 1566535972193585000

0.996831 0.079544 0.000000 208.825797 -0.079544 0.996831 -0.000000 -18.540774 -0.000000 0.000000 1.000000 0.000000 1566535972443994000

0.997029 0.077034 0.000000 210.909415 -0.077034 0.997029 -0.000000 -18.719631 -0.000000 0.000000 1.000000 0.000000 1566535972693063000

0.997251 0.074099 0.000000 213.013657 -0.074099 0.997251 -0.000000 -18.887224 -0.000000 0.000000 1.000000 0.000000 1566535972942235000

0.997510 0.070529 0.000000 215.090739 -0.070529 0.997510 -0.000000 -19.059485 -0.000000 0.000000 1.000000 0.000000 1566535973191337000

0.997816 0.066054 0.000000 217.125331 -0.066054 0.997816 -0.000000 -19.161218 -0.000000 0.000000 1.000000 0.000000 1566535973440911000

0.997993 0.063331 0.000000 219.184810 -0.063331 0.997993 -0.000000 -19.258645 -0.000000 0.000000 1.000000 0.000000 1566535973689887000

0.998146 0.060873 0.000000 221.138803 -0.060873 0.998146 -0.000000 -19.386593 -0.000000 0.000000 1.000000 0.000000 1566535973938534000

0.998189 0.060153 0.000000 223.101263 -0.060153 0.998189 -0.000000 -19.520206 -0.000000 0.000000 1.000000 0.000000 1566535974188261000

0.998316 0.058009 0.000000 225.058810 -0.058009 0.998316 -0.000000 -19.596783 -0.000000 0.000000 1.000000 0.000000 1566535974437413000

0.998368 0.057117 0.000000 226.969540 -0.057117 0.998368 -0.000000 -19.709241 -0.000000 0.000000 1.000000 0.000000 1566535974686237000

0.998457 0.055528 0.000000 228.832763 -0.055528 0.998457 -0.000000 -19.787738 -0.000000 0.000000 1.000000 0.000000 1566535974935524000

0.998519 0.054403 0.000000 230.655506 -0.054403 0.998519 -0.000000 -19.874620 -0.000000 0.000000 1.000000 0.000000 1566535975184318000

0.998673 0.051495 0.000000 232.499281 -0.051495 0.998673 -0.000000 -19.952232 -0.000000 0.000000 1.000000 0.000000 1566535975433243000

0.998604 0.052822 0.000000 234.326603 -0.052822 0.998604 -0.000000 -20.008931 -0.000000 0.000000 1.000000 0.000000 1566535975683868000

0.998713 0.050717 0.000000 236.191842 -0.050717 0.998713 -0.000000 -20.135271 -0.000000 0.000000 1.000000 0.000000 1566535975933058000

0.998793 0.049127 0.000000 238.256114 -0.049127 0.998793 -0.000000 -20.319114 -0.000000 0.000000 1.000000 0.000000 1566535976181689000

0.998912 0.046627 0.000000 240.008890 -0.046627 0.998912 -0.000000 -20.312449 -0.000000 0.000000 1.000000 0.000000 1566535976431622000

0.998894 0.047028 0.000000 241.893951 -0.047028 0.998894 -0.000000 -20.364710 -0.000000 0.000000 1.000000 0.000000 1566535976681809000

0.999005 0.044608 0.000000 243.866277 -0.044608 0.999005 -0.000000 -20.405715 -0.000000 0.000000 1.000000 0.000000 1566535976930836000

0.999203 0.039908 0.000000 245.860704 -0.039908 0.999203 -0.000000 -20.485146 -0.000000 0.000000 1.000000 0.000000 1566535977179717000

0.999434 0.033651 0.000000 247.879573 -0.033651 0.999434 -0.000000 -20.547491 -0.000000 0.000000 1.000000 0.000000 1566535977429376000

0.999647 0.026577 0.000000 249.889581 -0.026577 0.999647 -0.000000 -20.596600 -0.000000 0.000000 1.000000 0.000000 1566535977678580000

0.999797 0.020168 0.000000 251.941342 -0.020168 0.999797 -0.000000 -20.658601 -0.000000 0.000000 1.000000 0.000000 1566535977928312000

0.999901 0.014096 0.000000 254.024413 -0.014096 0.999901 -0.000000 -20.649898 -0.000000 0.000000 1.000000 0.000000 1566535978178137000

0.999968 0.007945 0.000000 256.128804 -0.007945 0.999968 -0.000000 -20.673429 -0.000000 0.000000 1.000000 0.000000 1566535978427401000

0.999999 0.001285 0.000000 258.245085 -0.001285 0.999999 -0.000000 -20.648296 -0.000000 0.000000 1.000000 0.000000 1566535978676334000

0.999990 -0.004546 0.000000 260.390614 0.004546 0.999990 0.000000 -20.612228 0.000000 0.000000 1.000000 0.000000 1566535978926425000

0.999947 -0.010316 0.000000 262.587735 0.010316 0.999947 0.000000 -20.589092 0.000000 0.000000 1.000000 0.000000 1566535979175626000

0.999899 -0.014193 0.000000 264.777713 0.014193 0.999899 0.000000 -20.484850 0.000000 0.000000 1.000000 0.000000 1566535979424735000

0.999892 -0.014690 0.000000 266.958814 0.014690 0.999892 0.000000 -20.468369 0.000000 0.000000 1.000000 0.000000 1566535979674289000

0.999893 -0.014610 0.000000 269.174366 0.014610 0.999893 0.000000 -20.460741 0.000000 0.000000 1.000000 0.000000 1566535979923768000

0.999889 -0.014885 0.000000 271.333260 0.014885 0.999889 0.000000 -20.424696 0.000000 0.000000 1.000000 0.000000 1566535980172969000

0.999889 -0.014887 0.000000 273.531302 0.014887 0.999889 0.000000 -20.365149 0.000000 0.000000 1.000000 0.000000 1566535980422127000

0.999910 -0.013385 0.000000 275.747828 0.013385 0.999910 0.000000 -20.315089 0.000000 0.000000 1.000000 0.000000 1566535980671616000

0.999928 -0.011969 0.000000 278.010214 0.011969 0.999928 0.000000 -20.307600 0.000000 0.000000 1.000000 0.000000 1566535980921562000

0.999955 -0.009461 0.000000 280.155147 0.009461 0.999955 0.000000 -20.258264 0.000000 0.000000 1.000000 0.000000 1566535981169093000

0.999972 -0.007472 0.000000 282.346241 0.007472 0.999972 0.000000 -20.223679 0.000000 0.000000 1.000000 0.000000 1566535981419259000

0.999969 -0.007936 0.000000 284.544094 0.007936 0.999969 0.000000 -20.197225 0.000000 0.000000 1.000000 0.000000 1566535981667658000

0.999961 -0.008886 0.000000 286.677227 0.008886 0.999961 0.000000 -20.159398 0.000000 0.000000 1.000000 0.000000 1566535981916786000

0.999955 -0.009465 0.000000 288.807609 0.009465 0.999955 0.000000 -20.142047 0.000000 0.000000 1.000000 0.000000 1566535982166163000

0.999959 -0.009030 0.000000 290.926452 0.009030 0.999959 0.000000 -20.110256 0.000000 0.000000 1.000000 0.000000 1566535982414448000

0.999959 -0.009011 0.000000 292.966909 0.009011 0.999959 0.000000 -20.097338 0.000000 0.000000 1.000000 0.000000 1566535982664049000

0.999951 -0.009922 0.000000 295.174329 0.009922 0.999951 0.000000 -20.002802 0.000000 0.000000 1.000000 0.000000 1566535982913658000

0.999933 -0.011583 0.000000 297.371135 0.011583 0.999933 0.000000 -19.940514 0.000000 0.000000 1.000000 0.000000 1566535983162925000

0.999906 -0.013691 0.000000 299.466315 0.013691 0.999906 0.000000 -19.956656 0.000000 0.000000 1.000000 0.000000 1566535983421548000

0.999898 -0.014308 0.000000 301.674706 0.014308 0.999898 0.000000 -19.894555 0.000000 0.000000 1.000000 0.000000 1566535983662858000

0.999880 -0.015471 0.000000 303.875453 0.015471 0.999880 0.000000 -19.854397 0.000000 0.000000 1.000000 0.000000 1566535983912697000

0.999860 -0.016743 0.000000 306.123796 0.016743 0.999860 0.000000 -19.804989 0.000000 0.000000 1.000000 0.000000 1566535984162658000

0.999838 -0.017972 0.000000 308.366202 0.017972 0.999838 0.000000 -19.811265 0.000000 0.000000 1.000000 0.000000 1566535984411541000

0.999805 -0.019744 0.000000 310.593797 0.019744 0.999805 0.000000 -19.735910 0.000000 0.000000 1.000000 0.000000 1566535984660719000

0.999761 -0.021853 0.000000 312.845126 0.021853 0.999761 0.000000 -19.627230 0.000000 0.000000 1.000000 0.000000 1566535984910198000

0.999684 -0.025140 0.000000 315.099086 0.025140 0.999684 0.000000 -19.588066 0.000000 0.000000 1.000000 0.000000 1566535985158693000

0.999593 -0.028517 0.000000 317.351493 0.028517 0.999593 0.000000 -19.568696 0.000000 0.000000 1.000000 0.000000 1566535985407990000

0.999472 -0.032494 0.000000 319.561233 0.032494 0.999472 0.000000 -19.446180 0.000000 0.000000 1.000000 0.000000 1566535985658251000

0.999357 -0.035853 0.000000 321.792603 0.035853 0.999357 0.000000 -19.350902 0.000000 0.000000 1.000000 0.000000 1566535985906115000

0.999198 -0.040036 0.000000 323.980549 0.040036 0.999198 0.000000 -19.269347 0.000000 0.000000 1.000000 0.000000 1566535986154945000

0.999030 -0.044033 0.000000 326.179813 0.044033 0.999030 0.000000 -19.192133 0.000000 0.000000 1.000000 0.000000 1566535986404525000

0.998906 -0.046756 0.000000 328.305395 0.046756 0.998906 0.000000 -19.087432 0.000000 0.000000 1.000000 0.000000 1566535986653842000

0.998761 -0.049764 0.000000 330.356363 0.049764 0.998761 0.000000 -18.938433 0.000000 0.000000 1.000000 0.000000 1566535986902837000

0.998592 -0.053055 0.000000 332.480447 0.053055 0.998592 0.000000 -18.867484 0.000000 0.000000 1.000000 0.000000 1566535987151898000

0.998320 -0.057948 0.000000 334.586727 0.057948 0.998320 0.000000 -18.695147 0.000000 0.000000 1.000000 0.000000 1566535987400709000

0.997842 -0.065660 0.000000 336.603610 0.065660 0.997842 0.000000 -18.556739 0.000000 0.000000 1.000000 0.000000 1566535987650504000

0.997322 -0.073136 0.000000 338.694950 0.073136 0.997322 0.000000 -18.399544 0.000000 0.000000 1.000000 0.000000 1566535987899399000

0.996809 -0.079818 0.000000 340.755343 0.079818 0.996809 0.000000 -18.256447 0.000000 0.000000 1.000000 0.000000 1566535988148827000

0.996376 -0.085064 0.000000 342.791231 0.085064 0.996376 0.000000 -18.034972 0.000000 0.000000 1.000000 0.000000 1566535988399196000

0.995796 -0.091600 0.000000 344.816454 0.091600 0.995796 0.000000 -17.847289 0.000000 0.000000 1.000000 0.000000 1566535988647555000

0.995329 -0.096540 0.000000 346.881186 0.096540 0.995329 0.000000 -17.671816 0.000000 0.000000 1.000000 0.000000 1566535988897368000

0.995093 -0.098941 0.000000 348.897101 0.098941 0.995093 0.000000 -17.412662 0.000000 0.000000 1.000000 0.000000 1566535989146665000

0.994955 -0.100321 0.000000 350.901176 0.100321 0.994955 0.000000 -17.195265 0.000000 0.000000 1.000000 0.000000 1566535989395665000

0.994934 -0.100530 0.000000 352.931293 0.100530 0.994934 0.000000 -16.958800 0.000000 0.000000 1.000000 0.000000 1566535989644515000

0.994738 -0.102452 0.000000 354.858885 0.102452 0.994738 0.000000 -16.760312 0.000000 0.000000 1.000000 0.000000 1566535989893912000

0.994705 -0.102771 0.000000 356.845933 0.102771 0.994705 0.000000 -16.548334 0.000000 0.000000 1.000000 0.000000 1566535990143298000

0.994463 -0.105087 0.000000 358.760770 0.105087 0.994463 0.000000 -16.275812 0.000000 0.000000 1.000000 0.000000 1566535990390917000

0.994225 -0.107314 0.000000 360.700460 0.107314 0.994225 0.000000 -16.094867 0.000000 0.000000 1.000000 0.000000 1566535990641307000

0.993939 -0.109929 0.000000 362.615602 0.109929 0.993939 0.000000 -15.875608 0.000000 0.000000 1.000000 0.000000 1566535990889304000

0.993561 -0.113299 0.000000 364.537671 0.113299 0.993561 0.000000 -15.652306 0.000000 0.000000 1.000000 0.000000 1566535991138701000

0.993114 -0.117148 0.000000 366.476388 0.117148 0.993114 0.000000 -15.468877 0.000000 0.000000 1.000000 0.000000 1566535991388608000

0.992703 -0.120585 0.000000 368.497862 0.120585 0.992703 0.000000 -15.173794 0.000000 0.000000 1.000000 0.000000 1566535991637627000

0.992228 -0.124434 0.000000 370.407834 0.124434 0.992228 0.000000 -15.005207 0.000000 0.000000 1.000000 0.000000 1566535991885929000

0.992135 -0.125171 0.000000 372.431563 0.125171 0.992135 0.000000 -14.677600 0.000000 0.000000 1.000000 0.000000 1566535992136439000

0.991897 -0.127042 0.000000 374.458007 0.127042 0.991897 0.000000 -14.386521 0.000000 0.000000 1.000000 0.000000 1566535992385594000

0.991780 -0.127957 0.000000 376.507130 0.127957 0.991780 0.000000 -14.055456 0.000000 0.000000 1.000000 0.000000 1566535992634829000

0.991791 -0.127870 0.000000 378.599586 0.127870 0.991791 0.000000 -13.842602 0.000000 0.000000 1.000000 0.000000 1566535992885839000

0.992097 -0.125476 0.000000 380.634863 0.125476 0.992097 0.000000 -13.554930 0.000000 0.000000 1.000000 0.000000 1566535993135817000

0.992377 -0.123238 0.000000 382.691445 0.123238 0.992377 0.000000 -13.242530 0.000000 0.000000 1.000000 0.000000 1566535993384408000

0.992703 -0.120586 0.000000 384.804405 0.120586 0.992703 0.000000 -12.972634 0.000000 0.000000 1.000000 0.000000 1566535993633431000

0.993140 -0.116933 0.000000 386.835275 0.116933 0.993140 0.000000 -12.731269 0.000000 0.000000 1.000000 0.000000 1566535993882767000

0.993625 -0.112735 0.000000 388.876784 0.112735 0.993625 0.000000 -12.502994 0.000000 0.000000 1.000000 0.000000 1566535994132061000

0.993967 -0.109677 0.000000 390.875345 0.109677 0.993967 0.000000 -12.246220 0.000000 0.000000 1.000000 0.000000 1566535994381470000

0.994047 -0.108950 0.000000 392.877872 0.108950 0.994047 0.000000 -12.031972 0.000000 0.000000 1.000000 0.000000 1566535994633921000

0.993776 -0.111397 0.000000 394.828955 0.111397 0.993776 0.000000 -11.815223 0.000000 0.000000 1.000000 0.000000 1566535994879805000

0.993615 -0.112824 0.000000 396.732969 0.112824 0.993615 0.000000 -11.575718 0.000000 0.000000 1.000000 0.000000 1566535995128661000

0.993328 -0.115325 0.000000 398.718365 0.115325 0.993328 0.000000 -11.384740 0.000000 0.000000 1.000000 0.000000 1566535995377466000

0.992966 -0.118401 0.000000 400.687684 0.118401 0.992966 0.000000 -11.065264 0.000000 0.000000 1.000000 0.000000 1566535995626465000

0.992868 -0.119217 0.000000 402.571972 0.119217 0.992868 0.000000 -10.859937 0.000000 0.000000 1.000000 0.000000 1566535995875973000

0.992150 -0.125055 0.000000 404.535660 0.125055 0.992150 0.000000 -10.554787 0.000000 0.000000 1.000000 0.000000 1566535996126472000

0.991692 -0.128633 0.000000 406.535651 0.128633 0.991692 0.000000 -10.311894 0.000000 0.000000 1.000000 0.000000 1566535996375487000

0.991168 -0.132610 0.000000 408.598267 0.132610 0.991168 0.000000 -10.018071 0.000000 0.000000 1.000000 0.000000 1566535996625312000

0.990708 -0.136009 0.000000 410.617436 0.136009 0.990708 0.000000 -9.726623 0.000000 0.000000 1.000000 0.000000 1566535996874985000

0.989854 -0.142091 0.000000 412.685283 0.142091 0.989854 0.000000 -9.423086 0.000000 0.000000 1.000000 0.000000 1566535997123500000

0.988947 -0.148267 0.000000 414.744503 0.148267 0.988947 0.000000 -9.140873 0.000000 0.000000 1.000000 0.000000 1566535997372041000

0.987804 -0.155702 0.000000 416.807104 0.155702 0.987804 0.000000 -8.769502 0.000000 0.000000 1.000000 0.000000 1566535997621630000

0.986716 -0.162456 0.000000 418.908947 0.162456 0.986716 0.000000 -8.460229 0.000000 0.000000 1.000000 0.000000 1566535997870885000

0.984795 -0.173721 0.000000 421.015730 0.173721 0.984795 0.000000 -8.025632 0.000000 0.000000 1.000000 0.000000 1566535998119407000

0.982856 -0.184373 0.000000 423.149876 0.184373 0.982856 0.000000 -7.632936 0.000000 0.000000 1.000000 0.000000 1566535998368776000

0.980879 -0.194617 0.000000 425.332787 0.194617 0.980879 0.000000 -7.245377 0.000000 0.000000 1.000000 0.000000 1566535998617993000

0.978922 -0.204233 0.000000 427.461976 0.204233 0.978922 0.000000 -6.752730 0.000000 0.000000 1.000000 0.000000 1566535998866642000

0.977175 -0.212438 0.000000 429.630692 0.212438 0.977175 0.000000 -6.271463 0.000000 0.000000 1.000000 0.000000 1566535999115959000

0.975306 -0.220856 0.000000 431.748343 0.220856 0.975306 0.000000 -5.783265 0.000000 0.000000 1.000000 0.000000 1566535999364723000

0.973410 -0.229068 0.000000 433.895419 0.229068 0.973410 0.000000 -5.301405 0.000000 0.000000 1.000000 0.000000 1566535999614206000

0.971500 -0.237038 0.000000 436.071819 0.237038 0.971500 0.000000 -4.713511 0.000000 0.000000 1.000000 0.000000 1566535999863257000

0.969517 -0.245025 0.000000 438.181086 0.245025 0.969517 0.000000 -4.233442 0.000000 0.000000 1.000000 0.000000 1566536000111994000

0.967593 -0.252513 0.000000 440.243338 0.252513 0.967593 0.000000 -3.635606 0.000000 0.000000 1.000000 0.000000 1566536000360143000

0.965804 -0.259275 0.000000 442.324289 0.259275 0.965804 0.000000 -3.112139 0.000000 0.000000 1.000000 0.000000 1566536000608759000

0.964753 -0.263156 0.000000 444.287133 0.263156 0.964753 0.000000 -2.521619 0.000000 0.000000 1.000000 0.000000 1566536000857652000

0.963746 -0.266820 0.000000 446.222367 0.266820 0.963746 0.000000 -2.029341 0.000000 0.000000 1.000000 0.000000 1566536001107043000

0.962843 -0.270062 0.000000 448.088158 0.270062 0.962843 0.000000 -1.477110 0.000000 0.000000 1.000000 0.000000 1566536001355501000

0.961676 -0.274190 0.000000 449.793027 0.274190 0.961676 0.000000 -0.973163 0.000000 0.000000 1.000000 0.000000 1566536001604452000

0.960765 -0.277364 0.000000 451.451568 0.277364 0.960765 0.000000 -0.482814 0.000000 0.000000 1.000000 0.000000 1566536001853983000

0.959424 -0.281969 0.000000 453.102735 0.281969 0.959424 0.000000 -0.008416 0.000000 0.000000 1.000000 0.000000 1566536002104487000

0.958070 -0.286534 0.000000 454.655497 0.286534 0.958070 0.000000 0.412060 0.000000 0.000000 1.000000 0.000000 1566536002354006000

0.956836 -0.290628 0.000000 456.260233 0.290628 0.956836 0.000000 0.872570 0.000000 0.000000 1.000000 0.000000 1566536002603207000

0.955805 -0.294002 0.000000 457.788494 0.294002 0.955805 0.000000 1.410342 0.000000 0.000000 1.000000 0.000000 1566536002852439000

0.954239 -0.299046 0.000000 459.440890 0.299046 0.954239 0.000000 1.848798 0.000000 0.000000 1.000000 0.000000 1566536003101281000

0.952431 -0.304755 0.000000 462.333516 0.304755 0.952431 0.000000 2.839911 0.000000 0.000000 1.000000 0.000000 1566536003600539000

0.951490 -0.307680 0.000000 463.835998 0.307680 0.951490 0.000000 3.321041 0.000000 0.000000 1.000000 0.000000 1566536003849119000

0.950628 -0.310333 0.000000 465.270399 0.310333 0.950628 0.000000 3.797459 0.000000 0.000000 1.000000 0.000000 1566536004098458000

0.950166 -0.311743 0.000000 466.748955 0.311743 0.950166 0.000000 4.288003 0.000000 0.000000 1.000000 0.000000 1566536004347194000

0.950100 -0.311946 0.000000 469.507640 0.311946 0.950100 0.000000 5.243089 0.000000 0.000000 1.000000 0.000000 1566536004846103000

0.951845 -0.306578 0.000000 472.152421 0.306578 0.951845 0.000000 6.066709 0.000000 0.000000 1.000000 0.000000 1566536005344215000

0.964182 -0.265243 0.000000 474.687512 0.265243 0.964182 0.000000 6.821759 0.000000 0.000000 1.000000 0.000000 1566536005842476000

0.985105 -0.171954 0.000000 477.082454 0.171954 0.985105 0.000000 7.206608 0.000000 0.000000 1.000000 0.000000 1566536006341131000

0.999816 -0.019182 0.000000 479.406971 0.019182 0.999816 0.000000 7.137017 0.000000 0.000000 1.000000 0.000000 1566536006839274000

0.997095 0.076166 0.000000 480.483091 -0.076166 0.997095 -0.000000 6.970584 -0.000000 0.000000 1.000000 0.000000 1566536007088097000

0.983887 0.178789 0.000000 481.500284 -0.178789 0.983887 -0.000000 6.664005 -0.000000 0.000000 1.000000 0.000000 1566536007337607000

0.958368 0.285535 0.000000 482.466893 -0.285535 0.958368 -0.000000 6.307823 -0.000000 0.000000 1.000000 0.000000 1566536007587108000

0.920726 0.390209 0.000000 483.367445 -0.390209 0.920726 -0.000000 5.859239 -0.000000 0.000000 1.000000 0.000000 1566536007836676000

0.868834 0.495104 0.000000 484.229179 -0.495104 0.868834 -0.000000 5.188056 -0.000000 0.000000 1.000000 0.000000 1566536008085894000

0.803248 0.595644 0.000000 484.997388 -0.595644 0.803248 -0.000000 4.520796 -0.000000 0.000000 1.000000 0.000000 1566536008334491000

0.722268 0.691613 0.000000 485.659427 -0.691613 0.722268 -0.000000 3.687261 -0.000000 0.000000 1.000000 0.000000 1566536008583787000

0.628103 0.778130 0.000000 486.233332 -0.778130 0.628103 -0.000000 2.817732 -0.000000 0.000000 1.000000 0.000000 1566536008832646000

0.521030 0.853539 0.000000 486.704125 -0.853539 0.521030 -0.000000 1.814951 -0.000000 0.000000 1.000000 0.000000 1566536009082198000

0.405835 0.913946 0.000000 486.969441 -0.913946 0.405835 -0.000000 0.826054 -0.000000 0.000000 1.000000 0.000000 1566536009331690000

0.289113 0.957295 0.000000 487.161424 -0.957295 0.289113 -0.000000 -0.188581 -0.000000 0.000000 1.000000 0.000000 1566536009580407000

0.191239 0.981543 0.000000 487.168768 -0.981543 0.191239 -0.000000 -1.242910 -0.000000 0.000000 1.000000 0.000000 1566536009830181000

0.092243 0.995736 0.000000 487.382659 -0.995736 0.092243 -0.000000 -3.667654 -0.000000 0.000000 1.000000 0.000000 1566536010329146000

0.068702 0.997637 0.000000 487.620357 -0.997637 0.068702 -0.000000 -5.215670 -0.000000 0.000000 1.000000 0.000000 1566536010578560000

0.025569 0.999673 0.000000 487.678765 -0.999673 0.025569 -0.000000 -7.959652 -0.000000 0.000000 1.000000 0.000000 1566536011077227000

0.002939 0.999996 0.000000 487.689879 -0.999996 0.002939 -0.000000 -10.887477 -0.000000 0.000000 1.000000 0.000000 1566536011575976000

-0.005090 0.999987 0.000000 487.676327 -0.999987 -0.005090 -0.000000 -12.471773 -0.000000 0.000000 1.000000 0.000000 1566536011825159000

-0.008510 0.999964 0.000000 487.727233 -0.999964 -0.008510 -0.000000 -14.015519 -0.000000 0.000000 1.000000 0.000000 1566536012073513000

-0.009634 0.999954 0.000000 487.725402 -0.999954 -0.009634 -0.000000 -15.651200 -0.000000 0.000000 1.000000 0.000000 1566536012322770000

-0.008066 0.999967 0.000000 487.700171 -0.999967 -0.008066 -0.000000 -17.346415 -0.000000 0.000000 1.000000 0.000000 1566536012573423000

-0.006446 0.999979 0.000000 487.735850 -0.999979 -0.006446 -0.000000 -19.079778 -0.000000 0.000000 1.000000 0.000000 1566536012822885000

-0.004668 0.999989 0.000000 487.699998 -0.999989 -0.004668 -0.000000 -20.863603 -0.000000 0.000000 1.000000 0.000000 1566536013071458000

-0.002587 0.999997 0.000000 487.641376 -0.999997 -0.002587 -0.000000 -22.641358 -0.000000 0.000000 1.000000 0.000000 1566536013320246000

-0.001902 0.999998 0.000000 487.666405 -0.999998 -0.001902 -0.000000 -24.499736 -0.000000 0.000000 1.000000 0.000000 1566536013569509000

-0.001658 0.999999 0.000000 487.713265 -0.999999 -0.001658 -0.000000 -26.386537 -0.000000 0.000000 1.000000 0.000000 1566536013818769000

-0.001911 0.999998 0.000000 487.657953 -0.999998 -0.001911 -0.000000 -28.306056 -0.000000 0.000000 1.000000 0.000000 1566536014068273000

-0.000394 1.000000 0.000000 487.723826 -1.000000 -0.000394 -0.000000 -30.211580 -0.000000 0.000000 1.000000 0.000000 1566536014317174000

0.001868 0.999998 0.000000 487.728188 -0.999998 0.001868 -0.000000 -32.213307 -0.000000 0.000000 1.000000 0.000000 1566536014566690000

0.005408 0.999985 0.000000 487.703167 -0.999985 0.005408 -0.000000 -34.272882 -0.000000 0.000000 1.000000 0.000000 1566536014815899000

0.010227 0.999948 0.000000 487.749472 -0.999948 0.010227 -0.000000 -36.356417 -0.000000 0.000000 1.000000 0.000000 1566536015065232000

0.016229 0.999868 0.000000 487.734385 -0.999868 0.016229 -0.000000 -38.412837 -0.000000 0.000000 1.000000 0.000000 1566536015314989000

0.016847 0.999858 0.000000 487.739755 -0.999858 0.016847 -0.000000 -40.537206 -0.000000 0.000000 1.000000 0.000000 1566536015565788000

0.011677 0.999932 0.000000 487.789438 -0.999932 0.011677 -0.000000 -42.605103 -0.000000 0.000000 1.000000 0.000000 1566536015812137000

0.007798 0.999970 0.000000 487.768801 -0.999970 0.007798 -0.000000 -44.733766 -0.000000 0.000000 1.000000 0.000000 1566536016062835000

0.004400 0.999990 0.000000 487.793931 -0.999990 0.004400 -0.000000 -46.846271 -0.000000 0.000000 1.000000 0.000000 1566536016311305000

0.000229 1.000000 0.000000 487.811065 -1.000000 0.000229 -0.000000 -48.945114 -0.000000 0.000000 1.000000 0.000000 1566536016560383000

-0.002809 0.999996 0.000000 487.800981 -0.999996 -0.002809 -0.000000 -51.102233 -0.000000 0.000000 1.000000 0.000000 1566536016809172000

-0.004213 0.999991 0.000000 487.856979 -0.999991 -0.004213 -0.000000 -53.194085 -0.000000 0.000000 1.000000 0.000000 1566536017058877000

-0.000811 1.000000 0.000000 487.831497 -1.000000 -0.000811 -0.000000 -55.378044 -0.000000 0.000000 1.000000 0.000000 1566536017307323000

0.002836 0.999996 0.000000 487.826415 -0.999996 0.002836 -0.000000 -57.425848 -0.000000 0.000000 1.000000 0.000000 1566536017556357000

0.005750 0.999983 0.000000 487.864995 -0.999983 0.005750 -0.000000 -59.481739 -0.000000 0.000000 1.000000 0.000000 1566536017805754000

0.008889 0.999960 0.000000 487.873630 -0.999960 0.008889 -0.000000 -61.500614 -0.000000 0.000000 1.000000 0.000000 1566536018054305000

0.010466 0.999945 0.000000 487.868163 -0.999945 0.010466 -0.000000 -63.405855 -0.000000 0.000000 1.000000 0.000000 1566536018303673000

0.009639 0.999954 0.000000 487.933261 -0.999954 0.009639 -0.000000 -65.282574 -0.000000 0.000000 1.000000 0.000000 1566536018552555000

0.006028 0.999982 0.000000 487.955315 -0.999982 0.006028 -0.000000 -67.033372 -0.000000 0.000000 1.000000 0.000000 1566536018801991000

0.004174 0.999991 0.000000 487.958562 -0.999991 0.004174 -0.000000 -68.631295 -0.000000 0.000000 1.000000 0.000000 1566536019050252000

0.003206 0.999995 0.000000 487.983209 -0.999995 0.003206 -0.000000 -70.302910 -0.000000 0.000000 1.000000 0.000000 1566536019299339000

0.003320 0.999994 0.000000 487.964106 -0.999994 0.003320 -0.000000 -71.870298 -0.000000 0.000000 1.000000 0.000000 1566536019548497000

0.002269 0.999997 0.000000 488.001587 -0.999997 0.002269 -0.000000 -73.480874 -0.000000 0.000000 1.000000 0.000000 1566536019798071000

0.002910 0.999996 0.000000 487.962239 -0.999996 0.002910 -0.000000 -75.008587 -0.000000 0.000000 1.000000 0.000000 1566536020047204000

0.002631 0.999997 0.000000 488.083180 -0.999997 0.002631 -0.000000 -78.104771 -0.000000 0.000000 1.000000 0.000000 1566536020546273000

0.008151 0.999967 0.000000 488.001865 -0.999967 0.008151 -0.000000 -79.817472 -0.000000 0.000000 1.000000 0.000000 1566536020794829000

0.011907 0.999929 0.000000 488.073649 -0.999929 0.011907 -0.000000 -82.802974 -0.000000 0.000000 1.000000 0.000000 1566536021294407000

0.014179 0.999899 0.000000 488.058545 -0.999899 0.014179 -0.000000 -84.408623 -0.000000 0.000000 1.000000 0.000000 1566536021543006000

0.013972 0.999902 0.000000 488.115546 -0.999902 0.013972 -0.000000 -86.104798 -0.000000 0.000000 1.000000 0.000000 1566536021793309000

0.014684 0.999892 0.000000 488.153652 -0.999892 0.014684 -0.000000 -87.724085 -0.000000 0.000000 1.000000 0.000000 1566536022043092000

0.014345 0.999897 0.000000 488.221028 -0.999897 0.014345 -0.000000 -89.405558 -0.000000 0.000000 1.000000 0.000000 1566536022291566000

0.014830 0.999890 0.000000 488.235892 -0.999890 0.014830 -0.000000 -91.082101 -0.000000 0.000000 1.000000 0.000000 1566536022540983000

