0.999303 -0.037333 0.000000 3.309691 0.037333 0.999303 0.000000 0.138550 0.000000 0.000000 1.000000 0.000000
0.999216 -0.039601 0.000000 3.963260 0.039601 0.999216 0.000000 0.220065 0.000000 0.000000 1.000000 0.000000
0.999188 -0.040294 0.000000 4.741943 0.040294 0.999188 0.000000 0.200157 0.000000 0.000000 1.000000 0.000000
0.999086 -0.042756 0.000000 5.624951 0.042756 0.999086 0.000000 0.302737 0.000000 0.000000 1.000000 0.000000
0.998969 -0.045408 0.000000 6.541514 0.045408 0.998969 0.000000 0.337389 0.000000 0.000000 1.000000 0.000000
0.998872 -0.047478 0.000000 7.515948 0.047478 0.998872 0.000000 0.449103 0.000000 0.000000 1.000000 0.000000
0.998691 -0.051141 0.000000 8.619225 0.051141 0.998691 0.000000 0.451421 0.000000 0.000000 1.000000 0.000000
0.998553 -0.053780 0.000000 9.719140 0.053780 0.998553 0.000000 0.570767 0.000000 0.000000 1.000000 0.000000
0.998410 -0.056376 0.000000 10.903850 0.056376 0.998410 0.000000 0.647669 0.000000 0.000000 1.000000 0.000000
0.998192 -0.060111 0.000000 12.215686 0.060111 0.998192 0.000000 0.721047 0.000000 0.000000 1.000000 0.000000
0.997966 -0.063748 0.000000 13.556726 0.063748 0.997966 0.000000 0.808565 0.000000 0.000000 1.000000 0.000000
0.997921 -0.064452 0.000000 14.900272 0.064452 0.997921 0.000000 0.916680 0.000000 0.000000 1.000000 0.000000
0.997836 -0.065750 0.000000 16.449541 0.065750 0.997836 0.000000 1.002183 0.000000 0.000000 1.000000 0.000000
0.997708 -0.067663 0.000000 18.021505 0.067663 0.997708 0.000000 1.148523 0.000000 0.000000 1.000000 0.000000
0.997583 -0.069492 0.000000 19.596862 0.069492 0.997583 0.000000 1.276335 0.000000 0.000000 1.000000 0.000000
0.997754 -0.066985 0.000000 21.304429 0.066985 0.997754 0.000000 1.451457 0.000000 0.000000 1.000000 0.000000
0.997826 -0.065901 0.000000 23.104561 0.065901 0.997826 0.000000 1.511916 0.000000 0.000000 1.000000 0.000000
0.998128 -0.061168 0.000000 24.900245 0.061168 0.998128 0.000000 1.654219 0.000000 0.000000 1.000000 0.000000
0.998301 -0.058264 0.000000 26.782630 0.058264 0.998301 0.000000 1.743043 0.000000 0.000000 1.000000 0.000000
0.998623 -0.052456 0.000000 28.748032 0.052456 0.998623 0.000000 1.885336 0.000000 0.000000 1.000000 0.000000
0.998758 -0.049821 0.000000 30.737273 0.049821 0.998758 0.000000 1.961712 0.000000 0.000000 1.000000 0.000000
0.998786 -0.049256 0.000000 32.830987 0.049256 0.998786 0.000000 2.049781 0.000000 0.000000 1.000000 0.000000
0.998760 -0.049776 0.000000 35.004040 0.049776 0.998760 0.000000 2.180714 0.000000 0.000000 1.000000 0.000000
0.998706 -0.050858 0.000000 37.177319 0.050858 0.998706 0.000000 2.239857 0.000000 0.000000 1.000000 0.000000
0.998623 -0.052454 0.000000 39.422260 0.052454 0.998623 0.000000 2.375930 0.000000 0.000000 1.000000 0.000000
0.998429 -0.056038 0.000000 41.717676 0.056038 0.998429 0.000000 2.494914 0.000000 0.000000 1.000000 0.000000
0.998143 -0.060922 0.000000 44.056002 0.060922 0.998143 0.000000 2.652581 0.000000 0.000000 1.000000 0.000000
0.997722 -0.067455 0.000000 46.469447 0.067455 0.997722 0.000000 2.780910 0.000000 0.000000 1.000000 0.000000
0.997096 -0.076149 0.000000 48.944234 0.076149 0.997096 0.000000 2.975339 0.000000 0.000000 1.000000 0.000000
0.996264 -0.086355 0.000000 51.393238 0.086355 0.996264 0.000000 3.161706 0.000000 0.000000 1.000000 0.000000
0.995292 -0.096918 0.000000 53.947615 0.096918 0.995292 0.000000 3.454192 0.000000 0.000000 1.000000 0.000000
0.993838 -0.110840 0.000000 56.569387 0.110840 0.993838 0.000000 3.706032 0.000000 0.000000 1.000000 0.000000
0.992370 -0.123294 0.000000 59.238643 0.123294 0.992370 0.000000 4.093972 0.000000 0.000000 1.000000 0.000000
0.990631 -0.136568 0.000000 61.902584 0.136568 0.990631 0.000000 4.421401 0.000000 0.000000 1.000000 0.000000
0.989069 -0.147456 0.000000 64.614721 0.147456 0.989069 0.000000 4.864576 0.000000 0.000000 1.000000 0.000000
0.988099 -0.153817 0.000000 67.394625 0.153817 0.988099 0.000000 5.325490 0.000000 0.000000 1.000000 0.000000
0.987326 -0.158708 0.000000 70.227894 0.158708 0.987326 0.000000 5.730681 0.000000 0.000000 1.000000 0.000000
0.986942 -0.161075 0.000000 73.082055 0.161075 0.986942 0.000000 6.216206 0.000000 0.000000 1.000000 0.000000
0.987121 -0.159976 0.000000 76.002156 0.159976 0.987121 0.000000 6.700058 0.000000 0.000000 1.000000 0.000000
0.988052 -0.154119 0.000000 78.984175 0.154119 0.988052 0.000000 7.153403 0.000000 0.000000 1.000000 0.000000
0.988742 -0.149633 0.000000 81.941683 0.149633 0.988742 0.000000 7.479909 0.000000 0.000000 1.000000 0.000000
0.989696 -0.143183 0.000000 85.102087 0.143183 0.989696 0.000000 8.003588 0.000000 0.000000 1.000000 0.000000
0.990499 -0.137522 0.000000 88.141171 0.137522 0.990499 0.000000 8.428442 0.000000 0.000000 1.000000 0.000000
0.991290 -0.131695 0.000000 91.176697 0.131695 0.991290 0.000000 8.821148 0.000000 0.000000 1.000000 0.000000
0.991906 -0.126978 0.000000 94.390575 0.126978 0.991906 0.000000 9.205455 0.000000 0.000000 1.000000 0.000000
0.992085 -0.125569 0.000000 97.566193 0.125569 0.992085 0.000000 9.621272 0.000000 0.000000 1.000000 0.000000
0.992523 -0.122055 0.000000 100.714251 0.122055 0.992523 0.000000 9.990370 0.000000 0.000000 1.000000 0.000000
0.992623 -0.121243 0.000000 103.847310 0.121243 0.992623 0.000000 10.368643 0.000000 0.000000 1.000000 0.000000
0.992907 -0.118893 0.000000 107.132301 0.118893 0.992907 0.000000 10.854500 0.000000 0.000000 1.000000 0.000000
0.992860 -0.119283 0.000000 110.220577 0.119283 0.992860 0.000000 11.176265 0.000000 0.000000 1.000000 0.000000
0.993178 -0.116607 0.000000 113.405152 0.116607 0.993178 0.000000 11.581375 0.000000 0.000000 1.000000 0.000000
0.993405 -0.114658 0.000000 116.555311 0.114658 0.993405 0.000000 11.883582 0.000000 0.000000 1.000000 0.000000
0.993811 -0.111085 0.000000 119.639179 0.111085 0.993811 0.000000 12.301612 0.000000 0.000000 1.000000 0.000000
0.993926 -0.110048 0.000000 122.757865 0.110048 0.993926 0.000000 12.670390 0.000000 0.000000 1.000000 0.000000
0.993751 -0.111623 0.000000 125.876017 0.111623 0.993751 0.000000 12.975686 0.000000 0.000000 1.000000 0.000000
0.993606 -0.112906 0.000000 129.010860 0.112906 0.993606 0.000000 13.386666 0.000000 0.000000 1.000000 0.000000
0.993412 -0.114596 0.000000 132.126229 0.114596 0.993412 0.000000 13.728158 0.000000 0.000000 1.000000 0.000000
0.993406 -0.114646 0.000000 135.195197 0.114646 0.993406 0.000000 14.082066 0.000000 0.000000 1.000000 0.000000
0.993432 -0.114425 0.000000 138.331926 0.114425 0.993432 0.000000 14.491584 0.000000 0.000000 1.000000 0.000000
0.993716 -0.111929 0.000000 141.451103 0.111929 0.993716 0.000000 14.809552 0.000000 0.000000 1.000000 0.000000
0.993953 -0.109808 0.000000 144.527502 0.109808 0.993953 0.000000 15.190372 0.000000 0.000000 1.000000 0.000000
0.993926 -0.110054 0.000000 147.570077 0.110054 0.993926 0.000000 15.574516 0.000000 0.000000 1.000000 0.000000
0.993788 -0.111293 0.000000 150.719182 0.111293 0.993788 0.000000 15.872378 0.000000 0.000000 1.000000 0.000000
0.993819 -0.111013 0.000000 153.814280 0.111013 0.993819 0.000000 16.258607 0.000000 0.000000 1.000000 0.000000
0.993860 -0.110647 0.000000 156.934805 0.110647 0.993860 0.000000 16.611984 0.000000 0.000000 1.000000 0.000000
0.994241 -0.107169 0.000000 160.013012 0.107169 0.994241 0.000000 16.916520 0.000000 0.000000 1.000000 0.000000
0.994298 -0.106635 0.000000 163.079793 0.106635 0.994298 0.000000 17.319667 0.000000 0.000000 1.000000 0.000000
0.994287 -0.106744 0.000000 166.103615 0.106744 0.994287 0.000000 17.657773 0.000000 0.000000 1.000000 0.000000
0.994030 -0.109109 0.000000 169.240377 0.109109 0.994030 0.000000 17.968678 0.000000 0.000000 1.000000 0.000000
0.993983 -0.109537 0.000000 172.261620 0.109537 0.993983 0.000000 18.321511 0.000000 0.000000 1.000000 0.000000
0.993860 -0.110647 0.000000 175.349794 0.110647 0.993860 0.000000 18.689933 0.000000 0.000000 1.000000 0.000000
0.993901 -0.110272 0.000000 178.453037 0.110272 0.993901 0.000000 19.080548 0.000000 0.000000 1.000000 0.000000
0.993738 -0.111737 0.000000 181.512051 0.111737 0.993738 0.000000 19.422439 0.000000 0.000000 1.000000 0.000000
0.993765 -0.111493 0.000000 184.587254 0.111493 0.993765 0.000000 19.834254 0.000000 0.000000 1.000000 0.000000
0.993727 -0.111835 0.000000 187.692281 0.111835 0.993727 0.000000 20.134683 0.000000 0.000000 1.000000 0.000000
0.993843 -0.110797 0.000000 190.834044 0.110797 0.993843 0.000000 20.534533 0.000000 0.000000 1.000000 0.000000
0.994041 -0.109007 0.000000 193.880007 0.109007 0.994041 0.000000 20.922302 0.000000 0.000000 1.000000 0.000000
0.994117 -0.108313 0.000000 197.012344 0.108313 0.994117 0.000000 21.254616 0.000000 0.000000 1.000000 0.000000
0.994321 -0.106424 0.000000 200.110481 0.106424 0.994321 0.000000 21.597607 0.000000 0.000000 1.000000 0.000000
0.994398 -0.105703 0.000000 203.224395 0.105703 0.994398 0.000000 21.949916 0.000000 0.000000 1.000000 0.000000
0.994043 -0.108993 0.000000 206.354293 0.108993 0.994043 0.000000 22.354285 0.000000 0.000000 1.000000 0.000000
0.993745 -0.111673 0.000000 209.482378 0.111673 0.993745 0.000000 22.719212 0.000000 0.000000 1.000000 0.000000
0.993744 -0.111678 0.000000 212.602549 0.111678 0.993744 0.000000 23.088167 0.000000 0.000000 1.000000 0.000000
0.993758 -0.111553 0.000000 215.729469 0.111553 0.993758 0.000000 23.465325 0.000000 0.000000 1.000000 0.000000
0.993858 -0.110667 0.000000 218.833764 0.110667 0.993858 0.000000 23.811538 0.000000 0.000000 1.000000 0.000000
0.993922 -0.110086 0.000000 221.933947 0.110086 0.993922 0.000000 24.174764 0.000000 0.000000 1.000000 0.000000
0.994114 -0.108339 0.000000 225.027014 0.108339 0.994114 0.000000 24.530132 0.000000 0.000000 1.000000 0.000000
0.994474 -0.104986 0.000000 228.113482 0.104986 0.994474 0.000000 24.946009 0.000000 0.000000 1.000000 0.000000
0.994975 -0.100128 0.000000 231.209170 0.100128 0.994975 0.000000 25.239199 0.000000 0.000000 1.000000 0.000000
0.995164 -0.098228 0.000000 234.158128 0.098228 0.995164 0.000000 25.545772 0.000000 0.000000 1.000000 0.000000
0.995167 -0.098197 0.000000 237.164980 0.098197 0.995167 0.000000 25.851796 0.000000 0.000000 1.000000 0.000000
0.995316 -0.096673 0.000000 240.197266 0.096673 0.995316 0.000000 26.152700 0.000000 0.000000 1.000000 0.000000
0.995050 -0.099379 0.000000 243.199875 0.099379 0.995050 0.000000 26.493862 0.000000 0.000000 1.000000 0.000000
0.994975 -0.100119 0.000000 246.259999 0.100119 0.994975 0.000000 26.802084 0.000000 0.000000 1.000000 0.000000
0.994850 -0.101356 0.000000 249.310150 0.101356 0.994850 0.000000 27.133157 0.000000 0.000000 1.000000 0.000000
0.994842 -0.101439 0.000000 252.320284 0.101439 0.994842 0.000000 27.488942 0.000000 0.000000 1.000000 0.000000
0.994401 -0.105673 0.000000 255.367156 0.105673 0.994401 0.000000 27.829827 0.000000 0.000000 1.000000 0.000000
0.993909 -0.110201 0.000000 258.427129 0.110201 0.993909 0.000000 28.140103 0.000000 0.000000 1.000000 0.000000
0.993407 -0.114642 0.000000 261.528750 0.114642 0.993407 0.000000 28.433458 0.000000 0.000000 1.000000 0.000000
0.993157 -0.116783 0.000000 264.524270 0.116783 0.993157 0.000000 28.874101 0.000000 0.000000 1.000000 0.000000
0.993088 -0.117368 0.000000 267.533750 0.117368 0.993088 0.000000 29.188947 0.000000 0.000000 1.000000 0.000000
0.993415 -0.114572 0.000000 270.561317 0.114572 0.993415 0.000000 29.502622 0.000000 0.000000 1.000000 0.000000
0.993737 -0.111748 0.000000 273.470556 0.111748 0.993737 0.000000 29.858249 0.000000 0.000000 1.000000 0.000000
0.994063 -0.108810 0.000000 276.401710 0.108810 0.994063 0.000000 30.191452 0.000000 0.000000 1.000000 0.000000
0.994211 -0.107442 0.000000 279.335705 0.107442 0.994211 0.000000 30.521417 0.000000 0.000000 1.000000 0.000000
0.994316 -0.106467 0.000000 282.247304 0.106467 0.994316 0.000000 30.777426 0.000000 0.000000 1.000000 0.000000
0.994276 -0.106846 0.000000 285.172315 0.106846 0.994276 0.000000 31.151334 0.000000 0.000000 1.000000 0.000000
0.994364 -0.106019 0.000000 288.100568 0.106019 0.994364 0.000000 31.466886 0.000000 0.000000 1.000000 0.000000
0.994427 -0.105429 0.000000 291.041468 0.105429 0.994427 0.000000 31.787504 0.000000 0.000000 1.000000 0.000000
0.994462 -0.105100 0.000000 293.969865 0.105100 0.994462 0.000000 32.064482 0.000000 0.000000 1.000000 0.000000
0.994664 -0.103163 0.000000 296.856474 0.103163 0.994664 0.000000 32.428075 0.000000 0.000000 1.000000 0.000000
0.994680 -0.103015 0.000000 299.755239 0.103015 0.994680 0.000000 32.701169 0.000000 0.000000 1.000000 0.000000
0.994738 -0.102451 0.000000 302.679376 0.102451 0.994738 0.000000 33.061234 0.000000 0.000000 1.000000 0.000000
0.994719 -0.102636 0.000000 305.623364 0.102636 0.994719 0.000000 33.384513 0.000000 0.000000 1.000000 0.000000
0.994857 -0.101292 0.000000 308.551899 0.101292 0.994857 0.000000 33.634307 0.000000 0.000000 1.000000 0.000000
0.994901 -0.100856 0.000000 311.595411 0.100856 0.994901 0.000000 34.046016 0.000000 0.000000 1.000000 0.000000
0.994814 -0.101708 0.000000 314.611495 0.101708 0.994814 0.000000 34.346462 0.000000 0.000000 1.000000 0.000000
0.994633 -0.103462 0.000000 317.650985 0.103462 0.994633 0.000000 34.733549 0.000000 0.000000 1.000000 0.000000
0.994585 -0.103929 0.000000 320.713112 0.103929 0.994585 0.000000 35.026191 0.000000 0.000000 1.000000 0.000000
0.994621 -0.103585 0.000000 323.838724 0.103585 0.994621 0.000000 35.348947 0.000000 0.000000 1.000000 0.000000
0.994538 -0.104378 0.000000 326.926022 0.104378 0.994538 0.000000 35.755695 0.000000 0.000000 1.000000 0.000000
0.994550 -0.104261 0.000000 330.058917 0.104261 0.994550 0.000000 36.168332 0.000000 0.000000 1.000000 0.000000
0.994590 -0.103876 0.000000 333.210460 0.103876 0.994590 0.000000 36.463196 0.000000 0.000000 1.000000 0.000000
0.994621 -0.103581 0.000000 336.445786 0.103581 0.994621 0.000000 36.788965 0.000000 0.000000 1.000000 0.000000
0.994568 -0.104084 0.000000 339.723189 0.104084 0.994568 0.000000 37.151144 0.000000 0.000000 1.000000 0.000000
0.994544 -0.104316 0.000000 342.983477 0.104316 0.994544 0.000000 37.496466 0.000000 0.000000 1.000000 0.000000
0.994426 -0.105440 0.000000 346.272029 0.105440 0.994426 0.000000 37.810066 0.000000 0.000000 1.000000 0.000000
0.994420 -0.105498 0.000000 349.552048 0.105498 0.994420 0.000000 38.212096 0.000000 0.000000 1.000000 0.000000
0.994357 -0.106087 0.000000 352.926273 0.106087 0.994357 0.000000 38.572408 0.000000 0.000000 1.000000 0.000000
0.994259 -0.107003 0.000000 356.279658 0.107003 0.994259 0.000000 38.946668 0.000000 0.000000 1.000000 0.000000
0.994288 -0.106734 0.000000 359.703367 0.106734 0.994288 0.000000 39.315699 0.000000 0.000000 1.000000 0.000000
0.994307 -0.106555 0.000000 363.143974 0.106555 0.994307 0.000000 39.680870 0.000000 0.000000 1.000000 0.000000
0.994353 -0.106121 0.000000 366.619284 0.106121 0.994353 0.000000 40.093914 0.000000 0.000000 1.000000 0.000000
0.994494 -0.104794 0.000000 370.058361 0.104794 0.994494 0.000000 40.456197 0.000000 0.000000 1.000000 0.000000
0.994572 -0.104055 0.000000 373.617780 0.104055 0.994572 0.000000 40.780183 0.000000 0.000000 1.000000 0.000000
0.994696 -0.102856 0.000000 377.124393 0.102856 0.994696 0.000000 41.273797 0.000000 0.000000 1.000000 0.000000
0.994802 -0.101830 0.000000 380.687768 0.101830 0.994802 0.000000 41.678535 0.000000 0.000000 1.000000 0.000000
0.994889 -0.100972 0.000000 384.249647 0.100972 0.994889 0.000000 42.017060 0.000000 0.000000 1.000000 0.000000
0.995011 -0.099766 0.000000 387.885931 0.099766 0.995011 0.000000 42.431580 0.000000 0.000000 1.000000 0.000000
0.995037 -0.099510 0.000000 391.451262 0.099510 0.995037 0.000000 42.755762 0.000000 0.000000 1.000000 0.000000
0.994939 -0.100480 0.000000 395.068966 0.100480 0.994939 0.000000 43.167874 0.000000 0.000000 1.000000 0.000000
0.994952 -0.100355 0.000000 398.711343 0.100355 0.994952 0.000000 43.494272 0.000000 0.000000 1.000000 0.000000
0.994892 -0.100949 0.000000 402.262520 0.100949 0.994892 0.000000 43.901965 0.000000 0.000000 1.000000 0.000000
0.994943 -0.100443 0.000000 405.890213 0.100443 0.994943 0.000000 44.338871 0.000000 0.000000 1.000000 0.000000
0.994927 -0.100595 0.000000 409.469863 0.100595 0.994927 0.000000 44.709422 0.000000 0.000000 1.000000 0.000000
0.994744 -0.102389 0.000000 413.064663 0.102389 0.994744 0.000000 45.047088 0.000000 0.000000 1.000000 0.000000
0.994456 -0.105149 0.000000 416.650763 0.105149 0.994456 0.000000 45.453115 0.000000 0.000000 1.000000 0.000000
0.994199 -0.107556 0.000000 420.293428 0.107556 0.994199 0.000000 45.860096 0.000000 0.000000 1.000000 0.000000
0.994191 -0.107628 0.000000 423.924065 0.107628 0.994191 0.000000 46.260288 0.000000 0.000000 1.000000 0.000000
0.994354 -0.106112 0.000000 427.538875 0.106112 0.994354 0.000000 46.652207 0.000000 0.000000 1.000000 0.000000
0.994379 -0.105881 0.000000 431.180787 0.105881 0.994379 0.000000 46.997970 0.000000 0.000000 1.000000 0.000000
0.994428 -0.105417 0.000000 434.853983 0.105417 0.994428 0.000000 47.414848 0.000000 0.000000 1.000000 0.000000
0.994480 -0.104922 0.000000 438.459784 0.104922 0.994480 0.000000 47.792390 0.000000 0.000000 1.000000 0.000000
0.994492 -0.104814 0.000000 442.099121 0.104814 0.994492 0.000000 48.247013 0.000000 0.000000 1.000000 0.000000
0.994601 -0.103777 0.000000 445.785990 0.103777 0.994601 0.000000 48.584720 0.000000 0.000000 1.000000 0.000000
0.994647 -0.103326 0.000000 449.421869 0.103326 0.994647 0.000000 48.930629 0.000000 0.000000 1.000000 0.000000
0.994750 -0.102333 0.000000 453.107828 0.102333 0.994750 0.000000 49.345824 0.000000 0.000000 1.000000 0.000000
0.994905 -0.100814 0.000000 456.837609 0.100814 0.994905 0.000000 49.779458 0.000000 0.000000 1.000000 0.000000
0.995029 -0.099590 0.000000 460.501035 0.099590 0.995029 0.000000 50.125972 0.000000 0.000000 1.000000 0.000000
0.994850 -0.101361 0.000000 464.257433 0.101361 0.994850 0.000000 50.498232 0.000000 0.000000 1.000000 0.000000
0.994972 -0.100154 0.000000 467.946470 0.100154 0.994972 0.000000 50.924144 0.000000 0.000000 1.000000 0.000000
0.994839 -0.101462 0.000000 471.650977 0.101462 0.994839 0.000000 51.277395 0.000000 0.000000 1.000000 0.000000
0.994711 -0.102714 0.000000 475.407010 0.102714 0.994711 0.000000 51.722878 0.000000 0.000000 1.000000 0.000000
0.994546 -0.104301 0.000000 479.123114 0.104301 0.994546 0.000000 52.087162 0.000000 0.000000 1.000000 0.000000
0.994374 -0.105924 0.000000 482.861144 0.105924 0.994374 0.000000 52.521152 0.000000 0.000000 1.000000 0.000000
0.994185 -0.107682 0.000000 486.626985 0.107682 0.994185 0.000000 52.865391 0.000000 0.000000 1.000000 0.000000
0.994090 -0.108563 0.000000 490.346520 0.108563 0.994090 0.000000 53.356549 0.000000 0.000000 1.000000 0.000000
0.994066 -0.108775 0.000000 494.067144 0.108775 0.994066 0.000000 53.727012 0.000000 0.000000 1.000000 0.000000
0.994101 -0.108459 0.000000 497.706774 0.108459 0.994101 0.000000 54.212439 0.000000 0.000000 1.000000 0.000000
0.994393 -0.105744 0.000000 501.368589 0.105744 0.994393 0.000000 54.588328 0.000000 0.000000 1.000000 0.000000
0.994467 -0.105047 0.000000 504.987047 0.105047 0.994467 0.000000 54.983229 0.000000 0.000000 1.000000 0.000000
0.994496 -0.104776 0.000000 508.631857 0.104776 0.994496 0.000000 55.393289 0.000000 0.000000 1.000000 0.000000
0.994448 -0.105233 0.000000 512.244885 0.105233 0.994448 0.000000 55.815351 0.000000 0.000000 1.000000 0.000000
0.994525 -0.104504 0.000000 515.884484 0.104504 0.994525 0.000000 56.253209 0.000000 0.000000 1.000000 0.000000
0.994584 -0.103931 0.000000 519.445972 0.103931 0.994584 0.000000 56.619323 0.000000 0.000000 1.000000 0.000000
0.994518 -0.104561 0.000000 523.022882 0.104561 0.994518 0.000000 57.015833 0.000000 0.000000 1.000000 0.000000
0.994416 -0.105529 0.000000 526.636554 0.105529 0.994416 0.000000 57.456664 0.000000 0.000000 1.000000 0.000000
0.994313 -0.106496 0.000000 530.251343 0.106496 0.994313 0.000000 57.900172 0.000000 0.000000 1.000000 0.000000
0.994284 -0.106765 0.000000 533.840373 0.106765 0.994284 0.000000 58.275821 0.000000 0.000000 1.000000 0.000000
0.994240 -0.107178 0.000000 537.451408 0.107178 0.994240 0.000000 58.703834 0.000000 0.000000 1.000000 0.000000
0.994083 -0.108627 0.000000 541.053471 0.108627 0.994083 0.000000 59.078184 0.000000 0.000000 1.000000 0.000000
0.994260 -0.106988 0.000000 544.611410 0.106988 0.994260 0.000000 59.550411 0.000000 0.000000 1.000000 0.000000
0.994162 -0.107901 0.000000 548.244558 0.107901 0.994162 0.000000 59.933469 0.000000 0.000000 1.000000 0.000000
0.994048 -0.108946 0.000000 551.877912 0.108946 0.994048 0.000000 60.321603 0.000000 0.000000 1.000000 0.000000
0.994150 -0.108010 0.000000 555.486703 0.108010 0.994150 0.000000 60.709555 0.000000 0.000000 1.000000 0.000000
0.994320 -0.106430 0.000000 559.119728 0.106430 0.994320 0.000000 61.113084 0.000000 0.000000 1.000000 0.000000
0.994370 -0.105963 0.000000 562.702594 0.105963 0.994370 0.000000 61.525371 0.000000 0.000000 1.000000 0.000000
0.994454 -0.105168 0.000000 566.380653 0.105168 0.994454 0.000000 61.931867 0.000000 0.000000 1.000000 0.000000
0.994481 -0.104920 0.000000 569.982436 0.104920 0.994481 0.000000 62.285737 0.000000 0.000000 1.000000 0.000000
0.994414 -0.105553 0.000000 573.592921 0.105553 0.994414 0.000000 62.702109 0.000000 0.000000 1.000000 0.000000
0.994385 -0.105821 0.000000 577.224052 0.105821 0.994385 0.000000 63.069733 0.000000 0.000000 1.000000 0.000000
0.994303 -0.106587 0.000000 580.932262 0.106587 0.994303 0.000000 63.477519 0.000000 0.000000 1.000000 0.000000
0.994275 -0.106849 0.000000 584.586341 0.106849 0.994275 0.000000 63.874908 0.000000 0.000000 1.000000 0.000000
0.994302 -0.106597 0.000000 588.246392 0.106597 0.994302 0.000000 64.308009 0.000000 0.000000 1.000000 0.000000
0.994591 -0.103870 0.000000 591.970345 0.103870 0.994591 0.000000 64.743099 0.000000 0.000000 1.000000 0.000000
0.994589 -0.103884 0.000000 595.678965 0.103884 0.994589 0.000000 65.147604 0.000000 0.000000 1.000000 0.000000
0.995195 -0.097918 0.000000 599.411597 0.097918 0.995195 0.000000 65.531663 0.000000 0.000000 1.000000 0.000000
0.995211 -0.097755 0.000000 603.146135 0.097755 0.995211 0.000000 65.928185 0.000000 0.000000 1.000000 0.000000
0.995183 -0.098032 0.000000 606.880891 0.098032 0.995183 0.000000 66.263495 0.000000 0.000000 1.000000 0.000000
0.995040 -0.099477 0.000000 610.631507 0.099477 0.995040 0.000000 66.683679 0.000000 0.000000 1.000000 0.000000
0.994842 -0.101439 0.000000 614.370743 0.101439 0.994842 0.000000 67.053617 0.000000 0.000000 1.000000 0.000000
0.994748 -0.102351 0.000000 618.147067 0.102351 0.994748 0.000000 67.429365 0.000000 0.000000 1.000000 0.000000
0.994581 -0.103968 0.000000 621.863571 0.103968 0.994581 0.000000 67.746769 0.000000 0.000000 1.000000 0.000000
0.994457 -0.105142 0.000000 625.597170 0.105142 0.994457 0.000000 68.169301 0.000000 0.000000 1.000000 0.000000
0.994604 -0.103740 0.000000 629.369838 0.103740 0.994604 0.000000 68.596054 0.000000 0.000000 1.000000 0.000000
0.994806 -0.101789 0.000000 633.185945 0.101789 0.994806 0.000000 68.943922 0.000000 0.000000 1.000000 0.000000
0.994909 -0.100781 0.000000 636.918817 0.100781 0.994909 0.000000 69.319091 0.000000 0.000000 1.000000 0.000000
0.994991 -0.099961 0.000000 640.728556 0.099961 0.994991 0.000000 69.701808 0.000000 0.000000 1.000000 0.000000
0.994964 -0.100236 0.000000 644.490462 0.100236 0.994964 0.000000 70.084697 0.000000 0.000000 1.000000 0.000000
0.995044 -0.099431 0.000000 648.308777 0.099431 0.995044 0.000000 70.480122 0.000000 0.000000 1.000000 0.000000
0.994740 -0.102431 0.000000 652.028369 0.102431 0.994740 0.000000 70.820428 0.000000 0.000000 1.000000 0.000000
0.994613 -0.103662 0.000000 655.760037 0.103662 0.994613 0.000000 71.205034 0.000000 0.000000 1.000000 0.000000
0.994602 -0.103762 0.000000 659.528258 0.103762 0.994602 0.000000 71.678578 0.000000 0.000000 1.000000 0.000000
0.994469 -0.105028 0.000000 663.193458 0.105028 0.994469 0.000000 72.099038 0.000000 0.000000 1.000000 0.000000
0.994308 -0.106541 0.000000 666.913549 0.106541 0.994308 0.000000 72.530551 0.000000 0.000000 1.000000 0.000000
0.994341 -0.106231 0.000000 670.553966 0.106231 0.994341 0.000000 72.934627 0.000000 0.000000 1.000000 0.000000
0.994565 -0.104119 0.000000 674.263444 0.104119 0.994565 0.000000 73.391419 0.000000 0.000000 1.000000 0.000000
0.994655 -0.103257 0.000000 678.007550 0.103257 0.994655 0.000000 73.796941 0.000000 0.000000 1.000000 0.000000
0.994703 -0.102792 0.000000 681.744697 0.102792 0.994703 0.000000 74.198152 0.000000 0.000000 1.000000 0.000000
0.994766 -0.102184 0.000000 685.453400 0.102184 0.994766 0.000000 74.528239 0.000000 0.000000 1.000000 0.000000
0.994801 -0.101840 0.000000 689.174778 0.101840 0.994801 0.000000 74.926555 0.000000 0.000000 1.000000 0.000000
0.994644 -0.103360 0.000000 692.969122 0.103360 0.994644 0.000000 75.265577 0.000000 0.000000 1.000000 0.000000
0.994771 -0.102131 0.000000 696.742556 0.102131 0.994771 0.000000 75.660615 0.000000 0.000000 1.000000 0.000000
0.994942 -0.100448 0.000000 700.421783 0.100448 0.994942 0.000000 76.016409 0.000000 0.000000 1.000000 0.000000
0.994958 -0.100295 0.000000 704.106820 0.100295 0.994958 0.000000 76.480348 0.000000 0.000000 1.000000 0.000000
0.994924 -0.100627 0.000000 707.861729 0.100627 0.994924 0.000000 76.789576 0.000000 0.000000 1.000000 0.000000
0.994959 -0.100286 0.000000 711.517845 0.100286 0.994959 0.000000 77.189820 0.000000 0.000000 1.000000 0.000000
0.994933 -0.100540 0.000000 715.238465 0.100540 0.994933 0.000000 77.549174 0.000000 0.000000 1.000000 0.000000
0.994845 -0.101412 0.000000 718.987972 0.101412 0.994845 0.000000 77.927652 0.000000 0.000000 1.000000 0.000000
0.994748 -0.102353 0.000000 722.722708 0.102353 0.994748 0.000000 78.300096 0.000000 0.000000 1.000000 0.000000
0.994690 -0.102914 0.000000 726.440652 0.102914 0.994690 0.000000 78.663760 0.000000 0.000000 1.000000 0.000000
0.994666 -0.103148 0.000000 730.099987 0.103148 0.994666 0.000000 79.097798 0.000000 0.000000 1.000000 0.000000
0.994851 -0.101348 0.000000 733.831455 0.101348 0.994851 0.000000 79.494612 0.000000 0.000000 1.000000 0.000000
0.994938 -0.100492 0.000000 737.536427 0.100492 0.994938 0.000000 79.810660 0.000000 0.000000 1.000000 0.000000
0.994976 -0.100115 0.000000 741.249374 0.100115 0.994976 0.000000 80.211981 0.000000 0.000000 1.000000 0.000000
0.994914 -0.100725 0.000000 744.926615 0.100725 0.994914 0.000000 80.593606 0.000000 0.000000 1.000000 0.000000
0.994814 -0.101714 0.000000 748.692410 0.101714 0.994814 0.000000 80.990152 0.000000 0.000000 1.000000 0.000000
0.994759 -0.102248 0.000000 752.371046 0.102248 0.994759 0.000000 81.361519 0.000000 0.000000 1.000000 0.000000
0.994731 -0.102516 0.000000 756.098744 0.102516 0.994731 0.000000 81.736590 0.000000 0.000000 1.000000 0.000000
0.994742 -0.102413 0.000000 759.742131 0.102413 0.994742 0.000000 82.192069 0.000000 0.000000 1.000000 0.000000
0.994870 -0.101166 0.000000 763.486068 0.101166 0.994870 0.000000 82.571523 0.000000 0.000000 1.000000 0.000000
0.994799 -0.101856 0.000000 767.261407 0.101856 0.994799 0.000000 82.953876 0.000000 0.000000 1.000000 0.000000
0.994790 -0.101947 0.000000 770.931981 0.101947 0.994790 0.000000 83.336272 0.000000 0.000000 1.000000 0.000000
0.994737 -0.102465 0.000000 774.677697 0.102465 0.994737 0.000000 83.620507 0.000000 0.000000 1.000000 0.000000
0.994721 -0.102616 0.000000 778.405182 0.102616 0.994721 0.000000 84.069526 0.000000 0.000000 1.000000 0.000000
0.994701 -0.102809 0.000000 782.207328 0.102809 0.994701 0.000000 84.395560 0.000000 0.000000 1.000000 0.000000
0.994870 -0.101160 0.000000 785.850519 0.101160 0.994870 0.000000 84.867649 0.000000 0.000000 1.000000 0.000000
0.994627 -0.103523 0.000000 789.560008 0.103523 0.994627 0.000000 85.149509 0.000000 0.000000 1.000000 0.000000
0.994549 -0.104273 0.000000 793.372379 0.104273 0.994549 0.000000 85.512789 0.000000 0.000000 1.000000 0.000000
0.994718 -0.102644 0.000000 797.063523 0.102644 0.994718 0.000000 85.936647 0.000000 0.000000 1.000000 0.000000
0.994940 -0.100471 0.000000 800.734645 0.100471 0.994940 0.000000 86.301413 0.000000 0.000000 1.000000 0.000000
0.994972 -0.100150 0.000000 804.485593 0.100150 0.994972 0.000000 86.676015 0.000000 0.000000 1.000000 0.000000
0.994878 -0.101080 0.000000 808.237651 0.101080 0.994878 0.000000 86.954440 0.000000 0.000000 1.000000 0.000000
0.994971 -0.100167 0.000000 811.935462 0.100167 0.994971 0.000000 87.428313 0.000000 0.000000 1.000000 0.000000
0.995071 -0.099164 0.000000 815.629519 0.099164 0.995071 0.000000 87.819700 0.000000 0.000000 1.000000 0.000000
0.995108 -0.098797 0.000000 819.396320 0.098797 0.995108 0.000000 88.192908 0.000000 0.000000 1.000000 0.000000
0.995141 -0.098459 0.000000 823.139594 0.098459 0.995141 0.000000 88.521296 0.000000 0.000000 1.000000 0.000000
0.995103 -0.098843 0.000000 826.895088 0.098843 0.995103 0.000000 88.954681 0.000000 0.000000 1.000000 0.000000
0.994946 -0.100415 0.000000 830.646411 0.100415 0.994946 0.000000 89.256920 0.000000 0.000000 1.000000 0.000000
0.994862 -0.101242 0.000000 834.410900 0.101242 0.994862 0.000000 89.648242 0.000000 0.000000 1.000000 0.000000
0.994914 -0.100725 0.000000 838.105823 0.100725 0.994914 0.000000 90.070452 0.000000 0.000000 1.000000 0.000000
0.994898 -0.100882 0.000000 841.842500 0.100882 0.994898 0.000000 90.418914 0.000000 0.000000 1.000000 0.000000
0.994842 -0.101433 0.000000 845.561435 0.101433 0.994842 0.000000 90.873083 0.000000 0.000000 1.000000 0.000000
0.994931 -0.100562 0.000000 849.249773 0.100562 0.994931 0.000000 91.161538 0.000000 0.000000 1.000000 0.000000
0.994734 -0.102487 0.000000 852.920543 0.102487 0.994734 0.000000 91.571911 0.000000 0.000000 1.000000 0.000000
0.994770 -0.102137 0.000000 856.705481 0.102137 0.994770 0.000000 91.944332 0.000000 0.000000 1.000000 0.000000
0.994364 -0.106016 0.000000 860.474785 0.106016 0.994364 0.000000 92.317762 0.000000 0.000000 1.000000 0.000000
0.994656 -0.103240 0.000000 864.236948 0.103240 0.994656 0.000000 92.684242 0.000000 0.000000 1.000000 0.000000
0.994270 -0.106898 0.000000 867.900394 0.106898 0.994270 0.000000 93.068458 0.000000 0.000000 1.000000 0.000000
0.994626 -0.103536 0.000000 871.562185 0.103536 0.994626 0.000000 93.407028 0.000000 0.000000 1.000000 0.000000
0.994348 -0.106165 0.000000 875.360248 0.106165 0.994348 0.000000 93.779891 0.000000 0.000000 1.000000 0.000000
0.994327 -0.106365 0.000000 879.003948 0.106365 0.994327 0.000000 94.232649 0.000000 0.000000 1.000000 0.000000
0.994422 -0.105476 0.000000 882.625533 0.105476 0.994422 0.000000 94.636203 0.000000 0.000000 1.000000 0.000000
0.994619 -0.103596 0.000000 886.306117 0.103596 0.994619 0.000000 95.023837 0.000000 0.000000 1.000000 0.000000
0.995016 -0.099717 0.000000 889.911781 0.099717 0.995016 0.000000 95.461088 0.000000 0.000000 1.000000 0.000000
0.994830 -0.101559 0.000000 893.678876 0.101559 0.994830 0.000000 95.849050 0.000000 0.000000 1.000000 0.000000
0.994916 -0.100711 0.000000 897.344382 0.100711 0.994916 0.000000 96.280629 0.000000 0.000000 1.000000 0.000000
0.994792 -0.101929 0.000000 900.955541 0.101929 0.994792 0.000000 96.633576 0.000000 0.000000 1.000000 0.000000
0.994665 -0.103157 0.000000 904.708489 0.103157 0.994665 0.000000 97.013577 0.000000 0.000000 1.000000 0.000000
0.994856 -0.101300 0.000000 908.332584 0.101300 0.994856 0.000000 97.402339 0.000000 0.000000 1.000000 0.000000
0.994970 -0.100178 0.000000 912.073180 0.100178 0.994970 0.000000 97.747080 0.000000 0.000000 1.000000 0.000000
0.995052 -0.099351 0.000000 915.728126 0.099351 0.995052 0.000000 98.200247 0.000000 0.000000 1.000000 0.000000
0.995474 -0.095034 0.000000 919.418980 0.095034 0.995474 0.000000 98.503581 0.000000 0.000000 1.000000 0.000000
0.995295 -0.096893 0.000000 923.092131 0.096893 0.995295 0.000000 98.923378 0.000000 0.000000 1.000000 0.000000
0.995292 -0.096923 0.000000 926.738297 0.096923 0.995292 0.000000 99.151608 0.000000 0.000000 1.000000 0.000000
0.995120 -0.098674 0.000000 930.437921 0.098674 0.995120 0.000000 99.556339 0.000000 0.000000 1.000000 0.000000
0.995019 -0.099686 0.000000 934.109278 0.099686 0.995019 0.000000 99.845534 0.000000 0.000000 1.000000 0.000000
0.995024 -0.099633 0.000000 937.771735 0.099633 0.995024 0.000000 100.259317 0.000000 0.000000 1.000000 0.000000
0.995192 -0.097940 0.000000 941.399222 0.097940 0.995192 0.000000 100.673626 0.000000 0.000000 1.000000 0.000000
0.995273 -0.097115 0.000000 945.076323 0.097115 0.995273 0.000000 101.005753 0.000000 0.000000 1.000000 0.000000
0.995342 -0.096405 0.000000 948.821648 0.096405 0.995342 0.000000 101.382867 0.000000 0.000000 1.000000 0.000000
0.995432 -0.095476 0.000000 952.412064 0.095476 0.995432 0.000000 101.721287 0.000000 0.000000 1.000000 0.000000
0.995504 -0.094720 0.000000 956.086367 0.094720 0.995504 0.000000 102.040114 0.000000 0.000000 1.000000 0.000000
0.995658 -0.093085 0.000000 959.673527 0.093085 0.995658 0.000000 102.431721 0.000000 0.000000 1.000000 0.000000
0.995755 -0.092048 0.000000 963.388033 0.092048 0.995755 0.000000 102.759003 0.000000 0.000000 1.000000 0.000000
0.996318 -0.085737 0.000000 967.070699 0.085737 0.996318 0.000000 103.083748 0.000000 0.000000 1.000000 0.000000
0.996710 -0.081055 0.000000 970.730782 0.081055 0.996710 0.000000 103.356817 0.000000 0.000000 1.000000 0.000000
0.997154 -0.075385 0.000000 974.383483 0.075385 0.997154 0.000000 103.673444 0.000000 0.000000 1.000000 0.000000
0.997719 -0.067500 0.000000 978.035895 0.067500 0.997719 0.000000 103.956080 0.000000 0.000000 1.000000 0.000000
0.998127 -0.061184 0.000000 981.629592 0.061184 0.998127 0.000000 104.193227 0.000000 0.000000 1.000000 0.000000
0.998489 -0.054957 0.000000 985.291640 0.054957 0.998489 0.000000 104.357207 0.000000 0.000000 1.000000 0.000000
0.998947 -0.045884 0.000000 988.954630 0.045884 0.998947 0.000000 104.620480 0.000000 0.000000 1.000000 0.000000
0.999362 -0.035726 0.000000 992.640800 0.035726 0.999362 0.000000 104.792885 0.000000 0.000000 1.000000 0.000000
0.999604 -0.028155 0.000000 996.256280 0.028155 0.999604 0.000000 104.857746 0.000000 0.000000 1.000000 0.000000
0.999824 -0.018765 0.000000 999.947380 0.018765 0.999824 0.000000 104.953394 0.000000 0.000000 1.000000 0.000000
0.999913 -0.013187 0.000000 1003.599240 0.013187 0.999913 0.000000 105.041139 0.000000 0.000000 1.000000 0.000000
0.999908 -0.013588 0.000000 1007.264251 0.013588 0.999908 0.000000 105.043088 0.000000 0.000000 1.000000 0.000000
0.999912 -0.013237 0.000000 1010.955019 0.013237 0.999912 0.000000 105.109823 0.000000 0.000000 1.000000 0.000000
0.999909 -0.013519 0.000000 1014.539161 0.013519 0.999909 0.000000 105.156141 0.000000 0.000000 1.000000 0.000000
0.999940 -0.010941 0.000000 1018.177366 0.010941 0.999940 0.000000 105.296356 0.000000 0.000000 1.000000 0.000000
0.999975 -0.007141 0.000000 1021.826815 0.007141 0.999975 0.000000 105.272555 0.000000 0.000000 1.000000 0.000000
0.999999 -0.001511 0.000000 1025.515760 0.001511 0.999999 0.000000 105.311205 0.000000 0.000000 1.000000 0.000000
0.999998 0.002055 0.000000 1029.159177 -0.002055 0.999998 0.000000 105.320993 0.000000 0.000000 1.000000 0.000000
0.999995 0.003178 0.000000 1032.766200 -0.003178 0.999995 0.000000 105.270515 0.000000 0.000000 1.000000 0.000000
0.999995 0.003024 0.000000 1036.391669 -0.003024 0.999995 0.000000 105.272703 0.000000 0.000000 1.000000 0.000000
0.999995 0.003127 0.000000 1040.073681 -0.003127 0.999995 0.000000 105.271557 0.000000 0.000000 1.000000 0.000000
0.999996 0.002844 0.000000 1043.679944 -0.002844 0.999996 0.000000 105.285277 0.000000 0.000000 1.000000 0.000000
0.999999 0.001316 0.000000 1047.327638 -0.001316 0.999999 0.000000 105.252797 0.000000 0.000000 1.000000 0.000000
1.000000 -0.000848 0.000000 1050.955621 0.000848 1.000000 0.000000 105.254270 0.000000 0.000000 1.000000 0.000000
1.000000 -0.000877 0.000000 1054.520073 0.000877 1.000000 0.000000 105.278030 0.000000 0.000000 1.000000 0.000000
0.999997 -0.002449 0.000000 1058.206356 0.002449 0.999997 0.000000 105.304317 0.000000 0.000000 1.000000 0.000000
0.999992 -0.004113 0.000000 1061.769435 0.004113 0.999992 0.000000 105.344674 0.000000 0.000000 1.000000 0.000000
0.999990 -0.004504 0.000000 1065.441971 0.004504 0.999990 0.000000 105.337284 0.000000 0.000000 1.000000 0.000000
0.999997 -0.002575 0.000000 1069.015255 0.002575 0.999997 0.000000 105.331125 0.000000 0.000000 1.000000 0.000000
0.999999 0.001438 0.000000 1072.613894 -0.001438 0.999999 0.000000 105.355437 0.000000 0.000000 1.000000 0.000000
0.999994 0.003576 0.000000 1076.266304 -0.003576 0.999994 0.000000 105.344772 0.000000 0.000000 1.000000 0.000000
0.999978 0.006678 0.000000 1079.846829 -0.006678 0.999978 0.000000 105.334095 0.000000 0.000000 1.000000 0.000000
0.999937 0.011181 0.000000 1083.475014 -0.011181 0.999937 0.000000 105.341485 0.000000 0.000000 1.000000 0.000000
0.999926 0.012201 0.000000 1087.085911 -0.012201 0.999926 0.000000 105.298016 0.000000 0.000000 1.000000 0.000000
0.999945 0.010535 0.000000 1090.687965 -0.010535 0.999945 0.000000 105.302017 0.000000 0.000000 1.000000 0.000000
0.999950 0.010000 0.000000 1094.253522 -0.010000 0.999950 0.000000 105.304219 0.000000 0.000000 1.000000 0.000000
0.999967 0.008089 0.000000 1097.855139 -0.008089 0.999967 0.000000 105.219935 0.000000 0.000000 1.000000 0.000000
0.999985 0.005559 0.000000 1101.457005 -0.005559 0.999985 0.000000 105.217214 0.000000 0.000000 1.000000 0.000000
0.999990 0.004459 0.000000 1105.088822 -0.004459 0.999990 0.000000 105.207918 0.000000 0.000000 1.000000 0.000000
0.999994 0.003345 0.000000 1108.672432 -0.003345 0.999994 0.000000 105.224199 0.000000 0.000000 1.000000 0.000000
0.999996 0.002890 0.000000 1112.218277 -0.002890 0.999996 0.000000 105.225718 0.000000 0.000000 1.000000 0.000000
0.999996 0.002865 0.000000 1115.837969 -0.002865 0.999996 0.000000 105.246218 0.000000 0.000000 1.000000 0.000000
0.999997 0.002405 0.000000 1119.452603 -0.002405 0.999997 0.000000 105.242388 0.000000 0.000000 1.000000 0.000000
0.999997 0.002531 0.000000 1123.004062 -0.002531 0.999997 0.000000 105.259462 0.000000 0.000000 1.000000 0.000000
0.999999 0.001391 0.000000 1126.545166 -0.001391 0.999999 0.000000 105.208701 0.000000 0.000000 1.000000 0.000000
1.000000 0.000440 0.000000 1130.158493 -0.000440 1.000000 0.000000 105.230493 0.000000 0.000000 1.000000 0.000000
1.000000 -0.000288 0.000000 1133.725530 0.000288 1.000000 0.000000 105.219358 0.000000 0.000000 1.000000 0.000000
0.999997 -0.002625 0.000000 1137.288465 0.002625 0.999997 0.000000 105.223206 0.000000 0.000000 1.000000 0.000000
0.999995 -0.003178 0.000000 1140.836074 0.003178 0.999995 0.000000 105.254993 0.000000 0.000000 1.000000 0.000000
0.999997 -0.002267 0.000000 1144.401382 0.002267 0.999997 0.000000 105.289727 0.000000 0.000000 1.000000 0.000000
0.999997 0.002286 0.000000 1147.986284 -0.002286 0.999997 0.000000 105.303272 0.000000 0.000000 1.000000 0.000000
0.999994 0.003584 0.000000 1151.530604 -0.003584 0.999994 0.000000 105.243904 0.000000 0.000000 1.000000 0.000000
0.999991 0.004134 0.000000 1155.078649 -0.004134 0.999991 0.000000 105.278110 0.000000 0.000000 1.000000 0.000000
0.999995 0.003046 0.000000 1158.594671 -0.003046 0.999995 0.000000 105.279242 0.000000 0.000000 1.000000 0.000000
0.999991 0.004314 0.000000 1162.147889 -0.004314 0.999991 0.000000 105.240541 0.000000 0.000000 1.000000 0.000000
0.999973 0.007305 0.000000 1165.648368 -0.007305 0.999973 0.000000 105.221547 0.000000 0.000000 1.000000 0.000000
0.999977 0.006833 0.000000 1169.186916 -0.006833 0.999977 0.000000 105.182470 0.000000 0.000000 1.000000 0.000000
0.999972 0.007528 0.000000 1172.748095 -0.007528 0.999972 0.000000 105.164407 0.000000 0.000000 1.000000 0.000000
0.999954 0.009581 0.000000 1176.314775 -0.009581 0.999954 0.000000 105.154350 0.000000 0.000000 1.000000 0.000000
0.999952 0.009799 0.000000 1179.839747 -0.009799 0.999952 0.000000 105.085520 0.000000 0.000000 1.000000 0.000000
0.999941 0.010856 0.000000 1183.373380 -0.010856 0.999941 0.000000 105.093824 0.000000 0.000000 1.000000 0.000000
