1.000000 -0.000020 0.000000 0.422690 0.000020 1.000000 0.000000 -0.000189 0.000000 0.000000 1.000000 0.000000
1.000000 0.000058 0.000000 2.272488 -0.000058 1.000000 -0.000000 -0.000188 -0.000000 0.000000 1.000000 0.000000
1.000000 -0.000282 0.000000 3.815633 0.000282 1.000000 0.000000 0.000874 0.000000 0.000000 1.000000 0.000000
0.999998 -0.002103 0.000000 5.428259 0.002103 0.999998 0.000000 0.004143 0.000000 0.000000 1.000000 0.000000
0.999979 -0.006507 0.000000 7.041179 0.006507 0.999979 0.000000 0.012436 0.000000 0.000000 1.000000 0.000000
0.999900 -0.014114 0.000000 8.651409 0.014114 0.999900 0.000000 0.031075 0.000000 0.000000 1.000000 0.000000
0.999782 -0.020879 0.000000 10.215628 0.020879 0.999782 0.000000 0.060378 0.000000 0.000000 1.000000 0.000000
0.999616 -0.027704 0.000000 11.726632 0.027704 0.999616 0.000000 0.099175 0.000000 0.000000 1.000000 0.000000
0.999478 -0.032292 0.000000 13.623642 0.032292 0.999478 0.000000 0.160664 0.000000 0.000000 1.000000 0.000000
0.999370 -0.035491 0.000000 15.367493 0.035491 0.999370 0.000000 0.221069 0.000000 0.000000 1.000000 0.000000
0.998141 -0.060952 0.000000 16.953759 0.060952 0.998141 0.000000 0.295583 0.000000 0.000000 1.000000 0.000000
0.993709 -0.111992 0.000000 18.560006 0.111992 0.993709 0.000000 0.433953 0.000000 0.000000 1.000000 0.000000
0.984280 -0.176616 0.000000 20.399064 0.176616 0.984280 0.000000 0.702333 0.000000 0.000000 1.000000 0.000000
0.970639 -0.240541 0.000000 22.269607 0.240541 0.970639 0.000000 1.099523 0.000000 0.000000 1.000000 0.000000
0.950139 -0.311827 0.000000 24.506719 0.311827 0.950139 0.000000 1.741594 0.000000 0.000000 1.000000 0.000000
0.939709 -0.341975 0.000000 26.176618 0.341975 0.939709 0.000000 2.313433 0.000000 0.000000 1.000000 0.000000
0.938113 -0.346329 0.000000 27.956337 0.346329 0.938113 0.000000 2.960170 0.000000 0.000000 1.000000 0.000000
0.948228 -0.317590 0.000000 29.862329 0.317590 0.948228 0.000000 3.626507 0.000000 0.000000 1.000000 0.000000
0.962102 -0.272689 0.000000 31.906832 0.272689 0.962102 0.000000 4.255757 0.000000 0.000000 1.000000 0.000000
0.976088 -0.217378 0.000000 34.072093 0.217378 0.976088 0.000000 4.803594 0.000000 0.000000 1.000000 0.000000
0.987303 -0.158851 0.000000 36.379482 0.158851 0.987303 0.000000 5.245925 0.000000 0.000000 1.000000 0.000000
0.994353 -0.106125 0.000000 38.847798 0.106125 0.994353 0.000000 5.573629 0.000000 0.000000 1.000000 0.000000
0.997268 -0.073862 0.000000 41.448436 0.073862 0.997268 0.000000 5.806254 0.000000 0.000000 1.000000 0.000000
0.998327 -0.057824 0.000000 44.207399 0.057824 0.998327 0.000000 5.984615 0.000000 0.000000 1.000000 0.000000
0.998414 -0.056300 0.000000 47.066140 0.056300 0.998414 0.000000 6.146275 0.000000 0.000000 1.000000 0.000000
0.998196 -0.060032 0.000000 49.952684 0.060032 0.998196 0.000000 6.317016 0.000000 0.000000 1.000000 0.000000
0.997995 -0.063294 0.000000 52.865606 0.063294 0.997995 0.000000 6.499752 0.000000 0.000000 1.000000 0.000000
0.997796 -0.066359 0.000000 55.834051 0.066359 0.997796 0.000000 6.698315 0.000000 0.000000 1.000000 0.000000
0.997716 -0.067542 0.000000 57.337449 0.067542 0.997716 0.000000 6.801668 0.000000 0.000000 1.000000 0.000000
0.997631 -0.068794 0.000000 58.847157 0.068794 0.997631 0.000000 6.907242 0.000000 0.000000 1.000000 0.000000
0.997530 -0.070248 0.000000 60.370917 0.070248 0.997530 0.000000 7.017192 0.000000 0.000000 1.000000 0.000000
0.997254 -0.074061 0.000000 61.904657 0.074061 0.997254 0.000000 7.132506 0.000000 0.000000 1.000000 0.000000
0.996644 -0.081862 0.000000 63.444794 0.081862 0.996644 0.000000 7.256576 0.000000 0.000000 1.000000 0.000000
0.995863 -0.090870 0.000000 64.992274 0.090870 0.995863 0.000000 7.393527 0.000000 0.000000 1.000000 0.000000
0.994730 -0.102533 0.000000 66.591266 0.102533 0.994730 0.000000 7.551276 0.000000 0.000000 1.000000 0.000000
0.993459 -0.114191 0.000000 68.053760 0.114191 0.993459 0.000000 7.712631 0.000000 0.000000 1.000000 0.000000
0.991833 -0.127540 0.000000 69.561208 0.127540 0.991833 0.000000 7.897611 0.000000 0.000000 1.000000 0.000000
0.989680 -0.143293 0.000000 71.056827 0.143293 0.989680 0.000000 8.102581 0.000000 0.000000 1.000000 0.000000
0.984553 -0.175086 0.000000 74.006721 0.175086 0.984553 0.000000 8.582605 0.000000 0.000000 1.000000 0.000000
0.981648 -0.190703 0.000000 75.459804 0.190703 0.981648 0.000000 8.854845 0.000000 0.000000 1.000000 0.000000
0.975207 -0.221297 0.000000 78.307625 0.221297 0.975207 0.000000 9.457669 0.000000 0.000000 1.000000 0.000000
0.967798 -0.251729 0.000000 81.043916 0.251729 0.967798 0.000000 10.128042 0.000000 0.000000 1.000000 0.000000
0.958767 -0.284193 0.000000 83.692070 0.284193 0.958767 0.000000 10.867072 0.000000 0.000000 1.000000 0.000000
0.948670 -0.316267 0.000000 86.210254 0.316267 0.948670 0.000000 11.663905 0.000000 0.000000 1.000000 0.000000
0.935916 -0.352224 0.000000 88.649474 0.352224 0.935916 0.000000 12.527380 0.000000 0.000000 1.000000 0.000000
0.919985 -0.391953 0.000000 90.971176 0.391953 0.919985 0.000000 13.457710 0.000000 0.000000 1.000000 0.000000
0.900985 -0.433850 0.000000 93.189236 0.433850 0.900985 0.000000 14.463117 0.000000 0.000000 1.000000 0.000000
0.878858 -0.477084 0.000000 95.268185 0.477084 0.878858 0.000000 15.524205 0.000000 0.000000 1.000000 0.000000
0.853735 -0.520707 0.000000 97.222060 0.520707 0.853735 0.000000 16.650008 0.000000 0.000000 1.000000 0.000000
0.825860 -0.563875 0.000000 99.071064 0.563875 0.825860 0.000000 17.842044 0.000000 0.000000 1.000000 0.000000
0.788472 -0.615070 0.000000 100.812381 0.615070 0.788472 0.000000 19.110670 0.000000 0.000000 1.000000 0.000000
0.749217 -0.662325 0.000000 102.449434 0.662325 0.749217 0.000000 20.467314 0.000000 0.000000 1.000000 0.000000
0.724891 -0.688864 0.000000 103.990276 0.688864 0.724891 0.000000 21.882924 0.000000 0.000000 1.000000 0.000000
0.714661 -0.699470 0.000000 105.321339 0.699470 0.714661 0.000000 23.166165 0.000000 0.000000 1.000000 0.000000
0.715691 -0.698417 0.000000 106.339620 0.698417 0.715691 0.000000 24.158369 0.000000 0.000000 1.000000 0.000000
0.719601 -0.694387 0.000000 107.478983 0.694387 0.719601 0.000000 25.259605 0.000000 0.000000 1.000000 0.000000
0.725969 -0.687728 0.000000 108.765543 0.687728 0.725969 0.000000 26.481851 0.000000 0.000000 1.000000 0.000000
0.733539 -0.679647 0.000000 110.191935 0.679647 0.733539 0.000000 27.810718 0.000000 0.000000 1.000000 0.000000
0.738095 -0.674696 0.000000 111.482406 0.674696 0.738095 0.000000 28.994922 0.000000 0.000000 1.000000 0.000000
0.740996 -0.671509 0.000000 113.062461 0.671509 0.740996 0.000000 30.427697 0.000000 0.000000 1.000000 0.000000
0.743169 -0.669104 0.000000 114.248282 0.669104 0.743169 0.000000 31.495951 0.000000 0.000000 1.000000 0.000000
0.744466 -0.667660 0.000000 115.474945 0.667660 0.744466 0.000000 32.594325 0.000000 0.000000 1.000000 0.000000
0.743676 -0.668540 0.000000 116.753144 0.668540 0.743676 0.000000 33.737603 0.000000 0.000000 1.000000 0.000000
0.741753 -0.670673 0.000000 118.093882 0.670673 0.741753 0.000000 34.934941 0.000000 0.000000 1.000000 0.000000
0.739709 -0.672927 0.000000 119.520416 0.672927 0.739709 0.000000 36.217884 0.000000 0.000000 1.000000 0.000000
0.737754 -0.675070 0.000000 121.037556 0.675070 0.737754 0.000000 37.592564 0.000000 0.000000 1.000000 0.000000
0.736787 -0.676125 0.000000 122.636876 0.676125 0.736787 0.000000 39.052728 0.000000 0.000000 1.000000 0.000000
0.739908 -0.672708 0.000000 124.307335 0.672708 0.739908 0.000000 40.579600 0.000000 0.000000 1.000000 0.000000
0.745232 -0.666806 0.000000 126.039195 0.666806 0.745232 0.000000 42.142737 0.000000 0.000000 1.000000 0.000000
0.752586 -0.658494 0.000000 127.819216 0.658494 0.752586 0.000000 43.718752 0.000000 0.000000 1.000000 0.000000
0.760341 -0.649524 0.000000 129.679615 0.649524 0.760341 0.000000 45.328039 0.000000 0.000000 1.000000 0.000000
0.770746 -0.637143 0.000000 131.664724 0.637143 0.770746 0.000000 46.996556 0.000000 0.000000 1.000000 0.000000
0.783296 -0.621649 0.000000 133.731820 0.621649 0.783296 0.000000 48.671956 0.000000 0.000000 1.000000 0.000000
0.797568 -0.603228 0.000000 135.859931 0.603228 0.797568 0.000000 50.319340 0.000000 0.000000 1.000000 0.000000
0.813305 -0.581838 0.000000 138.048412 0.581838 0.813305 0.000000 51.931659 0.000000 0.000000 1.000000 0.000000
0.833101 -0.553122 0.000000 140.245319 0.553122 0.833101 0.000000 53.447289 0.000000 0.000000 1.000000 0.000000
0.854155 -0.520018 0.000000 142.430162 0.520018 0.854155 0.000000 54.839784 0.000000 0.000000 1.000000 0.000000
0.870896 -0.491468 0.000000 144.558470 0.491468 0.870896 0.000000 56.087549 0.000000 0.000000 1.000000 0.000000
0.887060 -0.461654 0.000000 146.605398 0.461654 0.887060 0.000000 57.197702 0.000000 0.000000 1.000000 0.000000
0.897530 -0.440953 0.000000 148.495628 0.440953 0.897530 0.000000 58.149733 0.000000 0.000000 1.000000 0.000000
0.901713 -0.432336 0.000000 150.063199 0.432336 0.901713 0.000000 58.910875 0.000000 0.000000 1.000000 0.000000
0.904616 -0.426228 0.000000 151.935484 0.426228 0.904616 0.000000 59.796416 0.000000 0.000000 1.000000 0.000000
0.902939 -0.429768 0.000000 153.522395 0.429768 0.902939 0.000000 60.543952 0.000000 0.000000 1.000000 0.000000
0.891479 -0.453062 0.000000 154.988176 0.453062 0.891479 0.000000 61.260196 0.000000 0.000000 1.000000 0.000000
0.884457 -0.466621 0.000000 156.628474 0.466621 0.884457 0.000000 62.118827 0.000000 0.000000 1.000000 0.000000
0.906864 -0.421424 0.000000 158.674660 0.421424 0.906864 0.000000 63.142463 0.000000 0.000000 1.000000 0.000000
0.929131 -0.369751 0.000000 160.345562 0.369751 0.929131 0.000000 63.862334 0.000000 0.000000 1.000000 0.000000
0.950813 -0.309767 0.000000 162.292081 0.309767 0.950813 0.000000 64.567871 0.000000 0.000000 1.000000 0.000000
0.968472 -0.249121 0.000000 164.502133 0.249121 0.968472 0.000000 65.212445 0.000000 0.000000 1.000000 0.000000
0.982265 -0.187500 0.000000 166.967438 0.187500 0.982265 0.000000 65.763264 0.000000 0.000000 1.000000 0.000000
0.988323 -0.152376 0.000000 169.656115 0.152376 0.988323 0.000000 66.220269 0.000000 0.000000 1.000000 0.000000
0.989758 -0.142754 0.000000 172.496648 0.142754 0.989758 0.000000 66.644876 0.000000 0.000000 1.000000 0.000000
0.990785 -0.135446 0.000000 175.449813 0.135446 0.990785 0.000000 67.060748 0.000000 0.000000 1.000000 0.000000
0.991237 -0.132092 0.000000 176.968697 0.132092 0.991237 0.000000 67.266660 0.000000 0.000000 1.000000 0.000000
0.991676 -0.128761 0.000000 178.526753 0.128761 0.991676 0.000000 67.472208 0.000000 0.000000 1.000000 0.000000
0.992149 -0.125059 0.000000 180.119919 0.125059 0.992149 0.000000 67.676757 0.000000 0.000000 1.000000 0.000000
0.992688 -0.120711 0.000000 181.750629 0.120711 0.992688 0.000000 67.878551 0.000000 0.000000 1.000000 0.000000
0.993455 -0.114222 0.000000 183.418218 0.114222 0.993455 0.000000 68.075295 0.000000 0.000000 1.000000 0.000000
0.994321 -0.106423 0.000000 185.120068 0.106423 0.994321 0.000000 68.263919 0.000000 0.000000 1.000000 0.000000
0.995263 -0.097220 0.000000 186.863410 0.097220 0.995263 0.000000 68.441936 0.000000 0.000000 1.000000 0.000000
0.996209 -0.086988 0.000000 188.647884 0.086988 0.996209 0.000000 68.601683 0.000000 0.000000 1.000000 0.000000
0.997225 -0.074450 0.000000 190.468915 0.074450 0.997225 0.000000 68.744527 0.000000 0.000000 1.000000 0.000000
0.998335 -0.057676 0.000000 192.317619 0.057676 0.998335 0.000000 68.863955 0.000000 0.000000 1.000000 0.000000
0.999323 -0.036784 0.000000 194.182193 0.036784 0.999323 0.000000 68.949218 0.000000 0.000000 1.000000 0.000000
0.999891 -0.014779 0.000000 196.076008 0.014779 0.999891 0.000000 68.999070 0.000000 0.000000 1.000000 0.000000
0.999999 0.001117 0.000000 197.984375 -0.001117 0.999999 -0.000000 69.012074 -0.000000 0.000000 1.000000 0.000000
0.999865 0.016406 0.000000 199.939263 -0.016406 0.999865 -0.000000 68.994284 -0.000000 0.000000 1.000000 0.000000
0.999523 0.030875 0.000000 201.899122 -0.030875 0.999523 -0.000000 68.945807 -0.000000 0.000000 1.000000 0.000000
0.999003 0.044638 0.000000 203.878168 -0.044638 0.999003 -0.000000 68.870941 -0.000000 0.000000 1.000000 0.000000
0.998276 0.058693 0.000000 205.877960 -0.058693 0.998276 -0.000000 68.768318 -0.000000 0.000000 1.000000 0.000000
0.997319 0.073172 0.000000 207.894716 -0.073172 0.997319 -0.000000 68.635666 -0.000000 0.000000 1.000000 0.000000
0.996326 0.085639 0.000000 209.937596 -0.085639 0.996326 -0.000000 68.472986 -0.000000 0.000000 1.000000 0.000000
0.995389 0.095920 0.000000 211.987303 -0.095920 0.995389 -0.000000 68.286003 -0.000000 0.000000 1.000000 0.000000
0.994337 0.106276 0.000000 214.059354 -0.106276 0.994337 -0.000000 68.076271 -0.000000 0.000000 1.000000 0.000000
0.993145 0.116886 0.000000 216.125912 -0.116886 0.993145 -0.000000 67.846062 -0.000000 0.000000 1.000000 0.000000
0.991865 0.127298 0.000000 218.174885 -0.127298 0.991865 -0.000000 67.596870 -0.000000 0.000000 1.000000 0.000000
0.990310 0.138878 0.000000 220.224664 -0.138878 0.990310 -0.000000 67.322542 -0.000000 0.000000 1.000000 0.000000
0.988556 0.150857 0.000000 222.269067 -0.150857 0.988556 -0.000000 67.023726 -0.000000 0.000000 1.000000 0.000000
0.986381 0.164477 0.000000 224.305869 -0.164477 0.986381 -0.000000 66.699904 -0.000000 0.000000 1.000000 0.000000
0.983719 0.179713 0.000000 226.344133 -0.179713 0.983719 -0.000000 66.344908 -0.000000 0.000000 1.000000 0.000000
0.980526 0.196391 0.000000 228.371967 -0.196391 0.980526 -0.000000 65.957933 -0.000000 0.000000 1.000000 0.000000
0.976913 0.213637 0.000000 230.398160 -0.213637 0.976913 -0.000000 65.535145 -0.000000 0.000000 1.000000 0.000000
0.972359 0.233489 0.000000 232.414501 -0.233489 0.972359 -0.000000 65.074272 -0.000000 0.000000 1.000000 0.000000
0.967199 0.254019 0.000000 234.422497 -0.254019 0.967199 -0.000000 64.570876 -0.000000 0.000000 1.000000 0.000000
0.961352 0.275321 0.000000 236.425541 -0.275321 0.961352 -0.000000 64.023335 -0.000000 0.000000 1.000000 0.000000
0.954876 0.297005 0.000000 238.415473 -0.297005 0.954876 -0.000000 63.431320 -0.000000 0.000000 1.000000 0.000000
0.947509 0.319730 0.000000 240.370213 -0.319730 0.947509 -0.000000 62.799383 -0.000000 0.000000 1.000000 0.000000
0.939548 0.342418 0.000000 242.320798 -0.342418 0.939548 -0.000000 62.116978 -0.000000 0.000000 1.000000 0.000000
0.930690 0.365808 0.000000 244.251991 -0.365808 0.930690 -0.000000 61.387918 -0.000000 0.000000 1.000000 0.000000
0.921352 0.388729 0.000000 246.169179 -0.388729 0.921352 -0.000000 60.609163 -0.000000 0.000000 1.000000 0.000000
0.911144 0.412088 0.000000 248.070347 -0.412088 0.911144 -0.000000 59.780287 -0.000000 0.000000 1.000000 0.000000
0.899553 0.436811 0.000000 249.955078 -0.436811 0.899553 -0.000000 58.898927 -0.000000 0.000000 1.000000 0.000000
0.887071 0.461632 0.000000 251.818967 -0.461632 0.887071 -0.000000 57.964310 -0.000000 0.000000 1.000000 0.000000
0.875261 0.483651 0.000000 253.656788 -0.483651 0.875261 -0.000000 56.980469 -0.000000 0.000000 1.000000 0.000000
0.863280 0.504726 0.000000 255.468974 -0.504726 0.863280 -0.000000 55.952116 -0.000000 0.000000 1.000000 0.000000
0.850608 0.525800 0.000000 257.261308 -0.525800 0.850608 -0.000000 54.875878 -0.000000 0.000000 1.000000 0.000000
0.837550 0.546361 0.000000 259.022329 -0.546361 0.837550 -0.000000 53.761193 -0.000000 0.000000 1.000000 0.000000
0.824728 0.565530 0.000000 260.761928 -0.565530 0.824728 -0.000000 52.600249 -0.000000 0.000000 1.000000 0.000000
0.812452 0.583028 0.000000 262.473946 -0.583028 0.812452 -0.000000 51.401288 -0.000000 0.000000 1.000000 0.000000
0.800688 0.599082 0.000000 264.170068 -0.599082 0.800688 -0.000000 50.159985 -0.000000 0.000000 1.000000 0.000000
0.789130 0.614227 0.000000 265.844879 -0.614227 0.789130 -0.000000 48.885230 -0.000000 0.000000 1.000000 0.000000
0.777574 0.628792 0.000000 267.492307 -0.628792 0.777574 -0.000000 47.581756 -0.000000 0.000000 1.000000 0.000000
0.765796 0.643084 0.000000 269.121713 -0.643084 0.765796 -0.000000 46.240834 -0.000000 0.000000 1.000000 0.000000
0.755142 0.655561 0.000000 270.720610 -0.655561 0.755142 -0.000000 44.876785 -0.000000 0.000000 1.000000 0.000000
0.744352 0.667788 0.000000 272.298788 -0.667788 0.744352 -0.000000 43.488485 -0.000000 0.000000 1.000000 0.000000
0.733575 0.679608 0.000000 273.862180 -0.679608 0.733575 -0.000000 42.066605 -0.000000 0.000000 1.000000 0.000000
0.723218 0.690620 0.000000 275.394317 -0.690620 0.723218 -0.000000 40.628164 -0.000000 0.000000 1.000000 0.000000
0.713516 0.700639 0.000000 276.918096 -0.700639 0.713516 -0.000000 39.154327 -0.000000 0.000000 1.000000 0.000000
0.705093 0.709115 0.000000 278.413386 -0.709115 0.705093 -0.000000 37.673142 -0.000000 0.000000 1.000000 0.000000
0.696687 0.717375 0.000000 279.902831 -0.717375 0.696687 -0.000000 36.162503 -0.000000 0.000000 1.000000 0.000000
0.688604 0.725138 0.000000 281.380891 -0.725138 0.688604 -0.000000 34.626299 -0.000000 0.000000 1.000000 0.000000
0.682402 0.730977 0.000000 282.835364 -0.730977 0.682402 -0.000000 33.082083 -0.000000 0.000000 1.000000 0.000000
0.681608 0.731717 0.000000 284.275726 -0.731717 0.681608 -0.000000 31.541817 -0.000000 0.000000 1.000000 0.000000
0.685336 0.728227 0.000000 285.711176 -0.728227 0.685336 -0.000000 30.011898 -0.000000 0.000000 1.000000 0.000000
0.694505 0.719488 0.000000 287.149999 -0.719488 0.694505 -0.000000 28.503320 -0.000000 0.000000 1.000000 0.000000
0.704624 0.709580 0.000000 288.604010 -0.709580 0.704624 -0.000000 27.017929 -0.000000 0.000000 1.000000 0.000000
0.717158 0.696911 0.000000 290.077557 -0.696911 0.717158 -0.000000 25.560164 -0.000000 0.000000 1.000000 0.000000
0.731400 0.681948 0.000000 291.580248 -0.681948 0.731400 -0.000000 24.128850 -0.000000 0.000000 1.000000 0.000000
0.746708 0.665152 0.000000 293.116270 -0.665152 0.746708 -0.000000 22.728373 -0.000000 0.000000 1.000000 0.000000
0.762289 0.647237 0.000000 294.673274 -0.647237 0.762289 -0.000000 21.372758 -0.000000 0.000000 1.000000 0.000000
0.779984 0.625800 0.000000 296.266628 -0.625800 0.779984 -0.000000 20.056989 -0.000000 0.000000 1.000000 0.000000
0.799207 0.601056 0.000000 297.893997 -0.601056 0.799207 -0.000000 18.791466 -0.000000 0.000000 1.000000 0.000000
0.818754 0.574144 0.000000 299.567779 -0.574144 0.818754 -0.000000 17.574383 -0.000000 0.000000 1.000000 0.000000
0.837987 0.545690 0.000000 301.294751 -0.545690 0.837987 -0.000000 16.405739 -0.000000 0.000000 1.000000 0.000000
0.856562 0.516043 0.000000 303.080020 -0.516043 0.856562 -0.000000 15.286965 -0.000000 0.000000 1.000000 0.000000
0.875661 0.482927 0.000000 304.920413 -0.482927 0.875661 -0.000000 14.224479 -0.000000 0.000000 1.000000 0.000000
0.894472 0.447125 0.000000 306.817343 -0.447125 0.894472 -0.000000 13.226333 -0.000000 0.000000 1.000000 0.000000
0.912668 0.408702 0.000000 308.761408 -0.408702 0.912668 -0.000000 12.303274 -0.000000 0.000000 1.000000 0.000000
0.929632 0.368490 0.000000 310.759770 -0.368490 0.929632 -0.000000 11.459653 -0.000000 0.000000 1.000000 0.000000
0.945027 0.326994 0.000000 312.808784 -0.326994 0.945027 -0.000000 10.698965 -0.000000 0.000000 1.000000 0.000000
0.956911 0.290381 0.000000 314.902232 -0.290381 0.956911 -0.000000 10.020773 -0.000000 0.000000 1.000000 0.000000
0.965531 0.260289 0.000000 317.041986 -0.260289 0.965531 -0.000000 9.407218 -0.000000 0.000000 1.000000 0.000000
0.972217 0.234080 0.000000 319.219431 -0.234080 0.972217 -0.000000 8.853560 -0.000000 0.000000 1.000000 0.000000
0.977246 0.212110 0.000000 321.427367 -0.212110 0.977246 -0.000000 8.349470 -0.000000 0.000000 1.000000 0.000000
0.981171 0.193143 0.000000 323.658731 -0.193143 0.981171 -0.000000 7.888020 -0.000000 0.000000 1.000000 0.000000
0.984472 0.175540 0.000000 325.922982 -0.175540 0.984472 -0.000000 7.463120 -0.000000 0.000000 1.000000 0.000000
0.986876 0.161478 0.000000 328.209348 -0.161478 0.986876 -0.000000 7.074384 -0.000000 0.000000 1.000000 0.000000
0.988750 0.149580 0.000000 330.505808 -0.149580 0.988750 -0.000000 6.713694 -0.000000 0.000000 1.000000 0.000000
0.990320 0.138806 0.000000 332.822836 -0.138806 0.990320 -0.000000 6.376226 -0.000000 0.000000 1.000000 0.000000
0.991773 0.128011 0.000000 335.169820 -0.128011 0.991773 -0.000000 6.059601 -0.000000 0.000000 1.000000 0.000000
0.993084 0.117408 0.000000 337.534821 -0.117408 0.993084 -0.000000 5.767840 -0.000000 0.000000 1.000000 0.000000
0.994244 0.107135 0.000000 339.911226 -0.107135 0.994244 -0.000000 5.499279 -0.000000 0.000000 1.000000 0.000000
0.995222 0.097635 0.000000 342.301530 -0.097635 0.995222 -0.000000 5.253162 -0.000000 0.000000 1.000000 0.000000
0.996056 0.088729 0.000000 344.713810 -0.088729 0.996056 -0.000000 5.026684 -0.000000 0.000000 1.000000 0.000000
0.996801 0.079922 0.000000 347.133698 -0.079922 0.996801 -0.000000 4.822129 -0.000000 0.000000 1.000000 0.000000
0.997460 0.071235 0.000000 349.568372 -0.071235 0.997460 -0.000000 4.637311 -0.000000 0.000000 1.000000 0.000000
0.998045 0.062503 0.000000 352.013220 -0.062503 0.998045 -0.000000 4.473122 -0.000000 0.000000 1.000000 0.000000
0.998510 0.054561 0.000000 354.467423 -0.054561 0.998510 -0.000000 4.329254 -0.000000 0.000000 1.000000 0.000000
0.998892 0.047053 0.000000 356.931715 -0.047053 0.998892 -0.000000 4.203519 -0.000000 0.000000 1.000000 0.000000
0.999154 0.041130 0.000000 359.402146 -0.041130 0.999154 -0.000000 4.094587 -0.000000 0.000000 1.000000 0.000000
0.999356 0.035870 0.000000 361.818952 -0.035870 0.999356 -0.000000 4.001068 -0.000000 0.000000 1.000000 0.000000
0.999517 0.031082 0.000000 364.253588 -0.031082 0.999517 -0.000000 3.919512 -0.000000 0.000000 1.000000 0.000000
0.999643 0.026729 0.000000 366.662508 -0.026729 0.999643 -0.000000 3.848908 -0.000000 0.000000 1.000000 0.000000
0.999739 0.022859 0.000000 369.060697 -0.022859 0.999739 -0.000000 3.788469 -0.000000 0.000000 1.000000 0.000000
0.999805 0.019751 0.000000 371.462496 -0.019751 0.999805 -0.000000 3.737302 -0.000000 0.000000 1.000000 0.000000
0.999799 0.020071 0.000000 373.878395 -0.020071 0.999799 -0.000000 3.689423 -0.000000 0.000000 1.000000 0.000000
0.999785 0.020753 0.000000 376.294920 -0.020753 0.999785 -0.000000 3.638484 -0.000000 0.000000 1.000000 0.000000
0.999800 0.019997 0.000000 378.739932 -0.019997 0.999800 -0.000000 3.587098 -0.000000 0.000000 1.000000 0.000000
0.999838 0.018012 0.000000 381.186619 -0.018012 0.999838 -0.000000 3.539453 -0.000000 0.000000 1.000000 0.000000
0.999880 0.015496 0.000000 383.638897 -0.015496 0.999880 -0.000000 3.498416 -0.000000 0.000000 1.000000 0.000000
0.999907 0.013641 0.000000 386.087852 -0.013641 0.999907 -0.000000 3.462438 -0.000000 0.000000 1.000000 0.000000
0.999929 0.011948 0.000000 388.537979 -0.011948 0.999929 -0.000000 3.431098 -0.000000 0.000000 1.000000 0.000000
0.999934 0.011476 0.000000 390.986494 -0.011476 0.999934 -0.000000 3.402198 -0.000000 0.000000 1.000000 0.000000
0.999947 0.010253 0.000000 393.420674 -0.010253 0.999947 -0.000000 3.375368 -0.000000 0.000000 1.000000 0.000000
0.999958 0.009212 0.000000 395.835844 -0.009212 0.999958 -0.000000 3.351259 -0.000000 0.000000 1.000000 0.000000
0.999968 0.008008 0.000000 398.243616 -0.008008 0.999968 -0.000000 3.329913 -0.000000 0.000000 1.000000 0.000000
0.999977 0.006737 0.000000 400.664808 -0.006737 0.999977 -0.000000 3.312054 -0.000000 0.000000 1.000000 0.000000
0.999984 0.005727 0.000000 403.059000 -0.005727 0.999984 -0.000000 3.296808 -0.000000 0.000000 1.000000 0.000000
0.999994 0.003583 0.000000 405.442355 -0.003583 0.999994 -0.000000 3.283927 -0.000000 0.000000 1.000000 0.000000
0.999998 0.002069 0.000000 407.804218 -0.002069 0.999998 -0.000000 3.275383 -0.000000 0.000000 1.000000 0.000000
1.000000 0.000023 0.000000 410.171098 -0.000023 1.000000 -0.000000 3.272265 -0.000000 0.000000 1.000000 0.000000
0.999999 -0.001004 0.000000 412.518563 0.001004 0.999999 0.000000 3.274027 0.000000 0.000000 1.000000 0.000000
0.999998 0.001968 0.000000 414.866165 -0.001968 0.999998 -0.000000 3.271802 -0.000000 0.000000 1.000000 0.000000
0.999991 0.004165 0.000000 417.178404 -0.004165 0.999991 -0.000000 3.263984 -0.000000 0.000000 1.000000 0.000000
0.999989 0.004718 0.000000 419.474801 -0.004718 0.999989 -0.000000 3.252736 -0.000000 0.000000 1.000000 0.000000
0.999993 0.003609 0.000000 421.764809 -0.003609 0.999993 -0.000000 3.241616 -0.000000 0.000000 1.000000 0.000000
0.999997 0.002361 0.000000 424.027229 -0.002361 0.999997 -0.000000 3.232956 -0.000000 0.000000 1.000000 0.000000
0.999999 0.001588 0.000000 426.274971 -0.001588 0.999999 -0.000000 3.227217 -0.000000 0.000000 1.000000 0.000000
1.000000 0.000864 0.000000 428.503796 -0.000864 1.000000 -0.000000 3.223831 -0.000000 0.000000 1.000000 0.000000
1.000000 0.000567 0.000000 430.710484 -0.000567 1.000000 -0.000000 3.221943 -0.000000 0.000000 1.000000 0.000000
1.000000 0.000298 0.000000 432.899808 -0.000298 1.000000 -0.000000 3.219760 -0.000000 0.000000 1.000000 0.000000
0.999998 0.002187 0.000000 435.075283 -0.002187 0.999998 -0.000000 3.216343 -0.000000 0.000000 1.000000 0.000000
0.999994 0.003446 0.000000 437.234931 -0.003446 0.999994 -0.000000 3.209558 -0.000000 0.000000 1.000000 0.000000
0.999987 0.005098 0.000000 439.371671 -0.005098 0.999987 -0.000000 3.200260 -0.000000 0.000000 1.000000 0.000000
0.999981 0.006212 0.000000 441.488895 -0.006212 0.999981 -0.000000 3.186753 -0.000000 0.000000 1.000000 0.000000
0.999974 0.007162 0.000000 443.541437 -0.007162 0.999974 -0.000000 3.171609 -0.000000 0.000000 1.000000 0.000000
0.999967 0.008171 0.000000 445.541607 -0.008171 0.999967 -0.000000 3.155071 -0.000000 0.000000 1.000000 0.000000
0.999958 0.009162 0.000000 447.456793 -0.009162 0.999958 -0.000000 3.137605 -0.000000 0.000000 1.000000 0.000000
0.999950 0.010018 0.000000 449.313031 -0.010018 0.999950 -0.000000 3.117556 -0.000000 0.000000 1.000000 0.000000
0.999941 0.010880 0.000000 451.111805 -0.010880 0.999941 -0.000000 3.096604 -0.000000 0.000000 1.000000 0.000000
0.999935 0.011412 0.000000 452.857847 -0.011412 0.999935 -0.000000 3.075681 -0.000000 0.000000 1.000000 0.000000
0.999927 0.012094 0.000000 454.532310 -0.012094 0.999927 -0.000000 3.054688 -0.000000 0.000000 1.000000 0.000000
0.999925 0.012268 0.000000 456.146713 -0.012268 0.999925 -0.000000 3.032941 -0.000000 0.000000 1.000000 0.000000
0.999908 0.013572 0.000000 457.698555 -0.013572 0.999908 -0.000000 3.010972 -0.000000 0.000000 1.000000 0.000000
0.999875 0.015836 0.000000 459.181714 -0.015836 0.999875 -0.000000 2.988480 -0.000000 0.000000 1.000000 0.000000
0.999069 0.043142 0.000000 461.962461 -0.043142 0.999069 -0.000000 2.911230 -0.000000 0.000000 1.000000 0.000000
0.994209 0.107468 0.000000 464.547738 -0.107468 0.994209 -0.000000 2.722290 -0.000000 0.000000 1.000000 0.000000
0.979579 0.201058 0.000000 467.002486 -0.201058 0.979579 -0.000000 2.345406 -0.000000 0.000000 1.000000 0.000000
0.946970 0.321322 0.000000 469.324301 -0.321322 0.946970 -0.000000 1.722819 -0.000000 0.000000 1.000000 0.000000
0.886032 0.463624 0.000000 471.511906 -0.463624 0.886032 -0.000000 0.797420 -0.000000 0.000000 1.000000 0.000000
0.779991 0.625791 0.000000 473.492397 -0.625791 0.779991 -0.000000 -0.484015 -0.000000 0.000000 1.000000 0.000000
0.709623 0.704581 0.000000 474.382532 -0.704581 0.709623 -0.000000 -1.275261 -0.000000 0.000000 1.000000 0.000000
0.627595 0.778540 0.000000 475.191525 -0.778540 0.627595 -0.000000 -2.170744 -0.000000 0.000000 1.000000 0.000000
0.536398 0.843965 0.000000 475.904545 -0.843965 0.536398 -0.000000 -3.163274 -0.000000 0.000000 1.000000 0.000000
0.450876 0.892586 0.000000 476.523229 -0.892586 0.450876 -0.000000 -4.252462 -0.000000 0.000000 1.000000 0.000000
0.374888 0.927070 0.000000 477.054986 -0.927070 0.374888 -0.000000 -5.427313 -0.000000 0.000000 1.000000 0.000000
0.266739 0.963769 0.000000 477.922395 -0.963769 0.266739 -0.000000 -8.008251 -0.000000 0.000000 1.000000 0.000000
0.185943 0.982561 0.000000 478.566324 -0.982561 0.185943 -0.000000 -10.807020 -0.000000 0.000000 1.000000 0.000000
0.157010 0.987597 0.000000 478.823260 -0.987597 0.157010 -0.000000 -12.292806 -0.000000 0.000000 1.000000 0.000000
0.135216 0.990816 0.000000 479.048875 -0.990816 0.135216 -0.000000 -13.828932 -0.000000 0.000000 1.000000 0.000000
0.116337 0.993210 0.000000 479.250460 -0.993210 0.116337 -0.000000 -15.416585 -0.000000 0.000000 1.000000 0.000000
0.096588 0.995324 0.000000 479.427111 -0.995324 0.096588 -0.000000 -17.059560 -0.000000 0.000000 1.000000 0.000000
0.077349 0.997004 0.000000 479.574175 -0.997004 0.077349 -0.000000 -18.760241 -0.000000 0.000000 1.000000 0.000000
0.060184 0.998187 0.000000 479.692745 -0.998187 0.060184 -0.000000 -20.500514 -0.000000 0.000000 1.000000 0.000000
0.042695 0.999088 0.000000 479.785049 -0.999088 0.042695 -0.000000 -22.292918 -0.000000 0.000000 1.000000 0.000000
0.025532 0.999674 0.000000 479.848798 -0.999674 0.025532 -0.000000 -24.140189 -0.000000 0.000000 1.000000 0.000000
0.007877 0.999969 0.000000 479.879002 -0.999969 0.007877 -0.000000 -26.029645 -0.000000 0.000000 1.000000 0.000000
-0.006656 0.999978 0.000000 479.877222 -0.999978 -0.006656 -0.000000 -27.965293 -0.000000 0.000000 1.000000 0.000000
-0.018782 0.999824 0.000000 479.851091 -0.999824 -0.018782 -0.000000 -29.950905 -0.000000 0.000000 1.000000 0.000000
-0.030106 0.999547 0.000000 479.801480 -0.999547 -0.030106 -0.000000 -31.971232 -0.000000 0.000000 1.000000 0.000000
-0.041592 0.999135 0.000000 479.726788 -0.999135 -0.041592 -0.000000 -34.056301 -0.000000 0.000000 1.000000 0.000000
-0.053371 0.998575 0.000000 479.626131 -0.998575 -0.053371 -0.000000 -36.175923 -0.000000 0.000000 1.000000 0.000000
-0.064124 0.997942 0.000000 479.498065 -0.997942 -0.064124 -0.000000 -38.337066 -0.000000 0.000000 1.000000 0.000000
-0.067764 0.997701 0.000000 479.350835 -0.997701 -0.067764 -0.000000 -40.547842 -0.000000 0.000000 1.000000 0.000000
-0.065958 0.997822 0.000000 479.193034 -0.997822 -0.065958 -0.000000 -42.795084 -0.000000 0.000000 1.000000 0.000000
-0.062847 0.998023 0.000000 479.040755 -0.998023 -0.062847 -0.000000 -45.090572 -0.000000 0.000000 1.000000 0.000000
-0.059964 0.998201 0.000000 478.894115 -0.998201 -0.059964 -0.000000 -47.418198 -0.000000 0.000000 1.000000 0.000000
-0.057783 0.998329 0.000000 478.753900 -0.998329 -0.057783 -0.000000 -49.783623 -0.000000 0.000000 1.000000 0.000000
-0.055054 0.998483 0.000000 478.613821 -0.998483 -0.055054 -0.000000 -52.163896 -0.000000 0.000000 1.000000 0.000000
-0.052144 0.998640 0.000000 478.480283 -0.998640 -0.052144 -0.000000 -54.566722 -0.000000 0.000000 1.000000 0.000000
-0.049467 0.998776 0.000000 478.354561 -0.998776 -0.049467 -0.000000 -56.992789 -0.000000 0.000000 1.000000 0.000000
-0.046804 0.998904 0.000000 478.235234 -0.998904 -0.046804 -0.000000 -59.443820 -0.000000 0.000000 1.000000 0.000000
-0.044441 0.999012 0.000000 478.116706 -0.999012 -0.044441 -0.000000 -61.917474 -0.000000 0.000000 1.000000 0.000000
-0.040967 0.999161 0.000000 478.006285 -0.999161 -0.040967 -0.000000 -64.405382 -0.000000 0.000000 1.000000 0.000000
-0.038072 0.999275 0.000000 477.904815 -0.999275 -0.038072 -0.000000 -66.913306 -0.000000 0.000000 1.000000 0.000000
-0.035760 0.999360 0.000000 477.810686 -0.999360 -0.035760 -0.000000 -69.443554 -0.000000 0.000000 1.000000 0.000000
-0.033495 0.999439 0.000000 477.717831 -0.999439 -0.033495 -0.000000 -71.982728 -0.000000 0.000000 1.000000 0.000000
-0.032168 0.999482 0.000000 477.631506 -0.999482 -0.032168 -0.000000 -74.539604 -0.000000 0.000000 1.000000 0.000000
-0.035559 0.999368 0.000000 477.543357 -0.999368 -0.035559 -0.000000 -77.112714 -0.000000 0.000000 1.000000 0.000000
-0.039667 0.999213 0.000000 477.445614 -0.999213 -0.039667 -0.000000 -79.702739 -0.000000 0.000000 1.000000 0.000000
-0.043786 0.999041 0.000000 477.334425 -0.999041 -0.043786 -0.000000 -82.298634 -0.000000 0.000000 1.000000 0.000000
-0.047585 0.998867 0.000000 477.212762 -0.998867 -0.047585 -0.000000 -84.899999 -0.000000 0.000000 1.000000 0.000000
-0.051792 0.998658 0.000000 477.082643 -0.998658 -0.051792 -0.000000 -87.504064 -0.000000 0.000000 1.000000 0.000000
-0.057251 0.998360 0.000000 476.940419 -0.998360 -0.057251 -0.000000 -90.117521 -0.000000 0.000000 1.000000 0.000000
-0.064212 0.997936 0.000000 476.777969 -0.997936 -0.064212 -0.000000 -92.742755 -0.000000 0.000000 1.000000 0.000000
-0.072024 0.997403 0.000000 476.598148 -0.997403 -0.072024 -0.000000 -95.366307 -0.000000 0.000000 1.000000 0.000000
-0.081761 0.996652 0.000000 476.395196 -0.996652 -0.081761 -0.000000 -97.999449 -0.000000 0.000000 1.000000 0.000000
-0.093400 0.995629 0.000000 476.163134 -0.995629 -0.093400 -0.000000 -100.639698 -0.000000 0.000000 1.000000 0.000000
-0.106226 0.994342 0.000000 475.896933 -0.994342 -0.106226 -0.000000 -103.269710 -0.000000 0.000000 1.000000 0.000000
-0.118949 0.992900 0.000000 475.600061 -0.992900 -0.118949 -0.000000 -105.880088 -0.000000 0.000000 1.000000 0.000000
-0.131184 0.991358 0.000000 475.273882 -0.991358 -0.131184 -0.000000 -108.469576 -0.000000 0.000000 1.000000 0.000000
-0.141962 0.989872 0.000000 474.916829 -0.989872 -0.141962 -0.000000 -111.055930 -0.000000 0.000000 1.000000 0.000000
-0.152821 0.988254 0.000000 474.532626 -0.988254 -0.152821 -0.000000 -113.626895 -0.000000 0.000000 1.000000 0.000000
-0.162372 0.986730 0.000000 474.121580 -0.986730 -0.162372 -0.000000 -116.197490 -0.000000 0.000000 1.000000 0.000000
-0.173019 0.984919 0.000000 473.676950 -0.984919 -0.173019 -0.000000 -118.818866 -0.000000 0.000000 1.000000 0.000000
-0.184249 0.982880 0.000000 473.214327 -0.982880 -0.184249 -0.000000 -121.367065 -0.000000 0.000000 1.000000 0.000000
-0.196594 0.980485 0.000000 472.710535 -0.980485 -0.196594 -0.000000 -123.966611 -0.000000 0.000000 1.000000 0.000000
-0.210623 0.977567 0.000000 472.168652 -0.977567 -0.210623 -0.000000 -126.572808 -0.000000 0.000000 1.000000 0.000000
-0.226032 0.974120 0.000000 471.584436 -0.974120 -0.226032 -0.000000 -129.189788 -0.000000 0.000000 1.000000 0.000000
-0.241608 0.970374 0.000000 470.956758 -0.970374 -0.241608 -0.000000 -131.803268 -0.000000 0.000000 1.000000 0.000000
-0.258110 0.966115 0.000000 470.283308 -0.966115 -0.258110 -0.000000 -134.411470 -0.000000 0.000000 1.000000 0.000000
-0.274657 0.961542 0.000000 469.561245 -0.961542 -0.274657 -0.000000 -137.027577 -0.000000 0.000000 1.000000 0.000000
-0.291568 0.956550 0.000000 468.790328 -0.956550 -0.291568 -0.000000 -139.641412 -0.000000 0.000000 1.000000 0.000000
-0.307893 0.951421 0.000000 467.968334 -0.951421 -0.307893 -0.000000 -142.261758 -0.000000 0.000000 1.000000 0.000000
-0.321137 0.947033 0.000000 467.104186 -0.947033 -0.321137 -0.000000 -144.867560 -0.000000 0.000000 1.000000 0.000000
-0.332736 0.943020 0.000000 466.195497 -0.943020 -0.332736 -0.000000 -147.494749 -0.000000 0.000000 1.000000 0.000000
-0.342143 0.939648 0.000000 465.261038 -0.939648 -0.342143 -0.000000 -150.105493 -0.000000 0.000000 1.000000 0.000000
-0.351622 0.936142 0.000000 464.306549 -0.936142 -0.351622 -0.000000 -152.686396 -0.000000 0.000000 1.000000 0.000000
-0.361129 0.932516 0.000000 463.333017 -0.932516 -0.361129 -0.000000 -155.241784 -0.000000 0.000000 1.000000 0.000000
-0.371052 0.928612 0.000000 462.329960 -0.928612 -0.371052 -0.000000 -157.790012 -0.000000 0.000000 1.000000 0.000000
-0.381537 0.924354 0.000000 461.297183 -0.924354 -0.381537 -0.000000 -160.334605 -0.000000 0.000000 1.000000 0.000000
-0.393355 0.919387 0.000000 460.232587 -0.919387 -0.393355 -0.000000 -162.867771 -0.000000 0.000000 1.000000 0.000000
-0.404548 0.914517 0.000000 459.134814 -0.914517 -0.404548 -0.000000 -165.389512 -0.000000 0.000000 1.000000 0.000000
-0.415735 0.909486 0.000000 457.994164 -0.909486 -0.415735 -0.000000 -167.925045 -0.000000 0.000000 1.000000 0.000000
-0.426196 0.904631 0.000000 456.816568 -0.904631 -0.426196 -0.000000 -170.462227 -0.000000 0.000000 1.000000 0.000000
-0.434210 0.900812 0.000000 455.612869 -0.900812 -0.434210 -0.000000 -172.984897 -0.000000 0.000000 1.000000 0.000000
-0.437455 0.899240 0.000000 454.378703 -0.899240 -0.437455 -0.000000 -175.528066 -0.000000 0.000000 1.000000 0.000000
-0.437345 0.899294 0.000000 453.142526 -0.899294 -0.437345 -0.000000 -178.063107 -0.000000 0.000000 1.000000 0.000000
-0.437220 0.899355 0.000000 451.902379 -0.899355 -0.437220 -0.000000 -180.608754 -0.000000 0.000000 1.000000 0.000000
-0.436944 0.899489 0.000000 450.664109 -0.899489 -0.436944 -0.000000 -183.156159 -0.000000 0.000000 1.000000 0.000000
-0.436897 0.899511 0.000000 449.425843 -0.899511 -0.436897 -0.000000 -185.705051 -0.000000 0.000000 1.000000 0.000000
-0.437457 0.899239 0.000000 448.184520 -0.899239 -0.437457 -0.000000 -188.258524 -0.000000 0.000000 1.000000 0.000000
-0.438403 0.898779 0.000000 446.938158 -0.898779 -0.438403 -0.000000 -190.816995 -0.000000 0.000000 1.000000 0.000000
-0.440608 0.897700 0.000000 445.682501 -0.897700 -0.440608 -0.000000 -193.383089 -0.000000 0.000000 1.000000 0.000000
-0.442427 0.896805 0.000000 444.416689 -0.896805 -0.442427 -0.000000 -195.956524 -0.000000 0.000000 1.000000 0.000000
-0.444671 0.895694 0.000000 443.148834 -0.895694 -0.444671 -0.000000 -198.518350 -0.000000 0.000000 1.000000 0.000000
-0.446748 0.894660 0.000000 441.872840 -0.894660 -0.446748 -0.000000 -201.079816 -0.000000 0.000000 1.000000 0.000000
-0.448781 0.893642 0.000000 440.595831 -0.893642 -0.448781 -0.000000 -203.628741 -0.000000 0.000000 1.000000 0.000000
-0.450197 0.892929 0.000000 439.311761 -0.892929 -0.450197 -0.000000 -206.178921 -0.000000 0.000000 1.000000 0.000000
-0.450412 0.892821 0.000000 438.029802 -0.892821 -0.450412 -0.000000 -208.718108 -0.000000 0.000000 1.000000 0.000000
-0.447969 0.894049 0.000000 436.753791 -0.894049 -0.447969 -0.000000 -211.247676 -0.000000 0.000000 1.000000 0.000000
-0.446304 0.894882 0.000000 435.494239 -0.894882 -0.446304 -0.000000 -213.760146 -0.000000 0.000000 1.000000 0.000000
-0.443634 0.896208 0.000000 434.250185 -0.896208 -0.443634 -0.000000 -216.256204 -0.000000 0.000000 1.000000 0.000000
-0.441371 0.897325 0.000000 433.021416 -0.897325 -0.441371 -0.000000 -218.740376 -0.000000 0.000000 1.000000 0.000000
-0.438679 0.898644 0.000000 431.806660 -0.898644 -0.438679 -0.000000 -221.214155 -0.000000 0.000000 1.000000 0.000000
-0.437134 0.899397 0.000000 430.603861 -0.899397 -0.437134 -0.000000 -223.678553 -0.000000 0.000000 1.000000 0.000000
-0.437460 0.899238 0.000000 429.414503 -0.899238 -0.437460 -0.000000 -226.120978 -0.000000 0.000000 1.000000 0.000000
-0.439025 0.898475 0.000000 428.230621 -0.898475 -0.439025 -0.000000 -228.546172 -0.000000 0.000000 1.000000 0.000000
-0.441782 0.897123 0.000000 427.047471 -0.897123 -0.441782 -0.000000 -230.955954 -0.000000 0.000000 1.000000 0.000000
-0.446907 0.894580 0.000000 425.851956 -0.894580 -0.446907 -0.000000 -233.364503 -0.000000 0.000000 1.000000 0.000000
-0.451768 0.892135 0.000000 424.637680 -0.892135 -0.451768 -0.000000 -235.772930 -0.000000 0.000000 1.000000 0.000000
-0.457261 0.889333 0.000000 423.415040 -0.889333 -0.457261 -0.000000 -238.165728 -0.000000 0.000000 1.000000 0.000000
-0.464049 0.885810 0.000000 422.176828 -0.885810 -0.464049 -0.000000 -240.552525 -0.000000 0.000000 1.000000 0.000000
-0.471707 0.881755 0.000000 420.922832 -0.881755 -0.471707 -0.000000 -242.921301 -0.000000 0.000000 1.000000 0.000000
-0.480820 0.876819 0.000000 419.643212 -0.876819 -0.480820 -0.000000 -245.285240 -0.000000 0.000000 1.000000 0.000000
-0.489987 0.871730 0.000000 418.333695 -0.871730 -0.489987 -0.000000 -247.644289 -0.000000 0.000000 1.000000 0.000000
-0.499273 0.866445 0.000000 416.996455 -0.866445 -0.499273 -0.000000 -249.995748 -0.000000 0.000000 1.000000 0.000000
-0.508919 0.860814 0.000000 415.623167 -0.860814 -0.508919 0.000000 -252.349560 0.000000 0.000000 1.000000 0.000000
-0.517839 0.855478 0.000000 414.226525 -0.855478 -0.517839 0.000000 -254.689400 0.000000 0.000000 1.000000 0.000000
-0.527018 0.849854 0.000000 412.793416 -0.849854 -0.527018 0.000000 -257.030604 0.000000 0.000000 1.000000 0.000000
-0.535805 0.844342 0.000000 411.328832 -0.844342 -0.535805 0.000000 -259.366478 0.000000 0.000000 1.000000 0.000000
