1.000000 0.000000 0.000000 0.000000 0.000000 1.000000 0.000000 0.000000 0.000000 0.000000 1.000000 0.000000 1547824819123090982

0.998858 -0.047772 0.000000 1.712267 0.047772 0.998858 0.000000 0.089816 0.000000 0.000000 1.000000 0.000000 1547824855144567966

0.995626 -0.093428 0.000000 4.158372 0.093428 0.995626 0.000000 0.330282 0.000000 0.000000 1.000000 0.000000 1547824855894057989

0.993904 -0.110245 0.000000 6.332743 0.110245 0.993904 0.000000 0.512235 0.000000 0.000000 1.000000 0.000000 1547824856393049955

0.993939 -0.109929 0.000000 8.930648 0.109929 0.993939 0.000000 0.832051 0.000000 0.000000 1.000000 0.000000 1547824856892493009

0.994477 -0.104952 0.000000 11.966273 0.104952 0.994477 0.000000 1.147344 0.000000 0.000000 1.000000 0.000000 1547824857394938945

0.994878 -0.101082 0.000000 13.834704 0.101082 0.994878 0.000000 1.357055 0.000000 0.000000 1.000000 0.000000 1547824857646687030

0.995301 -0.096824 0.000000 15.602615 0.096824 0.995301 0.000000 1.519572 0.000000 0.000000 1.000000 0.000000 1547824857897975921

0.995605 -0.093655 0.000000 17.515860 0.093655 0.995605 0.000000 1.646503 0.000000 0.000000 1.000000 0.000000 1547824858149506092

0.996075 -0.088509 0.000000 19.524902 0.088509 0.996075 0.000000 1.827266 0.000000 0.000000 1.000000 0.000000 1547824858401043891

0.996595 -0.082448 0.000000 21.589305 0.082448 0.996595 0.000000 2.017717 0.000000 0.000000 1.000000 0.000000 1547824858651757001

0.997091 -0.076221 0.000000 23.769267 0.076221 0.997091 0.000000 2.174687 0.000000 0.000000 1.000000 0.000000 1547824858902801036

0.997586 -0.069448 0.000000 25.871642 0.069448 0.997586 0.000000 2.341726 0.000000 0.000000 1.000000 0.000000 1547824859154377937

0.997973 -0.063644 0.000000 28.132675 0.063644 0.997973 0.000000 2.447321 0.000000 0.000000 1.000000 0.000000 1547824859405236959

0.998194 -0.060068 0.000000 30.401892 0.060068 0.998194 0.000000 2.596871 0.000000 0.000000 1.000000 0.000000 1547824859655944108

0.998266 -0.058867 0.000000 32.723395 0.058867 0.998266 0.000000 2.692593 0.000000 0.000000 1.000000 0.000000 1547824859907238960

0.998348 -0.057455 0.000000 35.052617 0.057455 0.998348 0.000000 2.830023 0.000000 0.000000 1.000000 0.000000 1547824860159501075

0.998472 -0.055255 0.000000 37.464400 0.055255 0.998472 0.000000 2.971618 0.000000 0.000000 1.000000 0.000000 1547824860412560939

0.998597 -0.052952 0.000000 39.843138 0.052952 0.998597 0.000000 3.053799 0.000000 0.000000 1.000000 0.000000 1547824860665971994

0.998847 -0.048013 0.000000 42.244100 0.048013 0.998847 0.000000 3.161155 0.000000 0.000000 1.000000 0.000000 1547824860917690992

0.999098 -0.042471 0.000000 44.562088 0.042471 0.999098 0.000000 3.229210 0.000000 0.000000 1.000000 0.000000 1547824861168430089

0.999391 -0.034905 0.000000 46.862041 0.034905 0.999391 0.000000 3.316338 0.000000 0.000000 1.000000 0.000000 1547824861416574954

0.999574 -0.029169 0.000000 49.143814 0.029169 0.999574 0.000000 3.367612 0.000000 0.000000 1.000000 0.000000 1547824861662842988

0.999677 -0.025398 0.000000 51.363472 0.025398 0.999677 0.000000 3.430086 0.000000 0.000000 1.000000 0.000000 1547824861910497903

0.999643 -0.026705 0.000000 53.615762 0.026705 0.999643 0.000000 3.444048 0.000000 0.000000 1.000000 0.000000 1547824862158777952

0.999605 -0.028112 0.000000 55.923956 0.028112 0.999605 0.000000 3.543067 0.000000 0.000000 1.000000 0.000000 1547824862407958030

0.999553 -0.029908 0.000000 58.214230 0.029908 0.999553 0.000000 3.611519 0.000000 0.000000 1.000000 0.000000 1547824862658183097

0.999383 -0.035116 0.000000 60.518517 0.035116 0.999383 0.000000 3.694418 0.000000 0.000000 1.000000 0.000000 1547824862908910989

0.999140 -0.041474 0.000000 62.773045 0.041474 0.999140 0.000000 3.759746 0.000000 0.000000 1.000000 0.000000 1547824863159595966

0.998855 -0.047846 0.000000 65.034804 0.047846 0.998855 0.000000 3.826001 0.000000 0.000000 1.000000 0.000000 1547824863410332918

0.998565 -0.053554 0.000000 67.229396 0.053554 0.998565 0.000000 3.941344 0.000000 0.000000 1.000000 0.000000 1547824863661175966

0.998182 -0.060265 0.000000 69.527594 0.060265 0.998182 0.000000 4.061878 0.000000 0.000000 1.000000 0.000000 1547824863911593914

0.997725 -0.067419 0.000000 71.845482 0.067419 0.997725 0.000000 4.254461 0.000000 0.000000 1.000000 0.000000 1547824864161571979

0.997095 -0.076167 0.000000 74.104298 0.076167 0.997095 0.000000 4.435074 0.000000 0.000000 1.000000 0.000000 1547824864411256074

0.996404 -0.084734 0.000000 76.383917 0.084734 0.996404 0.000000 4.548349 0.000000 0.000000 1.000000 0.000000 1547824864660993099

0.995694 -0.092696 0.000000 78.703302 0.092696 0.995694 0.000000 4.722305 0.000000 0.000000 1.000000 0.000000 1547824864911531925

0.995253 -0.097320 0.000000 81.037262 0.097320 0.995253 0.000000 4.931174 0.000000 0.000000 1.000000 0.000000 1547824865163198947

0.995376 -0.096051 0.000000 83.361054 0.096051 0.995376 0.000000 5.160311 0.000000 0.000000 1.000000 0.000000 1547824865414900064

0.995940 -0.090024 0.000000 85.745039 0.090024 0.995940 0.000000 5.371920 0.000000 0.000000 1.000000 0.000000 1547824865666415929

0.997236 -0.074296 0.000000 88.220158 0.074296 0.997236 0.000000 5.563183 0.000000 0.000000 1.000000 0.000000 1547824865918294906

0.998315 -0.058032 0.000000 90.610342 0.058032 0.998315 0.000000 5.716188 0.000000 0.000000 1.000000 0.000000 1547824866169713020

0.999110 -0.042171 0.000000 93.161556 0.042171 0.999110 0.000000 5.804751 0.000000 0.000000 1.000000 0.000000 1547824866421108007

0.999460 -0.032865 0.000000 95.741493 0.032865 0.999460 0.000000 5.850846 0.000000 0.000000 1.000000 0.000000 1547824866672532081

0.999597 -0.028394 0.000000 98.386968 0.028394 0.999597 0.000000 5.906847 0.000000 0.000000 1.000000 0.000000 1547824866923615932

0.999598 -0.028342 0.000000 101.031973 0.028342 0.999598 0.000000 5.958273 0.000000 0.000000 1.000000 0.000000 1547824867174577951

0.999559 -0.029696 0.000000 103.682956 0.029696 0.999559 0.000000 6.063965 0.000000 0.000000 1.000000 0.000000 1547824867425343036

0.999511 -0.031257 0.000000 106.424578 0.031257 0.999511 0.000000 6.135190 0.000000 0.000000 1.000000 0.000000 1547824867676803112

0.999462 -0.032792 0.000000 109.168500 0.032792 0.999462 0.000000 6.185465 0.000000 0.000000 1.000000 0.000000 1547824867928345918

0.999392 -0.034877 0.000000 111.890122 0.034877 0.999392 0.000000 6.291604 0.000000 0.000000 1.000000 0.000000 1547824868180075883

0.999278 -0.038002 0.000000 114.648589 0.038002 0.999278 0.000000 6.379596 0.000000 0.000000 1.000000 0.000000 1547824868433468103

0.999151 -0.041193 0.000000 117.353912 0.041193 0.999151 0.000000 6.457024 0.000000 0.000000 1.000000 0.000000 1547824868687288045

0.999010 -0.044497 0.000000 120.075366 0.044497 0.999010 0.000000 6.558254 0.000000 0.000000 1.000000 0.000000 1547824868939541101

0.998950 -0.045818 0.000000 122.732678 0.045818 0.998950 0.000000 6.674015 0.000000 0.000000 1.000000 0.000000 1547824869189798116

0.998889 -0.047119 0.000000 125.389686 0.047119 0.998889 0.000000 6.818641 0.000000 0.000000 1.000000 0.000000 1547824869438380002

0.998807 -0.048827 0.000000 128.107539 0.048827 0.998807 0.000000 6.960887 0.000000 0.000000 1.000000 0.000000 1547824869686163902

0.998701 -0.050956 0.000000 130.705113 0.050956 0.998701 0.000000 7.096695 0.000000 0.000000 1.000000 0.000000 1547824869933815002

0.998549 -0.053851 0.000000 133.406068 0.053851 0.998549 0.000000 7.209716 0.000000 0.000000 1.000000 0.000000 1547824870181772947

0.998521 -0.054367 0.000000 136.103613 0.054367 0.998521 0.000000 7.393514 0.000000 0.000000 1.000000 0.000000 1547824870430087089

0.998465 -0.055390 0.000000 138.793301 0.055390 0.998465 0.000000 7.550055 0.000000 0.000000 1.000000 0.000000 1547824870679311037

0.998382 -0.056862 0.000000 141.406632 0.056862 0.998382 0.000000 7.692457 0.000000 0.000000 1.000000 0.000000 1547824870929784059

0.998247 -0.059179 0.000000 144.161497 0.059179 0.998247 0.000000 7.880157 0.000000 0.000000 1.000000 0.000000 1547824871180324077

0.998115 -0.061374 0.000000 146.850428 0.061374 0.998115 0.000000 8.026495 0.000000 0.000000 1.000000 0.000000 1547824871431113004

0.997996 -0.063281 0.000000 149.496775 0.063281 0.997996 0.000000 8.145360 0.000000 0.000000 1.000000 0.000000 1547824871682005882

0.997884 -0.065012 0.000000 152.225552 0.065012 0.997884 0.000000 8.317411 0.000000 0.000000 1.000000 0.000000 1547824871932487010

0.997671 -0.068217 0.000000 154.856560 0.068217 0.997671 0.000000 8.465369 0.000000 0.000000 1.000000 0.000000 1547824872182806015

0.997506 -0.070583 0.000000 157.522275 0.070583 0.997506 0.000000 8.636355 0.000000 0.000000 1.000000 0.000000 1547824872432970046

0.997389 -0.072223 0.000000 160.163516 0.072223 0.997389 0.000000 8.833765 0.000000 0.000000 1.000000 0.000000 1547824872682712078

0.997275 -0.073780 0.000000 162.856906 0.073780 0.997275 0.000000 9.027320 0.000000 0.000000 1.000000 0.000000 1547824872932243108

0.997161 -0.075301 0.000000 165.473611 0.075301 0.997161 0.000000 9.256052 0.000000 0.000000 1.000000 0.000000 1547824873182173967

0.996975 -0.077721 0.000000 168.133024 0.077721 0.996975 0.000000 9.418058 0.000000 0.000000 1.000000 0.000000 1547824873433367967

0.996864 -0.079140 0.000000 170.794827 0.079140 0.996864 0.000000 9.626046 0.000000 0.000000 1.000000 0.000000 1547824873685450077

0.996683 -0.081387 0.000000 173.393906 0.081387 0.996683 0.000000 9.845918 0.000000 0.000000 1.000000 0.000000 1547824873937053918

0.996450 -0.084192 0.000000 176.021122 0.084192 0.996450 0.000000 10.058920 0.000000 0.000000 1.000000 0.000000 1547824874188347101

0.996272 -0.086265 0.000000 178.585179 0.086265 0.996272 0.000000 10.283172 0.000000 0.000000 1.000000 0.000000 1547824874439582109

0.996207 -0.087013 0.000000 181.179476 0.087013 0.996207 0.000000 10.552750 0.000000 0.000000 1.000000 0.000000 1547824874690653085

0.995998 -0.089379 0.000000 183.798492 0.089379 0.995998 0.000000 10.779438 0.000000 0.000000 1.000000 0.000000 1547824874942116022

0.995835 -0.091171 0.000000 186.315269 0.091171 0.995835 0.000000 11.000731 0.000000 0.000000 1.000000 0.000000 1547824875193733930

0.995771 -0.091865 0.000000 188.913530 0.091865 0.995771 0.000000 11.230227 0.000000 0.000000 1.000000 0.000000 1547824875444789886

0.995573 -0.093989 0.000000 191.467906 0.093989 0.995573 0.000000 11.437410 0.000000 0.000000 1.000000 0.000000 1547824875695641040

0.994994 -0.099934 0.000000 193.948967 0.099934 0.994994 0.000000 11.652783 0.000000 0.000000 1.000000 0.000000 1547824875946587085

0.994284 -0.106771 0.000000 196.469671 0.106771 0.994284 0.000000 11.919160 0.000000 0.000000 1.000000 0.000000 1547824876197957038

0.993296 -0.115599 0.000000 198.859758 0.115599 0.993296 0.000000 12.151725 0.000000 0.000000 1.000000 0.000000 1547824876449619054

0.991922 -0.126852 0.000000 201.307673 0.126852 0.991922 0.000000 12.399668 0.000000 0.000000 1.000000 0.000000 1547824876703018903

0.990271 -0.139153 0.000000 203.680718 0.139153 0.990271 0.000000 12.759161 0.000000 0.000000 1.000000 0.000000 1547824876956532955

0.989033 -0.147697 0.000000 206.036053 0.147697 0.989033 0.000000 13.102165 0.000000 0.000000 1.000000 0.000000 1547824877208554983

0.987987 -0.154537 0.000000 208.315227 0.154537 0.987987 0.000000 13.414541 0.000000 0.000000 1.000000 0.000000 1547824877458349943

0.986799 -0.161949 0.000000 210.507691 0.161949 0.986799 0.000000 13.764074 0.000000 0.000000 1.000000 0.000000 1547824877706753969

0.985674 -0.168661 0.000000 212.790504 0.168661 0.985674 0.000000 14.220559 0.000000 0.000000 1.000000 0.000000 1547824877954292058

0.984796 -0.173714 0.000000 215.046191 0.173714 0.984796 0.000000 14.629758 0.000000 0.000000 1.000000 0.000000 1547824878201045036

0.984226 -0.176914 0.000000 217.188112 0.176914 0.984226 0.000000 15.003703 0.000000 0.000000 1.000000 0.000000 1547824878448220014

0.983850 -0.178992 0.000000 219.408469 0.178992 0.983850 0.000000 15.396168 0.000000 0.000000 1.000000 0.000000 1547824878696397066

0.983409 -0.181400 0.000000 221.597491 0.181400 0.983409 0.000000 15.815353 0.000000 0.000000 1.000000 0.000000 1547824878945100069

0.982561 -0.185940 0.000000 223.756813 0.185940 0.982561 0.000000 16.152353 0.000000 0.000000 1.000000 0.000000 1547824879195386886

0.981777 -0.190039 0.000000 225.898043 0.190039 0.981777 0.000000 16.606347 0.000000 0.000000 1.000000 0.000000 1547824879446417093

0.980191 -0.198057 0.000000 228.105455 0.198057 0.980191 0.000000 17.024804 0.000000 0.000000 1.000000 0.000000 1547824879697561979

0.978659 -0.205492 0.000000 230.129706 0.205492 0.978659 0.000000 17.495185 0.000000 0.000000 1.000000 0.000000 1547824879948314905

0.977314 -0.211794 0.000000 232.210124 0.211794 0.977314 0.000000 17.964796 0.000000 0.000000 1.000000 0.000000 1547824880198386907

0.976043 -0.217580 0.000000 234.289787 0.217580 0.976043 0.000000 18.432253 0.000000 0.000000 1.000000 0.000000 1547824880448369026

0.975310 -0.220842 0.000000 236.381877 0.220842 0.975310 0.000000 18.917720 0.000000 0.000000 1.000000 0.000000 1547824880698463916

0.975016 -0.222135 0.000000 238.404075 0.222135 0.975016 0.000000 19.380154 0.000000 0.000000 1.000000 0.000000 1547824880948491096

0.975101 -0.221763 0.000000 240.429662 0.221763 0.975101 0.000000 19.854218 0.000000 0.000000 1.000000 0.000000 1547824881198041915

0.975662 -0.219279 0.000000 242.429674 0.219279 0.975662 0.000000 20.303508 0.000000 0.000000 1.000000 0.000000 1547824881448611021

0.977505 -0.210910 0.000000 244.424422 0.210910 0.977505 0.000000 20.815299 0.000000 0.000000 1.000000 0.000000 1547824881701262950

0.980380 -0.197118 0.000000 246.508281 0.197118 0.980380 0.000000 21.170732 0.000000 0.000000 1.000000 0.000000 1547824881954262018

0.983280 -0.182102 0.000000 248.563410 0.182102 0.983280 0.000000 21.574660 0.000000 0.000000 1.000000 0.000000 1547824882206089973

0.985071 -0.172146 0.000000 250.678707 0.172146 0.985071 0.000000 21.954228 0.000000 0.000000 1.000000 0.000000 1547824882457928895

0.987088 -0.160182 0.000000 252.744777 0.160182 0.987088 0.000000 22.280692 0.000000 0.000000 1.000000 0.000000 1547824882708267927

0.988268 -0.152731 0.000000 254.857535 0.152731 0.988268 0.000000 22.536891 0.000000 0.000000 1.000000 0.000000 1547824882957106113

0.988916 -0.148476 0.000000 256.926711 0.148476 0.988916 0.000000 22.876723 0.000000 0.000000 1.000000 0.000000 1547824883205427885

0.989421 -0.145073 0.000000 259.126078 0.145073 0.989421 0.000000 23.177318 0.000000 0.000000 1.000000 0.000000 1547824883453475952

0.989640 -0.143571 0.000000 261.301499 0.143571 0.989640 0.000000 23.455142 0.000000 0.000000 1.000000 0.000000 1547824883701654911

0.989510 -0.144462 0.000000 263.423447 0.144462 0.989510 0.000000 23.809596 0.000000 0.000000 1.000000 0.000000 1547824883950525045

0.989501 -0.144527 0.000000 265.685521 0.144527 0.989501 0.000000 24.117777 0.000000 0.000000 1.000000 0.000000 1547824884200475931

0.989389 -0.145291 0.000000 267.947352 0.145291 0.989389 0.000000 24.445200 0.000000 0.000000 1.000000 0.000000 1547824884451159000

0.989276 -0.146056 0.000000 270.230348 0.146056 0.989276 0.000000 24.764189 0.000000 0.000000 1.000000 0.000000 1547824884701316118

0.989205 -0.146538 0.000000 272.489121 0.146538 0.989205 0.000000 25.049473 0.000000 0.000000 1.000000 0.000000 1547824884951231002

0.989164 -0.146813 0.000000 274.766787 0.146813 0.989164 0.000000 25.394033 0.000000 0.000000 1.000000 0.000000 1547824885200644016

0.988874 -0.148753 0.000000 277.070030 0.148753 0.988874 0.000000 25.752287 0.000000 0.000000 1.000000 0.000000 1547824885449419975

0.989125 -0.147079 0.000000 279.359415 0.147079 0.989125 0.000000 26.093421 0.000000 0.000000 1.000000 0.000000 1547824885698792934

0.989562 -0.144108 0.000000 281.640993 0.144108 0.989562 0.000000 26.367236 0.000000 0.000000 1.000000 0.000000 1547824885948359966

0.989901 -0.141763 0.000000 283.884094 0.141763 0.989901 0.000000 26.708803 0.000000 0.000000 1.000000 0.000000 1547824886197288990

0.990280 -0.139086 0.000000 286.118092 0.139086 0.990280 0.000000 27.010686 0.000000 0.000000 1.000000 0.000000 1547824886445398092

0.990736 -0.135802 0.000000 288.387822 0.135802 0.990736 0.000000 27.349860 0.000000 0.000000 1.000000 0.000000 1547824886693238973

0.991145 -0.132781 0.000000 290.608708 0.132781 0.991145 0.000000 27.609043 0.000000 0.000000 1.000000 0.000000 1547824886941371917

0.991515 -0.129992 0.000000 292.805990 0.129992 0.991515 0.000000 27.913018 0.000000 0.000000 1.000000 0.000000 1547824887189253091

0.992010 -0.126162 0.000000 295.006732 0.126162 0.992010 0.000000 28.180267 0.000000 0.000000 1.000000 0.000000 1547824887437844991

0.992479 -0.122417 0.000000 297.242619 0.122417 0.992479 0.000000 28.427873 0.000000 0.000000 1.000000 0.000000 1547824887687809944

0.992833 -0.119507 0.000000 299.430004 0.119507 0.992833 0.000000 28.592979 0.000000 0.000000 1.000000 0.000000 1547824887937676906

0.993232 -0.116147 0.000000 301.571660 0.116147 0.993232 0.000000 28.866081 0.000000 0.000000 1.000000 0.000000 1547824888187544107

0.993535 -0.113526 0.000000 303.758783 0.113526 0.993535 0.000000 29.139731 0.000000 0.000000 1.000000 0.000000 1547824888437345981

0.993673 -0.112310 0.000000 305.898525 0.112310 0.993673 0.000000 29.392133 0.000000 0.000000 1.000000 0.000000 1547824888686975955

0.994006 -0.109322 0.000000 308.042094 0.109322 0.994006 0.000000 29.582209 0.000000 0.000000 1.000000 0.000000 1547824888937541961

0.994477 -0.104955 0.000000 310.205540 0.104955 0.994477 0.000000 29.759003 0.000000 0.000000 1.000000 0.000000 1547824889189434051

0.994514 -0.104602 0.000000 312.368862 0.104602 0.994514 0.000000 30.052313 0.000000 0.000000 1.000000 0.000000 1547824889440917968

0.994744 -0.102389 0.000000 314.510520 0.102389 0.994744 0.000000 30.234731 0.000000 0.000000 1.000000 0.000000 1547824889692367076

0.994945 -0.100422 0.000000 316.663000 0.100422 0.994945 0.000000 30.428522 0.000000 0.000000 1.000000 0.000000 1547824889943787097

0.995187 -0.097992 0.000000 318.802051 0.097992 0.995187 0.000000 30.622567 0.000000 0.000000 1.000000 0.000000 1547824890194466114

0.995485 -0.094916 0.000000 320.979293 0.094916 0.995485 0.000000 30.742767 0.000000 0.000000 1.000000 0.000000 1547824890445560932

0.995627 -0.093415 0.000000 323.187021 0.093415 0.995627 0.000000 30.968148 0.000000 0.000000 1.000000 0.000000 1547824890696880102

0.995843 -0.091090 0.000000 325.374606 0.091090 0.995843 0.000000 31.128895 0.000000 0.000000 1.000000 0.000000 1547824890947932004

0.996012 -0.089222 0.000000 327.540572 0.089222 0.996012 0.000000 31.307201 0.000000 0.000000 1.000000 0.000000 1547824891198899030

0.996063 -0.088651 0.000000 329.713159 0.088651 0.996063 0.000000 31.481986 0.000000 0.000000 1.000000 0.000000 1547824891450158119

0.996010 -0.089238 0.000000 331.971368 0.089238 0.996010 0.000000 31.660609 0.000000 0.000000 1.000000 0.000000 1547824891701253890

0.996129 -0.087903 0.000000 334.210772 0.087903 0.996129 0.000000 31.879975 0.000000 0.000000 1.000000 0.000000 1547824891953489065

0.996117 -0.088040 0.000000 336.490624 0.088040 0.996117 0.000000 32.075002 0.000000 0.000000 1.000000 0.000000 1547824892207000017

0.996144 -0.087731 0.000000 338.780468 0.087731 0.996144 0.000000 32.239412 0.000000 0.000000 1.000000 0.000000 1547824892459403991

0.996074 -0.088526 0.000000 341.082323 0.088526 0.996074 0.000000 32.386870 0.000000 0.000000 1.000000 0.000000 1547824892709408998

0.996140 -0.087778 0.000000 343.359117 0.087778 0.996140 0.000000 32.602775 0.000000 0.000000 1.000000 0.000000 1547824892958141088

0.996138 -0.087806 0.000000 345.703613 0.087806 0.996138 0.000000 32.792902 0.000000 0.000000 1.000000 0.000000 1547824893205992937

0.996367 -0.085158 0.000000 348.006598 0.085158 0.996367 0.000000 32.979039 0.000000 0.000000 1.000000 0.000000 1547824893453388929

0.996510 -0.083473 0.000000 350.325574 0.083473 0.996510 0.000000 33.178788 0.000000 0.000000 1.000000 0.000000 1547824893700818061

0.996625 -0.082092 0.000000 352.674011 0.082092 0.996625 0.000000 33.357879 0.000000 0.000000 1.000000 0.000000 1547824893948874950

0.997078 -0.076390 0.000000 355.018707 0.076390 0.997078 0.000000 33.510682 0.000000 0.000000 1.000000 0.000000 1547824894197911977

0.997573 -0.069624 0.000000 357.354160 0.069624 0.997573 0.000000 33.681518 0.000000 0.000000 1.000000 0.000000 1547824894447964906

0.998179 -0.060324 0.000000 359.791506 0.060324 0.998179 0.000000 33.836204 0.000000 0.000000 1.000000 0.000000 1547824894699208974

0.998763 -0.049729 0.000000 362.197965 0.049729 0.998763 0.000000 33.965230 0.000000 0.000000 1.000000 0.000000 1547824894949896097

0.999274 -0.038098 0.000000 364.644280 0.038098 0.999274 0.000000 34.034826 0.000000 0.000000 1.000000 0.000000 1547824895200067996

0.999570 -0.029334 0.000000 367.057727 0.029334 0.999570 0.000000 34.097254 0.000000 0.000000 1.000000 0.000000 1547824895450443029

0.999756 -0.022077 0.000000 369.542007 0.022077 0.999756 0.000000 34.163382 0.000000 0.000000 1.000000 0.000000 1547824895700544118

0.999891 -0.014782 0.000000 371.939788 0.014782 0.999891 0.000000 34.185870 0.000000 0.000000 1.000000 0.000000 1547824895950220108

0.999949 -0.010112 0.000000 374.406740 0.010112 0.999949 0.000000 34.208033 0.000000 0.000000 1.000000 0.000000 1547824896200072050

0.999970 -0.007753 0.000000 376.865279 0.007753 0.999970 0.000000 34.206010 0.000000 0.000000 1.000000 0.000000 1547824896450154066

0.999982 -0.005997 0.000000 379.276179 0.005997 0.999982 0.000000 34.218212 0.000000 0.000000 1.000000 0.000000 1547824896700913906

0.999978 -0.006576 0.000000 381.793757 0.006576 0.999978 0.000000 34.195259 0.000000 0.000000 1.000000 0.000000 1547824896952821969

0.999965 -0.008336 0.000000 384.301384 0.008336 0.999965 0.000000 34.214909 0.000000 0.000000 1.000000 0.000000 1547824897204588890

0.999932 -0.011650 0.000000 386.790702 0.011650 0.999932 0.000000 34.251166 0.000000 0.000000 1.000000 0.000000 1547824897455871105

0.999843 -0.017725 0.000000 389.342865 0.017725 0.999843 0.000000 34.310707 0.000000 0.000000 1.000000 0.000000 1547824897707123041

0.999620 -0.027552 0.000000 391.815494 0.027552 0.999620 0.000000 34.341679 0.000000 0.000000 1.000000 0.000000 1547824897958132028

0.999358 -0.035826 0.000000 394.262432 0.035826 0.999358 0.000000 34.408361 0.000000 0.000000 1.000000 0.000000 1547824898209368944

0.999014 -0.044389 0.000000 396.787253 0.044389 0.999014 0.000000 34.531498 0.000000 0.000000 1.000000 0.000000 1547824898460797071

0.998692 -0.051121 0.000000 399.260991 0.051121 0.998692 0.000000 34.638308 0.000000 0.000000 1.000000 0.000000 1547824898711935997

0.998434 -0.055949 0.000000 401.705513 0.055949 0.998434 0.000000 34.736818 0.000000 0.000000 1.000000 0.000000 1547824898962999105

0.998254 -0.059075 0.000000 404.135506 0.059075 0.998254 0.000000 34.852289 0.000000 0.000000 1.000000 0.000000 1547824899214323997

0.998242 -0.059275 0.000000 406.528705 0.059275 0.998242 0.000000 34.980445 0.000000 0.000000 1.000000 0.000000 1547824899465956926

0.998293 -0.058403 0.000000 408.921148 0.058403 0.998293 0.000000 35.128336 0.000000 0.000000 1.000000 0.000000 1547824899718350887

0.998344 -0.057525 0.000000 411.294045 0.057525 0.998344 0.000000 35.244690 0.000000 0.000000 1.000000 0.000000 1547824899971735000

0.998295 -0.058375 0.000000 413.540278 0.058375 0.998295 0.000000 35.361116 0.000000 0.000000 1.000000 0.000000 1547824900224499940

0.998053 -0.062371 0.000000 415.761737 0.062371 0.998053 0.000000 35.479663 0.000000 0.000000 1.000000 0.000000 1547824900474989891

0.997779 -0.066610 0.000000 417.928507 0.066610 0.997779 0.000000 35.579701 0.000000 0.000000 1.000000 0.000000 1547824900723676919

0.997383 -0.072301 0.000000 420.011300 0.072301 0.997383 0.000000 35.736243 0.000000 0.000000 1.000000 0.000000 1547824900971064090

0.997023 -0.077111 0.000000 422.061146 0.077111 0.997023 0.000000 35.831241 0.000000 0.000000 1.000000 0.000000 1547824901218234062

0.996587 -0.082553 0.000000 424.074862 0.082553 0.996587 0.000000 36.008101 0.000000 0.000000 1.000000 0.000000 1547824901465961933

0.996240 -0.086637 0.000000 426.010983 0.086637 0.996240 0.000000 36.201573 0.000000 0.000000 1.000000 0.000000 1547824901714001893

0.996007 -0.089277 0.000000 427.960081 0.089277 0.996007 0.000000 36.321026 0.000000 0.000000 1.000000 0.000000 1547824901962852954

0.995947 -0.089947 0.000000 429.764054 0.089947 0.995947 0.000000 36.508591 0.000000 0.000000 1.000000 0.000000 1547824902213093042

0.996247 -0.086561 0.000000 431.533866 0.086561 0.996247 0.000000 36.664499 0.000000 0.000000 1.000000 0.000000 1547824902464495897

0.996751 -0.080543 0.000000 433.261600 0.080543 0.996751 0.000000 36.771066 0.000000 0.000000 1.000000 0.000000 1547824902715260982

0.997405 -0.072002 0.000000 434.868534 0.072002 0.997405 0.000000 36.869624 0.000000 0.000000 1.000000 0.000000 1547824902965666055

0.999468 -0.032617 0.000000 437.795555 0.032617 0.999468 0.000000 37.032731 0.000000 0.000000 1.000000 0.000000 1547824903466049909

0.997651 0.068508 0.000000 440.385566 -0.068508 0.997651 -0.000000 36.867726 -0.000000 0.000000 1.000000 0.000000 1547824903966243982

0.979919 0.199396 0.000000 442.737144 -0.199396 0.979919 -0.000000 36.277041 -0.000000 0.000000 1.000000 0.000000 1547824904470679044

0.942831 0.333270 0.000000 444.685751 -0.333270 0.942831 -0.000000 35.587126 -0.000000 0.000000 1.000000 0.000000 1547824904975621938

0.887556 0.460699 0.000000 446.327492 -0.460699 0.887556 -0.000000 34.679904 -0.000000 0.000000 1.000000 0.000000 1547824905476113080

0.812089 0.583534 0.000000 447.684402 -0.583534 0.812089 -0.000000 33.670364 -0.000000 0.000000 1.000000 0.000000 1547824905973695993

0.700580 0.713574 0.000000 448.738555 -0.713574 0.700580 -0.000000 32.459380 -0.000000 0.000000 1.000000 0.000000 1547824906472943067

0.631415 0.775445 0.000000 449.269823 -0.775445 0.631415 -0.000000 31.759777 -0.000000 0.000000 1.000000 0.000000 1547824906723872900

0.552987 0.833190 0.000000 449.652244 -0.833190 0.552987 -0.000000 31.071034 -0.000000 0.000000 1.000000 0.000000 1547824906975122928

0.467205 0.884149 0.000000 449.944193 -0.884149 0.467205 -0.000000 30.344909 -0.000000 0.000000 1.000000 0.000000 1547824907226094961

0.372301 0.928112 0.000000 450.146084 -0.928112 0.372301 -0.000000 29.579708 -0.000000 0.000000 1.000000 0.000000 1547824907477018117

0.265811 0.964025 0.000000 450.283041 -0.964025 0.265811 -0.000000 28.764510 -0.000000 0.000000 1.000000 0.000000 1547824907727637052

0.149525 0.988758 0.000000 450.350144 -0.988758 0.149525 -0.000000 27.861058 -0.000000 0.000000 1.000000 0.000000 1547824907977938890

0.028144 0.999604 0.000000 450.295599 -0.999604 0.028144 -0.000000 26.981027 -0.000000 0.000000 1.000000 0.000000 1547824908227608919

-0.096110 0.995371 0.000000 450.137221 -0.995371 -0.096110 -0.000000 26.025483 -0.000000 0.000000 1.000000 0.000000 1547824908476181030

-0.218886 0.975750 0.000000 449.860394 -0.975750 -0.218886 -0.000000 25.028182 -0.000000 0.000000 1.000000 0.000000 1547824908724992036

-0.335313 0.942107 0.000000 449.417353 -0.942107 -0.335313 -0.000000 24.107289 -0.000000 0.000000 1.000000 0.000000 1547824908973877906

-0.447156 0.894456 0.000000 448.877172 -0.894456 -0.447156 -0.000000 23.178080 -0.000000 0.000000 1.000000 0.000000 1547824909221704006

-0.546424 0.837509 0.000000 448.227932 -0.837509 -0.546424 0.000000 22.187994 0.000000 0.000000 1.000000 0.000000 1547824909469553947

-0.636538 0.771245 0.000000 447.412254 -0.771245 -0.636538 0.000000 21.352027 0.000000 0.000000 1.000000 0.000000 1547824909717463970

-0.711831 0.702351 0.000000 446.506301 -0.702351 -0.711831 0.000000 20.391953 0.000000 0.000000 1.000000 0.000000 1547824909964787006

-0.773924 0.633279 0.000000 445.390569 -0.633279 -0.773924 0.000000 19.569523 0.000000 0.000000 1.000000 0.000000 1547824910212862014

-0.817660 0.575701 0.000000 444.120217 -0.575701 -0.817660 0.000000 18.661004 0.000000 0.000000 1.000000 0.000000 1547824910462629079

-0.843026 0.537872 0.000000 442.709871 -0.537872 -0.843026 0.000000 17.912050 0.000000 0.000000 1.000000 0.000000 1547824910714230060

-0.859635 0.510909 0.000000 441.256709 -0.510909 -0.859635 0.000000 17.146620 0.000000 0.000000 1.000000 0.000000 1547824910965750932

-0.869580 0.493792 0.000000 439.690506 -0.493792 -0.869580 0.000000 16.264558 0.000000 0.000000 1.000000 0.000000 1547824911217617034

-0.876281 0.481801 0.000000 437.962136 -0.481801 -0.876281 0.000000 15.429599 0.000000 0.000000 1.000000 0.000000 1547824911470099925

-0.879648 0.475625 0.000000 436.211366 -0.475625 -0.879648 0.000000 14.509307 0.000000 0.000000 1.000000 0.000000 1547824911721353054

-0.882969 0.469432 0.000000 434.379685 -0.469432 -0.882969 0.000000 13.573814 0.000000 0.000000 1.000000 0.000000 1547824911971929073

-0.884271 0.466974 0.000000 432.447358 -0.466974 -0.884271 0.000000 12.555824 0.000000 0.000000 1.000000 0.000000 1547824912223268985

-0.885927 0.463824 0.000000 430.387532 -0.463824 -0.885927 0.000000 11.559941 0.000000 0.000000 1.000000 0.000000 1547824912475091934

-0.886073 0.463545 0.000000 428.312415 -0.463545 -0.886073 0.000000 10.440749 0.000000 0.000000 1.000000 0.000000 1547824912726293087

-0.886335 0.463045 0.000000 426.182117 -0.463045 -0.886335 0.000000 9.326111 0.000000 0.000000 1.000000 0.000000 1547824912977219104

-0.886532 0.462668 0.000000 423.976297 -0.462668 -0.886532 0.000000 8.181156 0.000000 0.000000 1.000000 0.000000 1547824913228133916

-0.887125 0.461530 0.000000 421.736663 -0.461530 -0.887125 0.000000 7.054644 0.000000 0.000000 1.000000 0.000000 1547824913479302883

-0.887862 0.460111 0.000000 419.447726 -0.460111 -0.887862 0.000000 5.857468 0.000000 0.000000 1.000000 0.000000 1547824913730719089

-0.888570 0.458742 0.000000 417.147406 -0.458742 -0.888570 0.000000 4.661874 0.000000 0.000000 1.000000 0.000000 1547824913982242107

-0.889644 0.456655 0.000000 414.766698 -0.456655 -0.889644 0.000000 3.465757 0.000000 0.000000 1.000000 0.000000 1547824914235182046

-0.890411 0.455158 0.000000 412.377678 -0.455158 -0.890411 0.000000 2.224774 0.000000 0.000000 1.000000 0.000000 1547824914489299058

-0.892145 0.451748 0.000000 409.981141 -0.451748 -0.892145 0.000000 0.988532 0.000000 0.000000 1.000000 0.000000 1547824914741285085

-0.893214 0.449631 0.000000 407.670979 -0.449631 -0.893214 0.000000 -0.210655 0.000000 0.000000 1.000000 0.000000 1547824914990503072

-0.895100 0.445866 0.000000 405.337564 -0.445866 -0.895100 0.000000 -1.362523 0.000000 0.000000 1.000000 0.000000 1547824915238926887

-0.896163 0.443725 0.000000 403.052078 -0.443725 -0.896163 0.000000 -2.480563 0.000000 0.000000 1.000000 0.000000 1547824915486767053

-0.896532 0.442979 0.000000 400.765611 -0.442979 -0.896532 0.000000 -3.608275 0.000000 0.000000 1.000000 0.000000 1547824915734064102

-0.896760 0.442517 0.000000 398.501233 -0.442517 -0.896760 0.000000 -4.688862 0.000000 0.000000 1.000000 0.000000 1547824915981327056

-0.896747 0.442544 0.000000 396.358777 -0.442544 -0.896747 0.000000 -5.771861 0.000000 0.000000 1.000000 0.000000 1547824916229322910

-0.897153 0.441720 0.000000 394.191972 -0.441720 -0.897153 0.000000 -6.842512 0.000000 0.000000 1.000000 0.000000 1547824916478172063

-0.896975 0.442081 0.000000 392.102140 -0.442081 -0.896975 0.000000 -7.882104 0.000000 0.000000 1.000000 0.000000 1547824916728468894

-0.896592 0.442857 0.000000 390.090756 -0.442857 -0.896592 0.000000 -8.867919 0.000000 0.000000 1.000000 0.000000 1547824916979427099

-0.896238 0.443573 0.000000 388.116570 -0.443573 -0.896238 0.000000 -9.817880 0.000000 0.000000 1.000000 0.000000 1547824917229536056

-0.896165 0.443721 0.000000 386.238747 -0.443721 -0.896165 0.000000 -10.764217 0.000000 0.000000 1.000000 0.000000 1547824917479473114

-0.896190 0.443671 0.000000 384.427009 -0.443671 -0.896190 0.000000 -11.677769 0.000000 0.000000 1.000000 0.000000 1547824917729279041

-0.896875 0.442284 0.000000 382.731086 -0.442284 -0.896875 0.000000 -12.548452 0.000000 0.000000 1.000000 0.000000 1547824917979000091

-0.897916 0.440166 0.000000 381.021362 -0.440166 -0.897916 0.000000 -13.357102 0.000000 0.000000 1.000000 0.000000 1547824918229120969

-0.898651 0.438665 0.000000 379.387280 -0.438665 -0.898651 0.000000 -14.091282 0.000000 0.000000 1.000000 0.000000 1547824918480668067

-0.899648 0.436617 0.000000 377.884209 -0.436617 -0.899648 0.000000 -14.812034 0.000000 0.000000 1.000000 0.000000 1547824918732795000

-0.900739 0.434360 0.000000 376.495582 -0.434360 -0.900739 0.000000 -15.549015 0.000000 0.000000 1.000000 0.000000 1547824918984730958

-0.902163 0.431394 0.000000 373.892565 -0.431394 -0.902163 0.000000 -16.770924 0.000000 0.000000 1.000000 0.000000 1547824919487505912

-0.903377 0.428846 0.000000 371.354145 -0.428846 -0.903377 0.000000 -17.970184 0.000000 0.000000 1.000000 0.000000 1547824919985539913

-0.904135 0.427247 0.000000 368.725874 -0.427247 -0.904135 0.000000 -19.154279 0.000000 0.000000 1.000000 0.000000 1547824920482477903

-0.904520 0.426431 0.000000 365.992156 -0.426431 -0.904520 0.000000 -20.476047 0.000000 0.000000 1.000000 0.000000 1547824920978984117

-0.904984 0.425445 0.000000 364.429106 -0.425445 -0.904984 0.000000 -21.194863 0.000000 0.000000 1.000000 0.000000 1547824921227962017

-0.904937 0.425546 0.000000 362.875785 -0.425546 -0.904937 0.000000 -21.875354 0.000000 0.000000 1.000000 0.000000 1547824921477785110

-0.904548 0.426371 0.000000 361.219309 -0.426371 -0.904548 0.000000 -22.651116 0.000000 0.000000 1.000000 0.000000 1547824921727869987

-0.904077 0.427369 0.000000 359.597341 -0.427369 -0.904077 0.000000 -23.474769 0.000000 0.000000 1.000000 0.000000 1547824921978013038

-0.904304 0.426889 0.000000 357.831666 -0.426889 -0.904304 0.000000 -24.276834 0.000000 0.000000 1.000000 0.000000 1547824922228023052

-0.904480 0.426517 0.000000 355.991806 -0.426517 -0.904480 0.000000 -25.087576 0.000000 0.000000 1.000000 0.000000 1547824922477528095

-0.904618 0.426224 0.000000 354.170238 -0.426224 -0.904618 0.000000 -25.956787 0.000000 0.000000 1.000000 0.000000 1547824922725796937

-0.904879 0.425669 0.000000 352.288168 -0.425669 -0.904879 0.000000 -26.841702 0.000000 0.000000 1.000000 0.000000 1547824922974479913

-0.906503 0.422200 0.000000 350.316862 -0.422200 -0.906503 0.000000 -27.740879 0.000000 0.000000 1.000000 0.000000 1547824923223186969

-0.908592 0.417685 0.000000 348.321028 -0.417685 -0.908592 0.000000 -28.669181 0.000000 0.000000 1.000000 0.000000 1547824923471249103

-0.910821 0.412801 0.000000 346.285045 -0.412801 -0.910821 0.000000 -29.552540 0.000000 0.000000 1.000000 0.000000 1547824923719690084

-0.913719 0.406346 0.000000 344.228851 -0.406346 -0.913719 0.000000 -30.450646 0.000000 0.000000 1.000000 0.000000 1547824923967941999

-0.917995 0.396593 0.000000 342.157967 -0.396593 -0.917995 0.000000 -31.358019 0.000000 0.000000 1.000000 0.000000 1547824924215604066

-0.922874 0.385102 0.000000 339.921120 -0.385102 -0.922874 0.000000 -32.235114 0.000000 0.000000 1.000000 0.000000 1547824924464205980

-0.927678 0.373382 0.000000 337.714615 -0.373382 -0.927678 0.000000 -33.144741 0.000000 0.000000 1.000000 0.000000 1547824924714612007

-0.931754 0.363089 0.000000 335.436468 -0.363089 -0.931754 0.000000 -34.034996 0.000000 0.000000 1.000000 0.000000 1547824924964967966

-0.935591 0.353085 0.000000 333.133324 -0.353085 -0.935591 0.000000 -34.869710 0.000000 0.000000 1.000000 0.000000 1547824925214704990

-0.940854 0.338811 0.000000 330.779718 -0.338811 -0.940854 0.000000 -35.758113 0.000000 0.000000 1.000000 0.000000 1547824925464531898

-0.946434 0.322896 0.000000 328.402816 -0.322896 -0.946434 0.000000 -36.578355 0.000000 0.000000 1.000000 0.000000 1547824925714195013

-0.952395 0.304866 0.000000 325.927673 -0.304866 -0.952395 0.000000 -37.321135 0.000000 0.000000 1.000000 0.000000 1547824925964680910

-0.957257 0.289238 0.000000 323.396360 -0.289238 -0.957257 0.000000 -38.064028 0.000000 0.000000 1.000000 0.000000 1547824926216562032

-0.959365 0.282169 0.000000 320.820090 -0.282169 -0.959365 0.000000 -38.829902 0.000000 0.000000 1.000000 0.000000 1547824926468496084

-0.960118 0.279597 0.000000 318.185147 -0.279597 -0.960118 0.000000 -39.613931 0.000000 0.000000 1.000000 0.000000 1547824926719480991

-0.959946 0.280184 0.000000 315.542091 -0.280184 -0.959946 0.000000 -40.297581 0.000000 0.000000 1.000000 0.000000 1547824926970612049

-0.959162 0.282858 0.000000 312.922254 -0.282858 -0.959162 0.000000 -41.105426 0.000000 0.000000 1.000000 0.000000 1547824927221884965

-0.957159 0.289564 0.000000 310.205176 -0.289564 -0.957159 0.000000 -41.934228 0.000000 0.000000 1.000000 0.000000 1547824927473051071

-0.955079 0.296352 0.000000 307.517049 -0.296352 -0.955079 0.000000 -42.770914 0.000000 0.000000 1.000000 0.000000 1547824927723984003

-0.951814 0.306677 0.000000 304.759591 -0.306677 -0.951814 0.000000 -43.602066 0.000000 0.000000 1.000000 0.000000 1547824927974778890

-0.948161 0.317790 0.000000 301.976814 -0.317790 -0.948161 0.000000 -44.507107 0.000000 0.000000 1.000000 0.000000 1547824928225943088

-0.944263 0.329191 0.000000 299.226129 -0.329191 -0.944263 0.000000 -45.455291 0.000000 0.000000 1.000000 0.000000 1547824928476955890

-0.940980 0.338462 0.000000 296.460942 -0.338462 -0.940980 0.000000 -46.419294 0.000000 0.000000 1.000000 0.000000 1547824928728291988

-0.938733 0.344647 0.000000 293.643995 -0.344647 -0.938733 0.000000 -47.476079 0.000000 0.000000 1.000000 0.000000 1547824928980496883

-0.937098 0.349067 0.000000 290.825166 -0.349067 -0.937098 0.000000 -48.602412 0.000000 0.000000 1.000000 0.000000 1547824929233635902

-0.936462 0.350768 0.000000 287.946460 -0.350768 -0.936462 0.000000 -49.642089 0.000000 0.000000 1.000000 0.000000 1547824929486984968

-0.935624 0.352998 0.000000 285.087412 -0.352998 -0.935624 0.000000 -50.774923 0.000000 0.000000 1.000000 0.000000 1547824929739185094

-0.934146 0.356891 0.000000 282.223517 -0.356891 -0.934146 0.000000 -51.879943 0.000000 0.000000 1.000000 0.000000 1547824929989551067

-0.932379 0.361482 0.000000 279.432453 -0.361482 -0.932379 0.000000 -52.953709 0.000000 0.000000 1.000000 0.000000 1547824930237926006

-0.930498 0.366296 0.000000 276.567450 -0.366296 -0.930498 0.000000 -54.027277 0.000000 0.000000 1.000000 0.000000 1547824930485539913

-0.928449 0.371459 0.000000 273.744870 -0.371459 -0.928449 0.000000 -55.189049 0.000000 0.000000 1.000000 0.000000 1547824930732927083

-0.926318 0.376742 0.000000 270.884148 -0.376742 -0.926318 0.000000 -56.246408 0.000000 0.000000 1.000000 0.000000 1547824930979861021

-0.925088 0.379753 0.000000 268.050786 -0.379753 -0.925088 0.000000 -57.367754 0.000000 0.000000 1.000000 0.000000 1547824931227932929

-0.924337 0.381576 0.000000 265.231687 -0.381576 -0.924337 0.000000 -58.474954 0.000000 0.000000 1.000000 0.000000 1547824931477283954

-0.922972 0.384868 0.000000 262.440185 -0.384868 -0.922972 0.000000 -59.673369 0.000000 0.000000 1.000000 0.000000 1547824931728080987

-0.922164 0.386799 0.000000 259.618938 -0.386799 -0.922164 0.000000 -60.843162 0.000000 0.000000 1.000000 0.000000 1547824931978787899

-0.921121 0.389276 0.000000 256.904537 -0.389276 -0.921121 0.000000 -61.980737 0.000000 0.000000 1.000000 0.000000 1547824932228491067

-0.921455 0.388485 0.000000 254.163250 -0.388485 -0.921455 0.000000 -63.081809 0.000000 0.000000 1.000000 0.000000 1547824932478210926

-0.920610 0.390482 0.000000 251.461832 -0.390482 -0.920610 0.000000 -64.242344 0.000000 0.000000 1.000000 0.000000 1547824932727988958

-0.919606 0.392842 0.000000 248.841467 -0.392842 -0.919606 0.000000 -65.400634 0.000000 0.000000 1.000000 0.000000 1547824932977829933

-0.918688 0.394984 0.000000 246.212909 -0.394984 -0.918688 0.000000 -66.570165 0.000000 0.000000 1.000000 0.000000 1547824933227766990

-0.917007 0.398871 0.000000 243.559915 -0.398871 -0.917007 0.000000 -67.658040 0.000000 0.000000 1.000000 0.000000 1547824933478389024

