0.999970 -0.007704 0.000000 1.386764 0.007704 0.999970 0.000000 -0.382796 0.000000 0.000000 1.000000 0.000000
0.999914 -0.013130 0.000000 3.705872 0.013130 0.999914 0.000000 -0.287292 0.000000 0.000000 1.000000 0.000000
0.999841 -0.017855 0.000000 5.600376 0.017855 0.999841 0.000000 -0.197031 0.000000 0.000000 1.000000 0.000000
0.999708 -0.024163 0.000000 7.806206 0.024163 0.999708 0.000000 -0.140715 0.000000 0.000000 1.000000 0.000000
0.999535 -0.030500 0.000000 10.306109 0.030500 0.999535 0.000000 -0.064494 0.000000 0.000000 1.000000 0.000000
0.999393 -0.034846 0.000000 12.995315 0.034846 0.999393 0.000000 0.051484 0.000000 0.000000 1.000000 0.000000
0.999347 -0.036145 0.000000 14.546437 0.036145 0.999347 0.000000 0.091028 0.000000 0.000000 1.000000 0.000000
0.999275 -0.038059 0.000000 16.122048 0.038059 0.999275 0.000000 0.190708 0.000000 0.000000 1.000000 0.000000
0.999204 -0.039890 0.000000 17.700502 0.039890 0.999204 0.000000 0.271765 0.000000 0.000000 1.000000 0.000000
0.999301 -0.037378 0.000000 19.412510 0.037378 0.999301 0.000000 0.396190 0.000000 0.000000 1.000000 0.000000
0.999341 -0.036290 0.000000 21.213643 0.036290 0.999341 0.000000 0.403256 0.000000 0.000000 1.000000 0.000000
0.999502 -0.031549 0.000000 23.012756 0.031549 0.999502 0.000000 0.492260 0.000000 0.000000 1.000000 0.000000
0.999590 -0.028640 0.000000 24.896947 0.028640 0.999590 0.000000 0.525235 0.000000 0.000000 1.000000 0.000000
0.999740 -0.022824 0.000000 26.865704 0.022824 0.999740 0.000000 0.609191 0.000000 0.000000 1.000000 0.000000
0.999796 -0.020185 0.000000 28.856335 0.020185 0.999796 0.000000 0.626551 0.000000 0.000000 1.000000 0.000000
0.999808 -0.019618 0.000000 30.951740 0.019618 0.999808 0.000000 0.652498 0.000000 0.000000 1.000000 0.000000
0.999797 -0.020138 0.000000 33.127720 0.020138 0.999797 0.000000 0.718935 0.000000 0.000000 1.000000 0.000000
0.999775 -0.021219 0.000000 35.301797 0.021219 0.999775 0.000000 0.713604 0.000000 0.000000 1.000000 0.000000
0.999740 -0.022816 0.000000 37.549786 0.022816 0.999740 0.000000 0.783041 0.000000 0.000000 1.000000 0.000000
0.999651 -0.026403 0.000000 39.847721 0.026403 0.999651 0.000000 0.833896 0.000000 0.000000 1.000000 0.000000
0.999510 -0.031292 0.000000 42.189695 0.031292 0.999510 0.000000 0.922142 0.000000 0.000000 1.000000 0.000000
0.999284 -0.037833 0.000000 44.605884 0.037833 0.999284 0.000000 0.978832 0.000000 0.000000 1.000000 0.000000
0.998916 -0.046540 0.000000 47.085349 0.046540 0.998916 0.000000 1.099770 0.000000 0.000000 1.000000 0.000000
0.998388 -0.056766 0.000000 49.538803 0.056766 0.998388 0.000000 1.213411 0.000000 0.000000 1.000000 0.000000
0.997729 -0.067351 0.000000 52.100732 0.067351 0.997729 0.000000 1.429996 0.000000 0.000000 1.000000 0.000000
0.996689 -0.081309 0.000000 54.728822 0.081309 0.996689 0.000000 1.603950 0.000000 0.000000 1.000000 0.000000
0.995591 -0.093800 0.000000 57.408412 0.093800 0.995591 0.000000 1.912533 0.000000 0.000000 1.000000 0.000000
0.994246 -0.107118 0.000000 60.080894 0.107118 0.994246 0.000000 2.160785 0.000000 0.000000 1.000000 0.000000
0.993008 -0.118047 0.000000 62.804986 0.118047 0.993008 0.000000 2.523299 0.000000 0.000000 1.000000 0.000000
0.992228 -0.124432 0.000000 65.597341 0.124432 0.992228 0.000000 2.901530 0.000000 0.000000 1.000000 0.000000
0.991600 -0.129343 0.000000 68.441386 0.129343 0.991600 0.000000 3.222476 0.000000 0.000000 1.000000 0.000000
0.991287 -0.131719 0.000000 71.308697 0.131719 0.991287 0.000000 3.623097 0.000000 0.000000 1.000000 0.000000
0.991433 -0.130614 0.000000 74.241869 0.130614 0.991433 0.000000 4.020086 0.000000 0.000000 1.000000 0.000000
0.992191 -0.124731 0.000000 77.236028 0.124731 0.992191 0.000000 4.384740 0.000000 0.000000 1.000000 0.000000
0.992747 -0.120225 0.000000 80.201923 0.120225 0.992747 0.000000 4.623334 0.000000 0.000000 1.000000 0.000000
0.993510 -0.113749 0.000000 83.376477 0.113749 0.993510 0.000000 5.052990 0.000000 0.000000 1.000000 0.000000
0.994144 -0.108065 0.000000 86.426831 0.108065 0.994144 0.000000 5.387460 0.000000 0.000000 1.000000 0.000000
0.994762 -0.102215 0.000000 89.472675 0.102215 0.994762 0.000000 5.689899 0.000000 0.000000 1.000000 0.000000
0.995237 -0.097481 0.000000 92.696544 0.097481 0.995237 0.000000 5.978645 0.000000 0.000000 1.000000 0.000000
0.995375 -0.096066 0.000000 95.883106 0.096066 0.995375 0.000000 6.300019 0.000000 0.000000 1.000000 0.000000
0.995709 -0.092540 0.000000 99.040732 0.092540 0.995709 0.000000 6.575508 0.000000 0.000000 1.000000 0.000000
0.995784 -0.091724 0.000000 102.183640 0.091724 0.995784 0.000000 6.860610 0.000000 0.000000 1.000000 0.000000
0.995999 -0.089365 0.000000 105.481607 0.089365 0.995999 0.000000 7.248734 0.000000 0.000000 1.000000 0.000000
0.995964 -0.089755 0.000000 108.578074 0.089755 0.995964 0.000000 7.478676 0.000000 0.000000 1.000000 0.000000
0.996202 -0.087070 0.000000 111.773272 0.087070 0.996202 0.000000 7.789062 0.000000 0.000000 1.000000 0.000000
0.996371 -0.085114 0.000000 114.931015 0.085114 0.996371 0.000000 7.997609 0.000000 0.000000 1.000000 0.000000
0.996671 -0.081529 0.000000 118.025935 0.081529 0.996671 0.000000 8.323892 0.000000 0.000000 1.000000 0.000000
0.996756 -0.080488 0.000000 121.154196 0.080488 0.996756 0.000000 8.599907 0.000000 0.000000 1.000000 0.000000
0.996627 -0.082066 0.000000 124.280039 0.082066 0.996627 0.000000 8.812480 0.000000 0.000000 1.000000 0.000000
0.996520 -0.083352 0.000000 127.425703 0.083352 0.996520 0.000000 9.130192 0.000000 0.000000 1.000000 0.000000
0.996377 -0.085046 0.000000 130.549839 0.085046 0.996377 0.000000 9.379021 0.000000 0.000000 1.000000 0.000000
0.996373 -0.085095 0.000000 133.627963 0.085095 0.996373 0.000000 9.641635 0.000000 0.000000 1.000000 0.000000
0.996392 -0.084872 0.000000 136.775471 0.084872 0.996392 0.000000 9.957818 0.000000 0.000000 1.000000 0.000000
0.996602 -0.082367 0.000000 139.902716 0.082367 0.996602 0.000000 10.183009 0.000000 0.000000 1.000000 0.000000
0.996776 -0.080239 0.000000 142.989069 0.080239 0.996776 0.000000 10.472291 0.000000 0.000000 1.000000 0.000000
0.996756 -0.080485 0.000000 146.041710 0.080485 0.996756 0.000000 10.765897 0.000000 0.000000 1.000000 0.000000
0.996655 -0.081725 0.000000 149.198274 0.081725 0.996655 0.000000 10.970091 0.000000 0.000000 1.000000 0.000000
0.996678 -0.081443 0.000000 152.303478 0.081443 0.996678 0.000000 11.264213 0.000000 0.000000 1.000000 0.000000
0.996708 -0.081076 0.000000 155.433123 0.081076 0.996708 0.000000 11.524740 0.000000 0.000000 1.000000 0.000000
0.996986 -0.077587 0.000000 158.519019 0.077587 0.996986 0.000000 11.737700 0.000000 0.000000 1.000000 0.000000
0.997027 -0.077050 0.000000 161.596423 0.077050 0.997027 0.000000 12.049564 0.000000 0.000000 1.000000 0.000000
0.997019 -0.077158 0.000000 164.628955 0.077158 0.997019 0.000000 12.297687 0.000000 0.000000 1.000000 0.000000
0.996833 -0.079528 0.000000 167.773569 0.079528 0.996833 0.000000 12.515264 0.000000 0.000000 1.000000 0.000000
0.996798 -0.079957 0.000000 170.803962 0.079957 0.996798 0.000000 12.778179 0.000000 0.000000 1.000000 0.000000
0.996708 -0.081069 0.000000 173.901719 0.081069 0.996708 0.000000 13.054683 0.000000 0.000000 1.000000 0.000000
0.996739 -0.080692 0.000000 177.015198 0.080692 0.996739 0.000000 13.352919 0.000000 0.000000 1.000000 0.000000
0.996619 -0.082159 0.000000 180.083021 0.082159 0.996619 0.000000 13.603764 0.000000 0.000000 1.000000 0.000000
0.996639 -0.081914 0.000000 183.169103 0.081914 0.996639 0.000000 13.924017 0.000000 0.000000 1.000000 0.000000
0.996611 -0.082256 0.000000 186.281687 0.082256 0.996611 0.000000 14.132044 0.000000 0.000000 1.000000 0.000000
0.996697 -0.081214 0.000000 189.433945 0.081214 0.996697 0.000000 14.438352 0.000000 0.000000 1.000000 0.000000
0.996841 -0.079418 0.000000 192.490087 0.079418 0.996841 0.000000 14.735429 0.000000 0.000000 1.000000 0.000000
0.996897 -0.078721 0.000000 195.630917 0.078721 0.996897 0.000000 14.974505 0.000000 0.000000 1.000000 0.000000
0.997045 -0.076825 0.000000 198.737880 0.076825 0.997045 0.000000 15.225265 0.000000 0.000000 1.000000 0.000000
0.997100 -0.076101 0.000000 201.860889 0.076101 0.997100 0.000000 15.484868 0.000000 0.000000 1.000000 0.000000
0.996843 -0.079399 0.000000 205.001423 0.079399 0.996843 0.000000 15.796029 0.000000 0.000000 1.000000 0.000000
0.996625 -0.082085 0.000000 208.138974 0.082085 0.996625 0.000000 16.067816 0.000000 0.000000 1.000000 0.000000
0.996625 -0.082090 0.000000 211.268734 0.082090 0.996625 0.000000 16.343860 0.000000 0.000000 1.000000 0.000000
0.996635 -0.081963 0.000000 214.405484 0.081963 0.996635 0.000000 16.627900 0.000000 0.000000 1.000000 0.000000
0.996708 -0.081074 0.000000 217.518699 0.081074 0.996708 0.000000 16.881678 0.000000 0.000000 1.000000 0.000000
0.996755 -0.080490 0.000000 220.628310 0.080490 0.996755 0.000000 17.152581 0.000000 0.000000 1.000000 0.000000
0.996895 -0.078736 0.000000 223.730575 0.078736 0.996895 0.000000 17.415836 0.000000 0.000000 1.000000 0.000000
0.997155 -0.075373 0.000000 226.828043 0.075373 0.997155 0.000000 17.739768 0.000000 0.000000 1.000000 0.000000
0.997512 -0.070501 0.000000 229.931080 0.070501 0.997512 0.000000 17.940789 0.000000 0.000000 1.000000 0.000000
0.997645 -0.068596 0.000000 232.887850 0.068596 0.997645 0.000000 18.159546 0.000000 0.000000 1.000000 0.000000
0.997647 -0.068564 0.000000 235.902472 0.068564 0.997647 0.000000 18.376030 0.000000 0.000000 1.000000 0.000000
0.997751 -0.067034 0.000000 238.942365 0.067034 0.997751 0.000000 18.586637 0.000000 0.000000 1.000000 0.000000
0.997565 -0.069747 0.000000 241.953791 0.069747 0.997565 0.000000 18.838364 0.000000 0.000000 1.000000 0.000000
0.997513 -0.070488 0.000000 245.021728 0.070488 0.997513 0.000000 19.055451 0.000000 0.000000 1.000000 0.000000
0.997424 -0.071727 0.000000 248.080376 0.071727 0.997424 0.000000 19.295673 0.000000 0.000000 1.000000 0.000000
0.997418 -0.071809 0.000000 251.099758 0.071809 0.997418 0.000000 19.561783 0.000000 0.000000 1.000000 0.000000
0.997104 -0.076053 0.000000 254.155420 0.076053 0.997104 0.000000 19.811904 0.000000 0.000000 1.000000 0.000000
0.996747 -0.080591 0.000000 257.223266 0.080591 0.996747 0.000000 20.031034 0.000000 0.000000 1.000000 0.000000
0.996377 -0.085042 0.000000 260.332238 0.085042 0.996377 0.000000 20.232002 0.000000 0.000000 1.000000 0.000000
0.996192 -0.087187 0.000000 263.339539 0.087187 0.996192 0.000000 20.583338 0.000000 0.000000 1.000000 0.000000
0.996141 -0.087771 0.000000 266.357052 0.087771 0.996141 0.000000 20.808510 0.000000 0.000000 1.000000 0.000000
0.996384 -0.084964 0.000000 269.392611 0.084964 0.996384 0.000000 21.031966 0.000000 0.000000 1.000000 0.000000
0.996622 -0.082130 0.000000 272.311143 0.082130 0.996622 0.000000 21.300868 0.000000 0.000000 1.000000 0.000000
0.996860 -0.079183 0.000000 275.250914 0.079183 0.996860 0.000000 21.546702 0.000000 0.000000 1.000000 0.000000
0.996968 -0.077811 0.000000 278.193429 0.077811 0.996968 0.000000 21.789215 0.000000 0.000000 1.000000 0.000000
0.997044 -0.076836 0.000000 281.111355 0.076836 0.997044 0.000000 21.958476 0.000000 0.000000 1.000000 0.000000
0.997014 -0.077220 0.000000 284.046192 0.077220 0.997014 0.000000 22.245192 0.000000 0.000000 1.000000 0.000000
0.997077 -0.076398 0.000000 286.982531 0.076398 0.997077 0.000000 22.473503 0.000000 0.000000 1.000000 0.000000
0.997122 -0.075816 0.000000 289.931661 0.075816 0.997122 0.000000 22.706529 0.000000 0.000000 1.000000 0.000000
0.997146 -0.075499 0.000000 292.866993 0.075499 0.997146 0.000000 22.896344 0.000000 0.000000 1.000000 0.000000
0.997290 -0.073573 0.000000 295.763126 0.073573 0.997290 0.000000 23.174023 0.000000 0.000000 1.000000 0.000000
0.997299 -0.073445 0.000000 298.668717 0.073445 0.997299 0.000000 23.360940 0.000000 0.000000 1.000000 0.000000
0.997339 -0.072903 0.000000 301.602242 0.072903 0.997339 0.000000 23.634106 0.000000 0.000000 1.000000 0.000000
0.997323 -0.073116 0.000000 304.554513 0.073116 0.997323 0.000000 23.869994 0.000000 0.000000 1.000000 0.000000
0.997419 -0.071799 0.000000 307.489151 0.071799 0.997419 0.000000 24.032978 0.000000 0.000000 1.000000 0.000000
0.997448 -0.071396 0.000000 310.543498 0.071396 0.997448 0.000000 24.354510 0.000000 0.000000 1.000000 0.000000
0.997384 -0.072290 0.000000 313.567130 0.072290 0.997384 0.000000 24.565754 0.000000 0.000000 1.000000 0.000000
0.997252 -0.074090 0.000000 316.616704 0.074090 0.997252 0.000000 24.863041 0.000000 0.000000 1.000000 0.000000
0.997213 -0.074604 0.000000 319.686110 0.074604 0.997213 0.000000 25.065397 0.000000 0.000000 1.000000 0.000000
0.997235 -0.074308 0.000000 322.819849 0.074308 0.997235 0.000000 25.296141 0.000000 0.000000 1.000000 0.000000
0.997172 -0.075155 0.000000 325.917743 0.075155 0.997172 0.000000 25.612127 0.000000 0.000000 1.000000 0.000000
0.997177 -0.075093 0.000000 329.061369 0.075093 0.997177 0.000000 25.932837 0.000000 0.000000 1.000000 0.000000
0.997201 -0.074766 0.000000 332.220175 0.074766 0.997201 0.000000 26.135468 0.000000 0.000000 1.000000 0.000000
0.997219 -0.074530 0.000000 335.463616 0.074530 0.997219 0.000000 26.366737 0.000000 0.000000 1.000000 0.000000
0.997176 -0.075096 0.000000 338.750162 0.075096 0.997176 0.000000 26.633378 0.000000 0.000000 1.000000 0.000000
0.997154 -0.075392 0.000000 342.019093 0.075392 0.997154 0.000000 26.883874 0.000000 0.000000 1.000000 0.000000
0.997063 -0.076584 0.000000 345.315340 0.076584 0.997063 0.000000 27.102055 0.000000 0.000000 1.000000 0.000000
0.997054 -0.076707 0.000000 348.605598 0.076707 0.997054 0.000000 27.409094 0.000000 0.000000 1.000000 0.000000
0.997003 -0.077366 0.000000 351.988799 0.077366 0.997003 0.000000 27.671939 0.000000 0.000000 1.000000 0.000000
0.996926 -0.078353 0.000000 355.351547 0.078353 0.996926 0.000000 27.949560 0.000000 0.000000 1.000000 0.000000
0.996941 -0.078153 0.000000 358.784419 0.078153 0.996941 0.000000 28.220172 0.000000 0.000000 1.000000 0.000000
0.996950 -0.078045 0.000000 362.234051 0.078045 0.996950 0.000000 28.486687 0.000000 0.000000 1.000000 0.000000
0.996978 -0.077682 0.000000 365.719718 0.077682 0.996978 0.000000 28.800314 0.000000 0.000000 1.000000 0.000000
0.997075 -0.076424 0.000000 369.167697 0.076424 0.997075 0.000000 29.064488 0.000000 0.000000 1.000000 0.000000
0.997126 -0.075757 0.000000 372.734859 0.075757 0.997126 0.000000 29.287218 0.000000 0.000000 1.000000 0.000000
0.997211 -0.074629 0.000000 376.254024 0.074629 0.997211 0.000000 29.681269 0.000000 0.000000 1.000000 0.000000
0.997282 -0.073676 0.000000 379.827386 0.073676 0.997282 0.000000 29.985138 0.000000 0.000000 1.000000 0.000000
0.997340 -0.072890 0.000000 383.397361 0.072890 0.997340 0.000000 30.223133 0.000000 0.000000 1.000000 0.000000
0.997422 -0.071757 0.000000 387.043828 0.071757 0.997422 0.000000 30.535271 0.000000 0.000000 1.000000 0.000000
0.997435 -0.071576 0.000000 390.616814 0.071576 0.997435 0.000000 30.759372 0.000000 0.000000 1.000000 0.000000
0.997359 -0.072623 0.000000 394.244592 0.072623 0.997359 0.000000 31.070173 0.000000 0.000000 1.000000 0.000000
0.997363 -0.072572 0.000000 397.894618 0.072572 0.997363 0.000000 31.294877 0.000000 0.000000 1.000000 0.000000
0.997314 -0.073242 0.000000 401.455724 0.073242 0.997314 0.000000 31.603653 0.000000 0.000000 1.000000 0.000000
0.997346 -0.072808 0.000000 405.094100 0.072808 0.997346 0.000000 31.939768 0.000000 0.000000 1.000000 0.000000
0.997330 -0.073033 0.000000 408.682592 0.073033 0.997330 0.000000 32.211147 0.000000 0.000000 1.000000 0.000000
0.997191 -0.074903 0.000000 412.285300 0.074903 0.997191 0.000000 32.449497 0.000000 0.000000 1.000000 0.000000
0.996974 -0.077741 0.000000 415.881175 0.077741 0.996974 0.000000 32.756678 0.000000 0.000000 1.000000 0.000000
0.996777 -0.080225 0.000000 419.533595 0.080225 0.996777 0.000000 33.063515 0.000000 0.000000 1.000000 0.000000
0.996765 -0.080366 0.000000 423.173785 0.080366 0.996765 0.000000 33.364148 0.000000 0.000000 1.000000 0.000000
0.996881 -0.078914 0.000000 426.797904 0.078914 0.996881 0.000000 33.657191 0.000000 0.000000 1.000000 0.000000
0.996894 -0.078749 0.000000 430.447837 0.078749 0.996894 0.000000 33.903598 0.000000 0.000000 1.000000 0.000000
0.996926 -0.078350 0.000000 434.130956 0.078350 0.996926 0.000000 34.220482 0.000000 0.000000 1.000000 0.000000
0.996960 -0.077918 0.000000 437.745616 0.077918 0.996960 0.000000 34.500111 0.000000 0.000000 1.000000 0.000000
0.996963 -0.077875 0.000000 441.395866 0.077875 0.996963 0.000000 34.856123 0.000000 0.000000 1.000000 0.000000
0.997039 -0.076901 0.000000 445.090448 0.076901 0.997039 0.000000 35.094215 0.000000 0.000000 1.000000 0.000000
0.997068 -0.076515 0.000000 448.734264 0.076515 0.997068 0.000000 35.342120 0.000000 0.000000 1.000000 0.000000
0.997139 -0.075585 0.000000 452.429980 0.075585 0.997139 0.000000 35.658182 0.000000 0.000000 1.000000 0.000000
0.997249 -0.074129 0.000000 456.169977 0.074129 0.997249 0.000000 35.991749 0.000000 0.000000 1.000000 0.000000
0.997334 -0.072969 0.000000 459.841289 0.072969 0.997334 0.000000 36.240253 0.000000 0.000000 1.000000 0.000000
0.997198 -0.074813 0.000000 463.606205 0.074813 0.997198 0.000000 36.512267 0.000000 0.000000 1.000000 0.000000
0.997282 -0.073672 0.000000 467.305189 0.073672 0.997282 0.000000 36.839965 0.000000 0.000000 1.000000 0.000000
0.997179 -0.075055 0.000000 471.017684 0.075055 0.997179 0.000000 37.094882 0.000000 0.000000 1.000000 0.000000
0.997079 -0.076384 0.000000 474.784102 0.076384 0.997079 0.000000 37.440908 0.000000 0.000000 1.000000 0.000000
0.996950 -0.078049 0.000000 478.508436 0.078049 0.996950 0.000000 37.707100 0.000000 0.000000 1.000000 0.000000
0.996815 -0.079755 0.000000 482.256496 0.079755 0.996815 0.000000 38.042688 0.000000 0.000000 1.000000 0.000000
0.996665 -0.081596 0.000000 486.029975 0.081596 0.996665 0.000000 38.288127 0.000000 0.000000 1.000000 0.000000
0.996586 -0.082562 0.000000 489.760978 0.082562 0.996586 0.000000 38.681957 0.000000 0.000000 1.000000 0.000000
0.996561 -0.082859 0.000000 493.489890 0.082859 0.996561 0.000000 38.955421 0.000000 0.000000 1.000000 0.000000
0.996580 -0.082630 0.000000 497.140790 0.082630 0.996580 0.000000 39.346237 0.000000 0.000000 1.000000 0.000000
0.996795 -0.079997 0.000000 500.810997 0.079997 0.996795 0.000000 39.627302 0.000000 0.000000 1.000000 0.000000
0.996844 -0.079391 0.000000 504.438320 0.079391 0.996844 0.000000 39.928829 0.000000 0.000000 1.000000 0.000000
0.996858 -0.079215 0.000000 508.092344 0.079215 0.996858 0.000000 40.245180 0.000000 0.000000 1.000000 0.000000
0.996813 -0.079773 0.000000 511.714867 0.079773 0.996813 0.000000 40.574706 0.000000 0.000000 1.000000 0.000000
0.996863 -0.079144 0.000000 515.364317 0.079144 0.996863 0.000000 40.919719 0.000000 0.000000 1.000000 0.000000
0.996900 -0.078678 0.000000 518.933822 0.078678 0.996900 0.000000 41.195383 0.000000 0.000000 1.000000 0.000000
0.996841 -0.079419 0.000000 522.519476 0.079419 0.996841 0.000000 41.501440 0.000000 0.000000 1.000000 0.000000
0.996754 -0.080504 0.000000 526.142955 0.080504 0.996754 0.000000 41.851292 0.000000 0.000000 1.000000 0.000000
0.996666 -0.081593 0.000000 529.767570 0.081593 0.996666 0.000000 42.204223 0.000000 0.000000 1.000000 0.000000
0.996634 -0.081984 0.000000 533.364700 0.081984 0.996634 0.000000 42.490402 0.000000 0.000000 1.000000 0.000000
0.996589 -0.082523 0.000000 536.985085 0.082523 0.996589 0.000000 42.828837 0.000000 0.000000 1.000000 0.000000
0.996457 -0.084105 0.000000 540.595129 0.084105 0.996457 0.000000 43.114314 0.000000 0.000000 1.000000 0.000000
0.996583 -0.082594 0.000000 544.163419 0.082594 0.996583 0.000000 43.499200 0.000000 0.000000 1.000000 0.000000
0.996496 -0.083644 0.000000 547.804671 0.083644 0.996496 0.000000 43.793592 0.000000 0.000000 1.000000 0.000000
0.996396 -0.084829 0.000000 551.446203 0.084829 0.996396 0.000000 44.093556 0.000000 0.000000 1.000000 0.000000
0.996463 -0.084031 0.000000 555.063128 0.084031 0.996463 0.000000 44.394444 0.000000 0.000000 1.000000 0.000000
0.996584 -0.082589 0.000000 558.704608 0.082589 0.996584 0.000000 44.710839 0.000000 0.000000 1.000000 0.000000
0.996611 -0.082264 0.000000 562.296101 0.082264 0.996611 0.000000 45.037709 0.000000 0.000000 1.000000 0.000000
0.996664 -0.081612 0.000000 565.982572 0.081612 0.996664 0.000000 45.357059 0.000000 0.000000 1.000000 0.000000
0.996673 -0.081509 0.000000 569.591501 0.081509 0.996673 0.000000 45.626130 0.000000 0.000000 1.000000 0.000000
0.996608 -0.082290 0.000000 573.210546 0.082290 0.996608 0.000000 45.958013 0.000000 0.000000 1.000000 0.000000
0.996574 -0.082705 0.000000 576.849048 0.082705 0.996574 0.000000 46.241217 0.000000 0.000000 1.000000 0.000000
0.996498 -0.083620 0.000000 580.565488 0.083620 0.996498 0.000000 46.563333 0.000000 0.000000 1.000000 0.000000
0.996463 -0.084030 0.000000 584.227520 0.084030 0.996463 0.000000 46.876844 0.000000 0.000000 1.000000 0.000000
0.996472 -0.083924 0.000000 587.896286 0.083924 0.996472 0.000000 47.226459 0.000000 0.000000 1.000000 0.000000
0.996687 -0.081336 0.000000 591.628929 0.081336 0.996687 0.000000 47.577150 0.000000 0.000000 1.000000 0.000000
0.996674 -0.081492 0.000000 595.345498 0.081492 0.996674 0.000000 47.898143 0.000000 0.000000 1.000000 0.000000
0.997134 -0.075655 0.000000 599.085573 0.075655 0.997134 0.000000 48.198684 0.000000 0.000000 1.000000 0.000000
0.997136 -0.075631 0.000000 602.827779 0.075631 0.997136 0.000000 48.512165 0.000000 0.000000 1.000000 0.000000
0.997104 -0.076047 0.000000 606.568810 0.076047 0.997104 0.000000 48.764962 0.000000 0.000000 1.000000 0.000000
0.996982 -0.077631 0.000000 610.327521 0.077631 0.996982 0.000000 49.102777 0.000000 0.000000 1.000000 0.000000
0.996816 -0.079731 0.000000 614.073711 0.079731 0.996816 0.000000 49.391112 0.000000 0.000000 1.000000 0.000000
0.996732 -0.080776 0.000000 617.857064 0.080776 0.996732 0.000000 49.684946 0.000000 0.000000 1.000000 0.000000
0.996589 -0.082524 0.000000 621.579313 0.082524 0.996589 0.000000 49.922227 0.000000 0.000000 1.000000 0.000000
0.996480 -0.083828 0.000000 625.320870 0.083828 0.996480 0.000000 50.264720 0.000000 0.000000 1.000000 0.000000
0.996587 -0.082547 0.000000 629.101527 0.082547 0.996587 0.000000 50.611064 0.000000 0.000000 1.000000 0.000000
0.996737 -0.080714 0.000000 632.923902 0.080714 0.996737 0.000000 50.878079 0.000000 0.000000 1.000000 0.000000
0.996809 -0.079824 0.000000 636.663600 0.079824 0.996809 0.000000 51.174602 0.000000 0.000000 1.000000 0.000000
0.996865 -0.079120 0.000000 640.480267 0.079120 0.996865 0.000000 51.477505 0.000000 0.000000 1.000000 0.000000
0.996834 -0.079512 0.000000 644.249077 0.079512 0.996834 0.000000 51.782023 0.000000 0.000000 1.000000 0.000000
0.996889 -0.078821 0.000000 648.074503 0.078821 0.996889 0.000000 52.098342 0.000000 0.000000 1.000000 0.000000
0.996637 -0.081941 0.000000 651.800055 0.081941 0.996637 0.000000 52.362020 0.000000 0.000000 1.000000 0.000000
0.996526 -0.083288 0.000000 655.538552 0.083288 0.996526 0.000000 52.670165 0.000000 0.000000 1.000000 0.000000
0.996508 -0.083501 0.000000 659.315367 0.083501 0.996508 0.000000 53.066907 0.000000 0.000000 1.000000 0.000000
0.996391 -0.084879 0.000000 662.988061 0.084879 0.996391 0.000000 53.413079 0.000000 0.000000 1.000000 0.000000
0.996251 -0.086505 0.000000 666.715817 0.086505 0.996251 0.000000 53.769599 0.000000 0.000000 1.000000 0.000000
0.996269 -0.086302 0.000000 670.363323 0.086302 0.996269 0.000000 54.100687 0.000000 0.000000 1.000000 0.000000
0.996441 -0.084294 0.000000 674.080888 0.084294 0.996441 0.000000 54.483499 0.000000 0.000000 1.000000 0.000000
0.996505 -0.083536 0.000000 677.832014 0.083536 0.996505 0.000000 54.814759 0.000000 0.000000 1.000000 0.000000
0.996535 -0.083175 0.000000 681.576060 0.083175 0.996535 0.000000 55.142245 0.000000 0.000000 1.000000 0.000000
0.996577 -0.082671 0.000000 685.290239 0.082671 0.996577 0.000000 55.399572 0.000000 0.000000 1.000000 0.000000
0.996597 -0.082433 0.000000 689.018387 0.082433 0.996597 0.000000 55.725264 0.000000 0.000000 1.000000 0.000000
0.996461 -0.084061 0.000000 692.818304 0.084061 0.996461 0.000000 55.990653 0.000000 0.000000 1.000000 0.000000
0.996555 -0.082937 0.000000 696.598365 0.082937 0.996555 0.000000 56.312856 0.000000 0.000000 1.000000 0.000000
0.996685 -0.081357 0.000000 700.283447 0.081357 0.996685 0.000000 56.598030 0.000000 0.000000 1.000000 0.000000
0.996689 -0.081309 0.000000 703.976367 0.081309 0.996689 0.000000 56.991613 0.000000 0.000000 1.000000 0.000000
0.996653 -0.081745 0.000000 707.736170 0.081745 0.996653 0.000000 57.229568 0.000000 0.000000 1.000000 0.000000
0.996673 -0.081507 0.000000 711.398887 0.081507 0.996673 0.000000 57.560783 0.000000 0.000000 1.000000 0.000000
0.996643 -0.081865 0.000000 715.125295 0.081865 0.996643 0.000000 57.850282 0.000000 0.000000 1.000000 0.000000
0.996563 -0.082841 0.000000 718.880909 0.082841 0.996563 0.000000 58.158746 0.000000 0.000000 1.000000 0.000000
0.996476 -0.083884 0.000000 722.621610 0.083884 0.996476 0.000000 58.461829 0.000000 0.000000 1.000000 0.000000
0.996420 -0.084545 0.000000 726.345327 0.084545 0.996420 0.000000 58.756818 0.000000 0.000000 1.000000 0.000000
0.996391 -0.084877 0.000000 730.011707 0.084877 0.996391 0.000000 59.123608 0.000000 0.000000 1.000000 0.000000
0.996536 -0.083167 0.000000 733.749492 0.083167 0.996536 0.000000 59.452208 0.000000 0.000000 1.000000 0.000000
0.996599 -0.082401 0.000000 737.459285 0.082401 0.996599 0.000000 59.700878 0.000000 0.000000 1.000000 0.000000
0.996623 -0.082114 0.000000 741.178570 0.082114 0.996623 0.000000 60.034998 0.000000 0.000000 1.000000 0.000000
0.996565 -0.082811 0.000000 744.861770 0.082811 0.996565 0.000000 60.350392 0.000000 0.000000 1.000000 0.000000
0.996475 -0.083886 0.000000 748.633747 0.083886 0.996475 0.000000 60.679432 0.000000 0.000000 1.000000 0.000000
0.996423 -0.084504 0.000000 752.318102 0.084504 0.996423 0.000000 60.985160 0.000000 0.000000 1.000000 0.000000
0.996394 -0.084853 0.000000 756.051552 0.084853 0.996394 0.000000 61.294016 0.000000 0.000000 1.000000 0.000000
0.996396 -0.084827 0.000000 759.702099 0.084827 0.996396 0.000000 61.685051 0.000000 0.000000 1.000000 0.000000
0.996495 -0.083653 0.000000 763.451809 0.083653 0.996495 0.000000 61.998577 0.000000 0.000000 1.000000 0.000000
0.996430 -0.084417 0.000000 767.232943 0.084417 0.996430 0.000000 62.314726 0.000000 0.000000 1.000000 0.000000
0.996417 -0.084579 0.000000 770.909306 0.084579 0.996417 0.000000 62.633015 0.000000 0.000000 1.000000 0.000000
0.996367 -0.085168 0.000000 774.659068 0.085168 0.996367 0.000000 62.852109 0.000000 0.000000 1.000000 0.000000
0.996348 -0.085390 0.000000 778.393437 0.085390 0.996348 0.000000 63.236544 0.000000 0.000000 1.000000 0.000000
0.996325 -0.085650 0.000000 782.200309 0.085650 0.996325 0.000000 63.496978 0.000000 0.000000 1.000000 0.000000
0.996460 -0.084066 0.000000 785.850739 0.084066 0.996460 0.000000 63.906433 0.000000 0.000000 1.000000 0.000000
0.996252 -0.086497 0.000000 789.564176 0.086497 0.996252 0.000000 64.124784 0.000000 0.000000 1.000000 0.000000
0.996181 -0.087313 0.000000 793.381850 0.087313 0.996181 0.000000 64.423031 0.000000 0.000000 1.000000 0.000000
0.996317 -0.085745 0.000000 797.079325 0.085745 0.996317 0.000000 64.784150 0.000000 0.000000 1.000000 0.000000
0.996497 -0.083630 0.000000 800.755756 0.083630 0.996497 0.000000 65.086752 0.000000 0.000000 1.000000 0.000000
0.996519 -0.083370 0.000000 804.512147 0.083370 0.996519 0.000000 65.398068 0.000000 0.000000 1.000000 0.000000
0.996435 -0.084361 0.000000 808.268014 0.084361 0.996435 0.000000 65.613430 0.000000 0.000000 1.000000 0.000000
0.996507 -0.083510 0.000000 811.972895 0.083510 0.996507 0.000000 66.025354 0.000000 0.000000 1.000000 0.000000
0.996586 -0.082563 0.000000 815.672623 0.082563 0.996586 0.000000 66.355083 0.000000 0.000000 1.000000 0.000000
0.996611 -0.082253 0.000000 819.444762 0.082253 0.996611 0.000000 66.665640 0.000000 0.000000 1.000000 0.000000
0.996635 -0.081971 0.000000 823.192616 0.081971 0.996635 0.000000 66.931987 0.000000 0.000000 1.000000 0.000000
0.996598 -0.082413 0.000000 826.954403 0.082413 0.996598 0.000000 67.303332 0.000000 0.000000 1.000000 0.000000
0.996462 -0.084042 0.000000 830.709845 0.084042 0.996462 0.000000 67.543822 0.000000 0.000000 1.000000 0.000000
0.996387 -0.084927 0.000000 834.479892 0.084927 0.996387 0.000000 67.873381 0.000000 0.000000 1.000000 0.000000
0.996426 -0.084465 0.000000 838.180868 0.084465 0.996426 0.000000 68.235167 0.000000 0.000000 1.000000 0.000000
0.996409 -0.084674 0.000000 841.922373 0.084674 0.996409 0.000000 68.522731 0.000000 0.000000 1.000000 0.000000
0.996357 -0.085278 0.000000 845.647836 0.085278 0.996357 0.000000 68.916472 0.000000 0.000000 1.000000 0.000000
0.996427 -0.084455 0.000000 849.340007 0.084455 0.996427 0.000000 69.145202 0.000000 0.000000 1.000000 0.000000
0.996257 -0.086435 0.000000 853.016563 0.086435 0.996257 0.000000 69.496305 0.000000 0.000000 1.000000 0.000000
0.996284 -0.086134 0.000000 856.806643 0.086134 0.996284 0.000000 69.807811 0.000000 0.000000 1.000000 0.000000
0.995936 -0.090068 0.000000 860.581091 0.090068 0.995936 0.000000 70.120763 0.000000 0.000000 1.000000 0.000000
0.996179 -0.087337 0.000000 864.348269 0.087337 0.996179 0.000000 70.427065 0.000000 0.000000 1.000000 0.000000
0.995846 -0.091048 0.000000 868.017009 0.091048 0.995846 0.000000 70.752857 0.000000 0.000000 1.000000 0.000000
0.996144 -0.087729 0.000000 871.683352 0.087729 0.996144 0.000000 71.033210 0.000000 0.000000 1.000000 0.000000
0.995905 -0.090410 0.000000 875.486476 0.090410 0.995905 0.000000 71.345866 0.000000 0.000000 1.000000 0.000000
0.995882 -0.090656 0.000000 879.136501 0.090656 0.995882 0.000000 71.741025 0.000000 0.000000 1.000000 0.000000
0.995959 -0.089810 0.000000 882.763621 0.089810 0.995959 0.000000 72.087490 0.000000 0.000000 1.000000 0.000000
0.996123 -0.087968 0.000000 886.449466 0.087968 0.996123 0.000000 72.417263 0.000000 0.000000 1.000000 0.000000
0.996455 -0.084124 0.000000 890.061161 0.084124 0.996455 0.000000 72.797970 0.000000 0.000000 1.000000 0.000000
0.996295 -0.086006 0.000000 893.833481 0.086006 0.996295 0.000000 73.127008 0.000000 0.000000 1.000000 0.000000
0.996364 -0.085193 0.000000 897.504891 0.085193 0.996364 0.000000 73.501377 0.000000 0.000000 1.000000 0.000000
0.996257 -0.086445 0.000000 901.120722 0.086445 0.996257 0.000000 73.798091 0.000000 0.000000 1.000000 0.000000
0.996146 -0.087707 0.000000 904.878735 0.087707 0.996146 0.000000 74.119769 0.000000 0.000000 1.000000 0.000000
0.996306 -0.085876 0.000000 908.508035 0.085876 0.996306 0.000000 74.452315 0.000000 0.000000 1.000000 0.000000
0.996400 -0.084778 0.000000 912.253130 0.084778 0.996400 0.000000 74.739139 0.000000 0.000000 1.000000 0.000000
0.996468 -0.083975 0.000000 915.914252 0.083975 0.996468 0.000000 75.135789 0.000000 0.000000 1.000000 0.000000
0.996821 -0.079670 0.000000 919.608958 0.079670 0.996821 0.000000 75.382138 0.000000 0.000000 1.000000 0.000000
0.996669 -0.081549 0.000000 923.287751 0.081549 0.996669 0.000000 75.745277 0.000000 0.000000 1.000000 0.000000
0.996666 -0.081592 0.000000 926.936608 0.081592 0.996666 0.000000 75.917334 0.000000 0.000000 1.000000 0.000000
0.996520 -0.083360 0.000000 930.641626 0.083360 0.996520 0.000000 76.265105 0.000000 0.000000 1.000000 0.000000
0.996433 -0.084384 0.000000 934.316601 0.084384 0.996433 0.000000 76.497824 0.000000 0.000000 1.000000 0.000000
0.996437 -0.084340 0.000000 937.984587 0.084340 0.996437 0.000000 76.855288 0.000000 0.000000 1.000000 0.000000
0.996579 -0.082649 0.000000 941.617611 0.082649 0.996579 0.000000 77.213830 0.000000 0.000000 1.000000 0.000000
0.996647 -0.081821 0.000000 945.298979 0.081821 0.996647 0.000000 77.489434 0.000000 0.000000 1.000000 0.000000
0.996706 -0.081105 0.000000 949.049255 0.081105 0.996706 0.000000 77.808956 0.000000 0.000000 1.000000 0.000000
0.996781 -0.080166 0.000000 952.644047 0.080166 0.996781 0.000000 78.092134 0.000000 0.000000 1.000000 0.000000
0.996843 -0.079396 0.000000 956.322419 0.079396 0.996843 0.000000 78.354386 0.000000 0.000000 1.000000 0.000000
0.996973 -0.077743 0.000000 959.914782 0.077743 0.996973 0.000000 78.690691 0.000000 0.000000 1.000000 0.000000
0.997056 -0.076681 0.000000 963.633491 0.076681 0.997056 0.000000 78.960635 0.000000 0.000000 1.000000 0.000000
0.997523 -0.070337 0.000000 967.320332 0.070337 0.997523 0.000000 79.228436 0.000000 0.000000 1.000000 0.000000
0.997845 -0.065618 0.000000 970.983799 0.065618 0.997845 0.000000 79.444804 0.000000 0.000000 1.000000 0.000000
0.998204 -0.059909 0.000000 974.640568 0.059909 0.998204 0.000000 79.704718 0.000000 0.000000 1.000000 0.000000
0.998648 -0.051978 0.000000 978.296529 0.051978 0.998648 0.000000 79.930512 0.000000 0.000000 1.000000 0.000000
0.998959 -0.045616 0.000000 981.893083 0.045616 0.998959 0.000000 80.111591 0.000000 0.000000 1.000000 0.000000
0.999226 -0.039342 0.000000 985.556842 0.039342 0.999226 0.000000 80.218291 0.000000 0.000000 1.000000 0.000000
0.999543 -0.030223 0.000000 989.223101 0.030223 0.999543 0.000000 80.424112 0.000000 0.000000 1.000000 0.000000
0.999800 -0.020017 0.000000 992.911119 0.020017 0.999800 0.000000 80.538554 0.000000 0.000000 1.000000 0.000000
0.999923 -0.012401 0.000000 996.526763 0.012401 0.999923 0.000000 80.546424 0.000000 0.000000 1.000000 0.000000
0.999996 -0.002970 0.000000 1000.218505 0.002970 0.999996 0.000000 80.583746 0.000000 0.000000 1.000000 0.000000
0.999997 0.002644 0.000000 1003.870886 -0.002644 0.999997 -0.000000 80.613658 -0.000000 0.000000 1.000000 0.000000
0.999997 0.002274 0.000000 1007.535056 -0.002274 0.999997 -0.000000 80.557460 -0.000000 0.000000 1.000000 0.000000
0.999996 0.002651 0.000000 1011.226007 -0.002651 0.999996 -0.000000 80.565540 -0.000000 0.000000 1.000000 0.000000
0.999997 0.002390 0.000000 1014.810021 -0.002390 0.999997 -0.000000 80.554822 -0.000000 0.000000 1.000000 0.000000
0.999988 0.004986 0.000000 1018.449587 -0.004986 0.999988 -0.000000 80.637067 -0.000000 0.000000 1.000000 0.000000
0.999961 0.008802 0.000000 1022.097780 -0.008802 0.999961 -0.000000 80.555076 -0.000000 0.000000 1.000000 0.000000
0.999896 0.014442 0.000000 1025.786460 -0.014442 0.999896 -0.000000 80.534861 -0.000000 0.000000 1.000000 0.000000
0.999838 0.018015 0.000000 1029.429156 -0.018015 0.999838 -0.000000 80.486490 -0.000000 0.000000 1.000000 0.000000
0.999817 0.019140 0.000000 1033.034500 -0.019140 0.999817 -0.000000 80.378434 -0.000000 0.000000 1.000000 0.000000
0.999820 0.018982 0.000000 1036.659129 -0.018982 0.999820 -0.000000 80.322759 -0.000000 0.000000 1.000000 0.000000
0.999818 0.019076 0.000000 1040.340240 -0.019076 0.999818 -0.000000 80.262879 -0.000000 0.000000 1.000000 0.000000
0.999824 0.018782 0.000000 1043.945848 -0.018782 0.999824 -0.000000 80.219119 -0.000000 0.000000 1.000000 0.000000
0.999851 0.017238 0.000000 1047.592146 -0.017238 0.999851 -0.000000 80.128562 -0.000000 0.000000 1.000000 0.000000
0.999887 0.015053 0.000000 1051.219277 -0.015053 0.999887 -0.000000 80.072344 -0.000000 0.000000 1.000000 0.000000
0.999888 0.014999 0.000000 1054.783241 -0.014999 0.999888 -0.000000 80.039508 -0.000000 0.000000 1.000000 0.000000
0.999910 0.013401 0.000000 1058.469060 -0.013401 0.999910 -0.000000 80.007364 -0.000000 0.000000 1.000000 0.000000
0.999931 0.011708 0.000000 1062.031914 -0.011708 0.999931 -0.000000 79.991342 -0.000000 0.000000 1.000000 0.000000
0.999936 0.011289 0.000000 1065.703457 -0.011289 0.999936 -0.000000 79.925955 -0.000000 0.000000 1.000000 0.000000
0.999913 0.013186 0.000000 1069.275783 -0.013186 0.999913 -0.000000 79.863482 -0.000000 0.000000 1.000000 0.000000
0.999853 0.017164 0.000000 1072.873942 -0.017164 0.999853 -0.000000 79.831199 -0.000000 0.000000 1.000000 0.000000
0.999814 0.019267 0.000000 1076.525317 -0.019267 0.999814 -0.000000 79.763226 -0.000000 0.000000 1.000000 0.000000
0.999751 0.022331 0.000000 1080.104818 -0.022331 0.999751 -0.000000 79.696502 -0.000000 0.000000 1.000000 0.000000
0.999641 0.026794 0.000000 1083.732257 -0.026794 0.999641 -0.000000 79.647239 -0.000000 0.000000 1.000000 0.000000
0.999614 0.027773 0.000000 1087.341621 -0.027773 0.999614 -0.000000 79.547541 -0.000000 0.000000 1.000000 0.000000
0.999660 0.026063 0.000000 1090.942884 -0.026063 0.999660 -0.000000 79.495604 -0.000000 0.000000 1.000000 0.000000
0.999675 0.025483 0.000000 1094.507630 -0.025483 0.999675 -0.000000 79.442596 -0.000000 0.000000 1.000000 0.000000
0.999723 0.023527 0.000000 1098.107098 -0.023527 0.999723 -0.000000 79.302720 -0.000000 0.000000 1.000000 0.000000
0.999781 0.020947 0.000000 1101.708076 -0.020947 0.999781 -0.000000 79.244574 -0.000000 0.000000 1.000000 0.000000
0.999804 0.019796 0.000000 1105.338906 -0.019796 0.999804 -0.000000 79.179577 -0.000000 0.000000 1.000000 0.000000
0.999826 0.018631 0.000000 1108.921928 -0.018631 0.999826 -0.000000 79.141081 -0.000000 0.000000 1.000000 0.000000
0.999836 0.018124 0.000000 1112.466966 -0.018124 0.999836 -0.000000 79.088586 -0.000000 0.000000 1.000000 0.000000
0.999837 0.018047 0.000000 1116.086134 -0.018047 0.999837 -0.000000 79.054134 -0.000000 0.000000 1.000000 0.000000
0.999846 0.017534 0.000000 1119.699878 -0.017534 0.999846 -0.000000 78.995621 -0.000000 0.000000 1.000000 0.000000
0.999845 0.017609 0.000000 1123.250772 -0.017609 0.999845 -0.000000 78.959150 -0.000000 0.000000 1.000000 0.000000
0.999865 0.016418 0.000000 1126.790295 -0.016418 0.999865 -0.000000 78.855191 -0.000000 0.000000 1.000000 0.000000
0.999881 0.015414 0.000000 1130.403126 -0.015414 0.999881 -0.000000 78.822886 -0.000000 0.000000 1.000000 0.000000
0.999893 0.014634 0.000000 1133.969181 -0.014634 0.999893 -0.000000 78.758535 -0.000000 0.000000 1.000000 0.000000
0.999925 0.012246 0.000000 1137.531361 -0.012246 0.999925 -0.000000 78.709409 -0.000000 0.000000 1.000000 0.000000
0.999932 0.011643 0.000000 1141.078633 -0.011643 0.999932 -0.000000 78.688626 -0.000000 0.000000 1.000000 0.000000
0.999922 0.012505 0.000000 1144.643648 -0.012505 0.999922 -0.000000 78.670699 -0.000000 0.000000 1.000000 0.000000
0.999855 0.017013 0.000000 1148.227943 -0.017013 0.999855 -0.000000 78.631457 -0.000000 0.000000 1.000000 0.000000
0.999833 0.018268 0.000000 1151.770592 -0.018268 0.999833 -0.000000 78.520058 -0.000000 0.000000 1.000000 0.000000
0.999824 0.018776 0.000000 1155.318340 -0.018776 0.999824 -0.000000 78.502321 -0.000000 0.000000 1.000000 0.000000
0.999844 0.017650 0.000000 1158.833588 -0.017650 0.999844 -0.000000 78.452119 -0.000000 0.000000 1.000000 0.000000
0.999822 0.018883 0.000000 1162.385448 -0.018883 0.999822 -0.000000 78.361671 -0.000000 0.000000 1.000000 0.000000
0.999762 0.021839 0.000000 1165.884865 -0.021839 0.999762 -0.000000 78.291816 -0.000000 0.000000 1.000000 0.000000
0.999772 0.021335 0.000000 1169.422057 -0.021335 0.999772 -0.000000 78.201439 -0.000000 0.000000 1.000000 0.000000
0.999758 0.021999 0.000000 1172.982184 -0.021999 0.999758 -0.000000 78.131854 -0.000000 0.000000 1.000000 0.000000
0.999711 0.024023 0.000000 1176.547930 -0.024023 0.999711 -0.000000 78.070297 -0.000000 0.000000 1.000000 0.000000
0.999707 0.024216 0.000000 1180.071125 -0.024216 0.999707 -0.000000 77.950664 -0.000000 0.000000 1.000000 0.000000
0.999681 0.025247 0.000000 1183.604093 -0.025247 0.999681 -0.000000 77.908121 -0.000000 0.000000 1.000000 0.000000
0.999694 0.024721 0.000000 1187.132539 -0.024721 0.999694 -0.000000 77.800072 -0.000000 0.000000 1.000000 0.000000
0.999680 0.025301 0.000000 1190.619129 -0.025301 0.999680 -0.000000 77.734372 -0.000000 0.000000 1.000000 0.000000
0.999640 0.026815 0.000000 1194.222905 -0.026815 0.999640 -0.000000 77.661691 -0.000000 0.000000 1.000000 0.000000
0.999698 0.024589 0.000000 1197.700296 -0.024589 0.999698 -0.000000 77.623580 -0.000000 0.000000 1.000000 0.000000
0.999736 0.022986 0.000000 1201.212783 -0.022986 0.999736 -0.000000 77.572166 -0.000000 0.000000 1.000000 0.000000
0.999695 0.024679 0.000000 1204.690906 -0.024679 0.999695 -0.000000 77.435060 -0.000000 0.000000 1.000000 0.000000
