0.998280 -0.058620 0.000000 1.480524 0.058620 0.998280 0.000000 0.087637 0.000000 0.000000 1.000000 0.000000
0.992889 -0.119048 0.000000 3.574592 0.119048 0.992889 0.000000 0.321991 0.000000 0.000000 1.000000 0.000000
0.992728 -0.120380 0.000000 5.602832 0.120380 0.992728 0.000000 0.554409 0.000000 0.000000 1.000000 0.000000
0.992664 -0.120908 0.000000 8.152956 0.120908 0.992664 0.000000 0.839063 0.000000 0.000000 1.000000 0.000000
0.993783 -0.111337 0.000000 11.186913 0.111337 0.993783 0.000000 1.171517 0.000000 0.000000 1.000000 0.000000
0.994062 -0.108817 0.000000 12.782750 0.108817 0.994062 0.000000 1.333733 0.000000 0.000000 1.000000 0.000000
0.994176 -0.107767 0.000000 14.243089 0.107767 0.994176 0.000000 1.474012 0.000000 0.000000 1.000000 0.000000
0.994519 -0.104559 0.000000 16.086108 0.104559 0.994519 0.000000 1.652400 0.000000 0.000000 1.000000 0.000000
0.994706 -0.102760 0.000000 17.992863 0.102760 0.994706 0.000000 1.831411 0.000000 0.000000 1.000000 0.000000
0.995053 -0.099346 0.000000 19.932970 0.099346 0.995053 0.000000 2.006323 0.000000 0.000000 1.000000 0.000000
0.995293 -0.096912 0.000000 21.909832 0.096912 0.995293 0.000000 2.181058 0.000000 0.000000 1.000000 0.000000
0.995634 -0.093346 0.000000 23.944962 0.093346 0.995634 0.000000 2.359103 0.000000 0.000000 1.000000 0.000000
0.996007 -0.089279 0.000000 25.993737 0.089279 0.996007 0.000000 2.529139 0.000000 0.000000 1.000000 0.000000
0.996265 -0.086348 0.000000 28.111341 0.086348 0.996265 0.000000 2.698528 0.000000 0.000000 1.000000 0.000000
0.996579 -0.082642 0.000000 30.254043 0.082642 0.996579 0.000000 2.867482 0.000000 0.000000 1.000000 0.000000
0.996877 -0.078969 0.000000 32.396689 0.078969 0.996877 0.000000 3.019102 0.000000 0.000000 1.000000 0.000000
0.997048 -0.076776 0.000000 34.619846 0.076776 0.997048 0.000000 3.178660 0.000000 0.000000 1.000000 0.000000
0.997221 -0.074506 0.000000 36.884004 0.074506 0.997221 0.000000 3.331947 0.000000 0.000000 1.000000 0.000000
0.997293 -0.073529 0.000000 39.142805 0.073529 0.997293 0.000000 3.487218 0.000000 0.000000 1.000000 0.000000
0.997391 -0.072195 0.000000 41.418412 0.072195 0.997391 0.000000 3.642929 0.000000 0.000000 1.000000 0.000000
0.997519 -0.070401 0.000000 43.722494 0.070401 0.997519 0.000000 3.795016 0.000000 0.000000 1.000000 0.000000
0.997464 -0.071174 0.000000 45.998925 0.071174 0.997464 0.000000 3.939212 0.000000 0.000000 1.000000 0.000000
0.997461 -0.071210 0.000000 48.310943 0.071210 0.997461 0.000000 4.095661 0.000000 0.000000 1.000000 0.000000
0.997470 -0.071089 0.000000 50.619107 0.071089 0.997470 0.000000 4.254006 0.000000 0.000000 1.000000 0.000000
0.997549 -0.069976 0.000000 52.922993 0.069976 0.997549 0.000000 4.408159 0.000000 0.000000 1.000000 0.000000
0.997715 -0.067564 0.000000 55.246791 0.067564 0.997715 0.000000 4.557310 0.000000 0.000000 1.000000 0.000000
0.997806 -0.066200 0.000000 57.561043 0.066200 0.997806 0.000000 4.700128 0.000000 0.000000 1.000000 0.000000
0.998001 -0.063192 0.000000 59.869411 0.063192 0.998001 0.000000 4.838140 0.000000 0.000000 1.000000 0.000000
0.998102 -0.061577 0.000000 62.203331 0.061577 0.998102 0.000000 4.970440 0.000000 0.000000 1.000000 0.000000
0.998294 -0.058393 0.000000 64.506612 0.058393 0.998294 0.000000 5.094438 0.000000 0.000000 1.000000 0.000000
0.998444 -0.055764 0.000000 66.813990 0.055764 0.998444 0.000000 5.211299 0.000000 0.000000 1.000000 0.000000
0.998645 -0.052031 0.000000 69.118467 0.052031 0.998645 0.000000 5.319971 0.000000 0.000000 1.000000 0.000000
0.998799 -0.049004 0.000000 71.405835 0.049004 0.998799 0.000000 5.424209 0.000000 0.000000 1.000000 0.000000
0.998863 -0.047682 0.000000 73.712635 0.047682 0.998863 0.000000 5.522311 0.000000 0.000000 1.000000 0.000000
0.998905 -0.046789 0.000000 76.022045 0.046789 0.998905 0.000000 5.626248 0.000000 0.000000 1.000000 0.000000
0.998900 -0.046884 0.000000 78.344456 0.046884 0.998900 0.000000 5.728799 0.000000 0.000000 1.000000 0.000000
0.998797 -0.049031 0.000000 80.674436 0.049031 0.998797 0.000000 5.829838 0.000000 0.000000 1.000000 0.000000
0.998589 -0.053107 0.000000 83.015363 0.053107 0.998589 0.000000 5.943532 0.000000 0.000000 1.000000 0.000000
0.998361 -0.057223 0.000000 85.379176 0.057223 0.998361 0.000000 6.071821 0.000000 0.000000 1.000000 0.000000
0.997978 -0.063562 0.000000 87.774451 0.063562 0.997978 0.000000 6.209747 0.000000 0.000000 1.000000 0.000000
0.997595 -0.069308 0.000000 90.152518 0.069308 0.997595 0.000000 6.365015 0.000000 0.000000 1.000000 0.000000
0.997071 -0.076475 0.000000 92.531346 0.076475 0.997071 0.000000 6.532090 0.000000 0.000000 1.000000 0.000000
0.996703 -0.081137 0.000000 94.947491 0.081137 0.996703 0.000000 6.715737 0.000000 0.000000 1.000000 0.000000
0.996523 -0.083319 0.000000 97.398084 0.083319 0.996523 0.000000 6.915864 0.000000 0.000000 1.000000 0.000000
0.996515 -0.083417 0.000000 99.624969 0.083417 0.996515 0.000000 7.096806 0.000000 0.000000 1.000000 0.000000
0.996476 -0.083882 0.000000 101.708333 0.083882 0.996476 0.000000 7.264023 0.000000 0.000000 1.000000 0.000000
0.996476 -0.083878 0.000000 104.203608 0.083878 0.996476 0.000000 7.469697 0.000000 0.000000 1.000000 0.000000
0.996388 -0.084920 0.000000 106.746575 0.084920 0.996388 0.000000 7.675658 0.000000 0.000000 1.000000 0.000000
0.996372 -0.085100 0.000000 109.281304 0.085100 0.996372 0.000000 7.882759 0.000000 0.000000 1.000000 0.000000
0.996298 -0.085967 0.000000 111.798790 0.085967 0.996298 0.000000 8.093923 0.000000 0.000000 1.000000 0.000000
0.996243 -0.086606 0.000000 114.305084 0.086606 0.996243 0.000000 8.311004 0.000000 0.000000 1.000000 0.000000
0.996273 -0.086259 0.000000 116.808090 0.086259 0.996273 0.000000 8.521969 0.000000 0.000000 1.000000 0.000000
0.996166 -0.087487 0.000000 119.336691 0.087487 0.996166 0.000000 8.732945 0.000000 0.000000 1.000000 0.000000
0.996216 -0.086912 0.000000 121.858192 0.086912 0.996216 0.000000 8.952050 0.000000 0.000000 1.000000 0.000000
0.996156 -0.087593 0.000000 124.396042 0.087593 0.996156 0.000000 9.170316 0.000000 0.000000 1.000000 0.000000
0.996144 -0.087730 0.000000 126.950874 0.087730 0.996144 0.000000 9.390795 0.000000 0.000000 1.000000 0.000000
0.996262 -0.086383 0.000000 129.541461 0.086383 0.996262 0.000000 9.615957 0.000000 0.000000 1.000000 0.000000
0.996332 -0.085566 0.000000 132.118822 0.085566 0.996332 0.000000 9.837551 0.000000 0.000000 1.000000 0.000000
0.996351 -0.085351 0.000000 134.714679 0.085351 0.996351 0.000000 10.062906 0.000000 0.000000 1.000000 0.000000
0.996330 -0.085594 0.000000 137.337505 0.085594 0.996330 0.000000 10.283614 0.000000 0.000000 1.000000 0.000000
0.996279 -0.086187 0.000000 139.948731 0.086187 0.996279 0.000000 10.505191 0.000000 0.000000 1.000000 0.000000
0.996252 -0.086494 0.000000 142.544707 0.086494 0.996252 0.000000 10.726870 0.000000 0.000000 1.000000 0.000000
0.996187 -0.087243 0.000000 145.150359 0.087243 0.996187 0.000000 10.952967 0.000000 0.000000 1.000000 0.000000
0.996114 -0.088073 0.000000 147.766191 0.088073 0.996114 0.000000 11.164886 0.000000 0.000000 1.000000 0.000000
0.996009 -0.089251 0.000000 150.354373 0.089251 0.996009 0.000000 11.391302 0.000000 0.000000 1.000000 0.000000
0.995938 -0.090039 0.000000 152.921261 0.090039 0.995938 0.000000 11.611815 0.000000 0.000000 1.000000 0.000000
0.995921 -0.090225 0.000000 155.482458 0.090225 0.995921 0.000000 11.837702 0.000000 0.000000 1.000000 0.000000
0.995952 -0.089887 0.000000 158.037419 0.089887 0.995952 0.000000 12.065940 0.000000 0.000000 1.000000 0.000000
0.995988 -0.089483 0.000000 160.562544 0.089483 0.995988 0.000000 12.283754 0.000000 0.000000 1.000000 0.000000
0.995980 -0.089575 0.000000 163.052494 0.089575 0.995980 0.000000 12.495837 0.000000 0.000000 1.000000 0.000000
0.996021 -0.089115 0.000000 165.523381 0.089115 0.996021 0.000000 12.706256 0.000000 0.000000 1.000000 0.000000
0.995939 -0.090035 0.000000 167.973372 0.090035 0.995939 0.000000 12.906802 0.000000 0.000000 1.000000 0.000000
0.995879 -0.090691 0.000000 170.433537 0.090691 0.995879 0.000000 13.111492 0.000000 0.000000 1.000000 0.000000
0.995720 -0.092425 0.000000 172.894676 0.092425 0.995720 0.000000 13.328661 0.000000 0.000000 1.000000 0.000000
0.995551 -0.094219 0.000000 175.359469 0.094219 0.995551 0.000000 13.551594 0.000000 0.000000 1.000000 0.000000
0.995269 -0.097162 0.000000 177.831445 0.097162 0.995269 0.000000 13.780118 0.000000 0.000000 1.000000 0.000000
0.994927 -0.100603 0.000000 180.323408 0.100603 0.994927 0.000000 14.010269 0.000000 0.000000 1.000000 0.000000
0.994642 -0.103381 0.000000 182.801154 0.103381 0.994642 0.000000 14.249839 0.000000 0.000000 1.000000 0.000000
0.994339 -0.106258 0.000000 185.265827 0.106258 0.994339 0.000000 14.500138 0.000000 0.000000 1.000000 0.000000
0.994084 -0.108614 0.000000 187.720839 0.108614 0.994084 0.000000 14.755551 0.000000 0.000000 1.000000 0.000000
0.993953 -0.109806 0.000000 190.185281 0.109806 0.993953 0.000000 15.016462 0.000000 0.000000 1.000000 0.000000
0.993948 -0.109854 0.000000 192.648714 0.109854 0.993948 0.000000 15.278924 0.000000 0.000000 1.000000 0.000000
0.994058 -0.108852 0.000000 195.086311 0.108852 0.994058 0.000000 15.535853 0.000000 0.000000 1.000000 0.000000
0.994243 -0.107153 0.000000 197.520184 0.107153 0.994243 0.000000 15.793342 0.000000 0.000000 1.000000 0.000000
0.994417 -0.105526 0.000000 199.925410 0.105526 0.994417 0.000000 16.043819 0.000000 0.000000 1.000000 0.000000
0.994662 -0.103189 0.000000 202.313511 0.103189 0.994662 0.000000 16.292820 0.000000 0.000000 1.000000 0.000000
0.995233 -0.097525 0.000000 204.694612 0.097525 0.995233 0.000000 16.530712 0.000000 0.000000 1.000000 0.000000
0.995743 -0.092171 0.000000 207.049683 0.092171 0.995743 0.000000 16.754308 0.000000 0.000000 1.000000 0.000000
0.995903 -0.090429 0.000000 209.393373 0.090429 0.995903 0.000000 16.967638 0.000000 0.000000 1.000000 0.000000
0.995919 -0.090249 0.000000 211.731536 0.090249 0.995919 0.000000 17.175454 0.000000 0.000000 1.000000 0.000000
0.995623 -0.093455 0.000000 214.038411 0.093455 0.995623 0.000000 17.386095 0.000000 0.000000 1.000000 0.000000
0.994975 -0.100121 0.000000 216.339353 0.100121 0.994975 0.000000 17.613581 0.000000 0.000000 1.000000 0.000000
0.993799 -0.111195 0.000000 218.646182 0.111195 0.993799 0.000000 17.861071 0.000000 0.000000 1.000000 0.000000
0.992378 -0.123228 0.000000 220.951173 0.123228 0.992378 0.000000 18.138227 0.000000 0.000000 1.000000 0.000000
0.990791 -0.135402 0.000000 223.245761 0.135402 0.990791 0.000000 18.439511 0.000000 0.000000 1.000000 0.000000
0.989164 -0.146813 0.000000 225.539441 0.146813 0.989164 0.000000 18.766968 0.000000 0.000000 1.000000 0.000000
0.987415 -0.158148 0.000000 227.841116 0.158148 0.987415 0.000000 19.118856 0.000000 0.000000 1.000000 0.000000
0.986294 -0.164995 0.000000 230.148774 0.164995 0.986294 0.000000 19.494769 0.000000 0.000000 1.000000 0.000000
0.985359 -0.170495 0.000000 232.459689 0.170495 0.985359 0.000000 19.882678 0.000000 0.000000 1.000000 0.000000
0.984465 -0.175580 0.000000 234.773789 0.175580 0.984465 0.000000 20.283868 0.000000 0.000000 1.000000 0.000000
0.983728 -0.179665 0.000000 237.089005 0.179665 0.983728 0.000000 20.698493 0.000000 0.000000 1.000000 0.000000
0.982957 -0.183836 0.000000 239.416825 0.183836 0.982957 0.000000 21.122821 0.000000 0.000000 1.000000 0.000000
0.982300 -0.187317 0.000000 241.761062 0.187317 0.982300 0.000000 21.554070 0.000000 0.000000 1.000000 0.000000
0.981839 -0.189718 0.000000 244.112071 0.189718 0.981839 0.000000 21.994372 0.000000 0.000000 1.000000 0.000000
0.981443 -0.191754 0.000000 246.456661 0.191754 0.981443 0.000000 22.444915 0.000000 0.000000 1.000000 0.000000
0.981029 -0.193859 0.000000 248.806400 0.193859 0.981029 0.000000 22.900881 0.000000 0.000000 1.000000 0.000000
0.980646 -0.195788 0.000000 251.143467 0.195788 0.980646 0.000000 23.356836 0.000000 0.000000 1.000000 0.000000
0.980601 -0.196015 0.000000 253.467557 0.196015 0.980601 0.000000 23.814558 0.000000 0.000000 1.000000 0.000000
0.980057 -0.198716 0.000000 255.793258 0.198716 0.980057 0.000000 24.272531 0.000000 0.000000 1.000000 0.000000
0.979566 -0.201124 0.000000 258.111713 0.201124 0.979566 0.000000 24.735188 0.000000 0.000000 1.000000 0.000000
0.978990 -0.203910 0.000000 260.434386 0.203910 0.978990 0.000000 25.203450 0.000000 0.000000 1.000000 0.000000
0.978322 -0.207089 0.000000 262.790148 0.207089 0.978322 0.000000 25.688437 0.000000 0.000000 1.000000 0.000000
0.977310 -0.211814 0.000000 265.150269 0.211814 0.977310 0.000000 26.182936 0.000000 0.000000 1.000000 0.000000
0.976251 -0.216643 0.000000 267.508721 0.216643 0.976251 0.000000 26.688187 0.000000 0.000000 1.000000 0.000000
0.975067 -0.221909 0.000000 269.856082 0.221909 0.975067 0.000000 27.207406 0.000000 0.000000 1.000000 0.000000
0.974193 -0.225716 0.000000 272.197570 0.225716 0.974193 0.000000 27.741123 0.000000 0.000000 1.000000 0.000000
0.973107 -0.230353 0.000000 274.535941 0.230353 0.973107 0.000000 28.282308 0.000000 0.000000 1.000000 0.000000
0.972176 -0.234252 0.000000 276.879732 0.234252 0.972176 0.000000 28.831872 0.000000 0.000000 1.000000 0.000000
0.971299 -0.237864 0.000000 279.221508 0.237864 0.971299 0.000000 29.391764 0.000000 0.000000 1.000000 0.000000
0.970195 -0.242324 0.000000 281.572430 0.242324 0.970195 0.000000 29.963076 0.000000 0.000000 1.000000 0.000000
0.969637 -0.244548 0.000000 283.919283 0.244548 0.969637 0.000000 30.543761 0.000000 0.000000 1.000000 0.000000
0.970619 -0.240623 0.000000 286.260444 0.240623 0.970619 0.000000 31.121310 0.000000 0.000000 1.000000 0.000000
0.972762 -0.231807 0.000000 288.629942 0.231807 0.972762 0.000000 31.681468 0.000000 0.000000 1.000000 0.000000
0.975366 -0.220592 0.000000 291.010392 0.220592 0.975366 0.000000 32.213609 0.000000 0.000000 1.000000 0.000000
0.977109 -0.212740 0.000000 293.392917 0.212740 0.977109 0.000000 32.719125 0.000000 0.000000 1.000000 0.000000
0.978980 -0.203957 0.000000 295.764514 0.203957 0.978980 0.000000 33.208821 0.000000 0.000000 1.000000 0.000000
0.980585 -0.196097 0.000000 298.145936 0.196097 0.980585 0.000000 33.675043 0.000000 0.000000 1.000000 0.000000
0.981903 -0.189382 0.000000 300.533475 0.189382 0.981903 0.000000 34.129524 0.000000 0.000000 1.000000 0.000000
0.983278 -0.182111 0.000000 302.922915 0.182111 0.983278 0.000000 34.575087 0.000000 0.000000 1.000000 0.000000
0.984235 -0.176867 0.000000 305.338355 0.176867 0.984235 0.000000 35.001223 0.000000 0.000000 1.000000 0.000000
0.984927 -0.172971 0.000000 307.728785 0.172971 0.984927 0.000000 35.410951 0.000000 0.000000 1.000000 0.000000
0.985435 -0.170051 0.000000 310.139084 0.170051 0.985435 0.000000 35.821072 0.000000 0.000000 1.000000 0.000000
0.985839 -0.167695 0.000000 312.586132 0.167695 0.985839 0.000000 36.231243 0.000000 0.000000 1.000000 0.000000
0.986173 -0.165717 0.000000 315.061754 0.165717 0.986173 0.000000 36.637270 0.000000 0.000000 1.000000 0.000000
0.986545 -0.163492 0.000000 317.577254 0.163492 0.986545 0.000000 37.049644 0.000000 0.000000 1.000000 0.000000
0.987194 -0.159526 0.000000 320.124044 0.159526 0.987194 0.000000 37.452642 0.000000 0.000000 1.000000 0.000000
0.987875 -0.155251 0.000000 322.651124 0.155251 0.987875 0.000000 37.846904 0.000000 0.000000 1.000000 0.000000
0.988739 -0.149653 0.000000 325.165037 0.149653 0.988739 0.000000 38.228982 0.000000 0.000000 1.000000 0.000000
0.989560 -0.144124 0.000000 327.654601 0.144124 0.989560 0.000000 38.586217 0.000000 0.000000 1.000000 0.000000
0.990497 -0.137537 0.000000 330.120056 0.137537 0.990497 0.000000 38.914235 0.000000 0.000000 1.000000 0.000000
0.991179 -0.132530 0.000000 332.582218 0.132530 0.991179 0.000000 39.233206 0.000000 0.000000 1.000000 0.000000
0.992194 -0.124706 0.000000 335.041470 0.124706 0.992194 0.000000 39.539328 0.000000 0.000000 1.000000 0.000000
0.993041 -0.117769 0.000000 337.493580 0.117769 0.993041 0.000000 39.827326 0.000000 0.000000 1.000000 0.000000
0.993770 -0.111453 0.000000 339.935390 0.111453 0.993770 0.000000 40.094394 0.000000 0.000000 1.000000 0.000000
0.994528 -0.104467 0.000000 342.397812 0.104467 0.994528 0.000000 40.350045 0.000000 0.000000 1.000000 0.000000
0.995155 -0.098319 0.000000 344.849889 0.098319 0.995155 0.000000 40.584881 0.000000 0.000000 1.000000 0.000000
0.995759 -0.092001 0.000000 347.291889 0.092001 0.995759 0.000000 40.803535 0.000000 0.000000 1.000000 0.000000
0.996329 -0.085601 0.000000 349.726447 0.085601 0.996329 0.000000 41.004333 0.000000 0.000000 1.000000 0.000000
0.996862 -0.079159 0.000000 352.155020 0.079159 0.996862 0.000000 41.195474 0.000000 0.000000 1.000000 0.000000
0.997450 -0.071372 0.000000 354.604340 0.071372 0.997450 0.000000 41.369455 0.000000 0.000000 1.000000 0.000000
0.997941 -0.064133 0.000000 357.035496 0.064133 0.997941 0.000000 41.521375 0.000000 0.000000 1.000000 0.000000
0.998382 -0.056869 0.000000 359.468569 0.056869 0.998382 0.000000 41.659040 0.000000 0.000000 1.000000 0.000000
0.998741 -0.050171 0.000000 361.910888 0.050171 0.998741 0.000000 41.772432 0.000000 0.000000 1.000000 0.000000
0.998993 -0.044872 0.000000 364.362942 0.044872 0.998993 0.000000 41.873039 0.000000 0.000000 1.000000 0.000000
0.999202 -0.039953 0.000000 366.851675 0.039953 0.999202 0.000000 41.968271 0.000000 0.000000 1.000000 0.000000
0.999361 -0.035756 0.000000 369.326670 0.035756 0.999361 0.000000 42.052351 0.000000 0.000000 1.000000 0.000000
0.999436 -0.033574 0.000000 371.822333 0.033574 0.999436 0.000000 42.123611 0.000000 0.000000 1.000000 0.000000
0.999508 -0.031350 0.000000 374.302565 0.031350 0.999508 0.000000 42.197661 0.000000 0.000000 1.000000 0.000000
0.999544 -0.030188 0.000000 376.803019 0.030188 0.999544 0.000000 42.262981 0.000000 0.000000 1.000000 0.000000
0.999554 -0.029870 0.000000 379.310085 0.029870 0.999554 0.000000 42.322730 0.000000 0.000000 1.000000 0.000000
0.999568 -0.029400 0.000000 381.807741 0.029400 0.999568 0.000000 42.386706 0.000000 0.000000 1.000000 0.000000
0.999560 -0.029660 0.000000 384.282204 0.029660 0.999560 0.000000 42.452303 0.000000 0.000000 1.000000 0.000000
0.999527 -0.030748 0.000000 386.744750 0.030748 0.999527 0.000000 42.517317 0.000000 0.000000 1.000000 0.000000
0.999515 -0.031139 0.000000 389.212907 0.031139 0.999515 0.000000 42.587655 0.000000 0.000000 1.000000 0.000000
0.999432 -0.033690 0.000000 391.681928 0.033690 0.999432 0.000000 42.657937 0.000000 0.000000 1.000000 0.000000
0.999329 -0.036628 0.000000 394.149280 0.036628 0.999329 0.000000 42.734199 0.000000 0.000000 1.000000 0.000000
0.999180 -0.040485 0.000000 396.643315 0.040485 0.999180 0.000000 42.825030 0.000000 0.000000 1.000000 0.000000
0.998925 -0.046355 0.000000 399.148052 0.046355 0.998925 0.000000 42.925819 0.000000 0.000000 1.000000 0.000000
0.998632 -0.052286 0.000000 401.667259 0.052286 0.998632 0.000000 43.043048 0.000000 0.000000 1.000000 0.000000
0.998348 -0.057453 0.000000 404.172945 0.057453 0.998348 0.000000 43.173185 0.000000 0.000000 1.000000 0.000000
0.997942 -0.064117 0.000000 406.679567 0.064117 0.997942 0.000000 43.315213 0.000000 0.000000 1.000000 0.000000
0.997581 -0.069513 0.000000 409.207927 0.069513 0.997581 0.000000 43.476184 0.000000 0.000000 1.000000 0.000000
0.997142 -0.075553 0.000000 411.770183 0.075553 0.997142 0.000000 43.649350 0.000000 0.000000 1.000000 0.000000
0.996576 -0.082687 0.000000 414.324331 0.082687 0.996576 0.000000 43.838178 0.000000 0.000000 1.000000 0.000000
0.995960 -0.089798 0.000000 416.922742 0.089798 0.995960 0.000000 44.044585 0.000000 0.000000 1.000000 0.000000
0.995349 -0.096333 0.000000 419.510164 0.096333 0.995349 0.000000 44.268853 0.000000 0.000000 1.000000 0.000000
0.994969 -0.100184 0.000000 422.107092 0.100184 0.994969 0.000000 44.508129 0.000000 0.000000 1.000000 0.000000
0.994646 -0.103339 0.000000 424.712335 0.103339 0.994646 0.000000 44.754771 0.000000 0.000000 1.000000 0.000000
0.994515 -0.104597 0.000000 427.295707 0.104597 0.994515 0.000000 45.010635 0.000000 0.000000 1.000000 0.000000
0.994351 -0.106144 0.000000 429.900080 0.106144 0.994351 0.000000 45.266277 0.000000 0.000000 1.000000 0.000000
0.994315 -0.106477 0.000000 432.472440 0.106477 0.994315 0.000000 45.521850 0.000000 0.000000 1.000000 0.000000
0.994291 -0.106706 0.000000 435.019324 0.106706 0.994291 0.000000 45.779829 0.000000 0.000000 1.000000 0.000000
0.994210 -0.107453 0.000000 437.499678 0.107453 0.994210 0.000000 46.024707 0.000000 0.000000 1.000000 0.000000
0.994220 -0.107366 0.000000 439.931986 0.107366 0.994220 0.000000 46.268814 0.000000 0.000000 1.000000 0.000000
0.994205 -0.107497 0.000000 442.302758 0.107497 0.994205 0.000000 46.500135 0.000000 0.000000 1.000000 0.000000
0.994174 -0.107783 0.000000 444.650767 0.107783 0.994174 0.000000 46.739805 0.000000 0.000000 1.000000 0.000000
0.994108 -0.108392 0.000000 446.947445 0.108392 0.994108 0.000000 46.971303 0.000000 0.000000 1.000000 0.000000
0.994204 -0.107512 0.000000 449.157479 0.107512 0.994204 0.000000 47.193267 0.000000 0.000000 1.000000 0.000000
0.994472 -0.104998 0.000000 451.269344 0.104998 0.994472 0.000000 47.404979 0.000000 0.000000 1.000000 0.000000
0.994753 -0.102302 0.000000 453.305627 0.102302 0.994753 0.000000 47.600354 0.000000 0.000000 1.000000 0.000000
0.995314 -0.096692 0.000000 455.235582 0.096692 0.995314 0.000000 47.774167 0.000000 0.000000 1.000000 0.000000
0.996087 -0.088382 0.000000 457.057550 0.088382 0.996087 0.000000 47.922256 0.000000 0.000000 1.000000 0.000000
0.996970 -0.077789 0.000000 458.800633 0.077789 0.996970 0.000000 48.048432 0.000000 0.000000 1.000000 0.000000
0.998198 -0.060011 0.000000 460.483713 0.060011 0.998198 0.000000 48.142907 0.000000 0.000000 1.000000 0.000000
0.999501 -0.031579 0.000000 462.078326 0.031579 0.999501 0.000000 48.186917 0.000000 0.000000 1.000000 0.000000
0.998205 0.059895 0.000000 465.017414 -0.059895 0.998205 -0.000000 48.062355 -0.000000 0.000000 1.000000 0.000000
0.983827 0.179120 0.000000 467.618229 -0.179120 0.983827 -0.000000 47.663781 -0.000000 0.000000 1.000000 0.000000
0.943105 0.332495 0.000000 469.894712 -0.332495 0.943105 -0.000000 46.947783 -0.000000 0.000000 1.000000 0.000000
0.907682 0.419659 0.000000 470.897924 -0.419659 0.907682 -0.000000 46.456171 -0.000000 0.000000 1.000000 0.000000
0.859752 0.510712 0.000000 471.820425 -0.510712 0.859752 -0.000000 45.880675 -0.000000 0.000000 1.000000 0.000000
0.797926 0.602756 0.000000 472.635544 -0.602756 0.797926 -0.000000 45.224398 -0.000000 0.000000 1.000000 0.000000
0.719486 0.694507 0.000000 473.332638 -0.694507 0.719486 -0.000000 44.495675 -0.000000 0.000000 1.000000 0.000000
0.626663 0.779291 0.000000 473.916949 -0.779291 0.626663 -0.000000 43.703756 -0.000000 0.000000 1.000000 0.000000
0.519134 0.854693 0.000000 474.380181 -0.854693 0.519134 -0.000000 42.854465 -0.000000 0.000000 1.000000 0.000000
0.400919 0.916113 0.000000 474.722123 -0.916113 0.400919 -0.000000 41.949135 -0.000000 0.000000 1.000000 0.000000
0.270715 0.962659 0.000000 474.940820 -0.962659 0.270715 -0.000000 41.011392 -0.000000 0.000000 1.000000 0.000000
0.129262 0.991610 0.000000 475.021894 -0.991610 0.129262 -0.000000 40.033398 -0.000000 0.000000 1.000000 0.000000
-0.018498 0.999829 0.000000 474.956745 -0.999829 -0.018498 -0.000000 39.030843 -0.000000 0.000000 1.000000 0.000000
-0.166972 0.985962 0.000000 474.731325 -0.985962 -0.166972 -0.000000 38.030177 -0.000000 0.000000 1.000000 0.000000
-0.312788 0.949823 0.000000 474.364042 -0.949823 -0.312788 -0.000000 37.039288 -0.000000 0.000000 1.000000 0.000000
-0.446535 0.894766 0.000000 473.832238 -0.894766 -0.446535 -0.000000 36.078034 -0.000000 0.000000 1.000000 0.000000
-0.560124 0.828409 0.000000 473.156914 -0.828409 -0.560124 0.000000 35.147175 0.000000 0.000000 1.000000 0.000000
-0.661162 0.750243 0.000000 472.345852 -0.750243 -0.661162 0.000000 34.258920 0.000000 0.000000 1.000000 0.000000
-0.749037 0.662528 0.000000 471.375326 -0.662528 -0.749037 0.000000 33.442107 0.000000 0.000000 1.000000 0.000000
-0.808903 0.587942 0.000000 470.271096 -0.587942 -0.808903 0.000000 32.667484 0.000000 0.000000 1.000000 0.000000
-0.863162 0.504927 0.000000 467.770280 -0.504927 -0.863162 0.000000 31.169997 0.000000 0.000000 1.000000 0.000000
-0.867893 0.496751 0.000000 466.412685 -0.496751 -0.867893 0.000000 30.406622 0.000000 0.000000 1.000000 0.000000
-0.869919 0.493195 0.000000 465.002446 -0.493195 -0.869919 0.000000 29.613941 0.000000 0.000000 1.000000 0.000000
-0.870280 0.492558 0.000000 463.517224 -0.492558 -0.870280 0.000000 28.779516 0.000000 0.000000 1.000000 0.000000
-0.870185 0.492726 0.000000 461.961167 -0.492726 -0.870185 0.000000 27.909319 0.000000 0.000000 1.000000 0.000000
-0.870548 0.492083 0.000000 460.341395 -0.492083 -0.870548 0.000000 26.999292 0.000000 0.000000 1.000000 0.000000
-0.871447 0.490489 0.000000 458.654854 -0.490489 -0.871447 0.000000 26.057268 0.000000 0.000000 1.000000 0.000000
-0.871479 0.490432 0.000000 456.886197 -0.490432 -0.871479 0.000000 25.078890 0.000000 0.000000 1.000000 0.000000
-0.871979 0.489543 0.000000 455.060515 -0.489543 -0.871979 0.000000 24.064625 0.000000 0.000000 1.000000 0.000000
-0.872747 0.488173 0.000000 453.175283 -0.488173 -0.872747 0.000000 23.013512 0.000000 0.000000 1.000000 0.000000
-0.873100 0.487541 0.000000 451.215162 -0.487541 -0.873100 0.000000 21.936558 0.000000 0.000000 1.000000 0.000000
-0.873472 0.486874 0.000000 449.214906 -0.486874 -0.873472 0.000000 20.839777 0.000000 0.000000 1.000000 0.000000
-0.874178 0.485605 0.000000 447.169220 -0.485605 -0.874178 0.000000 19.719972 0.000000 0.000000 1.000000 0.000000
-0.874797 0.484490 0.000000 445.076871 -0.484490 -0.874797 0.000000 18.573570 0.000000 0.000000 1.000000 0.000000
-0.875882 0.482525 0.000000 442.936163 -0.482525 -0.875882 0.000000 17.412835 0.000000 0.000000 1.000000 0.000000
-0.876729 0.480984 0.000000 440.756044 -0.480984 -0.876729 0.000000 16.227518 0.000000 0.000000 1.000000 0.000000
-0.879410 0.476066 0.000000 438.537373 -0.476066 -0.879410 0.000000 15.031488 0.000000 0.000000 1.000000 0.000000
-0.881186 0.472770 0.000000 436.255636 -0.472770 -0.881186 0.000000 13.823123 0.000000 0.000000 1.000000 0.000000
-0.883360 0.468696 0.000000 433.938094 -0.468696 -0.883360 0.000000 12.600734 0.000000 0.000000 1.000000 0.000000
-0.885133 0.465338 0.000000 431.594463 -0.465338 -0.885133 0.000000 11.372974 0.000000 0.000000 1.000000 0.000000
-0.886364 0.462989 0.000000 429.246734 -0.462989 -0.886364 0.000000 10.163147 0.000000 0.000000 1.000000 0.000000
-0.886872 0.462016 0.000000 426.915067 -0.462016 -0.886872 0.000000 8.960373 0.000000 0.000000 1.000000 0.000000
-0.887138 0.461504 0.000000 424.573591 -0.461504 -0.887138 0.000000 7.752993 0.000000 0.000000 1.000000 0.000000
-0.887781 0.460266 0.000000 422.209620 -0.460266 -0.887781 0.000000 6.545835 0.000000 0.000000 1.000000 0.000000
-0.888656 0.458575 0.000000 419.848725 -0.458575 -0.888656 0.000000 5.341484 0.000000 0.000000 1.000000 0.000000
-0.889572 0.456796 0.000000 417.492015 -0.456796 -0.889572 0.000000 4.136495 0.000000 0.000000 1.000000 0.000000
-0.890312 0.455351 0.000000 415.144317 -0.455351 -0.890312 0.000000 2.943849 0.000000 0.000000 1.000000 0.000000
-0.891361 0.453293 0.000000 412.785388 -0.453293 -0.891361 0.000000 1.749465 0.000000 0.000000 1.000000 0.000000
-0.892164 0.451711 0.000000 410.414815 -0.451711 -0.892164 0.000000 0.553434 0.000000 0.000000 1.000000 0.000000
-0.892666 0.450718 0.000000 408.029040 -0.450718 -0.892666 0.000000 -0.643741 0.000000 0.000000 1.000000 0.000000
-0.892208 0.451624 0.000000 405.637643 -0.451624 -0.892208 0.000000 -1.845867 0.000000 0.000000 1.000000 0.000000
-0.892700 0.450651 0.000000 403.273588 -0.450651 -0.892700 0.000000 -3.037038 0.000000 0.000000 1.000000 0.000000
-0.892770 0.450513 0.000000 400.902141 -0.450513 -0.892770 0.000000 -4.225723 0.000000 0.000000 1.000000 0.000000
-0.893280 0.449501 0.000000 398.525993 -0.449501 -0.893280 0.000000 -5.416285 0.000000 0.000000 1.000000 0.000000
-0.893694 0.448676 0.000000 396.155873 -0.448676 -0.893694 0.000000 -6.598235 0.000000 0.000000 1.000000 0.000000
-0.894129 0.447809 0.000000 393.782233 -0.447809 -0.894129 0.000000 -7.781053 0.000000 0.000000 1.000000 0.000000
-0.894894 0.446279 0.000000 391.387196 -0.446279 -0.894894 0.000000 -8.964189 0.000000 0.000000 1.000000 0.000000
-0.896015 0.444024 0.000000 389.007282 -0.444024 -0.896015 0.000000 -10.142180 0.000000 0.000000 1.000000 0.000000
-0.897054 0.441922 0.000000 386.645362 -0.441922 -0.897054 0.000000 -11.296464 0.000000 0.000000 1.000000 0.000000
-0.898619 0.438731 0.000000 384.310667 -0.438731 -0.898619 0.000000 -12.428367 0.000000 0.000000 1.000000 0.000000
-0.901033 0.433750 0.000000 381.976334 -0.433750 -0.901033 0.000000 -13.543252 0.000000 0.000000 1.000000 0.000000
-0.904145 0.427225 0.000000 379.640354 -0.427225 -0.904145 0.000000 -14.638396 0.000000 0.000000 1.000000 0.000000
-0.907511 0.420029 0.000000 377.307069 -0.420029 -0.907511 0.000000 -15.706708 0.000000 0.000000 1.000000 0.000000
-0.910953 0.412511 0.000000 374.967615 -0.412511 -0.910953 0.000000 -16.760838 0.000000 0.000000 1.000000 0.000000
-0.914355 0.404914 0.000000 372.608288 -0.404914 -0.914355 0.000000 -17.803099 0.000000 0.000000 1.000000 0.000000
-0.917657 0.397374 0.000000 370.227194 -0.397374 -0.917657 0.000000 -18.830237 0.000000 0.000000 1.000000 0.000000
-0.920849 0.389919 0.000000 367.836326 -0.389919 -0.920849 0.000000 -19.839470 0.000000 0.000000 1.000000 0.000000
-0.923881 0.382679 0.000000 365.432284 -0.382679 -0.923881 0.000000 -20.828374 0.000000 0.000000 1.000000 0.000000
-0.927619 0.373527 0.000000 363.004013 -0.373527 -0.927619 0.000000 -21.802727 0.000000 0.000000 1.000000 0.000000
-0.931172 0.364580 0.000000 360.557842 -0.364580 -0.931172 0.000000 -22.751576 0.000000 0.000000 1.000000 0.000000
-0.934509 0.355940 0.000000 358.134879 -0.355940 -0.934509 0.000000 -23.669627 0.000000 0.000000 1.000000 0.000000
-0.937327 0.348450 0.000000 355.715566 -0.348450 -0.937327 0.000000 -24.561934 0.000000 0.000000 1.000000 0.000000
-0.939681 0.342051 0.000000 353.271829 -0.342051 -0.939681 0.000000 -25.437085 0.000000 0.000000 1.000000 0.000000
-0.940133 0.340807 0.000000 350.843286 -0.340807 -0.940133 0.000000 -26.306069 0.000000 0.000000 1.000000 0.000000
-0.939863 0.341553 0.000000 348.167379 -0.341553 -0.939863 0.000000 -27.265154 0.000000 0.000000 1.000000 0.000000
-0.938942 0.344074 0.000000 345.464184 -0.344074 -0.938942 0.000000 -28.233365 0.000000 0.000000 1.000000 0.000000
-0.938432 0.345464 0.000000 342.770949 -0.345464 -0.938432 0.000000 -29.211410 0.000000 0.000000 1.000000 0.000000
-0.937723 0.347385 0.000000 340.071005 -0.347385 -0.937723 0.000000 -30.204320 0.000000 0.000000 1.000000 0.000000
-0.936381 0.350986 0.000000 337.425320 -0.350986 -0.936381 0.000000 -31.183799 0.000000 0.000000 1.000000 0.000000
-0.934372 0.356300 0.000000 334.880550 -0.356300 -0.934372 0.000000 -32.145258 0.000000 0.000000 1.000000 0.000000
-0.932129 0.362126 0.000000 332.341356 -0.362126 -0.932129 0.000000 -33.116790 0.000000 0.000000 1.000000 0.000000
-0.930414 0.366511 0.000000 329.819399 -0.366511 -0.930414 0.000000 -34.104702 0.000000 0.000000 1.000000 0.000000
-0.928406 0.371568 0.000000 327.337493 -0.371568 -0.928406 0.000000 -35.082908 0.000000 0.000000 1.000000 0.000000
-0.926554 0.376162 0.000000 324.885878 -0.376162 -0.926554 0.000000 -36.063968 0.000000 0.000000 1.000000 0.000000
-0.924734 0.380614 0.000000 322.461182 -0.380614 -0.924734 0.000000 -37.046445 0.000000 0.000000 1.000000 0.000000
-0.922867 0.385120 0.000000 320.057415 -0.385120 -0.922867 0.000000 -38.036353 0.000000 0.000000 1.000000 0.000000
-0.921167 0.389168 0.000000 317.667371 -0.389168 -0.921167 0.000000 -39.030571 0.000000 0.000000 1.000000 0.000000
-0.919284 0.393595 0.000000 315.298700 -0.393595 -0.919284 0.000000 -40.028479 0.000000 0.000000 1.000000 0.000000
-0.917909 0.396790 0.000000 312.963941 -0.396790 -0.917909 0.000000 -41.021998 0.000000 0.000000 1.000000 0.000000
-0.916907 0.399101 0.000000 310.678997 -0.399101 -0.916907 0.000000 -41.995531 0.000000 0.000000 1.000000 0.000000
-0.917252 0.398307 0.000000 308.428519 -0.398307 -0.917252 0.000000 -42.964296 0.000000 0.000000 1.000000 0.000000
-0.917187 0.398457 0.000000 306.212466 -0.398457 -0.917187 0.000000 -43.922531 0.000000 0.000000 1.000000 0.000000
-0.916729 0.399509 0.000000 304.040930 -0.399509 -0.916729 0.000000 -44.859281 0.000000 0.000000 1.000000 0.000000
-0.916600 0.399805 0.000000 301.940938 -0.399805 -0.916600 0.000000 -45.764082 0.000000 0.000000 1.000000 0.000000
-0.915656 0.401962 0.000000 299.865569 -0.401962 -0.915656 0.000000 -46.664124 0.000000 0.000000 1.000000 0.000000
-0.914698 0.404138 0.000000 297.173269 -0.404138 -0.914698 0.000000 -47.836056 0.000000 0.000000 1.000000 0.000000
-0.913833 0.406090 0.000000 294.388483 -0.406090 -0.913833 0.000000 -49.053399 0.000000 0.000000 1.000000 0.000000
-0.912841 0.408315 0.000000 291.619414 -0.408315 -0.912841 0.000000 -50.272659 0.000000 0.000000 1.000000 0.000000
-0.912252 0.409628 0.000000 288.877484 -0.409628 -0.912252 0.000000 -51.496273 0.000000 0.000000 1.000000 0.000000
-0.911540 0.411212 0.000000 286.136714 -0.411212 -0.911540 0.000000 -52.713185 0.000000 0.000000 1.000000 0.000000
-0.911050 0.412297 0.000000 283.400581 -0.412297 -0.911050 0.000000 -53.928164 0.000000 0.000000 1.000000 0.000000
-0.910282 0.413989 0.000000 280.655603 -0.413989 -0.910282 0.000000 -55.159934 0.000000 0.000000 1.000000 0.000000
-0.909732 0.415195 0.000000 277.921986 -0.415195 -0.909732 0.000000 -56.401430 0.000000 0.000000 1.000000 0.000000
-0.908588 0.417693 0.000000 275.288337 -0.417693 -0.908588 0.000000 -57.588086 0.000000 0.000000 1.000000 0.000000
-0.907958 0.419061 0.000000 272.624348 -0.419061 -0.907958 0.000000 -58.798643 0.000000 0.000000 1.000000 0.000000
-0.907206 0.420686 0.000000 269.944785 -0.420686 -0.907206 0.000000 -60.023374 0.000000 0.000000 1.000000 0.000000
-0.906572 0.422051 0.000000 267.343729 -0.422051 -0.906572 0.000000 -61.219859 0.000000 0.000000 1.000000 0.000000
-0.906901 0.421345 0.000000 264.723896 -0.421345 -0.906901 0.000000 -62.433102 0.000000 0.000000 1.000000 0.000000
-0.907543 0.419959 0.000000 262.107383 -0.419959 -0.907543 0.000000 -63.631847 0.000000 0.000000 1.000000 0.000000
-0.908277 0.418369 0.000000 259.476646 -0.418369 -0.908277 0.000000 -64.832682 0.000000 0.000000 1.000000 0.000000
-0.908992 0.416814 0.000000 256.828077 -0.416814 -0.908992 0.000000 -66.034547 0.000000 0.000000 1.000000 0.000000
-0.909706 0.415253 0.000000 254.265847 -0.415253 -0.909706 0.000000 -67.193243 0.000000 0.000000 1.000000 0.000000
-0.910173 0.414227 0.000000 251.650051 -0.414227 -0.910173 0.000000 -68.363951 0.000000 0.000000 1.000000 0.000000
-0.910396 0.413738 0.000000 249.021560 -0.413738 -0.910396 0.000000 -69.540428 0.000000 0.000000 1.000000 0.000000
-0.910593 0.413305 0.000000 246.453212 -0.413305 -0.910593 0.000000 -70.691111 0.000000 0.000000 1.000000 0.000000
-0.910543 0.413414 0.000000 243.931451 -0.413414 -0.910543 0.000000 -71.823114 0.000000 0.000000 1.000000 0.000000
-0.910276 0.414002 0.000000 241.402338 -0.414002 -0.910276 0.000000 -72.962677 0.000000 0.000000 1.000000 0.000000
-0.908735 0.417374 0.000000 238.869798 -0.417374 -0.908735 0.000000 -74.106831 0.000000 0.000000 1.000000 0.000000
-0.907781 0.419444 0.000000 236.352863 -0.419444 -0.907781 0.000000 -75.255413 0.000000 0.000000 1.000000 0.000000
-0.906184 0.422883 0.000000 233.834630 -0.422883 -0.906184 0.000000 -76.419231 0.000000 0.000000 1.000000 0.000000
-0.905371 0.424622 0.000000 231.315456 -0.424622 -0.905371 0.000000 -77.576066 0.000000 0.000000 1.000000 0.000000
-0.904918 0.425585 0.000000 228.800860 -0.425585 -0.904918 0.000000 -78.743309 0.000000 0.000000 1.000000 0.000000
-0.903972 0.427591 0.000000 226.279864 -0.427591 -0.903972 0.000000 -79.910622 0.000000 0.000000 1.000000 0.000000
-0.903618 0.428339 0.000000 223.794675 -0.428339 -0.903618 0.000000 -81.080129 0.000000 0.000000 1.000000 0.000000
-0.902968 0.429707 0.000000 221.274193 -0.429707 -0.902968 0.000000 -82.255145 0.000000 0.000000 1.000000 0.000000
-0.902858 0.429938 0.000000 218.725346 -0.429938 -0.902858 0.000000 -83.456427 0.000000 0.000000 1.000000 0.000000
-0.902756 0.430152 0.000000 216.183575 -0.430152 -0.902756 0.000000 -84.649730 0.000000 0.000000 1.000000 0.000000
-0.902425 0.430847 0.000000 213.675594 -0.430847 -0.902425 0.000000 -85.828826 0.000000 0.000000 1.000000 0.000000
-0.902517 0.430654 0.000000 211.159434 -0.430654 -0.902517 0.000000 -87.014041 0.000000 0.000000 1.000000 0.000000
-0.902759 0.430146 0.000000 208.634412 -0.430146 -0.902759 0.000000 -88.207340 0.000000 0.000000 1.000000 0.000000
-0.903223 0.429172 0.000000 206.114418 -0.429172 -0.903223 0.000000 -89.394238 0.000000 0.000000 1.000000 0.000000
-0.903350 0.428904 0.000000 203.601843 -0.428904 -0.903350 0.000000 -90.573872 0.000000 0.000000 1.000000 0.000000
-0.903523 0.428540 0.000000 201.090087 -0.428540 -0.903523 0.000000 -91.749374 0.000000 0.000000 1.000000 0.000000
-0.903475 0.428642 0.000000 198.574125 -0.428642 -0.903475 0.000000 -92.920715 0.000000 0.000000 1.000000 0.000000
-0.903590 0.428398 0.000000 196.090266 -0.428398 -0.903590 0.000000 -94.084696 0.000000 0.000000 1.000000 0.000000
-0.903470 0.428651 0.000000 193.595752 -0.428651 -0.903470 0.000000 -95.246344 0.000000 0.000000 1.000000 0.000000
-0.903514 0.428559 0.000000 191.121739 -0.428559 -0.903514 0.000000 -96.395744 0.000000 0.000000 1.000000 0.000000
-0.903317 0.428974 0.000000 188.664502 -0.428974 -0.903317 0.000000 -97.546155 0.000000 0.000000 1.000000 0.000000
-0.902774 0.430115 0.000000 186.214467 -0.430115 -0.902774 0.000000 -98.695520 0.000000 0.000000 1.000000 0.000000
-0.902413 0.430872 0.000000 183.776461 -0.430872 -0.902413 0.000000 -99.854117 0.000000 0.000000 1.000000 0.000000
-0.901638 0.432492 0.000000 181.388713 -0.432492 -0.901638 0.000000 -100.979488 0.000000 0.000000 1.000000 0.000000
-0.901320 0.433154 0.000000 178.993971 -0.433154 -0.901320 0.000000 -102.119325 0.000000 0.000000 1.000000 0.000000
-0.900784 0.434267 0.000000 176.618415 -0.434267 -0.900784 0.000000 -103.250461 0.000000 0.000000 1.000000 0.000000
-0.900354 0.435159 0.000000 174.216364 -0.435159 -0.900354 0.000000 -104.389714 0.000000 0.000000 1.000000 0.000000
-0.900572 0.434707 0.000000 171.861149 -0.434707 -0.900572 0.000000 -105.513399 0.000000 0.000000 1.000000 0.000000
-0.901387 0.433015 0.000000 169.527604 -0.433015 -0.901387 0.000000 -106.621633 0.000000 0.000000 1.000000 0.000000
-0.902576 0.430530 0.000000 167.200168 -0.430530 -0.902576 0.000000 -107.719992 0.000000 0.000000 1.000000 0.000000
-0.903329 0.428948 0.000000 164.855208 -0.428948 -0.903329 0.000000 -108.812551 0.000000 0.000000 1.000000 0.000000
-0.904635 0.426186 0.000000 162.566405 -0.426186 -0.904635 0.000000 -109.881539 0.000000 0.000000 1.000000 0.000000
-0.906483 0.422242 0.000000 160.305837 -0.422242 -0.906483 0.000000 -110.923932 0.000000 0.000000 1.000000 0.000000
-0.908500 0.417885 0.000000 158.040094 -0.417885 -0.908500 0.000000 -111.957871 0.000000 0.000000 1.000000 0.000000
-0.910302 0.413944 0.000000 155.757439 -0.413944 -0.910302 0.000000 -112.988208 0.000000 0.000000 1.000000 0.000000
-0.911409 0.411502 0.000000 153.543151 -0.411502 -0.911409 0.000000 -113.973061 0.000000 0.000000 1.000000 0.000000
-0.912403 0.409293 0.000000 151.399528 -0.409293 -0.912403 0.000000 -114.923980 0.000000 0.000000 1.000000 0.000000
-0.912941 0.408091 0.000000 149.250001 -0.408091 -0.912941 0.000000 -115.879302 0.000000 0.000000 1.000000 0.000000
-0.913553 0.406719 0.000000 147.082804 -0.406719 -0.913553 0.000000 -116.832693 0.000000 0.000000 1.000000 0.000000
-0.914224 0.405210 0.000000 145.019805 -0.405210 -0.914224 0.000000 -117.731190 0.000000 0.000000 1.000000 0.000000
-0.914603 0.404352 0.000000 143.054380 -0.404352 -0.914603 0.000000 -118.583558 0.000000 0.000000 1.000000 0.000000
-0.915134 0.403149 0.000000 141.080342 -0.403149 -0.915134 0.000000 -119.449217 0.000000 0.000000 1.000000 0.000000
