0.994626 0.103532 0.000000 -7.622216 -0.103532 0.994626 -0.000000 3.704304 -0.000000 0.000000 1.000000 0.000000 1564718964389940000

0.996440 0.084304 0.000000 -6.049948 -0.084304 0.996440 -0.000000 3.571082 -0.000000 0.000000 1.000000 0.000000 1564718975660565000

0.999281 0.037907 0.000000 -3.906281 -0.037907 0.999281 -0.000000 3.583093 -0.000000 0.000000 1.000000 0.000000 1564718976662580000

0.999745 -0.022581 0.000000 -1.784632 0.022581 0.999745 0.000000 3.641540 0.000000 0.000000 1.000000 0.000000 1564718977413168000

0.996994 -0.077481 0.000000 -0.083424 0.077481 0.996994 0.000000 3.815089 0.000000 0.000000 1.000000 0.000000 1564718977914059000

0.990503 -0.137494 0.000000 1.767138 0.137494 0.990503 0.000000 4.090646 0.000000 0.000000 1.000000 0.000000 1564718978415483000

0.981680 -0.190539 0.000000 3.710681 0.190539 0.981680 0.000000 4.553296 0.000000 0.000000 1.000000 0.000000 1564718978915990000

0.974668 -0.223657 0.000000 5.861868 0.223657 0.974668 0.000000 5.059281 0.000000 0.000000 1.000000 0.000000 1564718979417842000

0.972510 -0.232862 0.000000 8.090858 0.232862 0.972510 0.000000 5.609194 0.000000 0.000000 1.000000 0.000000 1564718979918879000

0.972630 -0.232360 0.000000 10.477407 0.232360 0.972630 0.000000 6.181037 0.000000 0.000000 1.000000 0.000000 1564718980420800000

0.973134 -0.230239 0.000000 13.050762 0.230239 0.973134 0.000000 6.779209 0.000000 0.000000 1.000000 0.000000 1564718980920502000

0.972387 -0.233374 0.000000 15.687871 0.233374 0.972387 0.000000 7.458493 0.000000 0.000000 1.000000 0.000000 1564718981421350000

0.969535 -0.244952 0.000000 18.536533 0.244952 0.969535 0.000000 8.239291 0.000000 0.000000 1.000000 0.000000 1564718981921895000

0.965146 -0.261714 0.000000 21.368941 0.261714 0.965146 0.000000 9.059077 0.000000 0.000000 1.000000 0.000000 1564718982423172000

0.961502 -0.274796 0.000000 22.890411 0.274796 0.961502 0.000000 9.449430 0.000000 0.000000 1.000000 0.000000 1564718982674261000

0.957546 -0.288281 0.000000 24.428848 0.288281 0.957546 0.000000 9.974373 0.000000 0.000000 1.000000 0.000000 1564718982924224000

0.952148 -0.305636 0.000000 25.951511 0.305636 0.952148 0.000000 10.535799 0.000000 0.000000 1.000000 0.000000 1564718983174398000

0.945141 -0.326663 0.000000 27.564839 0.326663 0.945141 0.000000 11.108668 0.000000 0.000000 1.000000 0.000000 1564718983424771000

0.936247 -0.351341 0.000000 29.143471 0.351341 0.936247 0.000000 11.751519 0.000000 0.000000 1.000000 0.000000 1564718983675983000

0.925529 -0.378676 0.000000 30.807559 0.378676 0.925529 0.000000 12.451354 0.000000 0.000000 1.000000 0.000000 1564718983926542000

0.913488 -0.406866 0.000000 32.454558 0.406866 0.913488 0.000000 13.235940 0.000000 0.000000 1.000000 0.000000 1564718984175593000

0.900266 -0.435340 0.000000 34.098112 0.435340 0.900266 0.000000 14.052173 0.000000 0.000000 1.000000 0.000000 1564718984425904000

0.886390 -0.462939 0.000000 35.713239 0.462939 0.886390 0.000000 14.954663 0.000000 0.000000 1.000000 0.000000 1564718984676392000

0.872118 -0.489296 0.000000 37.364860 0.489296 0.872118 0.000000 15.929225 0.000000 0.000000 1.000000 0.000000 1564718984926656000

0.858600 -0.512647 0.000000 39.090193 0.512647 0.858600 0.000000 16.954902 0.000000 0.000000 1.000000 0.000000 1564718985177860000

0.849034 -0.528339 0.000000 40.767475 0.528339 0.849034 0.000000 18.059653 0.000000 0.000000 1.000000 0.000000 1564718985428174000

0.841041 -0.540971 0.000000 42.354467 0.540971 0.841041 0.000000 19.106775 0.000000 0.000000 1.000000 0.000000 1564718985678474000

0.832616 -0.553851 0.000000 44.011954 0.553851 0.832616 0.000000 20.251423 0.000000 0.000000 1.000000 0.000000 1564718985929491000

0.826355 -0.563150 0.000000 45.704011 0.563150 0.826355 0.000000 21.440626 0.000000 0.000000 1.000000 0.000000 1564718986178608000

0.820818 -0.571189 0.000000 47.365106 0.571189 0.820818 0.000000 22.585622 0.000000 0.000000 1.000000 0.000000 1564718986428674000

0.817379 -0.576101 0.000000 49.058265 0.576101 0.817379 0.000000 23.813629 0.000000 0.000000 1.000000 0.000000 1564718986679023000

0.817571 -0.575828 0.000000 50.768604 0.575828 0.817571 0.000000 25.020746 0.000000 0.000000 1.000000 0.000000 1564718986929175000

0.818999 -0.573795 0.000000 52.440674 0.573795 0.818999 0.000000 26.234721 0.000000 0.000000 1.000000 0.000000 1564718987179531000

0.820528 -0.571606 0.000000 54.124772 0.571606 0.820528 0.000000 27.436482 0.000000 0.000000 1.000000 0.000000 1564718987429648000

0.822618 -0.568594 0.000000 55.832528 0.568594 0.822618 0.000000 28.603858 0.000000 0.000000 1.000000 0.000000 1564718987680265000

0.825375 -0.564584 0.000000 57.518780 0.564584 0.825375 0.000000 29.729837 0.000000 0.000000 1.000000 0.000000 1564718987930777000

0.830661 -0.556778 0.000000 59.172612 0.556778 0.830661 0.000000 30.868513 0.000000 0.000000 1.000000 0.000000 1564718988180460000

0.835839 -0.548974 0.000000 60.840216 0.548974 0.835839 0.000000 31.981561 0.000000 0.000000 1.000000 0.000000 1564718988431390000

0.842383 -0.538879 0.000000 62.530430 0.538879 0.842383 0.000000 33.069402 0.000000 0.000000 1.000000 0.000000 1564718988680326000

0.849830 -0.527057 0.000000 64.244181 0.527057 0.849830 0.000000 34.170764 0.000000 0.000000 1.000000 0.000000 1564718988931150000

0.857031 -0.515265 0.000000 65.944450 0.515265 0.857031 0.000000 35.245725 0.000000 0.000000 1.000000 0.000000 1564718989180571000

0.864894 -0.501955 0.000000 67.711417 0.501955 0.864894 0.000000 36.231868 0.000000 0.000000 1.000000 0.000000 1564718989431513000

0.872385 -0.488819 0.000000 69.498452 0.488819 0.872385 0.000000 37.215356 0.000000 0.000000 1.000000 0.000000 1564718989681898000

0.881145 -0.472845 0.000000 71.330551 0.472845 0.881145 0.000000 38.172704 0.000000 0.000000 1.000000 0.000000 1564718989932423000

0.890689 -0.454612 0.000000 73.098948 0.454612 0.890689 0.000000 39.117244 0.000000 0.000000 1.000000 0.000000 1564718990182409000

0.900065 -0.435756 0.000000 74.891734 0.435756 0.900065 0.000000 40.016288 0.000000 0.000000 1.000000 0.000000 1564718990432558000

0.909328 -0.416079 0.000000 76.754003 0.416079 0.909328 0.000000 40.864222 0.000000 0.000000 1.000000 0.000000 1564718990682749000

0.918916 -0.394452 0.000000 78.657620 0.394452 0.918916 0.000000 41.663797 0.000000 0.000000 1.000000 0.000000 1564718990933330000

0.928343 -0.371725 0.000000 80.539965 0.371725 0.928343 0.000000 42.423580 0.000000 0.000000 1.000000 0.000000 1564718991183637000

0.937021 -0.349272 0.000000 82.515380 0.349272 0.937021 0.000000 43.148982 0.000000 0.000000 1.000000 0.000000 1564718991434059000

0.944659 -0.328054 0.000000 84.454339 0.328054 0.944659 0.000000 43.842467 0.000000 0.000000 1.000000 0.000000 1564718991684437000

0.952452 -0.304689 0.000000 86.423503 0.304689 0.952452 0.000000 44.462689 0.000000 0.000000 1.000000 0.000000 1564718991934725000

0.959552 -0.281531 0.000000 88.378651 0.281531 0.959552 0.000000 45.066685 0.000000 0.000000 1.000000 0.000000 1564718992185213000

0.965910 -0.258878 0.000000 90.410881 0.258878 0.965910 0.000000 45.617653 0.000000 0.000000 1.000000 0.000000 1564718992435208000

0.971887 -0.235449 0.000000 92.444811 0.235449 0.971887 0.000000 46.126189 0.000000 0.000000 1.000000 0.000000 1564718992684601000

0.976822 -0.214053 0.000000 94.523038 0.214053 0.976822 0.000000 46.555331 0.000000 0.000000 1.000000 0.000000 1564718992935097000

0.980892 -0.194551 0.000000 96.576138 0.194551 0.980892 0.000000 46.966989 0.000000 0.000000 1.000000 0.000000 1564718993185284000

0.984154 -0.177316 0.000000 98.695308 0.177316 0.984154 0.000000 47.351878 0.000000 0.000000 1.000000 0.000000 1564718993435400000

0.987073 -0.160273 0.000000 100.799207 0.160273 0.987073 0.000000 47.735491 0.000000 0.000000 1.000000 0.000000 1564718993685763000

0.989781 -0.142593 0.000000 102.906759 0.142593 0.989781 0.000000 48.023260 0.000000 0.000000 1.000000 0.000000 1564718993935835000

0.992114 -0.125340 0.000000 105.038392 0.125340 0.992114 0.000000 48.319691 0.000000 0.000000 1.000000 0.000000 1564718994186303000

0.994246 -0.107121 0.000000 107.174250 0.107121 0.994246 0.000000 48.549617 0.000000 0.000000 1.000000 0.000000 1564718994436138000

0.996215 -0.086929 0.000000 109.283252 0.086929 0.996215 0.000000 48.760019 0.000000 0.000000 1.000000 0.000000 1564718994688191000

0.997668 -0.068251 0.000000 111.416615 0.068251 0.997668 0.000000 48.934138 0.000000 0.000000 1.000000 0.000000 1564718994938898000

0.998849 -0.047968 0.000000 113.567479 0.047968 0.998849 0.000000 49.042431 0.000000 0.000000 1.000000 0.000000 1564718995188289000

0.999589 -0.028666 0.000000 115.745525 0.028666 0.999589 0.000000 49.127443 0.000000 0.000000 1.000000 0.000000 1564718995438662000

0.999963 -0.008655 0.000000 117.961054 0.008655 0.999963 0.000000 49.171955 0.000000 0.000000 1.000000 0.000000 1564718995689352000

0.999943 0.010687 0.000000 120.157906 -0.010687 0.999943 -0.000000 49.155906 -0.000000 0.000000 1.000000 0.000000 1564718995938679000

0.999532 0.030599 0.000000 122.362398 -0.030599 0.999532 -0.000000 49.076055 -0.000000 0.000000 1.000000 0.000000 1564718996189084000

0.998721 0.050569 0.000000 124.573908 -0.050569 0.998721 -0.000000 48.994628 -0.000000 0.000000 1.000000 0.000000 1564718996440221000

0.997511 0.070504 0.000000 126.802513 -0.070504 0.997511 -0.000000 48.835839 -0.000000 0.000000 1.000000 0.000000 1564718996690742000

0.995884 0.090641 0.000000 129.050340 -0.090641 0.995884 -0.000000 48.654585 -0.000000 0.000000 1.000000 0.000000 1564718996941499000

0.994235 0.107220 0.000000 131.246583 -0.107220 0.994235 -0.000000 48.405904 -0.000000 0.000000 1.000000 0.000000 1564718997191494000

0.992173 0.124875 0.000000 133.506035 -0.124875 0.992173 -0.000000 48.156041 -0.000000 0.000000 1.000000 0.000000 1564718997442117000

0.989898 0.141781 0.000000 135.769637 -0.141781 0.989898 -0.000000 47.829234 -0.000000 0.000000 1.000000 0.000000 1564718997692585000

0.987484 0.157721 0.000000 138.091359 -0.157721 0.987484 -0.000000 47.472507 -0.000000 0.000000 1.000000 0.000000 1564718997942988000

0.984498 0.175397 0.000000 140.333358 -0.175397 0.984498 -0.000000 47.104956 -0.000000 0.000000 1.000000 0.000000 1564718998191904000

0.981170 0.193146 0.000000 142.609311 -0.193146 0.981170 -0.000000 46.665273 -0.000000 0.000000 1.000000 0.000000 1564718998442780000

0.977358 0.211592 0.000000 144.889220 -0.211592 0.977358 -0.000000 46.192433 -0.000000 0.000000 1.000000 0.000000 1564718998693162000

0.972963 0.230962 0.000000 147.186455 -0.230962 0.972963 -0.000000 45.645307 -0.000000 0.000000 1.000000 0.000000 1564718998943101000

0.967948 0.251152 0.000000 149.517703 -0.251152 0.967948 -0.000000 45.062575 -0.000000 0.000000 1.000000 0.000000 1564718999193840000

0.962711 0.270531 0.000000 151.863733 -0.270531 0.962711 -0.000000 44.434231 -0.000000 0.000000 1.000000 0.000000 1564718999443854000

0.957481 0.288498 0.000000 154.155416 -0.288498 0.957481 -0.000000 43.739910 -0.000000 0.000000 1.000000 0.000000 1564718999695371000

0.952295 0.305178 0.000000 156.492176 -0.305178 0.952295 -0.000000 42.994480 -0.000000 0.000000 1.000000 0.000000 1564718999944884000

0.946563 0.322519 0.000000 158.837909 -0.322519 0.946563 -0.000000 42.225184 -0.000000 0.000000 1.000000 0.000000 1564719000195599000

0.940662 0.339345 0.000000 161.131435 -0.339345 0.940662 -0.000000 41.444195 -0.000000 0.000000 1.000000 0.000000 1564719000445958000

0.934955 0.354767 0.000000 163.462541 -0.354767 0.934955 -0.000000 40.545373 -0.000000 0.000000 1.000000 0.000000 1564719000696512000

0.928621 0.371030 0.000000 165.803255 -0.371030 0.928621 -0.000000 39.621672 -0.000000 0.000000 1.000000 0.000000 1564719000947006000

0.922195 0.386725 0.000000 168.060886 -0.386725 0.922195 -0.000000 38.691696 -0.000000 0.000000 1.000000 0.000000 1564719001196448000

0.916417 0.400224 0.000000 170.338355 -0.400224 0.916417 -0.000000 37.713904 -0.000000 0.000000 1.000000 0.000000 1564719001446824000

0.911127 0.412126 0.000000 172.640739 -0.412126 0.911127 -0.000000 36.702717 -0.000000 0.000000 1.000000 0.000000 1564719001696884000

0.905150 0.425093 0.000000 174.908646 -0.425093 0.905150 -0.000000 35.643916 -0.000000 0.000000 1.000000 0.000000 1564719001947351000

0.898681 0.438604 0.000000 177.227018 -0.438604 0.898681 -0.000000 34.513441 -0.000000 0.000000 1.000000 0.000000 1564719002197261000

0.890483 0.455017 0.000000 179.527397 -0.455017 0.890483 -0.000000 33.342406 -0.000000 0.000000 1.000000 0.000000 1564719002447812000

0.881330 0.472502 0.000000 181.806279 -0.472502 0.881330 -0.000000 32.154020 -0.000000 0.000000 1.000000 0.000000 1564719002697694000

0.871666 0.490100 0.000000 184.030702 -0.490100 0.871666 -0.000000 30.881509 -0.000000 0.000000 1.000000 0.000000 1564719002948409000

0.860268 0.509842 0.000000 186.266135 -0.509842 0.860268 -0.000000 29.616706 -0.000000 0.000000 1.000000 0.000000 1564719003198863000

0.847356 0.531025 0.000000 188.419532 -0.531025 0.847356 -0.000000 28.296266 -0.000000 0.000000 1.000000 0.000000 1564719003448808000

0.831742 0.555162 0.000000 190.488416 -0.555162 0.831742 -0.000000 26.914263 -0.000000 0.000000 1.000000 0.000000 1564719003698874000

0.815333 0.578992 0.000000 192.502679 -0.578992 0.815333 -0.000000 25.480039 -0.000000 0.000000 1.000000 0.000000 1564719003949267000

0.798553 0.601924 0.000000 194.502946 -0.601924 0.798553 -0.000000 24.001862 -0.000000 0.000000 1.000000 0.000000 1564719004198695000

0.782306 0.622895 0.000000 196.465938 -0.622895 0.782306 -0.000000 22.489236 -0.000000 0.000000 1.000000 0.000000 1564719004448739000

0.764635 0.644464 0.000000 198.303779 -0.644464 0.764635 -0.000000 20.863445 -0.000000 0.000000 1.000000 0.000000 1564719004698732000

0.745603 0.666391 0.000000 200.175362 -0.666391 0.745603 -0.000000 19.298626 -0.000000 0.000000 1.000000 0.000000 1564719004949478000

0.725249 0.688487 0.000000 201.931236 -0.688487 0.725249 -0.000000 17.629706 -0.000000 0.000000 1.000000 0.000000 1564719005199968000

0.703950 0.710250 0.000000 203.672707 -0.710250 0.703950 -0.000000 15.894621 -0.000000 0.000000 1.000000 0.000000 1564719005450483000

0.682454 0.730929 0.000000 205.333968 -0.730929 0.682454 -0.000000 14.149252 -0.000000 0.000000 1.000000 0.000000 1564719005699955000

0.659770 0.751467 0.000000 206.914903 -0.751467 0.659770 -0.000000 12.364641 -0.000000 0.000000 1.000000 0.000000 1564719005950440000

0.637079 0.770798 0.000000 208.407636 -0.770798 0.637079 -0.000000 10.525215 -0.000000 0.000000 1.000000 0.000000 1564719006200566000

0.615333 0.788267 0.000000 209.857905 -0.788267 0.615333 -0.000000 8.657854 -0.000000 0.000000 1.000000 0.000000 1564719006450693000

0.596106 0.802906 0.000000 211.267518 -0.802906 0.596106 -0.000000 6.843221 -0.000000 0.000000 1.000000 0.000000 1564719006700620000

0.580974 0.813922 0.000000 212.620548 -0.813922 0.580974 -0.000000 4.972302 -0.000000 0.000000 1.000000 0.000000 1564719006950662000

0.570780 0.821103 0.000000 213.938164 -0.821103 0.570780 -0.000000 3.009543 -0.000000 0.000000 1.000000 0.000000 1564719007200239000

0.561014 0.827806 0.000000 215.314995 -0.827806 0.561014 -0.000000 1.142065 -0.000000 0.000000 1.000000 0.000000 1564719007450133000

0.551513 0.834167 0.000000 216.609411 -0.834167 0.551513 -0.000000 -0.764603 -0.000000 0.000000 1.000000 0.000000 1564719007700305000

0.549724 0.835346 0.000000 217.821176 -0.835346 0.549724 -0.000000 -2.655333 -0.000000 0.000000 1.000000 0.000000 1564719007951403000

0.551437 0.834217 0.000000 219.088088 -0.834217 0.551437 -0.000000 -4.560532 -0.000000 0.000000 1.000000 0.000000 1564719008200715000

0.555368 0.831605 0.000000 220.388736 -0.831605 0.555368 -0.000000 -6.418121 -0.000000 0.000000 1.000000 0.000000 1564719008450855000

0.562152 0.827034 0.000000 221.710428 -0.827034 0.562152 -0.000000 -8.254006 -0.000000 0.000000 1.000000 0.000000 1564719008701308000

0.570234 0.821482 0.000000 222.982832 -0.821482 0.570234 -0.000000 -10.101265 -0.000000 0.000000 1.000000 0.000000 1564719008951448000

0.582297 0.812976 0.000000 224.311760 -0.812976 0.582297 -0.000000 -11.907825 -0.000000 0.000000 1.000000 0.000000 1564719009201017000

0.595883 0.803071 0.000000 225.673813 -0.803071 0.595883 -0.000000 -13.664620 -0.000000 0.000000 1.000000 0.000000 1564719009450245000

0.612235 0.790676 0.000000 227.047953 -0.790676 0.612235 -0.000000 -15.383437 -0.000000 0.000000 1.000000 0.000000 1564719009700899000

0.632157 0.774840 0.000000 228.451090 -0.774840 0.632157 -0.000000 -17.083686 -0.000000 0.000000 1.000000 0.000000 1564719009951521000

0.654060 0.756443 0.000000 229.943186 -0.756443 0.654060 -0.000000 -18.802863 -0.000000 0.000000 1.000000 0.000000 1564719010201706000

0.675671 0.737203 0.000000 231.475099 -0.737203 0.675671 -0.000000 -20.395662 -0.000000 0.000000 1.000000 0.000000 1564719010452274000

0.699937 0.714204 0.000000 233.082300 -0.714204 0.699937 -0.000000 -21.891996 -0.000000 0.000000 1.000000 0.000000 1564719010704335000

0.726701 0.686954 0.000000 234.710162 -0.686954 0.726701 -0.000000 -23.397664 -0.000000 0.000000 1.000000 0.000000 1564719010952658000

0.756748 0.653707 0.000000 236.431095 -0.653707 0.756748 -0.000000 -24.836568 -0.000000 0.000000 1.000000 0.000000 1564719011202749000

0.786324 0.617814 0.000000 238.223513 -0.617814 0.786324 -0.000000 -26.245424 -0.000000 0.000000 1.000000 0.000000 1564719011453711000

0.815073 0.579358 0.000000 240.092329 -0.579358 0.815073 -0.000000 -27.504568 -0.000000 0.000000 1.000000 0.000000 1564719011704808000

0.841814 0.539768 0.000000 242.001481 -0.539768 0.841814 -0.000000 -28.737475 -0.000000 0.000000 1.000000 0.000000 1564719011954429000

0.867765 0.496975 0.000000 244.050567 -0.496975 0.867765 -0.000000 -29.861052 -0.000000 0.000000 1.000000 0.000000 1564719012204716000

0.891283 0.453448 0.000000 246.076912 -0.453448 0.891283 -0.000000 -30.864743 -0.000000 0.000000 1.000000 0.000000 1564719012453800000

0.910840 0.412760 0.000000 248.280676 -0.412760 0.910840 -0.000000 -31.881957 -0.000000 0.000000 1.000000 0.000000 1564719012704300000

0.924051 0.382269 0.000000 250.477457 -0.382269 0.924051 -0.000000 -32.799498 -0.000000 0.000000 1.000000 0.000000 1564719012954770000

0.933539 0.358477 0.000000 252.679929 -0.358477 0.933539 -0.000000 -33.525385 -0.000000 0.000000 1.000000 0.000000 1564719013204215000

0.941297 0.337578 0.000000 254.911267 -0.337578 0.941297 -0.000000 -34.326640 -0.000000 0.000000 1.000000 0.000000 1564719013455314000

0.947570 0.319548 0.000000 257.212321 -0.319548 0.947570 -0.000000 -35.087435 -0.000000 0.000000 1.000000 0.000000 1564719013705146000

0.952278 0.305233 0.000000 259.531353 -0.305233 0.952278 -0.000000 -35.799428 -0.000000 0.000000 1.000000 0.000000 1564719013955674000

0.955762 0.294142 0.000000 261.845585 -0.294142 0.955762 -0.000000 -36.463010 -0.000000 0.000000 1.000000 0.000000 1564719014205984000

0.958536 0.284970 0.000000 264.219729 -0.284970 0.958536 -0.000000 -37.157195 -0.000000 0.000000 1.000000 0.000000 1564719014456331000

0.961339 0.275367 0.000000 266.597601 -0.275367 0.961339 -0.000000 -37.752187 -0.000000 0.000000 1.000000 0.000000 1564719014706497000

0.963963 0.266037 0.000000 269.000574 -0.266037 0.963963 -0.000000 -38.411392 -0.000000 0.000000 1.000000 0.000000 1564719014955948000

0.966526 0.256568 0.000000 271.417566 -0.256568 0.966526 -0.000000 -39.094202 -0.000000 0.000000 1.000000 0.000000 1564719015207763000

0.969101 0.246663 0.000000 273.942326 -0.246663 0.969101 -0.000000 -39.713981 -0.000000 0.000000 1.000000 0.000000 1564719015457314000

0.971455 0.237223 0.000000 276.368716 -0.237223 0.971455 -0.000000 -40.277197 -0.000000 0.000000 1.000000 0.000000 1564719015707564000

0.973551 0.228471 0.000000 278.896907 -0.228471 0.973551 -0.000000 -40.903194 -0.000000 0.000000 1.000000 0.000000 1564719015957977000

0.975048 0.221996 0.000000 281.432502 -0.221996 0.975048 -0.000000 -41.450335 -0.000000 0.000000 1.000000 0.000000 1564719016209018000

0.976330 0.216287 0.000000 283.970009 -0.216287 0.976330 -0.000000 -41.946552 -0.000000 0.000000 1.000000 0.000000 1564719016458920000

0.977564 0.210636 0.000000 286.549292 -0.210636 0.977564 -0.000000 -42.481719 -0.000000 0.000000 1.000000 0.000000 1564719016709758000

0.978613 0.205711 0.000000 289.130945 -0.205711 0.978613 -0.000000 -42.967983 -0.000000 0.000000 1.000000 0.000000 1564719016959710000

0.979531 0.201292 0.000000 291.745769 -0.201292 0.979531 -0.000000 -43.536202 -0.000000 0.000000 1.000000 0.000000 1564719017210173000

0.980503 0.196502 0.000000 294.391952 -0.196502 0.980503 -0.000000 -44.014847 -0.000000 0.000000 1.000000 0.000000 1564719017460621000

0.981447 0.191733 0.000000 297.046586 -0.191733 0.981447 -0.000000 -44.587970 -0.000000 0.000000 1.000000 0.000000 1564719017710763000

0.982176 0.187963 0.000000 299.615777 -0.187963 0.982176 -0.000000 -45.074717 -0.000000 0.000000 1.000000 0.000000 1564719017961254000

0.982785 0.184753 0.000000 302.252926 -0.184753 0.982785 -0.000000 -45.514093 -0.000000 0.000000 1.000000 0.000000 1564719018211691000

0.983767 0.179450 0.000000 304.809735 -0.179450 0.983767 -0.000000 -45.951614 -0.000000 0.000000 1.000000 0.000000 1564719018460863000

0.984395 0.175976 0.000000 307.409773 -0.175976 0.984395 -0.000000 -46.465800 -0.000000 0.000000 1.000000 0.000000 1564719018711620000

0.985087 0.172056 0.000000 310.005247 -0.172056 0.985087 -0.000000 -46.865821 -0.000000 0.000000 1.000000 0.000000 1564719018961623000

0.985783 0.168021 0.000000 312.510709 -0.168021 0.985783 -0.000000 -47.267896 -0.000000 0.000000 1.000000 0.000000 1564719019211362000

0.986437 0.164140 0.000000 315.056082 -0.164140 0.986437 -0.000000 -47.662888 -0.000000 0.000000 1.000000 0.000000 1564719019461513000

0.987454 0.157905 0.000000 317.512511 -0.157905 0.987454 -0.000000 -48.071540 -0.000000 0.000000 1.000000 0.000000 1564719019711745000

0.988135 0.153588 0.000000 320.052926 -0.153588 0.988135 -0.000000 -48.484564 -0.000000 0.000000 1.000000 0.000000 1564719019962042000

0.988703 0.149885 0.000000 322.517844 -0.149885 0.988703 -0.000000 -48.854033 -0.000000 0.000000 1.000000 0.000000 1564719020212041000

0.988918 0.148460 0.000000 324.975399 -0.148460 0.988918 -0.000000 -49.175994 -0.000000 0.000000 1.000000 0.000000 1564719020461846000

0.988847 0.148937 0.000000 327.413637 -0.148937 0.988847 -0.000000 -49.528009 -0.000000 0.000000 1.000000 0.000000 1564719020711895000

0.988994 0.147955 0.000000 329.875529 -0.147955 0.988994 -0.000000 -49.868558 -0.000000 0.000000 1.000000 0.000000 1564719020962530000

0.988263 0.152764 0.000000 332.355786 -0.152764 0.988263 -0.000000 -50.231351 -0.000000 0.000000 1.000000 0.000000 1564719021212816000

0.987280 0.158994 0.000000 334.747172 -0.158994 0.987280 -0.000000 -50.595453 -0.000000 0.000000 1.000000 0.000000 1564719021463031000

0.985335 0.170630 0.000000 337.163641 -0.170630 0.985335 -0.000000 -51.063922 -0.000000 0.000000 1.000000 0.000000 1564719021713168000

0.983774 0.179412 0.000000 339.592808 -0.179412 0.983774 -0.000000 -51.475005 -0.000000 0.000000 1.000000 0.000000 1564719021962858000

0.981994 0.188910 0.000000 341.993103 -0.188910 0.981994 -0.000000 -51.887801 -0.000000 0.000000 1.000000 0.000000 1564719022213047000

0.981739 0.190234 0.000000 344.438860 -0.190234 0.981739 -0.000000 -52.266762 -0.000000 0.000000 1.000000 0.000000 1564719022463359000

0.981717 0.190346 0.000000 346.907601 -0.190346 0.981717 -0.000000 -52.830180 -0.000000 0.000000 1.000000 0.000000 1564719022713755000

0.981435 0.191797 0.000000 349.320965 -0.191797 0.981435 -0.000000 -53.267975 -0.000000 0.000000 1.000000 0.000000 1564719022963754000

0.981794 0.189948 0.000000 351.753229 -0.189948 0.981794 -0.000000 -53.716566 -0.000000 0.000000 1.000000 0.000000 1564719023213906000

0.982356 0.187023 0.000000 354.205503 -0.187023 0.982356 -0.000000 -54.237919 -0.000000 0.000000 1.000000 0.000000 1564719023463820000

0.983033 0.183427 0.000000 356.623720 -0.183427 0.983033 -0.000000 -54.647386 -0.000000 0.000000 1.000000 0.000000 1564719023713833000

0.983391 0.181499 0.000000 359.027950 -0.181499 0.983391 -0.000000 -55.088505 -0.000000 0.000000 1.000000 0.000000 1564719023963875000

0.983335 0.181805 0.000000 361.455341 -0.181805 0.983335 -0.000000 -55.538174 -0.000000 0.000000 1.000000 0.000000 1564719024214331000

0.983177 0.182654 0.000000 363.807973 -0.182654 0.983177 -0.000000 -55.963384 -0.000000 0.000000 1.000000 0.000000 1564719024464227000

0.982903 0.184123 0.000000 366.179877 -0.184123 0.982903 -0.000000 -56.370680 -0.000000 0.000000 1.000000 0.000000 1564719024714345000

0.983131 0.182904 0.000000 368.492918 -0.182904 0.983131 -0.000000 -56.783190 -0.000000 0.000000 1.000000 0.000000 1564719024964609000

0.983231 0.182364 0.000000 370.820725 -0.182364 0.983231 -0.000000 -57.158272 -0.000000 0.000000 1.000000 0.000000 1564719025214673000

0.983236 0.182340 0.000000 373.029226 -0.182340 0.983236 -0.000000 -57.559498 -0.000000 0.000000 1.000000 0.000000 1564719025464627000

0.983931 0.178550 0.000000 375.283020 -0.178550 0.983931 -0.000000 -57.947751 -0.000000 0.000000 1.000000 0.000000 1564719025714939000

0.984222 0.176936 0.000000 377.402348 -0.176936 0.984222 -0.000000 -58.353985 -0.000000 0.000000 1.000000 0.000000 1564719025964984000

0.984155 0.177312 0.000000 379.418630 -0.177312 0.984155 -0.000000 -58.712231 -0.000000 0.000000 1.000000 0.000000 1564719026215276000

0.984471 0.175548 0.000000 381.425606 -0.175548 0.984471 -0.000000 -59.004732 -0.000000 0.000000 1.000000 0.000000 1564719026465560000

0.984739 0.174036 0.000000 383.317342 -0.174036 0.984739 -0.000000 -59.401260 -0.000000 0.000000 1.000000 0.000000 1564719026715436000

0.984939 0.172900 0.000000 385.176336 -0.172900 0.984939 -0.000000 -59.697714 -0.000000 0.000000 1.000000 0.000000 1564719026965553000

0.985063 0.172192 0.000000 387.039355 -0.172192 0.985063 -0.000000 -60.022436 -0.000000 0.000000 1.000000 0.000000 1564719027215439000

0.984682 0.174361 0.000000 388.705679 -0.174361 0.984682 -0.000000 -60.351890 -0.000000 0.000000 1.000000 0.000000 1564719027465133000

0.984368 0.176122 0.000000 390.358433 -0.176122 0.984368 -0.000000 -60.608714 -0.000000 0.000000 1.000000 0.000000 1564719027715516000

0.983131 0.182905 0.000000 391.972908 -0.182905 0.983131 -0.000000 -60.854997 -0.000000 0.000000 1.000000 0.000000 1564719027965866000

0.980495 0.196546 0.000000 393.479241 -0.196546 0.980495 -0.000000 -61.091379 -0.000000 0.000000 1.000000 0.000000 1564719028216101000

0.961209 0.275819 0.000000 396.101536 -0.275819 0.961209 -0.000000 -61.945185 -0.000000 0.000000 1.000000 0.000000 1564719028716187000

0.924136 0.382064 0.000000 398.387336 -0.382064 0.924136 -0.000000 -62.826548 -0.000000 0.000000 1.000000 0.000000 1564719029216335000

0.859401 0.511302 0.000000 400.424171 -0.511302 0.859401 -0.000000 -64.034033 -0.000000 0.000000 1.000000 0.000000 1564719029716026000

0.762274 0.647254 0.000000 402.052835 -0.647254 0.762274 -0.000000 -65.522830 -0.000000 0.000000 1.000000 0.000000 1564719030216491000

0.701311 0.712856 0.000000 402.751041 -0.712856 0.701311 -0.000000 -66.350809 -0.000000 0.000000 1.000000 0.000000 1564719030466893000

0.574957 0.818184 0.000000 403.939378 -0.818184 0.574957 -0.000000 -68.188120 -0.000000 0.000000 1.000000 0.000000 1564719030967519000

0.448492 0.893787 0.000000 404.847895 -0.893787 0.448492 -0.000000 -70.221285 -0.000000 0.000000 1.000000 0.000000 1564719031468078000

0.334966 0.942230 0.000000 405.689681 -0.942230 0.334966 -0.000000 -72.360561 -0.000000 0.000000 1.000000 0.000000 1564719031968496000

0.237632 0.971355 0.000000 406.239416 -0.971355 0.237632 -0.000000 -74.709291 -0.000000 0.000000 1.000000 0.000000 1564719032468650000

0.148166 0.988963 0.000000 406.675903 -0.988963 0.148166 -0.000000 -77.319850 -0.000000 0.000000 1.000000 0.000000 1564719032968938000

0.056545 0.998400 0.000000 406.832727 -0.998400 0.056545 -0.000000 -80.098039 -0.000000 0.000000 1.000000 0.000000 1564719033469291000

-0.043679 0.999046 0.000000 406.716444 -0.999046 -0.043679 -0.000000 -83.021064 -0.000000 0.000000 1.000000 0.000000 1564719033968820000

-0.085061 0.996376 0.000000 406.551805 -0.996376 -0.085061 -0.000000 -84.583184 -0.000000 0.000000 1.000000 0.000000 1564719034218744000

-0.117525 0.993070 0.000000 406.328294 -0.993070 -0.117525 -0.000000 -86.192933 -0.000000 0.000000 1.000000 0.000000 1564719034469335000

-0.145905 0.989299 0.000000 406.134795 -0.989299 -0.145905 -0.000000 -87.863916 -0.000000 0.000000 1.000000 0.000000 1564719034720049000

-0.172142 0.985072 0.000000 405.799875 -0.985072 -0.172142 -0.000000 -89.572154 -0.000000 0.000000 1.000000 0.000000 1564719034970019000

-0.190862 0.981617 0.000000 405.451621 -0.981617 -0.190862 -0.000000 -91.316188 -0.000000 0.000000 1.000000 0.000000 1564719035219589000

-0.204754 0.978814 0.000000 405.058091 -0.978814 -0.204754 -0.000000 -93.069262 -0.000000 0.000000 1.000000 0.000000 1564719035470293000

-0.214635 0.976694 0.000000 404.687320 -0.976694 -0.214635 -0.000000 -94.934897 -0.000000 0.000000 1.000000 0.000000 1564719035720924000

-0.218235 0.975896 0.000000 404.221866 -0.975896 -0.218235 -0.000000 -96.884227 -0.000000 0.000000 1.000000 0.000000 1564719035970342000

-0.216616 0.976257 0.000000 403.801807 -0.976257 -0.216616 -0.000000 -98.799962 -0.000000 0.000000 1.000000 0.000000 1564719036220514000

-0.217551 0.976049 0.000000 403.374367 -0.976049 -0.217551 -0.000000 -100.831817 -0.000000 0.000000 1.000000 0.000000 1564719036471097000

-0.216702 0.976238 0.000000 402.945923 -0.976238 -0.216702 -0.000000 -102.944428 -0.000000 0.000000 1.000000 0.000000 1564719036721010000

-0.216702 0.976238 0.000000 402.481358 -0.976238 -0.216702 -0.000000 -105.061670 -0.000000 0.000000 1.000000 0.000000 1564719036971009000

-0.214034 0.976826 0.000000 402.033733 -0.976826 -0.214034 -0.000000 -107.208940 -0.000000 0.000000 1.000000 0.000000 1564719037221058000

-0.212692 0.977119 0.000000 401.552405 -0.977119 -0.212692 -0.000000 -109.432862 -0.000000 0.000000 1.000000 0.000000 1564719037471194000

-0.214346 0.976758 0.000000 401.056758 -0.976758 -0.214346 -0.000000 -111.737690 -0.000000 0.000000 1.000000 0.000000 1564719037722073000

-0.216400 0.976305 0.000000 400.552968 -0.976305 -0.216400 -0.000000 -114.009193 -0.000000 0.000000 1.000000 0.000000 1564719037971186000

-0.219408 0.975633 0.000000 400.069036 -0.975633 -0.219408 -0.000000 -116.375461 -0.000000 0.000000 1.000000 0.000000 1564719038221261000

-0.220524 0.975382 0.000000 399.515000 -0.975382 -0.220524 -0.000000 -118.660499 -0.000000 0.000000 1.000000 0.000000 1564719038471381000

-0.219832 0.975538 0.000000 398.996252 -0.975538 -0.219832 -0.000000 -121.015054 -0.000000 0.000000 1.000000 0.000000 1564719038721169000

-0.217967 0.975956 0.000000 398.513057 -0.975956 -0.217967 -0.000000 -123.364375 -0.000000 0.000000 1.000000 0.000000 1564719038971509000

-0.215122 0.976587 0.000000 397.994924 -0.976587 -0.215122 -0.000000 -125.744168 -0.000000 0.000000 1.000000 0.000000 1564719039221254000

-0.214574 0.976708 0.000000 397.443284 -0.976708 -0.214574 -0.000000 -128.198320 -0.000000 0.000000 1.000000 0.000000 1564719039471317000

-0.213885 0.976859 0.000000 396.971045 -0.976859 -0.213885 -0.000000 -130.607632 -0.000000 0.000000 1.000000 0.000000 1564719039721591000

-0.213529 0.976937 0.000000 396.397517 -0.976937 -0.213529 -0.000000 -133.121028 -0.000000 0.000000 1.000000 0.000000 1564719039971551000

-0.213015 0.977049 0.000000 395.867483 -0.977049 -0.213015 -0.000000 -135.626913 -0.000000 0.000000 1.000000 0.000000 1564719040222150000

-0.213398 0.976965 0.000000 395.327485 -0.976965 -0.213398 -0.000000 -138.201579 -0.000000 0.000000 1.000000 0.000000 1564719040472247000

-0.215268 0.976555 0.000000 394.764112 -0.976555 -0.215268 -0.000000 -140.767472 -0.000000 0.000000 1.000000 0.000000 1564719040722561000

-0.217870 0.975978 0.000000 394.190187 -0.975978 -0.217870 -0.000000 -143.359072 -0.000000 0.000000 1.000000 0.000000 1564719040972392000

-0.221258 0.975215 0.000000 393.606225 -0.975215 -0.221258 -0.000000 -146.017603 -0.000000 0.000000 1.000000 0.000000 1564719041223009000

-0.224776 0.974410 0.000000 393.018145 -0.974410 -0.224776 -0.000000 -148.648280 -0.000000 0.000000 1.000000 0.000000 1564719041472802000

-0.229855 0.973225 0.000000 392.348673 -0.973225 -0.229855 -0.000000 -151.330547 -0.000000 0.000000 1.000000 0.000000 1564719041723744000

-0.234896 0.972020 0.000000 391.733165 -0.972020 -0.234896 -0.000000 -154.060161 -0.000000 0.000000 1.000000 0.000000 1564719041973892000

-0.241056 0.970511 0.000000 391.075178 -0.970511 -0.241056 -0.000000 -156.776037 -0.000000 0.000000 1.000000 0.000000 1564719042223165000

-0.246419 0.969163 0.000000 390.354977 -0.969163 -0.246419 -0.000000 -159.539378 -0.000000 0.000000 1.000000 0.000000 1564719042473412000

-0.255263 0.966872 0.000000 389.635718 -0.966872 -0.255263 -0.000000 -162.310771 -0.000000 0.000000 1.000000 0.000000 1564719042723529000

-0.266317 0.963885 0.000000 388.853970 -0.963885 -0.266317 -0.000000 -165.116772 -0.000000 0.000000 1.000000 0.000000 1564719042973797000

-0.277157 0.960825 0.000000 388.045275 -0.960825 -0.277157 -0.000000 -167.958604 -0.000000 0.000000 1.000000 0.000000 1564719043223157000

-0.288185 0.957575 0.000000 387.258795 -0.957575 -0.288185 -0.000000 -170.752436 -0.000000 0.000000 1.000000 0.000000 1564719043473468000

-0.299637 0.954053 0.000000 386.337755 -0.954053 -0.299637 -0.000000 -173.587781 -0.000000 0.000000 1.000000 0.000000 1564719043724019000

-0.310374 0.950614 0.000000 385.470277 -0.950614 -0.310374 -0.000000 -176.461195 -0.000000 0.000000 1.000000 0.000000 1564719043976133000

-0.321424 0.946935 0.000000 384.539658 -0.946935 -0.321424 -0.000000 -179.356955 -0.000000 0.000000 1.000000 0.000000 1564719044223823000

-0.334586 0.942365 0.000000 383.517362 -0.942365 -0.334586 -0.000000 -182.251143 -0.000000 0.000000 1.000000 0.000000 1564719044473937000

-0.346990 0.937869 0.000000 382.458475 -0.937869 -0.346990 -0.000000 -185.095691 -0.000000 0.000000 1.000000 0.000000 1564719044723610000

-0.361843 0.932239 0.000000 381.383215 -0.932239 -0.361843 -0.000000 -187.962602 -0.000000 0.000000 1.000000 0.000000 1564719044973336000

-0.379020 0.925389 0.000000 380.254588 -0.925389 -0.379020 -0.000000 -190.867195 -0.000000 0.000000 1.000000 0.000000 1564719045223091000

-0.398553 0.917145 0.000000 379.034693 -0.917145 -0.398553 -0.000000 -193.662987 -0.000000 0.000000 1.000000 0.000000 1564719045473107000

-0.417574 0.908643 0.000000 377.767804 -0.908643 -0.417574 -0.000000 -196.552986 -0.000000 0.000000 1.000000 0.000000 1564719045723781000

-0.433318 0.901241 0.000000 376.486918 -0.901241 -0.433318 -0.000000 -199.456641 -0.000000 0.000000 1.000000 0.000000 1564719045973362000

-0.447505 0.894282 0.000000 375.096901 -0.894282 -0.447505 -0.000000 -202.305589 -0.000000 0.000000 1.000000 0.000000 1564719046223614000

-0.461147 0.887324 0.000000 373.636007 -0.887324 -0.461147 -0.000000 -205.169091 -0.000000 0.000000 1.000000 0.000000 1564719046473905000

-0.472358 0.881407 0.000000 372.167236 -0.881407 -0.472358 -0.000000 -208.058516 -0.000000 0.000000 1.000000 0.000000 1564719046723814000

-0.483068 0.875583 0.000000 370.628601 -0.875583 -0.483068 -0.000000 -210.872701 -0.000000 0.000000 1.000000 0.000000 1564719046973942000

-0.493401 0.869802 0.000000 369.075138 -0.869802 -0.493401 -0.000000 -213.626369 -0.000000 0.000000 1.000000 0.000000 1564719047223739000

-0.504307 0.863524 0.000000 367.502527 -0.863524 -0.504307 0.000000 -216.500801 0.000000 0.000000 1.000000 0.000000 1564719047474529000

-0.515460 0.856914 0.000000 365.861030 -0.856914 -0.515460 0.000000 -219.319104 0.000000 0.000000 1.000000 0.000000 1564719047724427000

-0.525955 0.850512 0.000000 364.164807 -0.850512 -0.525955 0.000000 -222.086862 0.000000 0.000000 1.000000 0.000000 1564719047974199000

-0.536667 0.843794 0.000000 362.422496 -0.843794 -0.536667 0.000000 -224.814449 0.000000 0.000000 1.000000 0.000000 1564719048224261000

-0.547497 0.836808 0.000000 360.606176 -0.836808 -0.547497 0.000000 -227.558182 0.000000 0.000000 1.000000 0.000000 1564719048474825000

-0.558545 0.829474 0.000000 358.796050 -0.829474 -0.558545 0.000000 -230.326006 0.000000 0.000000 1.000000 0.000000 1564719048724790000

-0.569600 0.821922 0.000000 356.942367 -0.821922 -0.569600 0.000000 -233.072575 0.000000 0.000000 1.000000 0.000000 1564719048974998000

-0.581616 0.813463 0.000000 355.054273 -0.813463 -0.581616 0.000000 -235.810615 0.000000 0.000000 1.000000 0.000000 1564719049225278000

-0.589136 0.808034 0.000000 353.109837 -0.808034 -0.589136 0.000000 -238.439599 0.000000 0.000000 1.000000 0.000000 1564719049475311000

-0.592897 0.805278 0.000000 351.146847 -0.805278 -0.592897 0.000000 -241.050152 0.000000 0.000000 1.000000 0.000000 1564719049725138000

-0.591748 0.806123 0.000000 349.282640 -0.806123 -0.591748 0.000000 -243.738803 0.000000 0.000000 1.000000 0.000000 1564719049976394000

-0.590287 0.807193 0.000000 347.364637 -0.807193 -0.590287 0.000000 -246.336074 0.000000 0.000000 1.000000 0.000000 1564719050224893000

-0.589104 0.808057 0.000000 345.502423 -0.808057 -0.589104 0.000000 -248.934637 0.000000 0.000000 1.000000 0.000000 1564719050474928000

-0.587701 0.809078 0.000000 343.673401 -0.809078 -0.587701 0.000000 -251.526664 0.000000 0.000000 1.000000 0.000000 1564719050724652000

-0.587159 0.809471 0.000000 341.887644 -0.809471 -0.587159 0.000000 -254.113218 0.000000 0.000000 1.000000 0.000000 1564719050974480000

-0.585568 0.810623 0.000000 339.908251 -0.810623 -0.585568 0.000000 -256.613574 0.000000 0.000000 1.000000 0.000000 1564719051224409000

-0.587064 0.809541 0.000000 338.170564 -0.809541 -0.587064 0.000000 -259.190563 0.000000 0.000000 1.000000 0.000000 1564719051474577000

-0.586574 0.809896 0.000000 336.259766 -0.809896 -0.586574 0.000000 -261.741046 0.000000 0.000000 1.000000 0.000000 1564719051724565000

-0.587672 0.809100 0.000000 334.455335 -0.809100 -0.587672 0.000000 -264.264480 0.000000 0.000000 1.000000 0.000000 1564719051974990000

-0.588170 0.808737 0.000000 332.654010 -0.808737 -0.588170 0.000000 -266.836218 0.000000 0.000000 1.000000 0.000000 1564719052224948000

-0.590034 0.807378 0.000000 330.786623 -0.807378 -0.590034 0.000000 -269.350678 0.000000 0.000000 1.000000 0.000000 1564719052475318000

-0.591640 0.806202 0.000000 328.992755 -0.806202 -0.591640 0.000000 -271.849324 0.000000 0.000000 1.000000 0.000000 1564719052725208000

-0.593318 0.804968 0.000000 327.183606 -0.804968 -0.593318 0.000000 -274.312517 0.000000 0.000000 1.000000 0.000000 1564719052974913000

-0.595530 0.803333 0.000000 325.392334 -0.803333 -0.595530 0.000000 -276.729855 0.000000 0.000000 1.000000 0.000000 1564719053227306000

-0.597823 0.801628 0.000000 323.591895 -0.801628 -0.597823 0.000000 -279.170172 0.000000 0.000000 1.000000 0.000000 1564719053476835000

-0.600550 0.799587 0.000000 321.763440 -0.799587 -0.600550 0.000000 -281.587072 0.000000 0.000000 1.000000 0.000000 1564719053728886000

-0.603365 0.797465 0.000000 319.925917 -0.797465 -0.603365 0.000000 -283.975157 0.000000 0.000000 1.000000 0.000000 1564719053976661000

-0.606296 0.795239 0.000000 318.109628 -0.795239 -0.606296 0.000000 -286.417031 0.000000 0.000000 1.000000 0.000000 1564719054226472000

-0.610496 0.792019 0.000000 316.263311 -0.792019 -0.610496 0.000000 -288.844125 0.000000 0.000000 1.000000 0.000000 1564719054476670000

-0.613878 0.789401 0.000000 314.445076 -0.789401 -0.613878 0.000000 -291.236486 0.000000 0.000000 1.000000 0.000000 1564719054727490000

-0.617959 0.786211 0.000000 312.662756 -0.786211 -0.617959 0.000000 -293.587755 0.000000 0.000000 1.000000 0.000000 1564719054977946000

-0.623494 0.781828 0.000000 310.780593 -0.781828 -0.623494 0.000000 -295.905064 0.000000 0.000000 1.000000 0.000000 1564719055228208000

-0.629829 0.776734 0.000000 308.928731 -0.776734 -0.629829 0.000000 -298.278175 0.000000 0.000000 1.000000 0.000000 1564719055478045000

