0.994713 0.102694 0.000000 -7.702948 -0.102694 0.994713 -0.000000 3.694232 -0.000000 0.000000 1.000000 0.000000 1564718964389940000

0.996511 0.083465 0.000000 -6.130568 -0.083465 0.996511 -0.000000 3.562334 -0.000000 0.000000 1.000000 0.000000 1564718975660565000

0.999313 0.037065 0.000000 -3.986912 -0.037065 0.999313 -0.000000 3.576151 -0.000000 0.000000 1.000000 0.000000 1564718976662580000

0.999726 -0.023424 0.000000 -1.865313 0.023424 0.999726 0.000000 3.636387 0.000000 0.000000 1.000000 0.000000 1564718977413168000

0.996928 -0.078322 0.000000 -0.164252 0.078322 0.996928 0.000000 3.811372 0.000000 0.000000 1.000000 0.000000 1564718977914059000

0.990386 -0.138329 0.000000 1.686077 0.138329 0.990386 0.000000 4.088490 0.000000 0.000000 1.000000 0.000000 1564718978415483000

0.981518 -0.191368 0.000000 3.629228 0.191368 0.981518 0.000000 4.552781 0.000000 0.000000 1.000000 0.000000 1564718978915990000

0.974479 -0.224480 0.000000 5.779987 0.224480 0.974479 0.000000 5.060582 0.000000 0.000000 1.000000 0.000000 1564718979417842000

0.972313 -0.233684 0.000000 8.008512 0.233684 0.972313 0.000000 5.612379 0.000000 0.000000 1.000000 0.000000 1564718979918879000

0.972433 -0.233182 0.000000 10.394577 0.233182 0.972433 0.000000 6.186240 0.000000 0.000000 1.000000 0.000000 1564718980420800000

0.972939 -0.231062 0.000000 12.967425 0.231062 0.972939 0.000000 6.786589 0.000000 0.000000 1.000000 0.000000 1564718980920502000

0.972189 -0.234197 0.000000 15.603958 0.234197 0.972189 0.000000 7.468104 0.000000 0.000000 1.000000 0.000000 1564718981421350000

0.969327 -0.245773 0.000000 18.451958 0.245773 0.969327 0.000000 8.251314 0.000000 0.000000 1.000000 0.000000 1564718981921895000

0.964924 -0.262531 0.000000 21.283670 0.262531 0.964924 0.000000 9.073498 0.000000 0.000000 1.000000 0.000000 1564718982423172000

0.961269 -0.275611 0.000000 22.804809 0.275611 0.961269 0.000000 9.465141 0.000000 0.000000 1.000000 0.000000 1564718982674261000

0.957301 -0.289093 0.000000 24.342800 0.289093 0.957301 0.000000 9.991388 0.000000 0.000000 1.000000 0.000000 1564718982924224000

0.951889 -0.306443 0.000000 25.864986 0.306443 0.951889 0.000000 10.554105 0.000000 0.000000 1.000000 0.000000 1564718983174398000

0.944863 -0.327465 0.000000 27.477828 0.327465 0.944863 0.000000 11.128343 0.000000 0.000000 1.000000 0.000000 1564718983424771000

0.935949 -0.352136 0.000000 29.055914 0.352136 0.935949 0.000000 11.772534 0.000000 0.000000 1.000000 0.000000 1564718983675983000

0.925207 -0.379462 0.000000 30.719407 0.379462 0.925207 0.000000 12.473782 0.000000 0.000000 1.000000 0.000000 1564718983926542000

0.913142 -0.407642 0.000000 32.365738 0.407642 0.913142 0.000000 13.259768 0.000000 0.000000 1.000000 0.000000 1564718984175593000

0.899896 -0.436105 0.000000 34.008598 0.436105 0.899896 0.000000 14.077398 0.000000 0.000000 1.000000 0.000000 1564718984425904000

0.885996 -0.463693 0.000000 35.622957 0.463693 0.885996 0.000000 14.981261 0.000000 0.000000 1.000000 0.000000 1564718984676392000

0.871701 -0.490038 0.000000 37.273747 0.490038 0.871701 0.000000 15.957228 0.000000 0.000000 1.000000 0.000000 1564718984926656000

0.858163 -0.513377 0.000000 38.998207 0.513377 0.858163 0.000000 16.984373 0.000000 0.000000 1.000000 0.000000 1564718985177860000

0.848583 -0.529062 0.000000 40.674548 0.529062 0.848583 0.000000 18.090553 0.000000 0.000000 1.000000 0.000000 1564718985428174000

0.840580 -0.541687 0.000000 42.260646 0.541687 0.840580 0.000000 19.139026 0.000000 0.000000 1.000000 0.000000 1564718985678474000

0.832143 -0.554561 0.000000 43.917157 0.554561 0.832143 0.000000 20.285087 0.000000 0.000000 1.000000 0.000000 1564718985929491000

0.825874 -0.563855 0.000000 45.608199 0.563855 0.825874 0.000000 21.475733 0.000000 0.000000 1.000000 0.000000 1564718986178608000

0.820331 -0.571889 0.000000 47.268317 0.571889 0.820331 0.000000 22.622145 0.000000 0.000000 1.000000 0.000000 1564718986428674000

0.816887 -0.576798 0.000000 48.960427 0.576798 0.816887 0.000000 23.851597 0.000000 0.000000 1.000000 0.000000 1564718986679023000

0.817079 -0.576525 0.000000 50.669735 0.576525 0.817079 0.000000 25.060174 0.000000 0.000000 1.000000 0.000000 1564718986929175000

0.818509 -0.574494 0.000000 52.340769 0.574494 0.818509 0.000000 26.275576 0.000000 0.000000 1.000000 0.000000 1564718987179531000

0.820040 -0.572306 0.000000 54.023841 0.572306 0.820040 0.000000 27.478774 0.000000 0.000000 1.000000 0.000000 1564718987429648000

0.822133 -0.569296 0.000000 55.730601 0.569296 0.822133 0.000000 28.647608 0.000000 0.000000 1.000000 0.000000 1564718987680265000

0.824893 -0.565288 0.000000 57.415892 0.565288 0.824893 0.000000 29.775025 0.000000 0.000000 1.000000 0.000000 1564718987930777000

0.830186 -0.557487 0.000000 59.068751 0.557487 0.830186 0.000000 30.915112 0.000000 0.000000 1.000000 0.000000 1564718988180460000

0.835371 -0.549687 0.000000 60.735406 0.549687 0.835371 0.000000 32.029582 0.000000 0.000000 1.000000 0.000000 1564718988431390000

0.841923 -0.539597 0.000000 62.424692 0.539597 0.841923 0.000000 33.118864 0.000000 0.000000 1.000000 0.000000 1564718988680326000

0.849381 -0.527781 0.000000 64.137504 0.527781 0.849381 0.000000 34.221686 0.000000 0.000000 1.000000 0.000000 1564718988931150000

0.856592 -0.515995 0.000000 65.836857 0.515995 0.856592 0.000000 35.298095 0.000000 0.000000 1.000000 0.000000 1564718989180571000

0.864466 -0.502691 0.000000 67.602984 0.502691 0.864466 0.000000 36.285742 0.000000 0.000000 1.000000 0.000000 1564718989431513000

0.871969 -0.489561 0.000000 69.389180 0.489561 0.871969 0.000000 37.270751 0.000000 0.000000 1.000000 0.000000 1564718989681898000

0.880743 -0.473594 0.000000 71.220461 0.473594 0.880743 0.000000 38.229656 0.000000 0.000000 1.000000 0.000000 1564718989932423000

0.890303 -0.455368 0.000000 72.988053 0.455368 0.890303 0.000000 39.175698 0.000000 0.000000 1.000000 0.000000 1564718990182409000

0.899695 -0.436519 0.000000 74.780073 0.436519 0.899695 0.000000 40.076261 0.000000 0.000000 1.000000 0.000000 1564718990432558000

0.908976 -0.416848 0.000000 76.641621 0.416848 0.908976 0.000000 40.925770 0.000000 0.000000 1.000000 0.000000 1564718990682749000

0.918583 -0.395227 0.000000 78.544558 0.395227 0.918583 0.000000 41.726951 0.000000 0.000000 1.000000 0.000000 1564718990933330000

0.928030 -0.372505 0.000000 80.426257 0.372505 0.928030 0.000000 42.488318 0.000000 0.000000 1.000000 0.000000 1564718991183637000

0.936729 -0.350056 0.000000 82.401058 0.350056 0.936729 0.000000 43.215374 0.000000 0.000000 1.000000 0.000000 1564718991434059000

0.944386 -0.328840 0.000000 84.339429 0.328840 0.944386 0.000000 43.910476 0.000000 0.000000 1.000000 0.000000 1564718991684437000

0.952200 -0.305476 0.000000 86.308071 0.305476 0.952200 0.000000 44.532329 0.000000 0.000000 1.000000 0.000000 1564718991934725000

0.959321 -0.282319 0.000000 88.262714 0.282319 0.959321 0.000000 45.137932 0.000000 0.000000 1.000000 0.000000 1564718992185213000

0.965699 -0.259664 0.000000 90.294486 0.259664 0.965699 0.000000 45.690554 0.000000 0.000000 1.000000 0.000000 1564718992435208000

0.971697 -0.236231 0.000000 92.327998 0.236231 0.971697 0.000000 46.200729 0.000000 0.000000 1.000000 0.000000 1564718992684601000

0.976651 -0.214831 0.000000 94.405875 0.214831 0.976651 0.000000 46.631527 0.000000 0.000000 1.000000 0.000000 1564718992935097000

0.980739 -0.195322 0.000000 96.458641 0.195322 0.980739 0.000000 47.044801 0.000000 0.000000 1.000000 0.000000 1564718993185284000

0.984016 -0.178079 0.000000 98.577503 0.178079 0.984016 0.000000 47.431335 0.000000 0.000000 1.000000 0.000000 1564718993435400000

0.986950 -0.161027 0.000000 100.681101 0.161027 0.986950 0.000000 47.816557 0.000000 0.000000 1.000000 0.000000 1564718993685763000

0.989674 -0.143337 0.000000 102.788427 0.143337 0.989674 0.000000 48.105914 0.000000 0.000000 1.000000 0.000000 1564718993935835000

0.992021 -0.126074 0.000000 104.919831 0.126074 0.992021 0.000000 48.403924 0.000000 0.000000 1.000000 0.000000 1564718994186303000

0.994168 -0.107843 0.000000 107.055513 0.107843 0.994168 0.000000 48.635403 0.000000 0.000000 1.000000 0.000000 1564718994436138000

0.996152 -0.087639 0.000000 109.164356 0.087639 0.996152 0.000000 48.847310 0.000000 0.000000 1.000000 0.000000 1564718994688191000

0.997620 -0.068948 0.000000 111.297588 0.068948 0.997620 0.000000 49.022922 0.000000 0.000000 1.000000 0.000000 1564718994938898000

0.998816 -0.048651 0.000000 113.448370 0.048651 0.998816 0.000000 49.132687 0.000000 0.000000 1.000000 0.000000 1564718995188289000

0.999570 -0.029335 0.000000 115.626349 0.029335 0.999570 0.000000 49.219158 0.000000 0.000000 1.000000 0.000000 1564718995438662000

0.999957 -0.009308 0.000000 117.841841 0.009308 0.999957 0.000000 49.265119 0.000000 0.000000 1.000000 0.000000 1564718995689352000

0.999950 0.010050 0.000000 120.038694 -0.010050 0.999950 -0.000000 49.250472 -0.000000 0.000000 1.000000 0.000000 1564718995938679000

0.999551 0.029978 0.000000 122.243228 -0.029978 0.999551 -0.000000 49.171991 -0.000000 0.000000 1.000000 0.000000 1564718996189084000

0.998751 0.049966 0.000000 124.454779 -0.049966 0.998751 -0.000000 49.091903 -0.000000 0.000000 1.000000 0.000000 1564718996440221000

0.997553 0.069918 0.000000 126.683469 -0.069918 0.997553 -0.000000 48.934425 -0.000000 0.000000 1.000000 0.000000 1564718996690742000

0.995935 0.090072 0.000000 128.931390 -0.090072 0.995935 -0.000000 48.754455 -0.000000 0.000000 1.000000 0.000000 1564718996941499000

0.994294 0.106670 0.000000 131.127763 -0.106670 0.994294 -0.000000 48.506990 -0.000000 0.000000 1.000000 0.000000 1564718997191494000

0.992239 0.124343 0.000000 133.387341 -0.124343 0.992239 -0.000000 48.258340 -0.000000 0.000000 1.000000 0.000000 1564718997442117000

0.989971 0.141268 0.000000 135.651104 -0.141268 0.989971 -0.000000 47.932710 -0.000000 0.000000 1.000000 0.000000 1564718997692585000

0.987563 0.157226 0.000000 137.972996 -0.157226 0.987563 -0.000000 47.577148 -0.000000 0.000000 1.000000 0.000000 1564718997942988000

0.984582 0.174921 0.000000 140.215161 -0.174921 0.984582 -0.000000 47.210686 -0.000000 0.000000 1.000000 0.000000 1564718998191904000

0.981260 0.192689 0.000000 142.491307 -0.192689 0.981260 -0.000000 46.772068 -0.000000 0.000000 1.000000 0.000000 1564718998442780000

0.977452 0.211156 0.000000 144.771414 -0.211156 0.977452 -0.000000 46.300251 -0.000000 0.000000 1.000000 0.000000 1564718998693162000

0.973061 0.230548 0.000000 147.068871 -0.230548 0.973061 -0.000000 45.754109 -0.000000 0.000000 1.000000 0.000000 1564718998943101000

0.968049 0.250760 0.000000 149.400344 -0.250760 0.968049 -0.000000 45.172328 -0.000000 0.000000 1.000000 0.000000 1564718999193840000

0.962815 0.270161 0.000000 151.746602 -0.270161 0.962815 -0.000000 44.544891 -0.000000 0.000000 1.000000 0.000000 1564718999443854000

0.957585 0.288151 0.000000 154.038524 -0.288151 0.957585 -0.000000 43.851404 -0.000000 0.000000 1.000000 0.000000 1564718999695371000

0.952399 0.304855 0.000000 156.375524 -0.304855 0.952399 -0.000000 43.106771 -0.000000 0.000000 1.000000 0.000000 1564718999944884000

0.946665 0.322220 0.000000 158.721488 -0.322220 0.946665 -0.000000 42.338222 -0.000000 0.000000 1.000000 0.000000 1564719000195599000

0.940761 0.339070 0.000000 161.015230 -0.339070 0.940761 -0.000000 41.557909 -0.000000 0.000000 1.000000 0.000000 1564719000445958000

0.935050 0.354516 0.000000 163.346566 -0.354516 0.935050 -0.000000 40.659719 -0.000000 0.000000 1.000000 0.000000 1564719000696512000

0.928711 0.370803 0.000000 165.687494 -0.370803 0.928711 -0.000000 39.736596 -0.000000 0.000000 1.000000 0.000000 1564719000947006000

0.922281 0.386521 0.000000 167.945318 -0.386521 0.922281 -0.000000 38.807124 -0.000000 0.000000 1.000000 0.000000 1564719001196448000

0.916496 0.400044 0.000000 170.222968 -0.400044 0.916496 -0.000000 37.829784 -0.000000 0.000000 1.000000 0.000000 1564719001446824000

0.911198 0.411969 0.000000 172.525514 -0.411969 0.911198 -0.000000 36.818998 -0.000000 0.000000 1.000000 0.000000 1564719001696884000

0.905212 0.424960 0.000000 174.793565 -0.424960 0.905212 -0.000000 35.760538 -0.000000 0.000000 1.000000 0.000000 1564719001947351000

0.898735 0.438493 0.000000 177.112064 -0.438493 0.898735 -0.000000 34.630355 -0.000000 0.000000 1.000000 0.000000 1564719002197261000

0.890527 0.454930 0.000000 179.412546 -0.454930 0.890527 -0.000000 33.459553 -0.000000 0.000000 1.000000 0.000000 1564719002447812000

0.881365 0.472437 0.000000 181.691504 -0.472437 0.881365 -0.000000 32.271342 -0.000000 0.000000 1.000000 0.000000 1564719002697694000

0.871691 0.490057 0.000000 183.915979 -0.490057 0.871691 -0.000000 30.998948 -0.000000 0.000000 1.000000 0.000000 1564719002948409000

0.860281 0.509820 0.000000 186.151432 -0.509820 0.860281 -0.000000 29.734208 -0.000000 0.000000 1.000000 0.000000 1564719003198863000

0.847357 0.531023 0.000000 188.304820 -0.531023 0.847357 -0.000000 28.413778 -0.000000 0.000000 1.000000 0.000000 1564719003448808000

0.831730 0.555180 0.000000 190.373661 -0.555180 0.831730 -0.000000 27.031738 -0.000000 0.000000 1.000000 0.000000 1564719003698874000

0.815307 0.579029 0.000000 192.387844 -0.579029 0.815307 -0.000000 25.597431 -0.000000 0.000000 1.000000 0.000000 1564719003949267000

0.798513 0.601978 0.000000 194.387998 -0.601978 0.798513 -0.000000 24.119127 -0.000000 0.000000 1.000000 0.000000 1564719004198695000

0.782249 0.622965 0.000000 196.350839 -0.622965 0.782249 -0.000000 22.606331 -0.000000 0.000000 1.000000 0.000000 1564719004448739000

0.764563 0.644549 0.000000 198.188485 -0.644549 0.764563 -0.000000 20.980343 -0.000000 0.000000 1.000000 0.000000 1564719004698732000

0.745514 0.666490 0.000000 200.059847 -0.666490 0.745514 -0.000000 19.415282 -0.000000 0.000000 1.000000 0.000000 1564719004949478000

0.725143 0.688598 0.000000 201.815453 -0.688598 0.725143 -0.000000 17.746100 -0.000000 0.000000 1.000000 0.000000 1564719005199968000

0.703827 0.710372 0.000000 203.556607 -0.710372 0.703827 -0.000000 16.010721 -0.000000 0.000000 1.000000 0.000000 1564719005450483000

0.682314 0.731059 0.000000 205.217516 -0.731059 0.682314 -0.000000 14.265042 -0.000000 0.000000 1.000000 0.000000 1564719005699955000

0.659614 0.751605 0.000000 206.798061 -0.751605 0.659614 -0.000000 12.480109 -0.000000 0.000000 1.000000 0.000000 1564719005950440000

0.636908 0.770940 0.000000 208.290366 -0.770940 0.636908 -0.000000 10.640360 -0.000000 0.000000 1.000000 0.000000 1564719006200566000

0.615148 0.788411 0.000000 209.740179 -0.788411 0.615148 -0.000000 8.772667 -0.000000 0.000000 1.000000 0.000000 1564719006450693000

0.595910 0.803051 0.000000 211.149331 -0.803051 0.595910 -0.000000 6.957698 -0.000000 0.000000 1.000000 0.000000 1564719006700620000

0.580771 0.814067 0.000000 212.501873 -0.814067 0.580771 -0.000000 5.086447 -0.000000 0.000000 1.000000 0.000000 1564719006950662000

0.570571 0.821249 0.000000 213.818969 -0.821249 0.570571 -0.000000 3.123360 -0.000000 0.000000 1.000000 0.000000 1564719007200239000

0.560802 0.827950 0.000000 215.195303 -0.827950 0.560802 -0.000000 1.255537 -0.000000 0.000000 1.000000 0.000000 1564719007450133000

0.551300 0.834307 0.000000 216.489213 -0.834307 0.551300 -0.000000 -0.651453 -0.000000 0.000000 1.000000 0.000000 1564719007700305000

0.549514 0.835485 0.000000 217.700483 -0.835485 0.549514 -0.000000 -2.542481 -0.000000 0.000000 1.000000 0.000000 1564719007951403000

0.551232 0.834352 0.000000 218.966908 -0.834352 0.551232 -0.000000 -4.447984 -0.000000 0.000000 1.000000 0.000000 1564719008200715000

0.555172 0.831736 0.000000 220.267098 -0.831736 0.555172 -0.000000 -6.305872 -0.000000 0.000000 1.000000 0.000000 1564719008450855000

0.561966 0.827160 0.000000 221.588357 -0.827160 0.561966 -0.000000 -8.142047 -0.000000 0.000000 1.000000 0.000000 1564719008701308000

0.570061 0.821602 0.000000 222.860353 -0.821602 0.570061 -0.000000 -9.989567 -0.000000 0.000000 1.000000 0.000000 1564719008951448000

0.582139 0.813089 0.000000 224.188911 -0.813089 0.582139 -0.000000 -11.796377 -0.000000 0.000000 1.000000 0.000000 1564719009201017000

0.595742 0.803176 0.000000 225.550637 -0.803176 0.595742 -0.000000 -13.553403 -0.000000 0.000000 1.000000 0.000000 1564719009450245000

0.612114 0.790770 0.000000 226.924494 -0.790770 0.612114 -0.000000 -15.272423 -0.000000 0.000000 1.000000 0.000000 1564719009700899000

0.632056 0.774923 0.000000 228.327391 -0.774923 0.632056 -0.000000 -16.972847 -0.000000 0.000000 1.000000 0.000000 1564719009951521000

0.653981 0.756511 0.000000 229.819289 -0.756511 0.653981 -0.000000 -18.692173 -0.000000 0.000000 1.000000 0.000000 1564719010201706000

0.675615 0.737255 0.000000 231.351061 -0.737255 0.675615 -0.000000 -20.285082 -0.000000 0.000000 1.000000 0.000000 1564719010452274000

0.699904 0.714237 0.000000 232.958173 -0.714237 0.699904 -0.000000 -21.781483 -0.000000 0.000000 1.000000 0.000000 1564719010704335000

0.726691 0.686965 0.000000 234.585994 -0.686965 0.726691 -0.000000 -23.287168 -0.000000 0.000000 1.000000 0.000000 1564719010952658000

0.756760 0.653693 0.000000 236.306935 -0.653693 0.756760 -0.000000 -24.726033 -0.000000 0.000000 1.000000 0.000000 1564719011202749000

0.786357 0.617773 0.000000 238.099407 -0.617773 0.786357 -0.000000 -26.134787 -0.000000 0.000000 1.000000 0.000000 1564719011453711000

0.815124 0.579286 0.000000 239.968310 -0.579286 0.815124 -0.000000 -27.393757 -0.000000 0.000000 1.000000 0.000000 1564719011704808000

0.841881 0.539663 0.000000 241.877594 -0.539663 0.841881 -0.000000 -28.626416 -0.000000 0.000000 1.000000 0.000000 1564719011954429000

0.867846 0.496834 0.000000 243.926841 -0.496834 0.867846 -0.000000 -29.749648 -0.000000 0.000000 1.000000 0.000000 1564719012204716000

0.891374 0.453269 0.000000 245.953366 -0.453269 0.891374 -0.000000 -30.752922 -0.000000 0.000000 1.000000 0.000000 1564719012453800000

0.910939 0.412541 0.000000 248.157351 -0.412541 0.910939 -0.000000 -31.769596 -0.000000 0.000000 1.000000 0.000000 1564719012704300000

0.924158 0.382011 0.000000 250.354365 -0.382011 0.924158 -0.000000 -32.686513 -0.000000 0.000000 1.000000 0.000000 1564719012954770000

0.933653 0.358180 0.000000 252.557044 -0.358180 0.933653 -0.000000 -33.411688 -0.000000 0.000000 1.000000 0.000000 1564719013204215000

0.941418 0.337243 0.000000 254.788645 -0.337243 0.941418 -0.000000 -34.212137 -0.000000 0.000000 1.000000 0.000000 1564719013455314000

0.947696 0.319175 0.000000 257.089975 -0.319175 0.947696 -0.000000 -34.972015 -0.000000 0.000000 1.000000 0.000000 1564719013705146000

0.952409 0.304823 0.000000 259.409285 -0.304823 0.952409 -0.000000 -35.682993 -0.000000 0.000000 1.000000 0.000000 1564719013955674000

0.955898 0.293698 0.000000 261.723796 -0.293698 0.955898 -0.000000 -36.345480 -0.000000 0.000000 1.000000 0.000000 1564719014205984000

0.958678 0.284493 0.000000 264.098256 -0.284493 0.958678 -0.000000 -37.038463 -0.000000 0.000000 1.000000 0.000000 1564719014456331000

0.961484 0.274859 0.000000 266.476412 -0.274859 0.961484 -0.000000 -37.632180 -0.000000 0.000000 1.000000 0.000000 1564719014706497000

0.964111 0.265501 0.000000 268.879720 -0.265501 0.964111 -0.000000 -38.290030 -0.000000 0.000000 1.000000 0.000000 1564719014955948000

0.966675 0.256006 0.000000 271.297078 -0.256006 0.966675 -0.000000 -38.971417 -0.000000 0.000000 1.000000 0.000000 1564719015207763000

0.969250 0.246078 0.000000 273.822181 -0.246078 0.969250 -0.000000 -39.589654 -0.000000 0.000000 1.000000 0.000000 1564719015457314000

0.971603 0.236618 0.000000 276.248891 -0.236618 0.971603 -0.000000 -40.151339 -0.000000 0.000000 1.000000 0.000000 1564719015707564000

0.973697 0.227848 0.000000 278.777451 -0.227848 0.973697 -0.000000 -40.775699 -0.000000 0.000000 1.000000 0.000000 1564719015957977000

0.975192 0.221359 0.000000 281.313373 -0.221359 0.975192 -0.000000 -41.321163 -0.000000 0.000000 1.000000 0.000000 1564719016209018000

0.976473 0.215639 0.000000 283.851179 -0.215639 0.976473 -0.000000 -41.815676 -0.000000 0.000000 1.000000 0.000000 1564719016458920000

0.977706 0.209980 0.000000 286.430789 -0.209980 0.977706 -0.000000 -42.349097 -0.000000 0.000000 1.000000 0.000000 1564719016709758000

0.978752 0.205048 0.000000 289.012739 -0.205048 0.978752 -0.000000 -42.833599 -0.000000 0.000000 1.000000 0.000000 1564719016959710000

0.979668 0.200625 0.000000 291.627918 -0.200625 0.979668 -0.000000 -43.400024 -0.000000 0.000000 1.000000 0.000000 1564719017210173000

0.980637 0.195833 0.000000 294.274395 -0.195833 0.980637 -0.000000 -43.876850 -0.000000 0.000000 1.000000 0.000000 1564719017460621000

0.981578 0.191064 0.000000 296.929388 -0.191064 0.981578 -0.000000 -44.448150 -0.000000 0.000000 1.000000 0.000000 1564719017710763000

0.982304 0.187296 0.000000 299.498878 -0.187296 0.982304 -0.000000 -44.933138 -0.000000 0.000000 1.000000 0.000000 1564719017961254000

0.982909 0.184090 0.000000 302.136291 -0.184090 0.982909 -0.000000 -45.370721 -0.000000 0.000000 1.000000 0.000000 1564719018211691000

0.983887 0.178793 0.000000 304.693361 -0.178793 0.983887 -0.000000 -45.806520 -0.000000 0.000000 1.000000 0.000000 1564719018460863000

0.984510 0.175327 0.000000 307.293706 -0.175327 0.984510 -0.000000 -46.318979 -0.000000 0.000000 1.000000 0.000000 1564719018711620000

0.985198 0.171418 0.000000 309.889407 -0.171418 0.985198 -0.000000 -46.717303 -0.000000 0.000000 1.000000 0.000000 1564719018961623000

0.985890 0.167395 0.000000 312.395093 -0.167395 0.985890 -0.000000 -47.117774 -0.000000 0.000000 1.000000 0.000000 1564719019211362000

0.986538 0.163530 0.000000 314.940678 -0.163530 0.986538 -0.000000 -47.511176 -0.000000 0.000000 1.000000 0.000000 1564719019461513000

0.987549 0.157312 0.000000 317.397321 -0.157312 0.987549 -0.000000 -47.918336 -0.000000 0.000000 1.000000 0.000000 1564719019711745000

0.988224 0.153014 0.000000 319.937945 -0.153014 0.988224 -0.000000 -48.329869 -0.000000 0.000000 1.000000 0.000000 1564719019962042000

0.988787 0.149333 0.000000 322.403038 -0.149333 0.988787 -0.000000 -48.697946 -0.000000 0.000000 1.000000 0.000000 1564719020212041000

0.988998 0.147931 0.000000 324.860732 -0.147931 0.988998 -0.000000 -49.018579 -0.000000 0.000000 1.000000 0.000000 1564719020461846000

0.988922 0.148436 0.000000 327.299118 -0.148436 0.988922 -0.000000 -49.369344 -0.000000 0.000000 1.000000 0.000000 1564719020711895000

0.989065 0.147482 0.000000 329.761141 -0.147482 0.989065 -0.000000 -49.708702 -0.000000 0.000000 1.000000 0.000000 1564719020962530000

0.988331 0.152323 0.000000 332.241528 -0.152323 0.988331 -0.000000 -50.070375 -0.000000 0.000000 1.000000 0.000000 1564719021212816000

0.987345 0.158587 0.000000 334.633032 -0.158587 0.987345 -0.000000 -50.433478 -0.000000 0.000000 1.000000 0.000000 1564719021463031000

0.985399 0.170260 0.000000 337.049645 -0.170260 0.985399 -0.000000 -50.901028 -0.000000 0.000000 1.000000 0.000000 1564719021713168000

0.983834 0.179082 0.000000 339.478919 -0.179082 0.983834 -0.000000 -51.311279 -0.000000 0.000000 1.000000 0.000000 1564719021962858000

0.982050 0.188620 0.000000 341.879305 -0.188620 0.982050 -0.000000 -51.723351 -0.000000 0.000000 1.000000 0.000000 1564719022213047000

0.981787 0.189986 0.000000 344.325126 -0.189986 0.981787 -0.000000 -52.101680 -0.000000 0.000000 1.000000 0.000000 1564719022463359000

0.981757 0.190142 0.000000 346.793953 -0.190142 0.981757 -0.000000 -52.664571 -0.000000 0.000000 1.000000 0.000000 1564719022713755000

0.981465 0.191640 0.000000 349.207356 -0.191640 0.981465 -0.000000 -53.101966 -0.000000 0.000000 1.000000 0.000000 1564719022963754000

0.981815 0.189839 0.000000 351.639639 -0.189839 0.981815 -0.000000 -53.550272 -0.000000 0.000000 1.000000 0.000000 1564719023213906000

0.982367 0.186964 0.000000 354.091912 -0.186964 0.982367 -0.000000 -54.071464 -0.000000 0.000000 1.000000 0.000000 1564719023463820000

0.983034 0.183421 0.000000 356.510101 -0.183421 0.983034 -0.000000 -54.480901 -0.000000 0.000000 1.000000 0.000000 1564719023713833000

0.983382 0.181548 0.000000 358.914278 -0.181548 0.983382 -0.000000 -54.922123 -0.000000 0.000000 1.000000 0.000000 1564719023963875000

0.983315 0.181910 0.000000 361.341589 -0.181910 0.983315 -0.000000 -55.372037 -0.000000 0.000000 1.000000 0.000000 1564719024214331000

0.983147 0.182817 0.000000 363.694120 -0.182817 0.983147 -0.000000 -55.797625 -0.000000 0.000000 1.000000 0.000000 1564719024464227000

0.982861 0.184348 0.000000 366.065898 -0.184348 0.982861 -0.000000 -56.205447 -0.000000 0.000000 1.000000 0.000000 1564719024714345000

0.983077 0.183192 0.000000 368.378788 -0.183192 0.983077 -0.000000 -56.618619 -0.000000 0.000000 1.000000 0.000000 1564719024964609000

0.983166 0.182717 0.000000 370.706429 -0.182717 0.983166 -0.000000 -56.994521 -0.000000 0.000000 1.000000 0.000000 1564719025214673000

0.983157 0.182761 0.000000 372.914727 -0.182761 0.983157 -0.000000 -57.396677 -0.000000 0.000000 1.000000 0.000000 1564719025464627000

0.983842 0.179040 0.000000 375.168296 -0.179040 0.983842 -0.000000 -57.786039 -0.000000 0.000000 1.000000 0.000000 1564719025714939000

0.984121 0.177499 0.000000 377.287361 -0.177499 0.984121 -0.000000 -58.193469 -0.000000 0.000000 1.000000 0.000000 1564719025964984000

0.984040 0.177949 0.000000 379.303379 -0.177949 0.984040 -0.000000 -58.553004 -0.000000 0.000000 1.000000 0.000000 1564719026215276000

0.984344 0.176261 0.000000 381.310112 -0.176261 0.984344 -0.000000 -58.846943 -0.000000 0.000000 1.000000 0.000000 1564719026465560000

0.984599 0.174826 0.000000 383.201498 -0.174826 0.984599 -0.000000 -59.244973 -0.000000 0.000000 1.000000 0.000000 1564719026715436000

0.984786 0.173771 0.000000 385.060198 -0.173771 0.984786 -0.000000 -59.543055 -0.000000 0.000000 1.000000 0.000000 1564719026965553000

0.984896 0.173144 0.000000 386.922871 -0.173144 0.984896 -0.000000 -59.869562 -0.000000 0.000000 1.000000 0.000000 1564719027215439000

0.984498 0.175395 0.000000 388.588818 -0.175395 0.984498 -0.000000 -60.200752 -0.000000 0.000000 1.000000 0.000000 1564719027465133000

0.984167 0.177241 0.000000 390.241247 -0.177241 0.984167 -0.000000 -60.459441 -0.000000 0.000000 1.000000 0.000000 1564719027715516000

0.982906 0.184109 0.000000 391.855388 -0.184109 0.982906 -0.000000 -60.707686 -0.000000 0.000000 1.000000 0.000000 1564719027965866000

0.980235 0.197835 0.000000 393.361378 -0.197835 0.980235 -0.000000 -60.946032 -0.000000 0.000000 1.000000 0.000000 1564719028216101000

0.960821 0.277170 0.000000 395.982440 -0.277170 0.960821 -0.000000 -61.803508 -0.000000 0.000000 1.000000 0.000000 1564719028716187000

0.923563 0.383447 0.000000 398.266886 -0.383447 0.923563 -0.000000 -62.688278 -0.000000 0.000000 1.000000 0.000000 1564719029216335000

0.858587 0.512668 0.000000 400.301766 -0.512668 0.858587 -0.000000 -63.898986 -0.000000 0.000000 1.000000 0.000000 1564719029716026000

0.761183 0.648537 0.000000 401.927890 -0.648537 0.761183 -0.000000 -65.390508 -0.000000 0.000000 1.000000 0.000000 1564719030216491000

0.700045 0.714098 0.000000 402.624596 -0.714098 0.700045 -0.000000 -66.219709 -0.000000 0.000000 1.000000 0.000000 1564719030466893000

0.573432 0.819253 0.000000 403.809479 -0.819253 0.573432 -0.000000 -68.059215 -0.000000 0.000000 1.000000 0.000000 1564719030967519000

0.446751 0.894658 0.000000 404.714004 -0.894658 0.446751 -0.000000 -70.094130 -0.000000 0.000000 1.000000 0.000000 1564719031468078000

0.333055 0.942907 0.000000 405.551420 -0.942907 0.333055 -0.000000 -72.235092 -0.000000 0.000000 1.000000 0.000000 1564719031968496000

0.235590 0.971853 0.000000 406.096187 -0.971853 0.235590 -0.000000 -74.584957 -0.000000 0.000000 1.000000 0.000000 1564719032468650000

0.146020 0.989282 0.000000 406.526979 -0.989282 0.146020 -0.000000 -77.196443 -0.000000 0.000000 1.000000 0.000000 1564719032968938000

0.054319 0.998524 0.000000 406.677577 -0.998524 0.054319 -0.000000 -79.974959 -0.000000 0.000000 1.000000 0.000000 1564719033469291000

-0.045958 0.998943 0.000000 406.554599 -0.998943 -0.045958 -0.000000 -82.897691 -0.000000 0.000000 1.000000 0.000000 1564719033968820000

-0.087378 0.996175 0.000000 406.386298 -0.996175 -0.087378 -0.000000 -84.459403 -0.000000 0.000000 1.000000 0.000000 1564719034218744000

-0.119874 0.992789 0.000000 406.158950 -0.992789 -0.119874 -0.000000 -86.068598 -0.000000 0.000000 1.000000 0.000000 1564719034469335000

-0.148279 0.988946 0.000000 405.961412 -0.988946 -0.148279 -0.000000 -87.739091 -0.000000 0.000000 1.000000 0.000000 1564719034720049000

-0.174533 0.984651 0.000000 405.622319 -0.984651 -0.174533 -0.000000 -89.446489 -0.000000 0.000000 1.000000 0.000000 1564719034970019000

-0.193268 0.981146 0.000000 405.269766 -0.981146 -0.193268 -0.000000 -91.189641 -0.000000 0.000000 1.000000 0.000000 1564719035219589000

-0.207172 0.978305 0.000000 404.871882 -0.978305 -0.207172 -0.000000 -92.941715 -0.000000 0.000000 1.000000 0.000000 1564719035470293000

-0.217062 0.976158 0.000000 404.496455 -0.976158 -0.217062 -0.000000 -94.806398 -0.000000 0.000000 1.000000 0.000000 1564719035720924000

-0.220670 0.975349 0.000000 404.026118 -0.975349 -0.220670 -0.000000 -96.754537 -0.000000 0.000000 1.000000 0.000000 1564719035970342000

-0.219057 0.975712 0.000000 403.601250 -0.975712 -0.219057 -0.000000 -98.669192 -0.000000 0.000000 1.000000 0.000000 1564719036220514000

-0.219992 0.975502 0.000000 403.168710 -0.975502 -0.219992 -0.000000 -100.699948 -0.000000 0.000000 1.000000 0.000000 1564719036471097000

-0.219139 0.975694 0.000000 402.734979 -0.975694 -0.219139 -0.000000 -102.811460 -0.000000 0.000000 1.000000 0.000000 1564719036721010000

-0.219131 0.975695 0.000000 402.265132 -0.975695 -0.219131 -0.000000 -104.927515 -0.000000 0.000000 1.000000 0.000000 1564719036971009000

-0.216451 0.976294 0.000000 401.812182 -0.976294 -0.216451 -0.000000 -107.073645 -0.000000 0.000000 1.000000 0.000000 1564719037221058000

-0.215094 0.976593 0.000000 401.325378 -0.976593 -0.215094 -0.000000 -109.296351 -0.000000 0.000000 1.000000 0.000000 1564719037471194000

-0.216727 0.976232 0.000000 400.824101 -0.976232 -0.216727 -0.000000 -111.599939 -0.000000 0.000000 1.000000 0.000000 1564719037722073000

-0.218757 0.975779 0.000000 400.314816 -0.975779 -0.218757 -0.000000 -113.870193 -0.000000 0.000000 1.000000 0.000000 1564719037971186000

-0.221737 0.975106 0.000000 399.825225 -0.975106 -0.221737 -0.000000 -116.235274 -0.000000 0.000000 1.000000 0.000000 1564719038221261000

-0.222822 0.974859 0.000000 399.265795 -0.974859 -0.222822 -0.000000 -118.518975 -0.000000 0.000000 1.000000 0.000000 1564719038471381000

-0.222095 0.975025 0.000000 398.741573 -0.975025 -0.222095 -0.000000 -120.872295 -0.000000 0.000000 1.000000 0.000000 1564719038721169000

-0.220194 0.975456 0.000000 398.253010 -0.975456 -0.220194 -0.000000 -123.220482 -0.000000 0.000000 1.000000 0.000000 1564719038971509000

-0.217309 0.976103 0.000000 397.729540 -0.976103 -0.217309 -0.000000 -125.599083 -0.000000 0.000000 1.000000 0.000000 1564719039221254000

-0.216717 0.976234 0.000000 397.172507 -0.976234 -0.216717 -0.000000 -128.051993 -0.000000 0.000000 1.000000 0.000000 1564719039471317000

-0.215983 0.976397 0.000000 396.695091 -0.976397 -0.215983 -0.000000 -130.460261 -0.000000 0.000000 1.000000 0.000000 1564719039721591000

-0.215578 0.976487 0.000000 396.116290 -0.976487 -0.215578 -0.000000 -132.972424 -0.000000 0.000000 1.000000 0.000000 1564719039971551000

-0.215014 0.976611 0.000000 395.581127 -0.976611 -0.215014 -0.000000 -135.477195 -0.000000 0.000000 1.000000 0.000000 1564719040222150000

-0.215343 0.976538 0.000000 395.035999 -0.976538 -0.215343 -0.000000 -138.050757 -0.000000 0.000000 1.000000 0.000000 1564719040472247000

-0.217157 0.976137 0.000000 394.467658 -0.976137 -0.217157 -0.000000 -140.615531 -0.000000 0.000000 1.000000 0.000000 1564719040722561000

-0.219701 0.975567 0.000000 393.888865 -0.975567 -0.219701 -0.000000 -143.206026 -0.000000 0.000000 1.000000 0.000000 1564719040972392000

-0.223028 0.974812 0.000000 393.300074 -0.974812 -0.223028 -0.000000 -145.863467 -0.000000 0.000000 1.000000 0.000000 1564719041223009000

-0.226483 0.974015 0.000000 392.707383 -0.974015 -0.226483 -0.000000 -148.493086 -0.000000 0.000000 1.000000 0.000000 1564719041472802000

-0.231495 0.972836 0.000000 392.033387 -0.972836 -0.231495 -0.000000 -151.174197 -0.000000 0.000000 1.000000 0.000000 1564719041723744000

-0.236467 0.971639 0.000000 391.413463 -0.971639 -0.236467 -0.000000 -153.902788 -0.000000 0.000000 1.000000 0.000000 1564719041973892000

-0.242555 0.970138 0.000000 390.751276 -0.970138 -0.242555 -0.000000 -156.617620 -0.000000 0.000000 1.000000 0.000000 1564719042223165000

-0.247844 0.968800 0.000000 390.027007 -0.968800 -0.247844 -0.000000 -159.379875 -0.000000 0.000000 1.000000 0.000000 1564719042473412000

-0.256610 0.966515 0.000000 389.303882 -0.966515 -0.256610 -0.000000 -162.150239 -0.000000 0.000000 1.000000 0.000000 1564719042723529000

-0.267582 0.963535 0.000000 388.518446 -0.963535 -0.267582 -0.000000 -164.955186 -0.000000 0.000000 1.000000 0.000000 1564719042973797000

-0.278338 0.960483 0.000000 387.706253 -0.960483 -0.278338 -0.000000 -167.795998 -0.000000 0.000000 1.000000 0.000000 1564719043223157000

-0.289278 0.957245 0.000000 386.916577 -0.957245 -0.289278 -0.000000 -170.588906 -0.000000 0.000000 1.000000 0.000000 1564719043473468000

-0.300640 0.953738 0.000000 385.992550 -0.953738 -0.300640 -0.000000 -173.423256 -0.000000 0.000000 1.000000 0.000000 1564719043724019000

-0.311284 0.950317 0.000000 385.122322 -0.950317 -0.311284 -0.000000 -176.295817 -0.000000 0.000000 1.000000 0.000000 1564719043976133000

-0.322240 0.946658 0.000000 384.189215 -0.946658 -0.322240 -0.000000 -179.190755 -0.000000 0.000000 1.000000 0.000000 1564719044223823000

-0.335307 0.942109 0.000000 383.164718 -0.942109 -0.335307 -0.000000 -182.084141 -0.000000 0.000000 1.000000 0.000000 1564719044473937000

-0.347621 0.937635 0.000000 382.103934 -0.937635 -0.347621 -0.000000 -184.927959 -0.000000 0.000000 1.000000 0.000000 1564719044723610000

-0.362384 0.932029 0.000000 381.027024 -0.932029 -0.362384 -0.000000 -187.794228 -0.000000 0.000000 1.000000 0.000000 1564719044973336000

-0.379474 0.925202 0.000000 379.896985 -0.925202 -0.379474 -0.000000 -190.698248 -0.000000 0.000000 1.000000 0.000000 1564719045223091000

-0.398923 0.916984 0.000000 378.675979 -0.916984 -0.398923 -0.000000 -193.493529 -0.000000 0.000000 1.000000 0.000000 1564719045473107000

-0.417864 0.908510 0.000000 377.408185 -0.908510 -0.417864 -0.000000 -196.383107 -0.000000 0.000000 1.000000 0.000000 1564719045723781000

-0.433533 0.901138 0.000000 376.126626 -0.901138 -0.433533 -0.000000 -199.286442 -0.000000 0.000000 1.000000 0.000000 1564719045973362000

-0.447648 0.894210 0.000000 374.736169 -0.894210 -0.447648 -0.000000 -202.135151 -0.000000 0.000000 1.000000 0.000000 1564719046223614000

-0.461224 0.887284 0.000000 373.275048 -0.887284 -0.461224 -0.000000 -204.998511 -0.000000 0.000000 1.000000 0.000000 1564719046473905000

-0.472370 0.881400 0.000000 371.806255 -0.881400 -0.472370 -0.000000 -207.887900 -0.000000 0.000000 1.000000 0.000000 1564719046723814000

-0.483020 0.875610 0.000000 370.267793 -0.875610 -0.483020 -0.000000 -210.702154 -0.000000 0.000000 1.000000 0.000000 1564719046973942000

-0.493295 0.869862 0.000000 368.714682 -0.869862 -0.493295 -0.000000 -213.455996 -0.000000 0.000000 1.000000 0.000000 1564719047223739000

-0.504147 0.863618 0.000000 367.142623 -0.863618 -0.504147 0.000000 -216.330704 0.000000 0.000000 1.000000 0.000000 1564719047474529000

-0.515248 0.857041 0.000000 365.501840 -0.857041 -0.515248 0.000000 -219.149396 0.000000 0.000000 1.000000 0.000000 1564719047724427000

-0.525695 0.850673 0.000000 363.806482 -0.850673 -0.525695 0.000000 -221.917658 0.000000 0.000000 1.000000 0.000000 1564719047974199000

-0.536361 0.843989 0.000000 362.065178 -0.843989 -0.536361 0.000000 -224.645862 0.000000 0.000000 1.000000 0.000000 1564719048224261000

-0.547147 0.837036 0.000000 360.250022 -0.837036 -0.547147 0.000000 -227.390337 0.000000 0.000000 1.000000 0.000000 1564719048474825000

-0.558155 0.829737 0.000000 358.441216 -0.829737 -0.558155 0.000000 -230.158998 0.000000 0.000000 1.000000 0.000000 1564719048724790000

-0.569171 0.822219 0.000000 356.588983 -0.822219 -0.569171 0.000000 -232.906517 0.000000 0.000000 1.000000 0.000000 1564719048974998000

-0.581152 0.813795 0.000000 354.702468 -0.813795 -0.581152 0.000000 -235.645619 0.000000 0.000000 1.000000 0.000000 1564719049225278000

-0.588636 0.808398 0.000000 352.759674 -0.808398 -0.588636 0.000000 -238.275788 0.000000 0.000000 1.000000 0.000000 1564719049475311000

-0.592362 0.805672 0.000000 350.798433 -0.805672 -0.592362 0.000000 -240.887627 0.000000 0.000000 1.000000 0.000000 1564719049725138000

-0.591178 0.806541 0.000000 348.936140 -0.806541 -0.591178 0.000000 -243.577580 0.000000 0.000000 1.000000 0.000000 1564719049976394000

-0.589681 0.807636 0.000000 347.020098 -0.807636 -0.589681 0.000000 -246.176275 0.000000 0.000000 1.000000 0.000000 1564719050224893000

-0.588463 0.808524 0.000000 345.159958 -0.808524 -0.588463 0.000000 -248.776302 0.000000 0.000000 1.000000 0.000000 1564719050474928000

-0.587023 0.809570 0.000000 343.333119 -0.809570 -0.587023 0.000000 -251.369846 0.000000 0.000000 1.000000 0.000000 1564719050724652000

-0.586446 0.809989 0.000000 341.549653 -0.809989 -0.586446 0.000000 -253.957958 0.000000 0.000000 1.000000 0.000000 1564719050974480000

-0.584818 0.811165 0.000000 339.572585 -0.811165 -0.584818 0.000000 -256.460130 0.000000 0.000000 1.000000 0.000000 1564719051224409000

-0.586279 0.810109 0.000000 337.837405 -0.810109 -0.586279 0.000000 -259.038787 0.000000 0.000000 1.000000 0.000000 1564719051474577000

-0.585753 0.810490 0.000000 335.929207 -0.810490 -0.585753 0.000000 -261.591195 0.000000 0.000000 1.000000 0.000000 1564719051724565000

-0.586818 0.809719 0.000000 334.127454 -0.809719 -0.586818 0.000000 -264.116521 0.000000 0.000000 1.000000 0.000000 1564719051974990000

-0.587285 0.809381 0.000000 332.328962 -0.809381 -0.587285 0.000000 -266.690219 0.000000 0.000000 1.000000 0.000000 1564719052224948000

-0.589119 0.808046 0.000000 330.464439 -0.808046 -0.589119 0.000000 -269.206783 0.000000 0.000000 1.000000 0.000000 1564719052475318000

-0.590697 0.806893 0.000000 328.673507 -0.806893 -0.590697 0.000000 -271.707514 0.000000 0.000000 1.000000 0.000000 1564719052725208000

-0.592349 0.805681 0.000000 326.867337 -0.805681 -0.592349 0.000000 -274.172871 0.000000 0.000000 1.000000 0.000000 1564719052974913000

-0.594538 0.804067 0.000000 325.079067 -0.804067 -0.594538 0.000000 -276.592409 0.000000 0.000000 1.000000 0.000000 1564719053227306000

-0.596809 0.802383 0.000000 323.281730 -0.802383 -0.596809 0.000000 -279.034991 0.000000 0.000000 1.000000 0.000000 1564719053476835000

-0.599517 0.800362 0.000000 321.456414 -0.800362 -0.599517 0.000000 -281.454242 0.000000 0.000000 1.000000 0.000000 1564719053728886000

-0.602314 0.798259 0.000000 319.622054 -0.798259 -0.602314 0.000000 -283.844736 0.000000 0.000000 1.000000 0.000000 1564719053976661000

-0.605228 0.796052 0.000000 317.809057 -0.796052 -0.605228 0.000000 -286.289035 0.000000 0.000000 1.000000 0.000000 1564719054226472000

-0.609416 0.792850 0.000000 315.966065 -0.792850 -0.609416 0.000000 -288.718633 0.000000 0.000000 1.000000 0.000000 1564719054476670000

-0.612786 0.790249 0.000000 314.151156 -0.790249 -0.612786 0.000000 -291.113497 0.000000 0.000000 1.000000 0.000000 1564719054727490000

-0.616857 0.787075 0.000000 312.372146 -0.787075 -0.616857 0.000000 -293.467251 0.000000 0.000000 1.000000 0.000000 1564719054977946000

-0.622386 0.782710 0.000000 310.493281 -0.782710 -0.622386 0.000000 -295.787214 0.000000 0.000000 1.000000 0.000000 1564719055228208000

-0.628718 0.777634 0.000000 308.644831 -0.777634 -0.628718 0.000000 -298.162963 0.000000 0.000000 1.000000 0.000000 1564719055478045000

