1.000000 -0.000832 0.000000 1.750506 0.000832 1.000000 0.000000 -0.004270 0.000000 0.000000 1.000000 0.000000
1.000000 -0.000287 0.000000 3.575613 0.000287 1.000000 0.000000 0.000543 0.000000 0.000000 1.000000 0.000000
1.000000 0.000363 0.000000 5.564503 -0.000363 1.000000 -0.000000 0.000710 -0.000000 0.000000 1.000000 0.000000
1.000000 0.000550 0.000000 7.265489 -0.000550 1.000000 -0.000000 -0.015199 -0.000000 0.000000 1.000000 0.000000
0.999999 0.001183 0.000000 9.274443 -0.001183 0.999999 -0.000000 0.049948 -0.000000 0.000000 1.000000 0.000000
0.999999 0.001217 0.000000 11.582920 -0.001217 0.999999 -0.000000 0.054533 -0.000000 0.000000 1.000000 0.000000
0.999999 0.001003 0.000000 14.184159 -0.001003 0.999999 -0.000000 0.008976 -0.000000 0.000000 1.000000 0.000000
0.999999 0.001620 0.000000 17.066217 -0.001620 0.999999 -0.000000 0.095584 -0.000000 0.000000 1.000000 0.000000
0.999999 0.001613 0.000000 18.577703 -0.001613 0.999999 -0.000000 0.026150 -0.000000 0.000000 1.000000 0.000000
0.999998 0.001879 0.000000 20.215516 -0.001879 0.999998 -0.000000 0.078735 -0.000000 0.000000 1.000000 0.000000
0.999994 0.003467 0.000000 21.850393 -0.003467 0.999994 -0.000000 0.054649 -0.000000 0.000000 1.000000 0.000000
0.999990 0.004433 0.000000 23.623048 -0.004433 0.999990 -0.000000 0.097209 -0.000000 0.000000 1.000000 0.000000
0.999990 0.004522 0.000000 25.406524 -0.004522 0.999990 -0.000000 0.052614 -0.000000 0.000000 1.000000 0.000000
0.999988 0.004828 0.000000 27.248177 -0.004828 0.999988 -0.000000 0.046935 -0.000000 0.000000 1.000000 0.000000
0.999985 0.005390 0.000000 29.178821 -0.005390 0.999985 -0.000000 0.012547 -0.000000 0.000000 1.000000 0.000000
0.999982 0.006065 0.000000 31.211289 -0.006065 0.999982 -0.000000 0.032631 -0.000000 0.000000 1.000000 0.000000
0.999978 0.006650 0.000000 33.224019 -0.006650 0.999978 -0.000000 0.009308 -0.000000 0.000000 1.000000 0.000000
0.999970 0.007719 0.000000 35.331072 -0.007719 0.999970 -0.000000 0.042054 -0.000000 0.000000 1.000000 0.000000
0.999963 0.008554 0.000000 37.518835 -0.008554 0.999963 -0.000000 0.071296 -0.000000 0.000000 1.000000 0.000000
0.999960 0.008997 0.000000 39.764827 -0.008997 0.999960 -0.000000 0.047044 -0.000000 0.000000 1.000000 0.000000
0.999954 0.009624 0.000000 42.011497 -0.009624 0.999954 -0.000000 0.015768 -0.000000 0.000000 1.000000 0.000000
0.999937 0.011231 0.000000 44.348534 -0.011231 0.999937 -0.000000 0.055525 -0.000000 0.000000 1.000000 0.000000
0.999922 0.012506 0.000000 46.765545 -0.012506 0.999922 -0.000000 0.019053 -0.000000 0.000000 1.000000 0.000000
0.999929 0.011951 0.000000 49.250649 -0.011951 0.999929 -0.000000 -0.053829 -0.000000 0.000000 1.000000 0.000000
0.999935 0.011441 0.000000 51.782211 -0.011441 0.999935 -0.000000 -0.042268 -0.000000 0.000000 1.000000 0.000000
0.999934 0.011499 0.000000 54.354051 -0.011499 0.999934 -0.000000 -0.065729 -0.000000 0.000000 1.000000 0.000000
0.999927 0.012079 0.000000 56.941683 -0.012079 0.999927 -0.000000 -0.106218 -0.000000 0.000000 1.000000 0.000000
0.999925 0.012282 0.000000 59.591987 -0.012282 0.999925 -0.000000 -0.158548 -0.000000 0.000000 1.000000 0.000000
0.999942 0.010763 0.000000 62.314124 -0.010763 0.999942 -0.000000 -0.159155 -0.000000 0.000000 1.000000 0.000000
0.999951 0.009948 0.000000 65.013023 -0.009948 0.999951 -0.000000 -0.207593 -0.000000 0.000000 1.000000 0.000000
0.999942 0.010786 0.000000 67.745980 -0.010786 0.999942 -0.000000 -0.170323 -0.000000 0.000000 1.000000 0.000000
0.999936 0.011322 0.000000 70.505208 -0.011322 0.999936 -0.000000 -0.215137 -0.000000 0.000000 1.000000 0.000000
0.999920 0.012621 0.000000 73.290819 -0.012621 0.999920 -0.000000 -0.261449 -0.000000 0.000000 1.000000 0.000000
0.999910 0.013387 0.000000 76.089231 -0.013387 0.999910 -0.000000 -0.202623 -0.000000 0.000000 1.000000 0.000000
0.999904 0.013824 0.000000 78.892053 -0.013824 0.999904 -0.000000 -0.251395 -0.000000 0.000000 1.000000 0.000000
0.999908 0.013570 0.000000 81.726703 -0.013570 0.999908 -0.000000 -0.298758 -0.000000 0.000000 1.000000 0.000000
0.999908 0.013593 0.000000 84.639025 -0.013593 0.999908 -0.000000 -0.325131 -0.000000 0.000000 1.000000 0.000000
0.999906 0.013681 0.000000 87.543275 -0.013681 0.999906 -0.000000 -0.263902 -0.000000 0.000000 1.000000 0.000000
0.999902 0.014015 0.000000 90.476329 -0.014015 0.999902 -0.000000 -0.289512 -0.000000 0.000000 1.000000 0.000000
0.999916 0.012967 0.000000 93.450490 -0.012967 0.999916 -0.000000 -0.292811 -0.000000 0.000000 1.000000 0.000000
0.999916 0.012989 0.000000 96.446356 -0.012989 0.999916 -0.000000 -0.265619 -0.000000 0.000000 1.000000 0.000000
0.999925 0.012248 0.000000 99.482776 -0.012248 0.999925 -0.000000 -0.308938 -0.000000 0.000000 1.000000 0.000000
0.999925 0.012244 0.000000 102.559091 -0.012244 0.999925 -0.000000 -0.367162 -0.000000 0.000000 1.000000 0.000000
0.999917 0.012854 0.000000 105.645035 -0.012854 0.999917 -0.000000 -0.369975 -0.000000 0.000000 1.000000 0.000000
0.999934 0.011514 0.000000 108.710072 -0.011514 0.999934 -0.000000 -0.396012 -0.000000 0.000000 1.000000 0.000000
0.999926 0.012189 0.000000 111.837312 -0.012189 0.999926 -0.000000 -0.395614 -0.000000 0.000000 1.000000 0.000000
0.999924 0.012292 0.000000 115.011591 -0.012292 0.999924 -0.000000 -0.434743 -0.000000 0.000000 1.000000 0.000000
0.999922 0.012481 0.000000 118.129057 -0.012481 0.999922 -0.000000 -0.430301 -0.000000 0.000000 1.000000 0.000000
0.999938 0.011129 0.000000 121.330198 -0.011129 0.999938 -0.000000 -0.476952 -0.000000 0.000000 1.000000 0.000000
0.999931 0.011740 0.000000 124.486850 -0.011740 0.999931 -0.000000 -0.500989 -0.000000 0.000000 1.000000 0.000000
0.999924 0.012311 0.000000 127.583326 -0.012311 0.999924 -0.000000 -0.564134 -0.000000 0.000000 1.000000 0.000000
0.999921 0.012580 0.000000 130.726792 -0.012580 0.999921 -0.000000 -0.545923 -0.000000 0.000000 1.000000 0.000000
0.999924 0.012309 0.000000 133.862403 -0.012309 0.999924 -0.000000 -0.576244 -0.000000 0.000000 1.000000 0.000000
0.999932 0.011621 0.000000 136.966952 -0.011621 0.999932 -0.000000 -0.607854 -0.000000 0.000000 1.000000 0.000000
0.999909 0.013487 0.000000 140.068262 -0.013487 0.999909 -0.000000 -0.582148 -0.000000 0.000000 1.000000 0.000000
0.999899 0.014204 0.000000 143.202725 -0.014204 0.999899 -0.000000 -0.614472 -0.000000 0.000000 1.000000 0.000000
0.999907 0.013656 0.000000 146.303944 -0.013656 0.999907 -0.000000 -0.618341 -0.000000 0.000000 1.000000 0.000000
0.999901 0.014077 0.000000 149.425582 -0.014077 0.999901 -0.000000 -0.633602 -0.000000 0.000000 1.000000 0.000000
0.999889 0.014889 0.000000 152.518633 -0.014889 0.999889 -0.000000 -0.666905 -0.000000 0.000000 1.000000 0.000000
0.999900 0.014117 0.000000 155.634255 -0.014117 0.999900 -0.000000 -0.698108 -0.000000 0.000000 1.000000 0.000000
0.999896 0.014409 0.000000 158.727933 -0.014409 0.999896 -0.000000 -0.685078 -0.000000 0.000000 1.000000 0.000000
0.999879 0.015556 0.000000 161.848650 -0.015556 0.999879 -0.000000 -0.703179 -0.000000 0.000000 1.000000 0.000000
0.999893 0.014645 0.000000 164.970343 -0.014645 0.999893 -0.000000 -0.727266 -0.000000 0.000000 1.000000 0.000000
0.999893 0.014642 0.000000 168.101393 -0.014642 0.999893 -0.000000 -0.819360 -0.000000 0.000000 1.000000 0.000000
0.999887 0.015031 0.000000 171.186389 -0.015031 0.999887 -0.000000 -0.798111 -0.000000 0.000000 1.000000 0.000000
0.999885 0.015146 0.000000 174.309563 -0.015146 0.999885 -0.000000 -0.851888 -0.000000 0.000000 1.000000 0.000000
0.999870 0.016146 0.000000 177.413170 -0.016146 0.999870 -0.000000 -0.858492 -0.000000 0.000000 1.000000 0.000000
0.999860 0.016760 0.000000 180.561737 -0.016760 0.999860 -0.000000 -0.853516 -0.000000 0.000000 1.000000 0.000000
0.999853 0.017155 0.000000 183.690248 -0.017155 0.999853 -0.000000 -0.846990 -0.000000 0.000000 1.000000 0.000000
0.999858 0.016842 0.000000 186.860155 -0.016842 0.999858 -0.000000 -0.869927 -0.000000 0.000000 1.000000 0.000000
0.999865 0.016401 0.000000 190.070309 -0.016401 0.999865 -0.000000 -0.890044 -0.000000 0.000000 1.000000 0.000000
0.999865 0.016401 0.000000 193.232262 -0.016401 0.999865 -0.000000 -0.928755 -0.000000 0.000000 1.000000 0.000000
0.999853 0.017143 0.000000 196.506592 -0.017143 0.999853 -0.000000 -0.933868 -0.000000 0.000000 1.000000 0.000000
0.999849 0.017361 0.000000 199.726961 -0.017361 0.999849 -0.000000 -0.933357 -0.000000 0.000000 1.000000 0.000000
0.999851 0.017268 0.000000 203.007719 -0.017268 0.999851 -0.000000 -0.987712 -0.000000 0.000000 1.000000 0.000000
0.999865 0.016451 0.000000 206.327478 -0.016451 0.999865 -0.000000 -1.021319 -0.000000 0.000000 1.000000 0.000000
0.999862 0.016640 0.000000 209.582649 -0.016640 0.999862 -0.000000 -1.041424 -0.000000 0.000000 1.000000 0.000000
0.999845 0.017580 0.000000 212.908867 -0.017580 0.999845 -0.000000 -1.079861 -0.000000 0.000000 1.000000 0.000000
0.999858 0.016846 0.000000 216.285512 -0.016846 0.999858 -0.000000 -1.048991 -0.000000 0.000000 1.000000 0.000000
0.999872 0.015999 0.000000 219.644653 -0.015999 0.999872 -0.000000 -1.115976 -0.000000 0.000000 1.000000 0.000000
0.999867 0.016293 0.000000 223.022776 -0.016293 0.999867 -0.000000 -1.189378 -0.000000 0.000000 1.000000 0.000000
0.999862 0.016625 0.000000 226.433241 -0.016625 0.999862 -0.000000 -1.191632 -0.000000 0.000000 1.000000 0.000000
0.999846 0.017577 0.000000 229.821155 -0.017577 0.999846 -0.000000 -1.157954 -0.000000 0.000000 1.000000 0.000000
0.999852 0.017210 0.000000 233.313142 -0.017210 0.999852 -0.000000 -1.191129 -0.000000 0.000000 1.000000 0.000000
0.999847 0.017495 0.000000 236.761115 -0.017495 0.999847 -0.000000 -1.177459 -0.000000 0.000000 1.000000 0.000000
0.999838 0.017989 0.000000 240.211914 -0.017989 0.999838 -0.000000 -1.132928 -0.000000 0.000000 1.000000 0.000000
0.999857 0.016936 0.000000 243.716592 -0.016936 0.999857 -0.000000 -1.193730 -0.000000 0.000000 1.000000 0.000000
0.999837 0.018043 0.000000 247.225594 -0.018043 0.999837 -0.000000 -1.248811 -0.000000 0.000000 1.000000 0.000000
0.999813 0.019353 0.000000 250.639727 -0.019353 0.999813 -0.000000 -1.235797 -0.000000 0.000000 1.000000 0.000000
0.999852 0.017230 0.000000 254.203150 -0.017230 0.999852 -0.000000 -1.293835 -0.000000 0.000000 1.000000 0.000000
0.999839 0.017926 0.000000 257.702951 -0.017926 0.999839 -0.000000 -1.367998 -0.000000 0.000000 1.000000 0.000000
0.999831 0.018393 0.000000 261.145205 -0.018393 0.999831 -0.000000 -1.337042 -0.000000 0.000000 1.000000 0.000000
0.999832 0.018310 0.000000 264.603156 -0.018310 0.999832 -0.000000 -1.377813 -0.000000 0.000000 1.000000 0.000000
0.999881 0.015449 0.000000 268.030947 -0.015449 0.999881 -0.000000 -1.409952 -0.000000 0.000000 1.000000 0.000000
0.999902 0.014034 0.000000 271.569836 -0.014034 0.999902 -0.000000 -1.452189 -0.000000 0.000000 1.000000 0.000000
0.999924 0.012369 0.000000 275.041859 -0.012369 0.999924 -0.000000 -1.392616 -0.000000 0.000000 1.000000 0.000000
0.999940 0.010940 0.000000 278.540486 -0.010940 0.999940 -0.000000 -1.440770 -0.000000 0.000000 1.000000 0.000000
0.999970 0.007701 0.000000 282.091741 -0.007701 0.999970 -0.000000 -1.368887 -0.000000 0.000000 1.000000 0.000000
0.999981 0.006224 0.000000 285.537119 -0.006224 0.999981 -0.000000 -1.326743 -0.000000 0.000000 1.000000 0.000000
0.999992 0.003887 0.000000 288.989010 -0.003887 0.999992 -0.000000 -1.375922 -0.000000 0.000000 1.000000 0.000000
0.999999 0.001550 0.000000 292.461591 -0.001550 0.999999 -0.000000 -1.306886 -0.000000 0.000000 1.000000 0.000000
1.000000 -0.000436 0.000000 295.849909 0.000436 1.000000 0.000000 -1.300639 0.000000 0.000000 1.000000 0.000000
0.999995 -0.003271 0.000000 299.302939 0.003271 0.999995 0.000000 -1.236890 0.000000 0.000000 1.000000 0.000000
0.999978 -0.006585 0.000000 302.669397 0.006585 0.999978 0.000000 -1.126547 0.000000 0.000000 1.000000 0.000000
0.999949 -0.010109 0.000000 306.083216 0.010109 0.999949 0.000000 -1.050097 0.000000 0.000000 1.000000 0.000000
0.999903 -0.013953 0.000000 309.467214 0.013953 0.999903 0.000000 -1.046244 0.000000 0.000000 1.000000 0.000000
0.999817 -0.019135 0.000000 312.850330 0.019135 0.999817 0.000000 -0.951718 0.000000 0.000000 1.000000 0.000000
0.999729 -0.023295 0.000000 316.156534 0.023295 0.999729 0.000000 -0.837142 0.000000 0.000000 1.000000 0.000000
0.999614 -0.027764 0.000000 319.425071 0.027764 0.999614 0.000000 -0.716090 0.000000 0.000000 1.000000 0.000000
0.999498 -0.031678 0.000000 322.728761 0.031678 0.999498 0.000000 -0.540254 0.000000 0.000000 1.000000 0.000000
0.999346 -0.036156 0.000000 325.956616 0.036156 0.999346 0.000000 -0.409502 0.000000 0.000000 1.000000 0.000000
0.999185 -0.040356 0.000000 329.217241 0.040356 0.999185 0.000000 -0.216232 0.000000 0.000000 1.000000 0.000000
0.999025 -0.044148 0.000000 332.439530 0.044148 0.999025 0.000000 -0.036610 0.000000 0.000000 1.000000 0.000000
0.998930 -0.046243 0.000000 335.616435 0.046243 0.998930 0.000000 0.101809 0.000000 0.000000 1.000000 0.000000
0.998968 -0.045424 0.000000 338.807190 0.045424 0.998968 0.000000 0.341048 0.000000 0.000000 1.000000 0.000000
0.999202 -0.039935 0.000000 341.903333 0.039935 0.999202 0.000000 0.525934 0.000000 0.000000 1.000000 0.000000
0.999399 -0.034657 0.000000 344.954044 0.034657 0.999399 0.000000 0.669508 0.000000 0.000000 1.000000 0.000000
0.999603 -0.028191 0.000000 348.012544 0.028191 0.999603 0.000000 0.815045 0.000000 0.000000 1.000000 0.000000
0.999751 -0.022330 0.000000 350.998681 0.022330 0.999751 0.000000 0.997304 0.000000 0.000000 1.000000 0.000000
0.999883 -0.015297 0.000000 354.014904 0.015297 0.999883 0.000000 1.103717 0.000000 0.000000 1.000000 0.000000
0.999965 -0.008364 0.000000 356.961261 0.008364 0.999965 0.000000 1.136308 0.000000 0.000000 1.000000 0.000000
1.000000 -0.000791 0.000000 359.897244 0.000791 1.000000 0.000000 1.223225 0.000000 0.000000 1.000000 0.000000
0.999979 0.006437 0.000000 362.752442 -0.006437 0.999979 -0.000000 1.269360 -0.000000 0.000000 1.000000 0.000000
0.999953 0.009732 0.000000 365.560384 -0.009732 0.999953 -0.000000 1.229163 -0.000000 0.000000 1.000000 0.000000
0.999921 0.012546 0.000000 368.229550 -0.012546 0.999921 -0.000000 1.242476 -0.000000 0.000000 1.000000 0.000000
0.999925 0.012230 0.000000 370.904548 -0.012230 0.999925 -0.000000 1.212163 -0.000000 0.000000 1.000000 0.000000
0.999922 0.012512 0.000000 373.468867 -0.012512 0.999922 -0.000000 1.220778 -0.000000 0.000000 1.000000 0.000000
0.999908 0.013584 0.000000 375.975466 -0.013584 0.999908 -0.000000 1.225443 -0.000000 0.000000 1.000000 0.000000
0.999877 0.015672 0.000000 378.257226 -0.015672 0.999877 -0.000000 1.192493 -0.000000 0.000000 1.000000 0.000000
0.999860 0.016714 0.000000 380.505141 -0.016714 0.999860 -0.000000 1.168272 -0.000000 0.000000 1.000000 0.000000
0.999858 0.016858 0.000000 382.681162 -0.016858 0.999858 -0.000000 1.150312 -0.000000 0.000000 1.000000 0.000000
0.999855 0.017018 0.000000 384.711070 -0.017018 0.999855 -0.000000 1.102871 -0.000000 0.000000 1.000000 0.000000
0.999864 0.016485 0.000000 386.655379 -0.016485 0.999864 -0.000000 1.058759 -0.000000 0.000000 1.000000 0.000000
0.999881 0.015411 0.000000 388.504577 -0.015411 0.999881 -0.000000 1.060269 -0.000000 0.000000 1.000000 0.000000
0.999886 0.015125 0.000000 390.256044 -0.015125 0.999886 -0.000000 1.102936 -0.000000 0.000000 1.000000 0.000000
0.999877 0.015676 0.000000 391.918220 -0.015676 0.999877 -0.000000 1.047413 -0.000000 0.000000 1.000000 0.000000
0.999873 0.015922 0.000000 393.469228 -0.015922 0.999873 -0.000000 1.024211 -0.000000 0.000000 1.000000 0.000000
0.999890 0.014841 0.000000 396.403438 -0.014841 0.999890 -0.000000 1.005986 -0.000000 0.000000 1.000000 0.000000
0.999890 0.014808 0.000000 398.905230 -0.014808 0.999890 -0.000000 1.021990 -0.000000 0.000000 1.000000 0.000000
0.999888 0.014976 0.000000 400.915826 -0.014976 0.999888 -0.000000 0.983383 -0.000000 0.000000 1.000000 0.000000
0.999906 0.013725 0.000000 403.009701 -0.013725 0.999906 -0.000000 0.989005 -0.000000 0.000000 1.000000 0.000000
0.999895 0.014508 0.000000 404.632496 -0.014508 0.999895 -0.000000 0.969119 -0.000000 0.000000 1.000000 0.000000
0.999870 0.016097 0.000000 406.182251 -0.016097 0.999870 -0.000000 0.914381 -0.000000 0.000000 1.000000 0.000000
0.999856 0.016945 0.000000 407.949325 -0.016945 0.999856 -0.000000 0.932841 -0.000000 0.000000 1.000000 0.000000
0.999834 0.018203 0.000000 409.613095 -0.018203 0.999834 -0.000000 0.913722 -0.000000 0.000000 1.000000 0.000000
0.999827 0.018590 0.000000 411.574946 -0.018590 0.999827 -0.000000 0.876428 -0.000000 0.000000 1.000000 0.000000
0.999796 0.020200 0.000000 413.831563 -0.020200 0.999796 -0.000000 0.876949 -0.000000 0.000000 1.000000 0.000000
0.999758 0.022009 0.000000 416.373604 -0.022009 0.999758 -0.000000 0.828734 -0.000000 0.000000 1.000000 0.000000
0.999721 0.023631 0.000000 419.089419 -0.023631 0.999721 -0.000000 0.778495 -0.000000 0.000000 1.000000 0.000000
0.999697 0.024609 0.000000 421.927323 -0.024609 0.999697 -0.000000 0.742699 -0.000000 0.000000 1.000000 0.000000
0.999671 0.025658 0.000000 424.896625 -0.025658 0.999671 -0.000000 0.651438 -0.000000 0.000000 1.000000 0.000000
0.999689 0.024918 0.000000 427.774418 -0.024918 0.999689 -0.000000 0.578389 -0.000000 0.000000 1.000000 0.000000
0.999901 0.014049 0.000000 430.611707 -0.014049 0.999901 -0.000000 0.548045 -0.000000 0.000000 1.000000 0.000000
0.999731 -0.023209 0.000000 433.412254 0.023209 0.999731 0.000000 0.601801 0.000000 0.000000 1.000000 0.000000
0.996452 -0.084164 0.000000 436.083828 0.084164 0.996452 0.000000 0.830085 0.000000 0.000000 1.000000 0.000000
0.985423 -0.170120 0.000000 438.733956 0.170120 0.985423 0.000000 1.324131 0.000000 0.000000 1.000000 0.000000
0.959746 -0.280868 0.000000 441.309603 0.280868 0.959746 0.000000 2.126060 0.000000 0.000000 1.000000 0.000000
0.913346 -0.407185 0.000000 443.669799 0.407185 0.913346 0.000000 3.230565 0.000000 0.000000 1.000000 0.000000
0.837521 -0.546406 0.000000 445.880362 0.546406 0.837521 0.000000 4.736286 0.000000 0.000000 1.000000 0.000000
0.730661 -0.682741 0.000000 447.818691 0.682741 0.730661 0.000000 6.646446 0.000000 0.000000 1.000000 0.000000
0.606179 -0.795328 0.000000 449.432078 0.795328 0.606179 0.000000 8.873077 0.000000 0.000000 1.000000 0.000000
0.479814 -0.877370 0.000000 450.819958 0.877370 0.479814 0.000000 11.385028 0.000000 0.000000 1.000000 0.000000
0.343690 -0.939083 0.000000 451.839243 0.939083 0.343690 0.000000 14.192219 0.000000 0.000000 1.000000 0.000000
0.270578 -0.962698 0.000000 452.179939 0.962698 0.270578 0.000000 15.681343 0.000000 0.000000 1.000000 0.000000
0.197543 -0.980294 0.000000 452.514148 0.980294 0.197543 0.000000 17.281385 0.000000 0.000000 1.000000 0.000000
0.144193 -0.989550 0.000000 452.642335 0.989550 0.144193 0.000000 19.054953 0.000000 0.000000 1.000000 0.000000
0.111526 -0.993761 0.000000 452.767892 0.993761 0.111526 0.000000 20.649713 0.000000 0.000000 1.000000 0.000000
0.084648 -0.996411 0.000000 452.910257 0.996411 0.084648 0.000000 22.336768 0.000000 0.000000 1.000000 0.000000
0.059919 -0.998203 0.000000 453.025055 0.998203 0.059919 0.000000 24.088132 0.000000 0.000000 1.000000 0.000000
0.037476 -0.999298 0.000000 453.086181 0.999298 0.037476 0.000000 26.002464 0.000000 0.000000 1.000000 0.000000
0.025312 -0.999680 0.000000 453.080435 0.999680 0.025312 0.000000 27.931578 0.000000 0.000000 1.000000 0.000000
0.017395 -0.999849 0.000000 453.138932 0.999849 0.017395 0.000000 29.836957 0.000000 0.000000 1.000000 0.000000
0.013198 -0.999913 0.000000 453.173028 0.999913 0.013198 0.000000 31.824551 0.000000 0.000000 1.000000 0.000000
0.010286 -0.999947 0.000000 453.186868 0.999947 0.010286 0.000000 33.855482 0.000000 0.000000 1.000000 0.000000
0.009832 -0.999952 0.000000 453.219844 0.999952 0.009832 0.000000 35.945396 0.000000 0.000000 1.000000 0.000000
0.008788 -0.999961 0.000000 453.197797 0.999961 0.008788 0.000000 38.075001 0.000000 0.000000 1.000000 0.000000
0.007024 -0.999975 0.000000 453.223271 0.999975 0.007024 0.000000 40.283013 0.000000 0.000000 1.000000 0.000000
0.007604 -0.999971 0.000000 453.245982 0.999971 0.007604 0.000000 42.505997 0.000000 0.000000 1.000000 0.000000
0.009955 -0.999950 0.000000 453.293744 0.999950 0.009955 0.000000 44.761222 0.000000 0.000000 1.000000 0.000000
0.012223 -0.999925 0.000000 453.297385 0.999925 0.012223 0.000000 47.043544 0.000000 0.000000 1.000000 0.000000
0.014543 -0.999894 0.000000 453.292981 0.999894 0.014543 0.000000 49.402312 0.000000 0.000000 1.000000 0.000000
0.017260 -0.999851 0.000000 453.356252 0.999851 0.017260 0.000000 51.792126 0.000000 0.000000 1.000000 0.000000
0.020626 -0.999787 0.000000 453.424573 0.999787 0.020626 0.000000 54.246509 0.000000 0.000000 1.000000 0.000000
0.022733 -0.999742 0.000000 453.422886 0.999742 0.022733 0.000000 56.682083 0.000000 0.000000 1.000000 0.000000
0.022724 -0.999742 0.000000 453.447000 0.999742 0.022724 0.000000 59.170833 0.000000 0.000000 1.000000 0.000000
0.022445 -0.999748 0.000000 453.540675 0.999748 0.022445 0.000000 61.685841 0.000000 0.000000 1.000000 0.000000
0.021078 -0.999778 0.000000 453.616493 0.999778 0.021078 0.000000 64.244015 0.000000 0.000000 1.000000 0.000000
0.020711 -0.999786 0.000000 453.617653 0.999786 0.020711 0.000000 66.848447 0.000000 0.000000 1.000000 0.000000
0.019562 -0.999809 0.000000 453.663427 0.999809 0.019562 0.000000 69.458667 0.000000 0.000000 1.000000 0.000000
0.019339 -0.999813 0.000000 453.717186 0.999813 0.019339 0.000000 72.118532 0.000000 0.000000 1.000000 0.000000
0.017631 -0.999845 0.000000 453.751501 0.999845 0.017631 0.000000 74.766175 0.000000 0.000000 1.000000 0.000000
0.015896 -0.999874 0.000000 453.812321 0.999874 0.015896 0.000000 77.484952 0.000000 0.000000 1.000000 0.000000
0.014689 -0.999892 0.000000 453.849821 0.999892 0.014689 0.000000 80.234929 0.000000 0.000000 1.000000 0.000000
0.015411 -0.999881 0.000000 453.878231 0.999881 0.015411 0.000000 82.985093 0.000000 0.000000 1.000000 0.000000
0.014729 -0.999892 0.000000 453.928496 0.999892 0.014729 0.000000 85.742453 0.000000 0.000000 1.000000 0.000000
0.014571 -0.999894 0.000000 453.985167 0.999894 0.014571 0.000000 88.560887 0.000000 0.000000 1.000000 0.000000
0.013174 -0.999913 0.000000 454.012385 0.999913 0.013174 0.000000 91.399764 0.000000 0.000000 1.000000 0.000000
0.012707 -0.999919 0.000000 453.999911 0.999919 0.012707 0.000000 94.266395 0.000000 0.000000 1.000000 0.000000
0.011577 -0.999933 0.000000 454.044729 0.999933 0.011577 0.000000 97.093919 0.000000 0.000000 1.000000 0.000000
0.010926 -0.999940 0.000000 454.055990 0.999940 0.010926 0.000000 100.062125 0.000000 0.000000 1.000000 0.000000
0.010227 -0.999948 0.000000 454.087571 0.999948 0.010227 0.000000 102.966830 0.000000 0.000000 1.000000 0.000000
0.008898 -0.999960 0.000000 454.104035 0.999960 0.008898 0.000000 105.849265 0.000000 0.000000 1.000000 0.000000
0.008662 -0.999962 0.000000 454.109727 0.999962 0.008662 0.000000 108.722897 0.000000 0.000000 1.000000 0.000000
0.008335 -0.999965 0.000000 454.103143 0.999965 0.008335 0.000000 111.559858 0.000000 0.000000 1.000000 0.000000
0.007893 -0.999969 0.000000 454.168529 0.999969 0.007893 0.000000 114.414449 0.000000 0.000000 1.000000 0.000000
0.007486 -0.999972 0.000000 454.152251 0.999972 0.007486 0.000000 117.296580 0.000000 0.000000 1.000000 0.000000
0.006893 -0.999976 0.000000 454.181530 0.999976 0.006893 0.000000 120.130025 0.000000 0.000000 1.000000 0.000000
0.006855 -0.999977 0.000000 454.224399 0.999977 0.006855 0.000000 123.052248 0.000000 0.000000 1.000000 0.000000
0.006175 -0.999981 0.000000 454.223948 0.999981 0.006175 0.000000 125.972718 0.000000 0.000000 1.000000 0.000000
0.006434 -0.999979 0.000000 454.241131 0.999979 0.006434 0.000000 128.908522 0.000000 0.000000 1.000000 0.000000
0.004833 -0.999988 0.000000 454.252691 0.999988 0.004833 0.000000 131.834602 0.000000 0.000000 1.000000 0.000000
0.001227 -0.999999 0.000000 454.253887 0.999999 0.001227 0.000000 134.801721 0.000000 0.000000 1.000000 0.000000
-0.002393 -0.999997 0.000000 454.234737 0.999997 -0.002393 0.000000 137.775396 0.000000 0.000000 1.000000 0.000000
-0.005704 -0.999984 0.000000 454.231516 0.999984 -0.005704 0.000000 140.740557 0.000000 0.000000 1.000000 0.000000
-0.009438 -0.999955 0.000000 454.173799 0.999955 -0.009438 0.000000 143.749381 0.000000 0.000000 1.000000 0.000000
-0.012300 -0.999924 0.000000 454.119229 0.999924 -0.012300 0.000000 146.693689 0.000000 0.000000 1.000000 0.000000
-0.015649 -0.999878 0.000000 454.041886 0.999878 -0.015649 0.000000 149.709119 0.000000 0.000000 1.000000 0.000000
-0.018987 -0.999820 0.000000 453.986312 0.999820 -0.018987 0.000000 152.700319 0.000000 0.000000 1.000000 0.000000
-0.021834 -0.999762 0.000000 453.898414 0.999762 -0.021834 0.000000 155.657477 0.000000 0.000000 1.000000 0.000000
-0.025061 -0.999686 0.000000 453.855581 0.999686 -0.025061 0.000000 158.680471 0.000000 0.000000 1.000000 0.000000
-0.026219 -0.999656 0.000000 453.728290 0.999656 -0.026219 0.000000 161.696412 0.000000 0.000000 1.000000 0.000000
-0.029231 -0.999573 0.000000 453.628865 0.999573 -0.029231 0.000000 164.650969 0.000000 0.000000 1.000000 0.000000
-0.032923 -0.999458 0.000000 453.562242 0.999458 -0.032923 0.000000 167.662381 0.000000 0.000000 1.000000 0.000000
-0.035553 -0.999368 0.000000 453.443685 0.999368 -0.035553 0.000000 170.665585 0.000000 0.000000 1.000000 0.000000
-0.037956 -0.999279 0.000000 453.316810 0.999279 -0.037956 0.000000 173.608081 0.000000 0.000000 1.000000 0.000000
-0.040496 -0.999180 0.000000 453.173438 0.999180 -0.040496 0.000000 176.531139 0.000000 0.000000 1.000000 0.000000
-0.043810 -0.999040 0.000000 453.095985 0.999040 -0.043810 0.000000 179.409567 0.000000 0.000000 1.000000 0.000000
-0.043289 -0.999063 0.000000 452.977530 0.999063 -0.043289 0.000000 182.399264 0.000000 0.000000 1.000000 0.000000
-0.040623 -0.999175 0.000000 452.845640 0.999175 -0.040623 0.000000 185.265136 0.000000 0.000000 1.000000 0.000000
-0.035954 -0.999353 0.000000 452.705259 0.999353 -0.035954 0.000000 188.151628 0.000000 0.000000 1.000000 0.000000
-0.030191 -0.999544 0.000000 452.623672 0.999544 -0.030191 0.000000 191.043633 0.000000 0.000000 1.000000 0.000000
-0.023694 -0.999719 0.000000 452.584713 0.999719 -0.023694 0.000000 193.825123 0.000000 0.000000 1.000000 0.000000
-0.016684 -0.999861 0.000000 452.482683 0.999861 -0.016684 0.000000 196.664694 0.000000 0.000000 1.000000 0.000000
-0.010593 -0.999944 0.000000 452.453512 0.999944 -0.010593 0.000000 199.399960 0.000000 0.000000 1.000000 0.000000
-0.004338 -0.999991 0.000000 452.402086 0.999991 -0.004338 0.000000 202.188623 0.000000 0.000000 1.000000 0.000000
0.002232 -0.999998 0.000000 452.363132 0.999998 0.002232 0.000000 204.873483 0.000000 0.000000 1.000000 0.000000
0.006365 -0.999980 0.000000 452.392267 0.999980 0.006365 0.000000 207.564496 0.000000 0.000000 1.000000 0.000000
0.010086 -0.999949 0.000000 452.394887 0.999949 0.010086 0.000000 210.208377 0.000000 0.000000 1.000000 0.000000
0.010187 -0.999948 0.000000 452.462294 0.999948 0.010187 0.000000 212.818106 0.000000 0.000000 1.000000 0.000000
0.007487 -0.999972 0.000000 452.418845 0.999972 0.007487 0.000000 215.415250 0.000000 0.000000 1.000000 0.000000
0.004495 -0.999990 0.000000 452.458592 0.999990 0.004495 0.000000 217.972342 0.000000 0.000000 1.000000 0.000000
0.001371 -0.999999 0.000000 452.481555 0.999999 0.001371 0.000000 220.442608 0.000000 0.000000 1.000000 0.000000
-0.000662 -1.000000 0.000000 452.432321 1.000000 -0.000662 0.000000 222.919011 0.000000 0.000000 1.000000 0.000000
-0.003766 -0.999993 0.000000 452.432243 0.999993 -0.003766 0.000000 225.207811 0.000000 0.000000 1.000000 0.000000
-0.005274 -0.999986 0.000000 452.342137 0.999986 -0.005274 0.000000 227.533687 0.000000 0.000000 1.000000 0.000000
-0.006926 -0.999976 0.000000 452.365152 0.999976 -0.006926 0.000000 229.766560 0.000000 0.000000 1.000000 0.000000
-0.008292 -0.999966 0.000000 452.294571 0.999966 -0.008292 0.000000 231.832970 0.000000 0.000000 1.000000 0.000000
-0.009061 -0.999959 0.000000 452.255075 0.999959 -0.009061 0.000000 233.919976 0.000000 0.000000 1.000000 0.000000
-0.007840 -0.999969 0.000000 452.212820 0.999969 -0.007840 0.000000 235.924509 0.000000 0.000000 1.000000 0.000000
-0.007158 -0.999974 0.000000 452.200881 0.999974 -0.007158 0.000000 237.857239 0.000000 0.000000 1.000000 0.000000
-0.006427 -0.999979 0.000000 452.168189 0.999979 -0.006427 0.000000 239.697504 0.000000 0.000000 1.000000 0.000000
-0.005548 -0.999985 0.000000 452.139897 0.999985 -0.005548 0.000000 241.570612 0.000000 0.000000 1.000000 0.000000
-0.006195 -0.999981 0.000000 452.121130 0.999981 -0.006195 0.000000 243.406071 0.000000 0.000000 1.000000 0.000000
-0.007455 -0.999972 0.000000 452.091595 0.999972 -0.007455 0.000000 245.238960 0.000000 0.000000 1.000000 0.000000
-0.009580 -0.999954 0.000000 452.115785 0.999954 -0.009580 0.000000 247.030614 0.000000 0.000000 1.000000 0.000000
-0.012022 -0.999928 0.000000 452.038054 0.999928 -0.012022 0.000000 248.769506 0.000000 0.000000 1.000000 0.000000
-0.015793 -0.999875 0.000000 452.038266 0.999875 -0.015793 0.000000 250.575043 0.000000 0.000000 1.000000 0.000000
-0.019371 -0.999812 0.000000 451.949187 0.999812 -0.019371 0.000000 252.293997 0.000000 0.000000 1.000000 0.000000
-0.022146 -0.999755 0.000000 451.917811 0.999755 -0.022146 0.000000 254.036936 0.000000 0.000000 1.000000 0.000000
-0.026080 -0.999660 0.000000 451.883608 0.999660 -0.026080 0.000000 255.757840 0.000000 0.000000 1.000000 0.000000
-0.029153 -0.999575 0.000000 451.791043 0.999575 -0.029153 0.000000 257.420793 0.000000 0.000000 1.000000 0.000000
-0.031284 -0.999511 0.000000 451.697308 0.999511 -0.031284 0.000000 259.091478 0.000000 0.000000 1.000000 0.000000
-0.035275 -0.999378 0.000000 451.645298 0.999378 -0.035275 0.000000 260.710861 0.000000 0.000000 1.000000 0.000000
-0.038837 -0.999246 0.000000 451.558011 0.999246 -0.038837 0.000000 262.377822 0.000000 0.000000 1.000000 0.000000
-0.043023 -0.999074 0.000000 451.486548 0.999074 -0.043023 0.000000 264.012136 0.000000 0.000000 1.000000 0.000000
-0.047406 -0.998876 0.000000 451.423169 0.998876 -0.047406 0.000000 265.689805 0.000000 0.000000 1.000000 0.000000
-0.053126 -0.998588 0.000000 451.292920 0.998588 -0.053126 0.000000 267.408882 0.000000 0.000000 1.000000 0.000000
-0.058616 -0.998281 0.000000 451.176886 0.998281 -0.058616 0.000000 269.114473 0.000000 0.000000 1.000000 0.000000
-0.062967 -0.998016 0.000000 451.075103 0.998016 -0.062967 0.000000 270.842241 0.000000 0.000000 1.000000 0.000000
-0.068180 -0.997673 0.000000 450.963250 0.997673 -0.068180 0.000000 272.568431 0.000000 0.000000 1.000000 0.000000
-0.073842 -0.997270 0.000000 450.812297 0.997270 -0.073842 0.000000 274.294546 0.000000 0.000000 1.000000 0.000000
-0.078117 -0.996944 0.000000 450.632706 0.996944 -0.078117 0.000000 276.058160 0.000000 0.000000 1.000000 0.000000
-0.084605 -0.996415 0.000000 450.506762 0.996415 -0.084605 0.000000 277.743696 0.000000 0.000000 1.000000 0.000000
-0.088531 -0.996073 0.000000 450.321935 0.996073 -0.088531 0.000000 279.555124 0.000000 0.000000 1.000000 0.000000
-0.096300 -0.995352 0.000000 450.141419 0.995352 -0.096300 0.000000 281.345789 0.000000 0.000000 1.000000 0.000000
-0.105555 -0.994413 0.000000 449.950744 0.994413 -0.105555 0.000000 283.142378 0.000000 0.000000 1.000000 0.000000
-0.120028 -0.992771 0.000000 449.736586 0.992771 -0.120028 0.000000 284.856213 0.000000 0.000000 1.000000 0.000000
-0.141293 -0.989968 0.000000 449.449411 0.989968 -0.141293 0.000000 286.635619 0.000000 0.000000 1.000000 0.000000
-0.171565 -0.985173 0.000000 449.199824 0.985173 -0.171565 0.000000 288.337232 0.000000 0.000000 1.000000 0.000000
-0.210679 -0.977555 0.000000 448.733951 0.977555 -0.210679 0.000000 290.311377 0.000000 0.000000 1.000000 0.000000
-0.255226 -0.966881 0.000000 448.261952 0.966881 -0.255226 0.000000 292.009784 0.000000 0.000000 1.000000 0.000000
-0.311174 -0.950353 0.000000 447.606034 0.950353 -0.311174 0.000000 293.862398 0.000000 0.000000 1.000000 0.000000
-0.369128 -0.929378 0.000000 446.883395 0.929378 -0.369128 0.000000 295.756895 0.000000 0.000000 1.000000 0.000000
-0.431400 -0.902161 0.000000 445.997367 0.902161 -0.431400 0.000000 297.494425 0.000000 0.000000 1.000000 0.000000
-0.492415 -0.870360 0.000000 445.003584 0.870360 -0.492415 0.000000 299.289258 0.000000 0.000000 1.000000 0.000000
-0.553142 -0.833087 0.000000 443.846256 0.833087 -0.553142 0.000000 300.908210 0.000000 0.000000 1.000000 0.000000
-0.613846 -0.789426 0.000000 442.585701 0.789426 -0.613846 0.000000 302.484440 0.000000 0.000000 1.000000 0.000000
-0.672555 -0.740047 0.000000 441.184080 0.740047 -0.672555 0.000000 303.986874 0.000000 0.000000 1.000000 0.000000
-0.727844 -0.685743 0.000000 439.690744 0.685743 -0.727844 0.000000 305.419645 0.000000 0.000000 1.000000 0.000000
-0.776748 -0.629812 0.000000 438.113102 0.629812 -0.776748 0.000000 306.736356 0.000000 0.000000 1.000000 0.000000
-0.820800 -0.571215 0.000000 436.336237 0.571215 -0.820800 0.000000 307.924029 0.000000 0.000000 1.000000 0.000000
-0.859809 -0.510616 0.000000 434.497025 0.510616 -0.859809 0.000000 308.972452 0.000000 0.000000 1.000000 0.000000
-0.895314 -0.445437 0.000000 432.608787 0.445437 -0.895314 0.000000 309.925875 0.000000 0.000000 1.000000 0.000000
-0.925989 -0.377550 0.000000 430.548960 0.377550 -0.925989 0.000000 310.663834 0.000000 0.000000 1.000000 0.000000
-0.951291 -0.308294 0.000000 428.398493 0.308294 -0.951291 0.000000 311.379087 0.000000 0.000000 1.000000 0.000000
-0.970228 -0.242194 0.000000 426.191369 0.242194 -0.970228 0.000000 311.943517 0.000000 0.000000 1.000000 0.000000
-0.983905 -0.178692 0.000000 423.881109 0.178692 -0.983905 0.000000 312.363703 0.000000 0.000000 1.000000 0.000000
-0.991775 -0.127990 0.000000 421.539184 0.127990 -0.991775 0.000000 312.663465 0.000000 0.000000 1.000000 0.000000
-0.996669 -0.081552 0.000000 419.191410 0.081552 -0.996669 0.000000 312.776338 0.000000 0.000000 1.000000 0.000000
-0.999068 -0.043168 0.000000 416.799138 0.043168 -0.999068 0.000000 312.833711 0.000000 0.000000 1.000000 0.000000
-0.999904 -0.013837 0.000000 414.298405 0.013837 -0.999904 0.000000 312.882874 0.000000 0.000000 1.000000 0.000000
-0.999954 0.009588 0.000000 411.822675 -0.009588 -0.999954 0.000000 312.855974 0.000000 0.000000 1.000000 0.000000
-0.999666 0.025845 0.000000 409.253235 -0.025845 -0.999666 0.000000 312.663486 0.000000 0.000000 1.000000 0.000000
-0.999153 0.041155 0.000000 406.690224 -0.041155 -0.999153 0.000000 312.556672 0.000000 0.000000 1.000000 0.000000
-0.998530 0.054205 0.000000 404.042852 -0.054205 -0.998530 0.000000 312.373326 0.000000 0.000000 1.000000 0.000000
-0.997838 0.065727 0.000000 401.368387 -0.065727 -0.997838 0.000000 312.164859 0.000000 0.000000 1.000000 0.000000
-0.997176 0.075102 0.000000 398.651742 -0.075102 -0.997176 0.000000 311.983501 0.000000 0.000000 1.000000 0.000000
-0.997184 0.074994 0.000000 395.885868 -0.074994 -0.997184 0.000000 311.750347 0.000000 0.000000 1.000000 0.000000
-0.997313 0.073255 0.000000 393.163422 -0.073255 -0.997313 0.000000 311.495375 0.000000 0.000000 1.000000 0.000000
-0.997480 0.070949 0.000000 390.356797 -0.070949 -0.997480 0.000000 311.264794 0.000000 0.000000 1.000000 0.000000
-0.997536 0.070157 0.000000 387.495074 -0.070157 -0.997536 0.000000 311.086632 0.000000 0.000000 1.000000 0.000000
-0.997472 0.071056 0.000000 384.618695 -0.071056 -0.997472 0.000000 310.832952 0.000000 0.000000 1.000000 0.000000
-0.997481 0.070937 0.000000 381.671497 -0.070937 -0.997481 0.000000 310.602754 0.000000 0.000000 1.000000 0.000000
-0.997377 0.072385 0.000000 378.717419 -0.072385 -0.997377 0.000000 310.395499 0.000000 0.000000 1.000000 0.000000
-0.997364 0.072564 0.000000 375.671747 -0.072564 -0.997364 0.000000 310.127491 0.000000 0.000000 1.000000 0.000000
-0.997369 0.072494 0.000000 372.645405 -0.072494 -0.997369 0.000000 309.865648 0.000000 0.000000 1.000000 0.000000
-0.997279 0.073714 0.000000 369.578852 -0.073714 -0.997279 0.000000 309.654338 0.000000 0.000000 1.000000 0.000000
-0.997310 0.073300 0.000000 366.455041 -0.073300 -0.997310 0.000000 309.377513 0.000000 0.000000 1.000000 0.000000
-0.997298 0.073459 0.000000 363.289023 -0.073459 -0.997298 0.000000 309.176972 0.000000 0.000000 1.000000 0.000000
-0.997229 0.074391 0.000000 360.096013 -0.074391 -0.997229 0.000000 308.910311 0.000000 0.000000 1.000000 0.000000
-0.997187 0.074960 0.000000 356.877249 -0.074960 -0.997187 0.000000 308.658834 0.000000 0.000000 1.000000 0.000000
-0.997156 0.075370 0.000000 353.644327 -0.075370 -0.997156 0.000000 308.422056 0.000000 0.000000 1.000000 0.000000
-0.997085 0.076304 0.000000 350.342703 -0.076304 -0.997085 0.000000 308.148836 0.000000 0.000000 1.000000 0.000000
-0.997130 0.075703 0.000000 347.037802 -0.075703 -0.997130 0.000000 307.869415 0.000000 0.000000 1.000000 0.000000
-0.997070 0.076498 0.000000 343.702952 -0.076498 -0.997070 0.000000 307.589214 0.000000 0.000000 1.000000 0.000000
-0.997114 0.075925 0.000000 340.436814 -0.075925 -0.997114 0.000000 307.324162 0.000000 0.000000 1.000000 0.000000
-0.997146 0.075501 0.000000 337.160907 -0.075501 -0.997146 0.000000 307.057149 0.000000 0.000000 1.000000 0.000000
-0.997029 0.077022 0.000000 333.805261 -0.077022 -0.997029 0.000000 306.737885 0.000000 0.000000 1.000000 0.000000
-0.997179 0.075056 0.000000 330.474720 -0.075056 -0.997179 0.000000 306.511282 0.000000 0.000000 1.000000 0.000000
-0.997013 0.077228 0.000000 327.059517 -0.077228 -0.997013 0.000000 306.133207 0.000000 0.000000 1.000000 0.000000
-0.997074 0.076445 0.000000 323.639844 -0.076445 -0.997074 0.000000 305.914941 0.000000 0.000000 1.000000 0.000000
-0.997041 0.076877 0.000000 320.153400 -0.076877 -0.997041 0.000000 305.632935 0.000000 0.000000 1.000000 0.000000
-0.997064 0.076576 0.000000 316.670160 -0.076576 -0.997064 0.000000 305.316012 0.000000 0.000000 1.000000 0.000000
-0.996903 0.078645 0.000000 313.135132 -0.078645 -0.996903 0.000000 304.989381 0.000000 0.000000 1.000000 0.000000
-0.996801 0.079918 0.000000 309.615436 -0.079918 -0.996801 0.000000 304.697308 0.000000 0.000000 1.000000 0.000000
-0.996749 0.080574 0.000000 305.925242 -0.080574 -0.996749 0.000000 304.422366 0.000000 0.000000 1.000000 0.000000
-0.996718 0.080948 0.000000 302.333938 -0.080948 -0.996718 0.000000 304.171264 0.000000 0.000000 1.000000 0.000000
-0.996513 0.083434 0.000000 298.636992 -0.083434 -0.996513 0.000000 303.806686 0.000000 0.000000 1.000000 0.000000
-0.996382 0.084989 0.000000 294.940243 -0.084989 -0.996382 0.000000 303.460209 0.000000 0.000000 1.000000 0.000000
-0.996263 0.086372 0.000000 291.213560 -0.086372 -0.996263 0.000000 303.083560 0.000000 0.000000 1.000000 0.000000
-0.996169 0.087445 0.000000 287.516620 -0.087445 -0.996169 0.000000 302.706501 0.000000 0.000000 1.000000 0.000000
-0.996084 0.088409 0.000000 283.668995 -0.088409 -0.996084 0.000000 302.314661 0.000000 0.000000 1.000000 0.000000
-0.995706 0.092570 0.000000 280.039973 -0.092570 -0.995706 0.000000 302.009280 0.000000 0.000000 1.000000 0.000000
-0.995531 0.094432 0.000000 276.269786 -0.094432 -0.995531 0.000000 301.637350 0.000000 0.000000 1.000000 0.000000
-0.995180 0.098063 0.000000 272.500182 -0.098063 -0.995180 0.000000 301.209379 0.000000 0.000000 1.000000 0.000000
-0.994917 0.100703 0.000000 268.776631 -0.100703 -0.994917 0.000000 300.859254 0.000000 0.000000 1.000000 0.000000
-0.994731 0.102516 0.000000 265.139937 -0.102516 -0.994731 0.000000 300.467079 0.000000 0.000000 1.000000 0.000000
-0.994508 0.104660 0.000000 261.324406 -0.104660 -0.994508 0.000000 300.026196 0.000000 0.000000 1.000000 0.000000
-0.994300 0.106614 0.000000 257.623628 -0.106614 -0.994300 0.000000 299.617866 0.000000 0.000000 1.000000 0.000000
-0.994052 0.108909 0.000000 253.924862 -0.108909 -0.994052 0.000000 299.223401 0.000000 0.000000 1.000000 0.000000
-0.993925 0.110057 0.000000 250.260640 -0.110057 -0.993925 0.000000 298.768810 0.000000 0.000000 1.000000 0.000000
-0.993637 0.112630 0.000000 246.544782 -0.112630 -0.993637 0.000000 298.355530 0.000000 0.000000 1.000000 0.000000
