1.000000 -0.000020 0.000000 0.422691 0.000020 1.000000 0.000000 -0.000189 0.000000 0.000000 1.000000 0.000000
1.000000 0.000058 0.000000 2.272490 -0.000058 1.000000 -0.000000 -0.000188 -0.000000 0.000000 1.000000 0.000000
1.000000 -0.000282 0.000000 3.815634 0.000282 1.000000 0.000000 0.000874 0.000000 0.000000 1.000000 0.000000
0.999998 -0.002103 0.000000 5.428259 0.002103 0.999998 0.000000 0.004143 0.000000 0.000000 1.000000 0.000000
0.999979 -0.006507 0.000000 7.041179 0.006507 0.999979 0.000000 0.012436 0.000000 0.000000 1.000000 0.000000
0.999900 -0.014114 0.000000 8.651410 0.014114 0.999900 0.000000 0.031075 0.000000 0.000000 1.000000 0.000000
0.999782 -0.020879 0.000000 10.215630 0.020879 0.999782 0.000000 0.060378 0.000000 0.000000 1.000000 0.000000
0.999616 -0.027704 0.000000 11.726633 0.027704 0.999616 0.000000 0.099175 0.000000 0.000000 1.000000 0.000000
0.999478 -0.032292 0.000000 13.623643 0.032292 0.999478 0.000000 0.160664 0.000000 0.000000 1.000000 0.000000
0.999370 -0.035491 0.000000 15.367494 0.035491 0.999370 0.000000 0.221069 0.000000 0.000000 1.000000 0.000000
0.998141 -0.060952 0.000000 16.953759 0.060952 0.998141 0.000000 0.295583 0.000000 0.000000 1.000000 0.000000
0.993709 -0.111992 0.000000 18.560008 0.111992 0.993709 0.000000 0.433953 0.000000 0.000000 1.000000 0.000000
0.984280 -0.176616 0.000000 20.399065 0.176616 0.984280 0.000000 0.702333 0.000000 0.000000 1.000000 0.000000
0.970639 -0.240541 0.000000 22.269607 0.240541 0.970639 0.000000 1.099523 0.000000 0.000000 1.000000 0.000000
0.950139 -0.311827 0.000000 24.506722 0.311827 0.950139 0.000000 1.741595 0.000000 0.000000 1.000000 0.000000
0.939709 -0.341975 0.000000 26.176620 0.341975 0.939709 0.000000 2.313434 0.000000 0.000000 1.000000 0.000000
0.938113 -0.346329 0.000000 27.956340 0.346329 0.938113 0.000000 2.960172 0.000000 0.000000 1.000000 0.000000
0.948228 -0.317590 0.000000 29.862329 0.317590 0.948228 0.000000 3.626507 0.000000 0.000000 1.000000 0.000000
0.962102 -0.272689 0.000000 31.906832 0.272689 0.962102 0.000000 4.255757 0.000000 0.000000 1.000000 0.000000
0.976088 -0.217378 0.000000 34.072097 0.217378 0.976088 0.000000 4.803595 0.000000 0.000000 1.000000 0.000000
0.987303 -0.158851 0.000000 36.379484 0.158851 0.987303 0.000000 5.245925 0.000000 0.000000 1.000000 0.000000
0.994353 -0.106125 0.000000 38.847803 0.106125 0.994353 0.000000 5.573629 0.000000 0.000000 1.000000 0.000000
0.997268 -0.073862 0.000000 41.448440 0.073862 0.997268 0.000000 5.806255 0.000000 0.000000 1.000000 0.000000
0.998327 -0.057824 0.000000 44.207402 0.057824 0.998327 0.000000 5.984615 0.000000 0.000000 1.000000 0.000000
0.998414 -0.056300 0.000000 47.066143 0.056300 0.998414 0.000000 6.146275 0.000000 0.000000 1.000000 0.000000
0.998196 -0.060032 0.000000 49.952689 0.060032 0.998196 0.000000 6.317016 0.000000 0.000000 1.000000 0.000000
0.997995 -0.063294 0.000000 52.865606 0.063294 0.997995 0.000000 6.499752 0.000000 0.000000 1.000000 0.000000
0.997796 -0.066359 0.000000 55.834055 0.066359 0.997796 0.000000 6.698315 0.000000 0.000000 1.000000 0.000000
0.997716 -0.067542 0.000000 57.337449 0.067542 0.997716 0.000000 6.801668 0.000000 0.000000 1.000000 0.000000
0.997631 -0.068794 0.000000 58.847162 0.068794 0.997631 0.000000 6.907243 0.000000 0.000000 1.000000 0.000000
0.997530 -0.070248 0.000000 60.370922 0.070248 0.997530 0.000000 7.017192 0.000000 0.000000 1.000000 0.000000
0.997254 -0.074061 0.000000 61.904660 0.074061 0.997254 0.000000 7.132506 0.000000 0.000000 1.000000 0.000000
0.996644 -0.081862 0.000000 63.444797 0.081862 0.996644 0.000000 7.256576 0.000000 0.000000 1.000000 0.000000
0.995863 -0.090870 0.000000 64.992275 0.090870 0.995863 0.000000 7.393527 0.000000 0.000000 1.000000 0.000000
0.994730 -0.102533 0.000000 66.591272 0.102533 0.994730 0.000000 7.551276 0.000000 0.000000 1.000000 0.000000
0.993459 -0.114191 0.000000 68.053761 0.114191 0.993459 0.000000 7.712631 0.000000 0.000000 1.000000 0.000000
0.991833 -0.127540 0.000000 69.561212 0.127540 0.991833 0.000000 7.897612 0.000000 0.000000 1.000000 0.000000
0.989680 -0.143293 0.000000 71.056828 0.143293 0.989680 0.000000 8.102582 0.000000 0.000000 1.000000 0.000000
0.984553 -0.175086 0.000000 74.006724 0.175086 0.984553 0.000000 8.582605 0.000000 0.000000 1.000000 0.000000
0.981648 -0.190703 0.000000 75.459804 0.190703 0.981648 0.000000 8.854845 0.000000 0.000000 1.000000 0.000000
0.975207 -0.221297 0.000000 78.307625 0.221297 0.975207 0.000000 9.457669 0.000000 0.000000 1.000000 0.000000
0.967798 -0.251729 0.000000 81.043916 0.251729 0.967798 0.000000 10.128042 0.000000 0.000000 1.000000 0.000000
0.958767 -0.284194 0.000000 83.692072 0.284194 0.958767 0.000000 10.867073 0.000000 0.000000 1.000000 0.000000
0.948670 -0.316267 0.000000 86.210258 0.316267 0.948670 0.000000 11.663906 0.000000 0.000000 1.000000 0.000000
0.935916 -0.352224 0.000000 88.649477 0.352224 0.935916 0.000000 12.527381 0.000000 0.000000 1.000000 0.000000
0.919985 -0.391954 0.000000 90.971180 0.391954 0.919985 0.000000 13.457712 0.000000 0.000000 1.000000 0.000000
0.900985 -0.433850 0.000000 93.189240 0.433850 0.900985 0.000000 14.463118 0.000000 0.000000 1.000000 0.000000
0.878858 -0.477084 0.000000 95.268185 0.477084 0.878858 0.000000 15.524205 0.000000 0.000000 1.000000 0.000000
0.853735 -0.520707 0.000000 97.222063 0.520707 0.853735 0.000000 16.650010 0.000000 0.000000 1.000000 0.000000
0.825860 -0.563875 0.000000 99.071066 0.563875 0.825860 0.000000 17.842045 0.000000 0.000000 1.000000 0.000000
0.788472 -0.615070 0.000000 100.812384 0.615070 0.788472 0.000000 19.110672 0.000000 0.000000 1.000000 0.000000
0.749217 -0.662325 0.000000 102.449435 0.662325 0.749217 0.000000 20.467316 0.000000 0.000000 1.000000 0.000000
0.724891 -0.688864 0.000000 103.990276 0.688864 0.724891 0.000000 21.882924 0.000000 0.000000 1.000000 0.000000
0.714661 -0.699470 0.000000 105.321341 0.699470 0.714661 0.000000 23.166166 0.000000 0.000000 1.000000 0.000000
0.715691 -0.698417 0.000000 106.339621 0.698417 0.715691 0.000000 24.158370 0.000000 0.000000 1.000000 0.000000
0.719601 -0.694387 0.000000 107.478984 0.694387 0.719601 0.000000 25.259606 0.000000 0.000000 1.000000 0.000000
0.725969 -0.687728 0.000000 108.765543 0.687728 0.725969 0.000000 26.481851 0.000000 0.000000 1.000000 0.000000
0.733539 -0.679647 0.000000 110.191937 0.679647 0.733539 0.000000 27.810720 0.000000 0.000000 1.000000 0.000000
0.738095 -0.674696 0.000000 111.482408 0.674696 0.738095 0.000000 28.994923 0.000000 0.000000 1.000000 0.000000
0.740996 -0.671509 0.000000 113.062463 0.671509 0.740996 0.000000 30.427699 0.000000 0.000000 1.000000 0.000000
0.743169 -0.669104 0.000000 114.248282 0.669104 0.743169 0.000000 31.495951 0.000000 0.000000 1.000000 0.000000
0.744466 -0.667660 0.000000 115.474947 0.667660 0.744466 0.000000 32.594327 0.000000 0.000000 1.000000 0.000000
0.743676 -0.668540 0.000000 116.753146 0.668540 0.743676 0.000000 33.737605 0.000000 0.000000 1.000000 0.000000
0.741753 -0.670673 0.000000 118.093883 0.670673 0.741753 0.000000 34.934942 0.000000 0.000000 1.000000 0.000000
0.739709 -0.672927 0.000000 119.520416 0.672927 0.739709 0.000000 36.217884 0.000000 0.000000 1.000000 0.000000
0.737754 -0.675070 0.000000 121.037557 0.675070 0.737754 0.000000 37.592565 0.000000 0.000000 1.000000 0.000000
0.736787 -0.676125 0.000000 122.636878 0.676125 0.736787 0.000000 39.052729 0.000000 0.000000 1.000000 0.000000
0.739908 -0.672708 0.000000 124.307335 0.672708 0.739908 0.000000 40.579600 0.000000 0.000000 1.000000 0.000000
0.745232 -0.666806 0.000000 126.039196 0.666806 0.745232 0.000000 42.142738 0.000000 0.000000 1.000000 0.000000
0.752586 -0.658494 0.000000 127.819219 0.658494 0.752586 0.000000 43.718755 0.000000 0.000000 1.000000 0.000000
0.760341 -0.649524 0.000000 129.679616 0.649524 0.760341 0.000000 45.328040 0.000000 0.000000 1.000000 0.000000
0.770746 -0.637143 0.000000 131.664727 0.637143 0.770746 0.000000 46.996558 0.000000 0.000000 1.000000 0.000000
0.783296 -0.621649 0.000000 133.731824 0.621649 0.783296 0.000000 48.671960 0.000000 0.000000 1.000000 0.000000
0.797568 -0.603228 0.000000 135.859936 0.603228 0.797568 0.000000 50.319343 0.000000 0.000000 1.000000 0.000000
0.813305 -0.581838 0.000000 138.048413 0.581838 0.813305 0.000000 51.931660 0.000000 0.000000 1.000000 0.000000
0.833101 -0.553122 0.000000 140.245320 0.553122 0.833101 0.000000 53.447290 0.000000 0.000000 1.000000 0.000000
0.854155 -0.520018 0.000000 142.430163 0.520018 0.854155 0.000000 54.839784 0.000000 0.000000 1.000000 0.000000
0.870896 -0.491468 0.000000 144.558470 0.491468 0.870896 0.000000 56.087549 0.000000 0.000000 1.000000 0.000000
0.887060 -0.461654 0.000000 146.605401 0.461654 0.887060 0.000000 57.197703 0.000000 0.000000 1.000000 0.000000
0.897530 -0.440953 0.000000 148.495630 0.440953 0.897530 0.000000 58.149734 0.000000 0.000000 1.000000 0.000000
0.901713 -0.432336 0.000000 150.063200 0.432336 0.901713 0.000000 58.910875 0.000000 0.000000 1.000000 0.000000
0.904616 -0.426228 0.000000 151.935486 0.426228 0.904616 0.000000 59.796417 0.000000 0.000000 1.000000 0.000000
0.902939 -0.429768 0.000000 153.522395 0.429768 0.902939 0.000000 60.543952 0.000000 0.000000 1.000000 0.000000
0.891479 -0.453062 0.000000 154.988178 0.453062 0.891479 0.000000 61.260197 0.000000 0.000000 1.000000 0.000000
0.884457 -0.466621 0.000000 156.628474 0.466621 0.884457 0.000000 62.118827 0.000000 0.000000 1.000000 0.000000
0.906864 -0.421424 0.000000 158.674662 0.421424 0.906864 0.000000 63.142464 0.000000 0.000000 1.000000 0.000000
0.929131 -0.369751 0.000000 160.345562 0.369751 0.929131 0.000000 63.862334 0.000000 0.000000 1.000000 0.000000
0.950813 -0.309767 0.000000 162.292082 0.309767 0.950813 0.000000 64.567871 0.000000 0.000000 1.000000 0.000000
0.968472 -0.249121 0.000000 164.502136 0.249121 0.968472 0.000000 65.212446 0.000000 0.000000 1.000000 0.000000
0.982265 -0.187500 0.000000 166.967439 0.187500 0.982265 0.000000 65.763265 0.000000 0.000000 1.000000 0.000000
0.988323 -0.152376 0.000000 169.656116 0.152376 0.988323 0.000000 66.220269 0.000000 0.000000 1.000000 0.000000
0.989758 -0.142754 0.000000 172.496651 0.142754 0.989758 0.000000 66.644876 0.000000 0.000000 1.000000 0.000000
0.990785 -0.135446 0.000000 175.449818 0.135446 0.990785 0.000000 67.060749 0.000000 0.000000 1.000000 0.000000
0.991237 -0.132092 0.000000 176.968699 0.132092 0.991237 0.000000 67.266660 0.000000 0.000000 1.000000 0.000000
0.991676 -0.128761 0.000000 178.526759 0.128761 0.991676 0.000000 67.472208 0.000000 0.000000 1.000000 0.000000
0.992149 -0.125059 0.000000 180.119919 0.125059 0.992149 0.000000 67.676757 0.000000 0.000000 1.000000 0.000000
0.992688 -0.120711 0.000000 181.750632 0.120711 0.992688 0.000000 67.878551 0.000000 0.000000 1.000000 0.000000
0.993455 -0.114222 0.000000 183.418219 0.114222 0.993455 0.000000 68.075296 0.000000 0.000000 1.000000 0.000000
0.994321 -0.106423 0.000000 185.120070 0.106423 0.994321 0.000000 68.263920 0.000000 0.000000 1.000000 0.000000
0.995263 -0.097220 0.000000 186.863415 0.097220 0.995263 0.000000 68.441936 0.000000 0.000000 1.000000 0.000000
0.996209 -0.086988 0.000000 188.647886 0.086988 0.996209 0.000000 68.601684 0.000000 0.000000 1.000000 0.000000
0.997225 -0.074450 0.000000 190.468919 0.074450 0.997225 0.000000 68.744527 0.000000 0.000000 1.000000 0.000000
0.998335 -0.057676 0.000000 192.317621 0.057676 0.998335 0.000000 68.863955 0.000000 0.000000 1.000000 0.000000
0.999323 -0.036784 0.000000 194.182193 0.036784 0.999323 0.000000 68.949218 0.000000 0.000000 1.000000 0.000000
0.999891 -0.014779 0.000000 196.076015 0.014779 0.999891 0.000000 68.999071 0.000000 0.000000 1.000000 0.000000
0.999999 0.001117 0.000000 197.984376 -0.001117 0.999999 -0.000000 69.012074 -0.000000 0.000000 1.000000 0.000000
0.999865 0.016406 0.000000 199.939263 -0.016406 0.999865 -0.000000 68.994284 -0.000000 0.000000 1.000000 0.000000
0.999523 0.030875 0.000000 201.899129 -0.030875 0.999523 -0.000000 68.945807 -0.000000 0.000000 1.000000 0.000000
0.999003 0.044638 0.000000 203.878176 -0.044638 0.999003 -0.000000 68.870941 -0.000000 0.000000 1.000000 0.000000
0.998276 0.058693 0.000000 205.877960 -0.058693 0.998276 -0.000000 68.768318 -0.000000 0.000000 1.000000 0.000000
0.997319 0.073172 0.000000 207.894720 -0.073172 0.997319 -0.000000 68.635665 -0.000000 0.000000 1.000000 0.000000
0.996326 0.085639 0.000000 209.937604 -0.085639 0.996326 -0.000000 68.472986 -0.000000 0.000000 1.000000 0.000000
0.995389 0.095920 0.000000 211.987307 -0.095920 0.995389 -0.000000 68.286002 -0.000000 0.000000 1.000000 0.000000
0.994337 0.106276 0.000000 214.059357 -0.106276 0.994337 -0.000000 68.076271 -0.000000 0.000000 1.000000 0.000000
0.993145 0.116886 0.000000 216.125917 -0.116886 0.993145 -0.000000 67.846062 -0.000000 0.000000 1.000000 0.000000
0.991865 0.127298 0.000000 218.174885 -0.127298 0.991865 -0.000000 67.596870 -0.000000 0.000000 1.000000 0.000000
0.990310 0.138878 0.000000 220.224672 -0.138878 0.990310 -0.000000 67.322541 -0.000000 0.000000 1.000000 0.000000
0.988556 0.150857 0.000000 222.269070 -0.150857 0.988556 -0.000000 67.023725 -0.000000 0.000000 1.000000 0.000000
0.986381 0.164477 0.000000 224.305869 -0.164477 0.986381 -0.000000 66.699904 -0.000000 0.000000 1.000000 0.000000
0.983719 0.179713 0.000000 226.344133 -0.179713 0.983719 -0.000000 66.344908 -0.000000 0.000000 1.000000 0.000000
0.980526 0.196391 0.000000 228.371971 -0.196391 0.980526 -0.000000 65.957932 -0.000000 0.000000 1.000000 0.000000
0.976913 0.213637 0.000000 230.398164 -0.213637 0.976913 -0.000000 65.535144 -0.000000 0.000000 1.000000 0.000000
0.972359 0.233489 0.000000 232.414507 -0.233489 0.972359 -0.000000 65.074270 -0.000000 0.000000 1.000000 0.000000
0.967199 0.254019 0.000000 234.422501 -0.254019 0.967199 -0.000000 64.570875 -0.000000 0.000000 1.000000 0.000000
0.961352 0.275321 0.000000 236.425544 -0.275321 0.961352 -0.000000 64.023334 -0.000000 0.000000 1.000000 0.000000
0.954876 0.297005 0.000000 238.415478 -0.297005 0.954876 -0.000000 63.431318 -0.000000 0.000000 1.000000 0.000000
0.947509 0.319730 0.000000 240.370215 -0.319730 0.947509 -0.000000 62.799383 -0.000000 0.000000 1.000000 0.000000
0.939548 0.342418 0.000000 242.320799 -0.342418 0.939548 -0.000000 62.116978 -0.000000 0.000000 1.000000 0.000000
0.930690 0.365808 0.000000 244.251996 -0.365808 0.930690 -0.000000 61.387916 -0.000000 0.000000 1.000000 0.000000
0.921352 0.388729 0.000000 246.169186 -0.388729 0.921352 -0.000000 60.609160 -0.000000 0.000000 1.000000 0.000000
0.911144 0.412088 0.000000 248.070349 -0.412088 0.911144 -0.000000 59.780286 -0.000000 0.000000 1.000000 0.000000
0.899553 0.436811 0.000000 249.955078 -0.436811 0.899553 -0.000000 58.898927 -0.000000 0.000000 1.000000 0.000000
0.887071 0.461632 0.000000 251.818967 -0.461632 0.887071 -0.000000 57.964310 -0.000000 0.000000 1.000000 0.000000
0.875261 0.483651 0.000000 253.656793 -0.483651 0.875261 -0.000000 56.980466 -0.000000 0.000000 1.000000 0.000000
0.863280 0.504726 0.000000 255.468980 -0.504726 0.863280 -0.000000 55.952112 -0.000000 0.000000 1.000000 0.000000
0.850608 0.525800 0.000000 257.261313 -0.525800 0.850608 -0.000000 54.875874 -0.000000 0.000000 1.000000 0.000000
0.837550 0.546361 0.000000 259.022333 -0.546361 0.837550 -0.000000 53.761190 -0.000000 0.000000 1.000000 0.000000
0.824728 0.565530 0.000000 260.761930 -0.565530 0.824728 -0.000000 52.600248 -0.000000 0.000000 1.000000 0.000000
0.812452 0.583028 0.000000 262.473949 -0.583028 0.812452 -0.000000 51.401285 -0.000000 0.000000 1.000000 0.000000
0.800688 0.599082 0.000000 264.170073 -0.599082 0.800688 -0.000000 50.159981 -0.000000 0.000000 1.000000 0.000000
0.789130 0.614227 0.000000 265.844885 -0.614227 0.789130 -0.000000 48.885225 -0.000000 0.000000 1.000000 0.000000
0.777574 0.628792 0.000000 267.492309 -0.628792 0.777574 -0.000000 47.581754 -0.000000 0.000000 1.000000 0.000000
0.765796 0.643084 0.000000 269.121715 -0.643084 0.765796 -0.000000 46.240833 -0.000000 0.000000 1.000000 0.000000
0.755142 0.655561 0.000000 270.720613 -0.655561 0.755142 -0.000000 44.876782 -0.000000 0.000000 1.000000 0.000000
0.744352 0.667788 0.000000 272.298790 -0.667788 0.744352 -0.000000 43.488483 -0.000000 0.000000 1.000000 0.000000
0.733575 0.679608 0.000000 273.862182 -0.679608 0.733575 -0.000000 42.066604 -0.000000 0.000000 1.000000 0.000000
0.723218 0.690620 0.000000 275.394317 -0.690620 0.723218 -0.000000 40.628164 -0.000000 0.000000 1.000000 0.000000
0.713516 0.700639 0.000000 276.918100 -0.700639 0.713516 -0.000000 39.154323 -0.000000 0.000000 1.000000 0.000000
0.705093 0.709115 0.000000 278.413387 -0.709115 0.705093 -0.000000 37.673141 -0.000000 0.000000 1.000000 0.000000
0.696687 0.717375 0.000000 279.902834 -0.717375 0.696687 -0.000000 36.162500 -0.000000 0.000000 1.000000 0.000000
0.688604 0.725138 0.000000 281.380893 -0.725138 0.688604 -0.000000 34.626296 -0.000000 0.000000 1.000000 0.000000
0.682402 0.730977 0.000000 282.835366 -0.730977 0.682402 -0.000000 33.082080 -0.000000 0.000000 1.000000 0.000000
0.681608 0.731717 0.000000 284.275728 -0.731717 0.681608 -0.000000 31.541814 -0.000000 0.000000 1.000000 0.000000
0.685336 0.728227 0.000000 285.711176 -0.728227 0.685336 -0.000000 30.011898 -0.000000 0.000000 1.000000 0.000000
0.694505 0.719488 0.000000 287.150002 -0.719488 0.694505 -0.000000 28.503317 -0.000000 0.000000 1.000000 0.000000
0.704624 0.709580 0.000000 288.604011 -0.709580 0.704624 -0.000000 27.017928 -0.000000 0.000000 1.000000 0.000000
0.717158 0.696911 0.000000 290.077559 -0.696911 0.717158 -0.000000 25.560162 -0.000000 0.000000 1.000000 0.000000
0.731400 0.681948 0.000000 291.580248 -0.681948 0.731400 -0.000000 24.128850 -0.000000 0.000000 1.000000 0.000000
0.746708 0.665152 0.000000 293.116271 -0.665152 0.746708 -0.000000 22.728371 -0.000000 0.000000 1.000000 0.000000
0.762289 0.647237 0.000000 294.673277 -0.647237 0.762289 -0.000000 21.372755 -0.000000 0.000000 1.000000 0.000000
0.779984 0.625800 0.000000 296.266633 -0.625800 0.779984 -0.000000 20.056985 -0.000000 0.000000 1.000000 0.000000
0.799207 0.601056 0.000000 297.893999 -0.601056 0.799207 -0.000000 18.791465 -0.000000 0.000000 1.000000 0.000000
0.818754 0.574144 0.000000 299.567783 -0.574144 0.818754 -0.000000 17.574380 -0.000000 0.000000 1.000000 0.000000
0.837987 0.545690 0.000000 301.294753 -0.545690 0.837987 -0.000000 16.405738 -0.000000 0.000000 1.000000 0.000000
0.856563 0.516043 0.000000 303.080027 -0.516043 0.856563 -0.000000 15.286960 -0.000000 0.000000 1.000000 0.000000
0.875661 0.482926 0.000000 304.920416 -0.482926 0.875661 -0.000000 14.224477 -0.000000 0.000000 1.000000 0.000000
0.894472 0.447125 0.000000 306.817348 -0.447125 0.894472 -0.000000 13.226331 -0.000000 0.000000 1.000000 0.000000
0.912668 0.408702 0.000000 308.761414 -0.408702 0.912668 -0.000000 12.303271 -0.000000 0.000000 1.000000 0.000000
0.929632 0.368490 0.000000 310.759776 -0.368490 0.929632 -0.000000 11.459651 -0.000000 0.000000 1.000000 0.000000
0.945027 0.326993 0.000000 312.808789 -0.326993 0.945027 -0.000000 10.698963 -0.000000 0.000000 1.000000 0.000000
0.956911 0.290381 0.000000 314.902236 -0.290381 0.956911 -0.000000 10.020771 -0.000000 0.000000 1.000000 0.000000
0.965531 0.260289 0.000000 317.041988 -0.260289 0.965531 -0.000000 9.407218 -0.000000 0.000000 1.000000 0.000000
0.972217 0.234080 0.000000 319.219433 -0.234080 0.972217 -0.000000 8.853560 -0.000000 0.000000 1.000000 0.000000
0.977246 0.212110 0.000000 321.427372 -0.212110 0.977246 -0.000000 8.349469 -0.000000 0.000000 1.000000 0.000000
0.981171 0.193143 0.000000 323.658737 -0.193143 0.981171 -0.000000 7.888019 -0.000000 0.000000 1.000000 0.000000
0.984472 0.175540 0.000000 325.922982 -0.175540 0.984472 -0.000000 7.463120 -0.000000 0.000000 1.000000 0.000000
0.986876 0.161478 0.000000 328.209348 -0.161478 0.986876 -0.000000 7.074384 -0.000000 0.000000 1.000000 0.000000
0.988750 0.149580 0.000000 330.505817 -0.149580 0.988750 -0.000000 6.713693 -0.000000 0.000000 1.000000 0.000000
0.990320 0.138806 0.000000 332.822838 -0.138806 0.990320 -0.000000 6.376226 -0.000000 0.000000 1.000000 0.000000
0.991773 0.128011 0.000000 335.169824 -0.128011 0.991773 -0.000000 6.059601 -0.000000 0.000000 1.000000 0.000000
0.993084 0.117408 0.000000 337.534827 -0.117408 0.993084 -0.000000 5.767839 -0.000000 0.000000 1.000000 0.000000
0.994244 0.107135 0.000000 339.911235 -0.107135 0.994244 -0.000000 5.499278 -0.000000 0.000000 1.000000 0.000000
0.995222 0.097635 0.000000 342.301533 -0.097635 0.995222 -0.000000 5.253162 -0.000000 0.000000 1.000000 0.000000
0.996056 0.088729 0.000000 344.713819 -0.088729 0.996056 -0.000000 5.026683 -0.000000 0.000000 1.000000 0.000000
0.996801 0.079922 0.000000 347.133705 -0.079922 0.996801 -0.000000 4.822129 -0.000000 0.000000 1.000000 0.000000
0.997460 0.071235 0.000000 349.568374 -0.071235 0.997460 -0.000000 4.637311 -0.000000 0.000000 1.000000 0.000000
0.998045 0.062503 0.000000 352.013229 -0.062503 0.998045 -0.000000 4.473121 -0.000000 0.000000 1.000000 0.000000
0.998510 0.054561 0.000000 354.467425 -0.054561 0.998510 -0.000000 4.329254 -0.000000 0.000000 1.000000 0.000000
0.998892 0.047053 0.000000 356.931724 -0.047053 0.998892 -0.000000 4.203519 -0.000000 0.000000 1.000000 0.000000
0.999154 0.041130 0.000000 359.402150 -0.041130 0.999154 -0.000000 4.094587 -0.000000 0.000000 1.000000 0.000000
0.999356 0.035870 0.000000 361.818959 -0.035870 0.999356 -0.000000 4.001067 -0.000000 0.000000 1.000000 0.000000
0.999517 0.031082 0.000000 364.253593 -0.031082 0.999517 -0.000000 3.919512 -0.000000 0.000000 1.000000 0.000000
0.999643 0.026729 0.000000 366.662517 -0.026729 0.999643 -0.000000 3.848908 -0.000000 0.000000 1.000000 0.000000
0.999739 0.022859 0.000000 369.060699 -0.022859 0.999739 -0.000000 3.788469 -0.000000 0.000000 1.000000 0.000000
0.999805 0.019751 0.000000 371.462499 -0.019751 0.999805 -0.000000 3.737302 -0.000000 0.000000 1.000000 0.000000
0.999799 0.020071 0.000000 373.878404 -0.020071 0.999799 -0.000000 3.689423 -0.000000 0.000000 1.000000 0.000000
0.999785 0.020753 0.000000 376.294923 -0.020753 0.999785 -0.000000 3.638484 -0.000000 0.000000 1.000000 0.000000
0.999800 0.019997 0.000000 378.739942 -0.019997 0.999800 -0.000000 3.587098 -0.000000 0.000000 1.000000 0.000000
0.999838 0.018012 0.000000 381.186621 -0.018012 0.999838 -0.000000 3.539453 -0.000000 0.000000 1.000000 0.000000
0.999880 0.015496 0.000000 383.638906 -0.015496 0.999880 -0.000000 3.498416 -0.000000 0.000000 1.000000 0.000000
0.999907 0.013641 0.000000 386.087857 -0.013641 0.999907 -0.000000 3.462438 -0.000000 0.000000 1.000000 0.000000
0.999929 0.011948 0.000000 388.537983 -0.011948 0.999929 -0.000000 3.431098 -0.000000 0.000000 1.000000 0.000000
0.999934 0.011476 0.000000 390.986498 -0.011476 0.999934 -0.000000 3.402198 -0.000000 0.000000 1.000000 0.000000
0.999947 0.010253 0.000000 393.420681 -0.010253 0.999947 -0.000000 3.375368 -0.000000 0.000000 1.000000 0.000000
0.999958 0.009212 0.000000 395.835851 -0.009212 0.999958 -0.000000 3.351259 -0.000000 0.000000 1.000000 0.000000
0.999968 0.008008 0.000000 398.243618 -0.008008 0.999968 -0.000000 3.329913 -0.000000 0.000000 1.000000 0.000000
0.999977 0.006737 0.000000 400.664815 -0.006737 0.999977 -0.000000 3.312053 -0.000000 0.000000 1.000000 0.000000
0.999984 0.005727 0.000000 403.059007 -0.005727 0.999984 -0.000000 3.296808 -0.000000 0.000000 1.000000 0.000000
0.999994 0.003583 0.000000 405.442360 -0.003583 0.999994 -0.000000 3.283927 -0.000000 0.000000 1.000000 0.000000
0.999998 0.002069 0.000000 407.804220 -0.002069 0.999998 -0.000000 3.275383 -0.000000 0.000000 1.000000 0.000000
1.000000 0.000023 0.000000 410.171107 -0.000023 1.000000 -0.000000 3.272265 -0.000000 0.000000 1.000000 0.000000
0.999999 -0.001004 0.000000 412.518565 0.001004 0.999999 0.000000 3.274027 0.000000 0.000000 1.000000 0.000000
0.999998 0.001968 0.000000 414.866172 -0.001968 0.999998 -0.000000 3.271802 -0.000000 0.000000 1.000000 0.000000
0.999991 0.004165 0.000000 417.178404 -0.004165 0.999991 -0.000000 3.263984 -0.000000 0.000000 1.000000 0.000000
0.999989 0.004718 0.000000 419.474806 -0.004718 0.999989 -0.000000 3.252736 -0.000000 0.000000 1.000000 0.000000
0.999993 0.003609 0.000000 421.764818 -0.003609 0.999993 -0.000000 3.241616 -0.000000 0.000000 1.000000 0.000000
0.999997 0.002361 0.000000 424.027229 -0.002361 0.999997 -0.000000 3.232956 -0.000000 0.000000 1.000000 0.000000
0.999999 0.001588 0.000000 426.274973 -0.001588 0.999999 -0.000000 3.227217 -0.000000 0.000000 1.000000 0.000000
1.000000 0.000864 0.000000 428.503801 -0.000864 1.000000 -0.000000 3.223831 -0.000000 0.000000 1.000000 0.000000
1.000000 0.000567 0.000000 430.710488 -0.000567 1.000000 -0.000000 3.221943 -0.000000 0.000000 1.000000 0.000000
1.000000 0.000298 0.000000 432.899814 -0.000298 1.000000 -0.000000 3.219760 -0.000000 0.000000 1.000000 0.000000
0.999998 0.002187 0.000000 435.075287 -0.002187 0.999998 -0.000000 3.216343 -0.000000 0.000000 1.000000 0.000000
0.999994 0.003446 0.000000 437.234935 -0.003446 0.999994 -0.000000 3.209558 -0.000000 0.000000 1.000000 0.000000
0.999987 0.005098 0.000000 439.371679 -0.005098 0.999987 -0.000000 3.200260 -0.000000 0.000000 1.000000 0.000000
0.999981 0.006212 0.000000 441.488895 -0.006212 0.999981 -0.000000 3.186753 -0.000000 0.000000 1.000000 0.000000
0.999974 0.007162 0.000000 443.541441 -0.007162 0.999974 -0.000000 3.171609 -0.000000 0.000000 1.000000 0.000000
0.999967 0.008171 0.000000 445.541609 -0.008171 0.999967 -0.000000 3.155071 -0.000000 0.000000 1.000000 0.000000
0.999958 0.009162 0.000000 447.456795 -0.009162 0.999958 -0.000000 3.137605 -0.000000 0.000000 1.000000 0.000000
0.999950 0.010018 0.000000 449.313036 -0.010018 0.999950 -0.000000 3.117556 -0.000000 0.000000 1.000000 0.000000
0.999941 0.010880 0.000000 451.111807 -0.010880 0.999941 -0.000000 3.096604 -0.000000 0.000000 1.000000 0.000000
0.999935 0.011412 0.000000 452.857847 -0.011412 0.999935 -0.000000 3.075681 -0.000000 0.000000 1.000000 0.000000
0.999927 0.012094 0.000000 454.532311 -0.012094 0.999927 -0.000000 3.054688 -0.000000 0.000000 1.000000 0.000000
0.999925 0.012268 0.000000 456.146716 -0.012268 0.999925 -0.000000 3.032941 -0.000000 0.000000 1.000000 0.000000
0.999908 0.013572 0.000000 457.698561 -0.013572 0.999908 -0.000000 3.010972 -0.000000 0.000000 1.000000 0.000000
0.999875 0.015836 0.000000 459.181715 -0.015836 0.999875 -0.000000 2.988480 -0.000000 0.000000 1.000000 0.000000
0.999069 0.043142 0.000000 461.962462 -0.043142 0.999069 -0.000000 2.911230 -0.000000 0.000000 1.000000 0.000000
0.994209 0.107468 0.000000 464.547738 -0.107468 0.994209 -0.000000 2.722290 -0.000000 0.000000 1.000000 0.000000
0.979579 0.201058 0.000000 467.002487 -0.201058 0.979579 -0.000000 2.345405 -0.000000 0.000000 1.000000 0.000000
0.946970 0.321322 0.000000 469.324304 -0.321322 0.946970 -0.000000 1.722818 -0.000000 0.000000 1.000000 0.000000
0.886032 0.463624 0.000000 471.511906 -0.463624 0.886032 -0.000000 0.797420 -0.000000 0.000000 1.000000 0.000000
0.779991 0.625791 0.000000 473.492398 -0.625791 0.779991 -0.000000 -0.484015 -0.000000 0.000000 1.000000 0.000000
0.709623 0.704581 0.000000 474.382532 -0.704581 0.709623 -0.000000 -1.275261 -0.000000 0.000000 1.000000 0.000000
0.627595 0.778540 0.000000 475.191527 -0.778540 0.627595 -0.000000 -2.170746 -0.000000 0.000000 1.000000 0.000000
0.536398 0.843965 0.000000 475.904547 -0.843965 0.536398 -0.000000 -3.163277 -0.000000 0.000000 1.000000 0.000000
0.450876 0.892586 0.000000 476.523229 -0.892586 0.450876 -0.000000 -4.252462 -0.000000 0.000000 1.000000 0.000000
0.374888 0.927070 0.000000 477.054986 -0.927070 0.374888 -0.000000 -5.427313 -0.000000 0.000000 1.000000 0.000000
0.266739 0.963769 0.000000 477.922396 -0.963769 0.266739 -0.000000 -8.008255 -0.000000 0.000000 1.000000 0.000000
0.185943 0.982561 0.000000 478.566325 -0.982561 0.185943 -0.000000 -10.807026 -0.000000 0.000000 1.000000 0.000000
0.157010 0.987597 0.000000 478.823261 -0.987597 0.157010 -0.000000 -12.292812 -0.000000 0.000000 1.000000 0.000000
0.135215 0.990816 0.000000 479.048875 -0.990816 0.135215 -0.000000 -13.828935 -0.000000 0.000000 1.000000 0.000000
0.116337 0.993210 0.000000 479.250460 -0.993210 0.116337 -0.000000 -15.416588 -0.000000 0.000000 1.000000 0.000000
0.096588 0.995324 0.000000 479.427112 -0.995324 0.096588 -0.000000 -17.059566 -0.000000 0.000000 1.000000 0.000000
0.077348 0.997004 0.000000 479.574175 -0.997004 0.077348 -0.000000 -18.760244 -0.000000 0.000000 1.000000 0.000000
0.060184 0.998187 0.000000 479.692746 -0.998187 0.060184 -0.000000 -20.500521 -0.000000 0.000000 1.000000 0.000000
0.042695 0.999088 0.000000 479.785049 -0.999088 0.042695 -0.000000 -22.292919 -0.000000 0.000000 1.000000 0.000000
0.025532 0.999674 0.000000 479.848798 -0.999674 0.025532 -0.000000 -24.140193 -0.000000 0.000000 1.000000 0.000000
0.007877 0.999969 0.000000 479.879002 -0.999969 0.007877 -0.000000 -26.029650 -0.000000 0.000000 1.000000 0.000000
-0.006656 0.999978 0.000000 479.877222 -0.999978 -0.006656 -0.000000 -27.965295 -0.000000 0.000000 1.000000 0.000000
-0.018782 0.999824 0.000000 479.851091 -0.999824 -0.018782 -0.000000 -29.950909 -0.000000 0.000000 1.000000 0.000000
-0.030106 0.999547 0.000000 479.801480 -0.999547 -0.030106 -0.000000 -31.971234 -0.000000 0.000000 1.000000 0.000000
-0.041592 0.999135 0.000000 479.726787 -0.999135 -0.041592 -0.000000 -34.056309 -0.000000 0.000000 1.000000 0.000000
-0.053371 0.998575 0.000000 479.626131 -0.998575 -0.053371 -0.000000 -36.175923 -0.000000 0.000000 1.000000 0.000000
-0.064124 0.997942 0.000000 479.498065 -0.997942 -0.064124 -0.000000 -38.337071 -0.000000 0.000000 1.000000 0.000000
-0.067764 0.997701 0.000000 479.350834 -0.997701 -0.067764 -0.000000 -40.547846 -0.000000 0.000000 1.000000 0.000000
-0.065958 0.997822 0.000000 479.193034 -0.997822 -0.065958 -0.000000 -42.795084 -0.000000 0.000000 1.000000 0.000000
-0.062847 0.998023 0.000000 479.040754 -0.998023 -0.062847 -0.000000 -45.090577 -0.000000 0.000000 1.000000 0.000000
-0.059964 0.998201 0.000000 478.894115 -0.998201 -0.059964 -0.000000 -47.418202 -0.000000 0.000000 1.000000 0.000000
-0.057783 0.998329 0.000000 478.753899 -0.998329 -0.057783 -0.000000 -49.783630 -0.000000 0.000000 1.000000 0.000000
-0.055054 0.998483 0.000000 478.613821 -0.998483 -0.055054 -0.000000 -52.163905 -0.000000 0.000000 1.000000 0.000000
-0.052144 0.998640 0.000000 478.480283 -0.998640 -0.052144 -0.000000 -54.566729 -0.000000 0.000000 1.000000 0.000000
-0.049467 0.998776 0.000000 478.354561 -0.998776 -0.049467 -0.000000 -56.992789 -0.000000 0.000000 1.000000 0.000000
-0.046804 0.998904 0.000000 478.235234 -0.998904 -0.046804 -0.000000 -59.443824 -0.000000 0.000000 1.000000 0.000000
-0.044441 0.999012 0.000000 478.116706 -0.999012 -0.044441 -0.000000 -61.917479 -0.000000 0.000000 1.000000 0.000000
-0.040967 0.999161 0.000000 478.006285 -0.999161 -0.040967 -0.000000 -64.405387 -0.000000 0.000000 1.000000 0.000000
-0.038072 0.999275 0.000000 477.904815 -0.999275 -0.038072 -0.000000 -66.913306 -0.000000 0.000000 1.000000 0.000000
-0.035760 0.999360 0.000000 477.810686 -0.999360 -0.035760 -0.000000 -69.443561 -0.000000 0.000000 1.000000 0.000000
-0.033495 0.999439 0.000000 477.717831 -0.999439 -0.033495 -0.000000 -71.982731 -0.000000 0.000000 1.000000 0.000000
-0.032168 0.999482 0.000000 477.631505 -0.999482 -0.032168 -0.000000 -74.539615 -0.000000 0.000000 1.000000 0.000000
-0.035559 0.999368 0.000000 477.543357 -0.999368 -0.035559 -0.000000 -77.112719 -0.000000 0.000000 1.000000 0.000000
-0.039667 0.999213 0.000000 477.445614 -0.999213 -0.039667 -0.000000 -79.702744 -0.000000 0.000000 1.000000 0.000000
-0.043786 0.999041 0.000000 477.334425 -0.999041 -0.043786 -0.000000 -82.298637 -0.000000 0.000000 1.000000 0.000000
-0.047585 0.998867 0.000000 477.212762 -0.998867 -0.047585 -0.000000 -84.900001 -0.000000 0.000000 1.000000 0.000000
-0.051792 0.998658 0.000000 477.082643 -0.998658 -0.051792 -0.000000 -87.504066 -0.000000 0.000000 1.000000 0.000000
-0.057251 0.998360 0.000000 476.940418 -0.998360 -0.057251 -0.000000 -90.117528 -0.000000 0.000000 1.000000 0.000000
-0.064212 0.997936 0.000000 476.777969 -0.997936 -0.064212 -0.000000 -92.742760 -0.000000 0.000000 1.000000 0.000000
-0.072024 0.997403 0.000000 476.598147 -0.997403 -0.072024 -0.000000 -95.366314 -0.000000 0.000000 1.000000 0.000000
-0.081761 0.996652 0.000000 476.395196 -0.996652 -0.081761 -0.000000 -97.999451 -0.000000 0.000000 1.000000 0.000000
-0.093400 0.995629 0.000000 476.163133 -0.995629 -0.093400 -0.000000 -100.639708 -0.000000 0.000000 1.000000 0.000000
-0.106226 0.994342 0.000000 475.896933 -0.994342 -0.106226 -0.000000 -103.269713 -0.000000 0.000000 1.000000 0.000000
-0.118950 0.992900 0.000000 475.600061 -0.992900 -0.118950 -0.000000 -105.880093 -0.000000 0.000000 1.000000 0.000000
-0.131184 0.991358 0.000000 475.273881 -0.991358 -0.131184 -0.000000 -108.469581 -0.000000 0.000000 1.000000 0.000000
-0.141962 0.989872 0.000000 474.916829 -0.989872 -0.141962 -0.000000 -111.055933 -0.000000 0.000000 1.000000 0.000000
-0.152821 0.988254 0.000000 474.532624 -0.988254 -0.152821 -0.000000 -113.626903 -0.000000 0.000000 1.000000 0.000000
-0.162372 0.986730 0.000000 474.121579 -0.986730 -0.162372 -0.000000 -116.197497 -0.000000 0.000000 1.000000 0.000000
-0.173019 0.984918 0.000000 473.676950 -0.984918 -0.173019 -0.000000 -118.818868 -0.000000 0.000000 1.000000 0.000000
-0.184249 0.982880 0.000000 473.214326 -0.982880 -0.184249 -0.000000 -121.367073 -0.000000 0.000000 1.000000 0.000000
-0.196594 0.980485 0.000000 472.710533 -0.980485 -0.196594 -0.000000 -123.966621 -0.000000 0.000000 1.000000 0.000000
-0.210623 0.977567 0.000000 472.168651 -0.977567 -0.210623 -0.000000 -126.572813 -0.000000 0.000000 1.000000 0.000000
-0.226032 0.974120 0.000000 471.584434 -0.974120 -0.226032 -0.000000 -129.189798 -0.000000 0.000000 1.000000 0.000000
-0.241608 0.970374 0.000000 470.956756 -0.970374 -0.241608 -0.000000 -131.803275 -0.000000 0.000000 1.000000 0.000000
-0.258110 0.966115 0.000000 470.283306 -0.966115 -0.258110 -0.000000 -134.411478 -0.000000 0.000000 1.000000 0.000000
-0.274657 0.961542 0.000000 469.561243 -0.961542 -0.274657 -0.000000 -137.027585 -0.000000 0.000000 1.000000 0.000000
-0.291568 0.956550 0.000000 468.790326 -0.956550 -0.291568 -0.000000 -139.641419 -0.000000 0.000000 1.000000 0.000000
-0.307893 0.951421 0.000000 467.968334 -0.951421 -0.307893 -0.000000 -142.261758 -0.000000 0.000000 1.000000 0.000000
-0.321137 0.947033 0.000000 467.104184 -0.947033 -0.321137 -0.000000 -144.867565 -0.000000 0.000000 1.000000 0.000000
-0.332736 0.943020 0.000000 466.195496 -0.943020 -0.332736 -0.000000 -147.494754 -0.000000 0.000000 1.000000 0.000000
-0.342143 0.939648 0.000000 465.261037 -0.939648 -0.342143 -0.000000 -150.105496 -0.000000 0.000000 1.000000 0.000000
-0.351622 0.936142 0.000000 464.306546 -0.936142 -0.351622 -0.000000 -152.686404 -0.000000 0.000000 1.000000 0.000000
-0.361129 0.932516 0.000000 463.333015 -0.932516 -0.361129 -0.000000 -155.241789 -0.000000 0.000000 1.000000 0.000000
-0.371052 0.928612 0.000000 462.329957 -0.928612 -0.371052 -0.000000 -157.790019 -0.000000 0.000000 1.000000 0.000000
-0.381537 0.924354 0.000000 461.297183 -0.924354 -0.381537 -0.000000 -160.334605 -0.000000 0.000000 1.000000 0.000000
-0.393355 0.919387 0.000000 460.232583 -0.919387 -0.393355 -0.000000 -162.867780 -0.000000 0.000000 1.000000 0.000000
-0.404548 0.914517 0.000000 459.134811 -0.914517 -0.404548 -0.000000 -165.389520 -0.000000 0.000000 1.000000 0.000000
-0.415735 0.909486 0.000000 457.994161 -0.909486 -0.415735 -0.000000 -167.925052 -0.000000 0.000000 1.000000 0.000000
-0.426196 0.904631 0.000000 456.816567 -0.904631 -0.426196 -0.000000 -170.462230 -0.000000 0.000000 1.000000 0.000000
-0.434210 0.900812 0.000000 455.612867 -0.900812 -0.434210 -0.000000 -172.984902 -0.000000 0.000000 1.000000 0.000000
-0.437455 0.899240 0.000000 454.378698 -0.899240 -0.437455 -0.000000 -175.528076 -0.000000 0.000000 1.000000 0.000000
-0.437345 0.899294 0.000000 453.142522 -0.899294 -0.437345 -0.000000 -178.063114 -0.000000 0.000000 1.000000 0.000000
-0.437220 0.899355 0.000000 451.902377 -0.899355 -0.437220 -0.000000 -180.608759 -0.000000 0.000000 1.000000 0.000000
-0.436944 0.899489 0.000000 450.664109 -0.899489 -0.436944 -0.000000 -183.156159 -0.000000 0.000000 1.000000 0.000000
-0.436898 0.899511 0.000000 449.425840 -0.899511 -0.436898 -0.000000 -185.705058 -0.000000 0.000000 1.000000 0.000000
-0.437457 0.899239 0.000000 448.184520 -0.899239 -0.437457 -0.000000 -188.258524 -0.000000 0.000000 1.000000 0.000000
-0.438403 0.898779 0.000000 446.938156 -0.898779 -0.438403 -0.000000 -190.817000 -0.000000 0.000000 1.000000 0.000000
-0.440608 0.897700 0.000000 445.682496 -0.897700 -0.440608 -0.000000 -193.383099 -0.000000 0.000000 1.000000 0.000000
-0.442427 0.896805 0.000000 444.416689 -0.896805 -0.442427 -0.000000 -195.956524 -0.000000 0.000000 1.000000 0.000000
-0.444671 0.895694 0.000000 443.148834 -0.895694 -0.444671 -0.000000 -198.518350 -0.000000 0.000000 1.000000 0.000000
-0.446748 0.894660 0.000000 441.872837 -0.894660 -0.446748 -0.000000 -201.079821 -0.000000 0.000000 1.000000 0.000000
-0.448781 0.893642 0.000000 440.595829 -0.893642 -0.448781 -0.000000 -203.628746 -0.000000 0.000000 1.000000 0.000000
-0.450196 0.892930 0.000000 439.311759 -0.892930 -0.450196 -0.000000 -206.178926 -0.000000 0.000000 1.000000 0.000000
-0.450412 0.892821 0.000000 438.029797 -0.892821 -0.450412 -0.000000 -208.718118 -0.000000 0.000000 1.000000 0.000000
-0.447969 0.894049 0.000000 436.753788 -0.894049 -0.447969 -0.000000 -211.247681 -0.000000 0.000000 1.000000 0.000000
-0.446304 0.894882 0.000000 435.494238 -0.894882 -0.446304 -0.000000 -213.760149 -0.000000 0.000000 1.000000 0.000000
-0.443634 0.896208 0.000000 434.250181 -0.896208 -0.443634 -0.000000 -216.256211 -0.000000 0.000000 1.000000 0.000000
-0.441371 0.897325 0.000000 433.021416 -0.897325 -0.441371 -0.000000 -218.740376 -0.000000 0.000000 1.000000 0.000000
-0.438679 0.898644 0.000000 431.806656 -0.898644 -0.438679 -0.000000 -221.214162 -0.000000 0.000000 1.000000 0.000000
-0.437134 0.899397 0.000000 430.603860 -0.899397 -0.437134 -0.000000 -223.678555 -0.000000 0.000000 1.000000 0.000000
-0.437460 0.899238 0.000000 429.414499 -0.899238 -0.437460 -0.000000 -226.120985 -0.000000 0.000000 1.000000 0.000000
-0.439025 0.898475 0.000000 428.230621 -0.898475 -0.439025 -0.000000 -228.546172 -0.000000 0.000000 1.000000 0.000000
-0.441782 0.897123 0.000000 427.047469 -0.897123 -0.441782 -0.000000 -230.955958 -0.000000 0.000000 1.000000 0.000000
-0.446907 0.894580 0.000000 425.851956 -0.894580 -0.446907 -0.000000 -233.364503 -0.000000 0.000000 1.000000 0.000000
-0.451768 0.892135 0.000000 424.637679 -0.892135 -0.451768 -0.000000 -235.772932 -0.000000 0.000000 1.000000 0.000000
-0.457261 0.889333 0.000000 423.415039 -0.889333 -0.457261 -0.000000 -238.165730 -0.000000 0.000000 1.000000 0.000000
-0.464049 0.885810 0.000000 422.176826 -0.885810 -0.464049 -0.000000 -240.552529 -0.000000 0.000000 1.000000 0.000000
-0.471707 0.881755 0.000000 420.922828 -0.881755 -0.471707 -0.000000 -242.921308 -0.000000 0.000000 1.000000 0.000000
-0.480820 0.876819 0.000000 419.643210 -0.876819 -0.480820 -0.000000 -245.285244 -0.000000 0.000000 1.000000 0.000000
-0.489987 0.871730 0.000000 418.333692 -0.871730 -0.489987 -0.000000 -247.644294 -0.000000 0.000000 1.000000 0.000000
-0.499273 0.866445 0.000000 416.996453 -0.866445 -0.499273 -0.000000 -249.995752 -0.000000 0.000000 1.000000 0.000000
-0.508919 0.860814 0.000000 415.623167 -0.860814 -0.508919 0.000000 -252.349560 0.000000 0.000000 1.000000 0.000000
-0.517839 0.855478 0.000000 414.226519 -0.855478 -0.517839 0.000000 -254.689409 0.000000 0.000000 1.000000 0.000000
-0.527018 0.849854 0.000000 412.793413 -0.849854 -0.527018 0.000000 -257.030609 0.000000 0.000000 1.000000 0.000000
-0.535805 0.844342 0.000000 411.328828 -0.844342 -0.535805 0.000000 -259.366484 0.000000 0.000000 1.000000 0.000000
