1.000000 0.000000 0.000000 0.000000 0.000000 1.000000 0.000000 0.000000 0.000000 0.000000 1.000000 0.000000 1565943694446610587

0.999934 -0.011532 0.000000 1.664811 0.011532 0.999934 0.000000 0.025651 0.000000 0.000000 1.000000 0.000000 1565943700963489943

0.999862 -0.016621 0.000000 3.744608 0.016621 0.999862 0.000000 0.108832 0.000000 0.000000 1.000000 0.000000 1565943701966096951

0.999773 -0.021291 0.000000 5.869762 0.021291 0.999773 0.000000 0.163846 0.000000 0.000000 1.000000 0.000000 1565943702717649170

0.999695 -0.024679 0.000000 7.606351 0.024679 0.999695 0.000000 0.184053 0.000000 0.000000 1.000000 0.000000 1565943703220795041

0.999553 -0.029906 0.000000 9.682908 0.029906 0.999553 0.000000 0.248870 0.000000 0.000000 1.000000 0.000000 1565943703720972197

0.999275 -0.038081 0.000000 11.904045 0.038081 0.999275 0.000000 0.309003 0.000000 0.000000 1.000000 0.000000 1565943704222060276

0.998845 -0.048048 0.000000 14.362499 0.048048 0.998845 0.000000 0.489974 0.000000 0.000000 1.000000 0.000000 1565943704722912629

0.998282 -0.058599 0.000000 17.114669 0.058599 0.998282 0.000000 0.564284 0.000000 0.000000 1.000000 0.000000 1565943705223832465

0.997402 -0.072032 0.000000 20.089677 0.072032 0.997402 0.000000 0.789993 0.000000 0.000000 1.000000 0.000000 1565943705725175683

0.997097 -0.076146 0.000000 21.639476 0.076146 0.997097 0.000000 0.913268 0.000000 0.000000 1.000000 0.000000 1565943705976023133

0.996692 -0.081275 0.000000 23.220564 0.081275 0.996692 0.000000 1.065640 0.000000 0.000000 1.000000 0.000000 1565943706226669360

0.996453 -0.084146 0.000000 24.865231 0.084146 0.996453 0.000000 1.169670 0.000000 0.000000 1.000000 0.000000 1565943706477139457

0.996301 -0.085933 0.000000 26.526740 0.085933 0.996301 0.000000 1.316328 0.000000 0.000000 1.000000 0.000000 1565943706728044114

0.996158 -0.087578 0.000000 28.295561 0.087578 0.996158 0.000000 1.435166 0.000000 0.000000 1.000000 0.000000 1565943706979443659

0.996044 -0.088863 0.000000 30.063513 0.088863 0.996044 0.000000 1.646401 0.000000 0.000000 1.000000 0.000000 1565943707230143290

0.996224 -0.086826 0.000000 31.903971 0.086826 0.996224 0.000000 1.764640 0.000000 0.000000 1.000000 0.000000 1565943707481094328

0.996592 -0.082486 0.000000 33.806301 0.082486 0.996592 0.000000 1.934465 0.000000 0.000000 1.000000 0.000000 1565943707731325980

0.997053 -0.076712 0.000000 35.710756 0.076712 0.997053 0.000000 2.041019 0.000000 0.000000 1.000000 0.000000 1565943707981869653

0.997612 -0.069071 0.000000 37.707156 0.069071 0.997612 0.000000 2.222156 0.000000 0.000000 1.000000 0.000000 1565943708232165136

0.998026 -0.062801 0.000000 39.715896 0.062801 0.998026 0.000000 2.286153 0.000000 0.000000 1.000000 0.000000 1565943708483372832

0.998472 -0.055262 0.000000 41.751531 0.055262 0.998472 0.000000 2.381455 0.000000 0.000000 1.000000 0.000000 1565943708733453796

0.998840 -0.048159 0.000000 43.880246 0.048159 0.998840 0.000000 2.457913 0.000000 0.000000 1.000000 0.000000 1565943708983682359

0.999225 -0.039355 0.000000 45.990947 0.039355 0.999225 0.000000 2.527414 0.000000 0.000000 1.000000 0.000000 1565943709234564853

0.999499 -0.031658 0.000000 48.190637 0.031658 0.999499 0.000000 2.549620 0.000000 0.000000 1.000000 0.000000 1565943709484793316

0.999695 -0.024690 0.000000 50.377017 0.024690 0.999695 0.000000 2.597380 0.000000 0.000000 1.000000 0.000000 1565943709735208950

0.999866 -0.016396 0.000000 52.683464 0.016396 0.999866 0.000000 2.614937 0.000000 0.000000 1.000000 0.000000 1565943709986460936

0.999959 -0.009037 0.000000 54.941972 0.009037 0.999959 0.000000 2.632286 0.000000 0.000000 1.000000 0.000000 1565943710237028157

0.999987 -0.005038 0.000000 57.299144 0.005038 0.999987 0.000000 2.595727 0.000000 0.000000 1.000000 0.000000 1565943710487122958

0.999983 -0.005852 0.000000 59.644695 0.005852 0.999983 0.000000 2.617694 0.000000 0.000000 1.000000 0.000000 1565943710738122915

0.999970 -0.007799 0.000000 62.080640 0.007799 0.999970 0.000000 2.678285 0.000000 0.000000 1.000000 0.000000 1565943710987685563

0.999953 -0.009659 0.000000 64.517599 0.009659 0.999953 0.000000 2.707612 0.000000 0.000000 1.000000 0.000000 1565943711239866944

0.999941 -0.010820 0.000000 66.989929 0.010820 0.999941 0.000000 2.715940 0.000000 0.000000 1.000000 0.000000 1565943711490493719

0.999949 -0.010079 0.000000 69.506351 0.010079 0.999949 0.000000 2.729912 0.000000 0.000000 1.000000 0.000000 1565943711740090671

0.999956 -0.009426 0.000000 72.084800 0.009426 0.999956 0.000000 2.742963 0.000000 0.000000 1.000000 0.000000 1565943711991146881

0.999960 -0.008890 0.000000 74.662308 0.008890 0.999960 0.000000 2.728091 0.000000 0.000000 1.000000 0.000000 1565943712241087583

0.999971 -0.007622 0.000000 77.220111 0.007622 0.999971 0.000000 2.718752 0.000000 0.000000 1.000000 0.000000 1565943712492026094

0.999979 -0.006536 0.000000 79.875110 0.006536 0.999979 0.000000 2.734546 0.000000 0.000000 1.000000 0.000000 1565943712743233837

0.999984 -0.005673 0.000000 82.538324 0.005673 0.999984 0.000000 2.730767 0.000000 0.000000 1.000000 0.000000 1565943712993560553

0.999984 -0.005671 0.000000 85.218677 0.005671 0.999984 0.000000 2.729520 0.000000 0.000000 1.000000 0.000000 1565943713243900538

0.999988 -0.004926 0.000000 87.956308 0.004926 0.999988 0.000000 2.731106 0.000000 0.000000 1.000000 0.000000 1565943713494906509

0.999998 -0.002163 0.000000 90.690865 0.002163 0.999998 0.000000 2.802123 0.000000 0.000000 1.000000 0.000000 1565943713745377755

1.000000 0.000049 0.000000 93.395508 -0.000049 1.000000 -0.000000 2.706877 -0.000000 0.000000 1.000000 0.000000 1565943713995638211

0.999996 0.002827 0.000000 96.123895 -0.002827 0.999996 -0.000000 2.695822 -0.000000 0.000000 1.000000 0.000000 1565943714245755956

0.999976 0.006940 0.000000 98.805049 -0.006940 0.999976 -0.000000 2.671073 -0.000000 0.000000 1.000000 0.000000 1565943714496290257

0.999954 0.009561 0.000000 101.428060 -0.009561 0.999954 -0.000000 2.665329 -0.000000 0.000000 1.000000 0.000000 1565943714746878124

0.999954 0.009552 0.000000 104.056060 -0.009552 0.999954 -0.000000 2.613653 -0.000000 0.000000 1.000000 0.000000 1565943714997385898

0.999964 0.008493 0.000000 106.670746 -0.008493 0.999964 -0.000000 2.622539 -0.000000 0.000000 1.000000 0.000000 1565943715248436836

0.999969 0.007900 0.000000 109.274700 -0.007900 0.999969 -0.000000 2.620575 -0.000000 0.000000 1.000000 0.000000 1565943715498941260

0.999989 0.004687 0.000000 111.816646 -0.004687 0.999989 -0.000000 2.581351 -0.000000 0.000000 1.000000 0.000000 1565943715750188360

0.999987 -0.005179 0.000000 114.321339 0.005179 0.999987 0.000000 2.572179 0.000000 0.000000 1.000000 0.000000 1565943715999524444

0.999871 -0.016044 0.000000 116.845329 0.016044 0.999871 0.000000 2.592733 0.000000 0.000000 1.000000 0.000000 1565943716250101615

0.999599 -0.028305 0.000000 119.384557 0.028305 0.999599 0.000000 2.548965 0.000000 0.000000 1.000000 0.000000 1565943716500841231

0.999141 -0.041432 0.000000 121.975466 0.041432 0.999141 0.000000 2.692071 0.000000 0.000000 1.000000 0.000000 1565943716751019736

0.998663 -0.051686 0.000000 124.477483 0.051686 0.998663 0.000000 2.765206 0.000000 0.000000 1.000000 0.000000 1565943717001733159

0.998130 -0.061135 0.000000 126.995074 0.061135 0.998130 0.000000 2.952631 0.000000 0.000000 1.000000 0.000000 1565943717252167166

0.997599 -0.069253 0.000000 129.519620 0.069253 0.997599 0.000000 3.040753 0.000000 0.000000 1.000000 0.000000 1565943717502544906

0.997435 -0.071582 0.000000 132.085660 0.071582 0.997435 0.000000 3.302950 0.000000 0.000000 1.000000 0.000000 1565943717753298583

0.997216 -0.074564 0.000000 134.661814 0.074564 0.997216 0.000000 3.425911 0.000000 0.000000 1.000000 0.000000 1565943718003818565

0.997177 -0.075090 0.000000 137.218917 0.075090 0.997177 0.000000 3.606040 0.000000 0.000000 1.000000 0.000000 1565943718254543907

0.997260 -0.073974 0.000000 139.805850 0.073974 0.997260 0.000000 3.747617 0.000000 0.000000 1.000000 0.000000 1565943718504956261

0.997518 -0.070409 0.000000 142.342239 0.070409 0.997518 0.000000 3.937892 0.000000 0.000000 1.000000 0.000000 1565943718755429265

0.998064 -0.062201 0.000000 144.898726 0.062201 0.998064 0.000000 4.137788 0.000000 0.000000 1.000000 0.000000 1565943719005867490

0.998402 -0.056519 0.000000 147.390431 0.056519 0.998402 0.000000 4.220316 0.000000 0.000000 1.000000 0.000000 1565943719256663332

0.998716 -0.050654 0.000000 149.920577 0.050654 0.998716 0.000000 4.427842 0.000000 0.000000 1.000000 0.000000 1565943719506597851

0.999081 -0.042867 0.000000 152.342203 0.042867 0.999081 0.000000 4.455547 0.000000 0.000000 1.000000 0.000000 1565943719757240974

0.999297 -0.037477 0.000000 154.862306 0.037477 0.999297 0.000000 4.565893 0.000000 0.000000 1.000000 0.000000 1565943720007856550

0.999472 -0.032496 0.000000 157.344165 0.032496 0.999472 0.000000 4.718204 0.000000 0.000000 1.000000 0.000000 1565943720258680621

0.999597 -0.028393 0.000000 159.721995 0.028393 0.999597 0.000000 4.775850 0.000000 0.000000 1.000000 0.000000 1565943720509320493

0.999710 -0.024087 0.000000 162.117963 0.024087 0.999710 0.000000 4.881761 0.000000 0.000000 1.000000 0.000000 1565943720759818063

0.999809 -0.019557 0.000000 164.486250 0.019557 0.999809 0.000000 4.921387 0.000000 0.000000 1.000000 0.000000 1565943721009980041

0.999881 -0.015451 0.000000 166.902763 0.015451 0.999881 0.000000 4.995556 0.000000 0.000000 1.000000 0.000000 1565943721260725117

0.999943 -0.010721 0.000000 169.232409 0.010721 0.999943 0.000000 5.031476 0.000000 0.000000 1.000000 0.000000 1565943721511009749

0.999979 -0.006491 0.000000 171.593252 0.006491 0.999979 0.000000 5.020069 0.000000 0.000000 1.000000 0.000000 1565943721761744768

0.999996 -0.002964 0.000000 173.876702 0.002964 0.999996 0.000000 5.004011 0.000000 0.000000 1.000000 0.000000 1565943722012376497

0.999999 -0.001596 0.000000 176.163135 0.001596 0.999999 0.000000 4.975873 0.000000 0.000000 1.000000 0.000000 1565943722263116286

0.999999 -0.001150 0.000000 178.434787 0.001150 0.999999 0.000000 5.000443 0.000000 0.000000 1.000000 0.000000 1565943722513447447

0.999999 0.001492 0.000000 180.685525 -0.001492 0.999999 -0.000000 4.970640 -0.000000 0.000000 1.000000 0.000000 1565943722763978841

0.999999 0.001413 0.000000 182.927217 -0.001413 0.999999 -0.000000 4.994726 -0.000000 0.000000 1.000000 0.000000 1565943723014712986

0.999997 0.002599 0.000000 185.142636 -0.002599 0.999997 -0.000000 5.007489 -0.000000 0.000000 1.000000 0.000000 1565943723265272241

0.999993 0.003828 0.000000 187.348690 -0.003828 0.999993 -0.000000 4.960926 -0.000000 0.000000 1.000000 0.000000 1565943723515788884

0.999992 0.004043 0.000000 189.534713 -0.004043 0.999992 -0.000000 4.911170 -0.000000 0.000000 1.000000 0.000000 1565943723766146697

0.999993 0.003827 0.000000 191.694348 -0.003827 0.999993 -0.000000 4.946216 -0.000000 0.000000 1.000000 0.000000 1565943724016550976

0.999998 0.002050 0.000000 193.808704 -0.002050 0.999998 -0.000000 4.911349 -0.000000 0.000000 1.000000 0.000000 1565943724270774412

0.999999 0.001395 0.000000 195.923376 -0.001395 0.999999 -0.000000 4.941928 -0.000000 0.000000 1.000000 0.000000 1565943724517663873

1.000000 -0.000028 0.000000 198.006567 0.000028 1.000000 0.000000 4.882112 0.000000 0.000000 1.000000 0.000000 1565943724767465076

1.000000 -0.000445 0.000000 200.058620 0.000445 1.000000 0.000000 4.954928 0.000000 0.000000 1.000000 0.000000 1565943725019162877

1.000000 -0.000233 0.000000 202.122112 0.000233 1.000000 0.000000 4.919938 0.000000 0.000000 1.000000 0.000000 1565943725277179436

0.999999 -0.001004 0.000000 204.122839 0.001004 0.999999 0.000000 4.955792 0.000000 0.000000 1.000000 0.000000 1565943725520290888

1.000000 -0.000774 0.000000 206.162703 0.000774 1.000000 0.000000 5.017238 0.000000 0.000000 1.000000 0.000000 1565943725770787014

0.999999 -0.001335 0.000000 208.111735 0.001335 0.999999 0.000000 4.996892 0.000000 0.000000 1.000000 0.000000 1565943726021669282

1.000000 -0.000159 0.000000 210.026759 0.000159 1.000000 0.000000 4.989382 0.000000 0.000000 1.000000 0.000000 1565943726271476973

1.000000 -0.000516 0.000000 211.930259 0.000516 1.000000 0.000000 4.982527 0.000000 0.000000 1.000000 0.000000 1565943726522162660

0.999996 -0.002900 0.000000 213.764478 0.002900 0.999996 0.000000 4.953371 0.000000 0.000000 1.000000 0.000000 1565943726773011599

1.000000 -0.000965 0.000000 215.625318 0.000965 1.000000 0.000000 4.987192 0.000000 0.000000 1.000000 0.000000 1565943727023391438

1.000000 0.000672 0.000000 217.391790 -0.000672 1.000000 -0.000000 4.988307 -0.000000 0.000000 1.000000 0.000000 1565943727276535201

1.000000 0.000902 0.000000 219.112807 -0.000902 1.000000 -0.000000 4.952983 -0.000000 0.000000 1.000000 0.000000 1565943727524003508

0.999994 0.003380 0.000000 220.795499 -0.003380 0.999994 -0.000000 4.979263 -0.000000 0.000000 1.000000 0.000000 1565943727774882311

0.999978 0.006619 0.000000 222.422832 -0.006619 0.999978 -0.000000 4.999248 -0.000000 0.000000 1.000000 0.000000 1565943728025241269

0.999979 0.006485 0.000000 224.042455 -0.006485 0.999979 -0.000000 4.926813 -0.000000 0.000000 1.000000 0.000000 1565943728275420753

0.999960 0.008992 0.000000 225.560378 -0.008992 0.999960 -0.000000 4.997767 -0.000000 0.000000 1.000000 0.000000 1565943728525978845

0.999929 0.011927 0.000000 228.371161 -0.011927 0.999929 -0.000000 4.920192 -0.000000 0.000000 1.000000 0.000000 1565943729026989959

0.999921 0.012559 0.000000 231.002648 -0.012559 0.999921 -0.000000 4.815045 -0.000000 0.000000 1.000000 0.000000 1565943729527757163

0.999953 0.009710 0.000000 233.373461 -0.009710 0.999953 -0.000000 4.774702 -0.000000 0.000000 1.000000 0.000000 1565943730027702050

0.999944 0.010606 0.000000 235.279477 -0.010606 0.999944 -0.000000 4.789979 -0.000000 0.000000 1.000000 0.000000 1565943730529199902

0.999945 0.010534 0.000000 236.842241 -0.010534 0.999945 -0.000000 4.735129 -0.000000 0.000000 1.000000 0.000000 1565943731029142841

0.999937 0.011221 0.000000 238.570310 -0.011221 0.999937 -0.000000 4.691716 -0.000000 0.000000 1.000000 0.000000 1565943731779882775

0.999936 0.011334 0.000000 240.127530 -0.011334 0.999936 -0.000000 4.644846 -0.000000 0.000000 1.000000 0.000000 1565943733783441070

0.999917 0.012891 0.000000 241.750605 -0.012891 0.999917 -0.000000 4.626852 -0.000000 0.000000 1.000000 0.000000 1565943788673030018

0.999912 0.013278 0.000000 243.507560 -0.013278 0.999912 -0.000000 4.641652 -0.000000 0.000000 1.000000 0.000000 1565943789926699065

0.999912 0.013297 0.000000 245.498304 -0.013297 0.999912 -0.000000 4.546492 -0.000000 0.000000 1.000000 0.000000 1565943790679931530

0.999905 0.013790 0.000000 247.251034 -0.013790 0.999905 -0.000000 4.571514 -0.000000 0.000000 1.000000 0.000000 1565943791181542864

0.999908 0.013579 0.000000 249.286467 -0.013579 0.999908 -0.000000 4.496407 -0.000000 0.000000 1.000000 0.000000 1565943791682731456

0.999924 0.012350 0.000000 251.610196 -0.012350 0.999924 -0.000000 4.441943 -0.000000 0.000000 1.000000 0.000000 1565943792184835861

0.999954 0.009560 0.000000 254.185873 -0.009560 0.999954 -0.000000 4.443242 -0.000000 0.000000 1.000000 0.000000 1565943792686076985

0.999968 0.007988 0.000000 257.082416 -0.007988 0.999968 -0.000000 4.434355 -0.000000 0.000000 1.000000 0.000000 1565943793187284268

0.999992 0.004093 0.000000 260.220300 -0.004093 0.999992 -0.000000 4.348672 -0.000000 0.000000 1.000000 0.000000 1565943793688602415

0.999990 0.004492 0.000000 261.844485 -0.004492 0.999990 -0.000000 4.334886 -0.000000 0.000000 1.000000 0.000000 1565943793940176087

0.999995 0.003020 0.000000 263.563675 -0.003020 0.999995 -0.000000 4.270012 -0.000000 0.000000 1.000000 0.000000 1565943794190675487

0.999999 0.001488 0.000000 265.370940 -0.001488 0.999999 -0.000000 4.236264 -0.000000 0.000000 1.000000 0.000000 1565943794441187137

1.000000 -0.000119 0.000000 267.228611 0.000119 1.000000 0.000000 4.254791 0.000000 0.000000 1.000000 0.000000 1565943794692732691

1.000000 -0.000840 0.000000 269.126307 0.000840 1.000000 0.000000 4.249805 0.000000 0.000000 1.000000 0.000000 1565943794943765210

1.000000 -0.000317 0.000000 271.051767 0.000317 1.000000 0.000000 4.277372 0.000000 0.000000 1.000000 0.000000 1565943795193121578

0.999996 -0.002846 0.000000 273.093931 0.002846 0.999996 0.000000 4.268272 0.000000 0.000000 1.000000 0.000000 1565943795443590992

0.999997 -0.002555 0.000000 275.190338 0.002555 0.999997 0.000000 4.267614 0.000000 0.000000 1.000000 0.000000 1565943795694736500

0.999997 -0.002305 0.000000 277.319116 0.002305 0.999997 0.000000 4.271678 0.000000 0.000000 1.000000 0.000000 1565943795945285768

1.000000 -0.000739 0.000000 279.453443 0.000739 1.000000 0.000000 4.296757 0.000000 0.000000 1.000000 0.000000 1565943796196309741

0.999999 -0.001006 0.000000 281.731066 0.001006 0.999999 0.000000 4.244244 0.000000 0.000000 1.000000 0.000000 1565943796446788890

1.000000 0.000897 0.000000 284.031620 -0.000897 1.000000 -0.000000 4.229918 -0.000000 0.000000 1.000000 0.000000 1565943796698799122

0.999997 0.002347 0.000000 286.374541 -0.002347 0.999997 -0.000000 4.252386 -0.000000 0.000000 1.000000 0.000000 1565943796948852457

0.999993 0.003617 0.000000 288.820015 -0.003617 0.999993 -0.000000 4.226100 -0.000000 0.000000 1.000000 0.000000 1565943797199586924

0.999992 0.004108 0.000000 291.229999 -0.004108 0.999992 -0.000000 4.173689 -0.000000 0.000000 1.000000 0.000000 1565943797450329132

0.999992 0.003891 0.000000 293.731245 -0.003891 0.999992 -0.000000 4.145788 -0.000000 0.000000 1.000000 0.000000 1565943797700891998

0.999992 0.004101 0.000000 296.252416 -0.004101 0.999992 -0.000000 4.118650 -0.000000 0.000000 1.000000 0.000000 1565943797951684381

0.999990 0.004562 0.000000 298.853372 -0.004562 0.999990 -0.000000 4.086459 -0.000000 0.000000 1.000000 0.000000 1565943798202025737

0.999989 0.004734 0.000000 301.455319 -0.004734 0.999989 -0.000000 4.058514 -0.000000 0.000000 1.000000 0.000000 1565943798453101260

0.999989 0.004628 0.000000 304.113168 -0.004628 0.999989 -0.000000 4.033203 -0.000000 0.000000 1.000000 0.000000 1565943798703412934

0.999997 0.002466 0.000000 306.803081 -0.002466 0.999997 -0.000000 4.015693 -0.000000 0.000000 1.000000 0.000000 1565943798954546845

0.999998 0.002024 0.000000 309.555563 -0.002024 0.999998 -0.000000 3.997292 -0.000000 0.000000 1.000000 0.000000 1565943799204842271

0.999997 0.002511 0.000000 312.324834 -0.002511 0.999997 -0.000000 3.946955 -0.000000 0.000000 1.000000 0.000000 1565943799455438563

0.999998 0.001879 0.000000 315.125733 -0.001879 0.999998 -0.000000 3.962297 -0.000000 0.000000 1.000000 0.000000 1565943799705941009

0.999999 0.001416 0.000000 317.943470 -0.001416 0.999999 -0.000000 3.928703 -0.000000 0.000000 1.000000 0.000000 1565943799955906479

1.000000 0.000572 0.000000 320.822546 -0.000572 1.000000 -0.000000 3.934278 -0.000000 0.000000 1.000000 0.000000 1565943800206813104

1.000000 0.000912 0.000000 323.732126 -0.000912 1.000000 -0.000000 3.898715 -0.000000 0.000000 1.000000 0.000000 1565943800458600786

1.000000 0.000063 0.000000 326.627602 -0.000063 1.000000 -0.000000 3.863425 -0.000000 0.000000 1.000000 0.000000 1565943800708692942

1.000000 0.000957 0.000000 329.559259 -0.000957 1.000000 -0.000000 3.859128 -0.000000 0.000000 1.000000 0.000000 1565943800959274051

0.999999 0.001354 0.000000 332.514762 -0.001354 0.999999 -0.000000 3.849662 -0.000000 0.000000 1.000000 0.000000 1565943801210011573

0.999999 0.001398 0.000000 335.472415 -0.001398 0.999999 -0.000000 3.848819 -0.000000 0.000000 1.000000 0.000000 1565943801460645392

0.999997 0.002631 0.000000 338.538626 -0.002631 0.999997 -0.000000 3.851745 -0.000000 0.000000 1.000000 0.000000 1565943801711554830

0.999996 0.002806 0.000000 341.590971 -0.002806 0.999996 -0.000000 3.820979 -0.000000 0.000000 1.000000 0.000000 1565943801962207930

0.999997 0.002288 0.000000 344.611531 -0.002288 0.999997 -0.000000 3.803776 -0.000000 0.000000 1.000000 0.000000 1565943802212863081

0.999996 0.002897 0.000000 347.638207 -0.002897 0.999996 -0.000000 3.797156 -0.000000 0.000000 1.000000 0.000000 1565943802463263343

0.999993 0.003792 0.000000 350.745910 -0.003792 0.999993 -0.000000 3.770189 -0.000000 0.000000 1.000000 0.000000 1565943802713668813

0.999993 0.003627 0.000000 353.958030 -0.003627 0.999993 -0.000000 3.672478 -0.000000 0.000000 1.000000 0.000000 1565943802963945504

0.999993 0.003635 0.000000 357.085141 -0.003635 0.999993 -0.000000 3.691947 -0.000000 0.000000 1.000000 0.000000 1565943803214756911

0.999994 0.003410 0.000000 360.184837 -0.003410 0.999994 -0.000000 3.691655 -0.000000 0.000000 1.000000 0.000000 1565943803465889711

0.999998 0.001750 0.000000 363.384298 -0.001750 0.999998 -0.000000 3.664427 -0.000000 0.000000 1.000000 0.000000 1565943803716608832

1.000000 0.000851 0.000000 366.576884 -0.000851 1.000000 -0.000000 3.688045 -0.000000 0.000000 1.000000 0.000000 1565943803966961441

0.999999 -0.001290 0.000000 369.971628 0.001290 0.999999 0.000000 3.632895 0.000000 0.000000 1.000000 0.000000 1565943804217799269

0.999992 -0.003876 0.000000 373.272487 0.003876 0.999992 0.000000 3.605411 0.000000 0.000000 1.000000 0.000000 1565943804468410086

0.999996 -0.002975 0.000000 376.527434 0.002975 0.999996 0.000000 3.598230 0.000000 0.000000 1.000000 0.000000 1565943804719118744

0.999998 -0.002114 0.000000 379.871623 0.002114 0.999998 0.000000 3.605417 0.000000 0.000000 1.000000 0.000000 1565943804969600026

1.000000 -0.000779 0.000000 383.213576 0.000779 1.000000 0.000000 3.570050 0.000000 0.000000 1.000000 0.000000 1565943805220611296

0.999999 -0.001078 0.000000 386.562068 0.001078 0.999999 0.000000 3.544797 0.000000 0.000000 1.000000 0.000000 1565943805471045042

1.000000 0.000274 0.000000 389.939126 -0.000274 1.000000 -0.000000 3.552589 -0.000000 0.000000 1.000000 0.000000 1565943805721736081

0.999999 0.001403 0.000000 393.300875 -0.001403 0.999999 -0.000000 3.553571 -0.000000 0.000000 1.000000 0.000000 1565943805973066014

0.999998 0.002120 0.000000 396.707848 -0.002120 0.999998 -0.000000 3.526824 -0.000000 0.000000 1.000000 0.000000 1565943806223320424

0.999995 0.003291 0.000000 400.133980 -0.003291 0.999995 -0.000000 3.461009 -0.000000 0.000000 1.000000 0.000000 1565943806473647407

0.999994 0.003537 0.000000 403.559553 -0.003537 0.999994 -0.000000 3.396890 -0.000000 0.000000 1.000000 0.000000 1565943806724439530

0.999995 0.003217 0.000000 407.005121 -0.003217 0.999995 -0.000000 3.414164 -0.000000 0.000000 1.000000 0.000000 1565943806974727714

0.999996 0.002832 0.000000 410.409981 -0.002832 0.999996 -0.000000 3.315728 -0.000000 0.000000 1.000000 0.000000 1565943807225237386

0.999996 0.002826 0.000000 413.858504 -0.002826 0.999996 -0.000000 3.322157 -0.000000 0.000000 1.000000 0.000000 1565943807476084953

0.999998 0.002163 0.000000 417.314919 -0.002163 0.999998 -0.000000 3.271674 -0.000000 0.000000 1.000000 0.000000 1565943807726559048

1.000000 0.000865 0.000000 420.862729 -0.000865 1.000000 -0.000000 3.244760 -0.000000 0.000000 1.000000 0.000000 1565943807977599747

1.000000 0.000813 0.000000 424.450468 -0.000813 1.000000 -0.000000 3.238357 -0.000000 0.000000 1.000000 0.000000 1565943808228668022

0.999999 0.001457 0.000000 427.894159 -0.001457 0.999999 -0.000000 3.201554 -0.000000 0.000000 1.000000 0.000000 1565943808478055586

1.000000 0.000205 0.000000 431.418486 -0.000205 1.000000 -0.000000 3.281479 -0.000000 0.000000 1.000000 0.000000 1565943808728855037

1.000000 -0.000818 0.000000 434.891115 0.000818 1.000000 0.000000 3.169482 0.000000 0.000000 1.000000 0.000000 1565943808979581486

0.999999 -0.001329 0.000000 438.465502 0.001329 0.999999 0.000000 3.154329 0.000000 0.000000 1.000000 0.000000 1565943809230145654

0.999997 -0.002425 0.000000 442.033577 0.002425 0.999997 0.000000 3.059433 0.000000 0.000000 1.000000 0.000000 1565943809480617637

0.999999 -0.001232 0.000000 445.579601 0.001232 0.999999 0.000000 3.106269 0.000000 0.000000 1.000000 0.000000 1565943809731468436

0.999999 -0.001722 0.000000 449.158897 0.001722 0.999999 0.000000 3.100586 0.000000 0.000000 1.000000 0.000000 1565943809982085531

0.999999 -0.001512 0.000000 452.776424 0.001512 0.999999 0.000000 3.108942 0.000000 0.000000 1.000000 0.000000 1565943810232956253

1.000000 0.000606 0.000000 456.393821 -0.000606 1.000000 -0.000000 3.102193 -0.000000 0.000000 1.000000 0.000000 1565943810483452575

0.999997 0.002464 0.000000 460.052297 -0.002464 0.999997 -0.000000 3.058418 -0.000000 0.000000 1.000000 0.000000 1565943810734213384

0.999993 0.003806 0.000000 463.731565 -0.003806 0.999993 -0.000000 3.019977 -0.000000 0.000000 1.000000 0.000000 1565943810985480637

0.999986 0.005225 0.000000 467.383206 -0.005225 0.999986 -0.000000 2.962401 -0.000000 0.000000 1.000000 0.000000 1565943811235393736

0.999970 0.007722 0.000000 471.163274 -0.007722 0.999970 -0.000000 2.963032 -0.000000 0.000000 1.000000 0.000000 1565943811485746095

0.999964 0.008465 0.000000 474.828800 -0.008465 0.999964 -0.000000 2.884594 -0.000000 0.000000 1.000000 0.000000 1565943811737038503

0.999973 0.007408 0.000000 478.520478 -0.007408 0.999973 -0.000000 2.863084 -0.000000 0.000000 1.000000 0.000000 1565943811991081686

0.999973 0.007413 0.000000 482.220930 -0.007413 0.999973 -0.000000 2.834506 -0.000000 0.000000 1.000000 0.000000 1565943812238270597

0.999968 0.007960 0.000000 485.945974 -0.007960 0.999968 -0.000000 2.687209 -0.000000 0.000000 1.000000 0.000000 1565943812488430358

0.999972 0.007469 0.000000 489.641834 -0.007469 0.999972 -0.000000 2.677761 -0.000000 0.000000 1.000000 0.000000 1565943812739253158

0.999977 0.006800 0.000000 493.403008 -0.006800 0.999977 -0.000000 2.603850 -0.000000 0.000000 1.000000 0.000000 1565943812989898957

0.999985 0.005418 0.000000 497.177253 -0.005418 0.999985 -0.000000 2.541790 -0.000000 0.000000 1.000000 0.000000 1565943813240421626

1.000000 0.000646 0.000000 500.924259 -0.000646 1.000000 -0.000000 2.500997 -0.000000 0.000000 1.000000 0.000000 1565943813490591208

0.999999 -0.001197 0.000000 504.730364 0.001197 0.999999 0.000000 2.508563 0.000000 0.000000 1.000000 0.000000 1565943813741362811

0.999998 -0.002124 0.000000 508.550293 0.002124 0.999998 0.000000 2.505082 0.000000 0.000000 1.000000 0.000000 1565943813991648240

0.999989 -0.004699 0.000000 512.224454 0.004699 0.999989 0.000000 2.525294 0.000000 0.000000 1.000000 0.000000 1565943814242280023

0.999980 -0.006325 0.000000 515.930821 0.006325 0.999980 0.000000 2.449945 0.000000 0.000000 1.000000 0.000000 1565943814492784890

0.999990 -0.004482 0.000000 519.612213 0.004482 0.999990 0.000000 2.506768 0.000000 0.000000 1.000000 0.000000 1565943814742918332

0.999999 -0.001614 0.000000 523.350918 0.001614 0.999999 0.000000 2.474964 0.000000 0.000000 1.000000 0.000000 1565943814996173012

0.999998 0.001988 0.000000 527.032357 -0.001988 0.999998 -0.000000 2.390060 -0.000000 0.000000 1.000000 0.000000 1565943815244252042

0.999978 0.006655 0.000000 530.658144 -0.006655 0.999978 -0.000000 2.386811 -0.000000 0.000000 1.000000 0.000000 1565943815494435236

0.999972 0.007498 0.000000 534.240629 -0.007498 0.999972 -0.000000 2.292307 -0.000000 0.000000 1.000000 0.000000 1565943815745280410

0.999979 0.006537 0.000000 537.932456 -0.006537 0.999979 -0.000000 2.279452 -0.000000 0.000000 1.000000 0.000000 1565943815996112344

0.999994 0.003351 0.000000 541.582032 -0.003351 0.999994 -0.000000 2.189212 -0.000000 0.000000 1.000000 0.000000 1565943816246345961

0.999999 -0.001613 0.000000 545.208918 0.001613 0.999999 0.000000 2.138532 0.000000 0.000000 1.000000 0.000000 1565943816496213898

0.999991 -0.004342 0.000000 548.895961 0.004342 0.999991 0.000000 2.168066 0.000000 0.000000 1.000000 0.000000 1565943816748943737

0.999940 -0.010943 0.000000 552.526577 0.010943 0.999940 0.000000 2.079978 0.000000 0.000000 1.000000 0.000000 1565943816999848634

0.999943 -0.010675 0.000000 556.173712 0.010675 0.999943 0.000000 2.054686 0.000000 0.000000 1.000000 0.000000 1565943817249386478

0.999956 -0.009409 0.000000 559.849911 0.009409 0.999956 0.000000 2.099510 0.000000 0.000000 1.000000 0.000000 1565943817500132749

0.999972 -0.007543 0.000000 563.584491 0.007543 0.999972 0.000000 2.110209 0.000000 0.000000 1.000000 0.000000 1565943817751211129

0.999976 -0.006865 0.000000 567.187918 0.006865 0.999976 0.000000 2.129723 0.000000 0.000000 1.000000 0.000000 1565943818002996236

0.999985 -0.005561 0.000000 570.889355 0.005561 0.999985 0.000000 2.129544 0.000000 0.000000 1.000000 0.000000 1565943818252792545

0.999982 -0.005943 0.000000 574.542558 0.005943 0.999982 0.000000 2.173088 0.000000 0.000000 1.000000 0.000000 1565943818503077760

0.999985 -0.005398 0.000000 578.202389 0.005398 0.999985 0.000000 2.113483 0.000000 0.000000 1.000000 0.000000 1565943818753902275

0.999978 -0.006678 0.000000 581.912969 0.006678 0.999978 0.000000 2.185901 0.000000 0.000000 1.000000 0.000000 1565943819004551022

0.999969 -0.007882 0.000000 585.651309 0.007882 0.999969 0.000000 2.184381 0.000000 0.000000 1.000000 0.000000 1565943819255162993

0.999956 -0.009412 0.000000 589.291405 0.009412 0.999956 0.000000 2.205238 0.000000 0.000000 1.000000 0.000000 1565943819505740374

0.999966 -0.008281 0.000000 593.023958 0.008281 0.999966 0.000000 2.273252 0.000000 0.000000 1.000000 0.000000 1565943819756197244

0.999970 -0.007801 0.000000 596.705272 0.007801 0.999970 0.000000 2.263406 0.000000 0.000000 1.000000 0.000000 1565943820006693262

0.999970 -0.007787 0.000000 600.420583 0.007787 0.999970 0.000000 2.212119 0.000000 0.000000 1.000000 0.000000 1565943820257656802

0.999966 -0.008302 0.000000 604.112525 0.008302 0.999966 0.000000 2.242132 0.000000 0.000000 1.000000 0.000000 1565943820509334223

0.999958 -0.009152 0.000000 607.899379 0.009152 0.999958 0.000000 2.267914 0.000000 0.000000 1.000000 0.000000 1565943820758281854

0.999941 -0.010876 0.000000 611.565419 0.010876 0.999941 0.000000 2.233070 0.000000 0.000000 1.000000 0.000000 1565943821009420853

0.999924 -0.012348 0.000000 615.200615 0.012348 0.999924 0.000000 2.291175 0.000000 0.000000 1.000000 0.000000 1565943821261061106

0.999923 -0.012431 0.000000 618.898329 0.012431 0.999923 0.000000 2.301983 0.000000 0.000000 1.000000 0.000000 1565943821510260827

0.999927 -0.012115 0.000000 622.554441 0.012115 0.999927 0.000000 2.307379 0.000000 0.000000 1.000000 0.000000 1565943821760345063

0.999948 -0.010150 0.000000 626.252115 0.010150 0.999948 0.000000 2.300430 0.000000 0.000000 1.000000 0.000000 1565943822011202752

0.999978 -0.006691 0.000000 629.898093 0.006691 0.999978 0.000000 2.320689 0.000000 0.000000 1.000000 0.000000 1565943822261406854

0.999995 -0.003242 0.000000 633.547444 0.003242 0.999995 0.000000 2.301112 0.000000 0.000000 1.000000 0.000000 1565943822512454849

0.999999 -0.001348 0.000000 637.190261 0.001348 0.999999 0.000000 2.251877 0.000000 0.000000 1.000000 0.000000 1565943822762878441

0.999998 0.001931 0.000000 640.836075 -0.001931 0.999998 -0.000000 2.226401 -0.000000 0.000000 1.000000 0.000000 1565943823012963719

0.999988 0.004895 0.000000 644.432374 -0.004895 0.999988 -0.000000 2.172206 -0.000000 0.000000 1.000000 0.000000 1565943823263891408

0.999978 0.006584 0.000000 647.995562 -0.006584 0.999978 -0.000000 2.097441 -0.000000 0.000000 1.000000 0.000000 1565943823514194427

0.999936 0.011301 0.000000 651.634327 -0.011301 0.999936 -0.000000 2.072373 -0.000000 0.000000 1.000000 0.000000 1565943823764612427

0.999887 0.015012 0.000000 655.203782 -0.015012 0.999887 -0.000000 1.993338 -0.000000 0.000000 1.000000 0.000000 1565943824015349640

0.999828 0.018571 0.000000 658.785844 -0.018571 0.999828 -0.000000 1.925580 -0.000000 0.000000 1.000000 0.000000 1565943824265839144

0.999730 0.023255 0.000000 662.365830 -0.023255 0.999730 -0.000000 1.808696 -0.000000 0.000000 1.000000 0.000000 1565943824516736167

0.999544 0.030186 0.000000 665.933272 -0.030186 0.999544 -0.000000 1.690554 -0.000000 0.000000 1.000000 0.000000 1565943824767192299

0.999335 0.036467 0.000000 669.515528 -0.036467 0.999335 -0.000000 1.529724 -0.000000 0.000000 1.000000 0.000000 1565943825018320022

0.999016 0.044362 0.000000 673.087707 -0.044362 0.999016 -0.000000 1.376421 -0.000000 0.000000 1.000000 0.000000 1565943825269103975

0.998511 0.054546 0.000000 676.695876 -0.054546 0.998511 -0.000000 1.153709 -0.000000 0.000000 1.000000 0.000000 1565943825519353940

0.997933 0.064261 0.000000 680.263221 -0.064261 0.997933 -0.000000 0.947029 -0.000000 0.000000 1.000000 0.000000 1565943825769861613

0.997352 0.072731 0.000000 683.800935 -0.072731 0.997352 -0.000000 0.660161 -0.000000 0.000000 1.000000 0.000000 1565943826020219360

0.996704 0.081120 0.000000 687.413351 -0.081120 0.996704 -0.000000 0.368564 -0.000000 0.000000 1.000000 0.000000 1565943826270914726

0.996131 0.087880 0.000000 690.930004 -0.087880 0.996131 -0.000000 0.036861 -0.000000 0.000000 1.000000 0.000000 1565943826521721405

0.995902 0.090444 0.000000 694.443934 -0.090444 0.995902 -0.000000 -0.317636 -0.000000 0.000000 1.000000 0.000000 1565943826772020531

0.995992 0.089446 0.000000 698.061968 -0.089446 0.995992 -0.000000 -0.702337 -0.000000 0.000000 1.000000 0.000000 1565943827023949983

0.995941 0.090006 0.000000 701.565601 -0.090006 0.995941 -0.000000 -1.014893 -0.000000 0.000000 1.000000 0.000000 1565943827273603882

0.995877 0.090709 0.000000 705.110437 -0.090709 0.995877 -0.000000 -1.404537 -0.000000 0.000000 1.000000 0.000000 1565943827524531719

0.995626 0.093426 0.000000 708.612143 -0.093426 0.995626 -0.000000 -1.740469 -0.000000 0.000000 1.000000 0.000000 1565943827775056978

0.995281 0.097037 0.000000 712.158944 -0.097037 0.995281 -0.000000 -2.098924 -0.000000 0.000000 1.000000 0.000000 1565943828025796399

0.994917 0.100698 0.000000 715.684449 -0.100698 0.994917 -0.000000 -2.509576 -0.000000 0.000000 1.000000 0.000000 1565943828276404308

0.994550 0.104263 0.000000 719.148926 -0.104263 0.994550 -0.000000 -2.923737 -0.000000 0.000000 1.000000 0.000000 1565943828527196606

0.994606 0.103727 0.000000 722.720901 -0.103727 0.994606 -0.000000 -3.296763 -0.000000 0.000000 1.000000 0.000000 1565943828777878306

0.994307 0.106558 0.000000 726.192317 -0.106558 0.994307 -0.000000 -3.708864 -0.000000 0.000000 1.000000 0.000000 1565943829028530757

0.994321 0.106422 0.000000 729.666670 -0.106422 0.994321 -0.000000 -4.109257 -0.000000 0.000000 1.000000 0.000000 1565943829279379132

0.994353 0.106127 0.000000 733.149073 -0.106127 0.994353 -0.000000 -4.499054 -0.000000 0.000000 1.000000 0.000000 1565943829529988626

0.994364 0.106023 0.000000 736.689116 -0.106023 0.994364 -0.000000 -4.904133 -0.000000 0.000000 1.000000 0.000000 1565943829780691900

0.994532 0.104431 0.000000 740.171368 -0.104431 0.994532 -0.000000 -5.366721 -0.000000 0.000000 1.000000 0.000000 1565943830030840403

0.994734 0.102492 0.000000 743.697323 -0.102492 0.994734 -0.000000 -5.679144 -0.000000 0.000000 1.000000 0.000000 1565943830282573711

0.994822 0.101629 0.000000 747.152211 -0.101629 0.994822 -0.000000 -6.075101 -0.000000 0.000000 1.000000 0.000000 1565943830532276890

0.994900 0.100868 0.000000 750.584473 -0.100868 0.994900 -0.000000 -6.490101 -0.000000 0.000000 1.000000 0.000000 1565943830782900794

0.994716 0.102660 0.000000 754.089826 -0.102660 0.994716 -0.000000 -6.825401 -0.000000 0.000000 1.000000 0.000000 1565943831033398700

0.994655 0.103254 0.000000 757.493283 -0.103254 0.994655 -0.000000 -7.186341 -0.000000 0.000000 1.000000 0.000000 1565943831283904583

0.994583 0.103948 0.000000 760.997561 -0.103948 0.994583 -0.000000 -7.571080 -0.000000 0.000000 1.000000 0.000000 1565943831534674808

0.994473 0.104993 0.000000 764.397731 -0.104993 0.994473 -0.000000 -7.949869 -0.000000 0.000000 1.000000 0.000000 1565943831785292356

0.994449 0.105216 0.000000 767.906030 -0.105216 0.994449 -0.000000 -8.333945 -0.000000 0.000000 1.000000 0.000000 1565943832035892417

0.994431 0.105386 0.000000 771.393746 -0.105386 0.994431 -0.000000 -8.715015 -0.000000 0.000000 1.000000 0.000000 1565943832286385900

0.994696 0.102856 0.000000 774.847027 -0.102856 0.994696 -0.000000 -9.055257 -0.000000 0.000000 1.000000 0.000000 1565943832537059003

0.994667 0.103140 0.000000 778.327310 -0.103140 0.994667 -0.000000 -9.410267 -0.000000 0.000000 1.000000 0.000000 1565943832797376386

0.994765 0.102188 0.000000 781.794856 -0.102188 0.994765 -0.000000 -9.812142 -0.000000 0.000000 1.000000 0.000000 1565943833038198612

0.994697 0.102845 0.000000 785.269287 -0.102845 0.994697 -0.000000 -10.199086 -0.000000 0.000000 1.000000 0.000000 1565943833287964970

0.994776 0.102078 0.000000 788.724878 -0.102078 0.994776 -0.000000 -10.573994 -0.000000 0.000000 1.000000 0.000000 1565943833539776510

0.994887 0.100996 0.000000 792.188209 -0.100996 0.994887 -0.000000 -10.916549 -0.000000 0.000000 1.000000 0.000000 1565943833790789199

0.994911 0.100761 0.000000 795.677297 -0.100761 0.994911 -0.000000 -11.295092 -0.000000 0.000000 1.000000 0.000000 1565943834041184124

0.994850 0.101354 0.000000 799.133463 -0.101354 0.994850 -0.000000 -11.606952 -0.000000 0.000000 1.000000 0.000000 1565943834291795944

0.994867 0.101189 0.000000 802.576001 -0.101189 0.994867 -0.000000 -12.010469 -0.000000 0.000000 1.000000 0.000000 1565943834542039318

0.994809 0.101763 0.000000 806.049748 -0.101763 0.994809 -0.000000 -12.412476 -0.000000 0.000000 1.000000 0.000000 1565943834793088556

0.994848 0.101373 0.000000 809.500022 -0.101373 0.994848 -0.000000 -12.763768 -0.000000 0.000000 1.000000 0.000000 1565943835044250646

0.994777 0.102071 0.000000 812.988752 -0.102071 0.994777 -0.000000 -13.158939 -0.000000 0.000000 1.000000 0.000000 1565943835294612469

0.994700 0.102822 0.000000 816.427951 -0.102822 0.994700 -0.000000 -13.562413 -0.000000 0.000000 1.000000 0.000000 1565943835544984083

0.994660 0.103206 0.000000 819.867778 -0.103206 0.994660 -0.000000 -13.954564 -0.000000 0.000000 1.000000 0.000000 1565943835795628326

0.994618 0.103607 0.000000 823.374716 -0.103607 0.994618 -0.000000 -14.316230 -0.000000 0.000000 1.000000 0.000000 1565943836045981663

0.994518 0.104566 0.000000 826.783108 -0.104566 0.994518 -0.000000 -14.695542 -0.000000 0.000000 1.000000 0.000000 1565943836296875030

0.994414 0.105546 0.000000 830.240309 -0.105546 0.994414 -0.000000 -15.132631 -0.000000 0.000000 1.000000 0.000000 1565943836547631368

0.994335 0.106287 0.000000 833.680138 -0.106287 0.994335 -0.000000 -15.473050 -0.000000 0.000000 1.000000 0.000000 1565943836798259381

0.994168 0.107846 0.000000 837.185711 -0.107846 0.994168 -0.000000 -15.873098 -0.000000 0.000000 1.000000 0.000000 1565943837047963251

0.994080 0.108650 0.000000 840.635035 -0.108650 0.994080 -0.000000 -16.208745 -0.000000 0.000000 1.000000 0.000000 1565943837299815368

0.994153 0.107985 0.000000 844.075341 -0.107985 0.994153 -0.000000 -16.695350 -0.000000 0.000000 1.000000 0.000000 1565943837549695190

0.994087 0.108583 0.000000 847.572361 -0.108583 0.994087 -0.000000 -17.057979 -0.000000 0.000000 1.000000 0.000000 1565943837800679367

0.993957 0.109772 0.000000 851.020344 -0.109772 0.993957 -0.000000 -17.353555 -0.000000 0.000000 1.000000 0.000000 1565943838051266279

0.994001 0.109372 0.000000 854.442536 -0.109372 0.994001 -0.000000 -17.833040 -0.000000 0.000000 1.000000 0.000000 1565943838302154028

0.994144 0.108068 0.000000 857.941159 -0.108068 0.994144 -0.000000 -18.154717 -0.000000 0.000000 1.000000 0.000000 1565943838552759093

0.994294 0.106677 0.000000 861.369927 -0.106677 0.994294 -0.000000 -18.502116 -0.000000 0.000000 1.000000 0.000000 1565943838803124688

0.994295 0.106669 0.000000 864.894501 -0.106669 0.994295 -0.000000 -18.985859 -0.000000 0.000000 1.000000 0.000000 1565943839053798355

0.994353 0.106124 0.000000 868.376819 -0.106124 0.994353 -0.000000 -19.298027 -0.000000 0.000000 1.000000 0.000000 1565943839304069274

0.994793 0.101918 0.000000 871.829783 -0.101918 0.994793 -0.000000 -19.687504 -0.000000 0.000000 1.000000 0.000000 1565943839554536367

