0.999917 0.012854 0.000000 0.928201 -0.012854 0.999917 -0.000000 1.606083 -0.000000 0.000000 1.000000 0.000000
0.999913 0.013188 0.000000 2.927205 -0.013188 0.999913 -0.000000 1.589896 -0.000000 0.000000 1.000000 0.000000
0.999933 0.011565 0.000000 4.886993 -0.011565 0.999933 -0.000000 1.517353 -0.000000 0.000000 1.000000 0.000000
0.999945 0.010477 0.000000 6.422473 -0.010477 0.999945 -0.000000 1.524664 -0.000000 0.000000 1.000000 0.000000
0.999953 0.009657 0.000000 8.121150 -0.009657 0.999953 -0.000000 1.512356 -0.000000 0.000000 1.000000 0.000000
0.999966 0.008225 0.000000 9.974936 -0.008225 0.999966 -0.000000 1.520495 -0.000000 0.000000 1.000000 0.000000
0.999980 0.006272 0.000000 11.913920 -0.006272 0.999980 -0.000000 1.483218 -0.000000 0.000000 1.000000 0.000000
0.999986 0.005201 0.000000 13.977072 -0.005201 0.999986 -0.000000 1.487840 -0.000000 0.000000 1.000000 0.000000
0.999989 0.004744 0.000000 16.209481 -0.004744 0.999989 -0.000000 1.482606 -0.000000 0.000000 1.000000 0.000000
0.999992 0.003919 0.000000 18.516372 -0.003919 0.999992 -0.000000 1.478883 -0.000000 0.000000 1.000000 0.000000
0.999997 0.002555 0.000000 20.886641 -0.002555 0.999997 -0.000000 1.451497 -0.000000 0.000000 1.000000 0.000000
0.999999 0.001713 0.000000 23.306773 -0.001713 0.999999 -0.000000 1.439125 -0.000000 0.000000 1.000000 0.000000
0.999919 -0.012725 0.000000 25.668842 0.012725 0.999919 0.000000 1.517420 0.000000 0.000000 1.000000 0.000000
0.999325 -0.036746 0.000000 28.151372 0.036746 0.999325 0.000000 1.610421 0.000000 0.000000 1.000000 0.000000
0.998037 -0.062626 0.000000 30.638035 0.062626 0.998037 0.000000 1.820090 0.000000 0.000000 1.000000 0.000000
0.996269 -0.086306 0.000000 33.123447 0.086306 0.996269 0.000000 2.034217 0.000000 0.000000 1.000000 0.000000
0.994567 -0.104094 0.000000 35.646406 0.104094 0.994567 0.000000 2.252070 0.000000 0.000000 1.000000 0.000000
0.994156 -0.107955 0.000000 38.222113 0.107955 0.994156 0.000000 2.540467 0.000000 0.000000 1.000000 0.000000
0.994378 -0.105885 0.000000 40.818042 0.105885 0.994378 0.000000 2.829556 0.000000 0.000000 1.000000 0.000000
0.994850 -0.101361 0.000000 43.526110 0.101361 0.994850 0.000000 3.091369 0.000000 0.000000 1.000000 0.000000
0.994892 -0.100948 0.000000 46.289139 0.100948 0.994892 0.000000 3.379709 0.000000 0.000000 1.000000 0.000000
0.994240 -0.107174 0.000000 49.116956 0.107174 0.994240 0.000000 3.690142 0.000000 0.000000 1.000000 0.000000
0.992918 -0.118802 0.000000 51.982134 0.118802 0.992918 0.000000 4.035987 0.000000 0.000000 1.000000 0.000000
0.990815 -0.135221 0.000000 54.947533 0.135221 0.990815 0.000000 4.455800 0.000000 0.000000 1.000000 0.000000
0.989774 -0.142645 0.000000 56.444910 0.142645 0.989774 0.000000 4.690246 0.000000 0.000000 1.000000 0.000000
0.988702 -0.149896 0.000000 57.988278 0.149896 0.988702 0.000000 4.936792 0.000000 0.000000 1.000000 0.000000
0.987666 -0.156577 0.000000 59.491591 0.156577 0.987666 0.000000 5.185308 0.000000 0.000000 1.000000 0.000000
0.986505 -0.163734 0.000000 61.027630 0.163734 0.986505 0.000000 5.477870 0.000000 0.000000 1.000000 0.000000
0.985287 -0.170906 0.000000 62.532516 0.170906 0.985287 0.000000 5.703187 0.000000 0.000000 1.000000 0.000000
0.983191 -0.182581 0.000000 65.546546 0.182581 0.983191 0.000000 6.257383 0.000000 0.000000 1.000000 0.000000
0.982700 -0.185206 0.000000 68.523056 0.185206 0.982700 0.000000 6.827788 0.000000 0.000000 1.000000 0.000000
0.983332 -0.181818 0.000000 71.421045 0.181818 0.983332 0.000000 7.381349 0.000000 0.000000 1.000000 0.000000
0.984190 -0.177118 0.000000 74.249373 0.177118 0.984190 0.000000 7.911341 0.000000 0.000000 1.000000 0.000000
0.985320 -0.170717 0.000000 76.784326 0.170717 0.985320 0.000000 8.372900 0.000000 0.000000 1.000000 0.000000
0.985970 -0.166923 0.000000 79.064699 0.166923 0.985970 0.000000 8.711342 0.000000 0.000000 1.000000 0.000000
0.986595 -0.163188 0.000000 81.018234 0.163188 0.986595 0.000000 9.044677 0.000000 0.000000 1.000000 0.000000
0.986590 -0.163220 0.000000 82.569761 0.163220 0.986590 0.000000 9.290524 0.000000 0.000000 1.000000 0.000000
0.986127 -0.165993 0.000000 84.244119 0.165993 0.986127 0.000000 9.589007 0.000000 0.000000 1.000000 0.000000
0.985007 -0.172513 0.000000 86.051993 0.172513 0.985007 0.000000 9.891340 0.000000 0.000000 1.000000 0.000000
0.981337 -0.192295 0.000000 87.630335 0.192295 0.981337 0.000000 10.244353 0.000000 0.000000 1.000000 0.000000
0.976006 -0.217746 0.000000 89.301593 0.217746 0.976006 0.000000 10.681780 0.000000 0.000000 1.000000 0.000000
0.965955 -0.258711 0.000000 91.397933 0.258711 0.965955 0.000000 11.275989 0.000000 0.000000 1.000000 0.000000
0.954790 -0.297280 0.000000 93.052008 0.297280 0.954790 0.000000 11.765769 0.000000 0.000000 1.000000 0.000000
0.935611 -0.353032 0.000000 95.830167 0.353032 0.935611 0.000000 12.992833 0.000000 0.000000 1.000000 0.000000
0.906700 -0.421775 0.000000 97.881617 0.421775 0.906700 0.000000 13.867623 0.000000 0.000000 1.000000 0.000000
0.877466 -0.479638 0.000000 99.925587 0.479638 0.877466 0.000000 15.048099 0.000000 0.000000 1.000000 0.000000
0.839215 -0.543799 0.000000 102.174918 0.543799 0.839215 0.000000 16.516232 0.000000 0.000000 1.000000 0.000000
0.793536 -0.608524 0.000000 104.308364 0.608524 0.793536 0.000000 18.264671 0.000000 0.000000 1.000000 0.000000
0.750067 -0.661361 0.000000 106.591553 0.661361 0.750067 0.000000 20.218542 0.000000 0.000000 1.000000 0.000000
0.721390 -0.692529 0.000000 108.810757 0.692529 0.721390 0.000000 22.362176 0.000000 0.000000 1.000000 0.000000
0.712675 -0.701494 0.000000 109.961551 0.701494 0.712675 0.000000 23.463740 0.000000 0.000000 1.000000 0.000000
0.708356 -0.705855 0.000000 111.155436 0.705855 0.708356 0.000000 24.637956 0.000000 0.000000 1.000000 0.000000
0.708932 -0.705277 0.000000 112.332612 0.705277 0.708932 0.000000 25.864001 0.000000 0.000000 1.000000 0.000000
0.713223 -0.700937 0.000000 113.508727 0.700937 0.713223 0.000000 27.063016 0.000000 0.000000 1.000000 0.000000
0.717554 -0.696503 0.000000 114.718018 0.696503 0.717554 0.000000 28.238567 0.000000 0.000000 1.000000 0.000000
0.721913 -0.691983 0.000000 116.006129 0.691983 0.721913 0.000000 29.501212 0.000000 0.000000 1.000000 0.000000
0.725622 -0.688094 0.000000 117.357370 0.688094 0.725622 0.000000 30.786366 0.000000 0.000000 1.000000 0.000000
0.729364 -0.684126 0.000000 118.714185 0.684126 0.729364 0.000000 32.061005 0.000000 0.000000 1.000000 0.000000
0.732095 -0.681203 0.000000 120.075552 0.681203 0.732095 0.000000 33.304528 0.000000 0.000000 1.000000 0.000000
0.735106 -0.677952 0.000000 121.509280 0.677952 0.735106 0.000000 34.649364 0.000000 0.000000 1.000000 0.000000
0.738575 -0.674171 0.000000 122.922427 0.674171 0.738575 0.000000 35.936894 0.000000 0.000000 1.000000 0.000000
0.741787 -0.670636 0.000000 124.357688 0.670636 0.741787 0.000000 37.241669 0.000000 0.000000 1.000000 0.000000
0.745034 -0.667026 0.000000 125.895147 0.667026 0.745034 0.000000 38.591873 0.000000 0.000000 1.000000 0.000000
0.748457 -0.663184 0.000000 127.396054 0.663184 0.748457 0.000000 39.952622 0.000000 0.000000 1.000000 0.000000
0.752466 -0.658631 0.000000 128.954271 0.658631 0.752466 0.000000 41.243971 0.000000 0.000000 1.000000 0.000000
0.757819 -0.652465 0.000000 130.457371 0.652465 0.757819 0.000000 42.583305 0.000000 0.000000 1.000000 0.000000
0.766119 -0.642699 0.000000 132.057834 0.642699 0.766119 0.000000 43.921731 0.000000 0.000000 1.000000 0.000000
0.773167 -0.634202 0.000000 133.637293 0.634202 0.773167 0.000000 45.209549 0.000000 0.000000 1.000000 0.000000
0.783977 -0.620789 0.000000 135.287087 0.620789 0.783977 0.000000 46.515670 0.000000 0.000000 1.000000 0.000000
0.793779 -0.608206 0.000000 136.888812 0.608206 0.793779 0.000000 47.746169 0.000000 0.000000 1.000000 0.000000
0.803916 -0.594743 0.000000 138.595444 0.594743 0.803916 0.000000 48.995141 0.000000 0.000000 1.000000 0.000000
0.813454 -0.581629 0.000000 140.337865 0.581629 0.813454 0.000000 50.225675 0.000000 0.000000 1.000000 0.000000
0.822733 -0.568428 0.000000 142.125684 0.568428 0.822733 0.000000 51.419583 0.000000 0.000000 1.000000 0.000000
0.832921 -0.553392 0.000000 143.879831 0.553392 0.832921 0.000000 52.590239 0.000000 0.000000 1.000000 0.000000
0.843514 -0.537108 0.000000 145.683719 0.537108 0.843514 0.000000 53.702118 0.000000 0.000000 1.000000 0.000000
0.855487 -0.517824 0.000000 147.474727 0.517824 0.855487 0.000000 54.853432 0.000000 0.000000 1.000000 0.000000
0.868288 -0.496060 0.000000 149.353608 0.496060 0.868288 0.000000 55.878542 0.000000 0.000000 1.000000 0.000000
0.881227 -0.472693 0.000000 151.217935 0.472693 0.881227 0.000000 56.865875 0.000000 0.000000 1.000000 0.000000
0.893680 -0.448704 0.000000 153.065607 0.448704 0.893680 0.000000 57.782231 0.000000 0.000000 1.000000 0.000000
0.905489 -0.424370 0.000000 154.995834 0.424370 0.905489 0.000000 58.682698 0.000000 0.000000 1.000000 0.000000
0.916279 -0.400540 0.000000 156.956849 0.400540 0.916279 0.000000 59.508826 0.000000 0.000000 1.000000 0.000000
0.926350 -0.376663 0.000000 158.903551 0.376663 0.926350 0.000000 60.306542 0.000000 0.000000 1.000000 0.000000
0.934604 -0.355691 0.000000 160.858293 0.355691 0.934604 0.000000 61.031495 0.000000 0.000000 1.000000 0.000000
0.941807 -0.336154 0.000000 162.883319 0.336154 0.941807 0.000000 61.753611 0.000000 0.000000 1.000000 0.000000
0.948036 -0.318164 0.000000 164.891391 0.318164 0.948036 0.000000 62.443536 0.000000 0.000000 1.000000 0.000000
0.954747 -0.297420 0.000000 166.934955 0.297420 0.954747 0.000000 63.055479 0.000000 0.000000 1.000000 0.000000
0.961810 -0.273719 0.000000 169.005314 0.273719 0.961810 0.000000 63.643890 0.000000 0.000000 1.000000 0.000000
0.968398 -0.249412 0.000000 171.055000 0.249412 0.968398 0.000000 64.173996 0.000000 0.000000 1.000000 0.000000
0.973303 -0.229526 0.000000 173.118706 0.229526 0.973303 0.000000 64.635072 0.000000 0.000000 1.000000 0.000000
0.978172 -0.207799 0.000000 175.252743 0.207799 0.978172 0.000000 65.100265 0.000000 0.000000 1.000000 0.000000
0.982265 -0.187499 0.000000 177.326578 0.187499 0.982265 0.000000 65.479342 0.000000 0.000000 1.000000 0.000000
0.985180 -0.171524 0.000000 179.463690 0.171524 0.985180 0.000000 65.851925 0.000000 0.000000 1.000000 0.000000
0.987694 -0.156397 0.000000 181.620420 0.156397 0.987694 0.000000 66.226693 0.000000 0.000000 1.000000 0.000000
0.990044 -0.140756 0.000000 183.765998 0.140756 0.990044 0.000000 66.521217 0.000000 0.000000 1.000000 0.000000
0.992161 -0.124967 0.000000 185.964120 0.124967 0.992161 0.000000 66.778450 0.000000 0.000000 1.000000 0.000000
0.993980 -0.109564 0.000000 188.137470 0.109564 0.993980 0.000000 67.015267 0.000000 0.000000 1.000000 0.000000
0.995405 -0.095755 0.000000 190.317243 0.095755 0.995405 0.000000 67.229458 0.000000 0.000000 1.000000 0.000000
0.996641 -0.081891 0.000000 192.525372 0.081891 0.996641 0.000000 67.401316 0.000000 0.000000 1.000000 0.000000
0.997523 -0.070334 0.000000 194.695350 0.070334 0.997523 0.000000 67.519013 0.000000 0.000000 1.000000 0.000000
0.998388 -0.056764 0.000000 196.853331 0.056764 0.998388 0.000000 67.657983 0.000000 0.000000 1.000000 0.000000
0.999130 -0.041709 0.000000 199.004187 0.041709 0.999130 0.000000 67.717342 0.000000 0.000000 1.000000 0.000000
0.999770 -0.021465 0.000000 201.167418 0.021465 0.999770 0.000000 67.776617 0.000000 0.000000 1.000000 0.000000
0.999996 -0.002685 0.000000 203.295643 0.002685 0.999996 0.000000 67.782846 0.000000 0.000000 1.000000 0.000000
0.999875 0.015793 0.000000 205.410402 -0.015793 0.999875 -0.000000 67.746051 -0.000000 0.000000 1.000000 0.000000
0.999466 0.032662 0.000000 207.508095 -0.032662 0.999466 -0.000000 67.659530 -0.000000 0.000000 1.000000 0.000000
0.998803 0.048918 0.000000 209.651569 -0.048918 0.998803 -0.000000 67.564575 -0.000000 0.000000 1.000000 0.000000
0.997896 0.064832 0.000000 211.799711 -0.064832 0.997896 -0.000000 67.409029 -0.000000 0.000000 1.000000 0.000000
0.996661 0.081649 0.000000 213.946760 -0.081649 0.996661 -0.000000 67.238145 -0.000000 0.000000 1.000000 0.000000
0.995249 0.097363 0.000000 216.075445 -0.097363 0.995249 -0.000000 67.017101 -0.000000 0.000000 1.000000 0.000000
0.993554 0.113358 0.000000 218.279150 -0.113358 0.993554 -0.000000 66.759872 -0.000000 0.000000 1.000000 0.000000
0.991912 0.126930 0.000000 220.432024 -0.126930 0.991912 -0.000000 66.450224 -0.000000 0.000000 1.000000 0.000000
0.990360 0.138517 0.000000 222.610946 -0.138517 0.990360 -0.000000 66.149009 -0.000000 0.000000 1.000000 0.000000
0.988740 0.149645 0.000000 224.757488 -0.149645 0.988740 -0.000000 65.815030 -0.000000 0.000000 1.000000 0.000000
0.986553 0.163440 0.000000 226.927965 -0.163440 0.986553 -0.000000 65.487829 -0.000000 0.000000 1.000000 0.000000
0.983908 0.178673 0.000000 229.057373 -0.178673 0.983908 -0.000000 65.082284 -0.000000 0.000000 1.000000 0.000000
0.981114 0.193428 0.000000 231.250272 -0.193428 0.981114 -0.000000 64.678889 -0.000000 0.000000 1.000000 0.000000
0.977812 0.209486 0.000000 233.384212 -0.209486 0.977812 -0.000000 64.224924 -0.000000 0.000000 1.000000 0.000000
0.973753 0.227607 0.000000 235.547829 -0.227607 0.973753 -0.000000 63.717138 -0.000000 0.000000 1.000000 0.000000
0.969284 0.245944 0.000000 237.640742 -0.245944 0.969284 -0.000000 63.204976 -0.000000 0.000000 1.000000 0.000000
0.965054 0.262051 0.000000 239.708103 -0.262051 0.965054 -0.000000 62.619116 -0.000000 0.000000 1.000000 0.000000
0.961506 0.274783 0.000000 241.828766 -0.274783 0.961506 -0.000000 62.007019 -0.000000 0.000000 1.000000 0.000000
0.956286 0.292432 0.000000 243.983376 -0.292432 0.956286 -0.000000 61.362367 -0.000000 0.000000 1.000000 0.000000
0.949980 0.312312 0.000000 246.045828 -0.312312 0.949980 -0.000000 60.656264 -0.000000 0.000000 1.000000 0.000000
0.941080 0.338183 0.000000 248.121916 -0.338183 0.941080 -0.000000 59.921953 -0.000000 0.000000 1.000000 0.000000
0.931016 0.364979 0.000000 250.062639 -0.364979 0.931016 -0.000000 59.108700 -0.000000 0.000000 1.000000 0.000000
0.920235 0.391367 0.000000 252.146519 -0.391367 0.920235 -0.000000 58.264255 -0.000000 0.000000 1.000000 0.000000
0.908356 0.418199 0.000000 254.072474 -0.418199 0.908356 -0.000000 57.342223 -0.000000 0.000000 1.000000 0.000000
0.895860 0.444337 0.000000 256.071360 -0.444337 0.895860 -0.000000 56.382187 -0.000000 0.000000 1.000000 0.000000
0.881545 0.472100 0.000000 257.990053 -0.472100 0.881545 -0.000000 55.295728 -0.000000 0.000000 1.000000 0.000000
0.866793 0.498669 0.000000 259.876407 -0.498669 0.866793 -0.000000 54.180796 -0.000000 0.000000 1.000000 0.000000
0.852722 0.522364 0.000000 261.712381 -0.522364 0.852722 -0.000000 53.039587 -0.000000 0.000000 1.000000 0.000000
0.840670 0.541547 0.000000 263.538849 -0.541547 0.840670 -0.000000 51.875936 -0.000000 0.000000 1.000000 0.000000
0.830264 0.557370 0.000000 265.368550 -0.557370 0.830264 -0.000000 50.677264 -0.000000 0.000000 1.000000 0.000000
0.820090 0.572235 0.000000 267.072362 -0.572235 0.820090 -0.000000 49.446391 -0.000000 0.000000 1.000000 0.000000
0.810026 0.586394 0.000000 268.836180 -0.586394 0.810026 -0.000000 48.198916 -0.000000 0.000000 1.000000 0.000000
0.799076 0.601230 0.000000 270.483090 -0.601230 0.799076 -0.000000 46.922538 -0.000000 0.000000 1.000000 0.000000
0.788456 0.615091 0.000000 272.156821 -0.615091 0.788456 -0.000000 45.662998 -0.000000 0.000000 1.000000 0.000000
0.776941 0.629573 0.000000 273.761849 -0.629573 0.776941 -0.000000 44.309249 -0.000000 0.000000 1.000000 0.000000
0.763970 0.645252 0.000000 275.272706 -0.645252 0.763970 -0.000000 42.989516 -0.000000 0.000000 1.000000 0.000000
0.750344 0.661047 0.000000 276.783129 -0.661047 0.750344 -0.000000 41.600843 -0.000000 0.000000 1.000000 0.000000
0.736224 0.676738 0.000000 278.275618 -0.676738 0.736224 -0.000000 40.256759 -0.000000 0.000000 1.000000 0.000000
0.722903 0.690949 0.000000 279.756264 -0.690949 0.722903 -0.000000 38.833191 -0.000000 0.000000 1.000000 0.000000
0.709921 0.704282 0.000000 281.173196 -0.704282 0.709921 -0.000000 37.361534 -0.000000 0.000000 1.000000 0.000000
0.698977 0.715144 0.000000 282.593322 -0.715144 0.698977 -0.000000 35.944778 -0.000000 0.000000 1.000000 0.000000
0.690633 0.723206 0.000000 284.005699 -0.723206 0.690633 -0.000000 34.446838 -0.000000 0.000000 1.000000 0.000000
0.682088 0.731270 0.000000 285.373825 -0.731270 0.682088 -0.000000 32.958601 -0.000000 0.000000 1.000000 0.000000
0.673277 0.739390 0.000000 286.761747 -0.739390 0.673277 -0.000000 31.482004 -0.000000 0.000000 1.000000 0.000000
0.667585 0.744534 0.000000 288.102019 -0.744534 0.667585 -0.000000 30.009696 -0.000000 0.000000 1.000000 0.000000
0.663986 0.747745 0.000000 289.445435 -0.747745 0.663986 -0.000000 28.488584 -0.000000 0.000000 1.000000 0.000000
0.662057 0.749453 0.000000 290.777096 -0.749453 0.662057 -0.000000 27.042129 -0.000000 0.000000 1.000000 0.000000
0.662390 0.749159 0.000000 292.073475 -0.749159 0.662390 -0.000000 25.547515 -0.000000 0.000000 1.000000 0.000000
0.665913 0.746029 0.000000 293.393368 -0.746029 0.665913 -0.000000 24.111568 -0.000000 0.000000 1.000000 0.000000
0.672234 0.740339 0.000000 294.706890 -0.740339 0.672234 -0.000000 22.696594 -0.000000 0.000000 1.000000 0.000000
0.683279 0.730158 0.000000 295.994360 -0.730158 0.683279 -0.000000 21.288334 -0.000000 0.000000 1.000000 0.000000
0.696247 0.717802 0.000000 297.361392 -0.717802 0.696247 -0.000000 19.966334 -0.000000 0.000000 1.000000 0.000000
0.710953 0.703240 0.000000 298.722411 -0.703240 0.710953 -0.000000 18.605674 -0.000000 0.000000 1.000000 0.000000
0.726065 0.687626 0.000000 300.083638 -0.687626 0.726065 -0.000000 17.350446 -0.000000 0.000000 1.000000 0.000000
0.743139 0.669137 0.000000 301.468546 -0.669137 0.743139 -0.000000 16.103873 -0.000000 0.000000 1.000000 0.000000
0.759417 0.650604 0.000000 302.937124 -0.650604 0.759417 -0.000000 14.894639 -0.000000 0.000000 1.000000 0.000000
0.777360 0.629056 0.000000 304.356052 -0.629056 0.777360 -0.000000 13.752820 -0.000000 0.000000 1.000000 0.000000
0.795296 0.606221 0.000000 305.869691 -0.606221 0.795296 -0.000000 12.644716 -0.000000 0.000000 1.000000 0.000000
0.815821 0.578305 0.000000 307.400081 -0.578305 0.815821 -0.000000 11.609130 -0.000000 0.000000 1.000000 0.000000
0.836872 0.547398 0.000000 308.998577 -0.547398 0.836872 -0.000000 10.613151 -0.000000 0.000000 1.000000 0.000000
0.857419 0.514620 0.000000 310.612848 -0.514620 0.857419 -0.000000 9.694618 -0.000000 0.000000 1.000000 0.000000
0.879529 0.475846 0.000000 312.222557 -0.475846 0.879529 -0.000000 8.825719 -0.000000 0.000000 1.000000 0.000000
0.901294 0.433208 0.000000 313.968876 -0.433208 0.901294 -0.000000 8.007503 -0.000000 0.000000 1.000000 0.000000
0.922160 0.386808 0.000000 315.688761 -0.386808 0.922160 -0.000000 7.332692 -0.000000 0.000000 1.000000 0.000000
0.941006 0.338391 0.000000 317.516776 -0.338391 0.941006 -0.000000 6.673179 -0.000000 0.000000 1.000000 0.000000
0.957919 0.287040 0.000000 319.320793 -0.287040 0.957919 -0.000000 6.183558 -0.000000 0.000000 1.000000 0.000000
0.971024 0.238983 0.000000 321.306973 -0.238983 0.971024 -0.000000 5.685849 -0.000000 0.000000 1.000000 0.000000
0.979310 0.202364 0.000000 323.243981 -0.202364 0.979310 -0.000000 5.279096 -0.000000 0.000000 1.000000 0.000000
0.985046 0.172292 0.000000 325.104363 -0.172292 0.985046 -0.000000 4.998223 -0.000000 0.000000 1.000000 0.000000
0.989248 0.146250 0.000000 327.036793 -0.146250 0.989248 -0.000000 4.742534 -0.000000 0.000000 1.000000 0.000000
0.992772 0.120017 0.000000 328.990620 -0.120017 0.992772 -0.000000 4.547336 -0.000000 0.000000 1.000000 0.000000
0.995171 0.098157 0.000000 330.972437 -0.098157 0.995171 -0.000000 4.357969 -0.000000 0.000000 1.000000 0.000000
0.996645 0.081845 0.000000 332.970728 -0.081845 0.996645 -0.000000 4.191486 -0.000000 0.000000 1.000000 0.000000
0.997618 0.068974 0.000000 335.004137 -0.068974 0.997618 -0.000000 4.077743 -0.000000 0.000000 1.000000 0.000000
0.998170 0.060475 0.000000 337.049701 -0.060475 0.998170 -0.000000 3.938506 -0.000000 0.000000 1.000000 0.000000
0.998289 0.058476 0.000000 339.061570 -0.058476 0.998289 -0.000000 3.857155 -0.000000 0.000000 1.000000 0.000000
0.998229 0.059483 0.000000 341.132519 -0.059483 0.998229 -0.000000 3.730401 -0.000000 0.000000 1.000000 0.000000
0.998023 0.062857 0.000000 343.180757 -0.062857 0.998023 -0.000000 3.598250 -0.000000 0.000000 1.000000 0.000000
0.997745 0.067114 0.000000 345.255177 -0.067114 0.997745 -0.000000 3.452588 -0.000000 0.000000 1.000000 0.000000
0.997428 0.071681 0.000000 347.298868 -0.071681 0.997428 -0.000000 3.320539 -0.000000 0.000000 1.000000 0.000000
0.997120 0.075844 0.000000 349.449915 -0.075844 0.997120 -0.000000 3.151185 -0.000000 0.000000 1.000000 0.000000
0.996885 0.078866 0.000000 351.546214 -0.078866 0.996885 -0.000000 3.000414 -0.000000 0.000000 1.000000 0.000000
0.996645 0.081845 0.000000 353.637904 -0.081845 0.996645 -0.000000 2.817286 -0.000000 0.000000 1.000000 0.000000
0.996408 0.084684 0.000000 355.786631 -0.084684 0.996408 -0.000000 2.601141 -0.000000 0.000000 1.000000 0.000000
0.996154 0.087622 0.000000 357.928711 -0.087622 0.996154 -0.000000 2.429730 -0.000000 0.000000 1.000000 0.000000
0.995974 0.089640 0.000000 360.084361 -0.089640 0.995974 -0.000000 2.235839 -0.000000 0.000000 1.000000 0.000000
0.995853 0.090973 0.000000 362.209341 -0.090973 0.995853 -0.000000 2.060269 -0.000000 0.000000 1.000000 0.000000
0.995915 0.090298 0.000000 364.401173 -0.090298 0.995915 -0.000000 1.877644 -0.000000 0.000000 1.000000 0.000000
0.996161 0.087539 0.000000 366.600068 -0.087539 0.996161 -0.000000 1.637649 -0.000000 0.000000 1.000000 0.000000
0.996383 0.084977 0.000000 368.807958 -0.084977 0.996383 -0.000000 1.412437 -0.000000 0.000000 1.000000 0.000000
0.996676 0.081467 0.000000 371.043226 -0.081467 0.996676 -0.000000 1.217826 -0.000000 0.000000 1.000000 0.000000
0.996914 0.078503 0.000000 373.257563 -0.078503 0.996914 -0.000000 1.083079 -0.000000 0.000000 1.000000 0.000000
0.997207 0.074693 0.000000 375.470468 -0.074693 0.997207 -0.000000 0.895002 -0.000000 0.000000 1.000000 0.000000
0.997569 0.069688 0.000000 377.727295 -0.069688 0.997569 -0.000000 0.698380 -0.000000 0.000000 1.000000 0.000000
0.998203 0.059925 0.000000 379.967192 -0.059925 0.998203 -0.000000 0.619627 -0.000000 0.000000 1.000000 0.000000
0.998644 0.052061 0.000000 382.295122 -0.052061 0.998644 -0.000000 0.447194 -0.000000 0.000000 1.000000 0.000000
0.998922 0.046424 0.000000 384.549057 -0.046424 0.998922 -0.000000 0.372388 -0.000000 0.000000 1.000000 0.000000
0.999194 0.040151 0.000000 386.884928 -0.040151 0.999194 -0.000000 0.237438 -0.000000 0.000000 1.000000 0.000000
0.999308 0.037200 0.000000 389.176329 -0.037200 0.999308 -0.000000 0.139612 -0.000000 0.000000 1.000000 0.000000
0.999499 0.031651 0.000000 391.438528 -0.031651 0.999499 -0.000000 0.071186 -0.000000 0.000000 1.000000 0.000000
0.999593 0.028542 0.000000 393.697746 -0.028542 0.999593 -0.000000 0.023439 -0.000000 0.000000 1.000000 0.000000
0.999681 0.025238 0.000000 395.963002 -0.025238 0.999681 -0.000000 -0.084934 -0.000000 0.000000 1.000000 0.000000
0.999767 0.021583 0.000000 398.199417 -0.021583 0.999767 -0.000000 -0.129425 -0.000000 0.000000 1.000000 0.000000
0.999787 0.020660 0.000000 400.460112 -0.020660 0.999787 -0.000000 -0.160556 -0.000000 0.000000 1.000000 0.000000
0.999749 0.022415 0.000000 402.669813 -0.022415 0.999749 -0.000000 -0.242605 -0.000000 0.000000 1.000000 0.000000
0.999745 0.022562 0.000000 404.879481 -0.022562 0.999745 -0.000000 -0.273880 -0.000000 0.000000 1.000000 0.000000
0.999758 0.021976 0.000000 407.069762 -0.021976 0.999758 -0.000000 -0.350202 -0.000000 0.000000 1.000000 0.000000
0.999786 0.020668 0.000000 409.273531 -0.020668 0.999786 -0.000000 -0.356587 -0.000000 0.000000 1.000000 0.000000
0.999798 0.020110 0.000000 411.526161 -0.020110 0.999798 -0.000000 -0.458863 -0.000000 0.000000 1.000000 0.000000
0.999781 0.020926 0.000000 413.703612 -0.020926 0.999781 -0.000000 -0.443332 -0.000000 0.000000 1.000000 0.000000
0.999751 0.022294 0.000000 415.885551 -0.022294 0.999751 -0.000000 -0.545250 -0.000000 0.000000 1.000000 0.000000
0.999708 0.024163 0.000000 418.058374 -0.024163 0.999708 -0.000000 -0.578555 -0.000000 0.000000 1.000000 0.000000
0.999682 0.025219 0.000000 420.294179 -0.025219 0.999682 -0.000000 -0.551341 -0.000000 0.000000 1.000000 0.000000
0.999711 0.024060 0.000000 422.465757 -0.024060 0.999711 -0.000000 -0.633416 -0.000000 0.000000 1.000000 0.000000
0.999733 0.023119 0.000000 424.608025 -0.023119 0.999733 -0.000000 -0.700079 -0.000000 0.000000 1.000000 0.000000
0.999761 0.021877 0.000000 426.738073 -0.021877 0.999761 -0.000000 -0.785637 -0.000000 0.000000 1.000000 0.000000
0.999766 0.021646 0.000000 428.876085 -0.021646 0.999766 -0.000000 -0.825402 -0.000000 0.000000 1.000000 0.000000
0.999777 0.021118 0.000000 430.979790 -0.021118 0.999777 -0.000000 -0.852584 -0.000000 0.000000 1.000000 0.000000
0.999871 0.016081 0.000000 433.089895 -0.016081 0.999871 -0.000000 -0.897052 -0.000000 0.000000 1.000000 0.000000
0.999917 0.012871 0.000000 435.177459 -0.012871 0.999917 -0.000000 -0.912588 -0.000000 0.000000 1.000000 0.000000
0.999949 0.010088 0.000000 437.231249 -0.010088 0.999949 -0.000000 -0.990563 -0.000000 0.000000 1.000000 0.000000
0.999970 0.007708 0.000000 439.276156 -0.007708 0.999970 -0.000000 -0.981094 -0.000000 0.000000 1.000000 0.000000
0.999983 0.005781 0.000000 441.293380 -0.005781 0.999983 -0.000000 -1.011366 -0.000000 0.000000 1.000000 0.000000
0.999995 0.003226 0.000000 443.293654 -0.003226 0.999995 -0.000000 -1.004336 -0.000000 0.000000 1.000000 0.000000
0.999996 0.002704 0.000000 445.254052 -0.002704 0.999996 -0.000000 -0.977130 -0.000000 0.000000 1.000000 0.000000
0.999999 0.001527 0.000000 447.287234 -0.001527 0.999999 -0.000000 -0.961885 -0.000000 0.000000 1.000000 0.000000
1.000000 0.000891 0.000000 449.237666 -0.000891 1.000000 -0.000000 -0.972155 -0.000000 0.000000 1.000000 0.000000
1.000000 0.000193 0.000000 451.126712 -0.000193 1.000000 -0.000000 -1.013789 -0.000000 0.000000 1.000000 0.000000
1.000000 0.000200 0.000000 453.108946 -0.000200 1.000000 -0.000000 -1.007835 -0.000000 0.000000 1.000000 0.000000
0.999996 0.002725 0.000000 454.972485 -0.002725 0.999996 -0.000000 -0.972599 -0.000000 0.000000 1.000000 0.000000
0.999995 0.003114 0.000000 456.860256 -0.003114 0.999995 -0.000000 -0.970303 -0.000000 0.000000 1.000000 0.000000
0.999982 0.005959 0.000000 458.676449 -0.005959 0.999982 -0.000000 -0.962151 -0.000000 0.000000 1.000000 0.000000
0.999989 0.004770 0.000000 460.447068 -0.004770 0.999989 -0.000000 -0.958604 -0.000000 0.000000 1.000000 0.000000
0.999959 0.009006 0.000000 462.172446 -0.009006 0.999959 -0.000000 -1.021707 -0.000000 0.000000 1.000000 0.000000
0.999948 0.010213 0.000000 463.829723 -0.010213 0.999948 -0.000000 -0.990695 -0.000000 0.000000 1.000000 0.000000
0.999916 0.012932 0.000000 465.352747 -0.012932 0.999916 -0.000000 -1.034245 -0.000000 0.000000 1.000000 0.000000
0.999806 0.019707 0.000000 466.910083 -0.019707 0.999806 -0.000000 -1.018453 -0.000000 0.000000 1.000000 0.000000
0.999155 0.041113 0.000000 469.764812 -0.041113 0.999155 -0.000000 -1.141551 -0.000000 0.000000 1.000000 0.000000
0.994683 0.102989 0.000000 472.431778 -0.102989 0.994683 -0.000000 -1.460169 -0.000000 0.000000 1.000000 0.000000
0.977173 0.212444 0.000000 474.771550 -0.212444 0.977173 -0.000000 -1.998633 -0.000000 0.000000 1.000000 0.000000
0.942647 0.333791 0.000000 477.058450 -0.333791 0.942647 -0.000000 -2.902628 -0.000000 0.000000 1.000000 0.000000
0.884943 0.465700 0.000000 479.104859 -0.465700 0.884943 -0.000000 -3.962571 -0.000000 0.000000 1.000000 0.000000
0.800606 0.599191 0.000000 480.986963 -0.599191 0.800606 -0.000000 -5.484359 -0.000000 0.000000 1.000000 0.000000
0.744554 0.667562 0.000000 481.849293 -0.667562 0.744554 -0.000000 -6.305401 -0.000000 0.000000 1.000000 0.000000
0.679789 0.733408 0.000000 482.578108 -0.733408 0.679789 -0.000000 -7.239949 -0.000000 0.000000 1.000000 0.000000
0.605953 0.795501 0.000000 483.174363 -0.795501 0.605953 -0.000000 -8.211127 -0.000000 0.000000 1.000000 0.000000
0.521405 0.853310 0.000000 483.755270 -0.853310 0.521405 -0.000000 -9.285081 -0.000000 0.000000 1.000000 0.000000
0.433047 0.901371 0.000000 484.189406 -0.901371 0.433047 -0.000000 -10.405240 -0.000000 0.000000 1.000000 0.000000
0.341653 0.939826 0.000000 484.519505 -0.939826 0.341653 -0.000000 -11.564464 -0.000000 0.000000 1.000000 0.000000
0.210834 0.977522 0.000000 484.915555 -0.977522 0.210834 -0.000000 -14.049396 -0.000000 0.000000 1.000000 0.000000
0.143532 0.989646 0.000000 485.344334 -0.989646 0.143532 -0.000000 -16.683991 -0.000000 0.000000 1.000000 0.000000
0.104417 0.994534 0.000000 485.670362 -0.994534 0.104417 -0.000000 -19.502798 -0.000000 0.000000 1.000000 0.000000
0.072499 0.997368 0.000000 485.871619 -0.997368 0.072499 -0.000000 -22.454982 -0.000000 0.000000 1.000000 0.000000
0.061548 0.998104 0.000000 485.950351 -0.998104 0.061548 -0.000000 -23.978646 -0.000000 0.000000 1.000000 0.000000
0.048780 0.998810 0.000000 485.994096 -0.998810 0.048780 -0.000000 -25.613490 -0.000000 0.000000 1.000000 0.000000
0.037777 0.999286 0.000000 486.044843 -0.999286 0.037777 -0.000000 -27.235718 -0.000000 0.000000 1.000000 0.000000
0.027958 0.999609 0.000000 486.042272 -0.999609 0.027958 -0.000000 -28.909061 -0.000000 0.000000 1.000000 0.000000
0.015753 0.999876 0.000000 486.126804 -0.999876 0.015753 -0.000000 -30.615011 -0.000000 0.000000 1.000000 0.000000
0.004593 0.999989 0.000000 486.095298 -0.999989 0.004593 -0.000000 -32.262057 -0.000000 0.000000 1.000000 0.000000
-0.007820 0.999969 0.000000 486.068858 -0.999969 -0.007820 -0.000000 -34.072345 -0.000000 0.000000 1.000000 0.000000
-0.017209 0.999852 0.000000 486.002888 -0.999852 -0.017209 -0.000000 -35.831166 -0.000000 0.000000 1.000000 0.000000
-0.025347 0.999679 0.000000 485.928140 -0.999679 -0.025347 -0.000000 -37.654432 -0.000000 0.000000 1.000000 0.000000
-0.030636 0.999531 0.000000 485.873904 -0.999531 -0.030636 -0.000000 -39.506123 -0.000000 0.000000 1.000000 0.000000
-0.035125 0.999383 0.000000 485.822441 -0.999383 -0.035125 -0.000000 -41.414719 -0.000000 0.000000 1.000000 0.000000
-0.038086 0.999274 0.000000 485.762923 -0.999274 -0.038086 -0.000000 -43.372745 -0.000000 0.000000 1.000000 0.000000
-0.037306 0.999304 0.000000 485.667952 -0.999304 -0.037306 -0.000000 -45.280022 -0.000000 0.000000 1.000000 0.000000
-0.037523 0.999296 0.000000 485.604935 -0.999296 -0.037523 -0.000000 -47.286146 -0.000000 0.000000 1.000000 0.000000
-0.038104 0.999274 0.000000 485.537645 -0.999274 -0.038104 -0.000000 -49.321909 -0.000000 0.000000 1.000000 0.000000
-0.039085 0.999236 0.000000 485.449081 -0.999236 -0.039085 -0.000000 -51.326308 -0.000000 0.000000 1.000000 0.000000
-0.043178 0.999067 0.000000 485.389925 -0.999067 -0.043178 -0.000000 -53.287874 -0.000000 0.000000 1.000000 0.000000
-0.048651 0.998816 0.000000 485.311846 -0.998816 -0.048651 -0.000000 -55.300224 -0.000000 0.000000 1.000000 0.000000
-0.053506 0.998568 0.000000 485.183355 -0.998568 -0.053506 -0.000000 -57.252270 -0.000000 0.000000 1.000000 0.000000
-0.053738 0.998555 0.000000 485.035509 -0.998555 -0.053738 -0.000000 -59.289993 -0.000000 0.000000 1.000000 0.000000
-0.052692 0.998611 0.000000 484.951488 -0.998611 -0.052692 -0.000000 -61.345503 -0.000000 0.000000 1.000000 0.000000
-0.050147 0.998742 0.000000 484.844831 -0.998742 -0.050147 -0.000000 -63.443666 -0.000000 0.000000 1.000000 0.000000
-0.049914 0.998754 0.000000 484.730615 -0.998754 -0.049914 -0.000000 -65.507496 -0.000000 0.000000 1.000000 0.000000
-0.049339 0.998782 0.000000 484.578231 -0.998782 -0.049339 -0.000000 -67.592554 -0.000000 0.000000 1.000000 0.000000
-0.049988 0.998750 0.000000 484.440903 -0.998750 -0.049988 -0.000000 -69.700986 -0.000000 0.000000 1.000000 0.000000
-0.052317 0.998631 0.000000 484.337064 -0.998631 -0.052317 -0.000000 -71.834451 -0.000000 0.000000 1.000000 0.000000
-0.053404 0.998573 0.000000 484.239447 -0.998573 -0.053404 -0.000000 -73.996693 -0.000000 0.000000 1.000000 0.000000
-0.053998 0.998541 0.000000 484.093297 -0.998541 -0.053998 -0.000000 -76.185558 -0.000000 0.000000 1.000000 0.000000
-0.055136 0.998479 0.000000 483.965265 -0.998479 -0.055136 -0.000000 -78.381595 -0.000000 0.000000 1.000000 0.000000
-0.056446 0.998406 0.000000 483.825644 -0.998406 -0.056446 -0.000000 -80.558592 -0.000000 0.000000 1.000000 0.000000
-0.059106 0.998252 0.000000 483.684918 -0.998252 -0.059106 -0.000000 -82.738527 -0.000000 0.000000 1.000000 0.000000
-0.062433 0.998049 0.000000 483.537189 -0.998049 -0.062433 -0.000000 -85.016077 -0.000000 0.000000 1.000000 0.000000
-0.066766 0.997769 0.000000 483.383140 -0.997769 -0.066766 -0.000000 -87.223972 -0.000000 0.000000 1.000000 0.000000
-0.072628 0.997359 0.000000 483.227111 -0.997359 -0.072628 -0.000000 -89.474767 -0.000000 0.000000 1.000000 0.000000
-0.081164 0.996701 0.000000 483.044997 -0.996701 -0.081164 -0.000000 -91.751368 -0.000000 0.000000 1.000000 0.000000
-0.090447 0.995901 0.000000 482.766439 -0.995901 -0.090447 -0.000000 -94.144943 -0.000000 0.000000 1.000000 0.000000
-0.099254 0.995062 0.000000 482.524315 -0.995062 -0.099254 -0.000000 -96.389320 -0.000000 0.000000 1.000000 0.000000
-0.109154 0.994025 0.000000 482.244486 -0.994025 -0.109154 -0.000000 -98.707616 -0.000000 0.000000 1.000000 0.000000
-0.116708 0.993166 0.000000 482.001748 -0.993166 -0.116708 -0.000000 -101.091792 -0.000000 0.000000 1.000000 0.000000
-0.123637 0.992328 0.000000 481.610095 -0.992328 -0.123637 -0.000000 -103.380124 -0.000000 0.000000 1.000000 0.000000
-0.131845 0.991270 0.000000 481.319094 -0.991270 -0.131845 -0.000000 -105.752254 -0.000000 0.000000 1.000000 0.000000
-0.139681 0.990197 0.000000 480.982830 -0.990197 -0.139681 -0.000000 -108.033481 -0.000000 0.000000 1.000000 0.000000
-0.145746 0.989322 0.000000 480.646305 -0.989322 -0.145746 -0.000000 -110.330382 -0.000000 0.000000 1.000000 0.000000
-0.152247 0.988342 0.000000 480.288279 -0.988342 -0.152247 -0.000000 -112.590336 -0.000000 0.000000 1.000000 0.000000
-0.159614 0.987179 0.000000 479.909005 -0.987179 -0.159614 -0.000000 -114.882118 -0.000000 0.000000 1.000000 0.000000
-0.166369 0.986064 0.000000 479.589860 -0.986064 -0.166369 -0.000000 -117.111723 -0.000000 0.000000 1.000000 0.000000
-0.172594 0.984993 0.000000 479.207457 -0.984993 -0.172594 -0.000000 -119.387051 -0.000000 0.000000 1.000000 0.000000
-0.178248 0.983986 0.000000 478.751985 -0.983986 -0.178248 -0.000000 -121.659180 -0.000000 0.000000 1.000000 0.000000
-0.184649 0.982805 0.000000 478.300226 -0.982805 -0.184649 -0.000000 -123.925412 -0.000000 0.000000 1.000000 0.000000
-0.195257 0.980752 0.000000 477.887551 -0.980752 -0.195257 -0.000000 -126.230484 -0.000000 0.000000 1.000000 0.000000
-0.203630 0.979048 0.000000 477.364120 -0.979048 -0.203630 -0.000000 -128.531004 -0.000000 0.000000 1.000000 0.000000
-0.212130 0.977241 0.000000 476.861115 -0.977241 -0.212130 -0.000000 -130.858186 -0.000000 0.000000 1.000000 0.000000
-0.221396 0.975184 0.000000 476.319184 -0.975184 -0.221396 -0.000000 -133.184148 -0.000000 0.000000 1.000000 0.000000
-0.230227 0.973137 0.000000 475.753910 -0.973137 -0.230227 -0.000000 -135.529970 -0.000000 0.000000 1.000000 0.000000
-0.239222 0.970965 0.000000 475.159060 -0.970965 -0.239222 -0.000000 -137.941478 -0.000000 0.000000 1.000000 0.000000
-0.249719 0.968318 0.000000 474.585307 -0.968318 -0.249719 -0.000000 -140.346905 -0.000000 0.000000 1.000000 0.000000
-0.262283 0.964991 0.000000 473.919812 -0.964991 -0.262283 -0.000000 -142.758049 -0.000000 0.000000 1.000000 0.000000
-0.275795 0.961217 0.000000 473.251874 -0.961217 -0.275795 -0.000000 -145.168330 -0.000000 0.000000 1.000000 0.000000
-0.291756 0.956493 0.000000 472.504131 -0.956493 -0.291756 -0.000000 -147.581614 -0.000000 0.000000 1.000000 0.000000
-0.307976 0.951394 0.000000 471.727356 -0.951394 -0.307976 -0.000000 -150.007748 -0.000000 0.000000 1.000000 0.000000
-0.321354 0.946959 0.000000 470.915020 -0.946959 -0.321354 -0.000000 -152.463832 -0.000000 0.000000 1.000000 0.000000
-0.333672 0.942689 0.000000 470.016849 -0.942689 -0.333672 -0.000000 -154.899793 -0.000000 0.000000 1.000000 0.000000
-0.346036 0.938221 0.000000 469.163483 -0.938221 -0.346036 -0.000000 -157.355696 -0.000000 0.000000 1.000000 0.000000
-0.357661 0.933852 0.000000 468.185267 -0.933852 -0.357661 -0.000000 -159.800612 -0.000000 0.000000 1.000000 0.000000
-0.368850 0.929489 0.000000 467.184208 -0.929489 -0.368850 -0.000000 -162.235240 -0.000000 0.000000 1.000000 0.000000
-0.380879 0.924625 0.000000 466.220539 -0.924625 -0.380879 -0.000000 -164.729460 -0.000000 0.000000 1.000000 0.000000
-0.393950 0.919132 0.000000 465.172154 -0.919132 -0.393950 -0.000000 -167.194348 -0.000000 0.000000 1.000000 0.000000
-0.406397 0.913696 0.000000 464.041563 -0.913696 -0.406397 -0.000000 -169.600776 -0.000000 0.000000 1.000000 0.000000
-0.415894 0.909413 0.000000 462.953115 -0.909413 -0.415894 -0.000000 -172.017585 -0.000000 0.000000 1.000000 0.000000
-0.426523 0.904477 0.000000 461.856361 -0.904477 -0.426523 -0.000000 -174.438456 -0.000000 0.000000 1.000000 0.000000
-0.436608 0.899652 0.000000 460.703274 -0.899652 -0.436608 -0.000000 -176.741060 -0.000000 0.000000 1.000000 0.000000
-0.445306 0.895378 0.000000 459.523018 -0.895378 -0.445306 -0.000000 -179.028494 -0.000000 0.000000 1.000000 0.000000
-0.453928 0.891039 0.000000 458.351135 -0.891039 -0.453928 -0.000000 -181.361076 -0.000000 0.000000 1.000000 0.000000
-0.461467 0.887157 0.000000 457.170449 -0.887157 -0.461467 -0.000000 -183.629165 -0.000000 0.000000 1.000000 0.000000
-0.464951 0.885336 0.000000 455.938453 -0.885336 -0.464951 -0.000000 -185.864082 -0.000000 0.000000 1.000000 0.000000
-0.470027 0.882652 0.000000 454.783829 -0.882652 -0.470027 -0.000000 -188.240370 -0.000000 0.000000 1.000000 0.000000
-0.476399 0.879229 0.000000 453.535199 -0.879229 -0.476399 -0.000000 -190.425173 -0.000000 0.000000 1.000000 0.000000
-0.481312 0.876549 0.000000 452.296200 -0.876549 -0.481312 -0.000000 -192.757935 -0.000000 0.000000 1.000000 0.000000
-0.487158 0.873314 0.000000 451.044169 -0.873314 -0.487158 -0.000000 -195.025738 -0.000000 0.000000 1.000000 0.000000
-0.491239 0.871025 0.000000 449.782601 -0.871025 -0.491239 -0.000000 -197.267538 -0.000000 0.000000 1.000000 0.000000
-0.497380 0.867533 0.000000 448.538313 -0.867533 -0.497380 -0.000000 -199.434888 -0.000000 0.000000 1.000000 0.000000
-0.499668 0.866217 0.000000 447.229068 -0.866217 -0.499668 -0.000000 -201.708409 -0.000000 0.000000 1.000000 0.000000
-0.504820 0.863224 0.000000 445.908331 -0.863224 -0.504820 0.000000 -203.843317 0.000000 0.000000 1.000000 0.000000
-0.507986 0.861365 0.000000 444.598897 -0.861365 -0.507986 0.000000 -205.991381 0.000000 0.000000 1.000000 0.000000
-0.512228 0.858850 0.000000 443.343019 -0.858850 -0.512228 0.000000 -208.169234 0.000000 0.000000 1.000000 0.000000
-0.513079 0.858342 0.000000 442.088700 -0.858342 -0.513079 0.000000 -210.242891 0.000000 0.000000 1.000000 0.000000
-0.514907 0.857246 0.000000 440.797158 -0.857246 -0.514907 0.000000 -212.344458 0.000000 0.000000 1.000000 0.000000
-0.515801 0.856708 0.000000 439.537962 -0.856708 -0.515801 0.000000 -214.436472 0.000000 0.000000 1.000000 0.000000
-0.515875 0.856664 0.000000 438.261934 -0.856664 -0.515875 0.000000 -216.574144 0.000000 0.000000 1.000000 0.000000
-0.517408 0.855739 0.000000 437.045175 -0.855739 -0.517408 0.000000 -218.559783 0.000000 0.000000 1.000000 0.000000
-0.516587 0.856235 0.000000 435.809744 -0.856235 -0.516587 0.000000 -220.649636 0.000000 0.000000 1.000000 0.000000
-0.516050 0.856559 0.000000 434.605276 -0.856559 -0.516050 0.000000 -222.652316 0.000000 0.000000 1.000000 0.000000
-0.513171 0.858286 0.000000 433.396405 -0.858286 -0.513171 0.000000 -224.649207 0.000000 0.000000 1.000000 0.000000
-0.510895 0.859643 0.000000 432.176884 -0.859643 -0.510895 0.000000 -226.628162 0.000000 0.000000 1.000000 0.000000
