0.999999 0.001022 0.000000 1.692769 -0.001022 0.999999 -0.000000 0.003438 -0.000000 0.000000 1.000000 0.000000
1.000000 0.000579 0.000000 3.548599 -0.000579 1.000000 -0.000000 0.007110 -0.000000 0.000000 1.000000 0.000000
0.999999 0.001163 0.000000 5.063398 -0.001163 0.999999 -0.000000 0.000578 -0.000000 0.000000 1.000000 0.000000
1.000000 0.000655 0.000000 6.689137 -0.000655 1.000000 -0.000000 0.031795 -0.000000 0.000000 1.000000 0.000000
0.999998 -0.002060 0.000000 8.296920 0.002060 0.999998 0.000000 0.096264 0.000000 0.000000 1.000000 0.000000
0.999942 -0.010739 0.000000 9.922224 0.010739 0.999942 0.000000 0.100438 0.000000 0.000000 1.000000 0.000000
0.999843 -0.017713 0.000000 11.493792 0.017713 0.999843 0.000000 0.120373 0.000000 0.000000 1.000000 0.000000
0.999730 -0.023242 0.000000 13.028257 0.023242 0.999730 0.000000 0.177800 0.000000 0.000000 1.000000 0.000000
0.999581 -0.028930 0.000000 14.939781 0.028930 0.999581 0.000000 0.263317 0.000000 0.000000 1.000000 0.000000
0.999500 -0.031628 0.000000 16.699260 0.031628 0.999500 0.000000 0.369857 0.000000 0.000000 1.000000 0.000000
0.998508 -0.054614 0.000000 18.328453 0.054614 0.998508 0.000000 0.457170 0.000000 0.000000 1.000000 0.000000
0.994735 -0.102479 0.000000 19.876174 0.102479 0.994735 0.000000 0.662185 0.000000 0.000000 1.000000 0.000000
0.986559 -0.163407 0.000000 21.621623 0.163407 0.986559 0.000000 1.011222 0.000000 0.000000 1.000000 0.000000
0.974453 -0.224591 0.000000 23.485787 0.224591 0.974453 0.000000 1.489319 0.000000 0.000000 1.000000 0.000000
0.955092 -0.296308 0.000000 25.676975 0.296308 0.955092 0.000000 2.139913 0.000000 0.000000 1.000000 0.000000
0.942725 -0.333570 0.000000 27.326698 0.333570 0.942725 0.000000 2.792909 0.000000 0.000000 1.000000 0.000000
0.939003 -0.343909 0.000000 29.093350 0.343909 0.939003 0.000000 3.436186 0.000000 0.000000 1.000000 0.000000
0.946432 -0.322903 0.000000 30.964643 0.322903 0.946432 0.000000 4.074466 0.000000 0.000000 1.000000 0.000000
0.960046 -0.279842 0.000000 32.997432 0.279842 0.960046 0.000000 4.624178 0.000000 0.000000 1.000000 0.000000
0.974315 -0.225189 0.000000 35.194862 0.225189 0.974315 0.000000 5.184543 0.000000 0.000000 1.000000 0.000000
0.985936 -0.167123 0.000000 37.463385 0.167123 0.985936 0.000000 5.551500 0.000000 0.000000 1.000000 0.000000
0.993643 -0.112573 0.000000 39.978798 0.112573 0.993643 0.000000 5.812642 0.000000 0.000000 1.000000 0.000000
0.997182 -0.075020 0.000000 42.583738 0.075020 0.997182 0.000000 5.991884 0.000000 0.000000 1.000000 0.000000
0.998531 -0.054190 0.000000 45.368720 0.054190 0.998531 0.000000 6.200299 0.000000 0.000000 1.000000 0.000000
0.998727 -0.050450 0.000000 48.180941 0.050450 0.998727 0.000000 6.324949 0.000000 0.000000 1.000000 0.000000
0.998657 -0.051818 0.000000 51.093751 0.051818 0.998657 0.000000 6.517675 0.000000 0.000000 1.000000 0.000000
0.998491 -0.054909 0.000000 54.015567 0.054909 0.998491 0.000000 6.666988 0.000000 0.000000 1.000000 0.000000
0.998279 -0.058647 0.000000 56.946731 0.058647 0.998279 0.000000 6.836327 0.000000 0.000000 1.000000 0.000000
0.998144 -0.060901 0.000000 58.448210 0.060901 0.998144 0.000000 6.957341 0.000000 0.000000 1.000000 0.000000
0.998095 -0.061690 0.000000 59.952503 0.061690 0.998095 0.000000 7.080589 0.000000 0.000000 1.000000 0.000000
0.998053 -0.062375 0.000000 61.491100 0.062375 0.998053 0.000000 7.168393 0.000000 0.000000 1.000000 0.000000
0.997852 -0.065515 0.000000 63.000682 0.065515 0.997852 0.000000 7.301364 0.000000 0.000000 1.000000 0.000000
0.997380 -0.072344 0.000000 64.555742 0.072344 0.997380 0.000000 7.460216 0.000000 0.000000 1.000000 0.000000
0.996610 -0.082272 0.000000 66.118459 0.082272 0.996610 0.000000 7.553824 0.000000 0.000000 1.000000 0.000000
0.995678 -0.092875 0.000000 67.672828 0.092875 0.995678 0.000000 7.725450 0.000000 0.000000 1.000000 0.000000
0.994616 -0.103626 0.000000 69.208051 0.103626 0.994616 0.000000 7.928285 0.000000 0.000000 1.000000 0.000000
0.993082 -0.117419 0.000000 70.775393 0.117419 0.993082 0.000000 8.120817 0.000000 0.000000 1.000000 0.000000
0.991217 -0.132244 0.000000 72.271712 0.132244 0.991217 0.000000 8.332793 0.000000 0.000000 1.000000 0.000000
0.986356 -0.164626 0.000000 75.192719 0.164626 0.986356 0.000000 8.852310 0.000000 0.000000 1.000000 0.000000
0.983648 -0.180104 0.000000 76.701929 0.180104 0.983648 0.000000 9.100986 0.000000 0.000000 1.000000 0.000000
0.976997 -0.213253 0.000000 79.582775 0.213253 0.976997 0.000000 9.714913 0.000000 0.000000 1.000000 0.000000
0.970218 -0.242235 0.000000 82.346343 0.242235 0.970218 0.000000 10.449298 0.000000 0.000000 1.000000 0.000000
0.961114 -0.276151 0.000000 84.940074 0.276151 0.961114 0.000000 11.197571 0.000000 0.000000 1.000000 0.000000
0.951171 -0.308663 0.000000 87.489528 0.308663 0.951171 0.000000 12.058137 0.000000 0.000000 1.000000 0.000000
0.939189 -0.343400 0.000000 89.942147 0.343400 0.939189 0.000000 13.011275 0.000000 0.000000 1.000000 0.000000
0.923807 -0.382859 0.000000 92.246321 0.382859 0.923807 0.000000 13.973536 0.000000 0.000000 1.000000 0.000000
0.905365 -0.424635 0.000000 94.543151 0.424635 0.905365 0.000000 15.094599 0.000000 0.000000 1.000000 0.000000
0.884927 -0.465729 0.000000 96.567083 0.465729 0.884927 0.000000 16.173305 0.000000 0.000000 1.000000 0.000000
0.859856 -0.510537 0.000000 98.488735 0.510537 0.859856 0.000000 17.369210 0.000000 0.000000 1.000000 0.000000
0.832897 -0.553429 0.000000 100.340569 0.553429 0.832897 0.000000 18.632980 0.000000 0.000000 1.000000 0.000000
0.798558 -0.601917 0.000000 102.090157 0.601917 0.798558 0.000000 20.018503 0.000000 0.000000 1.000000 0.000000
0.758754 -0.651378 0.000000 103.679349 0.651378 0.758754 0.000000 21.376588 0.000000 0.000000 1.000000 0.000000
0.728636 -0.684901 0.000000 105.224005 0.684901 0.728636 0.000000 22.921773 0.000000 0.000000 1.000000 0.000000
0.714842 -0.699286 0.000000 106.573603 0.699286 0.714842 0.000000 24.227172 0.000000 0.000000 1.000000 0.000000
0.713628 -0.700524 0.000000 107.631699 0.700524 0.713628 0.000000 25.303957 0.000000 0.000000 1.000000 0.000000
0.717354 -0.696709 0.000000 108.787792 0.696709 0.717354 0.000000 26.384317 0.000000 0.000000 1.000000 0.000000
0.723512 -0.690312 0.000000 110.051321 0.690312 0.723512 0.000000 27.640100 0.000000 0.000000 1.000000 0.000000
0.731569 -0.681767 0.000000 111.475980 0.681767 0.731569 0.000000 28.985067 0.000000 0.000000 1.000000 0.000000
0.736914 -0.675986 0.000000 112.762525 0.675986 0.736914 0.000000 30.127228 0.000000 0.000000 1.000000 0.000000
0.740210 -0.672375 0.000000 114.291964 0.672375 0.740210 0.000000 31.559520 0.000000 0.000000 1.000000 0.000000
0.741436 -0.671023 0.000000 115.486834 0.671023 0.741436 0.000000 32.637613 0.000000 0.000000 1.000000 0.000000
0.743174 -0.669098 0.000000 116.758425 0.669098 0.743174 0.000000 33.745685 0.000000 0.000000 1.000000 0.000000
0.742422 -0.669932 0.000000 117.969377 0.669932 0.742422 0.000000 34.877765 0.000000 0.000000 1.000000 0.000000
0.741054 -0.671446 0.000000 119.276990 0.671446 0.741054 0.000000 36.100708 0.000000 0.000000 1.000000 0.000000
0.739500 -0.673156 0.000000 120.686492 0.673156 0.739500 0.000000 37.403155 0.000000 0.000000 1.000000 0.000000
0.738607 -0.674136 0.000000 122.156054 0.674136 0.738607 0.000000 38.783489 0.000000 0.000000 1.000000 0.000000
0.738596 -0.674149 0.000000 123.778180 0.674149 0.738596 0.000000 40.253575 0.000000 0.000000 1.000000 0.000000
0.740511 -0.672044 0.000000 125.474723 0.672044 0.740511 0.000000 41.776947 0.000000 0.000000 1.000000 0.000000
0.745503 -0.666503 0.000000 127.183663 0.666503 0.745503 0.000000 43.389486 0.000000 0.000000 1.000000 0.000000
0.751470 -0.659767 0.000000 128.942462 0.659767 0.751470 0.000000 44.998170 0.000000 0.000000 1.000000 0.000000
0.758945 -0.651155 0.000000 130.837639 0.651155 0.758945 0.000000 46.623957 0.000000 0.000000 1.000000 0.000000
0.769473 -0.638679 0.000000 132.809262 0.638679 0.769473 0.000000 48.286977 0.000000 0.000000 1.000000 0.000000
0.780968 -0.624571 0.000000 134.897785 0.624571 0.780968 0.000000 49.917196 0.000000 0.000000 1.000000 0.000000
0.795022 -0.606581 0.000000 137.007712 0.606581 0.795022 0.000000 51.555441 0.000000 0.000000 1.000000 0.000000
0.811217 -0.584745 0.000000 139.172240 0.584745 0.811217 0.000000 53.135587 0.000000 0.000000 1.000000 0.000000
0.829820 -0.558031 0.000000 141.376077 0.558031 0.829820 0.000000 54.623445 0.000000 0.000000 1.000000 0.000000
0.850833 -0.525437 0.000000 143.585447 0.525437 0.850833 0.000000 55.983144 0.000000 0.000000 1.000000 0.000000
0.868109 -0.496374 0.000000 145.723108 0.496374 0.868109 0.000000 57.235531 0.000000 0.000000 1.000000 0.000000
0.884769 -0.466030 0.000000 147.847156 0.466030 0.884769 0.000000 58.344887 0.000000 0.000000 1.000000 0.000000
0.897154 -0.441718 0.000000 149.797361 0.441718 0.897154 0.000000 59.313445 0.000000 0.000000 1.000000 0.000000
0.902795 -0.430071 0.000000 151.432491 0.430071 0.902795 0.000000 60.082315 0.000000 0.000000 1.000000 0.000000
0.906310 -0.422615 0.000000 153.348002 0.422615 0.906310 0.000000 60.971060 0.000000 0.000000 1.000000 0.000000
0.906434 -0.422348 0.000000 155.004260 0.422348 0.906434 0.000000 61.746539 0.000000 0.000000 1.000000 0.000000
0.896614 -0.442812 0.000000 156.428958 0.442812 0.896614 0.000000 62.484500 0.000000 0.000000 1.000000 0.000000
0.887618 -0.460580 0.000000 158.117014 0.460580 0.887618 0.000000 63.334103 0.000000 0.000000 1.000000 0.000000
0.904401 -0.426684 0.000000 160.104392 0.426684 0.904401 0.000000 64.338260 0.000000 0.000000 1.000000 0.000000
0.925870 -0.377841 0.000000 161.746957 0.377841 0.925870 0.000000 64.987593 0.000000 0.000000 1.000000 0.000000
0.946988 -0.321270 0.000000 163.723922 0.321270 0.946988 0.000000 65.614077 0.000000 0.000000 1.000000 0.000000
0.965848 -0.259108 0.000000 165.893559 0.259108 0.965848 0.000000 66.190443 0.000000 0.000000 1.000000 0.000000
0.980125 -0.198379 0.000000 168.400502 0.198379 0.980125 0.000000 66.667290 0.000000 0.000000 1.000000 0.000000
0.988315 -0.152428 0.000000 171.022657 0.152428 0.988315 0.000000 66.947883 0.000000 0.000000 1.000000 0.000000
0.990326 -0.138760 0.000000 173.924666 0.138760 0.990326 0.000000 67.466782 0.000000 0.000000 1.000000 0.000000
0.990925 -0.134417 0.000000 176.858865 0.134417 0.990925 0.000000 67.878458 0.000000 0.000000 1.000000 0.000000
0.991393 -0.130922 0.000000 178.376853 0.130922 0.991393 0.000000 68.057563 0.000000 0.000000 1.000000 0.000000
0.991794 -0.127844 0.000000 179.975178 0.127844 0.991794 0.000000 68.293804 0.000000 0.000000 1.000000 0.000000
0.992181 -0.124809 0.000000 181.578234 0.124809 0.992181 0.000000 68.491516 0.000000 0.000000 1.000000 0.000000
0.992560 -0.121753 0.000000 183.227764 0.121753 0.992560 0.000000 68.691728 0.000000 0.000000 1.000000 0.000000
0.993264 -0.115875 0.000000 184.862427 0.115875 0.993264 0.000000 68.892282 0.000000 0.000000 1.000000 0.000000
0.994126 -0.108228 0.000000 186.589151 0.108228 0.994126 0.000000 69.087925 0.000000 0.000000 1.000000 0.000000
0.994981 -0.100065 0.000000 188.331162 0.100065 0.994981 0.000000 69.282781 0.000000 0.000000 1.000000 0.000000
0.995939 -0.090034 0.000000 190.145148 0.090034 0.995939 0.000000 69.454606 0.000000 0.000000 1.000000 0.000000
0.996894 -0.078756 0.000000 191.967395 0.078756 0.996894 0.000000 69.602264 0.000000 0.000000 1.000000 0.000000
0.997965 -0.063764 0.000000 193.827842 0.063764 0.997965 0.000000 69.741805 0.000000 0.000000 1.000000 0.000000
0.999019 -0.044293 0.000000 195.717547 0.044293 0.999019 0.000000 69.823019 0.000000 0.000000 1.000000 0.000000
0.999744 -0.022625 0.000000 197.566027 0.022625 0.999744 0.000000 69.853899 0.000000 0.000000 1.000000 0.000000
0.999995 -0.003293 0.000000 199.487229 0.003293 0.999995 0.000000 69.856959 0.000000 0.000000 1.000000 0.000000
0.999933 0.011544 0.000000 201.489669 -0.011544 0.999933 -0.000000 69.829660 -0.000000 0.000000 1.000000 0.000000
0.999716 0.023848 0.000000 203.415850 -0.023848 0.999716 -0.000000 69.762220 -0.000000 0.000000 1.000000 0.000000
0.999320 0.036867 0.000000 205.433420 -0.036867 0.999320 -0.000000 69.647265 -0.000000 0.000000 1.000000 0.000000
0.998732 0.050351 0.000000 207.404444 -0.050351 0.998732 -0.000000 69.611265 -0.000000 0.000000 1.000000 0.000000
0.997891 0.064906 0.000000 209.443216 -0.064906 0.997891 -0.000000 69.463461 -0.000000 0.000000 1.000000 0.000000
0.996953 0.077999 0.000000 211.479482 -0.077999 0.996953 -0.000000 69.309541 -0.000000 0.000000 1.000000 0.000000
0.996041 0.088890 0.000000 213.559787 -0.088890 0.996041 -0.000000 69.125195 -0.000000 0.000000 1.000000 0.000000
0.994956 0.100317 0.000000 215.679316 -0.100317 0.994956 -0.000000 68.934635 -0.000000 0.000000 1.000000 0.000000
0.993804 0.111145 0.000000 217.795314 -0.111145 0.993804 -0.000000 68.701765 -0.000000 0.000000 1.000000 0.000000
0.992575 0.121634 0.000000 219.908178 -0.121634 0.992575 -0.000000 68.428196 -0.000000 0.000000 1.000000 0.000000
0.991179 0.132533 0.000000 221.992617 -0.132533 0.991179 -0.000000 68.165351 -0.000000 0.000000 1.000000 0.000000
0.989434 0.144983 0.000000 224.090723 -0.144983 0.989434 -0.000000 67.838530 -0.000000 0.000000 1.000000 0.000000
0.987559 0.157249 0.000000 226.144321 -0.157249 0.987559 -0.000000 67.541132 -0.000000 0.000000 1.000000 0.000000
0.985168 0.171591 0.000000 228.204231 -0.171591 0.985168 -0.000000 67.176298 -0.000000 0.000000 1.000000 0.000000
0.982397 0.186804 0.000000 230.264365 -0.186804 0.982397 -0.000000 66.783044 -0.000000 0.000000 1.000000 0.000000
0.979184 0.202974 0.000000 232.258785 -0.202974 0.979184 -0.000000 66.325939 -0.000000 0.000000 1.000000 0.000000
0.975067 0.221911 0.000000 234.317562 -0.221911 0.975067 -0.000000 65.888219 -0.000000 0.000000 1.000000 0.000000
0.970261 0.242061 0.000000 236.323468 -0.242061 0.970261 -0.000000 65.364134 -0.000000 0.000000 1.000000 0.000000
0.964981 0.262319 0.000000 238.354550 -0.262319 0.964981 -0.000000 64.786962 -0.000000 0.000000 1.000000 0.000000
0.958797 0.284092 0.000000 240.427409 -0.284092 0.958797 -0.000000 64.227869 -0.000000 0.000000 1.000000 0.000000
0.952098 0.305794 0.000000 242.453429 -0.305794 0.952098 -0.000000 63.555561 -0.000000 0.000000 1.000000 0.000000
0.944765 0.327749 0.000000 244.411865 -0.327749 0.944765 -0.000000 62.930108 -0.000000 0.000000 1.000000 0.000000
0.936377 0.350996 0.000000 246.344146 -0.350996 0.936377 -0.000000 62.181700 -0.000000 0.000000 1.000000 0.000000
0.927436 0.373983 0.000000 248.303037 -0.373983 0.927436 -0.000000 61.434286 -0.000000 0.000000 1.000000 0.000000
0.918594 0.395202 0.000000 250.234412 -0.395202 0.918594 -0.000000 60.582988 -0.000000 0.000000 1.000000 0.000000
0.907680 0.419662 0.000000 252.138288 -0.419662 0.907680 -0.000000 59.700686 -0.000000 0.000000 1.000000 0.000000
0.896158 0.443735 0.000000 253.989580 -0.443735 0.896158 -0.000000 58.787366 -0.000000 0.000000 1.000000 0.000000
0.883650 0.468148 0.000000 255.864543 -0.468148 0.883650 -0.000000 57.765738 -0.000000 0.000000 1.000000 0.000000
0.871516 0.490367 0.000000 257.716367 -0.490367 0.871516 -0.000000 56.726889 -0.000000 0.000000 1.000000 0.000000
0.860577 0.509321 0.000000 259.524211 -0.509321 0.860577 -0.000000 55.677913 -0.000000 0.000000 1.000000 0.000000
0.847869 0.530206 0.000000 261.349206 -0.530206 0.847869 -0.000000 54.561211 -0.000000 0.000000 1.000000 0.000000
0.834648 0.550784 0.000000 263.121977 -0.550784 0.834648 -0.000000 53.411413 -0.000000 0.000000 1.000000 0.000000
0.822503 0.568761 0.000000 264.822562 -0.568761 0.822503 -0.000000 52.206790 -0.000000 0.000000 1.000000 0.000000
0.810679 0.585491 0.000000 266.577128 -0.585491 0.810679 -0.000000 50.977562 -0.000000 0.000000 1.000000 0.000000
0.799624 0.600502 0.000000 268.252181 -0.600502 0.799624 -0.000000 49.685349 -0.000000 0.000000 1.000000 0.000000
0.788577 0.614936 0.000000 269.966003 -0.614936 0.788577 -0.000000 48.395820 -0.000000 0.000000 1.000000 0.000000
0.777712 0.628621 0.000000 271.602178 -0.628621 0.777712 -0.000000 47.041280 -0.000000 0.000000 1.000000 0.000000
0.766915 0.641748 0.000000 273.211565 -0.641748 0.766915 -0.000000 45.712608 -0.000000 0.000000 1.000000 0.000000
0.756659 0.653810 0.000000 274.818836 -0.653810 0.756659 -0.000000 44.305361 -0.000000 0.000000 1.000000 0.000000
0.746804 0.665045 0.000000 276.443467 -0.665045 0.746804 -0.000000 42.914686 -0.000000 0.000000 1.000000 0.000000
0.736068 0.676907 0.000000 278.002247 -0.676907 0.736068 -0.000000 41.455558 -0.000000 0.000000 1.000000 0.000000
0.726931 0.686710 0.000000 279.586370 -0.686710 0.726931 -0.000000 39.988521 -0.000000 0.000000 1.000000 0.000000
0.718584 0.695440 0.000000 281.090977 -0.695440 0.718584 -0.000000 38.498015 -0.000000 0.000000 1.000000 0.000000
0.709937 0.704265 0.000000 282.642403 -0.704265 0.709937 -0.000000 36.974378 -0.000000 0.000000 1.000000 0.000000
0.701775 0.712399 0.000000 284.229306 -0.712399 0.701775 -0.000000 35.469902 -0.000000 0.000000 1.000000 0.000000
0.694419 0.719571 0.000000 285.744863 -0.719571 0.694419 -0.000000 33.905314 -0.000000 0.000000 1.000000 0.000000
0.691462 0.722413 0.000000 287.180651 -0.722413 0.691462 -0.000000 32.426835 -0.000000 0.000000 1.000000 0.000000
0.693230 0.720717 0.000000 288.677312 -0.720717 0.693230 -0.000000 30.899124 -0.000000 0.000000 1.000000 0.000000
0.699689 0.714447 0.000000 290.117217 -0.714447 0.699689 -0.000000 29.387105 -0.000000 0.000000 1.000000 0.000000
0.708895 0.705314 0.000000 291.669231 -0.705314 0.708895 -0.000000 27.873136 -0.000000 0.000000 1.000000 0.000000
0.721062 0.692870 0.000000 293.202469 -0.692870 0.721062 -0.000000 26.459581 -0.000000 0.000000 1.000000 0.000000
0.733818 0.679346 0.000000 294.741011 -0.679346 0.733818 -0.000000 25.064080 -0.000000 0.000000 1.000000 0.000000
0.747890 0.663822 0.000000 296.282191 -0.663822 0.747890 -0.000000 23.705509 -0.000000 0.000000 1.000000 0.000000
0.762409 0.647096 0.000000 297.921868 -0.647096 0.762409 -0.000000 22.356641 -0.000000 0.000000 1.000000 0.000000
0.779760 0.626079 0.000000 299.508854 -0.626079 0.779760 -0.000000 21.066639 -0.000000 0.000000 1.000000 0.000000
0.797068 0.603889 0.000000 301.199355 -0.603889 0.797068 -0.000000 19.814550 -0.000000 0.000000 1.000000 0.000000
0.815598 0.578619 0.000000 303.010849 -0.578619 0.815598 -0.000000 18.683999 -0.000000 0.000000 1.000000 0.000000
0.834864 0.550456 0.000000 304.756268 -0.550456 0.834864 -0.000000 17.502650 -0.000000 0.000000 1.000000 0.000000
0.853506 0.521084 0.000000 306.589800 -0.521084 0.853506 -0.000000 16.425757 -0.000000 0.000000 1.000000 0.000000
0.871415 0.490546 0.000000 308.486571 -0.490546 0.871415 -0.000000 15.438465 -0.000000 0.000000 1.000000 0.000000
0.890031 0.455901 0.000000 310.416467 -0.455901 0.890031 -0.000000 14.464678 -0.000000 0.000000 1.000000 0.000000
0.908061 0.418838 0.000000 312.409921 -0.418838 0.908061 -0.000000 13.543566 -0.000000 0.000000 1.000000 0.000000
0.925118 0.379680 0.000000 314.465501 -0.379680 0.925118 -0.000000 12.718554 -0.000000 0.000000 1.000000 0.000000
0.940872 0.338762 0.000000 316.570695 -0.338762 0.940872 -0.000000 12.016625 -0.000000 0.000000 1.000000 0.000000
0.954042 0.299673 0.000000 318.767447 -0.299673 0.954042 -0.000000 11.306199 -0.000000 0.000000 1.000000 0.000000
0.963823 0.266544 0.000000 320.925448 -0.266544 0.963823 -0.000000 10.754693 -0.000000 0.000000 1.000000 0.000000
0.971109 0.238637 0.000000 323.157460 -0.238637 0.971109 -0.000000 10.235259 -0.000000 0.000000 1.000000 0.000000
0.977090 0.212827 0.000000 325.401356 -0.212827 0.977090 -0.000000 9.770272 -0.000000 0.000000 1.000000 0.000000
0.981273 0.192621 0.000000 327.641100 -0.192621 0.981273 -0.000000 9.374738 -0.000000 0.000000 1.000000 0.000000
0.984974 0.172705 0.000000 329.953091 -0.172705 0.984974 -0.000000 9.002232 -0.000000 0.000000 1.000000 0.000000
0.987407 0.158202 0.000000 332.255071 -0.158202 0.987407 -0.000000 8.639958 -0.000000 0.000000 1.000000 0.000000
0.989575 0.144019 0.000000 334.578262 -0.144019 0.989575 -0.000000 8.352912 -0.000000 0.000000 1.000000 0.000000
0.991335 0.131361 0.000000 336.948371 -0.131361 0.991335 -0.000000 8.089915 -0.000000 0.000000 1.000000 0.000000
0.992585 0.121556 0.000000 339.286657 -0.121556 0.992585 -0.000000 7.790455 -0.000000 0.000000 1.000000 0.000000
0.994013 0.109261 0.000000 341.678439 -0.109261 0.994013 -0.000000 7.581045 -0.000000 0.000000 1.000000 0.000000
0.995045 0.099428 0.000000 344.105494 -0.099428 0.995045 -0.000000 7.310440 -0.000000 0.000000 1.000000 0.000000
0.996065 0.088629 0.000000 346.540608 -0.088629 0.996065 -0.000000 7.083298 -0.000000 0.000000 1.000000 0.000000
0.996681 0.081400 0.000000 348.974988 -0.081400 0.996681 -0.000000 6.915770 -0.000000 0.000000 1.000000 0.000000
0.997499 0.070680 0.000000 351.406896 -0.070680 0.997499 -0.000000 6.742027 -0.000000 0.000000 1.000000 0.000000
0.997984 0.063471 0.000000 353.844777 -0.063471 0.997984 -0.000000 6.595367 -0.000000 0.000000 1.000000 0.000000
0.998404 0.056483 0.000000 356.329447 -0.056483 0.998404 -0.000000 6.528546 -0.000000 0.000000 1.000000 0.000000
0.998912 0.046637 0.000000 358.821701 -0.046637 0.998912 -0.000000 6.344201 -0.000000 0.000000 1.000000 0.000000
0.999284 0.037835 0.000000 361.366668 -0.037835 0.999284 -0.000000 6.352309 -0.000000 0.000000 1.000000 0.000000
0.999470 0.032546 0.000000 363.789475 -0.032546 0.999470 -0.000000 6.249495 -0.000000 0.000000 1.000000 0.000000
0.999623 0.027475 0.000000 366.296441 -0.027475 0.999623 -0.000000 6.158457 -0.000000 0.000000 1.000000 0.000000
0.999722 0.023580 0.000000 368.721309 -0.023580 0.999722 -0.000000 6.127148 -0.000000 0.000000 1.000000 0.000000
0.999819 0.019013 0.000000 371.134509 -0.019013 0.999819 -0.000000 6.131654 -0.000000 0.000000 1.000000 0.000000
0.999892 0.014718 0.000000 373.568484 -0.014718 0.999892 -0.000000 6.039136 -0.000000 0.000000 1.000000 0.000000
0.999952 0.009768 0.000000 376.052330 -0.009768 0.999952 -0.000000 6.066520 -0.000000 0.000000 1.000000 0.000000
0.999951 0.009939 0.000000 378.529536 -0.009939 0.999951 -0.000000 6.021916 -0.000000 0.000000 1.000000 0.000000
0.999951 0.009937 0.000000 380.929977 -0.009937 0.999951 -0.000000 5.972116 -0.000000 0.000000 1.000000 0.000000
0.999945 0.010483 0.000000 383.400104 -0.010483 0.999945 -0.000000 5.985972 -0.000000 0.000000 1.000000 0.000000
0.999961 0.008784 0.000000 385.854568 -0.008784 0.999961 -0.000000 5.997418 -0.000000 0.000000 1.000000 0.000000
0.999978 0.006634 0.000000 388.351862 -0.006634 0.999978 -0.000000 5.975951 -0.000000 0.000000 1.000000 0.000000
0.999990 0.004582 0.000000 390.839364 -0.004582 0.999990 -0.000000 5.954320 -0.000000 0.000000 1.000000 0.000000
0.999995 0.003303 0.000000 393.297919 -0.003303 0.999995 -0.000000 5.959662 -0.000000 0.000000 1.000000 0.000000
0.999999 0.001713 0.000000 395.751272 -0.001713 0.999999 -0.000000 5.960991 -0.000000 0.000000 1.000000 0.000000
1.000000 0.000938 0.000000 398.224637 -0.000938 1.000000 -0.000000 5.923695 -0.000000 0.000000 1.000000 0.000000
1.000000 -0.000510 0.000000 400.688602 0.000510 1.000000 0.000000 5.925432 0.000000 0.000000 1.000000 0.000000
1.000000 -0.000124 0.000000 403.103532 0.000124 1.000000 0.000000 5.927023 0.000000 0.000000 1.000000 0.000000
0.999994 -0.003407 0.000000 405.515520 0.003407 0.999994 0.000000 5.988152 0.000000 0.000000 1.000000 0.000000
0.999992 -0.003921 0.000000 407.975233 0.003921 0.999992 0.000000 6.001325 0.000000 0.000000 1.000000 0.000000
0.999994 -0.003452 0.000000 410.341007 0.003452 0.999994 0.000000 6.028861 0.000000 0.000000 1.000000 0.000000
0.999989 -0.004614 0.000000 412.709123 0.004614 0.999989 0.000000 6.033037 0.000000 0.000000 1.000000 0.000000
0.999967 -0.008143 0.000000 415.109038 0.008143 0.999967 0.000000 6.045217 0.000000 0.000000 1.000000 0.000000
0.999966 -0.008201 0.000000 417.534620 0.008201 0.999966 0.000000 6.151282 0.000000 0.000000 1.000000 0.000000
0.999971 -0.007592 0.000000 419.891742 0.007592 0.999971 0.000000 6.174926 0.000000 0.000000 1.000000 0.000000
0.999988 -0.004920 0.000000 422.217578 0.004920 0.999988 0.000000 6.172545 0.000000 0.000000 1.000000 0.000000
0.999995 -0.003305 0.000000 424.529596 0.003305 0.999995 0.000000 6.147549 0.000000 0.000000 1.000000 0.000000
0.999993 -0.003644 0.000000 426.835204 0.003644 0.999993 0.000000 6.190695 0.000000 0.000000 1.000000 0.000000
0.999993 -0.003655 0.000000 429.142873 0.003655 0.999993 0.000000 6.204485 0.000000 0.000000 1.000000 0.000000
0.999996 -0.002695 0.000000 431.372388 0.002695 0.999996 0.000000 6.221803 0.000000 0.000000 1.000000 0.000000
0.999990 -0.004510 0.000000 433.663890 0.004510 0.999990 0.000000 6.225486 0.000000 0.000000 1.000000 0.000000
0.999993 -0.003681 0.000000 435.915045 0.003681 0.999993 0.000000 6.269168 0.000000 0.000000 1.000000 0.000000
0.999991 -0.004334 0.000000 438.142672 0.004334 0.999991 0.000000 6.247372 0.000000 0.000000 1.000000 0.000000
0.999996 -0.002691 0.000000 440.329517 0.002691 0.999996 0.000000 6.245801 0.000000 0.000000 1.000000 0.000000
1.000000 0.000143 0.000000 442.523344 -0.000143 1.000000 -0.000000 6.270647 -0.000000 0.000000 1.000000 0.000000
1.000000 -0.000277 0.000000 444.696963 0.000277 1.000000 0.000000 6.339285 0.000000 0.000000 1.000000 0.000000
0.999999 0.001726 0.000000 446.878849 -0.001726 0.999999 -0.000000 6.314472 -0.000000 0.000000 1.000000 0.000000
0.999999 0.001555 0.000000 448.995117 -0.001555 0.999999 -0.000000 6.359113 -0.000000 0.000000 1.000000 0.000000
0.999994 0.003554 0.000000 451.013983 -0.003554 0.999994 -0.000000 6.346162 -0.000000 0.000000 1.000000 0.000000
0.999986 0.005346 0.000000 452.940150 -0.005346 0.999986 -0.000000 6.451143 -0.000000 0.000000 1.000000 0.000000
0.999980 0.006376 0.000000 454.880784 -0.006376 0.999980 -0.000000 6.461550 -0.000000 0.000000 1.000000 0.000000
0.999990 0.004451 0.000000 456.701567 -0.004451 0.999990 -0.000000 6.383586 -0.000000 0.000000 1.000000 0.000000
0.999976 0.006900 0.000000 458.457208 -0.006900 0.999976 -0.000000 6.412697 -0.000000 0.000000 1.000000 0.000000
0.999962 0.008682 0.000000 460.198530 -0.008682 0.999962 -0.000000 6.390896 -0.000000 0.000000 1.000000 0.000000
0.999983 0.005774 0.000000 461.851377 -0.005774 0.999983 -0.000000 6.404938 -0.000000 0.000000 1.000000 0.000000
0.999967 0.008156 0.000000 463.411410 -0.008156 0.999967 -0.000000 6.394606 -0.000000 0.000000 1.000000 0.000000
0.999960 0.008964 0.000000 464.930085 -0.008964 0.999960 -0.000000 6.454012 -0.000000 0.000000 1.000000 0.000000
0.999608 0.028008 0.000000 467.713078 -0.028008 0.999608 -0.000000 6.389716 -0.000000 0.000000 1.000000 0.000000
0.996491 0.083697 0.000000 470.239511 -0.083697 0.996491 -0.000000 6.114627 -0.000000 0.000000 1.000000 0.000000
0.985270 0.171008 0.000000 472.679028 -0.171008 0.985270 -0.000000 5.656248 -0.000000 0.000000 1.000000 0.000000
0.958781 0.284146 0.000000 475.007846 -0.284146 0.958781 -0.000000 4.958305 -0.000000 0.000000 1.000000 0.000000
0.907791 0.419424 0.000000 477.217201 -0.419424 0.907791 -0.000000 3.988186 -0.000000 0.000000 1.000000 0.000000
0.815979 0.578081 0.000000 479.129403 -0.578081 0.815979 -0.000000 2.499243 -0.000000 0.000000 1.000000 0.000000
0.750685 0.660660 0.000000 479.898910 -0.660660 0.750685 -0.000000 1.596266 -0.000000 0.000000 1.000000 0.000000
0.676058 0.736849 0.000000 480.684879 -0.736849 0.676058 -0.000000 0.692546 -0.000000 0.000000 1.000000 0.000000
0.591211 0.806517 0.000000 481.339443 -0.806517 0.591211 -0.000000 -0.311197 -0.000000 0.000000 1.000000 0.000000
0.498511 0.866884 0.000000 481.845756 -0.866884 0.498511 -0.000000 -1.466874 -0.000000 0.000000 1.000000 0.000000
0.413817 0.910360 0.000000 482.221145 -0.910360 0.413817 -0.000000 -2.735329 -0.000000 0.000000 1.000000 0.000000
0.292916 0.956138 0.000000 483.135060 -0.956138 0.292916 -0.000000 -5.320317 -0.000000 0.000000 1.000000 0.000000
0.208658 0.977989 0.000000 483.786542 -0.977989 0.208658 -0.000000 -8.123948 -0.000000 0.000000 1.000000 0.000000
0.175979 0.984394 0.000000 484.019807 -0.984394 0.175979 -0.000000 -9.656017 -0.000000 0.000000 1.000000 0.000000
0.150788 0.988566 0.000000 484.229523 -0.988566 0.150788 -0.000000 -11.231358 -0.000000 0.000000 1.000000 0.000000
0.130909 0.991394 0.000000 484.419366 -0.991394 0.130909 -0.000000 -12.821690 -0.000000 0.000000 1.000000 0.000000
0.113300 0.993561 0.000000 484.624376 -0.993561 0.113300 -0.000000 -14.487811 -0.000000 0.000000 1.000000 0.000000
0.094240 0.995550 0.000000 484.752283 -0.995550 0.094240 -0.000000 -16.207000 -0.000000 0.000000 1.000000 0.000000
0.074643 0.997210 0.000000 484.864179 -0.997210 0.074643 -0.000000 -17.968595 -0.000000 0.000000 1.000000 0.000000
0.057149 0.998366 0.000000 484.956779 -0.998366 0.057149 -0.000000 -19.770763 -0.000000 0.000000 1.000000 0.000000
0.039064 0.999237 0.000000 485.053480 -0.999237 0.039064 -0.000000 -21.628917 -0.000000 0.000000 1.000000 0.000000
0.021779 0.999763 0.000000 485.122765 -0.999763 0.021779 -0.000000 -23.533182 -0.000000 0.000000 1.000000 0.000000
0.005375 0.999986 0.000000 485.126239 -0.999986 0.005375 -0.000000 -25.490487 -0.000000 0.000000 1.000000 0.000000
-0.008157 0.999967 0.000000 485.079716 -0.999967 -0.008157 -0.000000 -27.504349 -0.000000 0.000000 1.000000 0.000000
-0.018420 0.999830 0.000000 485.021004 -0.999830 -0.018420 -0.000000 -29.506774 -0.000000 0.000000 1.000000 0.000000
-0.030323 0.999540 0.000000 484.990830 -0.999540 -0.030323 -0.000000 -31.592920 -0.000000 0.000000 1.000000 0.000000
-0.042842 0.999082 0.000000 484.920253 -0.999082 -0.042842 -0.000000 -33.807936 -0.000000 0.000000 1.000000 0.000000
-0.053217 0.998583 0.000000 484.824300 -0.998583 -0.053217 -0.000000 -35.982728 -0.000000 0.000000 1.000000 0.000000
-0.061715 0.998094 0.000000 484.694491 -0.998094 -0.061715 -0.000000 -38.159749 -0.000000 0.000000 1.000000 0.000000
-0.062083 0.998071 0.000000 484.544446 -0.998071 -0.062083 -0.000000 -40.453634 -0.000000 0.000000 1.000000 0.000000
-0.059762 0.998213 0.000000 484.396179 -0.998213 -0.059762 -0.000000 -42.781158 -0.000000 0.000000 1.000000 0.000000
-0.058032 0.998315 0.000000 484.270541 -0.998315 -0.058032 -0.000000 -45.063975 -0.000000 0.000000 1.000000 0.000000
-0.055836 0.998440 0.000000 484.168791 -0.998440 -0.055836 -0.000000 -47.518935 -0.000000 0.000000 1.000000 0.000000
-0.053998 0.998541 0.000000 484.053961 -0.998541 -0.053998 -0.000000 -49.893200 -0.000000 0.000000 1.000000 0.000000
-0.052237 0.998635 0.000000 483.936180 -0.998635 -0.052237 -0.000000 -52.379374 -0.000000 0.000000 1.000000 0.000000
-0.048647 0.998816 0.000000 483.801581 -0.998816 -0.048647 -0.000000 -54.823933 -0.000000 0.000000 1.000000 0.000000
-0.047318 0.998880 0.000000 483.714564 -0.998880 -0.047318 -0.000000 -57.268703 -0.000000 0.000000 1.000000 0.000000
-0.045094 0.998983 0.000000 483.582491 -0.998983 -0.045094 -0.000000 -59.748138 -0.000000 0.000000 1.000000 0.000000
-0.042430 0.999099 0.000000 483.495886 -0.999099 -0.042430 -0.000000 -62.274684 -0.000000 0.000000 1.000000 0.000000
-0.041378 0.999144 0.000000 483.413854 -0.999144 -0.041378 -0.000000 -64.840751 -0.000000 0.000000 1.000000 0.000000
-0.039499 0.999220 0.000000 483.377007 -0.999220 -0.039499 -0.000000 -67.401831 -0.000000 0.000000 1.000000 0.000000
-0.036813 0.999322 0.000000 483.246994 -0.999322 -0.036813 -0.000000 -69.960886 -0.000000 0.000000 1.000000 0.000000
-0.034825 0.999393 0.000000 483.149629 -0.999393 -0.034825 -0.000000 -72.561727 -0.000000 0.000000 1.000000 0.000000
-0.035565 0.999367 0.000000 483.083582 -0.999367 -0.035565 -0.000000 -75.164509 -0.000000 0.000000 1.000000 0.000000
-0.041031 0.999158 0.000000 482.997392 -0.999158 -0.041031 -0.000000 -77.796543 -0.000000 0.000000 1.000000 0.000000
-0.046922 0.998899 0.000000 482.851159 -0.998899 -0.046922 -0.000000 -80.399124 -0.000000 0.000000 1.000000 0.000000
-0.051131 0.998692 0.000000 482.693479 -0.998692 -0.051131 -0.000000 -83.027088 -0.000000 0.000000 1.000000 0.000000
-0.054966 0.998488 0.000000 482.610272 -0.998488 -0.054966 -0.000000 -85.687691 -0.000000 0.000000 1.000000 0.000000
-0.059115 0.998251 0.000000 482.434976 -0.998251 -0.059115 -0.000000 -88.313772 -0.000000 0.000000 1.000000 0.000000
-0.065468 0.997855 0.000000 482.269817 -0.997855 -0.065468 -0.000000 -90.968904 -0.000000 0.000000 1.000000 0.000000
-0.072609 0.997360 0.000000 482.065928 -0.997360 -0.072609 -0.000000 -93.650619 -0.000000 0.000000 1.000000 0.000000
-0.080719 0.996737 0.000000 481.854331 -0.996737 -0.080719 -0.000000 -96.272343 -0.000000 0.000000 1.000000 0.000000
-0.092618 0.995702 0.000000 481.631030 -0.995702 -0.092618 -0.000000 -98.931896 -0.000000 0.000000 1.000000 0.000000
-0.105195 0.994452 0.000000 481.399218 -0.994452 -0.105195 -0.000000 -101.614213 -0.000000 0.000000 1.000000 0.000000
-0.118940 0.992901 0.000000 481.073945 -0.992901 -0.118940 -0.000000 -104.231682 -0.000000 0.000000 1.000000 0.000000
-0.132710 0.991155 0.000000 480.705813 -0.991155 -0.132710 -0.000000 -106.858331 -0.000000 0.000000 1.000000 0.000000
-0.144455 0.989511 0.000000 480.395870 -0.989511 -0.144455 -0.000000 -109.470571 -0.000000 0.000000 1.000000 0.000000
-0.154162 0.988046 0.000000 480.019891 -0.988046 -0.154162 -0.000000 -112.084719 -0.000000 0.000000 1.000000 0.000000
-0.164766 0.986333 0.000000 479.608309 -0.986333 -0.164766 -0.000000 -114.702112 -0.000000 0.000000 1.000000 0.000000
-0.175731 0.984438 0.000000 479.101976 -0.984438 -0.175731 -0.000000 -117.304544 -0.000000 0.000000 1.000000 0.000000
-0.186830 0.982392 0.000000 478.612835 -0.982392 -0.186830 -0.000000 -119.904459 -0.000000 0.000000 1.000000 0.000000
-0.197725 0.980257 0.000000 478.077258 -0.980257 -0.197725 -0.000000 -122.509228 -0.000000 0.000000 1.000000 0.000000
-0.210708 0.977549 0.000000 477.579268 -0.977549 -0.210708 -0.000000 -125.132524 -0.000000 0.000000 1.000000 0.000000
-0.226525 0.974005 0.000000 476.972098 -0.974005 -0.226525 -0.000000 -127.792791 -0.000000 0.000000 1.000000 0.000000
-0.242860 0.970061 0.000000 476.302223 -0.970061 -0.242860 -0.000000 -130.443183 -0.000000 0.000000 1.000000 0.000000
-0.259361 0.965780 0.000000 475.661620 -0.965780 -0.259361 -0.000000 -133.090318 -0.000000 0.000000 1.000000 0.000000
-0.276412 0.961039 0.000000 474.964146 -0.961039 -0.276412 -0.000000 -135.735461 -0.000000 0.000000 1.000000 0.000000
-0.293028 0.956104 0.000000 474.161502 -0.956104 -0.293028 -0.000000 -138.383348 -0.000000 0.000000 1.000000 0.000000
-0.309054 0.951045 0.000000 473.298817 -0.951045 -0.309054 -0.000000 -141.026211 -0.000000 0.000000 1.000000 0.000000
-0.324115 0.946018 0.000000 472.392528 -0.946018 -0.324115 -0.000000 -143.663643 -0.000000 0.000000 1.000000 0.000000
-0.337026 0.941495 0.000000 471.500059 -0.941495 -0.337026 -0.000000 -146.309403 -0.000000 0.000000 1.000000 0.000000
-0.347899 0.937532 0.000000 470.534420 -0.937532 -0.347899 -0.000000 -148.945862 -0.000000 0.000000 1.000000 0.000000
-0.357198 0.934029 0.000000 469.547286 -0.934029 -0.357198 -0.000000 -151.608835 -0.000000 0.000000 1.000000 0.000000
-0.366434 0.930444 0.000000 468.568944 -0.930444 -0.366434 -0.000000 -154.219827 -0.000000 0.000000 1.000000 0.000000
-0.376689 0.926340 0.000000 467.557785 -0.926340 -0.376689 -0.000000 -156.830528 -0.000000 0.000000 1.000000 0.000000
-0.386695 0.922208 0.000000 466.515026 -0.922208 -0.386695 -0.000000 -159.367693 -0.000000 0.000000 1.000000 0.000000
-0.396552 0.918012 0.000000 465.379659 -0.918012 -0.396552 -0.000000 -161.935928 -0.000000 0.000000 1.000000 0.000000
-0.407120 0.913375 0.000000 464.269551 -0.913375 -0.407120 -0.000000 -164.477942 -0.000000 0.000000 1.000000 0.000000
-0.418895 0.908035 0.000000 463.080803 -0.908035 -0.418895 -0.000000 -167.047375 -0.000000 0.000000 1.000000 0.000000
-0.428968 0.903320 0.000000 461.851905 -0.903320 -0.428968 -0.000000 -169.643750 -0.000000 0.000000 1.000000 0.000000
-0.438679 0.898644 0.000000 460.647440 -0.898644 -0.438679 -0.000000 -172.149776 -0.000000 0.000000 1.000000 0.000000
-0.443402 0.896323 0.000000 459.444788 -0.896323 -0.443402 -0.000000 -174.725142 -0.000000 0.000000 1.000000 0.000000
-0.445477 0.895294 0.000000 458.171293 -0.895294 -0.445477 -0.000000 -177.266186 -0.000000 0.000000 1.000000 0.000000
-0.445705 0.895180 0.000000 456.869122 -0.895180 -0.445705 -0.000000 -179.828961 -0.000000 0.000000 1.000000 0.000000
-0.445379 0.895342 0.000000 455.644693 -0.895342 -0.445379 -0.000000 -182.429758 -0.000000 0.000000 1.000000 0.000000
-0.445748 0.895158 0.000000 454.360702 -0.895158 -0.445748 -0.000000 -184.975533 -0.000000 0.000000 1.000000 0.000000
-0.445574 0.895245 0.000000 453.106786 -0.895245 -0.445574 -0.000000 -187.577039 -0.000000 0.000000 1.000000 0.000000
-0.445439 0.895312 0.000000 451.857496 -0.895312 -0.445439 -0.000000 -190.132879 -0.000000 0.000000 1.000000 0.000000
-0.447073 0.894498 0.000000 450.585276 -0.894498 -0.447073 -0.000000 -192.716327 -0.000000 0.000000 1.000000 0.000000
-0.448428 0.893819 0.000000 449.286797 -0.893819 -0.448428 -0.000000 -195.290218 -0.000000 0.000000 1.000000 0.000000
-0.449865 0.893097 0.000000 447.961407 -0.893097 -0.449865 -0.000000 -197.871094 -0.000000 0.000000 1.000000 0.000000
-0.452034 0.892001 0.000000 446.715137 -0.892001 -0.452034 -0.000000 -200.483656 -0.000000 0.000000 1.000000 0.000000
-0.452883 0.891570 0.000000 445.344446 -0.891570 -0.452883 -0.000000 -203.032835 -0.000000 0.000000 1.000000 0.000000
-0.454327 0.890835 0.000000 444.051367 -0.890835 -0.454327 -0.000000 -205.603817 -0.000000 0.000000 1.000000 0.000000
-0.455686 0.890140 0.000000 442.752595 -0.890140 -0.455686 -0.000000 -208.206822 -0.000000 0.000000 1.000000 0.000000
-0.455595 0.890187 0.000000 441.418527 -0.890187 -0.455595 -0.000000 -210.745796 -0.000000 0.000000 1.000000 0.000000
-0.452939 0.891542 0.000000 440.114574 -0.891542 -0.452939 -0.000000 -213.285765 -0.000000 0.000000 1.000000 0.000000
-0.452422 0.891804 0.000000 438.813678 -0.891804 -0.452422 -0.000000 -215.839314 -0.000000 0.000000 1.000000 0.000000
-0.449102 0.893481 0.000000 437.558612 -0.893481 -0.449102 -0.000000 -218.336132 -0.000000 0.000000 1.000000 0.000000
-0.446168 0.894949 0.000000 436.365146 -0.894949 -0.446168 -0.000000 -220.822728 -0.000000 0.000000 1.000000 0.000000
-0.444672 0.895693 0.000000 435.117827 -0.895693 -0.444672 -0.000000 -223.292481 -0.000000 0.000000 1.000000 0.000000
-0.443932 0.896060 0.000000 433.870465 -0.896060 -0.443932 -0.000000 -225.781708 -0.000000 0.000000 1.000000 0.000000
-0.444507 0.895776 0.000000 432.686165 -0.895776 -0.444507 -0.000000 -228.229245 -0.000000 0.000000 1.000000 0.000000
-0.447100 0.894484 0.000000 431.475409 -0.894484 -0.447100 -0.000000 -230.670191 -0.000000 0.000000 1.000000 0.000000
-0.450806 0.892622 0.000000 430.297833 -0.892622 -0.450806 -0.000000 -233.118172 -0.000000 0.000000 1.000000 0.000000
-0.456672 0.889635 0.000000 429.049009 -0.889635 -0.456672 -0.000000 -235.544856 -0.000000 0.000000 1.000000 0.000000
-0.462397 0.886673 0.000000 427.841583 -0.886673 -0.462397 -0.000000 -237.973929 -0.000000 0.000000 1.000000 0.000000
-0.468266 0.883588 0.000000 426.579522 -0.883588 -0.468266 -0.000000 -240.383873 -0.000000 0.000000 1.000000 0.000000
-0.474904 0.880037 0.000000 425.360937 -0.880037 -0.474904 -0.000000 -242.818887 -0.000000 0.000000 1.000000 0.000000
-0.481483 0.876456 0.000000 424.053467 -0.876456 -0.481483 -0.000000 -245.197710 -0.000000 0.000000 1.000000 0.000000
-0.491958 0.870619 0.000000 422.766736 -0.870619 -0.491958 -0.000000 -247.580602 -0.000000 0.000000 1.000000 0.000000
-0.501024 0.865433 0.000000 421.363963 -0.865433 -0.501024 0.000000 -249.906527 0.000000 0.000000 1.000000 0.000000
-0.510732 0.859740 0.000000 419.932774 -0.859740 -0.510732 0.000000 -252.306745 0.000000 0.000000 1.000000 0.000000
-0.520161 0.854069 0.000000 418.543259 -0.854069 -0.520161 0.000000 -254.648846 0.000000 0.000000 1.000000 0.000000
-0.527137 0.849780 0.000000 417.055406 -0.849780 -0.527137 0.000000 -257.018456 0.000000 0.000000 1.000000 0.000000
-0.535155 0.844754 0.000000 415.529508 -0.844754 -0.535155 0.000000 -259.382356 0.000000 0.000000 1.000000 0.000000
