1.000000 0.000000 0.000000 0.000000 0.000000 1.000000 0.000000 0.000000 0.000000 0.000000 1.000000 0.000000
0.994880 -0.101063 0.000000 0.797773 0.101063 0.994880 0.000000 0.122774 0.000000 0.000000 1.000000 0.000000
0.977584 -0.210545 0.000000 1.778851 0.210545 0.977584 0.000000 0.360606 0.000000 0.000000 1.000000 0.000000
0.954985 -0.296655 0.000000 3.344984 0.296655 0.954985 0.000000 0.840388 0.000000 0.000000 1.000000 0.000000
0.963372 -0.268167 0.000000 5.591606 0.268167 0.963372 0.000000 1.460961 0.000000 0.000000 1.000000 0.000000
0.976296 -0.216440 0.000000 7.522444 0.216440 0.976296 0.000000 1.872746 0.000000 0.000000 1.000000 0.000000
0.985102 -0.171970 0.000000 9.798235 0.171970 0.985102 0.000000 2.262377 0.000000 0.000000 1.000000 0.000000
0.991530 -0.129874 0.000000 12.399622 0.129874 0.991530 0.000000 2.596868 0.000000 0.000000 1.000000 0.000000
0.994641 -0.103391 0.000000 15.270199 0.103391 0.994641 0.000000 2.884416 0.000000 0.000000 1.000000 0.000000
0.996495 -0.083650 0.000000 18.347054 0.083650 0.996495 0.000000 3.132479 0.000000 0.000000 1.000000 0.000000
0.997268 -0.073871 0.000000 19.921757 0.073871 0.997268 0.000000 3.241861 0.000000 0.000000 1.000000 0.000000
0.997707 -0.067688 0.000000 21.547792 0.067688 0.997707 0.000000 3.333539 0.000000 0.000000 1.000000 0.000000
0.997942 -0.064116 0.000000 23.194720 0.064116 0.997942 0.000000 3.430125 0.000000 0.000000 1.000000 0.000000
0.998185 -0.060218 0.000000 24.835834 0.060218 0.998185 0.000000 3.517708 0.000000 0.000000 1.000000 0.000000
0.998460 -0.055481 0.000000 26.475566 0.055481 0.998460 0.000000 3.601869 0.000000 0.000000 1.000000 0.000000
0.998639 -0.052149 0.000000 28.137970 0.052149 0.998639 0.000000 3.677829 0.000000 0.000000 1.000000 0.000000
0.998575 -0.053371 0.000000 29.806682 0.053371 0.998575 0.000000 3.754912 0.000000 0.000000 1.000000 0.000000
0.998211 -0.059781 0.000000 31.447736 0.059781 0.998211 0.000000 3.838285 0.000000 0.000000 1.000000 0.000000
0.997857 -0.065438 0.000000 33.078868 0.065438 0.997857 0.000000 3.937880 0.000000 0.000000 1.000000 0.000000
0.997422 -0.071754 0.000000 34.919655 0.071754 0.997422 0.000000 4.055557 0.000000 0.000000 1.000000 0.000000
0.997267 -0.073888 0.000000 36.891949 0.073888 0.997267 0.000000 4.194725 0.000000 0.000000 1.000000 0.000000
0.997445 -0.071432 0.000000 38.888565 0.071432 0.997445 0.000000 4.328543 0.000000 0.000000 1.000000 0.000000
0.997531 -0.070226 0.000000 40.880298 0.070226 0.997531 0.000000 4.451861 0.000000 0.000000 1.000000 0.000000
0.997368 -0.072510 0.000000 42.870447 0.072510 0.997368 0.000000 4.575282 0.000000 0.000000 1.000000 0.000000
0.997068 -0.076517 0.000000 44.841732 0.076517 0.997068 0.000000 4.714807 0.000000 0.000000 1.000000 0.000000
0.996724 -0.080883 0.000000 46.825997 0.080883 0.996724 0.000000 4.865031 0.000000 0.000000 1.000000 0.000000
0.996370 -0.085127 0.000000 48.823490 0.085127 0.996370 0.000000 5.021224 0.000000 0.000000 1.000000 0.000000
0.995967 -0.089723 0.000000 50.797421 0.089723 0.995967 0.000000 5.186133 0.000000 0.000000 1.000000 0.000000
0.995738 -0.092231 0.000000 52.763524 0.092231 0.995738 0.000000 5.356748 0.000000 0.000000 1.000000 0.000000
0.995784 -0.091727 0.000000 54.699734 0.091727 0.995784 0.000000 5.523965 0.000000 0.000000 1.000000 0.000000
0.996137 -0.087817 0.000000 56.613791 0.087817 0.996137 0.000000 5.683908 0.000000 0.000000 1.000000 0.000000
0.996569 -0.082767 0.000000 58.530101 0.082767 0.996569 0.000000 5.837420 0.000000 0.000000 1.000000 0.000000
0.996919 -0.078440 0.000000 60.430826 0.078440 0.996919 0.000000 5.981399 0.000000 0.000000 1.000000 0.000000
0.997189 -0.074928 0.000000 62.276597 0.074928 0.997189 0.000000 6.118161 0.000000 0.000000 1.000000 0.000000
0.997470 -0.071084 0.000000 64.098510 0.071084 0.997470 0.000000 6.242163 0.000000 0.000000 1.000000 0.000000
0.997673 -0.068187 0.000000 65.919512 0.068187 0.997673 0.000000 6.361048 0.000000 0.000000 1.000000 0.000000
0.998093 -0.061728 0.000000 67.744245 0.061728 0.998093 0.000000 6.471614 0.000000 0.000000 1.000000 0.000000
0.998449 -0.055666 0.000000 69.488717 0.055666 0.998449 0.000000 6.564174 0.000000 0.000000 1.000000 0.000000
0.998905 -0.046780 0.000000 71.649561 0.046780 0.998905 0.000000 6.667516 0.000000 0.000000 1.000000 0.000000
0.999228 -0.039275 0.000000 73.894272 0.039275 0.999228 0.000000 6.749996 0.000000 0.000000 1.000000 0.000000
0.999439 -0.033504 0.000000 76.103416 0.033504 0.999439 0.000000 6.809884 0.000000 0.000000 1.000000 0.000000
0.999646 -0.026618 0.000000 78.286800 0.026618 0.999646 0.000000 6.866552 0.000000 0.000000 1.000000 0.000000
0.999748 -0.022453 0.000000 80.461993 0.022453 0.999748 0.000000 6.908399 0.000000 0.000000 1.000000 0.000000
0.999798 -0.020119 0.000000 82.635667 0.020119 0.999798 0.000000 6.947182 0.000000 0.000000 1.000000 0.000000
0.999868 -0.016234 0.000000 84.766969 0.016234 0.999868 0.000000 6.981186 0.000000 0.000000 1.000000 0.000000
0.999838 -0.018015 0.000000 86.859183 0.018015 0.999838 0.000000 7.011410 0.000000 0.000000 1.000000 0.000000
0.999773 -0.021305 0.000000 88.921581 0.021305 0.999773 0.000000 7.047638 0.000000 0.000000 1.000000 0.000000
0.999685 -0.025116 0.000000 90.955595 0.025116 0.999685 0.000000 7.095563 0.000000 0.000000 1.000000 0.000000
0.999548 -0.030074 0.000000 92.965771 0.030074 0.999548 0.000000 7.150062 0.000000 0.000000 1.000000 0.000000
0.999387 -0.035007 0.000000 94.912792 0.035007 0.999387 0.000000 7.207968 0.000000 0.000000 1.000000 0.000000
0.999062 -0.043304 0.000000 96.838724 0.043304 0.999062 0.000000 7.280134 0.000000 0.000000 1.000000 0.000000
0.998734 -0.050304 0.000000 98.753516 0.050304 0.998734 0.000000 7.372014 0.000000 0.000000 1.000000 0.000000
0.998320 -0.057933 0.000000 100.650606 0.057933 0.998320 0.000000 7.472547 0.000000 0.000000 1.000000 0.000000
0.997960 -0.063840 0.000000 102.457274 0.063840 0.997960 0.000000 7.580427 0.000000 0.000000 1.000000 0.000000
0.997549 -0.069976 0.000000 104.236266 0.069976 0.997549 0.000000 7.695122 0.000000 0.000000 1.000000 0.000000
0.997123 -0.075806 0.000000 106.155645 0.075806 0.997123 0.000000 7.834065 0.000000 0.000000 1.000000 0.000000
0.996642 -0.081886 0.000000 108.345305 0.081886 0.996642 0.000000 7.995078 0.000000 0.000000 1.000000 0.000000
0.996240 -0.086637 0.000000 110.498203 0.086637 0.996240 0.000000 8.171444 0.000000 0.000000 1.000000 0.000000
0.995800 -0.091557 0.000000 112.614238 0.091557 0.995800 0.000000 8.355637 0.000000 0.000000 1.000000 0.000000
0.995405 -0.095755 0.000000 114.722472 0.095755 0.995405 0.000000 8.543519 0.000000 0.000000 1.000000 0.000000
0.995117 -0.098705 0.000000 116.788206 0.098705 0.995117 0.000000 8.740636 0.000000 0.000000 1.000000 0.000000
0.994841 -0.101442 0.000000 118.806997 0.101442 0.994841 0.000000 8.932672 0.000000 0.000000 1.000000 0.000000
0.994602 -0.103768 0.000000 120.776641 0.103768 0.994602 0.000000 9.128298 0.000000 0.000000 1.000000 0.000000
0.994506 -0.104677 0.000000 122.737799 0.104677 0.994506 0.000000 9.324266 0.000000 0.000000 1.000000 0.000000
0.994574 -0.104029 0.000000 124.694568 0.104029 0.994574 0.000000 9.521679 0.000000 0.000000 1.000000 0.000000
0.994735 -0.102480 0.000000 126.608505 0.102480 0.994735 0.000000 9.712363 0.000000 0.000000 1.000000 0.000000
0.995152 -0.098348 0.000000 128.480758 0.098348 0.995152 0.000000 9.901992 0.000000 0.000000 1.000000 0.000000
0.995661 -0.093050 0.000000 130.365611 0.093050 0.995661 0.000000 10.080698 0.000000 0.000000 1.000000 0.000000
0.996187 -0.087241 0.000000 132.248570 0.087241 0.996187 0.000000 10.250601 0.000000 0.000000 1.000000 0.000000
0.996666 -0.081594 0.000000 134.315532 0.081594 0.996666 0.000000 10.423864 0.000000 0.000000 1.000000 0.000000
0.997016 -0.077200 0.000000 136.599031 0.077200 0.997016 0.000000 10.597119 0.000000 0.000000 1.000000 0.000000
0.997137 -0.075618 0.000000 138.831688 0.075618 0.997137 0.000000 10.777441 0.000000 0.000000 1.000000 0.000000
0.997062 -0.076605 0.000000 141.048448 0.076605 0.997062 0.000000 10.949566 0.000000 0.000000 1.000000 0.000000
0.996988 -0.077560 0.000000 143.256147 0.077560 0.996988 0.000000 11.118684 0.000000 0.000000 1.000000 0.000000
0.996974 -0.077730 0.000000 145.443243 0.077730 0.996974 0.000000 11.300328 0.000000 0.000000 1.000000 0.000000
0.997034 -0.076963 0.000000 147.605244 0.076963 0.997034 0.000000 11.470893 0.000000 0.000000 1.000000 0.000000
0.997101 -0.076090 0.000000 149.738217 0.076090 0.997101 0.000000 11.642420 0.000000 0.000000 1.000000 0.000000
0.997100 -0.076096 0.000000 151.813155 0.076096 0.997100 0.000000 11.800847 0.000000 0.000000 1.000000 0.000000
0.997072 -0.076473 0.000000 153.878462 0.076473 0.997072 0.000000 11.952422 0.000000 0.000000 1.000000 0.000000
0.996966 -0.077844 0.000000 155.933646 0.077844 0.996966 0.000000 12.104351 0.000000 0.000000 1.000000 0.000000
0.996843 -0.079401 0.000000 157.987167 0.079401 0.996843 0.000000 12.257100 0.000000 0.000000 1.000000 0.000000
0.996674 -0.081497 0.000000 159.957552 0.081497 0.996674 0.000000 12.416118 0.000000 0.000000 1.000000 0.000000
0.996467 -0.083985 0.000000 162.389907 0.083985 0.996467 0.000000 12.620435 0.000000 0.000000 1.000000 0.000000
0.996280 -0.086180 0.000000 164.806557 0.086180 0.996280 0.000000 12.830233 0.000000 0.000000 1.000000 0.000000
0.996156 -0.087599 0.000000 167.197231 0.087599 0.996156 0.000000 13.037560 0.000000 0.000000 1.000000 0.000000
0.995975 -0.089628 0.000000 169.588285 0.089628 0.995975 0.000000 13.236492 0.000000 0.000000 1.000000 0.000000
0.995824 -0.091298 0.000000 171.948857 0.091298 0.995824 0.000000 13.435393 0.000000 0.000000 1.000000 0.000000
0.995626 -0.093425 0.000000 174.241471 0.093425 0.995626 0.000000 13.637931 0.000000 0.000000 1.000000 0.000000
0.995470 -0.095079 0.000000 176.498272 0.095079 0.995470 0.000000 13.838486 0.000000 0.000000 1.000000 0.000000
0.995329 -0.096537 0.000000 178.701114 0.096537 0.995329 0.000000 14.045916 0.000000 0.000000 1.000000 0.000000
0.995230 -0.097552 0.000000 180.842522 0.097552 0.995230 0.000000 14.252969 0.000000 0.000000 1.000000 0.000000
0.995090 -0.098977 0.000000 182.959108 0.098977 0.995090 0.000000 14.464220 0.000000 0.000000 1.000000 0.000000
0.994991 -0.099964 0.000000 185.051477 0.099964 0.994991 0.000000 14.669695 0.000000 0.000000 1.000000 0.000000
0.994852 -0.101334 0.000000 187.067705 0.101334 0.994852 0.000000 14.862227 0.000000 0.000000 1.000000 0.000000
0.994802 -0.101832 0.000000 189.029469 0.101832 0.994802 0.000000 15.051162 0.000000 0.000000 1.000000 0.000000
0.994705 -0.102775 0.000000 191.086259 0.102775 0.994705 0.000000 15.252002 0.000000 0.000000 1.000000 0.000000
0.994616 -0.103631 0.000000 193.301345 0.103631 0.994616 0.000000 15.467139 0.000000 0.000000 1.000000 0.000000
0.994560 -0.104167 0.000000 195.472897 0.104167 0.994560 0.000000 15.683627 0.000000 0.000000 1.000000 0.000000
0.994503 -0.104713 0.000000 197.560138 0.104713 0.994503 0.000000 15.896400 0.000000 0.000000 1.000000 0.000000
0.994413 -0.105561 0.000000 199.568889 0.105561 0.994413 0.000000 16.097763 0.000000 0.000000 1.000000 0.000000
0.994350 -0.106151 0.000000 201.540551 0.106151 0.994350 0.000000 16.297704 0.000000 0.000000 1.000000 0.000000
0.994276 -0.106844 0.000000 203.438066 0.106844 0.994276 0.000000 16.490836 0.000000 0.000000 1.000000 0.000000
0.994209 -0.107465 0.000000 205.272161 0.107465 0.994209 0.000000 16.682141 0.000000 0.000000 1.000000 0.000000
0.994113 -0.108347 0.000000 207.054655 0.108347 0.994113 0.000000 16.870669 0.000000 0.000000 1.000000 0.000000
0.994094 -0.108521 0.000000 208.786443 0.108521 0.994094 0.000000 17.056078 0.000000 0.000000 1.000000 0.000000
0.994241 -0.107163 0.000000 210.449528 0.107163 0.994241 0.000000 17.240814 0.000000 0.000000 1.000000 0.000000
0.994413 -0.105561 0.000000 212.043072 0.105561 0.994413 0.000000 17.409742 0.000000 0.000000 1.000000 0.000000
0.994625 -0.103543 0.000000 213.632064 0.103543 0.994625 0.000000 17.577693 0.000000 0.000000 1.000000 0.000000
0.994786 -0.101988 0.000000 215.146226 0.101988 0.994786 0.000000 17.731377 0.000000 0.000000 1.000000 0.000000
0.994979 -0.100082 0.000000 217.903208 0.100082 0.994979 0.000000 18.002037 0.000000 0.000000 1.000000 0.000000
0.995126 -0.098615 0.000000 220.359798 0.098615 0.995126 0.000000 18.239520 0.000000 0.000000 1.000000 0.000000
0.994977 -0.100101 0.000000 222.569269 0.100101 0.994977 0.000000 18.458384 0.000000 0.000000 1.000000 0.000000
0.994149 -0.108013 0.000000 224.569292 0.108013 0.994149 0.000000 18.673393 0.000000 0.000000 1.000000 0.000000
0.992964 -0.118415 0.000000 226.404373 0.118415 0.992964 0.000000 18.883574 0.000000 0.000000 1.000000 0.000000
0.991909 -0.126950 0.000000 228.133193 0.126950 0.991909 0.000000 19.105228 0.000000 0.000000 1.000000 0.000000
0.990720 -0.135920 0.000000 229.830611 0.135920 0.990720 0.000000 19.337579 0.000000 0.000000 1.000000 0.000000
0.989258 -0.146181 0.000000 231.603598 0.146181 0.989258 0.000000 19.596896 0.000000 0.000000 1.000000 0.000000
0.987620 -0.156867 0.000000 233.527087 0.156867 0.987620 0.000000 19.898982 0.000000 0.000000 1.000000 0.000000
0.985943 -0.167084 0.000000 235.364804 0.167084 0.985943 0.000000 20.209940 0.000000 0.000000 1.000000 0.000000
0.983974 -0.178310 0.000000 237.162851 0.178310 0.983974 0.000000 20.537088 0.000000 0.000000 1.000000 0.000000
0.982501 -0.186257 0.000000 239.024174 0.186257 0.982501 0.000000 20.892484 0.000000 0.000000 1.000000 0.000000
0.981631 -0.190790 0.000000 241.147060 0.190790 0.981631 0.000000 21.299504 0.000000 0.000000 1.000000 0.000000
0.981508 -0.191423 0.000000 243.369087 0.191423 0.981508 0.000000 21.733402 0.000000 0.000000 1.000000 0.000000
0.981760 -0.190124 0.000000 245.711374 0.190124 0.981760 0.000000 22.181951 0.000000 0.000000 1.000000 0.000000
0.981878 -0.189514 0.000000 248.185880 0.189514 0.981878 0.000000 22.653318 0.000000 0.000000 1.000000 0.000000
0.982037 -0.188687 0.000000 250.834096 0.188687 0.982037 0.000000 23.155125 0.000000 0.000000 1.000000 0.000000
0.982125 -0.188228 0.000000 253.562058 0.188228 0.982125 0.000000 23.676550 0.000000 0.000000 1.000000 0.000000
0.981775 -0.190049 0.000000 256.383703 0.190049 0.981775 0.000000 24.217561 0.000000 0.000000 1.000000 0.000000
0.981481 -0.191560 0.000000 259.362624 0.191560 0.981481 0.000000 24.798367 0.000000 0.000000 1.000000 0.000000
0.980655 -0.195742 0.000000 260.904673 0.195742 0.980655 0.000000 25.097598 0.000000 0.000000 1.000000 0.000000
0.980344 -0.197294 0.000000 262.458944 0.197294 0.980344 0.000000 25.405798 0.000000 0.000000 1.000000 0.000000
0.980411 -0.196962 0.000000 264.023606 0.196962 0.980411 0.000000 25.721643 0.000000 0.000000 1.000000 0.000000
0.980321 -0.197408 0.000000 265.653050 0.197408 0.980321 0.000000 26.042363 0.000000 0.000000 1.000000 0.000000
0.980298 -0.197524 0.000000 267.295528 0.197524 0.980298 0.000000 26.368976 0.000000 0.000000 1.000000 0.000000
0.980304 -0.197495 0.000000 268.947747 0.197495 0.980304 0.000000 26.697868 0.000000 0.000000 1.000000 0.000000
0.980341 -0.197313 0.000000 270.619807 0.197313 0.980341 0.000000 27.029251 0.000000 0.000000 1.000000 0.000000
0.980410 -0.196968 0.000000 272.328925 0.196968 0.980410 0.000000 27.366831 0.000000 0.000000 1.000000 0.000000
0.980530 -0.196369 0.000000 274.034681 0.196369 0.980530 0.000000 27.701649 0.000000 0.000000 1.000000 0.000000
0.980518 -0.196427 0.000000 275.750147 0.196427 0.980518 0.000000 28.042173 0.000000 0.000000 1.000000 0.000000
0.980269 -0.197671 0.000000 277.479941 0.197671 0.980269 0.000000 28.387374 0.000000 0.000000 1.000000 0.000000
0.979798 -0.199989 0.000000 279.250764 0.199989 0.979798 0.000000 28.748519 0.000000 0.000000 1.000000 0.000000
0.979294 -0.202445 0.000000 281.043792 0.202445 0.979294 0.000000 29.114806 0.000000 0.000000 1.000000 0.000000
0.979213 -0.202834 0.000000 282.824228 0.202834 0.979213 0.000000 29.477459 0.000000 0.000000 1.000000 0.000000
0.979259 -0.202614 0.000000 284.592157 0.202614 0.979259 0.000000 29.839433 0.000000 0.000000 1.000000 0.000000
0.979303 -0.202401 0.000000 286.361142 0.202401 0.979303 0.000000 30.198504 0.000000 0.000000 1.000000 0.000000
0.979461 -0.201635 0.000000 288.090739 0.201635 0.979461 0.000000 30.549071 0.000000 0.000000 1.000000 0.000000
0.979307 -0.202380 0.000000 289.805362 0.202380 0.979307 0.000000 30.899765 0.000000 0.000000 1.000000 0.000000
0.979021 -0.203758 0.000000 291.601307 0.203758 0.979021 0.000000 31.271999 0.000000 0.000000 1.000000 0.000000
0.978709 -0.205253 0.000000 293.382586 0.205253 0.978709 0.000000 31.639979 0.000000 0.000000 1.000000 0.000000
0.978386 -0.206787 0.000000 295.128855 0.206787 0.978386 0.000000 31.999729 0.000000 0.000000 1.000000 0.000000
0.978237 -0.207492 0.000000 296.840930 0.207492 0.978237 0.000000 32.356816 0.000000 0.000000 1.000000 0.000000
0.978074 -0.208258 0.000000 298.532259 0.208258 0.978074 0.000000 32.709256 0.000000 0.000000 1.000000 0.000000
0.977925 -0.208958 0.000000 300.210694 0.208958 0.977925 0.000000 33.058530 0.000000 0.000000 1.000000 0.000000
0.977913 -0.209012 0.000000 302.009850 0.209012 0.977913 0.000000 33.433511 0.000000 0.000000 1.000000 0.000000
0.978229 -0.207529 0.000000 303.851955 0.207529 0.978229 0.000000 33.817929 0.000000 0.000000 1.000000 0.000000
0.978757 -0.205025 0.000000 305.697673 0.205025 0.978757 0.000000 34.194557 0.000000 0.000000 1.000000 0.000000
0.979230 -0.202753 0.000000 307.547525 0.202753 0.979230 0.000000 34.569080 0.000000 0.000000 1.000000 0.000000
0.979978 -0.199107 0.000000 309.401593 0.199107 0.979978 0.000000 34.936488 0.000000 0.000000 1.000000 0.000000
0.980673 -0.195653 0.000000 311.254033 0.195653 0.980673 0.000000 35.296661 0.000000 0.000000 1.000000 0.000000
0.981474 -0.191594 0.000000 313.111440 0.191594 0.981474 0.000000 35.650246 0.000000 0.000000 1.000000 0.000000
0.981772 -0.190063 0.000000 314.963308 0.190063 0.981772 0.000000 36.002003 0.000000 0.000000 1.000000 0.000000
0.981986 -0.188954 0.000000 316.819814 0.188954 0.981986 0.000000 36.352417 0.000000 0.000000 1.000000 0.000000
0.982039 -0.188680 0.000000 318.675645 0.188680 0.982039 0.000000 36.702108 0.000000 0.000000 1.000000 0.000000
0.982023 -0.188761 0.000000 320.528128 0.188761 0.982023 0.000000 37.049444 0.000000 0.000000 1.000000 0.000000
0.982001 -0.188877 0.000000 322.383825 0.188877 0.982001 0.000000 37.397654 0.000000 0.000000 1.000000 0.000000
0.982540 -0.186052 0.000000 324.189278 0.186052 0.982540 0.000000 37.732014 0.000000 0.000000 1.000000 0.000000
0.983337 -0.181794 0.000000 325.947354 0.181794 0.983337 0.000000 38.053483 0.000000 0.000000 1.000000 0.000000
0.984605 -0.174796 0.000000 327.684491 0.174796 0.984605 0.000000 38.353961 0.000000 0.000000 1.000000 0.000000
0.985323 -0.170702 0.000000 329.391950 0.170702 0.985323 0.000000 38.641462 0.000000 0.000000 1.000000 0.000000
0.985657 -0.168762 0.000000 331.088621 0.168762 0.985657 0.000000 38.924046 0.000000 0.000000 1.000000 0.000000
0.986180 -0.165675 0.000000 332.781767 0.165675 0.986180 0.000000 39.202716 0.000000 0.000000 1.000000 0.000000
0.986277 -0.165102 0.000000 334.399683 0.165102 0.986277 0.000000 39.464833 0.000000 0.000000 1.000000 0.000000
0.987046 -0.160435 0.000000 335.919494 0.160435 0.987046 0.000000 39.707647 0.000000 0.000000 1.000000 0.000000
0.987900 -0.155089 0.000000 338.747277 0.155089 0.987900 0.000000 40.142021 0.000000 0.000000 1.000000 0.000000
0.989006 -0.147875 0.000000 341.278993 0.147875 0.989006 0.000000 40.522362 0.000000 0.000000 1.000000 0.000000
0.989623 -0.143691 0.000000 343.571341 0.143691 0.989623 0.000000 40.848807 0.000000 0.000000 1.000000 0.000000
0.990502 -0.137496 0.000000 345.601034 0.137496 0.990502 0.000000 41.128285 0.000000 0.000000 1.000000 0.000000
0.991251 -0.131988 0.000000 347.426293 0.131988 0.991251 0.000000 41.356647 0.000000 0.000000 1.000000 0.000000
0.991838 -0.127508 0.000000 349.080837 0.127508 0.991838 0.000000 41.560368 0.000000 0.000000 1.000000 0.000000
0.993021 -0.117934 0.000000 351.165202 0.117934 0.993021 0.000000 41.804082 0.000000 0.000000 1.000000 0.000000
0.994084 -0.108614 0.000000 352.882201 0.108614 0.994084 0.000000 41.983910 0.000000 0.000000 1.000000 0.000000
0.994783 -0.102010 0.000000 354.495371 0.102010 0.994783 0.000000 42.140115 0.000000 0.000000 1.000000 0.000000
0.994776 -0.102079 0.000000 356.093232 0.102079 0.994776 0.000000 42.302173 0.000000 0.000000 1.000000 0.000000
0.995542 -0.094320 0.000000 358.241740 0.094320 0.995542 0.000000 42.484032 0.000000 0.000000 1.000000 0.000000
0.996812 -0.079786 0.000000 359.922460 0.079786 0.996812 0.000000 42.597076 0.000000 0.000000 1.000000 0.000000
0.998241 -0.059291 0.000000 362.019781 0.059291 0.998241 0.000000 42.700335 0.000000 0.000000 1.000000 0.000000
0.999154 -0.041132 0.000000 364.563682 0.041132 0.999154 0.000000 42.794001 0.000000 0.000000 1.000000 0.000000
0.999549 -0.030027 0.000000 367.458629 0.030027 0.999549 0.000000 42.867609 0.000000 0.000000 1.000000 0.000000
0.999764 -0.021728 0.000000 370.728631 0.021728 0.999764 0.000000 42.934224 0.000000 0.000000 1.000000 0.000000
0.999838 -0.017994 0.000000 372.455185 0.017994 0.999838 0.000000 42.956278 0.000000 0.000000 1.000000 0.000000
0.999914 -0.013117 0.000000 374.245178 0.013117 0.999914 0.000000 42.971199 0.000000 0.000000 1.000000 0.000000
0.999945 -0.010467 0.000000 376.111081 0.010467 0.999945 0.000000 42.978435 0.000000 0.000000 1.000000 0.000000
0.999963 -0.008629 0.000000 378.020205 0.008629 0.999963 0.000000 42.985889 0.000000 0.000000 1.000000 0.000000
0.999959 -0.009003 0.000000 379.963279 0.009003 0.999959 0.000000 42.995758 0.000000 0.000000 1.000000 0.000000
0.999931 -0.011770 0.000000 381.946400 0.011770 0.999931 0.000000 43.007698 0.000000 0.000000 1.000000 0.000000
0.999903 -0.013944 0.000000 383.941531 0.013944 0.999903 0.000000 43.024570 0.000000 0.000000 1.000000 0.000000
0.999828 -0.018539 0.000000 385.948847 0.018539 0.999828 0.000000 43.054955 0.000000 0.000000 1.000000 0.000000
0.999714 -0.023905 0.000000 387.950103 0.023905 0.999714 0.000000 43.100269 0.000000 0.000000 1.000000 0.000000
0.999652 -0.026398 0.000000 389.969436 0.026398 0.999652 0.000000 43.155253 0.000000 0.000000 1.000000 0.000000
0.999558 -0.029738 0.000000 392.004939 0.029738 0.999558 0.000000 43.209283 0.000000 0.000000 1.000000 0.000000
0.999492 -0.031875 0.000000 394.069328 0.031875 0.999492 0.000000 43.271418 0.000000 0.000000 1.000000 0.000000
0.999349 -0.036091 0.000000 396.122639 0.036091 0.999349 0.000000 43.341730 0.000000 0.000000 1.000000 0.000000
0.999115 -0.042063 0.000000 398.190876 0.042063 0.999115 0.000000 43.418671 0.000000 0.000000 1.000000 0.000000
0.998826 -0.048448 0.000000 400.278930 0.048448 0.998826 0.000000 43.513817 0.000000 0.000000 1.000000 0.000000
0.998507 -0.054631 0.000000 402.367672 0.054631 0.998507 0.000000 43.619298 0.000000 0.000000 1.000000 0.000000
0.998136 -0.061023 0.000000 404.487224 0.061023 0.998136 0.000000 43.738130 0.000000 0.000000 1.000000 0.000000
0.997716 -0.067555 0.000000 406.579762 0.067555 0.997716 0.000000 43.871834 0.000000 0.000000 1.000000 0.000000
0.997290 -0.073567 0.000000 408.661465 0.073567 0.997290 0.000000 44.010265 0.000000 0.000000 1.000000 0.000000
0.996843 -0.079392 0.000000 410.704836 0.079392 0.996843 0.000000 44.159712 0.000000 0.000000 1.000000 0.000000
0.996583 -0.082598 0.000000 412.732854 0.082598 0.996583 0.000000 44.320926 0.000000 0.000000 1.000000 0.000000
0.996193 -0.087180 0.000000 414.732923 0.087180 0.996193 0.000000 44.483548 0.000000 0.000000 1.000000 0.000000
0.995877 -0.090717 0.000000 416.694969 0.090717 0.995877 0.000000 44.648138 0.000000 0.000000 1.000000 0.000000
0.995526 -0.094483 0.000000 418.663488 0.094483 0.995526 0.000000 44.814703 0.000000 0.000000 1.000000 0.000000
0.995176 -0.098103 0.000000 420.641503 0.098103 0.995176 0.000000 44.992067 0.000000 0.000000 1.000000 0.000000
0.994856 -0.101302 0.000000 422.584900 0.101302 0.994856 0.000000 45.173928 0.000000 0.000000 1.000000 0.000000
0.994527 -0.104480 0.000000 424.496245 0.104480 0.994527 0.000000 45.347578 0.000000 0.000000 1.000000 0.000000
0.994257 -0.107022 0.000000 426.356026 0.107022 0.994257 0.000000 45.535219 0.000000 0.000000 1.000000 0.000000
0.993972 -0.109636 0.000000 428.243539 0.109636 0.993972 0.000000 45.728445 0.000000 0.000000 1.000000 0.000000
0.993765 -0.111499 0.000000 430.088194 0.111499 0.993765 0.000000 45.924658 0.000000 0.000000 1.000000 0.000000
0.993696 -0.112105 0.000000 431.869414 0.112105 0.993696 0.000000 46.114132 0.000000 0.000000 1.000000 0.000000
0.993537 -0.113513 0.000000 433.880091 0.113513 0.993537 0.000000 46.326632 0.000000 0.000000 1.000000 0.000000
0.993510 -0.113743 0.000000 435.902171 0.113743 0.993510 0.000000 46.542531 0.000000 0.000000 1.000000 0.000000
0.993467 -0.114119 0.000000 437.891190 0.114119 0.993467 0.000000 46.752495 0.000000 0.000000 1.000000 0.000000
0.993421 -0.114515 0.000000 439.837148 0.114515 0.993421 0.000000 46.963246 0.000000 0.000000 1.000000 0.000000
0.993252 -0.115980 0.000000 441.764274 0.115980 0.993252 0.000000 47.171124 0.000000 0.000000 1.000000 0.000000
0.993083 -0.117419 0.000000 443.684909 0.117419 0.993083 0.000000 47.380579 0.000000 0.000000 1.000000 0.000000
0.992985 -0.118244 0.000000 445.585130 0.118244 0.992985 0.000000 47.589678 0.000000 0.000000 1.000000 0.000000
0.992958 -0.118469 0.000000 447.399810 0.118469 0.992958 0.000000 47.789838 0.000000 0.000000 1.000000 0.000000
0.993071 -0.117516 0.000000 449.182979 0.117516 0.993071 0.000000 47.982609 0.000000 0.000000 1.000000 0.000000
0.993210 -0.116334 0.000000 450.960625 0.116334 0.993210 0.000000 48.167896 0.000000 0.000000 1.000000 0.000000
0.993436 -0.114390 0.000000 452.662797 0.114390 0.993436 0.000000 48.349362 0.000000 0.000000 1.000000 0.000000
0.993585 -0.113092 0.000000 454.266170 0.113092 0.993585 0.000000 48.517140 0.000000 0.000000 1.000000 0.000000
0.993772 -0.111429 0.000000 455.804391 0.111429 0.993772 0.000000 48.674748 0.000000 0.000000 1.000000 0.000000
0.994157 -0.107945 0.000000 457.270007 0.107945 0.994157 0.000000 48.828864 0.000000 0.000000 1.000000 0.000000
0.994860 -0.101263 0.000000 458.666881 0.101263 0.994860 0.000000 48.963559 0.000000 0.000000 1.000000 0.000000
0.997447 -0.071406 0.000000 461.257340 0.071406 0.997447 0.000000 49.158809 0.000000 0.000000 1.000000 0.000000
0.999919 -0.012725 0.000000 463.751726 0.012725 0.999919 0.000000 49.202766 0.000000 0.000000 1.000000 0.000000
0.997564 0.069758 0.000000 465.957381 -0.069758 0.997564 -0.000000 49.066896 -0.000000 0.000000 1.000000 0.000000
0.983843 0.179032 0.000000 467.773131 -0.179032 0.983843 -0.000000 48.743165 -0.000000 0.000000 1.000000 0.000000
0.956561 0.291533 0.000000 469.227072 -0.291533 0.956561 -0.000000 48.283336 -0.000000 0.000000 1.000000 0.000000
0.918332 0.395812 0.000000 470.378509 -0.395812 0.918332 -0.000000 47.754309 -0.000000 0.000000 1.000000 0.000000
0.880323 0.474374 0.000000 471.310626 -0.474374 0.880323 -0.000000 47.216590 -0.000000 0.000000 1.000000 0.000000
0.831429 0.555630 0.000000 472.166925 -0.555630 0.831429 -0.000000 46.594541 -0.000000 0.000000 1.000000 0.000000
0.777592 0.628770 0.000000 472.901095 -0.628770 0.777592 -0.000000 45.947728 -0.000000 0.000000 1.000000 0.000000
0.688796 0.724955 0.000000 473.579228 -0.724955 0.688796 -0.000000 45.169188 -0.000000 0.000000 1.000000 0.000000
0.565789 0.824550 0.000000 474.100214 -0.824550 0.565789 -0.000000 44.306488 -0.000000 0.000000 1.000000 0.000000
0.483295 0.875458 0.000000 474.336805 -0.875458 0.483295 -0.000000 43.751254 -0.000000 0.000000 1.000000 0.000000
0.383259 0.923641 0.000000 474.542341 -0.923641 0.383259 -0.000000 43.112793 -0.000000 0.000000 1.000000 0.000000
0.271861 0.962337 0.000000 474.695047 -0.962337 0.271861 -0.000000 42.384170 -0.000000 0.000000 1.000000 0.000000
0.149553 0.988754 0.000000 474.757587 -0.988754 0.149553 -0.000000 41.604231 -0.000000 0.000000 1.000000 0.000000
0.015130 0.999886 0.000000 474.717428 -0.999886 0.015130 -0.000000 40.756738 -0.000000 0.000000 1.000000 0.000000
-0.128775 0.991674 0.000000 474.544823 -0.991674 -0.128775 -0.000000 39.841504 -0.000000 0.000000 1.000000 0.000000
-0.273904 0.961757 0.000000 474.221356 -0.961757 -0.273904 -0.000000 38.903189 -0.000000 0.000000 1.000000 0.000000
-0.403917 0.914796 0.000000 473.751154 -0.914796 -0.403917 -0.000000 37.948952 -0.000000 0.000000 1.000000 0.000000
-0.519696 0.854351 0.000000 473.124632 -0.854351 -0.519696 0.000000 36.997500 0.000000 0.000000 1.000000 0.000000
-0.618543 0.785751 0.000000 472.360706 -0.785751 -0.618543 0.000000 36.074454 0.000000 0.000000 1.000000 0.000000
-0.696332 0.717720 0.000000 471.461148 -0.717720 -0.696332 0.000000 35.186137 0.000000 0.000000 1.000000 0.000000
-0.792136 0.610345 0.000000 469.360557 -0.610345 -0.792136 0.000000 33.510772 0.000000 0.000000 1.000000 0.000000
-0.831491 0.555539 0.000000 466.693325 -0.555539 -0.831491 0.000000 31.696453 0.000000 0.000000 1.000000 0.000000
-0.841636 0.540045 0.000000 465.265749 -0.540045 -0.841636 0.000000 30.790550 0.000000 0.000000 1.000000 0.000000
-0.850247 0.526384 0.000000 463.809938 -0.526384 -0.850247 0.000000 29.897124 0.000000 0.000000 1.000000 0.000000
-0.855735 0.517414 0.000000 462.295865 -0.517414 -0.855735 0.000000 28.991261 0.000000 0.000000 1.000000 0.000000
-0.859088 0.511828 0.000000 460.759470 -0.511828 -0.859088 0.000000 28.084259 0.000000 0.000000 1.000000 0.000000
-0.861372 0.507975 0.000000 459.205788 -0.507975 -0.861372 0.000000 27.178263 0.000000 0.000000 1.000000 0.000000
-0.863908 0.503649 0.000000 457.637084 -0.503649 -0.863908 0.000000 26.274130 0.000000 0.000000 1.000000 0.000000
-0.866397 0.499356 0.000000 456.045819 -0.499356 -0.866397 0.000000 25.373656 0.000000 0.000000 1.000000 0.000000
-0.869255 0.494364 0.000000 454.460089 -0.494364 -0.869255 0.000000 24.483118 0.000000 0.000000 1.000000 0.000000
-0.872559 0.488509 0.000000 452.866230 -0.488509 -0.872559 0.000000 23.596503 0.000000 0.000000 1.000000 0.000000
-0.875017 0.484092 0.000000 451.224093 -0.484092 -0.875017 0.000000 22.703943 0.000000 0.000000 1.000000 0.000000
-0.875868 0.482552 0.000000 449.331062 -0.482552 -0.875868 0.000000 21.674417 0.000000 0.000000 1.000000 0.000000
-0.875315 0.483552 0.000000 447.302002 -0.483552 -0.875315 0.000000 20.570830 0.000000 0.000000 1.000000 0.000000
-0.874338 0.485318 0.000000 445.304504 -0.485318 -0.874338 0.000000 19.474468 0.000000 0.000000 1.000000 0.000000
-0.874762 0.484553 0.000000 443.352243 -0.484553 -0.874762 0.000000 18.406993 0.000000 0.000000 1.000000 0.000000
-0.875157 0.483840 0.000000 441.434783 -0.483840 -0.875157 0.000000 17.354626 0.000000 0.000000 1.000000 0.000000
-0.876157 0.482025 0.000000 439.533404 -0.482025 -0.876157 0.000000 16.319915 0.000000 0.000000 1.000000 0.000000
-0.877267 0.480003 0.000000 437.652173 -0.480003 -0.877267 0.000000 15.303418 0.000000 0.000000 1.000000 0.000000
-0.878530 0.477688 0.000000 435.805821 -0.477688 -0.878530 0.000000 14.314478 0.000000 0.000000 1.000000 0.000000
-0.879819 0.475309 0.000000 434.006998 -0.475309 -0.879819 0.000000 13.359225 0.000000 0.000000 1.000000 0.000000
-0.880625 0.473813 0.000000 431.935830 -0.473813 -0.880625 0.000000 12.251504 0.000000 0.000000 1.000000 0.000000
-0.880867 0.473365 0.000000 429.908551 -0.473365 -0.880867 0.000000 11.173071 0.000000 0.000000 1.000000 0.000000
-0.881061 0.473002 0.000000 427.961249 -0.473002 -0.881061 0.000000 10.135040 0.000000 0.000000 1.000000 0.000000
-0.881293 0.472571 0.000000 426.087939 -0.472571 -0.881293 0.000000 9.137443 0.000000 0.000000 1.000000 0.000000
-0.881411 0.472351 0.000000 424.298449 -0.472351 -0.881411 0.000000 8.191849 0.000000 0.000000 1.000000 0.000000
-0.881886 0.471462 0.000000 422.572436 -0.471462 -0.881886 0.000000 7.278085 0.000000 0.000000 1.000000 0.000000
-0.882961 0.469447 0.000000 420.904382 -0.469447 -0.882961 0.000000 6.395408 0.000000 0.000000 1.000000 0.000000
-0.883678 0.468096 0.000000 419.233623 -0.468096 -0.883678 0.000000 5.514406 0.000000 0.000000 1.000000 0.000000
-0.884654 0.466249 0.000000 417.506955 -0.466249 -0.884654 0.000000 4.608607 0.000000 0.000000 1.000000 0.000000
-0.885590 0.464468 0.000000 415.862126 -0.464468 -0.885590 0.000000 3.750987 0.000000 0.000000 1.000000 0.000000
-0.886230 0.463246 0.000000 414.274238 -0.463246 -0.886230 0.000000 2.925986 0.000000 0.000000 1.000000 0.000000
-0.887080 0.461616 0.000000 412.742892 -0.461616 -0.887080 0.000000 2.130314 0.000000 0.000000 1.000000 0.000000
-0.887289 0.461215 0.000000 411.267233 -0.461215 -0.887289 0.000000 1.370735 0.000000 0.000000 1.000000 0.000000
-0.888024 0.459798 0.000000 409.826429 -0.459798 -0.888024 0.000000 0.626261 0.000000 0.000000 1.000000 0.000000
-0.888522 0.458833 0.000000 408.387654 -0.458833 -0.888522 0.000000 -0.106864 0.000000 0.000000 1.000000 0.000000
-0.889376 0.457176 0.000000 406.945271 -0.457176 -0.889376 0.000000 -0.845778 0.000000 0.000000 1.000000 0.000000
-0.890411 0.455157 0.000000 405.372749 -0.455157 -0.890411 0.000000 -1.654709 0.000000 0.000000 1.000000 0.000000
-0.891329 0.453357 0.000000 403.738402 -0.453357 -0.891329 0.000000 -2.482501 0.000000 0.000000 1.000000 0.000000
-0.891938 0.452158 0.000000 402.109756 -0.452158 -0.891938 0.000000 -3.304429 0.000000 0.000000 1.000000 0.000000
-0.893158 0.449743 0.000000 400.484373 -0.449743 -0.893158 0.000000 -4.119621 0.000000 0.000000 1.000000 0.000000
-0.893923 0.448220 0.000000 398.867917 -0.448220 -0.893923 0.000000 -4.921143 0.000000 0.000000 1.000000 0.000000
-0.894940 0.446186 0.000000 397.267318 -0.446186 -0.894940 0.000000 -5.718801 0.000000 0.000000 1.000000 0.000000
-0.895855 0.444347 0.000000 395.669262 -0.444347 -0.895855 0.000000 -6.507158 0.000000 0.000000 1.000000 0.000000
-0.896795 0.442447 0.000000 394.054768 -0.442447 -0.896795 0.000000 -7.297455 0.000000 0.000000 1.000000 0.000000
-0.897944 0.440110 0.000000 392.285945 -0.440110 -0.897944 0.000000 -8.160893 0.000000 0.000000 1.000000 0.000000
-0.898828 0.438301 0.000000 390.526178 -0.438301 -0.898828 0.000000 -9.014731 0.000000 0.000000 1.000000 0.000000
-0.899755 0.436395 0.000000 388.748255 -0.436395 -0.899755 0.000000 -9.874561 0.000000 0.000000 1.000000 0.000000
-0.900748 0.434342 0.000000 386.957263 -0.434342 -0.900748 0.000000 -10.731288 0.000000 0.000000 1.000000 0.000000
-0.901513 0.432752 0.000000 385.148980 -0.432752 -0.901513 0.000000 -11.590119 0.000000 0.000000 1.000000 0.000000
-0.901950 0.431840 0.000000 383.330929 -0.431840 -0.901950 0.000000 -12.450405 0.000000 0.000000 1.000000 0.000000
-0.902393 0.430914 0.000000 381.487997 -0.430914 -0.902393 0.000000 -13.320765 0.000000 0.000000 1.000000 0.000000
-0.903134 0.429360 0.000000 379.480535 -0.429360 -0.903134 0.000000 -14.261974 0.000000 0.000000 1.000000 0.000000
-0.904226 0.427053 0.000000 377.373703 -0.427053 -0.904226 0.000000 -15.240177 0.000000 0.000000 1.000000 0.000000
-0.905393 0.424574 0.000000 375.248101 -0.424574 -0.905393 0.000000 -16.223337 0.000000 0.000000 1.000000 0.000000
-0.907528 0.419992 0.000000 373.171813 -0.419992 -0.907528 0.000000 -17.170549 0.000000 0.000000 1.000000 0.000000
-0.910202 0.414165 0.000000 371.118524 -0.414165 -0.910202 0.000000 -18.095644 0.000000 0.000000 1.000000 0.000000
-0.913288 0.407315 0.000000 369.071563 -0.407315 -0.913288 0.000000 -19.003142 0.000000 0.000000 1.000000 0.000000
-0.916598 0.399809 0.000000 367.020735 -0.399809 -0.916598 0.000000 -19.897154 0.000000 0.000000 1.000000 0.000000
-0.920418 0.390935 0.000000 364.988365 -0.390935 -0.920418 0.000000 -20.759846 0.000000 0.000000 1.000000 0.000000
-0.924683 0.380737 0.000000 363.016286 -0.380737 -0.924683 0.000000 -21.565334 0.000000 0.000000 1.000000 0.000000
-0.928545 0.371221 0.000000 361.052431 -0.371221 -0.928545 0.000000 -22.345296 0.000000 0.000000 1.000000 0.000000
-0.932389 0.361456 0.000000 359.111724 -0.361456 -0.932389 0.000000 -23.090756 0.000000 0.000000 1.000000 0.000000
-0.935621 0.353007 0.000000 357.190995 -0.353007 -0.935621 0.000000 -23.804997 0.000000 0.000000 1.000000 0.000000
-0.938464 0.345378 0.000000 355.337285 -0.345378 -0.938464 0.000000 -24.477951 0.000000 0.000000 1.000000 0.000000
-0.940721 0.339181 0.000000 353.549627 -0.339181 -0.940721 0.000000 -25.116800 0.000000 0.000000 1.000000 0.000000
-0.941869 0.335979 0.000000 351.782711 -0.335979 -0.941869 0.000000 -25.737011 0.000000 0.000000 1.000000 0.000000
-0.942380 0.334544 0.000000 350.025841 -0.334544 -0.942380 0.000000 -26.345783 0.000000 0.000000 1.000000 0.000000
-0.942029 0.335533 0.000000 348.353245 -0.335533 -0.942029 0.000000 -26.924296 0.000000 0.000000 1.000000 0.000000
-0.941658 0.336571 0.000000 346.652521 -0.336571 -0.941658 0.000000 -27.515946 0.000000 0.000000 1.000000 0.000000
-0.941294 0.337589 0.000000 344.532202 -0.337589 -0.941294 0.000000 -28.270684 0.000000 0.000000 1.000000 0.000000
-0.941073 0.338205 0.000000 342.476260 -0.338205 -0.941073 0.000000 -29.004832 0.000000 0.000000 1.000000 0.000000
-0.940982 0.338456 0.000000 340.458116 -0.338456 -0.940982 0.000000 -29.725577 0.000000 0.000000 1.000000 0.000000
-0.940598 0.339522 0.000000 338.486913 -0.339522 -0.940598 0.000000 -30.436993 0.000000 0.000000 1.000000 0.000000
-0.939994 0.341191 0.000000 336.552237 -0.341191 -0.939994 0.000000 -31.132149 0.000000 0.000000 1.000000 0.000000
-0.938060 0.346472 0.000000 334.664745 -0.346472 -0.938060 0.000000 -31.821434 0.000000 0.000000 1.000000 0.000000
-0.936265 0.351296 0.000000 332.822770 -0.351296 -0.936265 0.000000 -32.510169 0.000000 0.000000 1.000000 0.000000
-0.934260 0.356592 0.000000 331.049884 -0.356592 -0.934260 0.000000 -33.180912 0.000000 0.000000 1.000000 0.000000
-0.932528 0.361099 0.000000 329.119798 -0.361099 -0.932528 0.000000 -33.918651 0.000000 0.000000 1.000000 0.000000
-0.931128 0.364694 0.000000 327.031060 -0.364694 -0.931128 0.000000 -34.728816 0.000000 0.000000 1.000000 0.000000
-0.930091 0.367329 0.000000 324.975814 -0.367329 -0.930091 0.000000 -35.535051 0.000000 0.000000 1.000000 0.000000
-0.929434 0.368989 0.000000 322.958006 -0.368989 -0.929434 0.000000 -36.332253 0.000000 0.000000 1.000000 0.000000
-0.928167 0.372163 0.000000 320.975926 -0.372163 -0.928167 0.000000 -37.117980 0.000000 0.000000 1.000000 0.000000
-0.927427 0.374003 0.000000 319.036126 -0.374003 -0.927427 0.000000 -37.889256 0.000000 0.000000 1.000000 0.000000
-0.926062 0.377371 0.000000 317.168339 -0.377371 -0.926062 0.000000 -38.637684 0.000000 0.000000 1.000000 0.000000
-0.924920 0.380161 0.000000 315.355586 -0.380161 -0.924920 0.000000 -39.368822 0.000000 0.000000 1.000000 0.000000
-0.923288 0.384108 0.000000 313.587241 -0.384108 -0.923288 0.000000 -40.095038 0.000000 0.000000 1.000000 0.000000
-0.921682 0.387946 0.000000 311.391982 -0.387946 -0.921682 0.000000 -41.008502 0.000000 0.000000 1.000000 0.000000
-0.919582 0.392899 0.000000 309.044287 -0.392899 -0.919582 0.000000 -42.002725 0.000000 0.000000 1.000000 0.000000
-0.917736 0.397191 0.000000 306.713519 -0.397191 -0.917736 0.000000 -43.007407 0.000000 0.000000 1.000000 0.000000
-0.916022 0.401129 0.000000 304.462442 -0.401129 -0.916022 0.000000 -43.986511 0.000000 0.000000 1.000000 0.000000
-0.914328 0.404974 0.000000 302.289364 -0.404974 -0.914328 0.000000 -44.941045 0.000000 0.000000 1.000000 0.000000
-0.912841 0.408314 0.000000 300.426538 -0.408314 -0.912841 0.000000 -45.765394 0.000000 0.000000 1.000000 0.000000
-0.912295 0.409534 0.000000 298.781580 -0.409534 -0.912295 0.000000 -46.500802 0.000000 0.000000 1.000000 0.000000
-0.911691 0.410876 0.000000 297.150438 -0.410876 -0.911691 0.000000 -47.231596 0.000000 0.000000 1.000000 0.000000
-0.911026 0.412350 0.000000 295.529404 -0.412350 -0.911026 0.000000 -47.960153 0.000000 0.000000 1.000000 0.000000
-0.911160 0.412052 0.000000 293.949136 -0.412052 -0.911160 0.000000 -48.670390 0.000000 0.000000 1.000000 0.000000
-0.911283 0.411780 0.000000 292.447162 -0.411780 -0.911283 0.000000 -49.342071 0.000000 0.000000 1.000000 0.000000
