0.995601 -0.093697 0.000000 1.889325 0.093697 0.995601 0.000000 0.151235 0.000000 0.000000 1.000000 0.000000
0.986911 -0.161268 0.000000 3.812548 0.161268 0.986911 0.000000 0.454720 0.000000 0.000000 1.000000 0.000000
0.982301 -0.187307 0.000000 5.577059 0.187307 0.982301 0.000000 0.786563 0.000000 0.000000 1.000000 0.000000
0.981301 -0.192481 0.000000 7.743292 0.192481 0.981301 0.000000 1.200752 0.000000 0.000000 1.000000 0.000000
0.982245 -0.187601 0.000000 10.203132 0.187601 0.982245 0.000000 1.659351 0.000000 0.000000 1.000000 0.000000
0.983683 -0.179911 0.000000 12.958892 0.179911 0.983683 0.000000 2.146339 0.000000 0.000000 1.000000 0.000000
0.984250 -0.176784 0.000000 14.479452 0.176784 0.984250 0.000000 2.404293 0.000000 0.000000 1.000000 0.000000
0.985285 -0.170920 0.000000 16.024315 0.170920 0.985285 0.000000 2.657416 0.000000 0.000000 1.000000 0.000000
0.986555 -0.163430 0.000000 17.554456 0.163430 0.986555 0.000000 2.904622 0.000000 0.000000 1.000000 0.000000
0.987906 -0.155052 0.000000 19.215991 0.155052 0.987906 0.000000 3.153990 0.000000 0.000000 1.000000 0.000000
0.989475 -0.144703 0.000000 20.953480 0.144703 0.989475 0.000000 3.398003 0.000000 0.000000 1.000000 0.000000
0.991324 -0.131439 0.000000 22.702842 0.131439 0.991324 0.000000 3.619940 0.000000 0.000000 1.000000 0.000000
0.993194 -0.116470 0.000000 24.369433 0.116470 0.993194 0.000000 3.810365 0.000000 0.000000 1.000000 0.000000
0.994787 -0.101973 0.000000 26.151772 0.101973 0.994787 0.000000 3.984911 0.000000 0.000000 1.000000 0.000000
0.996156 -0.087595 0.000000 27.971649 0.087595 0.996156 0.000000 4.134983 0.000000 0.000000 1.000000 0.000000
0.997259 -0.073986 0.000000 29.831135 0.073986 0.997259 0.000000 4.265518 0.000000 0.000000 1.000000 0.000000
0.998262 -0.058929 0.000000 31.697669 0.058929 0.998262 0.000000 4.371593 0.000000 0.000000 1.000000 0.000000
0.999071 -0.043085 0.000000 33.561030 0.043085 0.999071 0.000000 4.448967 0.000000 0.000000 1.000000 0.000000
0.999617 -0.027685 0.000000 35.480046 0.027685 0.999617 0.000000 4.498642 0.000000 0.000000 1.000000 0.000000
0.999884 -0.015218 0.000000 37.423335 0.015218 0.999884 0.000000 4.527453 0.000000 0.000000 1.000000 0.000000
0.999989 -0.004632 0.000000 39.371955 0.004632 0.999989 0.000000 4.533332 0.000000 0.000000 1.000000 0.000000
0.999991 0.004296 0.000000 41.336881 -0.004296 0.999991 -0.000000 4.521900 -0.000000 0.000000 1.000000 0.000000
0.999941 0.010869 0.000000 43.343343 -0.010869 0.999941 -0.000000 4.499326 -0.000000 0.000000 1.000000 0.000000
0.999916 0.012989 0.000000 45.445700 -0.012989 0.999916 -0.000000 4.461044 -0.000000 0.000000 1.000000 0.000000
0.999870 0.016099 0.000000 47.563633 -0.016099 0.999870 -0.000000 4.413021 -0.000000 0.000000 1.000000 0.000000
0.999777 0.021107 0.000000 49.646170 -0.021107 0.999777 -0.000000 4.361228 -0.000000 0.000000 1.000000 0.000000
0.999583 0.028886 0.000000 51.699733 -0.028886 0.999583 -0.000000 4.299801 -0.000000 0.000000 1.000000 0.000000
0.999263 0.038377 0.000000 53.759425 -0.038377 0.999263 -0.000000 4.222892 -0.000000 0.000000 1.000000 0.000000
0.999060 0.043357 0.000000 55.812704 -0.043357 0.999060 -0.000000 4.127245 -0.000000 0.000000 1.000000 0.000000
0.999179 0.040514 0.000000 57.884677 -0.040514 0.999179 -0.000000 4.033766 -0.000000 0.000000 1.000000 0.000000
0.999368 0.035547 0.000000 59.987083 -0.035547 0.999368 -0.000000 3.955568 -0.000000 0.000000 1.000000 0.000000
0.999637 0.026924 0.000000 62.103968 -0.026924 0.999637 -0.000000 3.892085 -0.000000 0.000000 1.000000 0.000000
0.999915 0.013054 0.000000 64.228820 -0.013054 0.999915 -0.000000 3.852410 -0.000000 0.000000 1.000000 0.000000
0.999997 -0.002246 0.000000 66.347612 0.002246 0.999997 0.000000 3.848083 0.000000 0.000000 1.000000 0.000000
0.999806 -0.019684 0.000000 68.485631 0.019684 0.999806 0.000000 3.875284 0.000000 0.000000 1.000000 0.000000
0.999299 -0.037424 0.000000 70.614758 0.037424 0.999299 0.000000 3.944334 0.000000 0.000000 1.000000 0.000000
0.998540 -0.054011 0.000000 72.739059 0.054011 0.998540 0.000000 4.058822 0.000000 0.000000 1.000000 0.000000
0.997661 -0.068355 0.000000 74.834014 0.068355 0.997661 0.000000 4.201180 0.000000 0.000000 1.000000 0.000000
0.996821 -0.079674 0.000000 76.973393 0.079674 0.996821 0.000000 4.364992 0.000000 0.000000 1.000000 0.000000
0.996199 -0.087107 0.000000 79.136346 0.087107 0.996199 0.000000 4.556699 0.000000 0.000000 1.000000 0.000000
0.995864 -0.090857 0.000000 81.297555 0.090857 0.995864 0.000000 4.756949 0.000000 0.000000 1.000000 0.000000
0.995733 -0.092284 0.000000 83.437336 0.092284 0.995733 0.000000 4.960106 0.000000 0.000000 1.000000 0.000000
0.995791 -0.091650 0.000000 85.603102 0.091650 0.995791 0.000000 5.155319 0.000000 0.000000 1.000000 0.000000
0.995961 -0.089789 0.000000 87.785056 0.089789 0.995961 0.000000 5.341576 0.000000 0.000000 1.000000 0.000000
0.996227 -0.086789 0.000000 89.964708 0.086789 0.996227 0.000000 5.524307 0.000000 0.000000 1.000000 0.000000
0.996586 -0.082564 0.000000 92.168768 0.082564 0.996586 0.000000 5.692248 0.000000 0.000000 1.000000 0.000000
0.996925 -0.078358 0.000000 94.392438 0.078358 0.996925 0.000000 5.850579 0.000000 0.000000 1.000000 0.000000
0.996757 -0.080468 0.000000 96.616435 0.080468 0.996757 0.000000 6.013959 0.000000 0.000000 1.000000 0.000000
0.996833 -0.079529 0.000000 98.818443 0.079529 0.996833 0.000000 6.178126 0.000000 0.000000 1.000000 0.000000
0.997300 -0.073437 0.000000 101.023496 0.073437 0.997300 0.000000 6.337709 0.000000 0.000000 1.000000 0.000000
0.997958 -0.063876 0.000000 103.254161 0.063876 0.997958 0.000000 6.478892 0.000000 0.000000 1.000000 0.000000
0.998677 -0.051423 0.000000 105.522945 0.051423 0.998677 0.000000 6.592233 0.000000 0.000000 1.000000 0.000000
0.999304 -0.037304 0.000000 107.813482 0.037304 0.999304 0.000000 6.678570 0.000000 0.000000 1.000000 0.000000
0.999706 -0.024252 0.000000 110.196919 0.024252 0.999706 0.000000 6.755747 0.000000 0.000000 1.000000 0.000000
0.999902 -0.013979 0.000000 112.619337 0.013979 0.999902 0.000000 6.811828 0.000000 0.000000 1.000000 0.000000
0.999955 -0.009494 0.000000 115.104175 0.009494 0.999955 0.000000 6.845342 0.000000 0.000000 1.000000 0.000000
0.999968 -0.007992 0.000000 117.606274 0.007992 0.999968 0.000000 6.858728 0.000000 0.000000 1.000000 0.000000
0.999979 -0.006530 0.000000 120.134272 0.006530 0.999979 0.000000 6.877130 0.000000 0.000000 1.000000 0.000000
0.999980 -0.006355 0.000000 122.718838 0.006355 0.999980 0.000000 6.881973 0.000000 0.000000 1.000000 0.000000
0.999973 -0.007353 0.000000 125.308220 0.007353 0.999973 0.000000 6.881421 0.000000 0.000000 1.000000 0.000000
0.999948 -0.010178 0.000000 127.866604 0.010178 0.999948 0.000000 6.902480 0.000000 0.000000 1.000000 0.000000
0.999911 -0.013360 0.000000 130.415176 0.013360 0.999911 0.000000 6.930474 0.000000 0.000000 1.000000 0.000000
0.999862 -0.016601 0.000000 132.935296 0.016601 0.999862 0.000000 6.964801 0.000000 0.000000 1.000000 0.000000
0.999833 -0.018285 0.000000 135.302233 0.018285 0.999833 0.000000 7.007097 0.000000 0.000000 1.000000 0.000000
0.999797 -0.020156 0.000000 137.636045 0.020156 0.999797 0.000000 7.053509 0.000000 0.000000 1.000000 0.000000
0.999751 -0.022329 0.000000 139.984286 0.022329 0.999751 0.000000 7.094440 0.000000 0.000000 1.000000 0.000000
0.999681 -0.025241 0.000000 142.354740 0.025241 0.999681 0.000000 7.140313 0.000000 0.000000 1.000000 0.000000
0.999637 -0.026925 0.000000 144.743220 0.026925 0.999637 0.000000 7.191497 0.000000 0.000000 1.000000 0.000000
0.999606 -0.028075 0.000000 147.147743 0.028075 0.999606 0.000000 7.244109 0.000000 0.000000 1.000000 0.000000
0.999615 -0.027740 0.000000 149.587506 0.027740 0.999615 0.000000 7.312047 0.000000 0.000000 1.000000 0.000000
0.999617 -0.027683 0.000000 152.023672 0.027683 0.999617 0.000000 7.367259 0.000000 0.000000 1.000000 0.000000
0.999610 -0.027937 0.000000 154.492270 0.027937 0.999610 0.000000 7.426814 0.000000 0.000000 1.000000 0.000000
0.999587 -0.028733 0.000000 156.962217 0.028733 0.999587 0.000000 7.482743 0.000000 0.000000 1.000000 0.000000
0.999546 -0.030133 0.000000 159.470472 0.030133 0.999546 0.000000 7.555408 0.000000 0.000000 1.000000 0.000000
0.999468 -0.032614 0.000000 161.971247 0.032614 0.999468 0.000000 7.629795 0.000000 0.000000 1.000000 0.000000
0.999322 -0.036805 0.000000 164.272874 0.036805 0.999322 0.000000 7.707493 0.000000 0.000000 1.000000 0.000000
0.999139 -0.041497 0.000000 166.342082 0.041497 0.999139 0.000000 7.792191 0.000000 0.000000 1.000000 0.000000
0.998986 -0.045029 0.000000 168.387911 0.045029 0.998986 0.000000 7.892077 0.000000 0.000000 1.000000 0.000000
0.998829 -0.048379 0.000000 170.459414 0.048379 0.998829 0.000000 7.996772 0.000000 0.000000 1.000000 0.000000
0.998679 -0.051377 0.000000 172.550456 0.051377 0.998679 0.000000 8.104059 0.000000 0.000000 1.000000 0.000000
0.998509 -0.054587 0.000000 174.605569 0.054587 0.998509 0.000000 8.215428 0.000000 0.000000 1.000000 0.000000
0.998328 -0.057795 0.000000 176.633068 0.057795 0.998328 0.000000 8.335100 0.000000 0.000000 1.000000 0.000000
0.998131 -0.061117 0.000000 178.701234 0.061117 0.998131 0.000000 8.463171 0.000000 0.000000 1.000000 0.000000
0.997944 -0.064090 0.000000 180.786059 0.064090 0.997944 0.000000 8.596861 0.000000 0.000000 1.000000 0.000000
0.997885 -0.065007 0.000000 182.855728 0.065007 0.997885 0.000000 8.737295 0.000000 0.000000 1.000000 0.000000
0.997789 -0.066466 0.000000 184.907646 0.066466 0.997789 0.000000 8.878590 0.000000 0.000000 1.000000 0.000000
0.997539 -0.070114 0.000000 186.983367 0.070114 0.997539 0.000000 9.023541 0.000000 0.000000 1.000000 0.000000
0.997190 -0.074915 0.000000 189.084869 0.074915 0.997190 0.000000 9.183097 0.000000 0.000000 1.000000 0.000000
0.996797 -0.079975 0.000000 191.173336 0.079975 0.996797 0.000000 9.348889 0.000000 0.000000 1.000000 0.000000
0.996244 -0.086594 0.000000 193.262696 0.086594 0.996244 0.000000 9.525197 0.000000 0.000000 1.000000 0.000000
0.995587 -0.093843 0.000000 195.367191 0.093843 0.995587 0.000000 9.720595 0.000000 0.000000 1.000000 0.000000
0.994861 -0.101248 0.000000 197.470976 0.101248 0.994861 0.000000 9.929751 0.000000 0.000000 1.000000 0.000000
0.994214 -0.107418 0.000000 199.568639 0.107418 0.994214 0.000000 10.156402 0.000000 0.000000 1.000000 0.000000
0.993529 -0.113577 0.000000 201.680001 0.113577 0.993529 0.000000 10.393676 0.000000 0.000000 1.000000 0.000000
0.992808 -0.119716 0.000000 203.800083 0.119716 0.992808 0.000000 10.641208 0.000000 0.000000 1.000000 0.000000
0.992106 -0.125403 0.000000 205.941486 0.125403 0.992106 0.000000 10.906386 0.000000 0.000000 1.000000 0.000000
0.991279 -0.131783 0.000000 208.093037 0.131783 0.991279 0.000000 11.184460 0.000000 0.000000 1.000000 0.000000
0.990653 -0.136408 0.000000 210.279561 0.136408 0.990653 0.000000 11.474560 0.000000 0.000000 1.000000 0.000000
0.990522 -0.137356 0.000000 212.478698 0.137356 0.990522 0.000000 11.772677 0.000000 0.000000 1.000000 0.000000
0.990574 -0.136980 0.000000 214.712545 0.136980 0.990574 0.000000 12.071062 0.000000 0.000000 1.000000 0.000000
0.990630 -0.136576 0.000000 216.980210 0.136576 0.990630 0.000000 12.376322 0.000000 0.000000 1.000000 0.000000
0.990503 -0.137494 0.000000 219.281388 0.137494 0.990503 0.000000 12.679396 0.000000 0.000000 1.000000 0.000000
0.990257 -0.139254 0.000000 221.576374 0.139254 0.990257 0.000000 12.987869 0.000000 0.000000 1.000000 0.000000
0.989817 -0.142348 0.000000 223.843132 0.142348 0.989817 0.000000 13.298142 0.000000 0.000000 1.000000 0.000000
0.989251 -0.146231 0.000000 226.133356 0.146231 0.989251 0.000000 13.618192 0.000000 0.000000 1.000000 0.000000
0.988708 -0.149856 0.000000 228.267307 0.149856 0.988708 0.000000 13.928147 0.000000 0.000000 1.000000 0.000000
0.988471 -0.151412 0.000000 230.288426 0.151412 0.988471 0.000000 14.229855 0.000000 0.000000 1.000000 0.000000
0.988092 -0.153863 0.000000 232.336351 0.153863 0.988092 0.000000 14.536194 0.000000 0.000000 1.000000 0.000000
0.987311 -0.158797 0.000000 234.381738 0.158797 0.987311 0.000000 14.848794 0.000000 0.000000 1.000000 0.000000
0.986413 -0.164284 0.000000 236.112535 0.164284 0.986413 0.000000 15.137407 0.000000 0.000000 1.000000 0.000000
0.985388 -0.170324 0.000000 237.834469 0.170324 0.985388 0.000000 15.438283 0.000000 0.000000 1.000000 0.000000
0.984439 -0.175725 0.000000 239.579010 0.175725 0.984439 0.000000 15.748964 0.000000 0.000000 1.000000 0.000000
0.983583 -0.180459 0.000000 241.305117 0.180459 0.983583 0.000000 16.068722 0.000000 0.000000 1.000000 0.000000
0.982934 -0.183960 0.000000 243.015964 0.183960 0.982934 0.000000 16.390120 0.000000 0.000000 1.000000 0.000000
0.982538 -0.186063 0.000000 244.760255 0.186063 0.982538 0.000000 16.727757 0.000000 0.000000 1.000000 0.000000
0.982026 -0.188747 0.000000 246.510374 0.188747 0.982026 0.000000 17.063165 0.000000 0.000000 1.000000 0.000000
0.981600 -0.190948 0.000000 248.254675 0.190948 0.981600 0.000000 17.407098 0.000000 0.000000 1.000000 0.000000
0.980993 -0.194041 0.000000 249.991611 0.194041 0.980993 0.000000 17.748780 0.000000 0.000000 1.000000 0.000000
0.980749 -0.195270 0.000000 251.777350 0.195270 0.980749 0.000000 18.098451 0.000000 0.000000 1.000000 0.000000
0.980591 -0.196064 0.000000 253.581452 0.196064 0.980591 0.000000 18.454533 0.000000 0.000000 1.000000 0.000000
0.980736 -0.195337 0.000000 255.379852 0.195337 0.980736 0.000000 18.811650 0.000000 0.000000 1.000000 0.000000
0.980605 -0.195992 0.000000 257.153250 0.195992 0.980605 0.000000 19.165403 0.000000 0.000000 1.000000 0.000000
0.980944 -0.194292 0.000000 258.940227 0.194292 0.980944 0.000000 19.516664 0.000000 0.000000 1.000000 0.000000
0.981000 -0.194009 0.000000 260.722196 0.194009 0.981000 0.000000 19.862316 0.000000 0.000000 1.000000 0.000000
0.981283 -0.192570 0.000000 262.511253 0.192570 0.981283 0.000000 20.209018 0.000000 0.000000 1.000000 0.000000
0.981804 -0.189895 0.000000 264.304316 0.189895 0.981804 0.000000 20.556855 0.000000 0.000000 1.000000 0.000000
0.982529 -0.186111 0.000000 266.117928 0.186111 0.982529 0.000000 20.889868 0.000000 0.000000 1.000000 0.000000
0.983504 -0.180889 0.000000 267.951080 0.180889 0.983504 0.000000 21.221525 0.000000 0.000000 1.000000 0.000000
0.984551 -0.175098 0.000000 269.798809 0.175098 0.984551 0.000000 21.539558 0.000000 0.000000 1.000000 0.000000
0.985716 -0.168416 0.000000 271.655592 0.168416 0.985716 0.000000 21.845143 0.000000 0.000000 1.000000 0.000000
0.986757 -0.162207 0.000000 273.524601 0.162207 0.986757 0.000000 22.140184 0.000000 0.000000 1.000000 0.000000
0.987810 -0.155667 0.000000 275.426490 0.155667 0.987810 0.000000 22.431102 0.000000 0.000000 1.000000 0.000000
0.988746 -0.149607 0.000000 277.344334 0.149607 0.988746 0.000000 22.709526 0.000000 0.000000 1.000000 0.000000
0.989684 -0.143270 0.000000 279.261524 0.143270 0.989684 0.000000 22.975346 0.000000 0.000000 1.000000 0.000000
0.990410 -0.138157 0.000000 281.209117 0.138157 0.990410 0.000000 23.231124 0.000000 0.000000 1.000000 0.000000
0.991116 -0.133004 0.000000 283.173087 0.133004 0.991116 0.000000 23.483355 0.000000 0.000000 1.000000 0.000000
0.991776 -0.127988 0.000000 285.161111 0.127988 0.991776 0.000000 23.728462 0.000000 0.000000 1.000000 0.000000
0.992293 -0.123918 0.000000 287.151081 0.123918 0.992293 0.000000 23.965027 0.000000 0.000000 1.000000 0.000000
0.992902 -0.118934 0.000000 289.135590 0.118934 0.992902 0.000000 24.193205 0.000000 0.000000 1.000000 0.000000
0.993360 -0.115047 0.000000 291.140959 0.115047 0.993360 0.000000 24.412503 0.000000 0.000000 1.000000 0.000000
0.993944 -0.109889 0.000000 293.205865 0.109889 0.993944 0.000000 24.634654 0.000000 0.000000 1.000000 0.000000
0.994465 -0.105071 0.000000 295.333317 0.105071 0.994465 0.000000 24.851206 0.000000 0.000000 1.000000 0.000000
0.994865 -0.101209 0.000000 297.481395 0.101209 0.994865 0.000000 25.057430 0.000000 0.000000 1.000000 0.000000
0.995196 -0.097907 0.000000 299.683529 0.097907 0.995196 0.000000 25.260163 0.000000 0.000000 1.000000 0.000000
0.995402 -0.095784 0.000000 301.933992 0.095784 0.995402 0.000000 25.464706 0.000000 0.000000 1.000000 0.000000
0.995489 -0.094879 0.000000 304.079201 0.094879 0.995489 0.000000 25.659882 0.000000 0.000000 1.000000 0.000000
0.995659 -0.093072 0.000000 306.181860 0.093072 0.995659 0.000000 25.846823 0.000000 0.000000 1.000000 0.000000
0.995454 -0.095240 0.000000 308.283091 0.095240 0.995454 0.000000 26.033829 0.000000 0.000000 1.000000 0.000000
0.995331 -0.096519 0.000000 310.290381 0.096519 0.995331 0.000000 26.220805 0.000000 0.000000 1.000000 0.000000
0.995308 -0.096760 0.000000 312.381722 0.096760 0.995308 0.000000 26.422609 0.000000 0.000000 1.000000 0.000000
0.995466 -0.095122 0.000000 314.456130 0.095122 0.995466 0.000000 26.617900 0.000000 0.000000 1.000000 0.000000
0.995703 -0.092601 0.000000 316.512303 0.092601 0.995703 0.000000 26.804438 0.000000 0.000000 1.000000 0.000000
0.995861 -0.090891 0.000000 318.548357 0.090891 0.995861 0.000000 26.983647 0.000000 0.000000 1.000000 0.000000
0.996162 -0.087533 0.000000 320.604823 0.087533 0.996162 0.000000 27.150235 0.000000 0.000000 1.000000 0.000000
0.996682 -0.081394 0.000000 322.661514 0.081394 0.996682 0.000000 27.314107 0.000000 0.000000 1.000000 0.000000
0.997315 -0.073226 0.000000 324.720364 0.073226 0.997315 0.000000 27.459695 0.000000 0.000000 1.000000 0.000000
0.997947 -0.064045 0.000000 326.791677 0.064045 0.997947 0.000000 27.590403 0.000000 0.000000 1.000000 0.000000
0.998603 -0.052846 0.000000 328.880125 0.052846 0.998603 0.000000 27.698056 0.000000 0.000000 1.000000 0.000000
0.999149 -0.041236 0.000000 331.004340 0.041236 0.999149 0.000000 27.784979 0.000000 0.000000 1.000000 0.000000
0.999537 -0.030412 0.000000 333.163683 0.030412 0.999537 0.000000 27.848664 0.000000 0.000000 1.000000 0.000000
0.999801 -0.019959 0.000000 335.236463 0.019959 0.999801 0.000000 27.884605 0.000000 0.000000 1.000000 0.000000
0.999948 -0.010175 0.000000 337.321851 0.010175 0.999948 0.000000 27.906111 0.000000 0.000000 1.000000 0.000000
0.999996 -0.002675 0.000000 339.503235 0.002675 0.999996 0.000000 27.906882 0.000000 0.000000 1.000000 0.000000
0.999995 0.003296 0.000000 341.646587 -0.003296 0.999995 -0.000000 27.897678 -0.000000 0.000000 1.000000 0.000000
0.999971 0.007579 0.000000 343.833201 -0.007579 0.999971 -0.000000 27.882998 -0.000000 0.000000 1.000000 0.000000
0.999943 0.010651 0.000000 345.890694 -0.010651 0.999943 -0.000000 27.857730 -0.000000 0.000000 1.000000 0.000000
0.999944 0.010616 0.000000 347.946299 -0.010616 0.999944 -0.000000 27.823248 -0.000000 0.000000 1.000000 0.000000
0.999934 0.011497 0.000000 350.019087 -0.011497 0.999934 -0.000000 27.793654 -0.000000 0.000000 1.000000 0.000000
0.999937 0.011248 0.000000 352.068708 -0.011248 0.999937 -0.000000 27.769027 -0.000000 0.000000 1.000000 0.000000
0.999953 0.009649 0.000000 354.131118 -0.009649 0.999953 -0.000000 27.739898 -0.000000 0.000000 1.000000 0.000000
0.999961 0.008783 0.000000 356.232976 -0.008783 0.999961 -0.000000 27.717707 -0.000000 0.000000 1.000000 0.000000
0.999975 0.007034 0.000000 358.315645 -0.007034 0.999975 -0.000000 27.701843 -0.000000 0.000000 1.000000 0.000000
0.999989 0.004748 0.000000 360.418091 -0.004748 0.999989 -0.000000 27.688434 -0.000000 0.000000 1.000000 0.000000
1.000000 0.000348 0.000000 362.522822 -0.000348 1.000000 -0.000000 27.683355 -0.000000 0.000000 1.000000 0.000000
0.999994 -0.003579 0.000000 364.674218 0.003579 0.999994 0.000000 27.685834 0.000000 0.000000 1.000000 0.000000
0.999960 -0.008990 0.000000 366.796643 0.008990 0.999960 0.000000 27.695491 0.000000 0.000000 1.000000 0.000000
0.999902 -0.013995 0.000000 368.912668 0.013995 0.999902 0.000000 27.716292 0.000000 0.000000 1.000000 0.000000
0.999823 -0.018840 0.000000 371.003721 0.018840 0.999823 0.000000 27.751634 0.000000 0.000000 1.000000 0.000000
0.999727 -0.023353 0.000000 373.164232 0.023353 0.999727 0.000000 27.790325 0.000000 0.000000 1.000000 0.000000
0.999594 -0.028480 0.000000 375.283098 0.028480 0.999594 0.000000 27.837386 0.000000 0.000000 1.000000 0.000000
0.999460 -0.032862 0.000000 377.396375 0.032862 0.999460 0.000000 27.896028 0.000000 0.000000 1.000000 0.000000
0.999302 -0.037357 0.000000 379.491469 0.037357 0.999302 0.000000 27.960560 0.000000 0.000000 1.000000 0.000000
0.999157 -0.041058 0.000000 381.582482 0.041058 0.999157 0.000000 28.029860 0.000000 0.000000 1.000000 0.000000
0.999126 -0.041810 0.000000 383.650565 0.041810 0.999126 0.000000 28.099542 0.000000 0.000000 1.000000 0.000000
0.999124 -0.041850 0.000000 385.688842 0.041850 0.999124 0.000000 28.175708 0.000000 0.000000 1.000000 0.000000
0.999085 -0.042764 0.000000 387.771518 0.042764 0.999085 0.000000 28.245465 0.000000 0.000000 1.000000 0.000000
0.999065 -0.043223 0.000000 389.933048 0.043223 0.999065 0.000000 28.319710 0.000000 0.000000 1.000000 0.000000
0.999038 -0.043844 0.000000 392.122418 0.043844 0.999038 0.000000 28.400494 0.000000 0.000000 1.000000 0.000000
0.998946 -0.045904 0.000000 394.343756 0.045904 0.998946 0.000000 28.478440 0.000000 0.000000 1.000000 0.000000
0.998867 -0.047596 0.000000 396.495932 0.047596 0.998867 0.000000 28.562087 0.000000 0.000000 1.000000 0.000000
0.998729 -0.050402 0.000000 398.639498 0.050402 0.998729 0.000000 28.649506 0.000000 0.000000 1.000000 0.000000
0.998568 -0.053495 0.000000 400.765202 0.053495 0.998568 0.000000 28.748655 0.000000 0.000000 1.000000 0.000000
0.998401 -0.056525 0.000000 402.838686 0.056525 0.998401 0.000000 28.848333 0.000000 0.000000 1.000000 0.000000
0.998281 -0.058605 0.000000 404.774234 0.058605 0.998281 0.000000 28.940749 0.000000 0.000000 1.000000 0.000000
0.998104 -0.061549 0.000000 406.854988 0.061549 0.998104 0.000000 29.048752 0.000000 0.000000 1.000000 0.000000
0.998020 -0.062889 0.000000 408.932483 0.062889 0.998020 0.000000 29.165432 0.000000 0.000000 1.000000 0.000000
0.997886 -0.064990 0.000000 410.927523 0.064990 0.997886 0.000000 29.277220 0.000000 0.000000 1.000000 0.000000
0.997816 -0.066053 0.000000 412.804370 0.066053 0.997816 0.000000 29.385073 0.000000 0.000000 1.000000 0.000000
0.997740 -0.067187 0.000000 414.660331 0.067187 0.997740 0.000000 29.492546 0.000000 0.000000 1.000000 0.000000
0.997639 -0.068670 0.000000 416.579486 0.068670 0.997639 0.000000 29.604310 0.000000 0.000000 1.000000 0.000000
0.997730 -0.067337 0.000000 418.429972 0.067337 0.997730 0.000000 29.710595 0.000000 0.000000 1.000000 0.000000
0.997800 -0.066298 0.000000 420.227994 0.066298 0.997800 0.000000 29.816600 0.000000 0.000000 1.000000 0.000000
0.997864 -0.065320 0.000000 421.970255 0.065320 0.997864 0.000000 29.919647 0.000000 0.000000 1.000000 0.000000
0.997766 -0.066813 0.000000 423.647489 0.066813 0.997766 0.000000 30.015739 0.000000 0.000000 1.000000 0.000000
0.997650 -0.068512 0.000000 425.270347 0.068512 0.997650 0.000000 30.115461 0.000000 0.000000 1.000000 0.000000
0.997536 -0.070162 0.000000 428.323701 0.070162 0.997536 0.000000 30.305262 0.000000 0.000000 1.000000 0.000000
0.997858 -0.065420 0.000000 431.083127 0.065420 0.997858 0.000000 30.473911 0.000000 0.000000 1.000000 0.000000
0.998551 -0.053807 0.000000 433.515946 0.053807 0.998551 0.000000 30.595601 0.000000 0.000000 1.000000 0.000000
0.999673 -0.025573 0.000000 435.696785 0.025573 0.999673 0.000000 30.641838 0.000000 0.000000 1.000000 0.000000
0.999041 0.043782 0.000000 437.704503 -0.043782 0.999041 -0.000000 30.556894 -0.000000 0.000000 1.000000 0.000000
0.990008 0.141011 0.000000 439.655938 -0.141011 0.990008 -0.000000 30.279846 -0.000000 0.000000 1.000000 0.000000
0.964009 0.265869 0.000000 441.503949 -0.265869 0.964009 -0.000000 29.783421 -0.000000 0.000000 1.000000 0.000000
0.914829 0.403840 0.000000 443.219215 -0.403840 0.914829 -0.000000 29.038448 -0.000000 0.000000 1.000000 0.000000
0.843686 0.536837 0.000000 444.739468 -0.536837 0.843686 -0.000000 28.080162 -0.000000 0.000000 1.000000 0.000000
0.760549 0.649280 0.000000 445.936132 -0.649280 0.760549 -0.000000 27.047841 -0.000000 0.000000 1.000000 0.000000
0.673529 0.739160 0.000000 446.726175 -0.739160 0.673529 -0.000000 26.129288 -0.000000 0.000000 1.000000 0.000000
0.605904 0.795537 0.000000 447.176487 -0.795537 0.605904 -0.000000 25.460996 -0.000000 0.000000 1.000000 0.000000
0.528674 0.848825 0.000000 447.563074 -0.848825 0.528674 -0.000000 24.748898 -0.000000 0.000000 1.000000 0.000000
0.453141 0.891439 0.000000 447.816911 -0.891439 0.453141 -0.000000 24.131366 -0.000000 0.000000 1.000000 0.000000
0.330951 0.943648 0.000000 448.044006 -0.943648 0.330951 -0.000000 23.300304 -0.000000 0.000000 1.000000 0.000000
0.191220 0.981547 0.000000 448.169338 -0.981547 0.191220 -0.000000 22.374696 -0.000000 0.000000 1.000000 0.000000
0.011071 0.999939 0.000000 448.139163 -0.999939 0.011071 -0.000000 21.185051 -0.000000 0.000000 1.000000 0.000000
-0.089631 0.995975 0.000000 448.024002 -0.995975 -0.089631 -0.000000 20.536867 -0.000000 0.000000 1.000000 0.000000
-0.193146 0.981170 0.000000 447.833962 -0.981170 -0.193146 -0.000000 19.843129 -0.000000 0.000000 1.000000 0.000000
-0.295835 0.955239 0.000000 447.555486 -0.955239 -0.295835 -0.000000 19.097081 -0.000000 0.000000 1.000000 0.000000
-0.395155 0.918615 0.000000 447.167845 -0.918615 -0.395155 -0.000000 18.325929 -0.000000 0.000000 1.000000 0.000000
-0.488452 0.872591 0.000000 446.668153 -0.872591 -0.488452 -0.000000 17.527298 -0.000000 0.000000 1.000000 0.000000
-0.571903 0.820321 0.000000 446.052294 -0.820321 -0.571903 0.000000 16.710103 0.000000 0.000000 1.000000 0.000000
-0.644447 0.764649 0.000000 445.325822 -0.764649 -0.644447 0.000000 15.895278 0.000000 0.000000 1.000000 0.000000
-0.759183 0.650877 0.000000 443.546270 -0.650877 -0.759183 0.000000 14.313546 0.000000 0.000000 1.000000 0.000000
-0.827780 0.561053 0.000000 441.330102 -0.561053 -0.827780 0.000000 12.764839 0.000000 0.000000 1.000000 0.000000
-0.859705 0.510791 0.000000 438.798740 -0.510791 -0.859705 0.000000 11.237931 0.000000 0.000000 1.000000 0.000000
-0.868147 0.496308 0.000000 437.480005 -0.496308 -0.868147 0.000000 10.495215 0.000000 0.000000 1.000000 0.000000
-0.874909 0.484287 0.000000 436.140214 -0.484287 -0.874909 0.000000 9.764648 0.000000 0.000000 1.000000 0.000000
-0.881340 0.472482 0.000000 434.671677 -0.472482 -0.881340 0.000000 8.982103 0.000000 0.000000 1.000000 0.000000
-0.885785 0.464096 0.000000 433.124701 -0.464096 -0.885785 0.000000 8.183604 0.000000 0.000000 1.000000 0.000000
-0.887981 0.459881 0.000000 431.561452 -0.459881 -0.887981 0.000000 7.387133 0.000000 0.000000 1.000000 0.000000
-0.889434 0.457064 0.000000 429.941729 -0.457064 -0.889434 0.000000 6.566688 0.000000 0.000000 1.000000 0.000000
-0.889763 0.456422 0.000000 428.255814 -0.456422 -0.889763 0.000000 5.717710 0.000000 0.000000 1.000000 0.000000
-0.890227 0.455518 0.000000 426.530206 -0.455518 -0.890227 0.000000 4.843750 0.000000 0.000000 1.000000 0.000000
-0.890590 0.454806 0.000000 424.767540 -0.454806 -0.890590 0.000000 3.955128 0.000000 0.000000 1.000000 0.000000
-0.890475 0.455032 0.000000 422.990862 -0.455032 -0.890475 0.000000 3.070279 0.000000 0.000000 1.000000 0.000000
-0.890805 0.454385 0.000000 421.201781 -0.454385 -0.890805 0.000000 2.167447 0.000000 0.000000 1.000000 0.000000
-0.891141 0.453727 0.000000 419.358735 -0.453727 -0.891141 0.000000 1.237316 0.000000 0.000000 1.000000 0.000000
-0.892354 0.451336 0.000000 417.537021 -0.451336 -0.892354 0.000000 0.335850 0.000000 0.000000 1.000000 0.000000
-0.894133 0.447801 0.000000 415.670037 -0.447801 -0.894133 0.000000 -0.583614 0.000000 0.000000 1.000000 0.000000
-0.895890 0.444277 0.000000 413.875685 -0.444277 -0.895890 0.000000 -1.460720 0.000000 0.000000 1.000000 0.000000
-0.897748 0.440509 0.000000 412.060139 -0.440509 -0.897748 0.000000 -2.337463 0.000000 0.000000 1.000000 0.000000
-0.899562 0.436793 0.000000 410.222826 -0.436793 -0.899562 0.000000 -3.222626 0.000000 0.000000 1.000000 0.000000
-0.901023 0.433772 0.000000 408.365679 -0.433772 -0.901023 0.000000 -4.102554 0.000000 0.000000 1.000000 0.000000
-0.902695 0.430281 0.000000 406.531630 -0.430281 -0.902695 0.000000 -4.968779 0.000000 0.000000 1.000000 0.000000
-0.903583 0.428412 0.000000 404.744531 -0.428412 -0.903583 0.000000 -5.807482 0.000000 0.000000 1.000000 0.000000
-0.903124 0.429380 0.000000 402.967924 -0.429380 -0.903124 0.000000 -6.642649 0.000000 0.000000 1.000000 0.000000
-0.901882 0.431982 0.000000 401.189916 -0.431982 -0.901882 0.000000 -7.483678 0.000000 0.000000 1.000000 0.000000
-0.900710 0.434420 0.000000 399.459600 -0.434420 -0.900710 0.000000 -8.310712 0.000000 0.000000 1.000000 0.000000
-0.899341 0.437248 0.000000 397.768922 -0.437248 -0.899341 0.000000 -9.117170 0.000000 0.000000 1.000000 0.000000
-0.898561 0.438849 0.000000 396.157240 -0.438849 -0.898561 0.000000 -9.898172 0.000000 0.000000 1.000000 0.000000
-0.897996 0.440003 0.000000 394.579121 -0.440003 -0.897996 0.000000 -10.663067 0.000000 0.000000 1.000000 0.000000
-0.897836 0.440330 0.000000 393.101758 -0.440330 -0.897836 0.000000 -11.378363 0.000000 0.000000 1.000000 0.000000
-0.897675 0.440657 0.000000 391.783448 -0.440657 -0.897675 0.000000 -12.019098 0.000000 0.000000 1.000000 0.000000
-0.897553 0.440907 0.000000 390.278450 -0.440907 -0.897553 0.000000 -12.755684 0.000000 0.000000 1.000000 0.000000
-0.897915 0.440168 0.000000 387.714714 -0.440168 -0.897915 0.000000 -14.004480 0.000000 0.000000 1.000000 0.000000
-0.898954 0.438043 0.000000 385.475584 -0.438043 -0.898954 0.000000 -15.088352 0.000000 0.000000 1.000000 0.000000
-0.899795 0.436313 0.000000 383.559988 -0.436313 -0.899795 0.000000 -16.007566 0.000000 0.000000 1.000000 0.000000
-0.900958 0.433906 0.000000 381.894338 -0.433906 -0.900958 0.000000 -16.805545 0.000000 0.000000 1.000000 0.000000
-0.902200 0.431318 0.000000 380.536336 -0.431318 -0.902200 0.000000 -17.448746 0.000000 0.000000 1.000000 0.000000
-0.904348 0.426797 0.000000 378.843131 -0.426797 -0.904348 0.000000 -18.243068 0.000000 0.000000 1.000000 0.000000
-0.905988 0.423304 0.000000 377.351754 -0.423304 -0.905988 0.000000 -18.932843 0.000000 0.000000 1.000000 0.000000
-0.907638 0.419753 0.000000 375.787602 -0.419753 -0.907638 0.000000 -19.651290 0.000000 0.000000 1.000000 0.000000
-0.909455 0.415802 0.000000 373.822345 -0.415802 -0.909455 0.000000 -20.545618 0.000000 0.000000 1.000000 0.000000
-0.910790 0.412870 0.000000 372.289600 -0.412870 -0.910790 0.000000 -21.236726 0.000000 0.000000 1.000000 0.000000
-0.912164 0.409824 0.000000 370.588541 -0.409824 -0.912164 0.000000 -21.993948 0.000000 0.000000 1.000000 0.000000
-0.913352 0.407170 0.000000 368.595120 -0.407170 -0.913352 0.000000 -22.876177 0.000000 0.000000 1.000000 0.000000
-0.914545 0.404483 0.000000 366.434621 -0.404483 -0.914545 0.000000 -23.824877 0.000000 0.000000 1.000000 0.000000
-0.916078 0.401000 0.000000 364.091230 -0.401000 -0.916078 0.000000 -24.840860 0.000000 0.000000 1.000000 0.000000
-0.917368 0.398039 0.000000 361.504830 -0.398039 -0.917368 0.000000 -25.962556 0.000000 0.000000 1.000000 0.000000
-0.919044 0.394154 0.000000 358.713581 -0.394154 -0.919044 0.000000 -27.152489 0.000000 0.000000 1.000000 0.000000
-0.919756 0.392491 0.000000 357.261650 -0.392491 -0.919756 0.000000 -27.765804 0.000000 0.000000 1.000000 0.000000
-0.920584 0.390545 0.000000 355.755758 -0.390545 -0.920584 0.000000 -28.395751 0.000000 0.000000 1.000000 0.000000
-0.921320 0.388805 0.000000 354.199141 -0.388805 -0.921320 0.000000 -29.037359 0.000000 0.000000 1.000000 0.000000
-0.922029 0.387120 0.000000 352.606283 -0.387120 -0.922029 0.000000 -29.690378 0.000000 0.000000 1.000000 0.000000
-0.922975 0.384860 0.000000 350.952634 -0.384860 -0.922975 0.000000 -30.375880 0.000000 0.000000 1.000000 0.000000
-0.924683 0.380738 0.000000 349.245263 -0.380738 -0.924683 0.000000 -31.078680 0.000000 0.000000 1.000000 0.000000
-0.925946 0.377656 0.000000 347.518309 -0.377656 -0.925946 0.000000 -31.772346 0.000000 0.000000 1.000000 0.000000
-0.928546 0.371217 0.000000 345.862477 -0.371217 -0.928546 0.000000 -32.420657 0.000000 0.000000 1.000000 0.000000
-0.931072 0.364835 0.000000 344.141431 -0.364835 -0.931072 0.000000 -33.086364 0.000000 0.000000 1.000000 0.000000
-0.933403 0.358829 0.000000 342.398810 -0.358829 -0.933403 0.000000 -33.743304 0.000000 0.000000 1.000000 0.000000
-0.936437 0.350835 0.000000 340.561587 -0.350835 -0.936437 0.000000 -34.429062 0.000000 0.000000 1.000000 0.000000
-0.939086 0.343682 0.000000 338.630604 -0.343682 -0.939086 0.000000 -35.138306 0.000000 0.000000 1.000000 0.000000
-0.942156 0.335176 0.000000 336.709867 -0.335176 -0.942156 0.000000 -35.820110 0.000000 0.000000 1.000000 0.000000
-0.944666 0.328033 0.000000 334.894584 -0.328033 -0.944666 0.000000 -36.443228 0.000000 0.000000 1.000000 0.000000
-0.947206 0.320624 0.000000 332.932027 -0.320624 -0.947206 0.000000 -37.102409 0.000000 0.000000 1.000000 0.000000
-0.949493 0.313790 0.000000 330.891472 -0.313790 -0.949493 0.000000 -37.767009 0.000000 0.000000 1.000000 0.000000
-0.951748 0.306881 0.000000 328.842819 -0.306881 -0.951748 0.000000 -38.418111 0.000000 0.000000 1.000000 0.000000
-0.952915 0.303237 0.000000 326.867805 -0.303237 -0.952915 0.000000 -39.035250 0.000000 0.000000 1.000000 0.000000
-0.952962 0.303090 0.000000 324.864840 -0.303090 -0.952962 0.000000 -39.663596 0.000000 0.000000 1.000000 0.000000
-0.952534 0.304434 0.000000 322.803661 -0.304434 -0.952534 0.000000 -40.310377 0.000000 0.000000 1.000000 0.000000
-0.952656 0.304050 0.000000 320.713300 -0.304050 -0.952656 0.000000 -40.965481 0.000000 0.000000 1.000000 0.000000
-0.953085 0.302704 0.000000 318.654970 -0.302704 -0.953085 0.000000 -41.605679 0.000000 0.000000 1.000000 0.000000
-0.953458 0.301526 0.000000 316.515925 -0.301526 -0.953458 0.000000 -42.276029 0.000000 0.000000 1.000000 0.000000
-0.953599 0.301079 0.000000 314.443040 -0.301079 -0.953599 0.000000 -42.919361 0.000000 0.000000 1.000000 0.000000
-0.952982 0.303028 0.000000 312.379732 -0.303028 -0.952982 0.000000 -43.566411 0.000000 0.000000 1.000000 0.000000
-0.951884 0.306460 0.000000 310.256767 -0.306460 -0.951884 0.000000 -44.247956 0.000000 0.000000 1.000000 0.000000
-0.951292 0.308291 0.000000 308.089837 -0.308291 -0.951292 0.000000 -44.952575 0.000000 0.000000 1.000000 0.000000
-0.950328 0.311251 0.000000 306.017474 -0.311251 -0.950328 0.000000 -45.621915 0.000000 0.000000 1.000000 0.000000
-0.949622 0.313397 0.000000 303.939419 -0.313397 -0.949622 0.000000 -46.299191 0.000000 0.000000 1.000000 0.000000
-0.948567 0.316577 0.000000 301.731545 -0.316577 -0.948567 0.000000 -47.031960 0.000000 0.000000 1.000000 0.000000
-0.947262 0.320461 0.000000 299.548449 -0.320461 -0.947262 0.000000 -47.760665 0.000000 0.000000 1.000000 0.000000
-0.946079 0.323935 0.000000 297.442393 -0.323935 -0.946079 0.000000 -48.473187 0.000000 0.000000 1.000000 0.000000
-0.944675 0.328008 0.000000 295.329564 -0.328008 -0.944675 0.000000 -49.197088 0.000000 0.000000 1.000000 0.000000
-0.943167 0.332318 0.000000 293.128502 -0.332318 -0.943167 0.000000 -49.960418 0.000000 0.000000 1.000000 0.000000
-0.941649 0.336595 0.000000 290.846235 -0.336595 -0.941649 0.000000 -50.769122 0.000000 0.000000 1.000000 0.000000
-0.940347 0.340217 0.000000 288.508835 -0.340217 -0.940347 0.000000 -51.604651 0.000000 0.000000 1.000000 0.000000
-0.939062 0.343748 0.000000 286.240596 -0.343748 -0.939062 0.000000 -52.427329 0.000000 0.000000 1.000000 0.000000
-0.938154 0.346218 0.000000 284.026706 -0.346218 -0.938154 0.000000 -53.241305 0.000000 0.000000 1.000000 0.000000
-0.937619 0.347664 0.000000 281.809158 -0.347664 -0.937619 0.000000 -54.048281 0.000000 0.000000 1.000000 0.000000
-0.936797 0.349872 0.000000 279.600103 -0.349872 -0.936797 0.000000 -54.857860 0.000000 0.000000 1.000000 0.000000
-0.935991 0.352023 0.000000 277.345063 -0.352023 -0.935991 0.000000 -55.702232 0.000000 0.000000 1.000000 0.000000
-0.934513 0.355928 0.000000 275.022701 -0.355928 -0.934513 0.000000 -56.582833 0.000000 0.000000 1.000000 0.000000
-0.933131 0.359537 0.000000 272.694190 -0.359537 -0.933131 0.000000 -57.472211 0.000000 0.000000 1.000000 0.000000
-0.931804 0.362961 0.000000 270.348192 -0.362961 -0.931804 0.000000 -58.377451 0.000000 0.000000 1.000000 0.000000
-0.930371 0.366618 0.000000 267.998145 -0.366618 -0.930371 0.000000 -59.292850 0.000000 0.000000 1.000000 0.000000
-0.929915 0.367774 0.000000 265.656475 -0.367774 -0.929915 0.000000 -60.211422 0.000000 0.000000 1.000000 0.000000
-0.929127 0.369761 0.000000 263.282910 -0.369761 -0.929127 0.000000 -61.148168 0.000000 0.000000 1.000000 0.000000
-0.928338 0.371738 0.000000 260.867132 -0.371738 -0.928338 0.000000 -62.104293 0.000000 0.000000 1.000000 0.000000
-0.927556 0.373683 0.000000 258.460785 -0.373683 -0.927556 0.000000 -63.067362 0.000000 0.000000 1.000000 0.000000
-0.926391 0.376562 0.000000 256.077080 -0.376562 -0.926391 0.000000 -64.020847 0.000000 0.000000 1.000000 0.000000
-0.925005 0.379956 0.000000 253.755385 -0.379956 -0.925005 0.000000 -64.951948 0.000000 0.000000 1.000000 0.000000
-0.924530 0.381109 0.000000 251.460081 -0.381109 -0.924530 0.000000 -65.886609 0.000000 0.000000 1.000000 0.000000
-0.924171 0.381979 0.000000 249.153842 -0.381979 -0.924171 0.000000 -66.831802 0.000000 0.000000 1.000000 0.000000
-0.923779 0.382927 0.000000 246.878322 -0.382927 -0.923779 0.000000 -67.767292 0.000000 0.000000 1.000000 0.000000
-0.923130 0.384488 0.000000 244.626716 -0.384488 -0.923130 0.000000 -68.696401 0.000000 0.000000 1.000000 0.000000
-0.921995 0.387203 0.000000 242.412163 -0.387203 -0.921995 0.000000 -69.618695 0.000000 0.000000 1.000000 0.000000
-0.919466 0.393170 0.000000 240.215447 -0.393170 -0.919466 0.000000 -70.545498 0.000000 0.000000 1.000000 0.000000
-0.917711 0.397249 0.000000 238.072071 -0.397249 -0.917711 0.000000 -71.466984 0.000000 0.000000 1.000000 0.000000
-0.917112 0.398629 0.000000 235.944077 -0.398629 -0.917112 0.000000 -72.378184 0.000000 0.000000 1.000000 0.000000
-0.917117 0.398617 0.000000 233.739468 -0.398617 -0.917117 0.000000 -73.326919 0.000000 0.000000 1.000000 0.000000
-0.917476 0.397792 0.000000 231.556272 -0.397792 -0.917476 0.000000 -74.278350 0.000000 0.000000 1.000000 0.000000
-0.917668 0.397349 0.000000 229.429312 -0.397349 -0.917668 0.000000 -75.185537 0.000000 0.000000 1.000000 0.000000
-0.918133 0.396272 0.000000 227.272540 -0.396272 -0.918133 0.000000 -76.105656 0.000000 0.000000 1.000000 0.000000
-0.918924 0.394436 0.000000 225.062921 -0.394436 -0.918924 0.000000 -77.044043 0.000000 0.000000 1.000000 0.000000
-0.919671 0.392689 0.000000 222.984641 -0.392689 -0.919671 0.000000 -77.915395 0.000000 0.000000 1.000000 0.000000
-0.920724 0.390214 0.000000 220.888456 -0.390214 -0.920724 0.000000 -78.797124 0.000000 0.000000 1.000000 0.000000
-0.921826 0.387604 0.000000 218.702426 -0.387604 -0.921826 0.000000 -79.707770 0.000000 0.000000 1.000000 0.000000
-0.922952 0.384916 0.000000 216.672599 -0.384916 -0.922952 0.000000 -80.542690 0.000000 0.000000 1.000000 0.000000
-0.923546 0.383487 0.000000 214.632185 -0.383487 -0.923546 0.000000 -81.377647 0.000000 0.000000 1.000000 0.000000
-0.923912 0.382605 0.000000 212.460976 -0.382605 -0.923912 0.000000 -82.269885 0.000000 0.000000 1.000000 0.000000
-0.924294 0.381680 0.000000 210.317924 -0.381680 -0.924294 0.000000 -83.142844 0.000000 0.000000 1.000000 0.000000
-0.924857 0.380315 0.000000 208.243957 -0.380315 -0.924857 0.000000 -83.981557 0.000000 0.000000 1.000000 0.000000
-0.924982 0.380011 0.000000 206.117533 -0.380011 -0.924982 0.000000 -84.838984 0.000000 0.000000 1.000000 0.000000
-0.924949 0.380091 0.000000 203.932892 -0.380091 -0.924949 0.000000 -85.731368 0.000000 0.000000 1.000000 0.000000
-0.924679 0.380749 0.000000 201.784406 -0.380749 -0.924679 0.000000 -86.603677 0.000000 0.000000 1.000000 0.000000
-0.924660 0.380794 0.000000 199.642476 -0.380794 -0.924660 0.000000 -87.473685 0.000000 0.000000 1.000000 0.000000
-0.924858 0.380312 0.000000 197.502831 -0.380312 -0.924858 0.000000 -88.341453 0.000000 0.000000 1.000000 0.000000
