1.000000 0.000000 0.000000 0.000000 0.000000 1.000000 0.000000 0.000000 0.000000 0.000000 1.000000 0.000000 1547731605240998029

0.997693 -0.067883 0.000000 1.722878 0.067883 0.997693 0.000000 0.143449 0.000000 0.000000 1.000000 0.000000 1547731629973783016

0.990220 -0.139512 0.000000 3.500586 0.139512 0.990220 0.000000 0.419000 0.000000 0.000000 1.000000 0.000000 1547731630721551895

0.985004 -0.172531 0.000000 5.249909 0.172531 0.985004 0.000000 0.670589 0.000000 0.000000 1.000000 0.000000 1547731631224261045

0.985454 -0.169941 0.000000 7.436653 0.169941 0.985454 0.000000 0.991306 0.000000 0.000000 1.000000 0.000000 1547731631728127002

0.985977 -0.166878 0.000000 9.911667 0.166878 0.985977 0.000000 1.395278 0.000000 0.000000 1.000000 0.000000 1547731632232192993

0.987826 -0.155561 0.000000 12.666673 0.155561 0.987826 0.000000 1.814354 0.000000 0.000000 1.000000 0.000000 1547731632732244968

0.992026 -0.126033 0.000000 15.653541 0.126033 0.992026 0.000000 2.209123 0.000000 0.000000 1.000000 0.000000 1547731633232212066

0.993960 -0.109739 0.000000 17.273208 0.109739 0.993960 0.000000 2.390150 0.000000 0.000000 1.000000 0.000000 1547731633481863021

0.995791 -0.091650 0.000000 18.915172 0.091650 0.995791 0.000000 2.532630 0.000000 0.000000 1.000000 0.000000 1547731633731385946

0.997237 -0.074283 0.000000 20.617553 0.074283 0.997237 0.000000 2.659706 0.000000 0.000000 1.000000 0.000000 1547731633982171058

0.998281 -0.058613 0.000000 22.432084 0.058613 0.998281 0.000000 2.756516 0.000000 0.000000 1.000000 0.000000 1547731634232968091

0.999026 -0.044117 0.000000 24.245147 0.044117 0.999026 0.000000 2.815104 0.000000 0.000000 1.000000 0.000000 1547731634484468936

0.999527 -0.030754 0.000000 26.067388 0.030754 0.999527 0.000000 2.869866 0.000000 0.000000 1.000000 0.000000 1547731634736968040

0.999798 -0.020102 0.000000 27.817534 0.020102 0.999798 0.000000 2.870026 0.000000 0.000000 1.000000 0.000000 1547731634988729953

0.999918 -0.012792 0.000000 29.594328 0.012792 0.999918 0.000000 2.864280 0.000000 0.000000 1.000000 0.000000 1547731635239475965

0.999964 -0.008457 0.000000 31.376309 0.008457 0.999964 0.000000 2.886401 0.000000 0.000000 1.000000 0.000000 1547731635488655090

0.999989 -0.004680 0.000000 33.148119 0.004680 0.999989 0.000000 2.889463 0.000000 0.000000 1.000000 0.000000 1547731635737473964

0.999989 -0.004772 0.000000 34.967915 0.004772 0.999989 0.000000 2.880116 0.000000 0.000000 1.000000 0.000000 1547731635986357927

0.999986 -0.005274 0.000000 36.764461 0.005274 0.999986 0.000000 2.898119 0.000000 0.000000 1.000000 0.000000 1547731636234826087

0.999981 -0.006128 0.000000 38.617038 0.006128 0.999981 0.000000 2.864531 0.000000 0.000000 1.000000 0.000000 1547731636483275890

0.999986 -0.005298 0.000000 40.438685 0.005298 0.999986 0.000000 2.847088 0.000000 0.000000 1.000000 0.000000 1547731636731563091

0.999987 -0.005138 0.000000 42.331499 0.005138 0.999987 0.000000 2.867561 0.000000 0.000000 1.000000 0.000000 1547731636979334115

0.999986 -0.005233 0.000000 44.248720 0.005233 0.999986 0.000000 2.882537 0.000000 0.000000 1.000000 0.000000 1547731637227195024

0.999977 -0.006717 0.000000 46.187079 0.006717 0.999977 0.000000 2.873085 0.000000 0.000000 1.000000 0.000000 1547731637475855112

0.999976 -0.006877 0.000000 48.091891 0.006877 0.999976 0.000000 2.891036 0.000000 0.000000 1.000000 0.000000 1547731637725487947

0.999977 -0.006725 0.000000 49.952898 0.006725 0.999977 0.000000 2.939885 0.000000 0.000000 1.000000 0.000000 1547731637975662946

0.999976 -0.006964 0.000000 51.848374 0.006964 0.999976 0.000000 2.906308 0.000000 0.000000 1.000000 0.000000 1547731638225817918

0.999987 -0.005037 0.000000 53.708413 0.005037 0.999987 0.000000 2.951620 0.000000 0.000000 1.000000 0.000000 1547731638475770950

0.999996 -0.002887 0.000000 55.625849 0.002887 0.999996 0.000000 2.900875 0.000000 0.000000 1.000000 0.000000 1547731638725725889

1.000000 0.000240 0.000000 57.497494 -0.000240 1.000000 -0.000000 2.892317 -0.000000 0.000000 1.000000 0.000000 1547731638976821899

0.999996 0.002947 0.000000 59.401656 -0.002947 0.999996 -0.000000 2.887680 -0.000000 0.000000 1.000000 0.000000 1547731639229233980

0.999991 0.004214 0.000000 61.314368 -0.004214 0.999991 -0.000000 2.860849 -0.000000 0.000000 1.000000 0.000000 1547731639481434106

0.999990 0.004403 0.000000 63.184992 -0.004403 0.999990 -0.000000 2.835563 -0.000000 0.000000 1.000000 0.000000 1547731639732835054

0.999990 0.004452 0.000000 65.024205 -0.004452 0.999990 -0.000000 2.829080 -0.000000 0.000000 1.000000 0.000000 1547731639984112977

0.999987 0.005122 0.000000 66.848662 -0.005122 0.999987 -0.000000 2.777195 -0.000000 0.000000 1.000000 0.000000 1547731640235990047

0.999986 0.005242 0.000000 68.677270 -0.005242 0.999986 -0.000000 2.790715 -0.000000 0.000000 1.000000 0.000000 1547731640487747907

0.999986 0.005288 0.000000 70.472909 -0.005288 0.999986 -0.000000 2.740845 -0.000000 0.000000 1.000000 0.000000 1547731640739110946

0.999991 0.004307 0.000000 72.252174 -0.004307 0.999991 -0.000000 2.691350 -0.000000 0.000000 1.000000 0.000000 1547731640990047931

0.999983 0.005797 0.000000 74.058489 -0.005797 0.999983 -0.000000 2.683175 -0.000000 0.000000 1.000000 0.000000 1547731641241411924

0.999985 0.005472 0.000000 75.812551 -0.005472 0.999985 -0.000000 2.628506 -0.000000 0.000000 1.000000 0.000000 1547731641494251966

0.999973 0.007393 0.000000 77.687341 -0.007393 0.999973 -0.000000 2.621036 -0.000000 0.000000 1.000000 0.000000 1547731641747956991

0.999954 0.009616 0.000000 79.491044 -0.009616 0.999954 -0.000000 2.551946 -0.000000 0.000000 1.000000 0.000000 1547731642000457048

0.999948 0.010187 0.000000 81.314767 -0.010187 0.999948 -0.000000 2.529890 -0.000000 0.000000 1.000000 0.000000 1547731642250194072

0.999949 0.010114 0.000000 83.088152 -0.010114 0.999949 -0.000000 2.528756 -0.000000 0.000000 1.000000 0.000000 1547731642498169898

0.999943 0.010680 0.000000 84.802866 -0.010680 0.999943 -0.000000 2.517643 -0.000000 0.000000 1.000000 0.000000 1547731642746283054

0.999918 0.012790 0.000000 86.585328 -0.012790 0.999918 -0.000000 2.470868 -0.000000 0.000000 1.000000 0.000000 1547731642994103908

0.999883 0.015323 0.000000 88.360748 -0.015323 0.999883 -0.000000 2.423747 -0.000000 0.000000 1.000000 0.000000 1547731643241744041

0.999798 0.020091 0.000000 90.138967 -0.020091 0.999798 -0.000000 2.385303 -0.000000 0.000000 1.000000 0.000000 1547731643490026950

0.999760 0.021902 0.000000 91.987746 -0.021902 0.999760 -0.000000 2.286734 -0.000000 0.000000 1.000000 0.000000 1547731643739685058

0.999820 0.018984 0.000000 93.755223 -0.018984 0.999820 -0.000000 2.230466 -0.000000 0.000000 1.000000 0.000000 1547731643990530967

0.999880 0.015487 0.000000 95.557441 -0.015487 0.999880 -0.000000 2.208528 -0.000000 0.000000 1.000000 0.000000 1547731644241138935

0.999947 0.010320 0.000000 97.458315 -0.010320 0.999947 -0.000000 2.176183 -0.000000 0.000000 1.000000 0.000000 1547731644491988897

0.999996 0.002942 0.000000 99.252295 -0.002942 0.999996 -0.000000 2.181975 -0.000000 0.000000 1.000000 0.000000 1547731644742624044

0.999978 -0.006575 0.000000 101.095096 0.006575 0.999978 0.000000 2.223152 0.000000 0.000000 1.000000 0.000000 1547731644993294954

0.999893 -0.014594 0.000000 102.964262 0.014594 0.999893 0.000000 2.203688 0.000000 0.000000 1.000000 0.000000 1547731645243964910

0.999713 -0.023951 0.000000 104.868029 0.023951 0.999713 0.000000 2.204805 0.000000 0.000000 1.000000 0.000000 1547731645493834018

0.999412 -0.034281 0.000000 106.770111 0.034281 0.999412 0.000000 2.240956 0.000000 0.000000 1.000000 0.000000 1547731645744009017

0.999108 -0.042232 0.000000 108.686830 0.042232 0.999108 0.000000 2.291920 0.000000 0.000000 1.000000 0.000000 1547731645995233058

0.998670 -0.051562 0.000000 110.607654 0.051562 0.998670 0.000000 2.360130 0.000000 0.000000 1.000000 0.000000 1547731646247143030

0.998302 -0.058243 0.000000 112.592905 0.058243 0.998302 0.000000 2.483618 0.000000 0.000000 1.000000 0.000000 1547731646499021053

0.998012 -0.063018 0.000000 114.594254 0.063018 0.998012 0.000000 2.609297 0.000000 0.000000 1.000000 0.000000 1547731646750962018

0.997701 -0.067765 0.000000 116.550195 0.067765 0.997701 0.000000 2.732934 0.000000 0.000000 1.000000 0.000000 1547731647002300977

0.997539 -0.070117 0.000000 118.480599 0.070117 0.997539 0.000000 2.881987 0.000000 0.000000 1.000000 0.000000 1547731647253011941

0.997631 -0.068798 0.000000 120.432692 0.068798 0.997631 0.000000 3.005189 0.000000 0.000000 1.000000 0.000000 1547731647503426074

0.997645 -0.068591 0.000000 122.355984 0.068591 0.997645 0.000000 3.098528 0.000000 0.000000 1.000000 0.000000 1547731647753669023

0.997702 -0.067757 0.000000 124.291340 0.067757 0.997702 0.000000 3.204874 0.000000 0.000000 1.000000 0.000000 1547731648003679037

0.997857 -0.065433 0.000000 126.282873 0.065433 0.997857 0.000000 3.339994 0.000000 0.000000 1.000000 0.000000 1547731648253590106

0.997878 -0.065113 0.000000 128.259382 0.065113 0.997878 0.000000 3.420324 0.000000 0.000000 1.000000 0.000000 1547731648502827882

0.997986 -0.063432 0.000000 130.161279 0.063432 0.997986 0.000000 3.584639 0.000000 0.000000 1.000000 0.000000 1547731648752705097

0.998076 -0.062007 0.000000 132.138684 0.062007 0.998076 0.000000 3.654718 0.000000 0.000000 1.000000 0.000000 1547731649003515005

0.998092 -0.061741 0.000000 134.086648 0.061741 0.998092 0.000000 3.793425 0.000000 0.000000 1.000000 0.000000 1547731649254849910

0.998212 -0.059776 0.000000 136.100031 0.059776 0.998212 0.000000 3.882373 0.000000 0.000000 1.000000 0.000000 1547731649507133960

0.998312 -0.058070 0.000000 138.085953 0.058070 0.998312 0.000000 3.958118 0.000000 0.000000 1.000000 0.000000 1547731649759449958

0.998457 -0.055522 0.000000 140.089088 0.055522 0.998457 0.000000 4.025499 0.000000 0.000000 1.000000 0.000000 1547731650011182069

0.998561 -0.053624 0.000000 142.075348 0.053624 0.998561 0.000000 4.183625 0.000000 0.000000 1.000000 0.000000 1547731650262170076

0.998614 -0.052633 0.000000 143.998340 0.052633 0.998614 0.000000 4.212108 0.000000 0.000000 1.000000 0.000000 1547731650512486934

0.998695 -0.051062 0.000000 146.061809 0.051062 0.998695 0.000000 4.320057 0.000000 0.000000 1.000000 0.000000 1547731650762051105

0.998755 -0.049894 0.000000 148.020012 0.049894 0.998755 0.000000 4.422108 0.000000 0.000000 1.000000 0.000000 1547731651010699033

0.998784 -0.049307 0.000000 150.014361 0.049307 0.998784 0.000000 4.502468 0.000000 0.000000 1.000000 0.000000 1547731651259056091

0.998788 -0.049216 0.000000 152.021060 0.049216 0.998788 0.000000 4.548787 0.000000 0.000000 1.000000 0.000000 1547731651507724046

0.998831 -0.048349 0.000000 154.027598 0.048349 0.998831 0.000000 4.666955 0.000000 0.000000 1.000000 0.000000 1547731651756309032

0.998818 -0.048615 0.000000 156.101414 0.048615 0.998818 0.000000 4.771305 0.000000 0.000000 1.000000 0.000000 1547731652004590988

0.998859 -0.047751 0.000000 158.173007 0.047751 0.998859 0.000000 4.856133 0.000000 0.000000 1.000000 0.000000 1547731652252743005

0.998922 -0.046416 0.000000 160.238729 0.046416 0.998922 0.000000 4.970367 0.000000 0.000000 1.000000 0.000000 1547731652500714063

0.998914 -0.046593 0.000000 162.366323 0.046593 0.998914 0.000000 5.023548 0.000000 0.000000 1.000000 0.000000 1547731652748481988

0.998935 -0.046131 0.000000 164.496283 0.046131 0.998935 0.000000 5.147592 0.000000 0.000000 1.000000 0.000000 1547731652995974063

0.998939 -0.046056 0.000000 166.572461 0.046056 0.998939 0.000000 5.231067 0.000000 0.000000 1.000000 0.000000 1547731653244364976

0.998958 -0.045638 0.000000 168.668562 0.045638 0.998958 0.000000 5.298586 0.000000 0.000000 1.000000 0.000000 1547731653494223117

0.998971 -0.045362 0.000000 170.804338 0.045362 0.998971 0.000000 5.368482 0.000000 0.000000 1.000000 0.000000 1547731653746300935

0.998982 -0.045117 0.000000 172.877411 0.045117 0.998982 0.000000 5.496967 0.000000 0.000000 1.000000 0.000000 1547731653998859882

0.998766 -0.049656 0.000000 174.980387 0.049656 0.998766 0.000000 5.570192 0.000000 0.000000 1.000000 0.000000 1547731654250838041

0.998597 -0.052960 0.000000 177.054584 0.052960 0.998597 0.000000 5.675240 0.000000 0.000000 1.000000 0.000000 1547731654502640008

0.998439 -0.055852 0.000000 179.083794 0.055852 0.998439 0.000000 5.760124 0.000000 0.000000 1.000000 0.000000 1547731654753611087

0.998272 -0.058757 0.000000 181.081023 0.058757 0.998272 0.000000 5.860497 0.000000 0.000000 1.000000 0.000000 1547731655002882003

0.998115 -0.061370 0.000000 183.114133 0.061370 0.998115 0.000000 5.998734 0.000000 0.000000 1.000000 0.000000 1547731655251691102

0.998058 -0.062297 0.000000 185.032671 0.062297 0.998058 0.000000 6.109418 0.000000 0.000000 1.000000 0.000000 1547731655500233888

0.998079 -0.061956 0.000000 186.977571 0.061956 0.998079 0.000000 6.215928 0.000000 0.000000 1.000000 0.000000 1547731655748771905

0.998131 -0.061105 0.000000 188.873993 0.061105 0.998131 0.000000 6.341880 0.000000 0.000000 1.000000 0.000000 1547731655997325897

0.998280 -0.058620 0.000000 190.718777 0.058620 0.998280 0.000000 6.419523 0.000000 0.000000 1.000000 0.000000 1547731656245699882

0.998238 -0.059333 0.000000 192.586265 0.059333 0.998238 0.000000 6.540725 0.000000 0.000000 1.000000 0.000000 1547731656494193077

0.998234 -0.059406 0.000000 194.353252 0.059406 0.998234 0.000000 6.601670 0.000000 0.000000 1.000000 0.000000 1547731656742345094

0.998207 -0.059862 0.000000 196.124240 0.059862 0.998207 0.000000 6.692882 0.000000 0.000000 1.000000 0.000000 1547731656991225957

0.998149 -0.060816 0.000000 197.903121 0.060816 0.998149 0.000000 6.810512 0.000000 0.000000 1.000000 0.000000 1547731657241480112

0.998112 -0.061425 0.000000 199.662580 0.061425 0.998112 0.000000 6.883019 0.000000 0.000000 1.000000 0.000000 1547731657492414951

0.998065 -0.062183 0.000000 201.364739 0.062183 0.998065 0.000000 6.986704 0.000000 0.000000 1.000000 0.000000 1547731657743697881

0.998065 -0.062177 0.000000 203.083827 0.062177 0.998065 0.000000 7.107946 0.000000 0.000000 1.000000 0.000000 1547731657993870973

0.998105 -0.061531 0.000000 204.691697 0.061531 0.998105 0.000000 7.215759 0.000000 0.000000 1.000000 0.000000 1547731658243664026

0.998139 -0.060977 0.000000 206.327990 0.060977 0.998139 0.000000 7.335139 0.000000 0.000000 1.000000 0.000000 1547731658493632078

0.998309 -0.058138 0.000000 207.916701 0.058138 0.998309 0.000000 7.388631 0.000000 0.000000 1.000000 0.000000 1547731658743530988

0.998449 -0.055665 0.000000 209.511155 0.055665 0.998449 0.000000 7.527817 0.000000 0.000000 1.000000 0.000000 1547731658992974996

0.998617 -0.052581 0.000000 211.075865 0.052581 0.998617 0.000000 7.590219 0.000000 0.000000 1.000000 0.000000 1547731659241825103

0.998671 -0.051531 0.000000 212.576825 0.051531 0.998671 0.000000 7.683338 0.000000 0.000000 1.000000 0.000000 1547731659490484952

0.998821 -0.048540 0.000000 215.507741 0.048540 0.998821 0.000000 7.755514 0.000000 0.000000 1.000000 0.000000 1547731659986294031

0.998750 -0.049992 0.000000 218.265074 0.049992 0.998750 0.000000 7.908586 0.000000 0.000000 1.000000 0.000000 1547731660483330965

0.998771 -0.049564 0.000000 221.036563 0.049564 0.998771 0.000000 7.985715 0.000000 0.000000 1.000000 0.000000 1547731660980825901

0.998671 -0.051536 0.000000 223.870956 0.051536 0.998671 0.000000 8.096632 0.000000 0.000000 1.000000 0.000000 1547731661479094028

0.998202 -0.059936 0.000000 226.633855 0.059936 0.998202 0.000000 8.241696 0.000000 0.000000 1.000000 0.000000 1547731661980751037

0.996255 -0.086458 0.000000 229.382922 0.086458 0.996255 0.000000 8.463681 0.000000 0.000000 1.000000 0.000000 1547731662480761051

0.993268 -0.115836 0.000000 232.124352 0.115836 0.993268 0.000000 8.721281 0.000000 0.000000 1.000000 0.000000 1547731662980500936

0.988763 -0.149495 0.000000 234.992155 0.149495 0.988763 0.000000 9.148828 0.000000 0.000000 1.000000 0.000000 1547731663480802059

0.985308 -0.170788 0.000000 237.952588 0.170788 0.985308 0.000000 9.700180 0.000000 0.000000 1.000000 0.000000 1547731663979351997

0.984719 -0.174152 0.000000 239.648603 0.174152 0.984719 0.000000 10.050656 0.000000 0.000000 1.000000 0.000000 1547731664229391098

0.984339 -0.176285 0.000000 241.168170 0.176285 0.984339 0.000000 10.329156 0.000000 0.000000 1.000000 0.000000 1547731664480647087

0.984025 -0.178031 0.000000 242.938211 0.178031 0.984025 0.000000 10.648837 0.000000 0.000000 1.000000 0.000000 1547731664732954978

0.983581 -0.180469 0.000000 244.635277 0.180469 0.983581 0.000000 10.930919 0.000000 0.000000 1.000000 0.000000 1547731664985527038

0.982693 -0.185244 0.000000 246.439271 0.185244 0.982693 0.000000 11.248932 0.000000 0.000000 1.000000 0.000000 1547731665237149000

0.982091 -0.188405 0.000000 248.138322 0.188405 0.982091 0.000000 11.590389 0.000000 0.000000 1.000000 0.000000 1547731665487418889

0.981754 -0.190155 0.000000 249.966051 0.190155 0.981754 0.000000 11.910772 0.000000 0.000000 1.000000 0.000000 1547731665736943006

0.981614 -0.190877 0.000000 251.787462 0.190877 0.981614 0.000000 12.280252 0.000000 0.000000 1.000000 0.000000 1547731665986525058

0.981793 -0.189956 0.000000 253.573104 0.189956 0.981793 0.000000 12.628951 0.000000 0.000000 1.000000 0.000000 1547731666235799074

0.982284 -0.187396 0.000000 255.418626 0.187396 0.982284 0.000000 12.979251 0.000000 0.000000 1.000000 0.000000 1547731666484555006

0.983034 -0.183425 0.000000 257.229057 0.183425 0.983034 0.000000 13.348149 0.000000 0.000000 1.000000 0.000000 1547731666732717037

0.983985 -0.178249 0.000000 259.038949 0.178249 0.983985 0.000000 13.665537 0.000000 0.000000 1.000000 0.000000 1547731666980922937

0.985186 -0.171491 0.000000 260.955193 0.171491 0.985186 0.000000 13.999553 0.000000 0.000000 1.000000 0.000000 1547731667229245901

0.986004 -0.166721 0.000000 262.913944 0.166721 0.986004 0.000000 14.308855 0.000000 0.000000 1.000000 0.000000 1547731667477453947

0.986700 -0.162553 0.000000 264.800373 0.162553 0.986700 0.000000 14.684156 0.000000 0.000000 1.000000 0.000000 1547731667725383996

0.987581 -0.157111 0.000000 266.732899 0.157111 0.987581 0.000000 14.975335 0.000000 0.000000 1.000000 0.000000 1547731667973026990

0.987914 -0.155004 0.000000 268.684334 0.155004 0.987914 0.000000 15.261675 0.000000 0.000000 1.000000 0.000000 1547731668221333980

0.988421 -0.151734 0.000000 270.716339 0.151734 0.988421 0.000000 15.551640 0.000000 0.000000 1.000000 0.000000 1547731668470916986

0.988570 -0.150765 0.000000 272.647206 0.150765 0.988570 0.000000 15.869561 0.000000 0.000000 1.000000 0.000000 1547731668722199916

0.988750 -0.149581 0.000000 274.721558 0.149581 0.988750 0.000000 16.174727 0.000000 0.000000 1.000000 0.000000 1547731668974514961

0.988742 -0.149630 0.000000 276.688983 0.149630 0.988742 0.000000 16.469058 0.000000 0.000000 1.000000 0.000000 1547731669226511001

0.988959 -0.148188 0.000000 278.694521 0.148188 0.988959 0.000000 16.751484 0.000000 0.000000 1.000000 0.000000 1547731669478133916

0.988842 -0.148967 0.000000 280.651211 0.148967 0.988842 0.000000 17.020077 0.000000 0.000000 1.000000 0.000000 1547731669729731082

0.988976 -0.148077 0.000000 282.594672 0.148077 0.988976 0.000000 17.345098 0.000000 0.000000 1.000000 0.000000 1547731669980443954

0.988795 -0.149281 0.000000 284.484417 0.149281 0.988795 0.000000 17.656557 0.000000 0.000000 1.000000 0.000000 1547731670230432033

0.989193 -0.146620 0.000000 286.461660 0.146620 0.989193 0.000000 17.914482 0.000000 0.000000 1.000000 0.000000 1547731670480300903

0.989814 -0.142368 0.000000 288.444676 0.142368 0.989814 0.000000 18.168003 0.000000 0.000000 1.000000 0.000000 1547731670730073928

0.990555 -0.137118 0.000000 290.493621 0.137118 0.990555 0.000000 18.410113 0.000000 0.000000 1.000000 0.000000 1547731670980109930

0.991000 -0.133865 0.000000 292.453689 0.133865 0.991000 0.000000 18.618875 0.000000 0.000000 1.000000 0.000000 1547731671230793952

0.991504 -0.130080 0.000000 294.491188 0.130080 0.991504 0.000000 18.904122 0.000000 0.000000 1.000000 0.000000 1547731671483083009

0.992003 -0.126211 0.000000 296.504159 0.126211 0.992003 0.000000 19.121348 0.000000 0.000000 1.000000 0.000000 1547731671735841035

0.992001 -0.126228 0.000000 298.458758 0.126228 0.992001 0.000000 19.290924 0.000000 0.000000 1.000000 0.000000 1547731671988260984

0.991636 -0.129062 0.000000 300.420847 0.129062 0.991636 0.000000 19.620139 0.000000 0.000000 1.000000 0.000000 1547731672240147113

0.991174 -0.132568 0.000000 302.381280 0.132568 0.991174 0.000000 19.871436 0.000000 0.000000 1.000000 0.000000 1547731672489758968

0.990499 -0.137520 0.000000 304.358857 0.137520 0.990499 0.000000 20.064981 0.000000 0.000000 1.000000 0.000000 1547731672737545013

0.989922 -0.141614 0.000000 306.354029 0.141614 0.989922 0.000000 20.326456 0.000000 0.000000 1.000000 0.000000 1547731672985260963

0.989269 -0.146103 0.000000 308.353359 0.146103 0.989269 0.000000 20.634523 0.000000 0.000000 1.000000 0.000000 1547731673233069896

0.988353 -0.152178 0.000000 310.286328 0.152178 0.988353 0.000000 20.897322 0.000000 0.000000 1.000000 0.000000 1547731673480823993

0.987252 -0.159167 0.000000 312.233260 0.159167 0.987252 0.000000 21.198163 0.000000 0.000000 1.000000 0.000000 1547731673729017972

0.985888 -0.167408 0.000000 314.245857 0.167408 0.985888 0.000000 21.572244 0.000000 0.000000 1.000000 0.000000 1547731673977973937

0.985292 -0.170879 0.000000 316.260805 0.170879 0.985292 0.000000 21.886941 0.000000 0.000000 1.000000 0.000000 1547731674227596044

0.984793 -0.173729 0.000000 318.244357 0.173729 0.984793 0.000000 22.242615 0.000000 0.000000 1.000000 0.000000 1547731674477082014

0.984504 -0.175361 0.000000 320.297628 0.175361 0.984504 0.000000 22.600401 0.000000 0.000000 1.000000 0.000000 1547731674726320981

0.984537 -0.175178 0.000000 322.323291 0.175178 0.984537 0.000000 22.942799 0.000000 0.000000 1.000000 0.000000 1547731674975577116

0.984922 -0.173000 0.000000 324.346728 0.173000 0.984922 0.000000 23.248656 0.000000 0.000000 1.000000 0.000000 1547731675224364042

0.985254 -0.171098 0.000000 326.280922 0.171098 0.985254 0.000000 23.577950 0.000000 0.000000 1.000000 0.000000 1547731675473009109

0.985491 -0.169726 0.000000 328.211247 0.169726 0.985491 0.000000 23.888164 0.000000 0.000000 1.000000 0.000000 1547731675721693038

0.985976 -0.166890 0.000000 330.151669 0.166890 0.985976 0.000000 24.150267 0.000000 0.000000 1.000000 0.000000 1547731675971007108

0.986860 -0.161578 0.000000 332.096458 0.161578 0.986860 0.000000 24.466360 0.000000 0.000000 1.000000 0.000000 1547731676221960067

0.987676 -0.156514 0.000000 334.043838 0.156514 0.987676 0.000000 24.799476 0.000000 0.000000 1.000000 0.000000 1547731676473381996

0.988630 -0.150366 0.000000 335.943878 0.150366 0.988630 0.000000 25.056235 0.000000 0.000000 1.000000 0.000000 1547731676723259925

0.990401 -0.138224 0.000000 337.821446 0.138224 0.990401 0.000000 25.285486 0.000000 0.000000 1.000000 0.000000 1547731676973097085

0.992632 -0.121170 0.000000 339.803465 0.121170 0.992632 0.000000 25.580509 0.000000 0.000000 1.000000 0.000000 1547731677223937034

0.994819 -0.101663 0.000000 341.803032 0.101663 0.994819 0.000000 25.777679 0.000000 0.000000 1.000000 0.000000 1547731677474720954

0.996951 -0.078025 0.000000 343.782598 0.078025 0.996951 0.000000 25.852070 0.000000 0.000000 1.000000 0.000000 1547731677725049972

0.998412 -0.056331 0.000000 345.791343 0.056331 0.998412 0.000000 25.963476 0.000000 0.000000 1.000000 0.000000 1547731677974973917

0.999434 -0.033642 0.000000 347.818407 0.033642 0.999434 0.000000 26.033235 0.000000 0.000000 1.000000 0.000000 1547731678224451065

0.999908 -0.013596 0.000000 349.833970 0.013596 0.999908 0.000000 26.056066 0.000000 0.000000 1.000000 0.000000 1547731678474653959

0.999997 0.002483 0.000000 351.897889 -0.002483 0.999997 -0.000000 26.032875 -0.000000 0.000000 1.000000 0.000000 1547731678725608110

0.999890 0.014832 0.000000 353.953394 -0.014832 0.999890 -0.000000 25.998463 -0.000000 0.000000 1.000000 0.000000 1547731678977551937

0.999733 0.023110 0.000000 356.039430 -0.023110 0.999733 -0.000000 25.884907 -0.000000 0.000000 1.000000 0.000000 1547731679229901075

0.999710 0.024084 0.000000 358.048609 -0.024084 0.999710 -0.000000 25.821624 -0.000000 0.000000 1.000000 0.000000 1547731679481245994

0.999689 0.024919 0.000000 360.169395 -0.024919 0.999689 -0.000000 25.762959 -0.000000 0.000000 1.000000 0.000000 1547731679731894969

0.999712 0.023992 0.000000 362.239155 -0.023992 0.999712 -0.000000 25.700422 -0.000000 0.000000 1.000000 0.000000 1547731679982362985

0.999756 0.022107 0.000000 364.321636 -0.022107 0.999756 -0.000000 25.639762 -0.000000 0.000000 1.000000 0.000000 1547731680232811927

0.999749 0.022396 0.000000 366.362501 -0.022396 0.999749 -0.000000 25.572221 -0.000000 0.000000 1.000000 0.000000 1547731680483129978

0.999784 0.020802 0.000000 368.540987 -0.020802 0.999784 -0.000000 25.509642 -0.000000 0.000000 1.000000 0.000000 1547731680733433008

0.999825 0.018694 0.000000 370.590715 -0.018694 0.999825 -0.000000 25.484707 -0.000000 0.000000 1.000000 0.000000 1547731680983191967

0.999858 0.016822 0.000000 372.696470 -0.016822 0.999858 -0.000000 25.400170 -0.000000 0.000000 1.000000 0.000000 1547731681232326984

0.999893 0.014622 0.000000 374.838867 -0.014622 0.999893 -0.000000 25.385423 -0.000000 0.000000 1.000000 0.000000 1547731681481647968

0.999902 0.014034 0.000000 376.892180 -0.014034 0.999902 -0.000000 25.361086 -0.000000 0.000000 1.000000 0.000000 1547731681731368064

0.999953 0.009681 0.000000 379.019197 -0.009681 0.999953 -0.000000 25.262991 -0.000000 0.000000 1.000000 0.000000 1547731681980981111

0.999986 0.005378 0.000000 381.113470 -0.005378 0.999986 -0.000000 25.258508 -0.000000 0.000000 1.000000 0.000000 1547731682230083942

0.999998 0.001751 0.000000 383.203394 -0.001751 0.999998 -0.000000 25.266155 -0.000000 0.000000 1.000000 0.000000 1547731682479136943

1.000000 0.000515 0.000000 385.260615 -0.000515 1.000000 -0.000000 25.246715 -0.000000 0.000000 1.000000 0.000000 1547731682727958917

0.999999 -0.001728 0.000000 387.355146 0.001728 0.999999 0.000000 25.280686 0.000000 0.000000 1.000000 0.000000 1547731682976634025

1.000000 -0.000821 0.000000 389.467653 0.000821 1.000000 0.000000 25.202938 0.000000 0.000000 1.000000 0.000000 1547731683225131988

1.000000 0.000551 0.000000 391.599139 -0.000551 1.000000 -0.000000 25.232701 -0.000000 0.000000 1.000000 0.000000 1547731683474175930

0.999999 -0.001180 0.000000 393.732644 0.001180 0.999999 0.000000 25.222824 0.000000 0.000000 1.000000 0.000000 1547731683724551916

0.999995 -0.003077 0.000000 395.909542 0.003077 0.999995 0.000000 25.188993 0.000000 0.000000 1.000000 0.000000 1547731683975531101

0.999976 -0.006990 0.000000 398.041414 0.006990 0.999976 0.000000 25.198010 0.000000 0.000000 1.000000 0.000000 1547731684225944042

0.999951 -0.009943 0.000000 400.205347 0.009943 0.999951 0.000000 25.257763 0.000000 0.000000 1.000000 0.000000 1547731684475872039

0.999905 -0.013792 0.000000 402.389941 0.013792 0.999905 0.000000 25.277463 0.000000 0.000000 1.000000 0.000000 1547731684725732088

0.999831 -0.018358 0.000000 404.536260 0.018358 0.999831 0.000000 25.293669 0.000000 0.000000 1.000000 0.000000 1547731684975574970

0.999698 -0.024560 0.000000 406.734505 0.024560 0.999698 0.000000 25.313175 0.000000 0.000000 1.000000 0.000000 1547731685225878953

0.999590 -0.028643 0.000000 408.897043 0.028643 0.999590 0.000000 25.377577 0.000000 0.000000 1.000000 0.000000 1547731685475534915

0.999418 -0.034113 0.000000 411.075244 0.034113 0.999418 0.000000 25.446088 0.000000 0.000000 1.000000 0.000000 1547731685724756002

0.999289 -0.037707 0.000000 413.229852 0.037707 0.999289 0.000000 25.514247 0.000000 0.000000 1.000000 0.000000 1547731685974340915

0.999221 -0.039472 0.000000 415.385670 0.039472 0.999221 0.000000 25.603209 0.000000 0.000000 1.000000 0.000000 1547731686224473953

0.999163 -0.040906 0.000000 417.540183 0.040906 0.999163 0.000000 25.704333 0.000000 0.000000 1.000000 0.000000 1547731686475555896

0.999112 -0.042124 0.000000 419.733049 0.042124 0.999112 0.000000 25.752457 0.000000 0.000000 1.000000 0.000000 1547731686727523088

0.999060 -0.043342 0.000000 421.854034 0.043342 0.999060 0.000000 25.828105 0.000000 0.000000 1.000000 0.000000 1547731686979868888

0.998972 -0.045342 0.000000 424.005201 0.045342 0.998972 0.000000 25.886714 0.000000 0.000000 1.000000 0.000000 1547731687232023954

0.998880 -0.047320 0.000000 426.169178 0.047320 0.998880 0.000000 26.001047 0.000000 0.000000 1.000000 0.000000 1547731687483194112

0.998788 -0.049211 0.000000 428.270382 0.049211 0.998788 0.000000 26.095413 0.000000 0.000000 1.000000 0.000000 1547731687732923030

0.998756 -0.049871 0.000000 430.449216 0.049871 0.998756 0.000000 26.172671 0.000000 0.000000 1.000000 0.000000 1547731687982121944

0.998720 -0.050587 0.000000 432.514665 0.050587 0.998720 0.000000 26.236782 0.000000 0.000000 1.000000 0.000000 1547731688231151103

0.998749 -0.050013 0.000000 434.588576 0.050013 0.998749 0.000000 26.298389 0.000000 0.000000 1.000000 0.000000 1547731688479863882

0.998682 -0.051329 0.000000 436.640101 0.051329 0.998682 0.000000 26.416361 0.000000 0.000000 1.000000 0.000000 1547731688728487968

0.998616 -0.052602 0.000000 438.691850 0.052602 0.998616 0.000000 26.483734 0.000000 0.000000 1.000000 0.000000 1547731688976851940

0.998473 -0.055250 0.000000 440.710119 0.055250 0.998473 0.000000 26.577180 0.000000 0.000000 1.000000 0.000000 1547731689224946022

0.998300 -0.058282 0.000000 442.757379 0.058282 0.998300 0.000000 26.659464 0.000000 0.000000 1.000000 0.000000 1547731689472959995

0.998077 -0.061979 0.000000 444.836158 0.061979 0.998077 0.000000 26.761014 0.000000 0.000000 1.000000 0.000000 1547731689720813989

0.997792 -0.066413 0.000000 446.825239 0.066413 0.997792 0.000000 26.902797 0.000000 0.000000 1.000000 0.000000 1547731689968488931

0.997553 -0.069914 0.000000 448.780050 0.069914 0.997553 0.000000 27.002230 0.000000 0.000000 1.000000 0.000000 1547731690216728925

0.997402 -0.072036 0.000000 450.746263 0.072036 0.997402 0.000000 27.103772 0.000000 0.000000 1.000000 0.000000 1547731690466514110

0.997227 -0.074420 0.000000 452.635399 0.074420 0.997227 0.000000 27.231865 0.000000 0.000000 1.000000 0.000000 1547731690717170953

0.997189 -0.074929 0.000000 454.498738 0.074929 0.997189 0.000000 27.346676 0.000000 0.000000 1.000000 0.000000 1547731690967214107

0.997295 -0.073501 0.000000 456.271759 0.073501 0.997295 0.000000 27.471967 0.000000 0.000000 1.000000 0.000000 1547731691216766119

0.997575 -0.069599 0.000000 458.029443 0.069599 0.997575 0.000000 27.547842 0.000000 0.000000 1.000000 0.000000 1547731691467783927

0.997960 -0.063848 0.000000 459.684894 0.063848 0.997960 0.000000 27.661750 0.000000 0.000000 1.000000 0.000000 1547731691720287084

0.998419 -0.056213 0.000000 461.315714 0.056213 0.998419 0.000000 27.692491 0.000000 0.000000 1.000000 0.000000 1547731691972764968

0.999094 -0.042554 0.000000 462.839251 0.042554 0.999094 0.000000 27.763775 0.000000 0.000000 1.000000 0.000000 1547731692224366903

1.000000 -0.000857 0.000000 465.704572 0.000857 1.000000 0.000000 27.747396 0.000000 0.000000 1.000000 0.000000 1547731692724766969

0.998027 0.062782 0.000000 468.340009 -0.062782 0.998027 -0.000000 27.547733 -0.000000 0.000000 1.000000 0.000000 1547731693222605943

0.988237 0.152933 0.000000 470.669114 -0.152933 0.988237 -0.000000 27.246979 -0.000000 0.000000 1.000000 0.000000 1547731693721321105

0.959345 0.282236 0.000000 472.819043 -0.282236 0.959345 -0.000000 26.625798 -0.000000 0.000000 1.000000 0.000000 1547731694224034070

0.908109 0.418734 0.000000 474.548961 -0.418734 0.908109 -0.000000 25.686818 -0.000000 0.000000 1.000000 0.000000 1547731694726449966

0.827001 0.562200 0.000000 476.038246 -0.562200 0.827001 -0.000000 24.695103 -0.000000 0.000000 1.000000 0.000000 1547731695227626085

0.771418 0.636329 0.000000 476.738830 -0.636329 0.771418 -0.000000 24.013566 -0.000000 0.000000 1.000000 0.000000 1547731695477725982

0.702300 0.711881 0.000000 477.327705 -0.711881 0.702300 -0.000000 23.373688 -0.000000 0.000000 1.000000 0.000000 1547731695727494955

0.613809 0.789455 0.000000 477.839721 -0.789455 0.613809 -0.000000 22.594012 -0.000000 0.000000 1.000000 0.000000 1547731695977091073

0.511051 0.859550 0.000000 478.288355 -0.859550 0.511051 -0.000000 21.687014 -0.000000 0.000000 1.000000 0.000000 1547731696226133108

0.391262 0.920279 0.000000 478.567527 -0.920279 0.391262 -0.000000 20.809292 -0.000000 0.000000 1.000000 0.000000 1547731696474315881

0.257346 0.966319 0.000000 478.813809 -0.966319 0.257346 -0.000000 19.865192 -0.000000 0.000000 1.000000 0.000000 1547731696722224950

0.115729 0.993281 0.000000 478.858361 -0.993281 0.115729 -0.000000 18.815392 -0.000000 0.000000 1.000000 0.000000 1547731696969624996

-0.030812 0.999525 0.000000 478.769344 -0.999525 -0.030812 -0.000000 17.837104 -0.000000 0.000000 1.000000 0.000000 1547731697217303991

-0.179015 0.983846 0.000000 478.477634 -0.983846 -0.179015 -0.000000 16.852868 -0.000000 0.000000 1.000000 0.000000 1547731697466444969

-0.326459 0.945211 0.000000 478.042491 -0.945211 -0.326459 -0.000000 15.847916 -0.000000 0.000000 1.000000 0.000000 1547731697718477010

-0.463386 0.886157 0.000000 477.411854 -0.886157 -0.463386 -0.000000 14.818971 -0.000000 0.000000 1.000000 0.000000 1547731697972150087

-0.590268 0.807207 0.000000 476.682810 -0.807207 -0.590268 0.000000 13.992915 0.000000 0.000000 1.000000 0.000000 1547731698225050926

-0.697359 0.716722 0.000000 475.796199 -0.716722 -0.697359 0.000000 13.102324 0.000000 0.000000 1.000000 0.000000 1547731698477430105

-0.783229 0.621734 0.000000 474.788649 -0.621734 -0.783229 0.000000 12.343661 0.000000 0.000000 1.000000 0.000000 1547731698729010105

-0.842829 0.538182 0.000000 473.608635 -0.538182 -0.842829 0.000000 11.581876 0.000000 0.000000 1.000000 0.000000 1547731698979013919

-0.891377 0.453263 0.000000 471.066156 -0.453263 -0.891377 0.000000 10.370402 0.000000 0.000000 1.000000 0.000000 1547731699474504947

-0.894689 0.446689 0.000000 468.293572 -0.446689 -0.894689 0.000000 9.179224 0.000000 0.000000 1.000000 0.000000 1547731699972016096

-0.892768 0.450518 0.000000 466.820947 -0.450518 -0.892768 0.000000 8.559105 0.000000 0.000000 1.000000 0.000000 1547731700221419095

-0.890219 0.455533 0.000000 465.316134 -0.455533 -0.890219 0.000000 7.794941 0.000000 0.000000 1.000000 0.000000 1547731700470146894

-0.888741 0.458411 0.000000 463.723745 -0.458411 -0.888741 0.000000 6.998780 0.000000 0.000000 1.000000 0.000000 1547731700718350887

-0.889601 0.456738 0.000000 462.122612 -0.456738 -0.889601 0.000000 6.189385 0.000000 0.000000 1.000000 0.000000 1547731700966335058

-0.890086 0.455792 0.000000 460.437339 -0.455792 -0.890086 0.000000 5.369007 0.000000 0.000000 1.000000 0.000000 1547731701213865995

-0.891061 0.453884 0.000000 458.740467 -0.453884 -0.891061 0.000000 4.504467 0.000000 0.000000 1.000000 0.000000 1547731701461134910

-0.892413 0.451219 0.000000 456.950962 -0.451219 -0.892413 0.000000 3.584516 0.000000 0.000000 1.000000 0.000000 1547731701709539890

-0.893708 0.448649 0.000000 455.071928 -0.448649 -0.893708 0.000000 2.707616 0.000000 0.000000 1.000000 0.000000 1547731701959306955

-0.894550 0.446967 0.000000 453.207398 -0.446967 -0.894550 0.000000 1.736936 0.000000 0.000000 1.000000 0.000000 1547731702210165977

-0.895415 0.445233 0.000000 451.227554 -0.445233 -0.895415 0.000000 0.837190 0.000000 0.000000 1.000000 0.000000 1547731702460912942

-0.896015 0.444024 0.000000 449.237587 -0.444024 -0.896015 0.000000 -0.149982 0.000000 0.000000 1.000000 0.000000 1547731702712057113

-0.896735 0.442567 0.000000 447.245072 -0.442567 -0.896735 0.000000 -1.110556 0.000000 0.000000 1.000000 0.000000 1547731702963248014

-0.897613 0.440784 0.000000 445.257267 -0.440784 -0.897613 0.000000 -2.055144 0.000000 0.000000 1.000000 0.000000 1547731703213560104

-0.898589 0.438791 0.000000 443.324460 -0.438791 -0.898589 0.000000 -3.013631 0.000000 0.000000 1.000000 0.000000 1547731703463574886

-0.898971 0.438008 0.000000 441.315305 -0.438008 -0.898971 0.000000 -3.966533 0.000000 0.000000 1.000000 0.000000 1547731703713666915

-0.899138 0.437666 0.000000 439.323629 -0.437666 -0.899138 0.000000 -4.929469 0.000000 0.000000 1.000000 0.000000 1547731703964102983

-0.899795 0.436313 0.000000 437.380417 -0.436313 -0.899795 0.000000 -5.892104 0.000000 0.000000 1.000000 0.000000 1547731704216171979

-0.900238 0.435398 0.000000 435.325963 -0.435398 -0.900238 0.000000 -6.838855 0.000000 0.000000 1.000000 0.000000 1547731704468602895

-0.900494 0.434869 0.000000 433.332142 -0.434869 -0.900494 0.000000 -7.784872 0.000000 0.000000 1.000000 0.000000 1547731704720235109

-0.900986 0.433849 0.000000 431.293250 -0.433849 -0.900986 0.000000 -8.814816 0.000000 0.000000 1.000000 0.000000 1547731704971872091

-0.900665 0.434513 0.000000 429.279023 -0.434513 -0.900665 0.000000 -9.755523 0.000000 0.000000 1.000000 0.000000 1547731705222842931

-0.900606 0.434636 0.000000 427.292650 -0.434636 -0.900606 0.000000 -10.707042 0.000000 0.000000 1.000000 0.000000 1547731705473043918

-0.900425 0.435011 0.000000 425.309876 -0.435011 -0.900425 0.000000 -11.659875 0.000000 0.000000 1.000000 0.000000 1547731705723275899

-0.900245 0.435384 0.000000 423.361735 -0.435384 -0.900245 0.000000 -12.589300 0.000000 0.000000 1.000000 0.000000 1547731705973373889

-0.900309 0.435251 0.000000 421.464944 -0.435251 -0.900309 0.000000 -13.484634 0.000000 0.000000 1.000000 0.000000 1547731706222668886

-0.900431 0.434999 0.000000 419.510329 -0.434999 -0.900431 0.000000 -14.417129 0.000000 0.000000 1.000000 0.000000 1547731706472402095

-0.901047 0.433721 0.000000 417.660606 -0.433721 -0.901047 0.000000 -15.297246 0.000000 0.000000 1.000000 0.000000 1547731706722948074

-0.902009 0.431718 0.000000 415.786679 -0.431718 -0.902009 0.000000 -16.188156 0.000000 0.000000 1.000000 0.000000 1547731706974345922

-0.903230 0.429156 0.000000 413.938152 -0.429156 -0.903230 0.000000 -17.119272 0.000000 0.000000 1.000000 0.000000 1547731707226938962

-0.904679 0.426094 0.000000 412.130709 -0.426094 -0.904679 0.000000 -17.958286 0.000000 0.000000 1.000000 0.000000 1547731707479846000

-0.905454 0.424445 0.000000 410.396030 -0.424445 -0.905454 0.000000 -18.736323 0.000000 0.000000 1.000000 0.000000 1547731707731225013

-0.906297 0.422641 0.000000 408.752494 -0.422641 -0.906297 0.000000 -19.513140 0.000000 0.000000 1.000000 0.000000 1547731707981579065

-0.906692 0.421794 0.000000 407.225962 -0.421794 -0.906692 0.000000 -20.267645 0.000000 0.000000 1.000000 0.000000 1547731708230429887

-0.907616 0.419801 0.000000 405.772968 -0.419801 -0.907616 0.000000 -20.913847 0.000000 0.000000 1.000000 0.000000 1547731708478446006

-0.907358 0.420360 0.000000 404.403355 -0.420360 -0.907358 0.000000 -21.528547 0.000000 0.000000 1.000000 0.000000 1547731708726125955

-0.908564 0.417747 0.000000 401.889956 -0.417747 -0.908564 0.000000 -22.628399 0.000000 0.000000 1.000000 0.000000 1547731709220216989

-0.909320 0.416098 0.000000 399.747771 -0.416098 -0.909320 0.000000 -23.665229 0.000000 0.000000 1.000000 0.000000 1547731709717058897

-0.910238 0.414086 0.000000 397.863763 -0.414086 -0.910238 0.000000 -24.535810 0.000000 0.000000 1.000000 0.000000 1547731710218209028

-0.910956 0.412504 0.000000 396.292417 -0.412504 -0.910956 0.000000 -25.216428 0.000000 0.000000 1.000000 0.000000 1547731710718911886

-0.909968 0.414679 0.000000 394.385672 -0.414679 -0.909968 0.000000 -26.053552 0.000000 0.000000 1.000000 0.000000 1547731711472075939

-0.907690 0.419641 0.000000 392.773175 -0.419641 -0.907690 0.000000 -26.779710 0.000000 0.000000 1.000000 0.000000 1547731712480169057

-0.905482 0.424385 0.000000 391.286722 -0.424385 -0.905482 0.000000 -27.445516 0.000000 0.000000 1.000000 0.000000 1547731714731827020

