1.000000 0.000566 0.000000 3.681610 -0.000566 1.000000 -0.000000 0.035136 -0.000000 0.000000 1.000000 0.000000
0.999995 0.003086 0.000000 5.297103 -0.003086 0.999995 -0.000000 -0.043683 -0.000000 0.000000 1.000000 0.000000
0.999995 0.003100 0.000000 7.402112 -0.003100 0.999995 -0.000000 -0.031640 -0.000000 0.000000 1.000000 0.000000
0.999991 0.004311 0.000000 9.624540 -0.004311 0.999991 -0.000000 0.008560 -0.000000 0.000000 1.000000 0.000000
0.999975 0.007096 0.000000 12.161629 -0.007096 0.999975 -0.000000 -0.036932 -0.000000 0.000000 1.000000 0.000000
0.999962 0.008673 0.000000 14.935443 -0.008673 0.999962 -0.000000 -0.029779 -0.000000 0.000000 1.000000 0.000000
0.999911 0.013363 0.000000 17.850781 -0.013363 0.999911 -0.000000 -0.056597 -0.000000 0.000000 1.000000 0.000000
0.999836 0.018095 0.000000 20.796076 -0.018095 0.999836 -0.000000 -0.087763 -0.000000 0.000000 1.000000 0.000000
0.999770 0.021436 0.000000 22.301672 -0.021436 0.999770 -0.000000 -0.133124 -0.000000 0.000000 1.000000 0.000000
0.999620 0.027574 0.000000 25.264334 -0.027574 0.999620 -0.000000 -0.176801 -0.000000 0.000000 1.000000 0.000000
0.999284 0.037841 0.000000 28.184331 -0.037841 0.999284 -0.000000 -0.303588 -0.000000 0.000000 1.000000 0.000000
0.998949 0.045825 0.000000 31.104576 -0.045825 0.998949 -0.000000 -0.362491 -0.000000 0.000000 1.000000 0.000000
0.998493 0.054878 0.000000 34.002477 -0.054878 0.998493 -0.000000 -0.496588 -0.000000 0.000000 1.000000 0.000000
0.997982 0.063498 0.000000 36.782040 -0.063498 0.997982 -0.000000 -0.647998 -0.000000 0.000000 1.000000 0.000000
0.997212 0.074618 0.000000 39.603639 -0.074618 0.997212 -0.000000 -0.904115 -0.000000 0.000000 1.000000 0.000000
0.996362 0.085218 0.000000 42.377841 -0.085218 0.996362 -0.000000 -1.085785 -0.000000 0.000000 1.000000 0.000000
0.995574 0.093981 0.000000 45.227519 -0.093981 0.995574 -0.000000 -1.391212 -0.000000 0.000000 1.000000 0.000000
0.994529 0.104458 0.000000 48.096516 -0.104458 0.994529 -0.000000 -1.626205 -0.000000 0.000000 1.000000 0.000000
0.993930 0.110016 0.000000 51.089419 -0.110016 0.993930 -0.000000 -1.949200 -0.000000 0.000000 1.000000 0.000000
0.993097 0.117295 0.000000 54.073455 -0.117295 0.993097 -0.000000 -2.292680 -0.000000 0.000000 1.000000 0.000000
0.992658 0.120958 0.000000 55.617580 -0.120958 0.992658 -0.000000 -2.425084 -0.000000 0.000000 1.000000 0.000000
0.992388 0.123149 0.000000 57.143704 -0.123149 0.992388 -0.000000 -2.609410 -0.000000 0.000000 1.000000 0.000000
0.992384 0.123183 0.000000 58.744059 -0.123183 0.992384 -0.000000 -2.818270 -0.000000 0.000000 1.000000 0.000000
0.992330 0.123618 0.000000 60.405648 -0.123618 0.992330 -0.000000 -2.992226 -0.000000 0.000000 1.000000 0.000000
0.992516 0.122115 0.000000 62.018040 -0.122115 0.992516 -0.000000 -3.146075 -0.000000 0.000000 1.000000 0.000000
0.992621 0.121258 0.000000 63.720837 -0.121258 0.992621 -0.000000 -3.358360 -0.000000 0.000000 1.000000 0.000000
0.992656 0.120968 0.000000 65.428398 -0.120968 0.992656 -0.000000 -3.553814 -0.000000 0.000000 1.000000 0.000000
0.992678 0.120791 0.000000 67.161414 -0.120791 0.992678 -0.000000 -3.741010 -0.000000 0.000000 1.000000 0.000000
0.992675 0.120813 0.000000 68.920655 -0.120813 0.992675 -0.000000 -3.944881 -0.000000 0.000000 1.000000 0.000000
0.992705 0.120572 0.000000 70.699500 -0.120572 0.992705 -0.000000 -4.155293 -0.000000 0.000000 1.000000 0.000000
0.992646 0.121051 0.000000 72.523805 -0.121051 0.992646 -0.000000 -4.371254 -0.000000 0.000000 1.000000 0.000000
0.992642 0.121088 0.000000 74.351619 -0.121088 0.992642 -0.000000 -4.616719 -0.000000 0.000000 1.000000 0.000000
0.992739 0.120290 0.000000 76.205033 -0.120290 0.992739 -0.000000 -4.808877 -0.000000 0.000000 1.000000 0.000000
0.992992 0.118178 0.000000 78.082264 -0.118178 0.992992 -0.000000 -5.058155 -0.000000 0.000000 1.000000 0.000000
0.993488 0.113935 0.000000 79.952249 -0.113935 0.993488 -0.000000 -5.236598 -0.000000 0.000000 1.000000 0.000000
0.993810 0.111095 0.000000 81.897835 -0.111095 0.993810 -0.000000 -5.433854 -0.000000 0.000000 1.000000 0.000000
0.994184 0.107699 0.000000 83.817306 -0.107699 0.994184 -0.000000 -5.600922 -0.000000 0.000000 1.000000 0.000000
0.994470 0.105020 0.000000 85.720277 -0.105020 0.994470 -0.000000 -5.827986 -0.000000 0.000000 1.000000 0.000000
0.994690 0.102920 0.000000 87.621931 -0.102920 0.994690 -0.000000 -5.988742 -0.000000 0.000000 1.000000 0.000000
0.995077 0.099101 0.000000 89.529294 -0.099101 0.995077 -0.000000 -6.235068 -0.000000 0.000000 1.000000 0.000000
0.995275 0.097100 0.000000 91.423350 -0.097100 0.995275 -0.000000 -6.394605 -0.000000 0.000000 1.000000 0.000000
0.995263 0.097219 0.000000 93.286092 -0.097219 0.995263 -0.000000 -6.568516 -0.000000 0.000000 1.000000 0.000000
0.995239 0.097468 0.000000 95.141387 -0.097468 0.995239 -0.000000 -6.709840 -0.000000 0.000000 1.000000 0.000000
0.995133 0.098540 0.000000 96.953153 -0.098540 0.995133 -0.000000 -6.895229 -0.000000 0.000000 1.000000 0.000000
0.995102 0.098850 0.000000 98.733832 -0.098850 0.995102 -0.000000 -7.073533 -0.000000 0.000000 1.000000 0.000000
0.994958 0.100292 0.000000 100.548177 -0.100292 0.994958 -0.000000 -7.210576 -0.000000 0.000000 1.000000 0.000000
0.994931 0.100558 0.000000 102.247932 -0.100558 0.994931 -0.000000 -7.413045 -0.000000 0.000000 1.000000 0.000000
0.994998 0.099891 0.000000 103.886690 -0.099891 0.994998 -0.000000 -7.637152 -0.000000 0.000000 1.000000 0.000000
0.994964 0.100232 0.000000 105.708930 -0.100232 0.994964 -0.000000 -7.800400 -0.000000 0.000000 1.000000 0.000000
0.995274 0.097104 0.000000 107.598581 -0.097104 0.995274 -0.000000 -7.889219 -0.000000 0.000000 1.000000 0.000000
0.994969 0.100184 0.000000 109.144559 -0.100184 0.994969 -0.000000 -8.113049 -0.000000 0.000000 1.000000 0.000000
0.994990 0.099971 0.000000 110.863427 -0.099971 0.994990 -0.000000 -8.267208 -0.000000 0.000000 1.000000 0.000000
0.994992 0.099960 0.000000 112.663645 -0.099960 0.994992 -0.000000 -8.413791 -0.000000 0.000000 1.000000 0.000000
0.995049 0.099383 0.000000 114.407179 -0.099383 0.995049 -0.000000 -8.593451 -0.000000 0.000000 1.000000 0.000000
0.995077 0.099105 0.000000 116.094398 -0.099105 0.995077 -0.000000 -8.807426 -0.000000 0.000000 1.000000 0.000000
0.995088 0.098994 0.000000 117.886468 -0.098994 0.995088 -0.000000 -8.966705 -0.000000 0.000000 1.000000 0.000000
0.995184 0.098027 0.000000 119.607174 -0.098027 0.995184 -0.000000 -9.204359 -0.000000 0.000000 1.000000 0.000000
0.995320 0.096632 0.000000 121.447396 -0.096632 0.995320 -0.000000 -9.411079 -0.000000 0.000000 1.000000 0.000000
0.995432 0.095469 0.000000 123.246057 -0.095469 0.995432 -0.000000 -9.569450 -0.000000 0.000000 1.000000 0.000000
0.995554 0.094189 0.000000 125.129229 -0.094189 0.995554 -0.000000 -9.695431 -0.000000 0.000000 1.000000 0.000000
0.995995 0.089413 0.000000 126.941579 -0.089413 0.995995 -0.000000 -9.855224 -0.000000 0.000000 1.000000 0.000000
0.996433 0.084386 0.000000 128.771597 -0.084386 0.996433 -0.000000 -10.030741 -0.000000 0.000000 1.000000 0.000000
0.996815 0.079755 0.000000 130.670396 -0.079755 0.996815 -0.000000 -10.127282 -0.000000 0.000000 1.000000 0.000000
0.997271 0.073825 0.000000 132.509683 -0.073825 0.997271 -0.000000 -10.268543 -0.000000 0.000000 1.000000 0.000000
0.997736 0.067253 0.000000 134.349993 -0.067253 0.997736 -0.000000 -10.400424 -0.000000 0.000000 1.000000 0.000000
0.998145 0.060882 0.000000 136.115044 -0.060882 0.998145 -0.000000 -10.521858 -0.000000 0.000000 1.000000 0.000000
0.998420 0.056189 0.000000 137.933770 -0.056189 0.998420 -0.000000 -10.599098 -0.000000 0.000000 1.000000 0.000000
0.998670 0.051559 0.000000 139.681138 -0.051559 0.998670 -0.000000 -10.685276 -0.000000 0.000000 1.000000 0.000000
0.998860 0.047737 0.000000 141.441288 -0.047737 0.998860 -0.000000 -10.759734 -0.000000 0.000000 1.000000 0.000000
0.998999 0.044731 0.000000 143.268361 -0.044731 0.998999 -0.000000 -10.852035 -0.000000 0.000000 1.000000 0.000000
0.999133 0.041632 0.000000 145.152951 -0.041632 0.999133 -0.000000 -10.866772 -0.000000 0.000000 1.000000 0.000000
0.999138 0.041513 0.000000 146.909836 -0.041513 0.999138 -0.000000 -10.955695 -0.000000 0.000000 1.000000 0.000000
0.999162 0.040932 0.000000 148.727898 -0.040932 0.999162 -0.000000 -11.052668 -0.000000 0.000000 1.000000 0.000000
0.999161 0.040950 0.000000 150.658994 -0.040950 0.999161 -0.000000 -11.120726 -0.000000 0.000000 1.000000 0.000000
0.999146 0.041322 0.000000 152.523714 -0.041322 0.999146 -0.000000 -11.163116 -0.000000 0.000000 1.000000 0.000000
0.999105 0.042288 0.000000 154.461243 -0.042288 0.999105 -0.000000 -11.228535 -0.000000 0.000000 1.000000 0.000000
0.999075 0.043000 0.000000 156.375660 -0.043000 0.999075 -0.000000 -11.285064 -0.000000 0.000000 1.000000 0.000000
0.999046 0.043665 0.000000 158.359068 -0.043665 0.999046 -0.000000 -11.408530 -0.000000 0.000000 1.000000 0.000000
0.998930 0.046241 0.000000 160.358684 -0.046241 0.998930 -0.000000 -11.466363 -0.000000 0.000000 1.000000 0.000000
0.998807 0.048826 0.000000 162.289509 -0.048826 0.998807 -0.000000 -11.542424 -0.000000 0.000000 1.000000 0.000000
0.998699 0.051000 0.000000 164.321155 -0.051000 0.998699 -0.000000 -11.695856 -0.000000 0.000000 1.000000 0.000000
0.998527 0.054255 0.000000 166.337790 -0.054255 0.998527 -0.000000 -11.796700 -0.000000 0.000000 1.000000 0.000000
0.998141 0.060943 0.000000 168.377335 -0.060943 0.998141 -0.000000 -11.882355 -0.000000 0.000000 1.000000 0.000000
0.997592 0.069356 0.000000 170.410028 -0.069356 0.997592 -0.000000 -12.049208 -0.000000 0.000000 1.000000 0.000000
0.996952 0.078019 0.000000 172.479418 -0.078019 0.996952 -0.000000 -12.216374 -0.000000 0.000000 1.000000 0.000000
0.996301 0.085927 0.000000 174.545252 -0.085927 0.996301 -0.000000 -12.389206 -0.000000 0.000000 1.000000 0.000000
0.995684 0.092810 0.000000 176.576043 -0.092810 0.995684 -0.000000 -12.593019 -0.000000 0.000000 1.000000 0.000000
0.995422 0.095573 0.000000 178.583505 -0.095573 0.995422 -0.000000 -12.801028 -0.000000 0.000000 1.000000 0.000000
0.995433 0.095459 0.000000 180.614172 -0.095459 0.995433 -0.000000 -12.977046 -0.000000 0.000000 1.000000 0.000000
0.995343 0.096402 0.000000 182.603025 -0.096402 0.995343 -0.000000 -13.214997 -0.000000 0.000000 1.000000 0.000000
0.995442 0.095365 0.000000 184.492607 -0.095365 0.995442 -0.000000 -13.430776 -0.000000 0.000000 1.000000 0.000000
0.995558 0.094150 0.000000 186.412585 -0.094150 0.995558 -0.000000 -13.692860 -0.000000 0.000000 1.000000 0.000000
0.995875 0.090735 0.000000 188.537941 -0.090735 0.995875 -0.000000 -13.640940 -0.000000 0.000000 1.000000 0.000000
0.996224 0.086821 0.000000 190.246900 -0.086821 0.996224 -0.000000 -13.938655 -0.000000 0.000000 1.000000 0.000000
0.996678 0.081446 0.000000 192.224720 -0.081446 0.996678 -0.000000 -14.066502 -0.000000 0.000000 1.000000 0.000000
0.996969 0.077794 0.000000 194.303778 -0.077794 0.996969 -0.000000 -14.191057 -0.000000 0.000000 1.000000 0.000000
0.996986 0.077582 0.000000 196.255086 -0.077582 0.996986 -0.000000 -14.388605 -0.000000 0.000000 1.000000 0.000000
0.997073 0.076456 0.000000 198.242958 -0.076456 0.997073 -0.000000 -14.494505 -0.000000 0.000000 1.000000 0.000000
0.997235 0.074319 0.000000 200.300979 -0.074319 0.997235 -0.000000 -14.611468 -0.000000 0.000000 1.000000 0.000000
0.997413 0.071886 0.000000 202.327298 -0.071886 0.997413 -0.000000 -14.776505 -0.000000 0.000000 1.000000 0.000000
0.997501 0.070646 0.000000 204.398738 -0.070646 0.997501 -0.000000 -14.889640 -0.000000 0.000000 1.000000 0.000000
0.997584 0.069465 0.000000 206.499697 -0.069465 0.997584 -0.000000 -15.023350 -0.000000 0.000000 1.000000 0.000000
0.997756 0.066956 0.000000 208.577925 -0.066956 0.997756 -0.000000 -15.190980 -0.000000 0.000000 1.000000 0.000000
0.997858 0.065424 0.000000 210.673284 -0.065424 0.997858 -0.000000 -15.306122 -0.000000 0.000000 1.000000 0.000000
0.998020 0.062905 0.000000 212.759226 -0.062905 0.998020 -0.000000 -15.455447 -0.000000 0.000000 1.000000 0.000000
0.998201 0.059961 0.000000 214.865631 -0.059961 0.998201 -0.000000 -15.593205 -0.000000 0.000000 1.000000 0.000000
0.998409 0.056383 0.000000 216.944945 -0.056383 0.998409 -0.000000 -15.736004 -0.000000 0.000000 1.000000 0.000000
0.998652 0.051899 0.000000 218.980775 -0.051899 0.998652 -0.000000 -15.808876 -0.000000 0.000000 1.000000 0.000000
0.998790 0.049169 0.000000 221.041429 -0.049169 0.998790 -0.000000 -15.877079 -0.000000 0.000000 1.000000 0.000000
0.998909 0.046705 0.000000 222.997040 -0.046705 0.998909 -0.000000 -15.977290 -0.000000 0.000000 1.000000 0.000000
0.998942 0.045981 0.000000 224.961198 -0.045981 0.998942 -0.000000 -16.083038 -0.000000 0.000000 1.000000 0.000000
0.999039 0.043833 0.000000 226.919634 -0.043833 0.999039 -0.000000 -16.131818 -0.000000 0.000000 1.000000 0.000000
0.999078 0.042937 0.000000 228.831767 -0.042937 0.999078 -0.000000 -16.217137 -0.000000 0.000000 1.000000 0.000000
0.999145 0.041344 0.000000 230.695917 -0.041344 0.999145 -0.000000 -16.269167 -0.000000 0.000000 1.000000 0.000000
0.999191 0.040217 0.000000 232.519709 -0.040217 0.999191 -0.000000 -16.330153 -0.000000 0.000000 1.000000 0.000000
0.999304 0.037305 0.000000 234.364399 -0.037305 0.999304 -0.000000 -16.381567 -0.000000 0.000000 1.000000 0.000000
0.999253 0.038632 0.000000 236.192342 -0.038632 0.999253 -0.000000 -16.412303 -0.000000 0.000000 1.000000 0.000000
0.999333 0.036524 0.000000 238.059187 -0.036524 0.999333 -0.000000 -16.512130 -0.000000 0.000000 1.000000 0.000000
0.999390 0.034932 0.000000 240.125861 -0.034932 0.999390 -0.000000 -16.666627 -0.000000 0.000000 1.000000 0.000000
0.999474 0.032430 0.000000 241.878364 -0.032430 0.999474 -0.000000 -16.635059 -0.000000 0.000000 1.000000 0.000000
0.999461 0.032831 0.000000 243.763977 -0.032831 0.999461 -0.000000 -16.660531 -0.000000 0.000000 1.000000 0.000000
0.999538 0.030409 0.000000 245.736685 -0.030409 0.999538 -0.000000 -16.673508 -0.000000 0.000000 1.000000 0.000000
0.999670 0.025707 0.000000 247.732037 -0.025707 0.999670 -0.000000 -16.724592 -0.000000 0.000000 1.000000 0.000000
0.999811 0.019447 0.000000 249.751587 -0.019447 0.999811 -0.000000 -16.758246 -0.000000 0.000000 1.000000 0.000000
0.999923 0.012371 0.000000 251.762089 -0.012371 0.999923 -0.000000 -16.778790 -0.000000 0.000000 1.000000 0.000000
0.999982 0.005960 0.000000 253.814521 -0.005960 0.999982 -0.000000 -16.811632 -0.000000 0.000000 1.000000 0.000000
1.000000 -0.000112 0.000000 255.897257 0.000112 1.000000 0.000000 -16.773334 0.000000 0.000000 1.000000 0.000000
0.999980 -0.006263 0.000000 258.001768 0.006263 0.999980 0.000000 -16.766962 0.000000 0.000000 1.000000 0.000000
0.999916 -0.012923 0.000000 260.117475 0.012923 0.999916 0.000000 -16.711765 0.000000 0.000000 1.000000 0.000000
0.999824 -0.018753 0.000000 262.262274 0.018753 0.999824 0.000000 -16.645219 0.000000 0.000000 1.000000 0.000000
0.999699 -0.024521 0.000000 264.458841 0.024521 0.999699 0.000000 -16.590871 0.000000 0.000000 1.000000 0.000000
0.999597 -0.028397 0.000000 266.647115 0.028397 0.999597 0.000000 -16.455526 0.000000 0.000000 1.000000 0.000000
0.999583 -0.028893 0.000000 268.827759 0.028893 0.999583 0.000000 -16.408063 0.000000 0.000000 1.000000 0.000000
0.999585 -0.028813 0.000000 271.042976 0.028813 0.999585 0.000000 -16.368961 0.000000 0.000000 1.000000 0.000000
0.999577 -0.029087 0.000000 273.201137 0.029087 0.999577 0.000000 -16.302252 0.000000 0.000000 1.000000 0.000000
0.999577 -0.029089 0.000000 275.398108 0.029089 0.999577 0.000000 -16.211489 0.000000 0.000000 1.000000 0.000000
0.999619 -0.027587 0.000000 277.613697 0.027587 0.999619 0.000000 -16.129949 0.000000 0.000000 1.000000 0.000000
0.999657 -0.026171 0.000000 279.875744 0.026171 0.999657 0.000000 -16.090325 0.000000 0.000000 1.000000 0.000000
0.999720 -0.023663 0.000000 282.019757 0.023663 0.999720 0.000000 -16.010528 0.000000 0.000000 1.000000 0.000000
0.999765 -0.021674 0.000000 284.210136 0.021674 0.999765 0.000000 -15.944826 0.000000 0.000000 1.000000 0.000000
0.999755 -0.022138 0.000000 286.407388 0.022138 0.999755 0.000000 -15.887158 0.000000 0.000000 1.000000 0.000000
0.999733 -0.023087 0.000000 288.539766 0.023087 0.999733 0.000000 -15.819038 0.000000 0.000000 1.000000 0.000000
0.999720 -0.023666 0.000000 290.669683 0.023666 0.999720 0.000000 -15.771433 0.000000 0.000000 1.000000 0.000000
0.999730 -0.023231 0.000000 292.787857 0.023231 0.999730 0.000000 -15.709552 0.000000 0.000000 1.000000 0.000000
0.999731 -0.023212 0.000000 294.827922 0.023212 0.999731 0.000000 -15.667655 0.000000 0.000000 1.000000 0.000000
0.999709 -0.024123 0.000000 297.033773 0.024123 0.999709 0.000000 -15.541778 0.000000 0.000000 1.000000 0.000000
0.999668 -0.025784 0.000000 299.229469 0.025784 0.999668 0.000000 -15.448296 0.000000 0.000000 1.000000 0.000000
0.999611 -0.027892 0.000000 301.324664 0.027892 0.999611 0.000000 -15.434679 0.000000 0.000000 1.000000 0.000000
0.999594 -0.028509 0.000000 303.531946 0.028509 0.999594 0.000000 -15.341219 0.000000 0.000000 1.000000 0.000000
0.999560 -0.029671 0.000000 305.731897 0.029671 0.999560 0.000000 -15.269806 0.000000 0.000000 1.000000 0.000000
0.999521 -0.030944 0.000000 307.979307 0.030944 0.999521 0.000000 -15.188467 0.000000 0.000000 1.000000 0.000000
0.999482 -0.032173 0.000000 310.221573 0.032173 0.999482 0.000000 -15.162890 0.000000 0.000000 1.000000 0.000000
0.999424 -0.033945 0.000000 312.447868 0.033945 0.999424 0.000000 -15.055899 0.000000 0.000000 1.000000 0.000000
0.999350 -0.036054 0.000000 314.697423 0.036054 0.999350 0.000000 -14.915247 0.000000 0.000000 1.000000 0.000000
0.999226 -0.039340 0.000000 316.950595 0.039340 0.999226 0.000000 -14.844065 0.000000 0.000000 1.000000 0.000000
0.999087 -0.042716 0.000000 319.202495 0.042716 0.999087 0.000000 -14.792696 0.000000 0.000000 1.000000 0.000000
0.998909 -0.046692 0.000000 321.410267 0.046692 0.998909 0.000000 -14.638794 0.000000 0.000000 1.000000 0.000000
0.998747 -0.050050 0.000000 323.640053 0.050050 0.998747 0.000000 -14.511817 0.000000 0.000000 1.000000 0.000000
0.998528 -0.054232 0.000000 325.826615 0.054232 0.998528 0.000000 -14.399176 0.000000 0.000000 1.000000 0.000000
0.998303 -0.058228 0.000000 328.024555 0.058228 0.998303 0.000000 -14.290712 0.000000 0.000000 1.000000 0.000000
0.998141 -0.060951 0.000000 330.148430 0.060951 0.998141 0.000000 -14.155808 0.000000 0.000000 1.000000 0.000000
0.997953 -0.063957 0.000000 332.197068 0.063957 0.997953 0.000000 -13.977668 0.000000 0.000000 1.000000 0.000000
0.997736 -0.067247 0.000000 334.319924 0.067247 0.997736 0.000000 -13.876527 0.000000 0.000000 1.000000 0.000000
0.997395 -0.072138 0.000000 336.423536 0.072138 0.997395 0.000000 -13.674259 0.000000 0.000000 1.000000 0.000000
0.996807 -0.079843 0.000000 338.438242 0.079843 0.996807 0.000000 -13.507184 0.000000 0.000000 1.000000 0.000000
0.996181 -0.087313 0.000000 340.527129 0.087313 0.996181 0.000000 -13.320261 0.000000 0.000000 1.000000 0.000000
0.995573 -0.093989 0.000000 342.585274 0.093989 0.995573 0.000000 -13.147871 0.000000 0.000000 1.000000 0.000000
0.995065 -0.099230 0.000000 344.617800 0.099230 0.995065 0.000000 -12.897456 0.000000 0.000000 1.000000 0.000000
0.994392 -0.105759 0.000000 346.640143 0.105759 0.994392 0.000000 -12.680978 0.000000 0.000000 1.000000 0.000000
0.993855 -0.110693 0.000000 348.702163 0.110693 0.993855 0.000000 -12.476143 0.000000 0.000000 1.000000 0.000000
0.993584 -0.113093 0.000000 350.714182 0.113093 0.993584 0.000000 -12.188326 0.000000 0.000000 1.000000 0.000000
0.993426 -0.114473 0.000000 352.714953 0.114473 0.993426 0.000000 -11.942426 0.000000 0.000000 1.000000 0.000000
0.993402 -0.114683 0.000000 354.741494 0.114683 0.993402 0.000000 -11.677086 0.000000 0.000000 1.000000 0.000000
0.993178 -0.116604 0.000000 356.666058 0.116604 0.993178 0.000000 -11.451177 0.000000 0.000000 1.000000 0.000000
0.993141 -0.116925 0.000000 358.649881 0.116925 0.993141 0.000000 -11.210927 0.000000 0.000000 1.000000 0.000000
0.992866 -0.119238 0.000000 360.560637 0.119238 0.992866 0.000000 -10.911164 0.000000 0.000000 1.000000 0.000000
0.992596 -0.121464 0.000000 362.497548 0.121464 0.992596 0.000000 -10.702611 0.000000 0.000000 1.000000 0.000000
0.992273 -0.124075 0.000000 364.409367 0.124075 0.992273 0.000000 -10.456096 0.000000 0.000000 1.000000 0.000000
0.991846 -0.127442 0.000000 366.328054 0.127442 0.991846 0.000000 -10.205435 0.000000 0.000000 1.000000 0.000000
0.991345 -0.131286 0.000000 368.263955 0.131286 0.991345 0.000000 -9.994404 0.000000 0.000000 1.000000 0.000000
0.990884 -0.134718 0.000000 370.281014 0.134718 0.990884 0.000000 -9.670547 0.000000 0.000000 1.000000 0.000000
0.990354 -0.138561 0.000000 372.188383 0.138561 0.990354 0.000000 -9.474759 0.000000 0.000000 1.000000 0.000000
0.990250 -0.139298 0.000000 374.207231 0.139298 0.990250 0.000000 -9.118345 0.000000 0.000000 1.000000 0.000000
0.989986 -0.141167 0.000000 376.229313 0.141167 0.989986 0.000000 -8.798414 0.000000 0.000000 1.000000 0.000000
0.989855 -0.142082 0.000000 378.273502 0.142082 0.989855 0.000000 -8.438175 0.000000 0.000000 1.000000 0.000000
0.989867 -0.141996 0.000000 380.362704 0.141996 0.989867 0.000000 -8.195514 0.000000 0.000000 1.000000 0.000000
0.990207 -0.139609 0.000000 382.393665 0.139609 0.990207 0.000000 -7.878852 0.000000 0.000000 1.000000 0.000000
0.990519 -0.137378 0.000000 384.445576 0.137378 0.990519 0.000000 -7.537158 0.000000 0.000000 1.000000 0.000000
0.990882 -0.134733 0.000000 386.554465 0.134733 0.990882 0.000000 -7.237153 0.000000 0.000000 1.000000 0.000000
0.991371 -0.131088 0.000000 388.581679 0.131088 0.991371 0.000000 -6.966844 0.000000 0.000000 1.000000 0.000000
0.991915 -0.126901 0.000000 390.619715 0.126901 0.991915 0.000000 -6.709466 0.000000 0.000000 1.000000 0.000000
0.992301 -0.123850 0.000000 392.614402 0.123850 0.992301 0.000000 -6.424199 0.000000 0.000000 1.000000 0.000000
0.992391 -0.123127 0.000000 394.613659 0.123127 0.992391 0.000000 -6.181392 0.000000 0.000000 1.000000 0.000000
0.992084 -0.125573 0.000000 396.561442 0.125573 0.992084 0.000000 -5.936812 0.000000 0.000000 1.000000 0.000000
0.991903 -0.127002 0.000000 398.461835 0.127002 0.991903 0.000000 -5.670144 0.000000 0.000000 1.000000 0.000000
0.991579 -0.129502 0.000000 400.444293 0.129502 0.991579 0.000000 -5.450829 0.000000 0.000000 1.000000 0.000000
0.991173 -0.132576 0.000000 402.408839 0.132576 0.991173 0.000000 -5.103252 0.000000 0.000000 1.000000 0.000000
0.991063 -0.133393 0.000000 404.289993 0.133393 0.991063 0.000000 -4.871021 0.000000 0.000000 1.000000 0.000000
0.990261 -0.139224 0.000000 406.249111 0.139224 0.990261 0.000000 -4.537833 0.000000 0.000000 1.000000 0.000000
0.989752 -0.142799 0.000000 408.245417 0.142799 0.989752 0.000000 -4.266370 0.000000 0.000000 1.000000 0.000000
0.989170 -0.146772 0.000000 410.303612 0.146772 0.989170 0.000000 -3.943080 0.000000 0.000000 1.000000 0.000000
0.988660 -0.150169 0.000000 412.318398 0.150169 0.988660 0.000000 -3.622776 0.000000 0.000000 1.000000 0.000000
0.987719 -0.156242 0.000000 414.381681 0.156242 0.987719 0.000000 -3.289678 0.000000 0.000000 1.000000 0.000000
0.986724 -0.162409 0.000000 416.436642 0.162409 0.986724 0.000000 -2.978018 0.000000 0.000000 1.000000 0.000000
0.985473 -0.169831 0.000000 418.493706 0.169831 0.985473 0.000000 -2.577150 0.000000 0.000000 1.000000 0.000000
0.984287 -0.176574 0.000000 420.590893 0.176574 0.984287 0.000000 -2.237803 0.000000 0.000000 1.000000 0.000000
0.982204 -0.187815 0.000000 422.691223 0.187815 0.982204 0.000000 -1.773063 0.000000 0.000000 1.000000 0.000000
0.980113 -0.198443 0.000000 424.819515 0.198443 0.980113 0.000000 -1.349817 0.000000 0.000000 1.000000 0.000000
0.977988 -0.208661 0.000000 426.996640 0.208661 0.977988 0.000000 -0.930999 0.000000 0.000000 1.000000 0.000000
0.975892 -0.218253 0.000000 429.118539 0.218253 0.975892 0.000000 -0.407863 0.000000 0.000000 1.000000 0.000000
0.974026 -0.226436 0.000000 431.280126 0.226436 0.974026 0.000000 0.104470 0.000000 0.000000 1.000000 0.000000
0.972036 -0.234831 0.000000 433.390547 0.234831 0.972036 0.000000 0.623009 0.000000 0.000000 1.000000 0.000000
0.970022 -0.243019 0.000000 435.530482 0.243019 0.970022 0.000000 1.135642 0.000000 0.000000 1.000000 0.000000
0.967996 -0.250965 0.000000 437.698215 0.250965 0.967996 0.000000 1.754729 0.000000 0.000000 1.000000 0.000000
0.965897 -0.258927 0.000000 439.800370 0.258927 0.965897 0.000000 2.265048 0.000000 0.000000 1.000000 0.000000
0.963865 -0.266391 0.000000 441.853822 0.266391 0.963865 0.000000 2.892456 0.000000 0.000000 1.000000 0.000000
0.961977 -0.273130 0.000000 443.927035 0.273130 0.961977 0.000000 3.445779 0.000000 0.000000 1.000000 0.000000
0.960870 -0.277000 0.000000 445.881187 0.277000 0.960870 0.000000 4.064460 0.000000 0.000000 1.000000 0.000000
0.959809 -0.280654 0.000000 447.809142 0.280654 0.959809 0.000000 4.584519 0.000000 0.000000 1.000000 0.000000
0.958858 -0.283887 0.000000 449.666795 0.283887 0.958858 0.000000 5.163536 0.000000 0.000000 1.000000 0.000000
0.957630 -0.288003 0.000000 451.364236 0.288003 0.957630 0.000000 5.691969 0.000000 0.000000 1.000000 0.000000
0.956672 -0.291169 0.000000 453.015547 0.291169 0.956672 0.000000 6.206146 0.000000 0.000000 1.000000 0.000000
0.955263 -0.295758 0.000000 454.659713 0.295758 0.955263 0.000000 6.704279 0.000000 0.000000 1.000000 0.000000
0.953842 -0.300309 0.000000 456.206257 0.300309 0.953842 0.000000 7.147086 0.000000 0.000000 1.000000 0.000000
0.952548 -0.304390 0.000000 457.804191 0.304390 0.952548 0.000000 7.630679 0.000000 0.000000 1.000000 0.000000
0.951466 -0.307754 0.000000 459.324540 0.307754 0.951466 0.000000 8.190432 0.000000 0.000000 1.000000 0.000000
0.949826 -0.312780 0.000000 460.970440 0.312780 0.949826 0.000000 8.652680 0.000000 0.000000 1.000000 0.000000
0.947934 -0.318467 0.000000 463.848464 0.318467 0.947934 0.000000 9.685434 0.000000 0.000000 1.000000 0.000000
0.946949 -0.321384 0.000000 465.343845 0.321384 0.946949 0.000000 10.188205 0.000000 0.000000 1.000000 0.000000
0.946047 -0.324030 0.000000 466.771218 0.324030 0.946047 0.000000 10.685290 0.000000 0.000000 1.000000 0.000000
0.945563 -0.325439 0.000000 468.242533 0.325439 0.945563 0.000000 11.197146 0.000000 0.000000 1.000000 0.000000
0.945492 -0.325646 0.000000 470.987127 0.325646 0.945492 0.000000 12.192007 0.000000 0.000000 1.000000 0.000000
0.947313 -0.320310 0.000000 473.619722 0.320310 0.947313 0.000000 13.053787 0.000000 0.000000 1.000000 0.000000
0.960243 -0.279164 0.000000 476.143626 0.279164 0.960243 0.000000 13.845432 0.000000 0.000000 1.000000 0.000000
0.982513 -0.186194 0.000000 478.532749 0.186194 0.982513 0.000000 14.264903 0.000000 0.000000 1.000000 0.000000
0.999433 -0.033656 0.000000 480.858031 0.033656 0.999433 0.000000 14.228975 0.000000 0.000000 1.000000 0.000000
0.998094 0.061715 0.000000 481.936450 -0.061715 0.998094 -0.000000 14.078148 -0.000000 0.000000 1.000000 0.000000
0.986375 0.164512 0.000000 482.957980 -0.164512 0.986375 -0.000000 13.786342 -0.000000 0.000000 1.000000 0.000000
0.962407 0.271611 0.000000 483.929652 -0.271611 0.962407 -0.000000 13.444211 -0.000000 0.000000 1.000000 0.000000
0.926289 0.376814 0.000000 484.836616 -0.376814 0.926289 -0.000000 13.008735 -0.000000 0.000000 1.000000 0.000000
0.875926 0.482445 0.000000 485.707999 -0.482445 0.875926 -0.000000 12.350127 -0.000000 0.000000 1.000000 0.000000
0.811810 0.583922 0.000000 486.485813 -0.583922 0.811810 -0.000000 11.694088 -0.000000 0.000000 1.000000 0.000000
0.732235 0.681052 0.000000 487.159887 -0.681052 0.732235 -0.000000 10.870255 -0.000000 0.000000 1.000000 0.000000
0.639341 0.768923 0.000000 487.746364 -0.768923 0.639341 -0.000000 10.009155 -0.000000 0.000000 1.000000 0.000000
0.533379 0.845876 0.000000 488.231681 -0.845876 0.533379 -0.000000 9.013321 -0.000000 0.000000 1.000000 0.000000
0.419080 0.907949 0.000000 488.511348 -0.907949 0.419080 -0.000000 8.028387 -0.000000 0.000000 1.000000 0.000000
0.303005 0.952989 0.000000 488.718068 -0.952989 0.303005 -0.000000 7.016652 -0.000000 0.000000 1.000000 0.000000
0.205500 0.978657 0.000000 488.740753 -0.978657 0.205500 -0.000000 5.962541 -0.000000 0.000000 1.000000 0.000000
0.106727 0.994288 0.000000 488.989914 -0.994288 0.106727 -0.000000 3.541167 -0.000000 0.000000 1.000000 0.000000
0.083221 0.996531 0.000000 489.250127 -0.996531 0.083221 -0.000000 1.996777 -0.000000 0.000000 1.000000 0.000000
0.040127 0.999195 0.000000 489.348498 -0.999195 0.040127 -0.000000 -0.746062 -0.000000 0.000000 1.000000 0.000000
0.017510 0.999847 0.000000 489.402274 -0.999847 0.017510 -0.000000 -3.673414 -0.000000 0.000000 1.000000 0.000000
0.009487 0.999955 0.000000 489.411818 -0.999955 0.009487 -0.000000 -5.257739 -0.000000 0.000000 1.000000 0.000000
0.006071 0.999982 0.000000 489.485229 -0.999982 0.006071 -0.000000 -6.800579 -0.000000 0.000000 1.000000 0.000000
0.004952 0.999988 0.000000 489.507256 -0.999988 0.004952 -0.000000 -8.436113 -0.000000 0.000000 1.000000 0.000000
0.006525 0.999979 0.000000 489.506763 -0.999979 0.006525 -0.000000 -10.131515 -0.000000 0.000000 1.000000 0.000000
0.008149 0.999967 0.000000 489.567737 -0.999967 0.008149 -0.000000 -11.864173 -0.000000 0.000000 1.000000 0.000000
0.009931 0.999951 0.000000 489.557932 -0.999951 0.009931 -0.000000 -13.648331 -0.000000 0.000000 1.000000 0.000000
0.012016 0.999928 0.000000 489.525277 -0.999928 0.012016 -0.000000 -15.426753 -0.000000 0.000000 1.000000 0.000000
0.012705 0.999919 0.000000 489.577449 -0.999919 0.012705 -0.000000 -17.284567 -0.000000 0.000000 1.000000 0.000000
0.012952 0.999916 0.000000 489.651872 -0.999916 0.012952 -0.000000 -19.170482 -0.000000 0.000000 1.000000 0.000000
0.012704 0.999919 0.000000 489.624619 -0.999919 0.012704 -0.000000 -21.090604 -0.000000 0.000000 1.000000 0.000000
0.014224 0.999899 0.000000 489.718340 -0.999899 0.014224 -0.000000 -22.994962 -0.000000 0.000000 1.000000 0.000000
0.016489 0.999864 0.000000 489.751971 -0.999864 0.016489 -0.000000 -24.996411 -0.000000 0.000000 1.000000 0.000000
0.020032 0.999799 0.000000 489.757073 -0.999799 0.020032 -0.000000 -27.056132 -0.000000 0.000000 1.000000 0.000000
0.024853 0.999691 0.000000 489.833852 -0.999691 0.024853 -0.000000 -29.138766 -0.000000 0.000000 1.000000 0.000000
0.030857 0.999524 0.000000 489.848854 -0.999524 0.030857 -0.000000 -31.195187 -0.000000 0.000000 1.000000 0.000000
0.031477 0.999504 0.000000 489.885312 -0.999504 0.031477 -0.000000 -33.319249 -0.000000 0.000000 1.000000 0.000000
0.026312 0.999654 0.000000 489.965258 -0.999654 0.026312 -0.000000 -35.386198 -0.000000 0.000000 1.000000 0.000000
0.022437 0.999748 0.000000 489.975787 -0.999748 0.022437 -0.000000 -37.514935 -0.000000 0.000000 1.000000 0.000000
0.019042 0.999819 0.000000 490.031848 -0.999819 0.019042 -0.000000 -39.626845 -0.000000 0.000000 1.000000 0.000000
0.014875 0.999889 0.000000 490.079719 -0.999889 0.014875 -0.000000 -41.725213 -0.000000 0.000000 1.000000 0.000000
0.011840 0.999930 0.000000 490.101235 -0.999930 0.011840 -0.000000 -43.882248 -0.000000 0.000000 1.000000 0.000000
0.010438 0.999946 0.000000 490.187876 -0.999946 0.010438 -0.000000 -45.973054 -0.000000 0.000000 1.000000 0.000000
0.013843 0.999904 0.000000 490.194400 -0.999904 0.013843 -0.000000 -48.157152 -0.000000 0.000000 1.000000 0.000000
0.017492 0.999847 0.000000 490.219333 -0.999847 0.017492 -0.000000 -50.204810 -0.000000 0.000000 1.000000 0.000000
0.020409 0.999792 0.000000 490.288046 -0.999792 0.020409 -0.000000 -52.259915 -0.000000 0.000000 1.000000 0.000000
0.023549 0.999723 0.000000 490.326280 -0.999723 0.023549 -0.000000 -54.278446 -0.000000 0.000000 1.000000 0.000000
0.025128 0.999684 0.000000 490.348752 -0.999684 0.025128 -0.000000 -56.183562 -0.000000 0.000000 1.000000 0.000000
0.024304 0.999705 0.000000 490.441369 -0.999705 0.024304 -0.000000 -58.059124 -0.000000 0.000000 1.000000 0.000000
0.020697 0.999786 0.000000 490.489104 -0.999786 0.020697 -0.000000 -59.809411 -0.000000 0.000000 1.000000 0.000000
0.018846 0.999822 0.000000 490.515795 -0.999822 0.018846 -0.000000 -61.407114 -0.000000 0.000000 1.000000 0.000000
0.017880 0.999840 0.000000 490.564968 -0.999840 0.017880 -0.000000 -63.078187 -0.000000 0.000000 1.000000 0.000000
0.017996 0.999838 0.000000 490.568871 -0.999838 0.017996 -0.000000 -64.645686 -0.000000 0.000000 1.000000 0.000000
0.016948 0.999856 0.000000 490.629990 -0.999856 0.016948 -0.000000 -66.255539 -0.000000 0.000000 1.000000 0.000000
0.017592 0.999845 0.000000 490.613075 -0.999845 0.017592 -0.000000 -67.783665 -0.000000 0.000000 1.000000 0.000000
0.017315 0.999850 0.000000 490.779468 -0.999850 0.017315 -0.000000 -70.877739 -0.000000 0.000000 1.000000 0.000000
0.022836 0.999739 0.000000 490.723315 -0.999739 0.022836 -0.000000 -72.591449 -0.000000 0.000000 1.000000 0.000000
0.026593 0.999646 0.000000 490.838944 -0.999646 0.026593 -0.000000 -75.575574 -0.000000 0.000000 1.000000 0.000000
0.028867 0.999583 0.000000 490.847430 -0.999583 0.028867 -0.000000 -77.181272 -0.000000 0.000000 1.000000 0.000000
0.028663 0.999589 0.000000 490.929348 -0.999589 0.028663 -0.000000 -78.876426 -0.000000 0.000000 1.000000 0.000000
0.029377 0.999568 0.000000 490.991247 -0.999568 0.029377 -0.000000 -80.494977 -0.000000 0.000000 1.000000 0.000000
0.029041 0.999578 0.000000 491.083330 -0.999578 0.029041 -0.000000 -82.175278 -0.000000 0.000000 1.000000 0.000000
0.029527 0.999564 0.000000 491.122839 -0.999564 0.029527 -0.000000 -83.851421 -0.000000 0.000000 1.000000 0.000000
0.027080 0.999633 0.000000 491.193467 -0.999633 0.027080 -0.000000 -85.484117 -0.000000 0.000000 1.000000 0.000000
0.023152 0.999732 0.000000 491.203895 -0.999732 0.023152 -0.000000 -87.129673 -0.000000 0.000000 1.000000 0.000000
0.020900 0.999782 0.000000 491.248666 -0.999782 0.020900 -0.000000 -88.739327 -0.000000 0.000000 1.000000 0.000000
0.018508 0.999829 0.000000 491.260738 -0.999829 0.018508 -0.000000 -90.345263 -0.000000 0.000000 1.000000 0.000000
0.018001 0.999838 0.000000 491.281611 -0.999838 0.018001 -0.000000 -91.971057 -0.000000 0.000000 1.000000 0.000000
0.018877 0.999822 0.000000 491.354800 -0.999822 0.018877 -0.000000 -93.563007 -0.000000 0.000000 1.000000 0.000000
0.018431 0.999830 0.000000 491.342363 -0.999830 0.018431 -0.000000 -95.169294 -0.000000 0.000000 1.000000 0.000000
0.018837 0.999823 0.000000 491.396789 -0.999823 0.018837 -0.000000 -96.692782 -0.000000 0.000000 1.000000 0.000000
0.018570 0.999828 0.000000 491.320758 -0.999828 0.018570 -0.000000 -98.203967 -0.000000 0.000000 1.000000 0.000000
0.015944 0.999873 0.000000 491.482798 -0.999873 0.015944 -0.000000 -99.813410 -0.000000 0.000000 1.000000 0.000000
0.017083 0.999854 0.000000 491.401278 -0.999854 0.017083 -0.000000 -101.536842 -0.000000 0.000000 1.000000 0.000000
0.020807 0.999784 0.000000 491.664133 -0.999784 0.020807 -0.000000 -104.470732 -0.000000 0.000000 1.000000 0.000000
0.021492 0.999769 0.000000 491.655753 -0.999769 0.021492 -0.000000 -106.133431 -0.000000 0.000000 1.000000 0.000000
0.022120 0.999755 0.000000 491.673193 -0.999755 0.022120 -0.000000 -107.674975 -0.000000 0.000000 1.000000 0.000000
0.022375 0.999750 0.000000 491.673148 -0.999750 0.022375 -0.000000 -109.309067 -0.000000 0.000000 1.000000 0.000000
0.022557 0.999746 0.000000 491.762638 -0.999746 0.022557 -0.000000 -110.857791 -0.000000 0.000000 1.000000 0.000000
0.022431 0.999748 0.000000 491.783134 -0.999748 0.022431 -0.000000 -112.471925 -0.000000 0.000000 1.000000 0.000000
0.023609 0.999721 0.000000 491.777667 -0.999721 0.023609 -0.000000 -114.054282 -0.000000 0.000000 1.000000 0.000000
0.022226 0.999753 0.000000 491.740525 -0.999753 0.022226 -0.000000 -115.636860 -0.000000 0.000000 1.000000 0.000000
0.021356 0.999772 0.000000 491.867289 -0.999772 0.021356 -0.000000 -117.295694 -0.000000 0.000000 1.000000 0.000000
0.018528 0.999828 0.000000 491.937303 -0.999828 0.018528 -0.000000 -118.927941 -0.000000 0.000000 1.000000 0.000000
0.015181 0.999885 0.000000 491.855127 -0.999885 0.015181 -0.000000 -120.528054 -0.000000 0.000000 1.000000 0.000000
0.010117 0.999949 0.000000 491.863247 -0.999949 0.010117 -0.000000 -122.170562 -0.000000 0.000000 1.000000 0.000000
0.006620 0.999978 0.000000 491.870950 -0.999978 0.006620 -0.000000 -123.888613 -0.000000 0.000000 1.000000 0.000000
0.002038 0.999998 0.000000 491.838654 -0.999998 0.002038 -0.000000 -125.531648 -0.000000 0.000000 1.000000 0.000000
-0.005519 0.999985 0.000000 491.817551 -0.999985 -0.005519 -0.000000 -127.198755 -0.000000 0.000000 1.000000 0.000000
-0.015043 0.999887 0.000000 491.741107 -0.999887 -0.015043 -0.000000 -128.800303 -0.000000 0.000000 1.000000 0.000000
-0.029087 0.999577 0.000000 491.695276 -0.999577 -0.029087 -0.000000 -130.436008 -0.000000 0.000000 1.000000 0.000000
-0.052524 0.998620 0.000000 491.606962 -0.998620 -0.052524 -0.000000 -132.062055 -0.000000 0.000000 1.000000 0.000000
-0.090990 0.995852 0.000000 491.423575 -0.995852 -0.090990 -0.000000 -133.639388 -0.000000 0.000000 1.000000 0.000000
-0.132219 0.991220 0.000000 491.200234 -0.991220 -0.132219 -0.000000 -135.160386 -0.000000 0.000000 1.000000 0.000000
-0.182302 0.983243 0.000000 490.866893 -0.983243 -0.182302 -0.000000 -136.699832 -0.000000 0.000000 1.000000 0.000000
-0.284498 0.958677 0.000000 490.010878 -0.958677 -0.284498 -0.000000 -139.570126 -0.000000 0.000000 1.000000 0.000000
-0.338913 0.940818 0.000000 489.506068 -0.940818 -0.338913 -0.000000 -141.038722 -0.000000 0.000000 1.000000 0.000000
-0.393979 0.919120 0.000000 488.853995 -0.919120 -0.393979 -0.000000 -142.499706 -0.000000 0.000000 1.000000 0.000000
-0.447470 0.894299 0.000000 488.109691 -0.894299 -0.447470 -0.000000 -143.886051 -0.000000 0.000000 1.000000 0.000000
-0.499098 0.866546 0.000000 487.209082 -0.866546 -0.499098 0.000000 -145.271983 0.000000 0.000000 1.000000 0.000000
-0.551461 0.834201 0.000000 486.426868 -0.834201 -0.551461 0.000000 -146.589189 0.000000 0.000000 1.000000 0.000000
-0.603781 0.797150 0.000000 485.441371 -0.797150 -0.603781 0.000000 -147.734380 0.000000 0.000000 1.000000 0.000000
-0.653064 0.757303 0.000000 484.333479 -0.757303 -0.653064 0.000000 -148.971894 0.000000 0.000000 1.000000 0.000000
-0.700549 0.713604 0.000000 483.184470 -0.713604 -0.700549 0.000000 -150.067132 0.000000 0.000000 1.000000 0.000000
-0.745594 0.666401 0.000000 482.012094 -0.666401 -0.745594 0.000000 -151.080279 0.000000 0.000000 1.000000 0.000000
-0.786947 0.617020 0.000000 480.735219 -0.617020 -0.786947 0.000000 -152.076378 0.000000 0.000000 1.000000 0.000000
-0.823528 0.567275 0.000000 479.345606 -0.567275 -0.823528 0.000000 -152.944303 0.000000 0.000000 1.000000 0.000000
-0.856482 0.516177 0.000000 477.924346 -0.516177 -0.856482 0.000000 -153.814814 0.000000 0.000000 1.000000 0.000000
-0.886021 0.463644 0.000000 476.410694 -0.463644 -0.886021 0.000000 -154.563147 0.000000 0.000000 1.000000 0.000000
-0.909360 0.416010 0.000000 474.866661 -0.416010 -0.909360 0.000000 -155.227467 0.000000 0.000000 1.000000 0.000000
-0.927469 0.373901 0.000000 473.269772 -0.373901 -0.927469 0.000000 -155.823100 0.000000 0.000000 1.000000 0.000000
-0.941799 0.336177 0.000000 471.652485 -0.336177 -0.941799 0.000000 -156.410386 0.000000 0.000000 1.000000 0.000000
-0.950229 0.311551 0.000000 470.049795 -0.311551 -0.950229 0.000000 -156.971248 0.000000 0.000000 1.000000 0.000000
-0.955530 0.294893 0.000000 468.406272 -0.294893 -0.955530 0.000000 -157.427017 0.000000 0.000000 1.000000 0.000000
-0.958359 0.285565 0.000000 466.724676 -0.285565 -0.958359 0.000000 -157.906834 0.000000 0.000000 1.000000 0.000000
-0.959323 0.282312 0.000000 465.059201 -0.282312 -0.959323 0.000000 -158.398784 0.000000 0.000000 1.000000 0.000000
-0.960392 0.278654 0.000000 463.342528 -0.278654 -0.960392 0.000000 -158.890182 0.000000 0.000000 1.000000 0.000000
-0.961318 0.275441 0.000000 461.499706 -0.275441 -0.961318 0.000000 -159.444239 0.000000 0.000000 1.000000 0.000000
-0.961742 0.273957 0.000000 459.709190 -0.273957 -0.961742 0.000000 -159.969739 0.000000 0.000000 1.000000 0.000000
