1.000000 0.000000 0.000000 0.000000 0.000000 1.000000 0.000000 0.000000 0.000000 0.000000 1.000000 0.000000
0.998144 -0.060891 0.000000 1.625598 0.060891 0.998144 0.000000 0.123041 0.000000 0.000000 1.000000 0.000000
0.994694 -0.102879 0.000000 3.258962 0.102879 0.994694 0.000000 0.268348 0.000000 0.000000 1.000000 0.000000
0.992683 -0.120750 0.000000 4.760476 0.120750 0.992683 0.000000 0.485399 0.000000 0.000000 1.000000 0.000000
0.992250 -0.124261 0.000000 6.532414 0.124261 0.992250 0.000000 0.702913 0.000000 0.000000 1.000000 0.000000
0.992310 -0.123780 0.000000 8.597988 0.123780 0.992310 0.000000 0.977881 0.000000 0.000000 1.000000 0.000000
0.992605 -0.121387 0.000000 10.879018 0.121387 0.992605 0.000000 1.241734 0.000000 0.000000 1.000000 0.000000
0.993574 -0.113189 0.000000 13.327410 0.113189 0.993574 0.000000 1.536373 0.000000 0.000000 1.000000 0.000000
0.994361 -0.106050 0.000000 15.827852 0.106050 0.994361 0.000000 1.731776 0.000000 0.000000 1.000000 0.000000
0.995314 -0.096700 0.000000 18.442609 0.096700 0.995314 0.000000 1.991546 0.000000 0.000000 1.000000 0.000000
0.996513 -0.083438 0.000000 21.134254 0.083438 0.996513 0.000000 2.236099 0.000000 0.000000 1.000000 0.000000
0.997669 -0.068236 0.000000 23.869582 0.068236 0.997669 0.000000 2.392605 0.000000 0.000000 1.000000 0.000000
0.997999 -0.063225 0.000000 26.585270 0.063225 0.997999 0.000000 2.507313 0.000000 0.000000 1.000000 0.000000
0.998264 -0.058904 0.000000 29.451043 0.058904 0.998264 0.000000 2.694603 0.000000 0.000000 1.000000 0.000000
0.998274 -0.058721 0.000000 30.956670 0.058721 0.998274 0.000000 2.745045 0.000000 0.000000 1.000000 0.000000
0.998355 -0.057342 0.000000 32.513404 0.057342 0.998355 0.000000 2.863819 0.000000 0.000000 1.000000 0.000000
0.998385 -0.056807 0.000000 34.156862 0.056807 0.998385 0.000000 2.944489 0.000000 0.000000 1.000000 0.000000
0.998461 -0.055460 0.000000 35.848442 0.055460 0.998461 0.000000 3.018648 0.000000 0.000000 1.000000 0.000000
0.998551 -0.053810 0.000000 37.501705 0.053810 0.998551 0.000000 3.130204 0.000000 0.000000 1.000000 0.000000
0.998604 -0.052825 0.000000 39.318614 0.052825 0.998604 0.000000 3.213053 0.000000 0.000000 1.000000 0.000000
0.998977 -0.045223 0.000000 41.199939 0.045223 0.998977 0.000000 3.289471 0.000000 0.000000 1.000000 0.000000
0.999117 -0.042004 0.000000 43.041605 0.042004 0.999117 0.000000 3.299125 0.000000 0.000000 1.000000 0.000000
0.999297 -0.037490 0.000000 44.917401 0.037490 0.999297 0.000000 3.404532 0.000000 0.000000 1.000000 0.000000
0.999427 -0.033841 0.000000 46.875183 0.033841 0.999427 0.000000 3.466629 0.000000 0.000000 1.000000 0.000000
0.999619 -0.027611 0.000000 48.795919 0.027611 0.999619 0.000000 3.519544 0.000000 0.000000 1.000000 0.000000
0.999761 -0.021854 0.000000 50.795167 0.021854 0.999761 0.000000 3.525444 0.000000 0.000000 1.000000 0.000000
0.999870 -0.016103 0.000000 52.784534 0.016103 0.999870 0.000000 3.503919 0.000000 0.000000 1.000000 0.000000
0.999972 -0.007483 0.000000 54.841847 0.007483 0.999972 0.000000 3.550127 0.000000 0.000000 1.000000 0.000000
0.999993 0.003747 0.000000 56.853752 -0.003747 0.999993 -0.000000 3.565795 -0.000000 0.000000 1.000000 0.000000
0.999891 0.014738 0.000000 58.835834 -0.014738 0.999891 -0.000000 3.503248 -0.000000 0.000000 1.000000 0.000000
0.999769 0.021478 0.000000 60.868580 -0.021478 0.999769 -0.000000 3.426215 -0.000000 0.000000 1.000000 0.000000
0.999786 0.020676 0.000000 62.855450 -0.020676 0.999786 -0.000000 3.359968 -0.000000 0.000000 1.000000 0.000000
0.999928 0.011973 0.000000 64.844876 -0.011973 0.999928 -0.000000 3.281106 -0.000000 0.000000 1.000000 0.000000
0.999997 -0.002318 0.000000 66.823160 0.002318 0.999997 0.000000 3.342241 0.000000 0.000000 1.000000 0.000000
0.999898 -0.014279 0.000000 68.835032 0.014279 0.999898 0.000000 3.365509 0.000000 0.000000 1.000000 0.000000
0.999692 -0.024820 0.000000 70.927540 0.024820 0.999692 0.000000 3.439573 0.000000 0.000000 1.000000 0.000000
0.999396 -0.034749 0.000000 72.995487 0.034749 0.999396 0.000000 3.504000 0.000000 0.000000 1.000000 0.000000
0.999024 -0.044166 0.000000 75.075367 0.044166 0.999024 0.000000 3.586377 0.000000 0.000000 1.000000 0.000000
0.998435 -0.055918 0.000000 77.202661 0.055918 0.998435 0.000000 3.683171 0.000000 0.000000 1.000000 0.000000
0.997834 -0.065783 0.000000 79.322196 0.065783 0.997834 0.000000 3.765089 0.000000 0.000000 1.000000 0.000000
0.997610 -0.069097 0.000000 81.424868 0.069097 0.997610 0.000000 3.933603 0.000000 0.000000 1.000000 0.000000
0.997544 -0.070046 0.000000 83.605382 0.070046 0.997544 0.000000 4.109604 0.000000 0.000000 1.000000 0.000000
0.997650 -0.068511 0.000000 85.838777 0.068511 0.997650 0.000000 4.232724 0.000000 0.000000 1.000000 0.000000
0.997621 -0.068940 0.000000 88.037657 0.068940 0.997621 0.000000 4.340395 0.000000 0.000000 1.000000 0.000000
0.997656 -0.068435 0.000000 90.214505 0.068435 0.997656 0.000000 4.470635 0.000000 0.000000 1.000000 0.000000
0.997695 -0.067858 0.000000 92.447983 0.067858 0.997695 0.000000 4.620897 0.000000 0.000000 1.000000 0.000000
0.997811 -0.066131 0.000000 94.740545 0.066131 0.997811 0.000000 4.755138 0.000000 0.000000 1.000000 0.000000
0.998030 -0.062741 0.000000 96.995314 0.062741 0.998030 0.000000 4.910023 0.000000 0.000000 1.000000 0.000000
0.998335 -0.057675 0.000000 99.223031 0.057675 0.998335 0.000000 4.985940 0.000000 0.000000 1.000000 0.000000
0.998532 -0.054162 0.000000 101.523672 0.054162 0.998532 0.000000 5.155080 0.000000 0.000000 1.000000 0.000000
0.998730 -0.050374 0.000000 103.873506 0.050374 0.998730 0.000000 5.239711 0.000000 0.000000 1.000000 0.000000
0.998906 -0.046758 0.000000 106.171044 0.046758 0.998906 0.000000 5.348298 0.000000 0.000000 1.000000 0.000000
0.999107 -0.042261 0.000000 108.572613 0.042261 0.999107 0.000000 5.449117 0.000000 0.000000 1.000000 0.000000
0.999229 -0.039270 0.000000 111.020558 0.039270 0.999229 0.000000 5.520653 0.000000 0.000000 1.000000 0.000000
0.999188 -0.040283 0.000000 113.452545 0.040283 0.999188 0.000000 5.609884 0.000000 0.000000 1.000000 0.000000
0.999219 -0.039525 0.000000 115.844226 0.039525 0.999219 0.000000 5.682816 0.000000 0.000000 1.000000 0.000000
0.999204 -0.039903 0.000000 118.246884 0.039903 0.999204 0.000000 5.765147 0.000000 0.000000 1.000000 0.000000
0.999127 -0.041775 0.000000 120.725286 0.041775 0.999127 0.000000 5.887546 0.000000 0.000000 1.000000 0.000000
0.999105 -0.042301 0.000000 123.177551 0.042301 0.999105 0.000000 5.948985 0.000000 0.000000 1.000000 0.000000
0.999109 -0.042206 0.000000 125.537279 0.042206 0.999109 0.000000 6.075761 0.000000 0.000000 1.000000 0.000000
0.999078 -0.042938 0.000000 128.110538 0.042938 0.999078 0.000000 6.145899 0.000000 0.000000 1.000000 0.000000
0.999124 -0.041838 0.000000 130.567067 0.041838 0.999124 0.000000 6.286522 0.000000 0.000000 1.000000 0.000000
0.999127 -0.041777 0.000000 133.073681 0.041777 0.999127 0.000000 6.418183 0.000000 0.000000 1.000000 0.000000
0.999064 -0.043246 0.000000 135.619819 0.043246 0.999064 0.000000 6.502662 0.000000 0.000000 1.000000 0.000000
0.999097 -0.042482 0.000000 138.141203 0.042482 0.999097 0.000000 6.631467 0.000000 0.000000 1.000000 0.000000
0.999067 -0.043185 0.000000 140.713406 0.043185 0.999067 0.000000 6.677864 0.000000 0.000000 1.000000 0.000000
0.999067 -0.043181 0.000000 143.187384 0.043181 0.999067 0.000000 6.782247 0.000000 0.000000 1.000000 0.000000
0.998975 -0.045269 0.000000 145.760575 0.045269 0.998975 0.000000 6.877738 0.000000 0.000000 1.000000 0.000000
0.998919 -0.046493 0.000000 148.340510 0.046493 0.998919 0.000000 7.020888 0.000000 0.000000 1.000000 0.000000
0.998912 -0.046644 0.000000 150.828611 0.046644 0.998912 0.000000 7.083119 0.000000 0.000000 1.000000 0.000000
0.998838 -0.048204 0.000000 153.305672 0.048204 0.998838 0.000000 7.219028 0.000000 0.000000 1.000000 0.000000
0.998806 -0.048846 0.000000 155.777337 0.048846 0.998806 0.000000 7.317033 0.000000 0.000000 1.000000 0.000000
0.998764 -0.049702 0.000000 158.190333 0.049702 0.998764 0.000000 7.435737 0.000000 0.000000 1.000000 0.000000
0.998711 -0.050763 0.000000 160.632440 0.050763 0.998711 0.000000 7.564648 0.000000 0.000000 1.000000 0.000000
0.998735 -0.050278 0.000000 163.020096 0.050278 0.998735 0.000000 7.673848 0.000000 0.000000 1.000000 0.000000
0.998679 -0.051378 0.000000 165.302248 0.051378 0.998679 0.000000 7.761706 0.000000 0.000000 1.000000 0.000000
0.998642 -0.052102 0.000000 167.599250 0.052102 0.998642 0.000000 7.886622 0.000000 0.000000 1.000000 0.000000
0.998588 -0.053118 0.000000 169.912207 0.053118 0.998588 0.000000 7.991673 0.000000 0.000000 1.000000 0.000000
0.998540 -0.054021 0.000000 172.197285 0.054021 0.998540 0.000000 8.122204 0.000000 0.000000 1.000000 0.000000
0.998449 -0.055681 0.000000 174.422974 0.055681 0.998449 0.000000 8.298278 0.000000 0.000000 1.000000 0.000000
0.998248 -0.059176 0.000000 176.590381 0.059176 0.998248 0.000000 8.409487 0.000000 0.000000 1.000000 0.000000
0.998193 -0.060084 0.000000 178.791363 0.060084 0.998193 0.000000 8.531271 0.000000 0.000000 1.000000 0.000000
0.998056 -0.062329 0.000000 180.917556 0.062329 0.998056 0.000000 8.642455 0.000000 0.000000 1.000000 0.000000
0.997920 -0.064467 0.000000 183.062229 0.064467 0.997920 0.000000 8.816298 0.000000 0.000000 1.000000 0.000000
0.997726 -0.067408 0.000000 185.208467 0.067408 0.997726 0.000000 8.996023 0.000000 0.000000 1.000000 0.000000
0.997612 -0.069070 0.000000 187.315642 0.069070 0.997612 0.000000 9.139640 0.000000 0.000000 1.000000 0.000000
0.997459 -0.071237 0.000000 189.289637 0.071237 0.997459 0.000000 9.250719 0.000000 0.000000 1.000000 0.000000
0.997181 -0.075032 0.000000 191.309015 0.075032 0.997181 0.000000 9.397172 0.000000 0.000000 1.000000 0.000000
0.996779 -0.080193 0.000000 193.296690 0.080193 0.996779 0.000000 9.508644 0.000000 0.000000 1.000000 0.000000
0.996178 -0.087349 0.000000 195.199129 0.087349 0.996178 0.000000 9.693382 0.000000 0.000000 1.000000 0.000000
0.995294 -0.096903 0.000000 197.050696 0.096903 0.995294 0.000000 9.851742 0.000000 0.000000 1.000000 0.000000
0.994281 -0.106796 0.000000 198.905234 0.106796 0.994281 0.000000 10.033031 0.000000 0.000000 1.000000 0.000000
0.993052 -0.117676 0.000000 200.687887 0.117676 0.993052 0.000000 10.223995 0.000000 0.000000 1.000000 0.000000
0.992113 -0.125350 0.000000 202.480049 0.125350 0.992113 0.000000 10.436528 0.000000 0.000000 1.000000 0.000000
0.991263 -0.131904 0.000000 204.216359 0.131904 0.991263 0.000000 10.711525 0.000000 0.000000 1.000000 0.000000
0.990838 -0.135056 0.000000 205.908998 0.135056 0.990838 0.000000 10.884046 0.000000 0.000000 1.000000 0.000000
0.990482 -0.137644 0.000000 207.569874 0.137644 0.990482 0.000000 11.151186 0.000000 0.000000 1.000000 0.000000
0.989949 -0.141423 0.000000 209.273270 0.141423 0.989949 0.000000 11.430546 0.000000 0.000000 1.000000 0.000000
0.989885 -0.141870 0.000000 210.905908 0.141870 0.989885 0.000000 11.656879 0.000000 0.000000 1.000000 0.000000
0.989507 -0.144485 0.000000 212.522847 0.144485 0.989507 0.000000 11.874835 0.000000 0.000000 1.000000 0.000000
0.989078 -0.147392 0.000000 214.168670 0.147392 0.989078 0.000000 12.177545 0.000000 0.000000 1.000000 0.000000
0.988544 -0.150936 0.000000 215.800352 0.150936 0.988544 0.000000 12.431201 0.000000 0.000000 1.000000 0.000000
0.988141 -0.153547 0.000000 217.472634 0.153547 0.988141 0.000000 12.690366 0.000000 0.000000 1.000000 0.000000
0.987640 -0.156739 0.000000 219.033288 0.156739 0.987640 0.000000 12.893598 0.000000 0.000000 1.000000 0.000000
0.986723 -0.162412 0.000000 220.605785 0.162412 0.986723 0.000000 13.133781 0.000000 0.000000 1.000000 0.000000
0.986046 -0.166474 0.000000 222.130062 0.166474 0.986046 0.000000 13.405928 0.000000 0.000000 1.000000 0.000000
0.986063 -0.166374 0.000000 223.594295 0.166374 0.986063 0.000000 13.741433 0.000000 0.000000 1.000000 0.000000
0.986505 -0.163729 0.000000 226.466774 0.163729 0.986505 0.000000 14.147703 0.000000 0.000000 1.000000 0.000000
0.986860 -0.161577 0.000000 229.132169 0.161577 0.986860 0.000000 14.656119 0.000000 0.000000 1.000000 0.000000
0.986607 -0.163117 0.000000 231.757478 0.163117 0.986607 0.000000 15.058823 0.000000 0.000000 1.000000 0.000000
0.986524 -0.163614 0.000000 234.221688 0.163614 0.986524 0.000000 15.446248 0.000000 0.000000 1.000000 0.000000
0.985812 -0.167852 0.000000 236.666860 0.167852 0.985812 0.000000 15.809786 0.000000 0.000000 1.000000 0.000000
0.984701 -0.174254 0.000000 238.990165 0.174254 0.984701 0.000000 16.335643 0.000000 0.000000 1.000000 0.000000
0.985694 -0.168546 0.000000 241.236648 0.168546 0.985694 0.000000 16.609554 0.000000 0.000000 1.000000 0.000000
0.986985 -0.160811 0.000000 243.569887 0.160811 0.986985 0.000000 17.042935 0.000000 0.000000 1.000000 0.000000
0.988244 -0.152884 0.000000 246.194009 0.152884 0.988244 0.000000 17.439753 0.000000 0.000000 1.000000 0.000000
0.988901 -0.148577 0.000000 248.919170 0.148577 0.988901 0.000000 17.822778 0.000000 0.000000 1.000000 0.000000
0.988218 -0.153052 0.000000 251.887721 0.153052 0.988218 0.000000 18.253450 0.000000 0.000000 1.000000 0.000000
0.987655 -0.156647 0.000000 253.430284 0.156647 0.987655 0.000000 18.494522 0.000000 0.000000 1.000000 0.000000
0.986712 -0.162478 0.000000 254.990311 0.162478 0.986712 0.000000 18.701823 0.000000 0.000000 1.000000 0.000000
0.986409 -0.164310 0.000000 256.593782 0.164310 0.986409 0.000000 19.015330 0.000000 0.000000 1.000000 0.000000
0.986168 -0.165749 0.000000 258.302539 0.165749 0.986168 0.000000 19.277245 0.000000 0.000000 1.000000 0.000000
0.986195 -0.165587 0.000000 259.968746 0.165587 0.986195 0.000000 19.532270 0.000000 0.000000 1.000000 0.000000
0.986301 -0.164956 0.000000 261.711735 0.164956 0.986301 0.000000 19.843495 0.000000 0.000000 1.000000 0.000000
0.986536 -0.163541 0.000000 263.470372 0.163541 0.986536 0.000000 20.087437 0.000000 0.000000 1.000000 0.000000
0.986942 -0.161077 0.000000 265.193941 0.161077 0.986942 0.000000 20.431434 0.000000 0.000000 1.000000 0.000000
0.987230 -0.159302 0.000000 266.986239 0.159302 0.987230 0.000000 20.646323 0.000000 0.000000 1.000000 0.000000
0.987859 -0.155355 0.000000 268.803648 0.155355 0.987859 0.000000 20.946656 0.000000 0.000000 1.000000 0.000000
0.988227 -0.152997 0.000000 270.695626 0.152997 0.988227 0.000000 21.217698 0.000000 0.000000 1.000000 0.000000
0.988450 -0.151550 0.000000 272.546120 0.151550 0.988450 0.000000 21.547680 0.000000 0.000000 1.000000 0.000000
0.988792 -0.149297 0.000000 274.399115 0.149297 0.988792 0.000000 21.781427 0.000000 0.000000 1.000000 0.000000
0.989853 -0.142098 0.000000 276.303197 0.142098 0.989853 0.000000 22.074940 0.000000 0.000000 1.000000 0.000000
0.990804 -0.135304 0.000000 278.169275 0.135304 0.990804 0.000000 22.294631 0.000000 0.000000 1.000000 0.000000
0.991401 -0.130862 0.000000 280.183524 0.130862 0.991401 0.000000 22.575220 0.000000 0.000000 1.000000 0.000000
0.992149 -0.125062 0.000000 282.080787 0.125062 0.992149 0.000000 22.796101 0.000000 0.000000 1.000000 0.000000
0.992721 -0.120434 0.000000 283.974897 0.120434 0.992721 0.000000 23.012497 0.000000 0.000000 1.000000 0.000000
0.993556 -0.113345 0.000000 285.976695 0.113345 0.993556 0.000000 23.245687 0.000000 0.000000 1.000000 0.000000
0.994008 -0.109307 0.000000 287.883649 0.109307 0.994008 0.000000 23.450458 0.000000 0.000000 1.000000 0.000000
0.994622 -0.103569 0.000000 289.857772 0.103569 0.994622 0.000000 23.631635 0.000000 0.000000 1.000000 0.000000
0.995010 -0.099779 0.000000 291.875247 0.099779 0.995010 0.000000 23.807108 0.000000 0.000000 1.000000 0.000000
0.995088 -0.098995 0.000000 293.840111 0.098995 0.995088 0.000000 24.016362 0.000000 0.000000 1.000000 0.000000
0.995193 -0.097934 0.000000 295.845571 0.097934 0.995193 0.000000 24.191407 0.000000 0.000000 1.000000 0.000000
0.995448 -0.095309 0.000000 297.851198 0.095309 0.995448 0.000000 24.330359 0.000000 0.000000 1.000000 0.000000
0.995526 -0.094485 0.000000 299.824559 0.094485 0.995526 0.000000 24.508918 0.000000 0.000000 1.000000 0.000000
0.995679 -0.092865 0.000000 301.754249 0.092865 0.995679 0.000000 24.695788 0.000000 0.000000 1.000000 0.000000
0.995786 -0.091709 0.000000 303.713328 0.091709 0.995786 0.000000 24.855358 0.000000 0.000000 1.000000 0.000000
0.995905 -0.090407 0.000000 305.642260 0.090407 0.995905 0.000000 25.018814 0.000000 0.000000 1.000000 0.000000
0.996163 -0.087514 0.000000 307.536053 0.087514 0.996163 0.000000 25.190099 0.000000 0.000000 1.000000 0.000000
0.996209 -0.086987 0.000000 309.311266 0.086987 0.996209 0.000000 25.311324 0.000000 0.000000 1.000000 0.000000
0.996414 -0.084607 0.000000 311.139070 0.084607 0.996414 0.000000 25.481125 0.000000 0.000000 1.000000 0.000000
0.996540 -0.083117 0.000000 312.895998 0.083117 0.996540 0.000000 25.597552 0.000000 0.000000 1.000000 0.000000
0.996698 -0.081200 0.000000 314.639466 0.081200 0.996698 0.000000 25.769145 0.000000 0.000000 1.000000 0.000000
0.996682 -0.081398 0.000000 316.359262 0.081398 0.996682 0.000000 25.887446 0.000000 0.000000 1.000000 0.000000
0.996624 -0.082097 0.000000 318.144241 0.082097 0.996624 0.000000 26.028198 0.000000 0.000000 1.000000 0.000000
0.996728 -0.080829 0.000000 319.926066 0.080829 0.996728 0.000000 26.152227 0.000000 0.000000 1.000000 0.000000
0.996885 -0.078873 0.000000 321.744024 0.078873 0.996885 0.000000 26.287729 0.000000 0.000000 1.000000 0.000000
0.997141 -0.075563 0.000000 323.547504 0.075563 0.997141 0.000000 26.419048 0.000000 0.000000 1.000000 0.000000
0.997466 -0.071148 0.000000 325.359815 0.071148 0.997466 0.000000 26.545975 0.000000 0.000000 1.000000 0.000000
0.997820 -0.065994 0.000000 327.245751 0.065994 0.997820 0.000000 26.679884 0.000000 0.000000 1.000000 0.000000
0.998290 -0.058448 0.000000 329.106074 0.058448 0.998290 0.000000 26.790477 0.000000 0.000000 1.000000 0.000000
0.998657 -0.051809 0.000000 331.004596 0.051809 0.998657 0.000000 26.779881 0.000000 0.000000 1.000000 0.000000
0.998889 -0.047116 0.000000 332.947239 0.047116 0.998889 0.000000 26.903723 0.000000 0.000000 1.000000 0.000000
0.999134 -0.041598 0.000000 334.877580 0.041598 0.999134 0.000000 26.983011 0.000000 0.000000 1.000000 0.000000
0.999413 -0.034254 0.000000 336.831008 0.034254 0.999413 0.000000 27.023577 0.000000 0.000000 1.000000 0.000000
0.999563 -0.029568 0.000000 338.864421 0.029568 0.999563 0.000000 27.082868 0.000000 0.000000 1.000000 0.000000
0.999663 -0.025975 0.000000 340.909334 0.025975 0.999663 0.000000 27.132077 0.000000 0.000000 1.000000 0.000000
0.999747 -0.022479 0.000000 342.967253 0.022479 0.999747 0.000000 27.179644 0.000000 0.000000 1.000000 0.000000
0.999806 -0.019674 0.000000 345.053282 0.019674 0.999806 0.000000 27.226854 0.000000 0.000000 1.000000 0.000000
0.999879 -0.015535 0.000000 347.143392 0.015535 0.999879 0.000000 27.216921 0.000000 0.000000 1.000000 0.000000
0.999918 -0.012844 0.000000 349.206807 0.012844 0.999918 0.000000 27.225080 0.000000 0.000000 1.000000 0.000000
0.999948 -0.010243 0.000000 351.364369 0.010243 0.999948 0.000000 27.218982 0.000000 0.000000 1.000000 0.000000
0.999960 -0.008994 0.000000 353.463107 0.008994 0.999960 0.000000 27.225041 0.000000 0.000000 1.000000 0.000000
0.999969 -0.007854 0.000000 355.575456 0.007854 0.999969 0.000000 27.238290 0.000000 0.000000 1.000000 0.000000
0.999970 -0.007714 0.000000 357.765339 0.007714 0.999970 0.000000 27.288141 0.000000 0.000000 1.000000 0.000000
0.999962 -0.008689 0.000000 359.902523 0.008689 0.999962 0.000000 27.263960 0.000000 0.000000 1.000000 0.000000
0.999966 -0.008226 0.000000 362.109739 0.008226 0.999966 0.000000 27.265397 0.000000 0.000000 1.000000 0.000000
0.999974 -0.007150 0.000000 364.249332 0.007150 0.999974 0.000000 27.262430 0.000000 0.000000 1.000000 0.000000
0.999971 -0.007606 0.000000 366.456679 0.007606 0.999971 0.000000 27.302900 0.000000 0.000000 1.000000 0.000000
0.999962 -0.008667 0.000000 368.594047 0.008667 0.999962 0.000000 27.282017 0.000000 0.000000 1.000000 0.000000
0.999948 -0.010153 0.000000 370.772406 0.010153 0.999948 0.000000 27.335528 0.000000 0.000000 1.000000 0.000000
0.999924 -0.012348 0.000000 372.968606 0.012348 0.999924 0.000000 27.378930 0.000000 0.000000 1.000000 0.000000
0.999884 -0.015200 0.000000 375.097909 0.015200 0.999884 0.000000 27.397784 0.000000 0.000000 1.000000 0.000000
0.999835 -0.018192 0.000000 377.292030 0.018192 0.999835 0.000000 27.423776 0.000000 0.000000 1.000000 0.000000
0.999785 -0.020733 0.000000 379.490507 0.020733 0.999785 0.000000 27.434628 0.000000 0.000000 1.000000 0.000000
0.999715 -0.023877 0.000000 381.706037 0.023877 0.999715 0.000000 27.494064 0.000000 0.000000 1.000000 0.000000
0.999626 -0.027330 0.000000 383.891555 0.027330 0.999626 0.000000 27.541908 0.000000 0.000000 1.000000 0.000000
0.999515 -0.031129 0.000000 386.086450 0.031129 0.999515 0.000000 27.619347 0.000000 0.000000 1.000000 0.000000
0.999377 -0.035289 0.000000 388.214095 0.035289 0.999377 0.000000 27.722015 0.000000 0.000000 1.000000 0.000000
0.999247 -0.038796 0.000000 390.385445 0.038796 0.999247 0.000000 27.760108 0.000000 0.000000 1.000000 0.000000
0.999114 -0.042092 0.000000 392.500366 0.042092 0.999114 0.000000 27.875897 0.000000 0.000000 1.000000 0.000000
0.998893 -0.047046 0.000000 394.632256 0.047046 0.998893 0.000000 27.946661 0.000000 0.000000 1.000000 0.000000
0.998718 -0.050612 0.000000 396.753162 0.050612 0.998718 0.000000 28.025775 0.000000 0.000000 1.000000 0.000000
0.998486 -0.055004 0.000000 398.802678 0.055004 0.998486 0.000000 28.141659 0.000000 0.000000 1.000000 0.000000
0.998232 -0.059433 0.000000 400.879656 0.059433 0.998232 0.000000 28.246138 0.000000 0.000000 1.000000 0.000000
0.998040 -0.062578 0.000000 402.911205 0.062578 0.998040 0.000000 28.378795 0.000000 0.000000 1.000000 0.000000
0.997716 -0.067556 0.000000 404.864658 0.067556 0.997716 0.000000 28.491466 0.000000 0.000000 1.000000 0.000000
0.997645 -0.068589 0.000000 406.883777 0.068589 0.997645 0.000000 28.621761 0.000000 0.000000 1.000000 0.000000
0.997638 -0.068687 0.000000 408.846486 0.068687 0.997638 0.000000 28.759678 0.000000 0.000000 1.000000 0.000000
0.997626 -0.068871 0.000000 410.811676 0.068871 0.997626 0.000000 28.872074 0.000000 0.000000 1.000000 0.000000
0.997595 -0.069315 0.000000 412.742801 0.069315 0.997595 0.000000 29.026641 0.000000 0.000000 1.000000 0.000000
0.997588 -0.069418 0.000000 414.680954 0.069418 0.997588 0.000000 29.117184 0.000000 0.000000 1.000000 0.000000
0.997563 -0.069773 0.000000 416.580852 0.069773 0.997563 0.000000 29.247389 0.000000 0.000000 1.000000 0.000000
0.997422 -0.071763 0.000000 418.425771 0.071763 0.997422 0.000000 29.353124 0.000000 0.000000 1.000000 0.000000
0.997367 -0.072516 0.000000 420.268078 0.072516 0.997367 0.000000 29.449036 0.000000 0.000000 1.000000 0.000000
0.997330 -0.073020 0.000000 422.122037 0.073020 0.997330 0.000000 29.595101 0.000000 0.000000 1.000000 0.000000
0.997251 -0.074096 0.000000 423.891140 0.074096 0.997251 0.000000 29.705941 0.000000 0.000000 1.000000 0.000000
0.997224 -0.074460 0.000000 425.722895 0.074460 0.997224 0.000000 29.839904 0.000000 0.000000 1.000000 0.000000
0.997330 -0.073025 0.000000 427.428547 0.073025 0.997330 0.000000 29.925881 0.000000 0.000000 1.000000 0.000000
0.997503 -0.070623 0.000000 429.146458 0.070623 0.997503 0.000000 30.043130 0.000000 0.000000 1.000000 0.000000
0.997940 -0.064159 0.000000 430.774068 0.064159 0.997940 0.000000 30.167810 0.000000 0.000000 1.000000 0.000000
0.998802 -0.048943 0.000000 432.372073 0.048943 0.998802 0.000000 30.209459 0.000000 0.000000 1.000000 0.000000
0.999618 -0.027626 0.000000 433.905063 0.027626 0.999618 0.000000 30.274226 0.000000 0.000000 1.000000 0.000000
0.999569 0.029364 0.000000 436.744721 -0.029364 0.999569 -0.000000 30.173525 -0.000000 0.000000 1.000000 0.000000
0.993515 0.113704 0.000000 439.249098 -0.113704 0.993515 -0.000000 29.861471 -0.000000 0.000000 1.000000 0.000000
0.974174 0.225799 0.000000 441.423521 -0.225799 0.974174 -0.000000 29.360608 -0.000000 0.000000 1.000000 0.000000
0.944061 0.329772 0.000000 443.269054 -0.329772 0.944061 -0.000000 28.664736 -0.000000 0.000000 1.000000 0.000000
0.899704 0.436500 0.000000 444.763058 -0.436500 0.899704 -0.000000 27.970651 -0.000000 0.000000 1.000000 0.000000
0.835927 0.548841 0.000000 445.914092 -0.548841 0.835927 -0.000000 27.083507 -0.000000 0.000000 1.000000 0.000000
0.758633 0.651518 0.000000 446.780631 -0.651518 0.758633 -0.000000 26.225766 -0.000000 0.000000 1.000000 0.000000
0.688045 0.725668 0.000000 447.319521 -0.725668 0.688045 -0.000000 25.531385 -0.000000 0.000000 1.000000 0.000000
0.621983 0.783031 0.000000 447.636397 -0.783031 0.621983 -0.000000 25.036042 -0.000000 0.000000 1.000000 0.000000
0.550283 0.834978 0.000000 447.890359 -0.834978 0.550283 -0.000000 24.558948 -0.000000 0.000000 1.000000 0.000000
0.468991 0.883203 0.000000 448.074863 -0.883203 0.468991 -0.000000 24.001834 -0.000000 0.000000 1.000000 0.000000
0.351033 0.936363 0.000000 448.277276 -0.936363 0.351033 -0.000000 23.406859 -0.000000 0.000000 1.000000 0.000000
0.220885 0.975300 0.000000 448.344398 -0.975300 0.220885 -0.000000 22.543372 -0.000000 0.000000 1.000000 0.000000
0.048130 0.998841 0.000000 448.334859 -0.998841 0.048130 -0.000000 21.364248 -0.000000 0.000000 1.000000 0.000000
-0.053115 0.998588 0.000000 448.187769 -0.998588 -0.053115 -0.000000 20.754842 -0.000000 0.000000 1.000000 0.000000
-0.160651 0.987011 0.000000 448.017245 -0.987011 -0.160651 -0.000000 20.016135 -0.000000 0.000000 1.000000 0.000000
-0.272282 0.962218 0.000000 447.738680 -0.962218 -0.272282 -0.000000 19.215986 -0.000000 0.000000 1.000000 0.000000
-0.380406 0.924820 0.000000 447.348348 -0.924820 -0.380406 -0.000000 18.384689 -0.000000 0.000000 1.000000 0.000000
-0.482794 0.875734 0.000000 446.787812 -0.875734 -0.482794 -0.000000 17.530860 -0.000000 0.000000 1.000000 0.000000
-0.580373 0.814351 0.000000 446.147548 -0.814351 -0.580373 0.000000 16.761744 0.000000 0.000000 1.000000 0.000000
-0.666239 0.745738 0.000000 445.399230 -0.745738 -0.666239 0.000000 15.889379 0.000000 0.000000 1.000000 0.000000
-0.735037 0.678027 0.000000 444.453603 -0.678027 -0.735037 0.000000 15.017760 0.000000 0.000000 1.000000 0.000000
-0.815523 0.578724 0.000000 442.257274 -0.578724 -0.815523 0.000000 13.499585 0.000000 0.000000 1.000000 0.000000
-0.842409 0.538838 0.000000 439.729041 -0.538838 -0.842409 0.000000 11.981987 0.000000 0.000000 1.000000 0.000000
-0.847225 0.531234 0.000000 438.294732 -0.531234 -0.847225 0.000000 11.194818 0.000000 0.000000 1.000000 0.000000
-0.851071 0.525050 0.000000 436.834554 -0.525050 -0.851071 0.000000 10.331293 0.000000 0.000000 1.000000 0.000000
-0.855832 0.517253 0.000000 435.283057 -0.517253 -0.855832 0.000000 9.463027 0.000000 0.000000 1.000000 0.000000
-0.862845 0.505469 0.000000 433.640533 -0.505469 -0.862845 0.000000 8.532332 0.000000 0.000000 1.000000 0.000000
-0.869423 0.494069 0.000000 431.986522 -0.494069 -0.869423 0.000000 7.579958 0.000000 0.000000 1.000000 0.000000
-0.875464 0.483283 0.000000 430.326295 -0.483283 -0.875464 0.000000 6.668095 0.000000 0.000000 1.000000 0.000000
-0.881116 0.472899 0.000000 428.634163 -0.472899 -0.881116 0.000000 5.773637 0.000000 0.000000 1.000000 0.000000
-0.885040 0.465514 0.000000 426.840719 -0.465514 -0.885040 0.000000 4.865400 0.000000 0.000000 1.000000 0.000000
-0.888634 0.458618 0.000000 425.050951 -0.458618 -0.888634 0.000000 3.982836 0.000000 0.000000 1.000000 0.000000
-0.890385 0.455209 0.000000 423.359469 -0.455209 -0.890385 0.000000 3.101709 0.000000 0.000000 1.000000 0.000000
-0.892247 0.451547 0.000000 421.629066 -0.451547 -0.892247 0.000000 2.234752 0.000000 0.000000 1.000000 0.000000
-0.892552 0.450945 0.000000 419.927919 -0.450945 -0.892552 0.000000 1.395180 0.000000 0.000000 1.000000 0.000000
-0.892756 0.450540 0.000000 418.242741 -0.450540 -0.892756 0.000000 0.561958 0.000000 0.000000 1.000000 0.000000
-0.893161 0.449737 0.000000 416.544238 -0.449737 -0.893161 0.000000 -0.265726 0.000000 0.000000 1.000000 0.000000
-0.892934 0.450187 0.000000 414.900278 -0.450187 -0.892934 0.000000 -1.117648 0.000000 0.000000 1.000000 0.000000
-0.892653 0.450745 0.000000 413.241250 -0.450745 -0.892653 0.000000 -1.918933 0.000000 0.000000 1.000000 0.000000
-0.893070 0.449917 0.000000 411.640025 -0.449917 -0.893070 0.000000 -2.749972 0.000000 0.000000 1.000000 0.000000
-0.893245 0.449570 0.000000 410.002436 -0.449570 -0.893245 0.000000 -3.550409 0.000000 0.000000 1.000000 0.000000
-0.893274 0.449512 0.000000 408.430013 -0.449512 -0.893274 0.000000 -4.383802 0.000000 0.000000 1.000000 0.000000
-0.893511 0.449042 0.000000 406.811164 -0.449042 -0.893511 0.000000 -5.171538 0.000000 0.000000 1.000000 0.000000
-0.893468 0.449127 0.000000 405.285897 -0.449127 -0.893468 0.000000 -6.021106 0.000000 0.000000 1.000000 0.000000
-0.893348 0.449366 0.000000 403.694560 -0.449366 -0.893348 0.000000 -6.761625 0.000000 0.000000 1.000000 0.000000
-0.893039 0.449979 0.000000 402.196564 -0.449979 -0.893039 0.000000 -7.533579 0.000000 0.000000 1.000000 0.000000
-0.892830 0.450393 0.000000 400.654053 -0.450393 -0.892830 0.000000 -8.284806 0.000000 0.000000 1.000000 0.000000
-0.892682 0.450687 0.000000 399.134662 -0.450687 -0.892682 0.000000 -9.059567 0.000000 0.000000 1.000000 0.000000
-0.893122 0.449815 0.000000 397.661819 -0.449815 -0.893122 0.000000 -9.794912 0.000000 0.000000 1.000000 0.000000
-0.894125 0.447818 0.000000 396.190511 -0.447818 -0.894125 0.000000 -10.560740 0.000000 0.000000 1.000000 0.000000
-0.894999 0.446069 0.000000 394.774103 -0.446069 -0.894999 0.000000 -11.248400 0.000000 0.000000 1.000000 0.000000
-0.895778 0.444501 0.000000 393.302181 -0.444501 -0.895778 0.000000 -11.973738 0.000000 0.000000 1.000000 0.000000
-0.895885 0.444287 0.000000 391.888218 -0.444287 -0.895885 0.000000 -12.702357 0.000000 0.000000 1.000000 0.000000
-0.895939 0.444177 0.000000 390.499377 -0.444177 -0.895939 0.000000 -13.393415 0.000000 0.000000 1.000000 0.000000
-0.896398 0.443250 0.000000 389.160213 -0.443250 -0.896398 0.000000 -14.080749 0.000000 0.000000 1.000000 0.000000
-0.897931 0.440137 0.000000 386.693013 -0.440137 -0.897931 0.000000 -15.299527 0.000000 0.000000 1.000000 0.000000
-0.900934 0.433956 0.000000 384.379437 -0.433956 -0.900934 0.000000 -16.368463 0.000000 0.000000 1.000000 0.000000
-0.901388 0.433012 0.000000 382.324508 -0.433012 -0.901388 0.000000 -17.262275 0.000000 0.000000 1.000000 0.000000
-0.902766 0.430131 0.000000 380.558247 -0.430131 -0.902766 0.000000 -18.184166 0.000000 0.000000 1.000000 0.000000
-0.903670 0.428230 0.000000 379.046617 -0.428230 -0.903670 0.000000 -18.891642 0.000000 0.000000 1.000000 0.000000
-0.904373 0.426742 0.000000 377.238389 -0.426742 -0.904373 0.000000 -19.725586 0.000000 0.000000 1.000000 0.000000
-0.905316 0.424738 0.000000 375.674258 -0.424738 -0.905316 0.000000 -20.417710 0.000000 0.000000 1.000000 0.000000
-0.905319 0.424731 0.000000 374.265249 -0.424731 -0.905319 0.000000 -21.131062 0.000000 0.000000 1.000000 0.000000
-0.907082 0.420954 0.000000 372.683138 -0.420954 -0.907082 0.000000 -21.839864 0.000000 0.000000 1.000000 0.000000
-0.908836 0.417153 0.000000 370.794465 -0.417153 -0.908836 0.000000 -22.680855 0.000000 0.000000 1.000000 0.000000
-0.910987 0.412436 0.000000 368.637539 -0.412436 -0.910987 0.000000 -23.633918 0.000000 0.000000 1.000000 0.000000
-0.913075 0.407791 0.000000 366.864007 -0.407791 -0.913075 0.000000 -24.425922 0.000000 0.000000 1.000000 0.000000
-0.914926 0.403622 0.000000 364.787796 -0.403622 -0.914926 0.000000 -25.331290 0.000000 0.000000 1.000000 0.000000
-0.916622 0.399755 0.000000 362.408660 -0.399755 -0.916622 0.000000 -26.329472 0.000000 0.000000 1.000000 0.000000
-0.918288 0.395913 0.000000 359.803257 -0.395913 -0.918288 0.000000 -27.433365 0.000000 0.000000 1.000000 0.000000
-0.920014 0.391886 0.000000 356.984260 -0.391886 -0.920014 0.000000 -28.636477 0.000000 0.000000 1.000000 0.000000
-0.920564 0.390592 0.000000 355.500700 -0.390592 -0.920564 0.000000 -29.230051 0.000000 0.000000 1.000000 0.000000
-0.920531 0.390669 0.000000 354.034837 -0.390669 -0.920531 0.000000 -29.836790 0.000000 0.000000 1.000000 0.000000
-0.920645 0.390402 0.000000 352.500306 -0.390402 -0.920645 0.000000 -30.479638 0.000000 0.000000 1.000000 0.000000
-0.921053 0.389437 0.000000 350.908905 -0.389437 -0.921053 0.000000 -31.095453 0.000000 0.000000 1.000000 0.000000
-0.921866 0.387508 0.000000 349.323517 -0.387508 -0.921866 0.000000 -31.801492 0.000000 0.000000 1.000000 0.000000
-0.923129 0.384491 0.000000 347.672345 -0.384491 -0.923129 0.000000 -32.437171 0.000000 0.000000 1.000000 0.000000
-0.926633 0.375968 0.000000 345.980380 -0.375968 -0.926633 0.000000 -33.145196 0.000000 0.000000 1.000000 0.000000
-0.930189 0.367081 0.000000 344.164605 -0.367081 -0.930189 0.000000 -33.803312 0.000000 0.000000 1.000000 0.000000
-0.933203 0.359351 0.000000 342.406567 -0.359351 -0.933203 0.000000 -34.469369 0.000000 0.000000 1.000000 0.000000
-0.936431 0.350852 0.000000 340.537576 -0.350852 -0.936431 0.000000 -35.096448 0.000000 0.000000 1.000000 0.000000
-0.939320 0.343043 0.000000 338.595333 -0.343043 -0.939320 0.000000 -35.813606 0.000000 0.000000 1.000000 0.000000
-0.941985 0.335656 0.000000 336.655582 -0.335656 -0.941985 0.000000 -36.516929 0.000000 0.000000 1.000000 0.000000
-0.943417 0.331609 0.000000 334.654629 -0.331609 -0.943417 0.000000 -37.237843 0.000000 0.000000 1.000000 0.000000
-0.944391 0.328824 0.000000 332.600229 -0.328824 -0.944391 0.000000 -37.921878 0.000000 0.000000 1.000000 0.000000
-0.945386 0.325952 0.000000 330.552776 -0.325952 -0.945386 0.000000 -38.581785 0.000000 0.000000 1.000000 0.000000
-0.946416 0.322950 0.000000 328.421713 -0.322950 -0.946416 0.000000 -39.304525 0.000000 0.000000 1.000000 0.000000
-0.947183 0.320693 0.000000 326.285821 -0.320693 -0.947183 0.000000 -39.976879 0.000000 0.000000 1.000000 0.000000
-0.948010 0.318240 0.000000 324.178892 -0.318240 -0.948010 0.000000 -40.735569 0.000000 0.000000 1.000000 0.000000
-0.948862 0.315692 0.000000 322.043977 -0.315692 -0.948862 0.000000 -41.441062 0.000000 0.000000 1.000000 0.000000
-0.949846 0.312718 0.000000 319.904584 -0.312718 -0.949846 0.000000 -42.127839 0.000000 0.000000 1.000000 0.000000
-0.949714 0.313118 0.000000 317.670942 -0.313118 -0.949714 0.000000 -42.849192 0.000000 0.000000 1.000000 0.000000
-0.949556 0.313598 0.000000 315.510349 -0.313598 -0.949556 0.000000 -43.597313 0.000000 0.000000 1.000000 0.000000
-0.948258 0.317502 0.000000 313.277256 -0.317502 -0.948258 0.000000 -44.312523 0.000000 0.000000 1.000000 0.000000
-0.947313 0.320310 0.000000 311.102025 -0.320310 -0.947313 0.000000 -45.064076 0.000000 0.000000 1.000000 0.000000
-0.946454 0.322838 0.000000 308.832548 -0.322838 -0.946454 0.000000 -45.839363 0.000000 0.000000 1.000000 0.000000
-0.945418 0.325861 0.000000 306.668387 -0.325861 -0.945418 0.000000 -46.598890 0.000000 0.000000 1.000000 0.000000
-0.943664 0.330906 0.000000 304.422131 -0.330906 -0.943664 0.000000 -47.367174 0.000000 0.000000 1.000000 0.000000
-0.942540 0.334095 0.000000 302.194594 -0.334095 -0.942540 0.000000 -48.182406 0.000000 0.000000 1.000000 0.000000
-0.941082 0.338180 0.000000 299.928111 -0.338180 -0.941082 0.000000 -48.980196 0.000000 0.000000 1.000000 0.000000
-0.939898 0.341455 0.000000 297.638431 -0.341455 -0.939898 0.000000 -49.764285 0.000000 0.000000 1.000000 0.000000
-0.938779 0.344519 0.000000 295.384837 -0.344519 -0.938779 0.000000 -50.599739 0.000000 0.000000 1.000000 0.000000
-0.937722 0.347385 0.000000 293.104669 -0.347385 -0.937722 0.000000 -51.460976 0.000000 0.000000 1.000000 0.000000
-0.937082 0.349110 0.000000 290.824552 -0.349110 -0.937082 0.000000 -52.277853 0.000000 0.000000 1.000000 0.000000
-0.935929 0.352188 0.000000 288.552232 -0.352188 -0.935929 0.000000 -53.149311 0.000000 0.000000 1.000000 0.000000
-0.934649 0.355573 0.000000 286.323907 -0.355573 -0.934649 0.000000 -53.994004 0.000000 0.000000 1.000000 0.000000
-0.933106 0.359601 0.000000 284.037902 -0.359601 -0.933106 0.000000 -54.877865 0.000000 0.000000 1.000000 0.000000
-0.932322 0.361630 0.000000 281.811419 -0.361630 -0.932322 0.000000 -55.785356 0.000000 0.000000 1.000000 0.000000
-0.931286 0.364289 0.000000 279.553953 -0.364289 -0.931286 0.000000 -56.671220 0.000000 0.000000 1.000000 0.000000
-0.930043 0.367450 0.000000 277.277533 -0.367450 -0.930043 0.000000 -57.547820 0.000000 0.000000 1.000000 0.000000
-0.928578 0.371138 0.000000 274.988081 -0.371138 -0.928578 0.000000 -58.472780 0.000000 0.000000 1.000000 0.000000
-0.928005 0.372568 0.000000 272.692011 -0.372568 -0.928005 0.000000 -59.339773 0.000000 0.000000 1.000000 0.000000
-0.925832 0.377936 0.000000 270.404418 -0.377936 -0.925832 0.000000 -60.266618 0.000000 0.000000 1.000000 0.000000
-0.924652 0.380814 0.000000 268.103928 -0.380814 -0.924652 0.000000 -61.187653 0.000000 0.000000 1.000000 0.000000
-0.924001 0.382390 0.000000 265.796999 -0.382390 -0.924001 0.000000 -62.062671 0.000000 0.000000 1.000000 0.000000
-0.923838 0.382784 0.000000 263.503496 -0.382784 -0.923838 0.000000 -62.947378 0.000000 0.000000 1.000000 0.000000
-0.923881 0.382679 0.000000 261.237318 -0.382679 -0.923881 0.000000 -63.904630 0.000000 0.000000 1.000000 0.000000
-0.924169 0.381984 0.000000 258.930336 -0.381984 -0.924169 0.000000 -64.899989 0.000000 0.000000 1.000000 0.000000
-0.923513 0.383566 0.000000 256.626975 -0.383566 -0.923513 0.000000 -65.777615 0.000000 0.000000 1.000000 0.000000
-0.922379 0.386285 0.000000 254.308596 -0.386285 -0.922379 0.000000 -66.750783 0.000000 0.000000 1.000000 0.000000
-0.921288 0.388880 0.000000 251.962334 -0.388880 -0.921288 0.000000 -67.717590 0.000000 0.000000 1.000000 0.000000
-0.920424 0.390921 0.000000 249.662707 -0.390921 -0.920424 0.000000 -68.654972 0.000000 0.000000 1.000000 0.000000
-0.919217 0.393752 0.000000 247.339000 -0.393752 -0.919217 0.000000 -69.675625 0.000000 0.000000 1.000000 0.000000
-0.918063 0.396435 0.000000 244.977331 -0.396435 -0.918063 0.000000 -70.702798 0.000000 0.000000 1.000000 0.000000
-0.916951 0.398999 0.000000 242.641879 -0.398999 -0.916951 0.000000 -71.711220 0.000000 0.000000 1.000000 0.000000
-0.916981 0.398930 0.000000 240.234326 -0.398930 -0.916981 0.000000 -72.741377 0.000000 0.000000 1.000000 0.000000
-0.915986 0.401209 0.000000 237.853524 -0.401209 -0.915986 0.000000 -73.772562 0.000000 0.000000 1.000000 0.000000
-0.915781 0.401678 0.000000 235.463252 -0.401678 -0.915781 0.000000 -74.829250 0.000000 0.000000 1.000000 0.000000
-0.915646 0.401985 0.000000 233.035204 -0.401985 -0.915646 0.000000 -75.871048 0.000000 0.000000 1.000000 0.000000
-0.915358 0.402642 0.000000 230.604658 -0.402642 -0.915358 0.000000 -76.955969 0.000000 0.000000 1.000000 0.000000
-0.915190 0.403023 0.000000 228.208226 -0.403023 -0.915190 0.000000 -78.000204 0.000000 0.000000 1.000000 0.000000
-0.915091 0.403248 0.000000 225.786443 -0.403248 -0.915091 0.000000 -79.044346 0.000000 0.000000 1.000000 0.000000
-0.915013 0.403424 0.000000 223.426582 -0.403424 -0.915013 0.000000 -80.087365 0.000000 0.000000 1.000000 0.000000
-0.915631 0.402020 0.000000 220.974096 -0.402020 -0.915631 0.000000 -81.151740 0.000000 0.000000 1.000000 0.000000
-0.916010 0.401156 0.000000 218.580648 -0.401156 -0.916010 0.000000 -82.200713 0.000000 0.000000 1.000000 0.000000
-0.916900 0.399118 0.000000 216.157124 -0.399118 -0.916900 0.000000 -83.224836 0.000000 0.000000 1.000000 0.000000
-0.917736 0.397191 0.000000 213.739445 -0.397191 -0.917736 0.000000 -84.312180 0.000000 0.000000 1.000000 0.000000
-0.918459 0.395516 0.000000 211.351966 -0.395516 -0.918459 0.000000 -85.348623 0.000000 0.000000 1.000000 0.000000
-0.919139 0.393934 0.000000 208.955646 -0.393934 -0.919139 0.000000 -86.366676 0.000000 0.000000 1.000000 0.000000
-0.920022 0.391867 0.000000 206.564305 -0.391867 -0.920022 0.000000 -87.385091 0.000000 0.000000 1.000000 0.000000
-0.920899 0.389800 0.000000 204.150481 -0.389800 -0.920899 0.000000 -88.378070 0.000000 0.000000 1.000000 0.000000
