1.000000 -0.000326 0.000000 1.049145 0.000326 1.000000 0.000000 0.016159 0.000000 0.000000 1.000000 0.000000
1.000000 -0.000947 0.000000 1.346772 0.000947 1.000000 0.000000 -0.018331 0.000000 0.000000 1.000000 0.000000
1.000000 -0.000828 0.000000 1.750502 0.000828 1.000000 0.000000 -0.004275 0.000000 0.000000 1.000000 0.000000
1.000000 -0.000378 0.000000 2.151099 0.000378 1.000000 0.000000 -0.000877 0.000000 0.000000 1.000000 0.000000
0.999999 -0.001005 0.000000 2.549796 0.001005 0.999999 0.000000 0.002710 0.000000 0.000000 1.000000 0.000000
1.000000 -0.000591 0.000000 3.018238 0.000591 1.000000 0.000000 -0.025603 0.000000 0.000000 1.000000 0.000000
1.000000 -0.000280 0.000000 3.575601 0.000280 1.000000 0.000000 0.000528 0.000000 0.000000 1.000000 0.000000
1.000000 -0.000315 0.000000 4.168838 0.000315 1.000000 0.000000 -0.005119 0.000000 0.000000 1.000000 0.000000
0.999999 -0.001215 0.000000 4.848060 0.001215 0.999999 0.000000 0.001410 0.000000 0.000000 1.000000 0.000000
1.000000 0.000373 0.000000 5.564476 -0.000373 1.000000 0.000000 0.000677 0.000000 0.000000 1.000000 0.000000
0.999999 0.001260 0.000000 6.375558 -0.001260 0.999999 0.000000 0.025567 0.000000 0.000000 1.000000 0.000000
1.000000 0.000564 0.000000 7.265434 -0.000564 1.000000 0.000000 -0.015251 0.000000 0.000000 1.000000 0.000000
1.000000 0.000406 0.000000 8.210894 -0.000406 1.000000 0.000000 -0.009279 0.000000 0.000000 1.000000 0.000000
0.999999 0.001202 0.000000 9.274355 -0.001202 0.999999 0.000000 0.049862 0.000000 0.000000 1.000000 0.000000
1.000000 0.000370 0.000000 10.379265 -0.000370 1.000000 0.000000 0.036798 0.000000 0.000000 1.000000 0.000000
0.999999 0.001243 0.000000 11.582792 -0.001243 0.999999 0.000000 0.054394 0.000000 0.000000 1.000000 0.000000
0.999999 0.001676 0.000000 12.846528 -0.001676 0.999999 0.000000 0.057610 0.000000 0.000000 1.000000 0.000000
0.999999 0.001036 0.000000 14.183976 -0.001036 0.999999 0.000000 0.008756 0.000000 0.000000 1.000000 0.000000
1.000000 0.000835 0.000000 15.595444 -0.000835 1.000000 0.000000 0.021789 0.000000 0.000000 1.000000 0.000000
0.999999 0.001662 0.000000 17.065980 -0.001662 0.999999 0.000000 0.095248 0.000000 0.000000 1.000000 0.000000
0.999999 0.001667 0.000000 18.577396 -0.001667 0.999999 0.000000 0.025737 0.000000 0.000000 1.000000 0.000000
0.999998 0.001945 0.000000 20.215138 -0.001945 0.999998 0.000000 0.078220 0.000000 0.000000 1.000000 0.000000
0.999994 0.003545 0.000000 21.849931 -0.003545 0.999994 0.000000 0.054011 0.000000 0.000000 1.000000 0.000000
0.999990 0.004525 0.000000 23.622500 -0.004525 0.999990 0.000000 0.096413 0.000000 0.000000 1.000000 0.000000
0.999989 0.004628 0.000000 25.405873 -0.004628 0.999989 0.000000 0.051633 0.000000 0.000000 1.000000 0.000000
0.999988 0.004949 0.000000 27.247425 -0.004949 0.999988 0.000000 0.045733 0.000000 0.000000 1.000000 0.000000
0.999985 0.005527 0.000000 29.177962 -0.005527 0.999985 0.000000 0.011085 0.000000 0.000000 1.000000 0.000000
0.999981 0.006217 0.000000 31.210326 -0.006217 0.999981 0.000000 0.030863 0.000000 0.000000 1.000000 0.000000
0.999977 0.006817 0.000000 33.222944 -0.006817 0.999977 0.000000 0.007204 0.000000 0.000000 1.000000 0.000000
0.999969 0.007903 0.000000 35.329893 -0.007903 0.999969 0.000000 0.039565 0.000000 0.000000 1.000000 0.000000
0.999962 0.008755 0.000000 37.517550 -0.008755 0.999962 0.000000 0.068368 0.000000 0.000000 1.000000 0.000000
0.999958 0.009216 0.000000 39.763422 -0.009216 0.999958 0.000000 0.043625 0.000000 0.000000 1.000000 0.000000
0.999951 0.009861 0.000000 42.009967 -0.009861 0.999951 0.000000 0.011817 0.000000 0.000000 1.000000 0.000000
0.999934 0.011485 0.000000 44.346895 -0.011485 0.999934 0.000000 0.050979 0.000000 0.000000 1.000000 0.000000
0.999918 0.012778 0.000000 46.763772 -0.012778 0.999918 0.000000 0.013848 0.000000 0.000000 1.000000 0.000000
0.999925 0.012240 0.000000 49.248730 -0.012240 0.999925 0.000000 -0.059755 0.000000 0.000000 1.000000 0.000000
0.999931 0.011746 0.000000 51.780165 -0.011746 0.999931 0.000000 -0.048970 0.000000 0.000000 1.000000 0.000000
0.999930 0.011819 0.000000 54.351865 -0.011819 0.999930 0.000000 -0.073258 0.000000 0.000000 1.000000 0.000000
0.999923 0.012413 0.000000 56.939343 -0.012413 0.999923 0.000000 -0.114615 0.000000 0.000000 1.000000 0.000000
0.999920 0.012628 0.000000 59.589487 -0.012628 0.999920 0.000000 -0.167866 0.000000 0.000000 1.000000 0.000000
0.999938 0.011119 0.000000 62.311478 -0.011119 0.999938 0.000000 -0.169446 0.000000 0.000000 1.000000 0.000000
0.999947 0.010313 0.000000 65.010211 -0.010313 0.999947 0.000000 -0.218873 0.000000 0.000000 1.000000 0.000000
0.999938 0.011158 0.000000 67.743031 -0.011158 0.999938 0.000000 -0.182624 0.000000 0.000000 1.000000 0.000000
0.999932 0.011701 0.000000 70.502088 -0.011701 0.999932 0.000000 -0.228489 0.000000 0.000000 1.000000 0.000000
0.999915 0.013005 0.000000 73.287527 -0.013005 0.999915 0.000000 -0.275875 0.000000 0.000000 1.000000 0.000000
0.999905 0.013774 0.000000 76.085802 -0.013774 0.999905 0.000000 -0.218134 0.000000 0.000000 1.000000 0.000000
0.999899 0.014213 0.000000 78.888445 -0.014213 0.999899 0.000000 -0.268002 0.000000 0.000000 1.000000 0.000000
0.999903 0.013960 0.000000 81.722914 -0.013960 0.999903 0.000000 -0.316475 0.000000 0.000000 1.000000 0.000000
0.999902 0.013982 0.000000 84.635058 -0.013982 0.999902 0.000000 -0.343984 0.000000 0.000000 1.000000 0.000000
0.999901 0.014067 0.000000 87.539162 -0.014067 0.999901 0.000000 -0.283881 0.000000 0.000000 1.000000 0.000000
0.999896 0.014399 0.000000 90.472033 -0.014399 0.999896 0.000000 -0.310620 0.000000 0.000000 1.000000 0.000000
0.999911 0.013346 0.000000 93.446019 -0.013346 0.999911 0.000000 -0.315050 0.000000 0.000000 1.000000 0.000000
0.999911 0.013363 0.000000 96.441715 -0.013363 0.999911 0.000000 -0.288980 0.000000 0.000000 1.000000 0.000000
0.999920 0.012615 0.000000 99.477936 -0.012615 0.999920 0.000000 -0.333419 0.000000 0.000000 1.000000 0.000000
0.999921 0.012603 0.000000 102.554044 -0.012603 0.999921 0.000000 -0.392750 0.000000 0.000000 1.000000 0.000000
0.999913 0.013202 0.000000 105.639798 -0.013202 0.999913 0.000000 -0.396640 0.000000 0.000000 1.000000 0.000000
0.999930 0.011849 0.000000 108.704635 -0.011849 0.999930 0.000000 -0.423710 0.000000 0.000000 1.000000 0.000000
0.999922 0.012509 0.000000 111.831681 -0.012509 0.999922 0.000000 -0.424321 0.000000 0.000000 1.000000 0.000000
0.999921 0.012596 0.000000 115.005752 -0.012596 0.999921 0.000000 -0.464422 0.000000 0.000000 1.000000 0.000000
0.999919 0.012765 0.000000 118.123020 -0.012765 0.999919 0.000000 -0.460872 0.000000 0.000000 1.000000 0.000000
0.999935 0.011390 0.000000 121.323948 -0.011390 0.999935 0.000000 -0.508368 0.000000 0.000000 1.000000 0.000000
0.999928 0.011974 0.000000 124.480391 -0.011974 0.999928 0.000000 -0.533154 0.000000 0.000000 1.000000 0.000000
0.999922 0.012515 0.000000 127.576651 -0.012515 0.999922 0.000000 -0.596937 0.000000 0.000000 1.000000 0.000000
0.999919 0.012748 0.000000 130.719914 -0.012748 0.999919 0.000000 -0.579264 0.000000 0.000000 1.000000 0.000000
0.999923 0.012440 0.000000 133.855313 -0.012440 0.999923 0.000000 -0.610004 0.000000 0.000000 1.000000 0.000000
0.999931 0.011712 0.000000 136.959651 -0.011712 0.999931 0.000000 -0.641905 0.000000 0.000000 1.000000 0.000000
0.999908 0.013534 0.000000 140.060752 -0.013534 0.999908 0.000000 -0.616353 0.000000 0.000000 1.000000 0.000000
0.999899 0.014205 0.000000 143.195007 -0.014205 0.999899 0.000000 -0.648688 0.000000 0.000000 1.000000 0.000000
0.999907 0.013607 0.000000 146.296017 -0.013607 0.999907 0.000000 -0.652413 0.000000 0.000000 1.000000 0.000000
0.999902 0.013977 0.000000 149.417445 -0.013977 0.999902 0.000000 -0.667367 0.000000 0.000000 1.000000 0.000000
0.999891 0.014734 0.000000 152.510292 -0.014734 0.999891 0.000000 -0.700196 0.000000 0.000000 1.000000 0.000000
0.999903 0.013904 0.000000 155.625710 -0.013904 0.999903 0.000000 -0.730741 0.000000 0.000000 1.000000 0.000000
0.999900 0.014136 0.000000 158.719174 -0.014136 0.999900 0.000000 -0.716870 0.000000 0.000000 1.000000 0.000000
0.999884 0.015222 0.000000 161.839686 -0.015222 0.999884 0.000000 -0.733933 0.000000 0.000000 1.000000 0.000000
0.999898 0.014248 0.000000 164.961178 -0.014248 0.999898 0.000000 -0.756784 0.000000 0.000000 1.000000 0.000000
0.999899 0.014179 0.000000 168.092060 -0.014179 0.999899 0.000000 -0.847434 0.000000 0.000000 1.000000 0.000000
0.999895 0.014500 0.000000 171.176833 -0.014500 0.999895 0.000000 -0.824548 0.000000 0.000000 1.000000 0.000000
0.999894 0.014546 0.000000 174.299829 -0.014546 0.999894 0.000000 -0.876453 0.000000 0.000000 1.000000 0.000000
0.999880 0.015476 0.000000 177.403230 -0.015476 0.999880 0.000000 -0.880977 0.000000 0.000000 1.000000 0.000000
0.999872 0.016019 0.000000 180.551583 -0.016019 0.999872 0.000000 -0.873668 0.000000 0.000000 1.000000 0.000000
0.999866 0.016344 0.000000 183.679880 -0.016344 0.999866 0.000000 -0.864602 0.000000 0.000000 1.000000 0.000000
0.999873 0.015963 0.000000 186.849598 -0.015963 0.999873 0.000000 -0.884749 0.000000 0.000000 1.000000 0.000000
0.999881 0.015454 0.000000 190.059563 -0.015454 0.999881 0.000000 -0.901821 0.000000 0.000000 1.000000 0.000000
0.999882 0.015388 0.000000 193.221347 -0.015388 0.999882 0.000000 -0.937323 0.000000 0.000000 1.000000 0.000000
0.999871 0.016063 0.000000 196.495472 -0.016063 0.999871 0.000000 -0.938896 0.000000 0.000000 1.000000 0.000000
0.999869 0.016217 0.000000 199.715631 -0.016217 0.999869 0.000000 -0.934695 0.000000 0.000000 1.000000 0.000000
0.999871 0.016061 0.000000 202.996246 -0.016061 0.999871 0.000000 -0.985084 0.000000 0.000000 1.000000 0.000000
0.999885 0.015182 0.000000 206.315851 -0.015182 0.999885 0.000000 -1.014471 0.000000 0.000000 1.000000 0.000000
0.999883 0.015310 0.000000 209.570870 -0.015310 0.999883 0.000000 -1.030239 0.000000 0.000000 1.000000 0.000000
0.999869 0.016190 0.000000 212.896959 -0.016190 0.999869 0.000000 -1.064047 0.000000 0.000000 1.000000 0.000000
0.999881 0.015398 0.000000 216.273376 -0.015398 0.999881 0.000000 -1.028280 0.000000 0.000000 1.000000 0.000000
0.999895 0.014495 0.000000 219.632433 -0.014495 0.999895 0.000000 -1.090208 0.000000 0.000000 1.000000 0.000000
0.999891 0.014735 0.000000 223.010488 -0.014735 0.999891 0.000000 -1.158338 0.000000 0.000000 1.000000 0.000000
0.999887 0.015012 0.000000 226.420776 -0.015012 0.999887 0.000000 -1.155084 0.000000 0.000000 1.000000 0.000000
0.999873 0.015913 0.000000 229.808454 -0.015913 0.999873 0.000000 -1.115758 0.000000 0.000000 1.000000 0.000000
0.999880 0.015497 0.000000 233.300322 -0.015497 0.999880 0.000000 -1.142941 0.000000 0.000000 1.000000 0.000000
0.999876 0.015735 0.000000 236.748095 -0.015735 0.999876 0.000000 -1.123192 0.000000 0.000000 1.000000 0.000000
0.999869 0.016185 0.000000 240.198638 -0.016185 0.999869 0.000000 -1.072427 0.000000 0.000000 1.000000 0.000000
0.999886 0.015091 0.000000 243.703255 -0.015091 0.999886 0.000000 -1.126754 0.000000 0.000000 1.000000 0.000000
0.999869 0.016158 0.000000 247.212189 -0.016158 0.999869 0.000000 -1.175214 0.000000 0.000000 1.000000 0.000000
0.999848 0.017430 0.000000 250.626127 -0.017430 0.999848 0.000000 -1.155628 0.000000 0.000000 1.000000 0.000000
0.999883 0.015271 0.000000 254.189496 -0.015271 0.999883 0.000000 -1.206679 0.000000 0.000000 1.000000 0.000000
0.999873 0.015933 0.000000 257.689279 -0.015933 0.999873 0.000000 -1.273860 0.000000 0.000000 1.000000 0.000000
0.999866 0.016367 0.000000 261.131305 -0.016367 0.999866 0.000000 -1.235921 0.000000 0.000000 1.000000 0.000000
0.999868 0.016253 0.000000 264.589178 -0.016253 0.999868 0.000000 -1.269572 0.000000 0.000000 1.000000 0.000000
0.999911 0.013363 0.000000 268.016876 -0.013363 0.999911 0.000000 -1.294552 0.000000 0.000000 1.000000 0.000000
0.999929 0.011919 0.000000 271.555698 -0.011919 0.999929 0.000000 -1.329294 0.000000 0.000000 1.000000 0.000000
0.999948 0.010229 0.000000 275.027437 -0.010229 0.999948 0.000000 -1.262281 0.000000 0.000000 1.000000 0.000000
0.999961 0.008780 0.000000 278.526023 -0.008780 0.999961 0.000000 -1.302867 0.000000 0.000000 1.000000 0.000000
0.999985 0.005522 0.000000 282.076966 -0.005522 0.999985 0.000000 -1.223239 0.000000 0.000000 1.000000 0.000000
0.999992 0.004031 0.000000 285.522094 -0.004031 0.999992 0.000000 -1.173531 0.000000 0.000000 1.000000 0.000000
0.999999 0.001682 0.000000 288.973942 -0.001682 0.999999 0.000000 -1.215095 0.000000 0.000000 1.000000 0.000000
1.000000 -0.000664 0.000000 292.446219 0.000664 1.000000 0.000000 -1.138364 0.000000 0.000000 1.000000 0.000000
0.999996 -0.002657 0.000000 295.834373 0.002657 0.999996 0.000000 -1.124586 0.000000 0.000000 1.000000 0.000000
0.999985 -0.005497 0.000000 299.287112 0.005497 0.999985 0.000000 -1.053146 0.000000 0.000000 1.000000 0.000000
0.999961 -0.008815 0.000000 302.653192 0.008815 0.999961 0.000000 -0.935299 0.000000 0.000000 1.000000 0.000000
0.999924 -0.012340 0.000000 306.066708 0.012340 0.999924 0.000000 -0.851232 0.000000 0.000000 1.000000 0.000000
0.999869 -0.016185 0.000000 309.450568 0.016185 0.999869 0.000000 -0.839825 0.000000 0.000000 1.000000 0.000000
0.999772 -0.021369 0.000000 312.833345 0.021369 0.999772 0.000000 -0.737743 0.000000 0.000000 1.000000 0.000000
0.999674 -0.025529 0.000000 316.139169 0.025529 0.999674 0.000000 -0.615779 0.000000 0.000000 1.000000 0.000000
0.999550 -0.029999 0.000000 319.407313 0.029999 0.999550 0.000000 -0.487424 0.000000 0.000000 1.000000 0.000000
0.999425 -0.033912 0.000000 322.710491 0.033912 0.999425 0.000000 -0.304205 0.000000 0.000000 1.000000 0.000000
0.999263 -0.038390 0.000000 325.937936 0.038390 0.999263 0.000000 -0.166242 0.000000 0.000000 1.000000 0.000000
0.999093 -0.042588 0.000000 329.198015 0.042588 0.999093 0.000000 0.034309 0.000000 0.000000 1.000000 0.000000
0.998924 -0.046378 0.000000 332.419791 0.046378 0.998924 0.000000 0.221121 0.000000 0.000000 1.000000 0.000000
0.998825 -0.048470 0.000000 335.596276 0.048470 0.998825 0.000000 0.366619 0.000000 0.000000 1.000000 0.000000
0.998864 -0.047650 0.000000 338.786390 0.047650 0.998864 0.000000 0.612962 0.000000 0.000000 1.000000 0.000000
0.999111 -0.042158 0.000000 341.882015 0.042158 0.999111 0.000000 0.804731 0.000000 0.000000 1.000000 0.000000
0.999320 -0.036877 0.000000 344.932302 0.036877 0.999320 0.000000 0.955077 0.000000 0.000000 1.000000 0.000000
0.999538 -0.030408 0.000000 347.990379 0.030408 0.999538 0.000000 1.107394 0.000000 0.000000 1.000000 0.000000
0.999699 -0.024542 0.000000 350.976011 0.024542 0.999699 0.000000 1.296259 0.000000 0.000000 1.000000 0.000000
0.999847 -0.017504 0.000000 353.991900 0.017504 0.999847 0.000000 1.409327 0.000000 0.000000 1.000000 0.000000
0.999944 -0.010566 0.000000 356.938088 0.010566 0.999944 0.000000 1.448403 0.000000 0.000000 1.000000 0.000000
0.999996 -0.002987 0.000000 359.873787 0.002987 0.999996 0.000000 1.541765 0.000000 0.000000 1.000000 0.000000
0.999991 0.004246 0.000000 362.728793 -0.004246 0.999991 0.000000 1.594152 0.000000 0.000000 1.000000 0.000000
0.999972 0.007547 0.000000 365.536732 -0.007547 0.999972 0.000000 1.560088 0.000000 0.000000 1.000000 0.000000
0.999946 0.010365 0.000000 368.205783 -0.010365 0.999946 0.000000 1.579219 0.000000 0.000000 1.000000 0.000000
0.999949 0.010052 0.000000 370.880760 -0.010052 0.999949 0.000000 1.554729 0.000000 0.000000 1.000000 0.000000
0.999947 0.010336 0.000000 373.444976 -0.010336 0.999947 0.000000 1.568921 0.000000 0.000000 1.000000 0.000000
0.999935 0.011410 0.000000 375.951483 -0.011410 0.999935 0.000000 1.579035 0.000000 0.000000 1.000000 0.000000
0.999909 0.013498 0.000000 378.233234 -0.013498 0.999909 0.000000 1.551042 0.000000 0.000000 1.000000 0.000000
0.999894 0.014540 0.000000 380.481122 -0.014540 0.999894 0.000000 1.531707 0.000000 0.000000 1.000000 0.000000
0.999892 0.014683 0.000000 382.657105 -0.014683 0.999892 0.000000 1.518477 0.000000 0.000000 1.000000 0.000000
0.999890 0.014841 0.000000 384.687042 -0.014841 0.999890 0.000000 1.475452 0.000000 0.000000 1.000000 0.000000
0.999898 0.014306 0.000000 386.631374 -0.014306 0.999898 0.000000 1.435575 0.000000 0.000000 1.000000 0.000000
0.999912 0.013229 0.000000 388.480498 -0.013229 0.999912 0.000000 1.441118 0.000000 0.000000 1.000000 0.000000
0.999916 0.012939 0.000000 390.231804 -0.012939 0.999916 0.000000 1.487612 0.000000 0.000000 1.000000 0.000000
0.999909 0.013485 0.000000 391.894033 -0.013485 0.999909 0.000000 1.435728 0.000000 0.000000 1.000000 0.000000
0.999906 0.013727 0.000000 393.445025 -0.013727 0.999906 0.000000 1.415929 0.000000 0.000000 1.000000 0.000000
0.999919 0.012730 0.000000 394.938755 -0.012730 0.999919 0.000000 1.397656 0.000000 0.000000 1.000000 0.000000
0.999920 0.012640 0.000000 396.379205 -0.012640 0.999920 0.000000 1.404159 0.000000 0.000000 1.000000 0.000000
0.999921 0.012586 0.000000 397.683897 -0.012586 0.999921 0.000000 1.385807 0.000000 0.000000 1.000000 0.000000
0.999921 0.012602 0.000000 398.880897 -0.012602 0.999921 0.000000 1.425681 0.000000 0.000000 1.000000 0.000000
0.999920 0.012681 0.000000 399.897336 -0.012681 0.999920 0.000000 1.422064 0.000000 0.000000 1.000000 0.000000
0.999919 0.012764 0.000000 400.891516 -0.012764 0.999919 0.000000 1.391520 0.000000 0.000000 1.000000 0.000000
0.999918 0.012774 0.000000 401.681950 -0.012774 0.999918 0.000000 1.406364 0.000000 0.000000 1.000000 0.000000
0.999926 0.012199 0.000000 402.380871 -0.012199 0.999926 0.000000 1.367389 0.000000 0.000000 1.000000 0.000000
0.999934 0.011507 0.000000 402.985318 -0.011507 0.999934 0.000000 1.401787 0.000000 0.000000 1.000000 0.000000
0.999929 0.011897 0.000000 403.460570 -0.011897 0.999929 0.000000 1.358218 0.000000 0.000000 1.000000 0.000000
0.999926 0.012176 0.000000 403.844307 -0.012176 0.999926 0.000000 1.385578 0.000000 0.000000 1.000000 0.000000
0.999925 0.012276 0.000000 404.184621 -0.012276 0.999925 0.000000 1.372795 0.000000 0.000000 1.000000 0.000000
0.999922 0.012480 0.000000 404.387343 -0.012480 0.999922 0.000000 1.407541 0.000000 0.000000 1.000000 0.000000
0.999924 0.012299 0.000000 404.479283 -0.012299 0.999924 0.000000 1.353118 0.000000 0.000000 1.000000 0.000000
0.999925 0.012282 0.000000 404.608102 -0.012282 0.999925 0.000000 1.385511 0.000000 0.000000 1.000000 0.000000
0.999923 0.012440 0.000000 404.624521 -0.012440 0.999923 0.000000 1.372360 0.000000 0.000000 1.000000 0.000000
0.999922 0.012516 0.000000 404.669020 -0.012516 0.999922 0.000000 1.376759 0.000000 0.000000 1.000000 0.000000
0.999921 0.012561 0.000000 404.652877 -0.012561 0.999921 0.000000 1.378294 0.000000 0.000000 1.000000 0.000000
0.999922 0.012461 0.000000 404.660653 -0.012461 0.999922 0.000000 1.390332 0.000000 0.000000 1.000000 0.000000
0.999925 0.012260 0.000000 404.649573 -0.012260 0.999925 0.000000 1.385374 0.000000 0.000000 1.000000 0.000000
0.999922 0.012510 0.000000 404.650407 -0.012510 0.999922 0.000000 1.382334 0.000000 0.000000 1.000000 0.000000
0.999921 0.012590 0.000000 404.647368 -0.012590 0.999921 0.000000 1.386928 0.000000 0.000000 1.000000 0.000000
0.999924 0.012349 0.000000 404.656990 -0.012349 0.999924 0.000000 1.377167 0.000000 0.000000 1.000000 0.000000
0.999922 0.012522 0.000000 404.650221 -0.012522 0.999922 0.000000 1.371076 0.000000 0.000000 1.000000 0.000000
0.999921 0.012576 0.000000 404.656634 -0.012576 0.999921 0.000000 1.388552 0.000000 0.000000 1.000000 0.000000
0.999922 0.012529 0.000000 404.646704 -0.012529 0.999922 0.000000 1.361687 0.000000 0.000000 1.000000 0.000000
0.999922 0.012493 0.000000 404.664117 -0.012493 0.999922 0.000000 1.380679 0.000000 0.000000 1.000000 0.000000
0.999922 0.012455 0.000000 404.645163 -0.012455 0.999922 0.000000 1.368443 0.000000 0.000000 1.000000 0.000000
0.999919 0.012730 0.000000 404.645100 -0.012730 0.999919 0.000000 1.385167 0.000000 0.000000 1.000000 0.000000
0.999919 0.012748 0.000000 404.638378 -0.012748 0.999919 0.000000 1.389082 0.000000 0.000000 1.000000 0.000000
0.999922 0.012456 0.000000 404.651236 -0.012456 0.999922 0.000000 1.382249 0.000000 0.000000 1.000000 0.000000
0.999921 0.012562 0.000000 404.650673 -0.012562 0.999921 0.000000 1.377266 0.000000 0.000000 1.000000 0.000000
0.999923 0.012440 0.000000 404.653039 -0.012440 0.999923 0.000000 1.381962 0.000000 0.000000 1.000000 0.000000
0.999920 0.012663 0.000000 404.657175 -0.012663 0.999920 0.000000 1.378594 0.000000 0.000000 1.000000 0.000000
0.999921 0.012553 0.000000 404.640835 -0.012553 0.999921 0.000000 1.394042 0.000000 0.000000 1.000000 0.000000
0.999917 0.012854 0.000000 404.644658 -0.012854 0.999917 0.000000 1.393491 0.000000 0.000000 1.000000 0.000000
0.999922 0.012484 0.000000 404.656848 -0.012484 0.999922 0.000000 1.372744 0.000000 0.000000 1.000000 0.000000
0.999925 0.012287 0.000000 404.651692 -0.012287 0.999925 0.000000 1.376398 0.000000 0.000000 1.000000 0.000000
0.999921 0.012582 0.000000 404.663547 -0.012582 0.999921 0.000000 1.389239 0.000000 0.000000 1.000000 0.000000
0.999922 0.012491 0.000000 404.635180 -0.012491 0.999922 0.000000 1.398291 0.000000 0.000000 1.000000 0.000000
0.999921 0.012531 0.000000 404.645627 -0.012531 0.999921 0.000000 1.374678 0.000000 0.000000 1.000000 0.000000
0.999919 0.012724 0.000000 404.650195 -0.012724 0.999919 0.000000 1.387269 0.000000 0.000000 1.000000 0.000000
0.999920 0.012679 0.000000 404.643994 -0.012679 0.999920 0.000000 1.383770 0.000000 0.000000 1.000000 0.000000
0.999919 0.012703 0.000000 404.651420 -0.012703 0.999919 0.000000 1.395173 0.000000 0.000000 1.000000 0.000000
0.999921 0.012531 0.000000 404.650313 -0.012531 0.999921 0.000000 1.389239 0.000000 0.000000 1.000000 0.000000
0.999922 0.012514 0.000000 404.657174 -0.012514 0.999922 0.000000 1.387066 0.000000 0.000000 1.000000 0.000000
0.999921 0.012592 0.000000 404.639022 -0.012592 0.999921 0.000000 1.373451 0.000000 0.000000 1.000000 0.000000
0.999918 0.012818 0.000000 404.633250 -0.012818 0.999918 0.000000 1.396070 0.000000 0.000000 1.000000 0.000000
0.999918 0.012819 0.000000 404.629665 -0.012819 0.999918 0.000000 1.392441 0.000000 0.000000 1.000000 0.000000
0.999921 0.012549 0.000000 404.636941 -0.012549 0.999921 0.000000 1.381394 0.000000 0.000000 1.000000 0.000000
0.999918 0.012798 0.000000 404.630848 -0.012798 0.999918 0.000000 1.373300 0.000000 0.000000 1.000000 0.000000
0.999920 0.012622 0.000000 404.632982 -0.012622 0.999920 0.000000 1.383377 0.000000 0.000000 1.000000 0.000000
0.999918 0.012791 0.000000 404.646038 -0.012791 0.999918 0.000000 1.403036 0.000000 0.000000 1.000000 0.000000
0.999920 0.012675 0.000000 404.642357 -0.012675 0.999920 0.000000 1.393642 0.000000 0.000000 1.000000 0.000000
0.999922 0.012522 0.000000 404.632638 -0.012522 0.999922 0.000000 1.391144 0.000000 0.000000 1.000000 0.000000
0.999920 0.012640 0.000000 404.648353 -0.012640 0.999920 0.000000 1.379285 0.000000 0.000000 1.000000 0.000000
0.999921 0.012542 0.000000 404.639909 -0.012542 0.999921 0.000000 1.395453 0.000000 0.000000 1.000000 0.000000
0.999920 0.012632 0.000000 404.642293 -0.012632 0.999920 0.000000 1.382969 0.000000 0.000000 1.000000 0.000000
0.999920 0.012688 0.000000 404.627325 -0.012688 0.999920 0.000000 1.373454 0.000000 0.000000 1.000000 0.000000
0.999922 0.012503 0.000000 404.636764 -0.012503 0.999922 0.000000 1.384934 0.000000 0.000000 1.000000 0.000000
0.999921 0.012554 0.000000 404.663057 -0.012554 0.999921 0.000000 1.366296 0.000000 0.000000 1.000000 0.000000
0.999924 0.012318 0.000000 404.660750 -0.012318 0.999924 0.000000 1.370600 0.000000 0.000000 1.000000 0.000000
0.999920 0.012632 0.000000 404.648785 -0.012632 0.999920 0.000000 1.380617 0.000000 0.000000 1.000000 0.000000
0.999926 0.012181 0.000000 404.662309 -0.012181 0.999926 0.000000 1.365483 0.000000 0.000000 1.000000 0.000000
0.999923 0.012402 0.000000 404.649619 -0.012402 0.999923 0.000000 1.369459 0.000000 0.000000 1.000000 0.000000
0.999924 0.012322 0.000000 404.655412 -0.012322 0.999924 0.000000 1.369980 0.000000 0.000000 1.000000 0.000000
0.999925 0.012249 0.000000 404.662401 -0.012249 0.999925 0.000000 1.371698 0.000000 0.000000 1.000000 0.000000
0.999918 0.012818 0.000000 404.639280 -0.012818 0.999918 0.000000 1.386589 0.000000 0.000000 1.000000 0.000000
0.999920 0.012631 0.000000 404.645354 -0.012631 0.999920 0.000000 1.388010 0.000000 0.000000 1.000000 0.000000
0.999920 0.012645 0.000000 404.639817 -0.012645 0.999920 0.000000 1.380501 0.000000 0.000000 1.000000 0.000000
0.999919 0.012722 0.000000 404.649540 -0.012722 0.999919 0.000000 1.392564 0.000000 0.000000 1.000000 0.000000
0.999918 0.012802 0.000000 404.626482 -0.012802 0.999918 0.000000 1.390370 0.000000 0.000000 1.000000 0.000000
0.999919 0.012707 0.000000 404.641186 -0.012707 0.999919 0.000000 1.400578 0.000000 0.000000 1.000000 0.000000
0.999922 0.012455 0.000000 404.629954 -0.012455 0.999922 0.000000 1.371979 0.000000 0.000000 1.000000 0.000000
0.999924 0.012342 0.000000 404.647611 -0.012342 0.999924 0.000000 1.397237 0.000000 0.000000 1.000000 0.000000
0.999924 0.012343 0.000000 404.650181 -0.012343 0.999924 0.000000 1.372791 0.000000 0.000000 1.000000 0.000000
0.999925 0.012247 0.000000 404.643705 -0.012247 0.999925 0.000000 1.364412 0.000000 0.000000 1.000000 0.000000
0.999923 0.012377 0.000000 404.645296 -0.012377 0.999923 0.000000 1.370968 0.000000 0.000000 1.000000 0.000000
0.999919 0.012708 0.000000 404.638966 -0.012708 0.999919 0.000000 1.376589 0.000000 0.000000 1.000000 0.000000
0.999919 0.012729 0.000000 404.638921 -0.012729 0.999919 0.000000 1.377334 0.000000 0.000000 1.000000 0.000000
0.999920 0.012643 0.000000 404.649499 -0.012643 0.999920 0.000000 1.386671 0.000000 0.000000 1.000000 0.000000
0.999920 0.012632 0.000000 404.646389 -0.012632 0.999920 0.000000 1.367236 0.000000 0.000000 1.000000 0.000000
0.999922 0.012481 0.000000 404.651797 -0.012481 0.999922 0.000000 1.376462 0.000000 0.000000 1.000000 0.000000
0.999923 0.012446 0.000000 404.651402 -0.012446 0.999923 0.000000 1.366142 0.000000 0.000000 1.000000 0.000000
0.999920 0.012631 0.000000 404.639601 -0.012631 0.999920 0.000000 1.380831 0.000000 0.000000 1.000000 0.000000
0.999919 0.012761 0.000000 404.640259 -0.012761 0.999919 0.000000 1.382158 0.000000 0.000000 1.000000 0.000000
0.999919 0.012721 0.000000 404.633811 -0.012721 0.999919 0.000000 1.393728 0.000000 0.000000 1.000000 0.000000
0.999921 0.012571 0.000000 404.650058 -0.012571 0.999921 0.000000 1.377705 0.000000 0.000000 1.000000 0.000000
0.999924 0.012360 0.000000 404.652395 -0.012360 0.999924 0.000000 1.369853 0.000000 0.000000 1.000000 0.000000
0.999918 0.012811 0.000000 404.634854 -0.012811 0.999918 0.000000 1.393602 0.000000 0.000000 1.000000 0.000000
0.999920 0.012674 0.000000 404.637322 -0.012674 0.999920 0.000000 1.392728 0.000000 0.000000 1.000000 0.000000
0.999918 0.012804 0.000000 404.638489 -0.012804 0.999918 0.000000 1.397565 0.000000 0.000000 1.000000 0.000000
0.999923 0.012430 0.000000 404.653671 -0.012430 0.999923 0.000000 1.384032 0.000000 0.000000 1.000000 0.000000
0.999920 0.012621 0.000000 404.644655 -0.012621 0.999920 0.000000 1.378138 0.000000 0.000000 1.000000 0.000000
0.999917 0.012859 0.000000 404.618403 -0.012859 0.999917 0.000000 1.387976 0.000000 0.000000 1.000000 0.000000
0.999923 0.012423 0.000000 404.638614 -0.012423 0.999923 0.000000 1.398477 0.000000 0.000000 1.000000 0.000000
0.999919 0.012693 0.000000 404.634215 -0.012693 0.999919 0.000000 1.392384 0.000000 0.000000 1.000000 0.000000
0.999923 0.012393 0.000000 404.646319 -0.012393 0.999923 0.000000 1.395655 0.000000 0.000000 1.000000 0.000000
0.999919 0.012704 0.000000 404.635484 -0.012704 0.999919 0.000000 1.385175 0.000000 0.000000 1.000000 0.000000
0.999922 0.012484 0.000000 404.640598 -0.012484 0.999922 0.000000 1.377219 0.000000 0.000000 1.000000 0.000000
0.999923 0.012398 0.000000 404.642588 -0.012398 0.999923 0.000000 1.391047 0.000000 0.000000 1.000000 0.000000
0.999920 0.012644 0.000000 404.642006 -0.012644 0.999920 0.000000 1.379684 0.000000 0.000000 1.000000 0.000000
0.999920 0.012679 0.000000 404.634562 -0.012679 0.999920 0.000000 1.389139 0.000000 0.000000 1.000000 0.000000
0.999921 0.012586 0.000000 404.634556 -0.012586 0.999921 0.000000 1.389805 0.000000 0.000000 1.000000 0.000000
0.999920 0.012687 0.000000 404.634167 -0.012687 0.999920 0.000000 1.392110 0.000000 0.000000 1.000000 0.000000
0.999921 0.012585 0.000000 404.648908 -0.012585 0.999921 0.000000 1.377070 0.000000 0.000000 1.000000 0.000000
0.999923 0.012446 0.000000 404.644031 -0.012446 0.999923 0.000000 1.368296 0.000000 0.000000 1.000000 0.000000
0.999919 0.012715 0.000000 404.654636 -0.012715 0.999919 0.000000 1.362032 0.000000 0.000000 1.000000 0.000000
0.999924 0.012303 0.000000 404.649045 -0.012303 0.999924 0.000000 1.362950 0.000000 0.000000 1.000000 0.000000
0.999924 0.012294 0.000000 404.655331 -0.012294 0.999924 0.000000 1.377289 0.000000 0.000000 1.000000 0.000000
0.999921 0.012551 0.000000 404.646914 -0.012551 0.999921 0.000000 1.380191 0.000000 0.000000 1.000000 0.000000
0.999923 0.012386 0.000000 404.641333 -0.012386 0.999923 0.000000 1.379682 0.000000 0.000000 1.000000 0.000000
0.999925 0.012247 0.000000 404.624281 -0.012247 0.999925 0.000000 1.376161 0.000000 0.000000 1.000000 0.000000
0.999921 0.012597 0.000000 404.647043 -0.012597 0.999921 0.000000 1.382739 0.000000 0.000000 1.000000 0.000000
0.999923 0.012401 0.000000 404.641559 -0.012401 0.999923 0.000000 1.381267 0.000000 0.000000 1.000000 0.000000
0.999922 0.012463 0.000000 404.654250 -0.012463 0.999922 0.000000 1.375651 0.000000 0.000000 1.000000 0.000000
0.999925 0.012273 0.000000 404.655498 -0.012273 0.999925 0.000000 1.363722 0.000000 0.000000 1.000000 0.000000
0.999923 0.012419 0.000000 404.643338 -0.012419 0.999923 0.000000 1.373334 0.000000 0.000000 1.000000 0.000000
0.999921 0.012531 0.000000 404.653113 -0.012531 0.999921 0.000000 1.386174 0.000000 0.000000 1.000000 0.000000
0.999922 0.012524 0.000000 404.657183 -0.012524 0.999922 0.000000 1.372232 0.000000 0.000000 1.000000 0.000000
0.999921 0.012603 0.000000 404.651855 -0.012603 0.999921 0.000000 1.383799 0.000000 0.000000 1.000000 0.000000
0.999923 0.012423 0.000000 404.644456 -0.012423 0.999923 0.000000 1.380885 0.000000 0.000000 1.000000 0.000000
0.999924 0.012358 0.000000 404.653185 -0.012358 0.999924 0.000000 1.374450 0.000000 0.000000 1.000000 0.000000
0.999923 0.012411 0.000000 404.651365 -0.012411 0.999923 0.000000 1.381492 0.000000 0.000000 1.000000 0.000000
0.999920 0.012673 0.000000 404.652818 -0.012673 0.999920 0.000000 1.374496 0.000000 0.000000 1.000000 0.000000
0.999926 0.012161 0.000000 404.662387 -0.012161 0.999926 0.000000 1.372853 0.000000 0.000000 1.000000 0.000000
0.999923 0.012432 0.000000 404.661546 -0.012432 0.999923 0.000000 1.381767 0.000000 0.000000 1.000000 0.000000
0.999922 0.012463 0.000000 404.650660 -0.012463 0.999922 0.000000 1.392829 0.000000 0.000000 1.000000 0.000000
0.999922 0.012462 0.000000 404.663493 -0.012462 0.999922 0.000000 1.381669 0.000000 0.000000 1.000000 0.000000
0.999922 0.012494 0.000000 404.644710 -0.012494 0.999922 0.000000 1.385274 0.000000 0.000000 1.000000 0.000000
0.999919 0.012710 0.000000 404.637224 -0.012710 0.999919 0.000000 1.398633 0.000000 0.000000 1.000000 0.000000
0.999920 0.012618 0.000000 404.654746 -0.012618 0.999920 0.000000 1.385798 0.000000 0.000000 1.000000 0.000000
0.999922 0.012477 0.000000 404.657997 -0.012477 0.999922 0.000000 1.382952 0.000000 0.000000 1.000000 0.000000
0.999923 0.012430 0.000000 404.652812 -0.012430 0.999923 0.000000 1.383980 0.000000 0.000000 1.000000 0.000000
0.999923 0.012424 0.000000 404.645933 -0.012424 0.999923 0.000000 1.374475 0.000000 0.000000 1.000000 0.000000
0.999918 0.012779 0.000000 404.632380 -0.012779 0.999918 0.000000 1.393692 0.000000 0.000000 1.000000 0.000000
0.999920 0.012671 0.000000 404.632836 -0.012671 0.999920 0.000000 1.406075 0.000000 0.000000 1.000000 0.000000
0.999923 0.012394 0.000000 404.644289 -0.012394 0.999923 0.000000 1.392317 0.000000 0.000000 1.000000 0.000000
0.999923 0.012423 0.000000 404.647695 -0.012423 0.999923 0.000000 1.393749 0.000000 0.000000 1.000000 0.000000
0.999925 0.012224 0.000000 404.675325 -0.012224 0.999925 0.000000 1.382978 0.000000 0.000000 1.000000 0.000000
0.999924 0.012312 0.000000 404.658328 -0.012312 0.999924 0.000000 1.409325 0.000000 0.000000 1.000000 0.000000
0.999922 0.012460 0.000000 404.651560 -0.012460 0.999922 0.000000 1.376676 0.000000 0.000000 1.000000 0.000000
0.999923 0.012379 0.000000 404.650418 -0.012379 0.999923 0.000000 1.388540 0.000000 0.000000 1.000000 0.000000
0.999921 0.012607 0.000000 404.658840 -0.012607 0.999921 0.000000 1.397067 0.000000 0.000000 1.000000 0.000000
0.999921 0.012566 0.000000 404.713250 -0.012566 0.999921 0.000000 1.395802 0.000000 0.000000 1.000000 0.000000
0.999918 0.012803 0.000000 404.786709 -0.012803 0.999918 0.000000 1.377634 0.000000 0.000000 1.000000 0.000000
0.999917 0.012886 0.000000 404.897802 -0.012886 0.999917 0.000000 1.371539 0.000000 0.000000 1.000000 0.000000
0.999927 0.012120 0.000000 405.128756 -0.012120 0.999927 0.000000 1.396408 0.000000 0.000000 1.000000 0.000000
0.999930 0.011799 0.000000 405.364945 -0.011799 0.999930 0.000000 1.402943 0.000000 0.000000 1.000000 0.000000
0.999920 0.012631 0.000000 405.726537 -0.012631 0.999920 0.000000 1.391469 0.000000 0.000000 1.000000 0.000000
0.999904 0.013863 0.000000 406.157922 -0.013863 0.999904 0.000000 1.334233 0.000000 0.000000 1.000000 0.000000
0.999901 0.014063 0.000000 406.641858 -0.014063 0.999901 0.000000 1.343604 0.000000 0.000000 1.000000 0.000000
0.999894 0.014571 0.000000 407.266303 -0.014571 0.999894 0.000000 1.345087 0.000000 0.000000 1.000000 0.000000
0.999892 0.014704 0.000000 407.924898 -0.014704 0.999892 0.000000 1.356653 0.000000 0.000000 1.000000 0.000000
0.999889 0.014915 0.000000 408.711546 -0.014915 0.999889 0.000000 1.353751 0.000000 0.000000 1.000000 0.000000
0.999873 0.015953 0.000000 409.588658 -0.015953 0.999873 0.000000 1.341278 0.000000 0.000000 1.000000 0.000000
0.999877 0.015690 0.000000 410.523528 -0.015690 0.999877 0.000000 1.332847 0.000000 0.000000 1.000000 0.000000
0.999867 0.016331 0.000000 411.550541 -0.016331 0.999867 0.000000 1.308414 0.000000 0.000000 1.000000 0.000000
0.999850 0.017332 0.000000 412.654426 -0.017332 0.999850 0.000000 1.286096 0.000000 0.000000 1.000000 0.000000
0.999839 0.017933 0.000000 413.807107 -0.017933 0.999839 0.000000 1.314051 0.000000 0.000000 1.000000 0.000000
0.999822 0.018843 0.000000 415.032987 -0.018843 0.999822 0.000000 1.284219 0.000000 0.000000 1.000000 0.000000
0.999805 0.019733 0.000000 416.349207 -0.019733 0.999805 0.000000 1.271622 0.000000 0.000000 1.000000 0.000000
0.999773 0.021289 0.000000 417.678499 -0.021289 0.999773 0.000000 1.253658 0.000000 0.000000 1.000000 0.000000
0.999772 0.021346 0.000000 419.065092 -0.021346 0.999772 0.000000 1.227590 0.000000 0.000000 1.000000 0.000000
0.999759 0.021939 0.000000 420.469376 -0.021939 0.999759 0.000000 1.234092 0.000000 0.000000 1.000000 0.000000
0.999751 0.022315 0.000000 421.903035 -0.022315 0.999751 0.000000 1.198307 0.000000 0.000000 1.000000 0.000000
0.999734 0.023085 0.000000 423.387185 -0.023085 0.999734 0.000000 1.148079 0.000000 0.000000 1.000000 0.000000
0.999727 0.023354 0.000000 424.872505 -0.023354 0.999727 0.000000 1.113891 0.000000 0.000000 1.000000 0.000000
0.999721 0.023610 0.000000 426.334353 -0.023610 0.999721 0.000000 1.085854 0.000000 0.000000 1.000000 0.000000
0.999745 0.022603 0.000000 427.750427 -0.022603 0.999745 0.000000 1.047505 0.000000 0.000000 1.000000 0.000000
0.999788 0.020569 0.000000 429.189604 -0.020569 0.999788 0.000000 1.062492 0.000000 0.000000 1.000000 0.000000
0.999931 0.011723 0.000000 430.587749 -0.011723 0.999931 0.000000 1.023761 0.000000 0.000000 1.000000 0.000000
0.999997 -0.002284 0.000000 431.980822 0.002284 0.999997 0.000000 1.007665 0.000000 0.000000 1.000000 0.000000
0.999674 -0.025546 0.000000 433.388135 0.025546 0.999674 0.000000 1.084063 0.000000 0.000000 1.000000 0.000000
0.998622 -0.052473 0.000000 434.750689 0.052473 0.998622 0.000000 1.179540 0.000000 0.000000 1.000000 0.000000
0.996251 -0.086504 0.000000 436.059140 0.086504 0.996251 0.000000 1.318621 0.000000 0.000000 1.000000 0.000000
0.991984 -0.126363 0.000000 437.412503 0.126363 0.991984 0.000000 1.536168 0.000000 0.000000 1.000000 0.000000
0.985019 -0.172445 0.000000 438.708072 0.172445 0.985019 0.000000 1.818920 0.000000 0.000000 1.000000 0.000000
0.974165 -0.225838 0.000000 440.006585 0.225838 0.974165 0.000000 2.142426 0.000000 0.000000 1.000000 0.000000
0.959078 -0.283142 0.000000 441.281790 0.283142 0.959078 0.000000 2.626951 0.000000 0.000000 1.000000 0.000000
0.939169 -0.343454 0.000000 442.465260 0.343454 0.939169 0.000000 3.135859 0.000000 0.000000 1.000000 0.000000
0.912374 -0.409357 0.000000 443.639332 0.409357 0.912374 0.000000 3.737068 0.000000 0.000000 1.000000 0.000000
0.878510 -0.477725 0.000000 444.767751 0.477725 0.878510 0.000000 4.440820 0.000000 0.000000 1.000000 0.000000
0.836214 -0.548403 0.000000 445.846279 0.548403 0.836214 0.000000 5.248060 0.000000 0.000000 1.000000 0.000000
0.786031 -0.618187 0.000000 446.860590 0.618187 0.786031 0.000000 6.178004 0.000000 0.000000 1.000000 0.000000
0.729026 -0.684486 0.000000 447.780020 0.684486 0.729026 0.000000 7.162848 0.000000 0.000000 1.000000 0.000000
0.667801 -0.744340 0.000000 448.688410 0.744340 0.667801 0.000000 8.285400 0.000000 0.000000 1.000000 0.000000
0.604275 -0.796776 0.000000 449.388062 0.796776 0.604275 0.000000 9.393332 0.000000 0.000000 1.000000 0.000000
0.542170 -0.840269 0.000000 450.148085 0.840269 0.542170 0.000000 10.632585 0.000000 0.000000 1.000000 0.000000
0.477715 -0.878515 0.000000 450.769919 0.878515 0.477715 0.000000 11.908594 0.000000 0.000000 1.000000 0.000000
0.412066 -0.911154 0.000000 451.290021 0.911154 0.412066 0.000000 13.237878 0.000000 0.000000 1.000000 0.000000
0.341447 -0.939901 0.000000 451.782489 0.939901 0.341447 0.000000 14.718209 0.000000 0.000000 1.000000 0.000000
0.268285 -0.963340 0.000000 452.119630 0.963340 0.268285 0.000000 16.208139 0.000000 0.000000 1.000000 0.000000
0.195216 -0.980760 0.000000 452.450034 0.980760 0.195216 0.000000 17.808970 0.000000 0.000000 1.000000 0.000000
0.141853 -0.989888 0.000000 452.574021 0.989888 0.141853 0.000000 19.582837 0.000000 0.000000 1.000000 0.000000
0.109187 -0.994021 0.000000 452.695819 0.994021 0.109187 0.000000 21.177888 0.000000 0.000000 1.000000 0.000000
0.082313 -0.996607 0.000000 452.834226 0.996607 0.082313 0.000000 22.865272 0.000000 0.000000 1.000000 0.000000
0.057592 -0.998340 0.000000 452.944938 0.998340 0.057592 0.000000 24.616900 0.000000 0.000000 1.000000 0.000000
0.035158 -0.999382 0.000000 453.001621 0.999382 0.035158 0.000000 26.531368 0.000000 0.000000 1.000000 0.000000
0.023006 -0.999735 0.000000 452.991424 0.999735 0.023006 0.000000 28.460464 0.000000 0.000000 1.000000 0.000000
0.015101 -0.999886 0.000000 453.045549 0.999886 0.015101 0.000000 30.365974 0.000000 0.000000 1.000000 0.000000
0.010917 -0.999940 0.000000 453.075111 0.999940 0.010917 0.000000 32.353640 0.000000 0.000000 1.000000 0.000000
0.008018 -0.999968 0.000000 453.084344 0.999968 0.008018 0.000000 34.384599 0.000000 0.000000 1.000000 0.000000
0.007577 -0.999971 0.000000 453.112607 0.999971 0.007577 0.000000 36.474582 0.000000 0.000000 1.000000 0.000000
0.006545 -0.999979 0.000000 453.085786 0.999979 0.006545 0.000000 38.604133 0.000000 0.000000 1.000000 0.000000
0.004793 -0.999989 0.000000 453.106336 0.999989 0.004793 0.000000 40.812196 0.000000 0.000000 1.000000 0.000000
0.005385 -0.999986 0.000000 453.124116 0.999986 0.005385 0.000000 43.035225 0.000000 0.000000 1.000000 0.000000
0.007747 -0.999970 0.000000 453.166901 0.999970 0.007747 0.000000 45.290549 0.000000 0.000000 1.000000 0.000000
0.010026 -0.999950 0.000000 453.165530 0.999950 0.010026 0.000000 47.572871 0.000000 0.000000 1.000000 0.000000
0.012358 -0.999924 0.000000 453.155971 0.999924 0.012358 0.000000 49.931622 0.000000 0.000000 1.000000 0.000000
