0.999940 0.010978 0.000000 -4.541679 -0.010978 0.999940 -0.000000 1.124682 -0.000000 0.000000 1.000000 0.000000 1547820889039724000

0.998753 -0.049929 0.000000 -2.914837 0.049929 0.998753 0.000000 1.229867 0.000000 0.000000 1.000000 0.000000 1547820939752470000

0.995763 -0.091952 0.000000 -1.279993 0.091952 0.995763 0.000000 1.357231 0.000000 0.000000 1.000000 0.000000 1547820940501358000

0.993949 -0.109844 0.000000 0.223797 0.109844 0.993949 0.000000 1.557782 0.000000 0.000000 1.000000 0.000000 1547820941007080000

0.993554 -0.113359 0.000000 1.997999 0.113359 0.993554 0.000000 1.755827 0.000000 0.000000 1.000000 0.000000 1547820941511941000

0.993609 -0.112876 0.000000 4.066452 0.112876 0.993609 0.000000 2.008096 0.000000 0.000000 1.000000 0.000000 1547820942011393000

0.993878 -0.110479 0.000000 6.350225 0.110479 0.993878 0.000000 2.246883 0.000000 0.000000 1.000000 0.000000 1547820942507873000

0.994757 -0.102270 0.000000 8.801689 0.102270 0.994757 0.000000 2.514613 0.000000 0.000000 1.000000 0.000000 1547820943004857000

0.995466 -0.095121 0.000000 11.304109 0.095121 0.995466 0.000000 2.682539 0.000000 0.000000 1.000000 0.000000 1547820943505223000

0.996316 -0.085760 0.000000 13.921545 0.085760 0.996316 0.000000 2.913569 0.000000 0.000000 1.000000 0.000000 1547820944006012000

0.997370 -0.072484 0.000000 16.615698 0.072484 0.997370 0.000000 3.128533 0.000000 0.000000 1.000000 0.000000 1547820944504647000

0.998359 -0.057269 0.000000 19.352565 0.057269 0.998359 0.000000 3.254971 0.000000 0.000000 1.000000 0.000000 1547820945002952000

0.998634 -0.052253 0.000000 22.069333 0.052253 0.998634 0.000000 3.339825 0.000000 0.000000 1.000000 0.000000 1547820945499475000

0.998851 -0.047928 0.000000 24.936975 0.047928 0.998851 0.000000 3.495604 0.000000 0.000000 1.000000 0.000000 1547820945995219000

0.998860 -0.047744 0.000000 26.443048 0.047744 0.998860 0.000000 3.529491 0.000000 0.000000 1.000000 0.000000 1547820946242839000

0.998925 -0.046362 0.000000 28.000978 0.046362 0.998925 0.000000 3.631140 0.000000 0.000000 1.000000 0.000000 1547820946491533000

0.998949 -0.045826 0.000000 29.645207 0.045826 0.998949 0.000000 3.693733 0.000000 0.000000 1.000000 0.000000 1547820946741455000

0.999010 -0.044476 0.000000 31.337483 0.044476 0.999010 0.000000 3.749283 0.000000 0.000000 1.000000 0.000000 1547820946991027000

0.999083 -0.042824 0.000000 32.991857 0.042824 0.999083 0.000000 3.842648 0.000000 0.000000 1.000000 0.000000 1547820947240890000

0.999124 -0.041836 0.000000 34.809550 0.041836 0.999124 0.000000 3.905504 0.000000 0.000000 1.000000 0.000000 1547820947491714000

0.999414 -0.034230 0.000000 36.691585 0.034230 0.999414 0.000000 3.961220 0.000000 0.000000 1.000000 0.000000 1547820947743412000

0.999519 -0.031009 0.000000 38.533229 0.031009 0.999519 0.000000 3.950608 0.000000 0.000000 1.000000 0.000000 1547820947994910000

0.999649 -0.026492 0.000000 40.410055 0.026492 0.999649 0.000000 4.035368 0.000000 0.000000 1.000000 0.000000 1547820948246254000

0.999739 -0.022840 0.000000 42.368386 0.022840 0.999739 0.000000 4.075915 0.000000 0.000000 1.000000 0.000000 1547820948497349000

0.999862 -0.016607 0.000000 44.289570 0.016607 0.999862 0.000000 4.107687 0.000000 0.000000 1.000000 0.000000 1547820948748169000

0.999941 -0.010849 0.000000 46.288746 0.010849 0.999941 0.000000 4.091581 0.000000 0.000000 1.000000 0.000000 1547820948999212000

0.999987 -0.005096 0.000000 48.277738 0.005096 0.999987 0.000000 4.048159 0.000000 0.000000 1.000000 0.000000 1547820949250771000

0.999994 0.003525 0.000000 50.335420 -0.003525 0.999994 -0.000000 4.071717 -0.000000 0.000000 1.000000 0.000000 1547820949503725000

0.999891 0.014754 0.000000 52.347358 -0.014754 0.999891 -0.000000 4.065238 -0.000000 0.000000 1.000000 0.000000 1547820949757505000

0.999669 0.025743 0.000000 54.328615 -0.025743 0.999669 -0.000000 3.980875 -0.000000 0.000000 1.000000 0.000000 1547820950009721000

0.999472 0.032482 0.000000 56.360373 -0.032482 0.999472 -0.000000 3.881471 -0.000000 0.000000 1.000000 0.000000 1547820950260174000

0.999498 0.031679 0.000000 58.346377 -0.031679 0.999498 -0.000000 3.793359 -0.000000 0.000000 1.000000 0.000000 1547820950508373000

0.999736 0.022977 0.000000 60.334798 -0.022977 0.999736 -0.000000 3.692606 -0.000000 0.000000 1.000000 0.000000 1547820950755254000

0.999962 0.008687 0.000000 62.313619 -0.008687 0.999962 -0.000000 3.731966 -0.000000 0.000000 1.000000 0.000000 1547820951002070000

0.999995 -0.003277 0.000000 64.325608 0.003277 0.999995 0.000000 3.733096 0.000000 0.000000 1.000000 0.000000 1547820951248627000

0.999904 -0.013820 0.000000 66.418787 0.013820 0.999904 0.000000 3.784134 0.000000 0.000000 1.000000 0.000000 1547820951496269000

0.999718 -0.023754 0.000000 68.487302 0.023754 0.999718 0.000000 3.825810 0.000000 0.000000 1.000000 0.000000 1547820951745695000

0.999450 -0.033177 0.000000 70.567945 0.033177 0.999450 0.000000 3.885308 0.000000 0.000000 1.000000 0.000000 1547820951995970000

0.998990 -0.044936 0.000000 72.696158 0.044936 0.998990 0.000000 3.958705 0.000000 0.000000 1.000000 0.000000 1547820952247071000

0.998497 -0.054810 0.000000 74.816448 0.054810 0.998497 0.000000 4.017315 0.000000 0.000000 1.000000 0.000000 1547820952497121000

0.998309 -0.058128 0.000000 76.920830 0.058128 0.998309 0.000000 4.162707 0.000000 0.000000 1.000000 0.000000 1547820952746211000

0.998253 -0.059080 0.000000 79.103129 0.059080 0.998253 0.000000 4.314734 0.000000 0.000000 1.000000 0.000000 1547820952996165000

0.998343 -0.057546 0.000000 81.337725 0.057546 0.998343 0.000000 4.413306 0.000000 0.000000 1.000000 0.000000 1547820953246699000

0.998318 -0.057976 0.000000 83.537639 0.057976 0.998318 0.000000 4.496814 0.000000 0.000000 1.000000 0.000000 1547820953497991000

0.998347 -0.057474 0.000000 85.715769 0.057474 0.998347 0.000000 4.603137 0.000000 0.000000 1.000000 0.000000 1547820953749588000

0.998380 -0.056898 0.000000 87.950746 0.056898 0.998380 0.000000 4.728862 0.000000 0.000000 1.000000 0.000000 1547820954001121000

0.998477 -0.055172 0.000000 90.244627 0.055172 0.998477 0.000000 4.837924 0.000000 0.000000 1.000000 0.000000 1547820954252720000

0.998658 -0.051782 0.000000 92.500944 0.051782 0.998658 0.000000 4.968049 0.000000 0.000000 1.000000 0.000000 1547820954504539000

0.998908 -0.046715 0.000000 94.729344 0.046715 0.998908 0.000000 5.019512 0.000000 0.000000 1.000000 0.000000 1547820954755618000

0.999066 -0.043202 0.000000 97.031685 0.043202 0.999066 0.000000 5.163397 0.000000 0.000000 1.000000 0.000000 1547820955006846000

0.999223 -0.039414 0.000000 99.382290 0.039414 0.999223 0.000000 5.222243 0.000000 0.000000 1.000000 0.000000 1547820955258641000

0.999359 -0.035799 0.000000 101.680863 0.035799 0.999359 0.000000 5.305623 0.000000 0.000000 1.000000 0.000000 1547820955510540000

0.999510 -0.031303 0.000000 104.083377 0.031303 0.999510 0.000000 5.380100 0.000000 0.000000 1.000000 0.000000 1547820955762650000

0.999599 -0.028313 0.000000 106.531942 0.028313 0.999599 0.000000 5.424794 0.000000 0.000000 1.000000 0.000000 1547820956016056000

0.999570 -0.029329 0.000000 108.964744 0.029329 0.999570 0.000000 5.487363 0.000000 0.000000 1.000000 0.000000 1547820956269148000

0.999592 -0.028573 0.000000 111.357064 0.028573 0.999592 0.000000 5.534082 0.000000 0.000000 1.000000 0.000000 1547820956519540000

0.999581 -0.028955 0.000000 113.760463 0.028955 0.999581 0.000000 5.590087 0.000000 0.000000 1.000000 0.000000 1547820956767543000

0.999525 -0.030831 0.000000 116.240041 0.030831 0.999525 0.000000 5.685335 0.000000 0.000000 1.000000 0.000000 1547820957015081000

0.999508 -0.031359 0.000000 118.692815 0.031359 0.999508 0.000000 5.719919 0.000000 0.000000 1.000000 0.000000 1547820957262315000

0.999511 -0.031268 0.000000 121.053772 0.031268 0.999511 0.000000 5.820858 0.000000 0.000000 1.000000 0.000000 1547820957509607000

0.999488 -0.032003 0.000000 123.627628 0.032003 0.999488 0.000000 5.862834 0.000000 0.000000 1.000000 0.000000 1547820957757729000

0.999522 -0.030907 0.000000 126.085532 0.030907 0.999522 0.000000 5.976575 0.000000 0.000000 1.000000 0.000000 1547820958006973000

0.999524 -0.030848 0.000000 128.593420 0.030848 0.999524 0.000000 6.080817 0.000000 0.000000 1.000000 0.000000 1547820958257647000

0.999478 -0.032322 0.000000 131.140312 0.032322 0.999478 0.000000 6.137456 0.000000 0.000000 1.000000 0.000000 1547820958508389000

0.999502 -0.031561 0.000000 133.662937 0.031561 0.999502 0.000000 6.238699 0.000000 0.000000 1.000000 0.000000 1547820958759351000

0.999479 -0.032268 0.000000 136.235476 0.032268 0.999479 0.000000 6.256991 0.000000 0.000000 1.000000 0.000000 1547820959009893000

0.999479 -0.032268 0.000000 138.710430 0.032268 0.999479 0.000000 6.334350 0.000000 0.000000 1.000000 0.000000 1547820959260015000

0.999409 -0.034361 0.000000 141.284493 0.034361 0.999409 0.000000 6.401744 0.000000 0.000000 1.000000 0.000000 1547820959510286000

0.999366 -0.035590 0.000000 143.865820 0.035590 0.999366 0.000000 6.516731 0.000000 0.000000 1.000000 0.000000 1547820959760494000

0.999361 -0.035744 0.000000 146.354435 0.035744 0.999361 0.000000 6.551817 0.000000 0.000000 1.000000 0.000000 1547820960010416000

0.999304 -0.037309 0.000000 148.832815 0.037309 0.999304 0.000000 6.660706 0.000000 0.000000 1.000000 0.000000 1547820960261598000

0.999279 -0.037957 0.000000 151.305384 0.037957 0.999279 0.000000 6.731764 0.000000 0.000000 1.000000 0.000000 1547820960513967000

0.999246 -0.038818 0.000000 153.719514 0.038818 0.999246 0.000000 6.824170 0.000000 0.000000 1.000000 0.000000 1547820960765841000

0.999204 -0.039883 0.000000 156.162863 0.039883 0.999204 0.000000 6.926477 0.000000 0.000000 1.000000 0.000000 1547820961017359000

0.999223 -0.039402 0.000000 158.551550 0.039402 0.999223 0.000000 7.009678 0.000000 0.000000 1.000000 0.000000 1547820961268537000

0.999179 -0.040508 0.000000 160.834505 0.040508 0.999179 0.000000 7.072698 0.000000 0.000000 1.000000 0.000000 1547820961519764000

0.999149 -0.041237 0.000000 163.132714 0.041237 0.999149 0.000000 7.172622 0.000000 0.000000 1.000000 0.000000 1547820961771425000

0.999107 -0.042259 0.000000 165.446660 0.042259 0.999107 0.000000 7.252520 0.000000 0.000000 1.000000 0.000000 1547820962022885000

0.999068 -0.043166 0.000000 167.733004 0.043166 0.999068 0.000000 7.358211 0.000000 0.000000 1.000000 0.000000 1547820962274092000

0.998994 -0.044833 0.000000 169.960458 0.044833 0.998994 0.000000 7.510098 0.000000 0.000000 1.000000 0.000000 1547820962524959000

0.998831 -0.048334 0.000000 172.128928 0.048334 0.998831 0.000000 7.597769 0.000000 0.000000 1.000000 0.000000 1547820962776097000

0.998787 -0.049248 0.000000 174.331085 0.049248 0.998787 0.000000 7.695659 0.000000 0.000000 1.000000 0.000000 1547820963027594000

0.998673 -0.051499 0.000000 176.458342 0.051499 0.998673 0.000000 7.783772 0.000000 0.000000 1.000000 0.000000 1547820963278976000

0.998560 -0.053643 0.000000 178.604758 0.053643 0.998560 0.000000 7.934351 0.000000 0.000000 1.000000 0.000000 1547820963531446000

0.998397 -0.056591 0.000000 180.752801 0.056591 0.998397 0.000000 8.090805 0.000000 0.000000 1.000000 0.000000 1547820963785125000

0.998301 -0.058259 0.000000 182.861392 0.058259 0.998301 0.000000 8.211588 0.000000 0.000000 1.000000 0.000000 1547820964037846000

0.998172 -0.060433 0.000000 184.836456 0.060433 0.998172 0.000000 8.301286 0.000000 0.000000 1.000000 0.000000 1547820964287988000

0.997935 -0.064235 0.000000 186.857285 0.064235 0.997935 0.000000 8.425875 0.000000 0.000000 1.000000 0.000000 1547820964536256000

0.997589 -0.069406 0.000000 188.846032 0.069406 0.997589 0.000000 8.515837 0.000000 0.000000 1.000000 0.000000 1547820964784060000

0.997064 -0.076573 0.000000 190.750341 0.076573 0.997064 0.000000 8.679993 0.000000 0.000000 1.000000 0.000000 1547820965031668000

0.996283 -0.086141 0.000000 192.603495 0.086141 0.996283 0.000000 8.818332 0.000000 0.000000 1.000000 0.000000 1547820965278727000

0.995377 -0.096048 0.000000 194.459867 0.096048 0.995377 0.000000 8.979574 0.000000 0.000000 1.000000 0.000000 1547820965526557000

0.994265 -0.106946 0.000000 196.244461 0.106946 0.994265 0.000000 9.151275 0.000000 0.000000 1.000000 0.000000 1547820965775640000

0.993408 -0.114634 0.000000 198.038797 0.114634 0.993408 0.000000 9.344450 0.000000 0.000000 1.000000 0.000000 1547820966026015000

0.992628 -0.121200 0.000000 199.777956 0.121200 0.992628 0.000000 9.600696 0.000000 0.000000 1.000000 0.000000 1547820966276803000

0.992237 -0.124362 0.000000 201.472340 0.124362 0.992237 0.000000 9.754949 0.000000 0.000000 1.000000 0.000000 1547820966527025000

0.991908 -0.126957 0.000000 203.135984 0.126957 0.991908 0.000000 10.004167 0.000000 0.000000 1.000000 0.000000 1547820966776998000

0.991416 -0.130745 0.000000 204.842274 0.130745 0.991416 0.000000 10.265150 0.000000 0.000000 1.000000 0.000000 1547820967027446000

0.991356 -0.131197 0.000000 206.477240 0.131197 0.991356 0.000000 10.473878 0.000000 0.000000 1.000000 0.000000 1547820967277890000

0.991006 -0.133818 0.000000 208.096416 0.133818 0.991006 0.000000 10.674403 0.000000 0.000000 1.000000 0.000000 1547820967527678000

0.990608 -0.136733 0.000000 209.745386 0.136733 0.990608 0.000000 10.959373 0.000000 0.000000 1.000000 0.000000 1547820967778283000

0.990111 -0.140285 0.000000 211.379688 0.140285 0.990111 0.000000 11.195447 0.000000 0.000000 1.000000 0.000000 1547820968030538000

0.989737 -0.142902 0.000000 213.054647 0.142902 0.989737 0.000000 11.436597 0.000000 0.000000 1.000000 0.000000 1547820968283018000

0.989270 -0.146102 0.000000 214.617380 0.146102 0.989270 0.000000 11.623022 0.000000 0.000000 1.000000 0.000000 1547820968534959000

0.988413 -0.151786 0.000000 216.192354 0.151786 0.988413 0.000000 11.846272 0.000000 0.000000 1.000000 0.000000 1547820968786053000

0.987780 -0.155857 0.000000 217.719453 0.155857 0.987780 0.000000 12.102006 0.000000 0.000000 1.000000 0.000000 1547820969036366000

0.987795 -0.155758 0.000000 219.187194 0.155758 0.987795 0.000000 12.421742 0.000000 0.000000 1.000000 0.000000 1547820969286652000

0.988209 -0.153110 0.000000 222.063859 0.153110 0.988209 0.000000 12.797096 0.000000 0.000000 1.000000 0.000000 1547820969786535000

0.988541 -0.150955 0.000000 224.734550 0.150955 0.988541 0.000000 13.276820 0.000000 0.000000 1.000000 0.000000 1547820970288225000

0.988304 -0.152498 0.000000 227.364021 0.152498 0.988304 0.000000 13.651269 0.000000 0.000000 1.000000 0.000000 1547820970793181000

0.988227 -0.152996 0.000000 229.832239 0.152996 0.988227 0.000000 14.012171 0.000000 0.000000 1.000000 0.000000 1547820971295046000

0.987560 -0.157241 0.000000 232.281162 0.157241 0.987560 0.000000 14.349391 0.000000 0.000000 1.000000 0.000000 1547820971793653000

0.986518 -0.163653 0.000000 234.609972 0.163653 0.986518 0.000000 14.850230 0.000000 0.000000 1.000000 0.000000 1547820972290585000

0.987450 -0.157933 0.000000 236.859254 0.157933 0.987450 0.000000 15.099960 0.000000 0.000000 1.000000 0.000000 1547820972787153000

0.988658 -0.150184 0.000000 239.197004 0.150184 0.988658 0.000000 15.508214 0.000000 0.000000 1.000000 0.000000 1547820973284197000

0.989832 -0.142241 0.000000 241.825227 0.142241 0.989832 0.000000 15.876771 0.000000 0.000000 1.000000 0.000000 1547820973781459000

0.990443 -0.137925 0.000000 244.554336 0.137925 0.990443 0.000000 16.230442 0.000000 0.000000 1.000000 0.000000 1547820974279773000

0.989809 -0.142404 0.000000 247.527335 0.142404 0.989809 0.000000 16.629129 0.000000 0.000000 1.000000 0.000000 1547820974780749000

0.989284 -0.146001 0.000000 249.072388 0.146001 0.989284 0.000000 16.853574 0.000000 0.000000 1.000000 0.000000 1547820975031266000

0.988405 -0.151839 0.000000 250.634541 0.151839 0.988405 0.000000 17.044056 0.000000 0.000000 1.000000 0.000000 1547820975281380000

0.988122 -0.153671 0.000000 252.241281 0.153671 0.988122 0.000000 17.340265 0.000000 0.000000 1.000000 0.000000 1547820975531368000

0.987898 -0.155108 0.000000 253.952745 0.155108 0.987898 0.000000 17.583742 0.000000 0.000000 1.000000 0.000000 1547820975781349000

0.987924 -0.154942 0.000000 255.621590 0.154942 0.987924 0.000000 17.820782 0.000000 0.000000 1.000000 0.000000 1547820976031559000

0.988023 -0.154305 0.000000 257.367818 0.154305 0.988023 0.000000 18.113182 0.000000 0.000000 1.000000 0.000000 1547820976281946000

0.988244 -0.152883 0.000000 259.128969 0.152883 0.988244 0.000000 18.338125 0.000000 0.000000 1.000000 0.000000 1547820976531997000

0.988624 -0.150409 0.000000 260.856136 0.150409 0.988624 0.000000 18.663489 0.000000 0.000000 1.000000 0.000000 1547820976781873000

0.988893 -0.148626 0.000000 262.650634 0.148626 0.988893 0.000000 18.858998 0.000000 0.000000 1.000000 0.000000 1547820977033026000

0.989480 -0.144667 0.000000 264.471167 0.144667 0.989480 0.000000 19.139665 0.000000 0.000000 1.000000 0.000000 1547820977284989000

0.989824 -0.142299 0.000000 266.365950 0.142299 0.989824 0.000000 19.390226 0.000000 0.000000 1.000000 0.000000 1547820977537018000

0.990032 -0.140843 0.000000 268.219889 0.140843 0.990032 0.000000 19.700161 0.000000 0.000000 1.000000 0.000000 1547820977788685000

0.990351 -0.138581 0.000000 270.075291 0.138581 0.990351 0.000000 19.913827 0.000000 0.000000 1.000000 0.000000 1547820978039736000

0.991334 -0.131363 0.000000 271.982425 0.131363 0.991334 0.000000 20.186689 0.000000 0.000000 1.000000 0.000000 1547820978289705000

0.992213 -0.124553 0.000000 273.850759 0.124553 0.992213 0.000000 20.386132 0.000000 0.000000 1.000000 0.000000 1547820978538738000

0.992762 -0.120097 0.000000 275.867917 0.120097 0.992762 0.000000 20.644849 0.000000 0.000000 1.000000 0.000000 1547820978787728000

0.993448 -0.114283 0.000000 277.767450 0.114283 0.993448 0.000000 20.845116 0.000000 0.000000 1.000000 0.000000 1547820979036043000

0.993971 -0.109641 0.000000 279.663783 0.109641 0.993971 0.000000 21.040918 0.000000 0.000000 1.000000 0.000000 1547820979284298000

0.994729 -0.102536 0.000000 281.667980 0.102536 0.994729 0.000000 21.252328 0.000000 0.000000 1.000000 0.000000 1547820979532505000

0.995139 -0.098485 0.000000 283.577033 0.098485 0.995139 0.000000 21.436337 0.000000 0.000000 1.000000 0.000000 1547820979780654000

0.995691 -0.092732 0.000000 285.552995 0.092732 0.995691 0.000000 21.596006 0.000000 0.000000 1.000000 0.000000 1547820980028752000

0.996038 -0.088930 0.000000 287.572246 0.088930 0.996038 0.000000 21.749483 0.000000 0.000000 1.000000 0.000000 1547820980276948000

0.996108 -0.088137 0.000000 289.539259 0.088137 0.996108 0.000000 21.937296 0.000000 0.000000 1.000000 0.000000 1547820980525393000

0.996202 -0.087067 0.000000 291.546493 0.087067 0.996202 0.000000 22.090443 0.000000 0.000000 1.000000 0.000000 1547820980773852000

0.996429 -0.084431 0.000000 293.553502 0.084431 0.996429 0.000000 22.207480 0.000000 0.000000 1.000000 0.000000 1547820981022540000

0.996500 -0.083598 0.000000 295.528679 0.083598 0.996500 0.000000 22.364458 0.000000 0.000000 1.000000 0.000000 1547820981272414000

0.996635 -0.081968 0.000000 297.460281 0.081968 0.996635 0.000000 22.530206 0.000000 0.000000 1.000000 0.000000 1547820981522665000

0.996730 -0.080802 0.000000 299.420974 0.080802 0.996730 0.000000 22.668318 0.000000 0.000000 1.000000 0.000000 1547820981772921000

0.996836 -0.079490 0.000000 301.351563 0.079490 0.996836 0.000000 22.810630 0.000000 0.000000 1.000000 0.000000 1547820982023014000

0.997063 -0.076585 0.000000 303.247104 0.076585 0.997063 0.000000 22.961138 0.000000 0.000000 1.000000 0.000000 1547820982273032000

0.997104 -0.076049 0.000000 305.023524 0.076049 0.997104 0.000000 23.062874 0.000000 0.000000 1.000000 0.000000 1547820982522726000

0.997284 -0.073658 0.000000 306.853066 0.073658 0.997284 0.000000 23.212589 0.000000 0.000000 1.000000 0.000000 1547820982771931000

0.997393 -0.072158 0.000000 308.611151 0.072158 0.997393 0.000000 23.309697 0.000000 0.000000 1.000000 0.000000 1547820983021589000

0.997531 -0.070231 0.000000 310.356385 0.070231 0.997531 0.000000 23.462099 0.000000 0.000000 1.000000 0.000000 1547820983271059000

0.997517 -0.070420 0.000000 312.077362 0.070420 0.997517 0.000000 23.561458 0.000000 0.000000 1.000000 0.000000 1547820983520996000

0.997468 -0.071111 0.000000 313.863767 0.071111 0.997468 0.000000 23.682532 0.000000 0.000000 1.000000 0.000000 1547820983771231000

0.997559 -0.069833 0.000000 315.646835 0.069833 0.997559 0.000000 23.786904 0.000000 0.000000 1.000000 0.000000 1547820984021303000

0.997694 -0.067866 0.000000 317.466161 0.067866 0.997694 0.000000 23.902331 0.000000 0.000000 1.000000 0.000000 1547820984272690000

0.997915 -0.064544 0.000000 319.270965 0.064544 0.997915 0.000000 24.013720 0.000000 0.000000 1.000000 0.000000 1547820984524878000

0.998191 -0.060116 0.000000 321.084551 0.060116 0.998191 0.000000 24.120603 0.000000 0.000000 1.000000 0.000000 1547820984776335000

0.998489 -0.054950 0.000000 322.971837 0.054950 0.998489 0.000000 24.233637 0.000000 0.000000 1.000000 0.000000 1547820985027103000

0.998876 -0.047390 0.000000 324.833254 0.047390 0.998876 0.000000 24.323623 0.000000 0.000000 1.000000 0.000000 1547820985277712000

0.999170 -0.040738 0.000000 326.731525 0.040738 0.999170 0.000000 24.291986 0.000000 0.000000 1.000000 0.000000 1547820985528382000

0.999351 -0.036034 0.000000 328.675406 0.036034 0.999351 0.000000 24.394273 0.000000 0.000000 1.000000 0.000000 1547820985778569000

0.999535 -0.030505 0.000000 330.606492 0.030505 0.999535 0.000000 24.452127 0.000000 0.000000 1.000000 0.000000 1547820986028378000

0.999732 -0.023150 0.000000 332.560233 0.023150 0.999732 0.000000 24.470989 0.000000 0.000000 1.000000 0.000000 1547820986277808000

0.999830 -0.018453 0.000000 334.594162 0.018453 0.999830 0.000000 24.507668 0.000000 0.000000 1.000000 0.000000 1547820986527003000

0.999890 -0.014851 0.000000 336.639480 0.014851 0.999890 0.000000 24.534120 0.000000 0.000000 1.000000 0.000000 1547820986776242000

0.999936 -0.011345 0.000000 338.697784 0.011345 0.999936 0.000000 24.558768 0.000000 0.000000 1.000000 0.000000 1547820987025369000

0.999964 -0.008532 0.000000 340.784193 0.008532 0.999964 0.000000 24.582730 0.000000 0.000000 1.000000 0.000000 1547820987274369000

0.999990 -0.004384 0.000000 342.874046 0.004384 0.999990 0.000000 24.549488 0.000000 0.000000 1.000000 0.000000 1547820987522936000

0.999999 -0.001685 0.000000 344.937407 0.001685 0.999999 0.000000 24.534620 0.000000 0.000000 1.000000 0.000000 1547820987771384000

1.000000 0.000924 0.000000 347.094749 -0.000924 1.000000 -0.000000 24.504428 -0.000000 0.000000 1.000000 0.000000 1547820988020200000

0.999998 0.002180 0.000000 349.193407 -0.002180 0.999998 -0.000000 24.487034 -0.000000 0.000000 1.000000 0.000000 1547820988270174000

0.999994 0.003328 0.000000 351.305755 -0.003328 0.999994 -0.000000 24.476661 -0.000000 0.000000 1.000000 0.000000 1547820988520525000

0.999994 0.003475 0.000000 353.496043 -0.003475 0.999994 -0.000000 24.502006 -0.000000 0.000000 1.000000 0.000000 1547820988770675000

0.999997 0.002506 0.000000 355.632806 -0.002506 0.999997 -0.000000 24.453899 -0.000000 0.000000 1.000000 0.000000 1547820989020766000

0.999996 0.002976 0.000000 357.839882 -0.002976 0.999996 -0.000000 24.430610 -0.000000 0.000000 1.000000 0.000000 1547820989270987000

0.999992 0.004059 0.000000 359.979291 -0.004059 0.999992 -0.000000 24.403660 -0.000000 0.000000 1.000000 0.000000 1547820989521203000

0.999993 0.003609 0.000000 362.186937 -0.003609 0.999993 -0.000000 24.419372 -0.000000 0.000000 1.000000 0.000000 1547820989770457000

0.999997 0.002554 0.000000 364.323918 -0.002554 0.999997 -0.000000 24.374506 -0.000000 0.000000 1.000000 0.000000 1547820990020035000

0.999999 0.001074 0.000000 366.502725 -0.001074 0.999999 -0.000000 24.403558 -0.000000 0.000000 1.000000 0.000000 1547820990270113000

0.999999 -0.001116 0.000000 368.699257 0.001116 0.999999 0.000000 24.422289 0.000000 0.000000 1.000000 0.000000 1547820990519524000

0.999992 -0.003963 0.000000 370.828621 0.003963 0.999992 0.000000 24.417213 0.000000 0.000000 1.000000 0.000000 1547820990769601000

0.999976 -0.006951 0.000000 373.022878 0.006951 0.999976 0.000000 24.418536 0.000000 0.000000 1.000000 0.000000 1547820991021087000

0.999955 -0.009486 0.000000 375.221322 0.009486 0.999955 0.000000 24.404659 0.000000 0.000000 1.000000 0.000000 1547820991273098000

0.999920 -0.012627 0.000000 377.437363 0.012627 0.999920 0.000000 24.439161 0.000000 0.000000 1.000000 0.000000 1547820991525010000

0.999871 -0.016076 0.000000 379.623265 0.016076 0.999871 0.000000 24.462398 0.000000 0.000000 1.000000 0.000000 1547820991776427000

0.999803 -0.019871 0.000000 381.818876 0.019871 0.999803 0.000000 24.515115 0.000000 0.000000 1.000000 0.000000 1547820992027441000

0.999711 -0.024029 0.000000 383.947526 0.024029 0.999711 0.000000 24.593806 0.000000 0.000000 1.000000 0.000000 1547820992278337000

0.999621 -0.027532 0.000000 386.119151 0.027532 0.999621 0.000000 24.607425 0.000000 0.000000 1.000000 0.000000 1547820992528949000

0.999525 -0.030826 0.000000 388.235226 0.030826 0.999525 0.000000 24.699362 0.000000 0.000000 1.000000 0.000000 1547820992778659000

0.999360 -0.035778 0.000000 390.367762 0.035778 0.999360 0.000000 24.746077 0.000000 0.000000 1.000000 0.000000 1547820993027776000

0.999226 -0.039341 0.000000 392.489409 0.039341 0.999226 0.000000 24.801257 0.000000 0.000000 1.000000 0.000000 1547820993277550000

0.999043 -0.043731 0.000000 394.540086 0.043731 0.999043 0.000000 24.894002 0.000000 0.000000 1.000000 0.000000 1547820993527292000

0.998840 -0.048159 0.000000 396.618095 0.048159 0.998840 0.000000 24.975024 0.000000 0.000000 1.000000 0.000000 1547820993776412000

0.998683 -0.051303 0.000000 398.650995 0.051303 0.998683 0.000000 25.084729 0.000000 0.000000 1.000000 0.000000 1547820994025374000

0.998415 -0.056280 0.000000 400.605580 0.056280 0.998415 0.000000 25.175323 0.000000 0.000000 1.000000 0.000000 1547820994274204000

0.998356 -0.057310 0.000000 402.626026 0.057310 0.998356 0.000000 25.282790 0.000000 0.000000 1.000000 0.000000 1547820994522794000

0.998351 -0.057405 0.000000 404.590151 0.057405 0.998351 0.000000 25.398509 0.000000 0.000000 1.000000 0.000000 1547820994771632000

0.998341 -0.057585 0.000000 406.556471 0.057585 0.998341 0.000000 25.488673 0.000000 0.000000 1.000000 0.000000 1547820995020212000

0.998315 -0.058025 0.000000 408.489204 0.058025 0.998315 0.000000 25.621384 0.000000 0.000000 1.000000 0.000000 1547820995269764000

0.998309 -0.058125 0.000000 410.428240 0.058125 0.998309 0.000000 25.689987 0.000000 0.000000 1.000000 0.000000 1547820995520431000

0.998289 -0.058476 0.000000 412.329474 0.058476 0.998289 0.000000 25.798675 0.000000 0.000000 1.000000 0.000000 1547820995770811000

0.998170 -0.060463 0.000000 414.175455 0.060463 0.998170 0.000000 25.883512 0.000000 0.000000 1.000000 0.000000 1547820996020747000

0.998125 -0.061214 0.000000 416.018715 0.061214 0.998125 0.000000 25.958547 0.000000 0.000000 1.000000 0.000000 1547820996270387000

0.998094 -0.061715 0.000000 417.874192 0.061715 0.998094 0.000000 26.083595 0.000000 0.000000 1.000000 0.000000 1547820996520123000

0.998027 -0.062788 0.000000 419.644421 0.062788 0.998027 0.000000 26.174375 0.000000 0.000000 1.000000 0.000000 1547820996769664000

0.998004 -0.063148 0.000000 421.477561 0.063148 0.998004 0.000000 26.287558 0.000000 0.000000 1.000000 0.000000 1547820997019078000

0.998094 -0.061708 0.000000 423.184062 0.061708 0.998094 0.000000 26.354183 0.000000 0.000000 1.000000 0.000000 1547820997268749000

0.998240 -0.059301 0.000000 424.903176 0.059301 0.998240 0.000000 26.451931 0.000000 0.000000 1.000000 0.000000 1547820997520025000

0.998604 -0.052829 0.000000 426.532080 0.052829 0.998604 0.000000 26.558129 0.000000 0.000000 1.000000 0.000000 1547820997771188000

0.999293 -0.037600 0.000000 428.130437 0.037600 0.999293 0.000000 26.581632 0.000000 0.000000 1.000000 0.000000 1547820998022593000

0.999868 -0.016272 0.000000 429.664048 0.016272 0.999868 0.000000 26.628983 0.000000 0.000000 1.000000 0.000000 1547820998275243000

0.999171 0.040718 0.000000 432.502362 -0.040718 0.999171 -0.000000 26.496027 -0.000000 0.000000 1.000000 0.000000 1547820998777182000

0.992158 0.124987 0.000000 435.003015 -0.124987 0.992158 -0.000000 26.155532 -0.000000 0.000000 1.000000 0.000000 1547820999276318000

0.971544 0.236857 0.000000 437.171587 -0.236857 0.971544 -0.000000 25.629986 -0.000000 0.000000 1.000000 0.000000 1547820999774358000

0.940251 0.340482 0.000000 439.009074 -0.340482 0.940251 -0.000000 24.913179 -0.000000 0.000000 1.000000 0.000000 1547821000270816000

0.894684 0.446699 0.000000 440.495075 -0.446699 0.894684 -0.000000 24.202155 -0.000000 0.000000 1.000000 0.000000 1547821000766015000

0.829635 0.558306 0.000000 441.635935 -0.558306 0.829635 -0.000000 23.301985 -0.000000 0.000000 1.000000 0.000000 1547821001264116000

0.751181 0.660096 0.000000 442.492654 -0.660096 0.751181 -0.000000 22.434452 -0.000000 0.000000 1.000000 0.000000 1547821001769346000

0.679759 0.733436 0.000000 443.023606 -0.733436 0.679759 -0.000000 21.733994 -0.000000 0.000000 1.000000 0.000000 1547821002273359000

0.613053 0.790041 0.000000 443.334822 -0.790041 0.613053 -0.000000 21.235085 -0.000000 0.000000 1.000000 0.000000 1547821003022456000

0.540774 0.841168 0.000000 443.583337 -0.841168 0.540774 -0.000000 20.755139 -0.000000 0.000000 1.000000 0.000000 1547821013505342000

0.458946 0.888464 0.000000 443.761496 -0.888464 0.458946 -0.000000 20.195967 -0.000000 0.000000 1.000000 0.000000 1547821015762306000

0.340401 0.940280 0.000000 443.957138 -0.940280 0.340401 -0.000000 19.598737 -0.000000 0.000000 1.000000 0.000000 1547821016766402000

0.209830 0.977738 0.000000 444.014462 -0.977738 0.209830 -0.000000 18.734543 -0.000000 0.000000 1.000000 0.000000 1547821017265202000

0.036830 0.999322 0.000000 443.991570 -0.999322 0.036830 -0.000000 17.555601 -0.000000 0.000000 1.000000 0.000000 1547821017762895000

-0.064392 0.997925 0.000000 443.837586 -0.997925 -0.064392 -0.000000 16.947894 -0.000000 0.000000 1.000000 0.000000 1547821018011253000

-0.171777 0.985136 0.000000 443.658729 -0.985136 -0.171777 -0.000000 16.211157 -0.000000 0.000000 1.000000 0.000000 1547821018258725000

-0.283106 0.959089 0.000000 443.371154 -0.959089 -0.283106 -0.000000 15.414196 -0.000000 0.000000 1.000000 0.000000 1547821018505613000

-0.390787 0.920481 0.000000 442.971489 -0.920481 -0.390787 -0.000000 14.587341 -0.000000 0.000000 1.000000 0.000000 1547821018753922000

-0.492603 0.870254 0.000000 442.401404 -0.870254 -0.492603 -0.000000 13.739863 -0.000000 0.000000 1.000000 0.000000 1547821019005491000

-0.589473 0.807788 0.000000 441.752574 -0.807788 -0.589473 0.000000 12.977980 0.000000 0.000000 1.000000 0.000000 1547821019258018000

-0.674554 0.738226 0.000000 440.994564 -0.738226 -0.674554 0.000000 12.114058 0.000000 0.000000 1.000000 0.000000 1547821019510210000

-0.742582 0.669756 0.000000 440.039273 -0.669756 -0.742582 0.000000 11.253083 0.000000 0.000000 1.000000 0.000000 1547821019762988000

-0.821947 0.569564 0.000000 437.826133 -0.569564 -0.821947 0.000000 9.759578 0.000000 0.000000 1.000000 0.000000 1547821020264010000

-0.848383 0.529383 0.000000 435.281122 -0.529383 -0.848383 0.000000 8.270357 0.000000 0.000000 1.000000 0.000000 1547821020760473000

-0.853113 0.521726 0.000000 433.838135 -0.521726 -0.853113 0.000000 7.499285 0.000000 0.000000 1.000000 0.000000 1547821021008914000

-0.856890 0.515499 0.000000 432.368423 -0.515499 -0.856890 0.000000 6.652151 0.000000 0.000000 1.000000 0.000000 1547821021257139000

-0.861565 0.507647 0.000000 430.807342 -0.507647 -0.861565 0.000000 5.801302 0.000000 0.000000 1.000000 0.000000 1547821021506798000

-0.868448 0.495781 0.000000 429.154536 -0.495781 -0.868448 0.000000 4.889053 0.000000 0.000000 1.000000 0.000000 1547821021757637000

-0.874901 0.484302 0.000000 427.489996 -0.484302 -0.874901 0.000000 3.955267 0.000000 0.000000 1.000000 0.000000 1547821022008009000

-0.880825 0.473443 0.000000 425.819684 -0.473443 -0.880825 0.000000 3.062071 0.000000 0.000000 1.000000 0.000000 1547821022257647000

-0.886365 0.462988 0.000000 424.117656 -0.462988 -0.886365 0.000000 2.186653 0.000000 0.000000 1.000000 0.000000 1547821022507216000

-0.890211 0.455549 0.000000 422.314156 -0.455549 -0.890211 0.000000 1.298613 0.000000 0.000000 1.000000 0.000000 1547821022756752000

-0.893732 0.448602 0.000000 420.514611 -0.448602 -0.893732 0.000000 0.436227 0.000000 0.000000 1.000000 0.000000 1547821023005814000

-0.895451 0.445160 0.000000 418.813347 -0.445160 -0.895451 0.000000 -0.425803 0.000000 0.000000 1.000000 0.000000 1547821023254399000

-0.897279 0.441464 0.000000 417.073312 -0.441464 -0.897279 0.000000 -1.273200 0.000000 0.000000 1.000000 0.000000 1547821023502899000

-0.897584 0.440844 0.000000 415.362824 -0.440844 -0.897584 0.000000 -2.093516 0.000000 0.000000 1.000000 0.000000 1547821023751663000

-0.897791 0.440421 0.000000 413.668361 -0.440421 -0.897791 0.000000 -2.907632 0.000000 0.000000 1.000000 0.000000 1547821023999584000

-0.898195 0.439597 0.000000 411.960622 -0.439597 -0.898195 0.000000 -3.716030 0.000000 0.000000 1.000000 0.000000 1547821024247309000

-0.897982 0.440033 0.000000 410.307131 -0.440033 -0.897982 0.000000 -4.549249 0.000000 0.000000 1.000000 0.000000 1547821024495183000

-0.897715 0.440576 0.000000 408.639131 -0.440576 -0.897715 0.000000 -5.331631 0.000000 0.000000 1.000000 0.000000 1547821024743727000

-0.898133 0.439725 0.000000 407.028574 -0.439725 -0.898133 0.000000 -6.144388 0.000000 0.000000 1.000000 0.000000 1547821024993097000

-0.898313 0.439356 0.000000 405.381986 -0.439356 -0.898313 0.000000 -6.926095 0.000000 0.000000 1.000000 0.000000 1547821025242685000

-0.898351 0.439278 0.000000 403.800165 -0.439278 -0.898351 0.000000 -7.741464 0.000000 0.000000 1.000000 0.000000 1547821025492837000

-0.898593 0.438784 0.000000 402.172424 -0.438784 -0.898593 0.000000 -8.510611 0.000000 0.000000 1.000000 0.000000 1547821025744247000

-0.898561 0.438848 0.000000 400.637531 -0.438848 -0.898561 0.000000 -9.342621 0.000000 0.000000 1.000000 0.000000 1547821025996220000

-0.898454 0.439067 0.000000 399.037805 -0.439067 -0.898454 0.000000 -10.064793 0.000000 0.000000 1.000000 0.000000 1547821026248024000

-0.898164 0.439662 0.000000 397.531033 -0.439662 -0.898164 0.000000 -10.819433 0.000000 0.000000 1.000000 0.000000 1547821026499196000

-0.897971 0.440055 0.000000 395.979969 -0.440055 -0.897971 0.000000 -11.552796 0.000000 0.000000 1.000000 0.000000 1547821026750541000

-0.897837 0.440328 0.000000 394.451731 -0.440328 -0.897837 0.000000 -12.309919 0.000000 0.000000 1.000000 0.000000 1547821027001962000

-0.898278 0.439428 0.000000 392.970475 -0.439428 -0.898278 0.000000 -13.028129 0.000000 0.000000 1.000000 0.000000 1547821027253356000

-0.899269 0.437395 0.000000 391.490381 -0.437395 -0.899269 0.000000 -13.776799 0.000000 0.000000 1.000000 0.000000 1547821027504913000

-0.900134 0.435612 0.000000 390.066071 -0.435612 -0.900134 0.000000 -14.447906 0.000000 0.000000 1.000000 0.000000 1547821027755669000

-0.900908 0.434011 0.000000 388.585794 -0.434011 -0.900908 0.000000 -15.156002 0.000000 0.000000 1.000000 0.000000 1547821028007019000

-0.901023 0.433772 0.000000 387.163413 -0.433772 -0.901023 0.000000 -15.868017 0.000000 0.000000 1.000000 0.000000 1547821028259530000

-0.901088 0.433636 0.000000 385.766572 -0.433636 -0.901088 0.000000 -16.542730 0.000000 0.000000 1.000000 0.000000 1547821028513010000

-0.901547 0.432680 0.000000 384.419431 -0.432680 -0.901547 0.000000 -17.214266 0.000000 0.000000 1.000000 0.000000 1547821028766200000

-0.903055 0.429524 0.000000 381.938049 -0.429524 -0.903055 0.000000 -18.403879 0.000000 0.000000 1.000000 0.000000 1547821029266385000

-0.905997 0.423284 0.000000 379.612017 -0.423284 -0.905997 0.000000 -19.445408 0.000000 0.000000 1.000000 0.000000 1547821029759668000

-0.906451 0.422310 0.000000 377.546658 -0.422310 -0.906451 0.000000 -20.314824 0.000000 0.000000 1.000000 0.000000 1547821030252355000

-0.907807 0.419389 0.000000 375.769590 -0.419389 -0.907807 0.000000 -21.215689 0.000000 0.000000 1.000000 0.000000 1547821030749664000

-0.908698 0.417453 0.000000 374.249659 -0.417453 -0.908698 0.000000 -21.905133 0.000000 0.000000 1.000000 0.000000 1547821031250310000

-0.909395 0.415933 0.000000 372.431627 -0.415933 -0.909395 0.000000 -22.717462 0.000000 0.000000 1.000000 0.000000 1547821032001600000

-0.910325 0.413894 0.000000 370.859345 -0.413894 -0.910325 0.000000 -23.390850 0.000000 0.000000 1.000000 0.000000 1547821033259157000

-0.910339 0.413863 0.000000 369.441900 -0.413863 -0.910339 0.000000 -24.087280 0.000000 0.000000 1.000000 0.000000 1547821036506102000

-0.912067 0.410041 0.000000 367.851403 -0.410041 -0.912067 0.000000 -24.777047 0.000000 0.000000 1.000000 0.000000 1547821040004792000

-0.913786 0.406196 0.000000 365.952759 -0.406196 -0.913786 0.000000 -25.595267 0.000000 0.000000 1.000000 0.000000 1547821041010750000

-0.915890 0.401430 0.000000 363.784508 -0.401430 -0.915890 0.000000 -26.522271 0.000000 0.000000 1.000000 0.000000 1547821041763128000

-0.917932 0.396738 0.000000 362.001543 -0.396738 -0.917932 0.000000 -27.292803 0.000000 0.000000 1.000000 0.000000 1547821042263760000

-0.919742 0.392524 0.000000 359.914531 -0.392524 -0.919742 0.000000 -28.172986 0.000000 0.000000 1.000000 0.000000 1547821042763076000

-0.921400 0.388615 0.000000 357.523468 -0.388615 -0.921400 0.000000 -29.142255 0.000000 0.000000 1.000000 0.000000 1547821043261256000

-0.923028 0.384732 0.000000 354.904849 -0.384732 -0.923028 0.000000 -30.214424 0.000000 0.000000 1.000000 0.000000 1547821043758558000

-0.924713 0.380664 0.000000 352.071419 -0.380664 -0.924713 0.000000 -31.383148 0.000000 0.000000 1.000000 0.000000 1547821044258187000

-0.925256 0.379343 0.000000 350.580729 -0.379343 -0.925256 0.000000 -31.958595 0.000000 0.000000 1.000000 0.000000 1547821044508130000

-0.925232 0.379401 0.000000 349.107562 -0.379401 -0.925232 0.000000 -32.547392 0.000000 0.000000 1.000000 0.000000 1547821044758227000

-0.925350 0.379114 0.000000 347.565279 -0.379114 -0.925350 0.000000 -33.171425 0.000000 0.000000 1.000000 0.000000 1547821045008141000

-0.925754 0.378126 0.000000 345.966448 -0.378126 -0.925754 0.000000 -33.767700 0.000000 0.000000 1.000000 0.000000 1547821045257966000

-0.926551 0.376169 0.000000 344.372510 -0.376169 -0.926551 0.000000 -34.454235 0.000000 0.000000 1.000000 0.000000 1547821045507683000

-0.927783 0.373119 0.000000 342.713645 -0.373119 -0.927783 0.000000 -35.069578 0.000000 0.000000 1.000000 0.000000 1547821045757142000

-0.931189 0.364537 0.000000 341.013088 -0.364537 -0.931189 0.000000 -35.756729 0.000000 0.000000 1.000000 0.000000 1547821046007029000

-0.934642 0.355590 0.000000 339.189332 -0.355590 -0.934642 0.000000 -36.392419 0.000000 0.000000 1.000000 0.000000 1547821046256748000

-0.937566 0.347808 0.000000 337.423199 -0.347808 -0.937566 0.000000 -37.036731 0.000000 0.000000 1.000000 0.000000 1547821046506287000

-0.940695 0.339254 0.000000 335.546592 -0.339254 -0.940695 0.000000 -37.640669 0.000000 0.000000 1.000000 0.000000 1547821046756747000

-0.943492 0.331396 0.000000 333.595614 -0.331396 -0.943492 0.000000 -38.333743 0.000000 0.000000 1.000000 0.000000 1547821047007805000

-0.946070 0.323962 0.000000 331.647287 -0.323962 -0.946070 0.000000 -39.012984 0.000000 0.000000 1.000000 0.000000 1547821047259766000

-0.947457 0.319884 0.000000 329.637535 -0.319884 -0.947457 0.000000 -39.709030 0.000000 0.000000 1.000000 0.000000 1547821047511826000

-0.948401 0.317074 0.000000 327.574786 -0.317074 -0.948401 0.000000 -40.367510 0.000000 0.000000 1.000000 0.000000 1547821047763031000

-0.949364 0.314178 0.000000 325.519274 -0.314178 -0.949364 0.000000 -41.001923 0.000000 0.000000 1.000000 0.000000 1547821048013319000

