0.999990 -0.004571 0.000000 1.711607 0.004571 0.999990 0.000000 0.039521 0.000000 0.000000 1.000000 0.000000
0.999978 -0.006681 0.000000 2.242540 0.006681 0.999978 0.000000 0.050471 0.000000 0.000000 1.000000 0.000000
0.999973 -0.007378 0.000000 2.795367 0.007378 0.999973 0.000000 0.058731 0.000000 0.000000 1.000000 0.000000
0.999956 -0.009418 0.000000 3.460154 0.009418 0.999956 0.000000 0.088566 0.000000 0.000000 1.000000 0.000000
0.999946 -0.010402 0.000000 4.241358 0.010402 0.999946 0.000000 0.094743 0.000000 0.000000 1.000000 0.000000
0.999952 -0.009834 0.000000 5.052295 0.009834 0.999952 0.000000 0.093554 0.000000 0.000000 1.000000 0.000000
0.999937 -0.011262 0.000000 5.943071 0.011262 0.999937 0.000000 0.115792 0.000000 0.000000 1.000000 0.000000
0.999926 -0.012161 0.000000 6.894387 0.012161 0.999926 0.000000 0.141830 0.000000 0.000000 1.000000 0.000000
0.999911 -0.013344 0.000000 7.962936 0.013344 0.999911 0.000000 0.182158 0.000000 0.000000 1.000000 0.000000
0.999895 -0.014517 0.000000 9.034836 0.014517 0.999895 0.000000 0.213792 0.000000 0.000000 1.000000 0.000000
0.999878 -0.015596 0.000000 10.226204 0.015596 0.999878 0.000000 0.205057 0.000000 0.000000 1.000000 0.000000
0.999858 -0.016878 0.000000 11.458227 0.016878 0.999858 0.000000 0.256321 0.000000 0.000000 1.000000 0.000000
0.999857 -0.016925 0.000000 12.761905 0.016925 0.999857 0.000000 0.321308 0.000000 0.000000 1.000000 0.000000
0.999828 -0.018547 0.000000 14.133935 0.018547 0.999828 0.000000 0.300943 0.000000 0.000000 1.000000 0.000000
0.999809 -0.019525 0.000000 15.542282 0.019525 0.999809 0.000000 0.355456 0.000000 0.000000 1.000000 0.000000
0.999804 -0.019791 0.000000 17.061998 0.019791 0.999804 0.000000 0.351675 0.000000 0.000000 1.000000 0.000000
0.999835 -0.018184 0.000000 18.568091 0.018184 0.999835 0.000000 0.404912 0.000000 0.000000 1.000000 0.000000
0.999861 -0.016673 0.000000 20.110547 0.016673 0.999861 0.000000 0.450476 0.000000 0.000000 1.000000 0.000000
0.999907 -0.013607 0.000000 21.733460 0.013607 0.999907 0.000000 0.465380 0.000000 0.000000 1.000000 0.000000
0.999939 -0.011067 0.000000 23.396224 0.011067 0.999939 0.000000 0.506932 0.000000 0.000000 1.000000 0.000000
0.999957 -0.009262 0.000000 25.152531 0.009262 0.999957 0.000000 0.501248 0.000000 0.000000 1.000000 0.000000
0.999984 -0.005724 0.000000 26.937962 0.005724 0.999984 0.000000 0.534253 0.000000 0.000000 1.000000 0.000000
0.999995 -0.003227 0.000000 28.701718 0.003227 0.999995 0.000000 0.527319 0.000000 0.000000 1.000000 0.000000
1.000000 -0.000854 0.000000 30.542922 0.000854 1.000000 0.000000 0.528436 0.000000 0.000000 1.000000 0.000000
0.999999 0.001331 0.000000 32.392380 -0.001331 0.999999 0.000000 0.553594 0.000000 0.000000 1.000000 0.000000
0.999992 0.003978 0.000000 34.308112 -0.003978 0.999992 0.000000 0.559477 0.000000 0.000000 1.000000 0.000000
0.999978 0.006643 0.000000 36.222277 -0.006643 0.999978 0.000000 0.547457 0.000000 0.000000 1.000000 0.000000
0.999972 0.007430 0.000000 38.204021 -0.007430 0.999972 0.000000 0.550921 0.000000 0.000000 1.000000 0.000000
0.999983 0.005751 0.000000 40.210479 -0.005751 0.999983 0.000000 0.541785 0.000000 0.000000 1.000000 0.000000
0.999988 0.004818 0.000000 42.261647 -0.004818 0.999988 0.000000 0.539691 0.000000 0.000000 1.000000 0.000000
0.999990 0.004544 0.000000 44.277512 -0.004544 0.999990 0.000000 0.544772 0.000000 0.000000 1.000000 0.000000
0.999992 0.004012 0.000000 46.319511 -0.004012 0.999992 0.000000 0.530180 0.000000 0.000000 1.000000 0.000000
0.999994 0.003402 0.000000 48.341226 -0.003402 0.999994 0.000000 0.527893 0.000000 0.000000 1.000000 0.000000
0.999998 0.001988 0.000000 50.356789 -0.001988 0.999998 0.000000 0.516186 0.000000 0.000000 1.000000 0.000000
0.999998 0.002196 0.000000 52.369388 -0.002196 0.999998 0.000000 0.509222 0.000000 0.000000 1.000000 0.000000
0.999999 0.001675 0.000000 54.330847 -0.001675 0.999999 0.000000 0.544637 0.000000 0.000000 1.000000 0.000000
0.999999 0.001542 0.000000 56.282926 -0.001542 0.999999 0.000000 0.551674 0.000000 0.000000 1.000000 0.000000
0.999999 0.001184 0.000000 58.193337 -0.001184 0.999999 0.000000 0.532079 0.000000 0.000000 1.000000 0.000000
0.999999 0.001329 0.000000 60.123047 -0.001329 0.999999 0.000000 0.551309 0.000000 0.000000 1.000000 0.000000
0.999999 0.001144 0.000000 61.967977 -0.001144 0.999999 0.000000 0.593600 0.000000 0.000000 1.000000 0.000000
0.999997 0.002330 0.000000 63.756835 -0.002330 0.999997 0.000000 0.587624 0.000000 0.000000 1.000000 0.000000
0.999990 0.004392 0.000000 65.654360 -0.004392 0.999990 0.000000 0.590296 0.000000 0.000000 1.000000 0.000000
0.999967 0.008127 0.000000 67.465710 -0.008127 0.999967 0.000000 0.578598 0.000000 0.000000 1.000000 0.000000
0.999949 0.010071 0.000000 69.240946 -0.010071 0.999949 0.000000 0.579385 0.000000 0.000000 1.000000 0.000000
0.999919 0.012751 0.000000 71.082370 -0.012751 0.999919 0.000000 0.601104 0.000000 0.000000 1.000000 0.000000
0.999915 0.013003 0.000000 72.892489 -0.013003 0.999915 0.000000 0.541623 0.000000 0.000000 1.000000 0.000000
0.999897 0.014368 0.000000 74.717534 -0.014368 0.999897 0.000000 0.585880 0.000000 0.000000 1.000000 0.000000
0.999888 0.014969 0.000000 76.517144 -0.014969 0.999888 0.000000 0.505694 0.000000 0.000000 1.000000 0.000000
0.999871 0.016037 0.000000 78.313863 -0.016037 0.999871 0.000000 0.507120 0.000000 0.000000 1.000000 0.000000
0.999861 0.016675 0.000000 80.098439 -0.016675 0.999861 0.000000 0.465811 0.000000 0.000000 1.000000 0.000000
0.999848 0.017432 0.000000 81.919094 -0.017432 0.999848 0.000000 0.450653 0.000000 0.000000 1.000000 0.000000
0.999828 0.018550 0.000000 83.727773 -0.018550 0.999828 0.000000 0.408339 0.000000 0.000000 1.000000 0.000000
0.999797 0.020163 0.000000 85.519263 -0.020163 0.999797 0.000000 0.332248 0.000000 0.000000 1.000000 0.000000
0.999734 0.023064 0.000000 87.366253 -0.023064 0.999734 0.000000 0.285975 0.000000 0.000000 1.000000 0.000000
0.999660 0.026079 0.000000 89.242563 -0.026079 0.999660 0.000000 0.303531 0.000000 0.000000 1.000000 0.000000
0.999565 0.029502 0.000000 91.073937 -0.029502 0.999565 0.000000 0.238094 0.000000 0.000000 1.000000 0.000000
0.999421 0.034016 0.000000 92.999204 -0.034016 0.999421 0.000000 0.172654 0.000000 0.000000 1.000000 0.000000
0.999288 0.037736 0.000000 94.880338 -0.037736 0.999288 0.000000 0.129580 0.000000 0.000000 1.000000 0.000000
0.999102 0.042377 0.000000 96.793124 -0.042377 0.999102 0.000000 0.023203 0.000000 0.000000 1.000000 0.000000
0.998894 0.047024 0.000000 98.737412 -0.047024 0.998894 0.000000 -0.030372 0.000000 0.000000 1.000000 0.000000
0.998736 0.050269 0.000000 100.720068 -0.050269 0.998736 0.000000 -0.144983 0.000000 0.000000 1.000000 0.000000
0.998496 0.054826 0.000000 102.739620 -0.054826 0.998496 0.000000 -0.258307 0.000000 0.000000 1.000000 0.000000
0.998277 0.058673 0.000000 104.733343 -0.058673 0.998277 0.000000 -0.320414 0.000000 0.000000 1.000000 0.000000
0.997875 0.065155 0.000000 106.792014 -0.065155 0.997875 0.000000 -0.477739 0.000000 0.000000 1.000000 0.000000
0.997502 0.070641 0.000000 108.807261 -0.070641 0.997502 0.000000 -0.607528 0.000000 0.000000 1.000000 0.000000
0.997099 0.076120 0.000000 110.876010 -0.076120 0.997099 0.000000 -0.746870 0.000000 0.000000 1.000000 0.000000
0.996606 0.082316 0.000000 113.006108 -0.082316 0.996606 0.000000 -0.887347 0.000000 0.000000 1.000000 0.000000
0.996103 0.088203 0.000000 115.122444 -0.088203 0.996103 0.000000 -1.067537 0.000000 0.000000 1.000000 0.000000
0.995702 0.092611 0.000000 117.235129 -0.092611 0.995702 0.000000 -1.245525 0.000000 0.000000 1.000000 0.000000
0.995237 0.097488 0.000000 119.399587 -0.097488 0.995237 0.000000 -1.492802 0.000000 0.000000 1.000000 0.000000
0.994905 0.100815 0.000000 121.524603 -0.100815 0.994905 0.000000 -1.694197 0.000000 0.000000 1.000000 0.000000
0.994545 0.104306 0.000000 123.699300 -0.104306 0.994545 0.000000 -1.924310 0.000000 0.000000 1.000000 0.000000
0.994255 0.107042 0.000000 125.915737 -0.107042 0.994255 0.000000 -2.185563 0.000000 0.000000 1.000000 0.000000
0.993894 0.110337 0.000000 128.061245 -0.110337 0.993894 0.000000 -2.382480 0.000000 0.000000 1.000000 0.000000
0.993441 0.114343 0.000000 130.196184 -0.114343 0.993441 0.000000 -2.592012 0.000000 0.000000 1.000000 0.000000
0.993106 0.117219 0.000000 132.411678 -0.117219 0.993106 0.000000 -2.855988 0.000000 0.000000 1.000000 0.000000
0.992828 0.119554 0.000000 134.635253 -0.119554 0.992828 0.000000 -3.105946 0.000000 0.000000 1.000000 0.000000
0.992373 0.123271 0.000000 136.795416 -0.123271 0.992373 0.000000 -3.380531 0.000000 0.000000 1.000000 0.000000
0.992248 0.124272 0.000000 139.039771 -0.124272 0.992248 0.000000 -3.674960 0.000000 0.000000 1.000000 0.000000
0.992154 0.125022 0.000000 141.236096 -0.125022 0.992154 0.000000 -3.871359 0.000000 0.000000 1.000000 0.000000
0.992165 0.124935 0.000000 143.476967 -0.124935 0.992165 0.000000 -4.133270 0.000000 0.000000 1.000000 0.000000
0.992200 0.124655 0.000000 145.715546 -0.124655 0.992200 0.000000 -4.411168 0.000000 0.000000 1.000000 0.000000
0.992169 0.124906 0.000000 147.961706 -0.124906 0.992169 0.000000 -4.678861 0.000000 0.000000 1.000000 0.000000
0.992219 0.124507 0.000000 150.147512 -0.124507 0.992219 0.000000 -4.928413 0.000000 0.000000 1.000000 0.000000
0.992216 0.124527 0.000000 152.386682 -0.124527 0.992216 0.000000 -5.226732 0.000000 0.000000 1.000000 0.000000
0.992335 0.123576 0.000000 154.548981 -0.123576 0.992335 0.000000 -5.485706 0.000000 0.000000 1.000000 0.000000
0.992398 0.123068 0.000000 156.681940 -0.123068 0.992398 0.000000 -5.721176 0.000000 0.000000 1.000000 0.000000
0.992519 0.122091 0.000000 158.838254 -0.122091 0.992519 0.000000 -5.997356 0.000000 0.000000 1.000000 0.000000
0.992591 0.121502 0.000000 160.934495 -0.121502 0.992591 0.000000 -6.202879 0.000000 0.000000 1.000000 0.000000
0.992699 0.120615 0.000000 163.068883 -0.120615 0.992699 0.000000 -6.420773 0.000000 0.000000 1.000000 0.000000
0.992725 0.120404 0.000000 165.114329 -0.120404 0.992725 0.000000 -6.705616 0.000000 0.000000 1.000000 0.000000
0.992674 0.120822 0.000000 167.160345 -0.120822 0.992674 0.000000 -6.970908 0.000000 0.000000 1.000000 0.000000
0.992760 0.120116 0.000000 169.167238 -0.120116 0.992760 0.000000 -7.169303 0.000000 0.000000 1.000000 0.000000
0.992802 0.119764 0.000000 171.198905 -0.119764 0.992802 0.000000 -7.469748 0.000000 0.000000 1.000000 0.000000
0.992886 0.119066 0.000000 173.220586 -0.119066 0.992886 0.000000 -7.684312 0.000000 0.000000 1.000000 0.000000
0.992969 0.118373 0.000000 175.217011 -0.118373 0.992969 0.000000 -7.910967 0.000000 0.000000 1.000000 0.000000
0.992956 0.118484 0.000000 177.167397 -0.118484 0.992956 0.000000 -8.171657 0.000000 0.000000 1.000000 0.000000
0.992912 0.118851 0.000000 179.078963 -0.118851 0.992912 0.000000 -8.345476 0.000000 0.000000 1.000000 0.000000
0.992927 0.118723 0.000000 181.010447 -0.118723 0.992927 0.000000 -8.563084 0.000000 0.000000 1.000000 0.000000
0.993059 0.117614 0.000000 182.928965 -0.117614 0.993059 0.000000 -8.811862 0.000000 0.000000 1.000000 0.000000
0.993227 0.116188 0.000000 184.838897 -0.116188 0.993227 0.000000 -9.133768 0.000000 0.000000 1.000000 0.000000
0.993135 0.116975 0.000000 186.965931 -0.116975 0.993135 0.000000 -9.285542 0.000000 0.000000 1.000000 0.000000
0.993103 0.117247 0.000000 188.909955 -0.117247 0.993103 0.000000 -9.542725 0.000000 0.000000 1.000000 0.000000
0.992845 0.119408 0.000000 190.801113 -0.119408 0.992845 0.000000 -9.769580 0.000000 0.000000 1.000000 0.000000
0.992818 0.119636 0.000000 192.814823 -0.119636 0.992818 0.000000 -10.020493 0.000000 0.000000 1.000000 0.000000
0.992858 0.119302 0.000000 194.879541 -0.119302 0.992858 0.000000 -10.215495 0.000000 0.000000 1.000000 0.000000
0.992918 0.118799 0.000000 196.884042 -0.118799 0.992918 0.000000 -10.531153 0.000000 0.000000 1.000000 0.000000
0.992883 0.119096 0.000000 198.918233 -0.119096 0.992883 0.000000 -10.754470 0.000000 0.000000 1.000000 0.000000
0.992978 0.118302 0.000000 200.964830 -0.118302 0.992978 0.000000 -11.013500 0.000000 0.000000 1.000000 0.000000
0.992922 0.118766 0.000000 203.094040 -0.118766 0.992922 0.000000 -11.292460 0.000000 0.000000 1.000000 0.000000
0.992811 0.119695 0.000000 205.133376 -0.119695 0.992811 0.000000 -11.487965 0.000000 0.000000 1.000000 0.000000
0.992935 0.118659 0.000000 207.187982 -0.118659 0.992935 0.000000 -11.739170 0.000000 0.000000 1.000000 0.000000
0.992919 0.118791 0.000000 209.194876 -0.118791 0.992919 0.000000 -11.938173 0.000000 0.000000 1.000000 0.000000
0.992810 0.119698 0.000000 211.190081 -0.119698 0.992810 0.000000 -12.206117 0.000000 0.000000 1.000000 0.000000
0.992837 0.119474 0.000000 213.187630 -0.119474 0.992837 0.000000 -12.450003 0.000000 0.000000 1.000000 0.000000
0.992844 0.119419 0.000000 215.162576 -0.119419 0.992844 0.000000 -12.697814 0.000000 0.000000 1.000000 0.000000
0.992817 0.119642 0.000000 217.075433 -0.119642 0.992817 0.000000 -12.915785 0.000000 0.000000 1.000000 0.000000
0.992806 0.119736 0.000000 219.031024 -0.119736 0.992806 0.000000 -13.119462 0.000000 0.000000 1.000000 0.000000
0.992766 0.120065 0.000000 220.880692 -0.120065 0.992766 0.000000 -13.355360 0.000000 0.000000 1.000000 0.000000
0.992702 0.120594 0.000000 222.776361 -0.120594 0.992702 0.000000 -13.616576 0.000000 0.000000 1.000000 0.000000
0.992730 0.120359 0.000000 224.726857 -0.120359 0.992730 0.000000 -13.841476 0.000000 0.000000 1.000000 0.000000
0.992424 0.122859 0.000000 226.526072 -0.122859 0.992424 0.000000 -14.027855 0.000000 0.000000 1.000000 0.000000
0.992397 0.123076 0.000000 228.432172 -0.123076 0.992397 0.000000 -14.221628 0.000000 0.000000 1.000000 0.000000
0.992440 0.122729 0.000000 230.348576 -0.122729 0.992440 0.000000 -14.472328 0.000000 0.000000 1.000000 0.000000
0.992437 0.122756 0.000000 232.254069 -0.122756 0.992437 0.000000 -14.662196 0.000000 0.000000 1.000000 0.000000
0.992497 0.122271 0.000000 234.151634 -0.122271 0.992497 0.000000 -14.885499 0.000000 0.000000 1.000000 0.000000
0.992528 0.122014 0.000000 236.096059 -0.122014 0.992528 0.000000 -15.139734 0.000000 0.000000 1.000000 0.000000
0.992615 0.121311 0.000000 238.052206 -0.121311 0.992615 0.000000 -15.348875 0.000000 0.000000 1.000000 0.000000
0.992631 0.121175 0.000000 239.987337 -0.121175 0.992631 0.000000 -15.581762 0.000000 0.000000 1.000000 0.000000
0.992543 0.121899 0.000000 241.949118 -0.121899 0.992543 0.000000 -15.840188 0.000000 0.000000 1.000000 0.000000
0.992576 0.121622 0.000000 243.885212 -0.121622 0.992576 0.000000 -16.107968 0.000000 0.000000 1.000000 0.000000
0.992752 0.120183 0.000000 245.850070 -0.120183 0.992752 0.000000 -16.304535 0.000000 0.000000 1.000000 0.000000
0.992712 0.120510 0.000000 247.773360 -0.120510 0.992712 0.000000 -16.564217 0.000000 0.000000 1.000000 0.000000
0.992832 0.119520 0.000000 249.704484 -0.119520 0.992832 0.000000 -16.828178 0.000000 0.000000 1.000000 0.000000
0.992851 0.119364 0.000000 251.638031 -0.119364 0.992851 0.000000 -17.052128 0.000000 0.000000 1.000000 0.000000
0.992993 0.118169 0.000000 253.507479 -0.118169 0.992993 0.000000 -17.275675 0.000000 0.000000 1.000000 0.000000
0.993133 0.116989 0.000000 255.395702 -0.116989 0.993133 0.000000 -17.508642 0.000000 0.000000 1.000000 0.000000
0.993314 0.115444 0.000000 257.231353 -0.115444 0.993314 0.000000 -17.700471 0.000000 0.000000 1.000000 0.000000
0.993353 0.115106 0.000000 259.069228 -0.115106 0.993353 0.000000 -17.929158 0.000000 0.000000 1.000000 0.000000
0.993562 0.113288 0.000000 260.916248 -0.113288 0.993562 0.000000 -18.118937 0.000000 0.000000 1.000000 0.000000
0.993661 0.112420 0.000000 262.679757 -0.112420 0.993661 0.000000 -18.321544 0.000000 0.000000 1.000000 0.000000
0.993705 0.112028 0.000000 264.333745 -0.112028 0.993705 0.000000 -18.551794 0.000000 0.000000 1.000000 0.000000
0.993644 0.112571 0.000000 266.126014 -0.112571 0.993644 0.000000 -18.818463 0.000000 0.000000 1.000000 0.000000
0.993675 0.112294 0.000000 268.034072 -0.112294 0.993675 0.000000 -18.909944 0.000000 0.000000 1.000000 0.000000
0.993700 0.112072 0.000000 269.709669 -0.112072 0.993700 0.000000 -19.169499 0.000000 0.000000 1.000000 0.000000
0.993523 0.113633 0.000000 271.431446 -0.113633 0.993523 0.000000 -19.337075 0.000000 0.000000 1.000000 0.000000
0.993694 0.112127 0.000000 273.214347 -0.112127 0.993694 0.000000 -19.554060 0.000000 0.000000 1.000000 0.000000
0.993960 0.109744 0.000000 275.051452 -0.109744 0.993960 0.000000 -19.716014 0.000000 0.000000 1.000000 0.000000
0.994048 0.108939 0.000000 276.832305 -0.108939 0.994048 0.000000 -19.900528 0.000000 0.000000 1.000000 0.000000
0.994311 0.106513 0.000000 278.639691 -0.106513 0.994311 0.000000 -20.101942 0.000000 0.000000 1.000000 0.000000
0.994853 0.101332 0.000000 280.459273 -0.101332 0.994853 0.000000 -20.270813 0.000000 0.000000 1.000000 0.000000
0.995152 0.098348 0.000000 282.325457 -0.098348 0.995152 0.000000 -20.417216 0.000000 0.000000 1.000000 0.000000
0.995671 0.092944 0.000000 284.149037 -0.092944 0.995671 0.000000 -20.561293 0.000000 0.000000 1.000000 0.000000
0.995969 0.089694 0.000000 286.006808 -0.089694 0.995969 0.000000 -20.728434 0.000000 0.000000 1.000000 0.000000
0.996398 0.084802 0.000000 287.832800 -0.084802 0.996398 0.000000 -20.880655 0.000000 0.000000 1.000000 0.000000
0.996654 0.081742 0.000000 289.713429 -0.081742 0.996654 0.000000 -21.048684 0.000000 0.000000 1.000000 0.000000
0.997035 0.076944 0.000000 291.557092 -0.076944 0.997035 0.000000 -21.162827 0.000000 0.000000 1.000000 0.000000
0.997232 0.074358 0.000000 293.443937 -0.074358 0.997232 0.000000 -21.275560 0.000000 0.000000 1.000000 0.000000
0.997454 0.071318 0.000000 295.334871 -0.071318 0.997454 0.000000 -21.409790 0.000000 0.000000 1.000000 0.000000
0.997660 0.068364 0.000000 297.219808 -0.068364 0.997660 0.000000 -21.529382 0.000000 0.000000 1.000000 0.000000
0.998020 0.062902 0.000000 299.077796 -0.062902 0.998020 0.000000 -21.624562 0.000000 0.000000 1.000000 0.000000
0.998312 0.058072 0.000000 301.025367 -0.058072 0.998312 0.000000 -21.699594 0.000000 0.000000 1.000000 0.000000
0.998644 0.052052 0.000000 302.902282 -0.052052 0.998644 0.000000 -21.820454 0.000000 0.000000 1.000000 0.000000
0.998947 0.045869 0.000000 304.793857 -0.045869 0.998947 0.000000 -21.879815 0.000000 0.000000 1.000000 0.000000
0.999131 0.041689 0.000000 306.668931 -0.041689 0.999131 0.000000 -21.953993 0.000000 0.000000 1.000000 0.000000
0.999331 0.036574 0.000000 308.498657 -0.036574 0.999331 0.000000 -21.983111 0.000000 0.000000 1.000000 0.000000
0.999493 0.031846 0.000000 310.384536 -0.031846 0.999493 0.000000 -22.067871 0.000000 0.000000 1.000000 0.000000
0.999511 0.031281 0.000000 312.168272 -0.031281 0.999511 0.000000 -22.079691 0.000000 0.000000 1.000000 0.000000
0.999456 0.032984 0.000000 313.914141 -0.032984 0.999456 0.000000 -22.137238 0.000000 0.000000 1.000000 0.000000
0.999441 0.033429 0.000000 315.644831 -0.033429 0.999441 0.000000 -22.175304 0.000000 0.000000 1.000000 0.000000
0.999408 0.034398 0.000000 317.482816 -0.034398 0.999408 0.000000 -22.274363 0.000000 0.000000 1.000000 0.000000
0.999501 0.031591 0.000000 319.383279 -0.031591 0.999501 0.000000 -22.319459 0.000000 0.000000 1.000000 0.000000
0.999465 0.032711 0.000000 321.198235 -0.032711 0.999465 0.000000 -22.347858 0.000000 0.000000 1.000000 0.000000
0.999425 0.033920 0.000000 322.976481 -0.033920 0.999425 0.000000 -22.321127 0.000000 0.000000 1.000000 0.000000
0.999455 0.033025 0.000000 324.804070 -0.033025 0.999455 0.000000 -22.384918 0.000000 0.000000 1.000000 0.000000
0.999480 0.032250 0.000000 326.664601 -0.032250 0.999480 0.000000 -22.449976 0.000000 0.000000 1.000000 0.000000
0.999552 0.029931 0.000000 328.520133 -0.029931 0.999552 0.000000 -22.486303 0.000000 0.000000 1.000000 0.000000
0.999655 0.026254 0.000000 330.444787 -0.026254 0.999655 0.000000 -22.524114 0.000000 0.000000 1.000000 0.000000
0.999734 0.023063 0.000000 332.329395 -0.023063 0.999734 0.000000 -22.605164 0.000000 0.000000 1.000000 0.000000
0.999820 0.018977 0.000000 334.219074 -0.018977 0.999820 0.000000 -22.618565 0.000000 0.000000 1.000000 0.000000
0.999867 0.016325 0.000000 336.132850 -0.016325 0.999867 0.000000 -22.622222 0.000000 0.000000 1.000000 0.000000
0.999918 0.012801 0.000000 338.088610 -0.012801 0.999918 0.000000 -22.609811 0.000000 0.000000 1.000000 0.000000
0.999965 0.008359 0.000000 340.031751 -0.008359 0.999965 0.000000 -22.626369 0.000000 0.000000 1.000000 0.000000
0.999986 0.005266 0.000000 342.007132 -0.005266 0.999986 0.000000 -22.623342 0.000000 0.000000 1.000000 0.000000
0.999995 0.003215 0.000000 344.017839 -0.003215 0.999995 0.000000 -22.607173 0.000000 0.000000 1.000000 0.000000
0.999995 0.003069 0.000000 346.011010 -0.003069 0.999995 0.000000 -22.576323 0.000000 0.000000 1.000000 0.000000
0.999995 0.003041 0.000000 348.021803 -0.003041 0.999995 0.000000 -22.590576 0.000000 0.000000 1.000000 0.000000
0.999998 0.002203 0.000000 350.067214 -0.002203 0.999998 0.000000 -22.601881 0.000000 0.000000 1.000000 0.000000
1.000000 0.000338 0.000000 352.116796 -0.000338 1.000000 0.000000 -22.591440 0.000000 0.000000 1.000000 0.000000
0.999999 -0.001392 0.000000 354.152424 0.001392 0.999999 0.000000 -22.563358 0.000000 0.000000 1.000000 0.000000
0.999997 -0.002623 0.000000 356.213273 0.002623 0.999997 0.000000 -22.559460 0.000000 0.000000 1.000000 0.000000
0.999995 -0.003153 0.000000 358.313279 0.003153 0.999995 0.000000 -22.515298 0.000000 0.000000 1.000000 0.000000
0.999992 -0.003920 0.000000 360.393205 0.003920 0.999992 0.000000 -22.521029 0.000000 0.000000 1.000000 0.000000
0.999993 -0.003787 0.000000 362.481647 0.003787 0.999993 0.000000 -22.504983 0.000000 0.000000 1.000000 0.000000
0.999993 -0.003787 0.000000 364.582168 0.003787 0.999993 0.000000 -22.482371 0.000000 0.000000 1.000000 0.000000
0.999988 -0.004911 0.000000 366.729912 0.004911 0.999988 0.000000 -22.451735 0.000000 0.000000 1.000000 0.000000
0.999987 -0.005140 0.000000 368.882894 0.005140 0.999987 0.000000 -22.417962 0.000000 0.000000 1.000000 0.000000
0.999983 -0.005905 0.000000 371.017824 0.005905 0.999983 0.000000 -22.423556 0.000000 0.000000 1.000000 0.000000
0.999969 -0.007827 0.000000 373.134127 0.007827 0.999969 0.000000 -22.419700 0.000000 0.000000 1.000000 0.000000
0.999956 -0.009395 0.000000 375.308569 0.009395 0.999956 0.000000 -22.365044 0.000000 0.000000 1.000000 0.000000
0.999942 -0.010738 0.000000 377.562888 0.010738 0.999942 0.000000 -22.300143 0.000000 0.000000 1.000000 0.000000
0.999923 -0.012398 0.000000 379.679930 0.012398 0.999923 0.000000 -22.269505 0.000000 0.000000 1.000000 0.000000
0.999889 -0.014895 0.000000 381.881151 0.014895 0.999889 0.000000 -22.260075 0.000000 0.000000 1.000000 0.000000
0.999846 -0.017553 0.000000 384.199115 0.017553 0.999846 0.000000 -22.215051 0.000000 0.000000 1.000000 0.000000
0.999811 -0.019421 0.000000 386.408120 0.019421 0.999811 0.000000 -22.142295 0.000000 0.000000 1.000000 0.000000
0.999784 -0.020785 0.000000 388.626193 0.020785 0.999784 0.000000 -22.148524 0.000000 0.000000 1.000000 0.000000
0.999749 -0.022386 0.000000 390.838285 0.022386 0.999749 0.000000 -22.044056 0.000000 0.000000 1.000000 0.000000
0.999708 -0.024165 0.000000 393.084977 0.024165 0.999708 0.000000 -21.962619 0.000000 0.000000 1.000000 0.000000
0.999639 -0.026865 0.000000 395.238703 0.026865 0.999639 0.000000 -21.909321 0.000000 0.000000 1.000000 0.000000
0.999603 -0.028159 0.000000 397.436911 0.028159 0.999603 0.000000 -21.885710 0.000000 0.000000 1.000000 0.000000
0.999518 -0.031054 0.000000 399.480882 0.031054 0.999518 0.000000 -21.795413 0.000000 0.000000 1.000000 0.000000
0.999421 -0.034033 0.000000 401.590251 0.034033 0.999421 0.000000 -21.696964 0.000000 0.000000 1.000000 0.000000
0.999263 -0.038398 0.000000 403.681209 0.038398 0.999263 0.000000 -21.627379 0.000000 0.000000 1.000000 0.000000
0.999090 -0.042648 0.000000 405.777793 0.042648 0.999090 0.000000 -21.537438 0.000000 0.000000 1.000000 0.000000
0.998912 -0.046630 0.000000 407.837312 0.046630 0.998912 0.000000 -21.443635 0.000000 0.000000 1.000000 0.000000
0.998690 -0.051175 0.000000 409.896355 0.051175 0.998690 0.000000 -21.326568 0.000000 0.000000 1.000000 0.000000
0.998472 -0.055267 0.000000 411.947031 0.055267 0.998472 0.000000 -21.233927 0.000000 0.000000 1.000000 0.000000
0.998257 -0.059009 0.000000 414.023759 0.059009 0.998257 0.000000 -21.064446 0.000000 0.000000 1.000000 0.000000
0.998004 -0.063154 0.000000 416.120482 0.063154 0.998004 0.000000 -20.908045 0.000000 0.000000 1.000000 0.000000
0.997910 -0.064619 0.000000 418.188827 0.064619 0.997910 0.000000 -20.808087 0.000000 0.000000 1.000000 0.000000
0.997713 -0.067592 0.000000 420.222786 0.067592 0.997713 0.000000 -20.644579 0.000000 0.000000 1.000000 0.000000
0.997506 -0.070585 0.000000 422.323944 0.070585 0.997506 0.000000 -20.452673 0.000000 0.000000 1.000000 0.000000
0.997285 -0.073638 0.000000 424.434927 0.073638 0.997285 0.000000 -20.283500 0.000000 0.000000 1.000000 0.000000
0.996987 -0.077572 0.000000 426.543124 0.077572 0.996987 0.000000 -20.112846 0.000000 0.000000 1.000000 0.000000
0.996608 -0.082300 0.000000 428.678664 0.082300 0.996608 0.000000 -19.981499 0.000000 0.000000 1.000000 0.000000
0.996217 -0.086900 0.000000 430.754537 0.086900 0.996217 0.000000 -19.773041 0.000000 0.000000 1.000000 0.000000
0.995905 -0.090411 0.000000 432.819849 0.090411 0.995905 0.000000 -19.568264 0.000000 0.000000 1.000000 0.000000
0.995451 -0.095276 0.000000 434.905134 0.095276 0.995451 0.000000 -19.295473 0.000000 0.000000 1.000000 0.000000
0.995102 -0.098853 0.000000 436.952780 0.098853 0.995102 0.000000 -19.116167 0.000000 0.000000 1.000000 0.000000
0.994723 -0.102595 0.000000 438.920491 0.102595 0.994723 0.000000 -18.876608 0.000000 0.000000 1.000000 0.000000
0.994245 -0.107131 0.000000 440.875126 0.107131 0.994245 0.000000 -18.653264 0.000000 0.000000 1.000000 0.000000
0.993950 -0.109837 0.000000 442.855729 0.109837 0.993950 0.000000 -18.443953 0.000000 0.000000 1.000000 0.000000
0.993531 -0.113560 0.000000 444.756934 0.113560 0.993531 0.000000 -18.197632 0.000000 0.000000 1.000000 0.000000
0.992910 -0.118872 0.000000 446.556109 0.118872 0.992910 0.000000 -18.012929 0.000000 0.000000 1.000000 0.000000
0.992480 -0.122408 0.000000 448.475157 0.122408 0.992480 0.000000 -17.765340 0.000000 0.000000 1.000000 0.000000
0.992107 -0.125395 0.000000 450.333330 0.125395 0.992107 0.000000 -17.496006 0.000000 0.000000 1.000000 0.000000
0.991769 -0.128042 0.000000 452.167663 0.128042 0.991769 0.000000 -17.231380 0.000000 0.000000 1.000000 0.000000
0.991145 -0.132787 0.000000 453.891337 0.132787 0.991145 0.000000 -16.974216 0.000000 0.000000 1.000000 0.000000
0.990798 -0.135347 0.000000 455.808987 0.135347 0.990798 0.000000 -16.719441 0.000000 0.000000 1.000000 0.000000
0.990252 -0.139284 0.000000 457.708711 0.139284 0.990252 0.000000 -16.467018 0.000000 0.000000 1.000000 0.000000
0.989757 -0.142763 0.000000 459.545667 0.142763 0.989757 0.000000 -16.219524 0.000000 0.000000 1.000000 0.000000
0.989364 -0.145460 0.000000 461.424482 0.145460 0.989364 0.000000 -15.887726 0.000000 0.000000 1.000000 0.000000
0.988965 -0.148150 0.000000 463.266998 0.148150 0.988965 0.000000 -15.580674 0.000000 0.000000 1.000000 0.000000
0.988355 -0.152168 0.000000 465.198838 0.152168 0.988355 0.000000 -15.376149 0.000000 0.000000 1.000000 0.000000
0.987701 -0.156355 0.000000 467.111621 0.156355 0.987701 0.000000 -15.067407 0.000000 0.000000 1.000000 0.000000
0.987233 -0.159280 0.000000 468.962565 0.159280 0.987233 0.000000 -14.719271 0.000000 0.000000 1.000000 0.000000
0.986522 -0.163627 0.000000 470.898941 0.163627 0.986522 0.000000 -14.348281 0.000000 0.000000 1.000000 0.000000
0.985891 -0.167388 0.000000 472.782505 0.167388 0.985891 0.000000 -14.047424 0.000000 0.000000 1.000000 0.000000
0.985178 -0.171537 0.000000 474.639624 0.171537 0.985178 0.000000 -13.722761 0.000000 0.000000 1.000000 0.000000
0.984491 -0.175433 0.000000 476.492492 0.175433 0.984491 0.000000 -13.373329 0.000000 0.000000 1.000000 0.000000
0.983803 -0.179252 0.000000 478.199712 0.179252 0.983803 0.000000 -13.077944 0.000000 0.000000 1.000000 0.000000
0.983400 -0.181453 0.000000 480.048889 0.181453 0.983400 0.000000 -12.726341 0.000000 0.000000 1.000000 0.000000
0.982641 -0.185519 0.000000 481.791826 0.185519 0.982641 0.000000 -12.341715 0.000000 0.000000 1.000000 0.000000
0.981588 -0.191012 0.000000 483.473349 0.191012 0.981588 0.000000 -12.043038 0.000000 0.000000 1.000000 0.000000
0.981008 -0.193967 0.000000 485.303264 0.193967 0.981008 0.000000 -11.648555 0.000000 0.000000 1.000000 0.000000
0.980279 -0.197620 0.000000 487.056650 0.197620 0.980279 0.000000 -11.308482 0.000000 0.000000 1.000000 0.000000
0.979847 -0.199750 0.000000 488.858634 0.199750 0.979847 0.000000 -10.840168 0.000000 0.000000 1.000000 0.000000
0.979168 -0.203052 0.000000 490.637275 0.203052 0.979168 0.000000 -10.490611 0.000000 0.000000 1.000000 0.000000
0.979066 -0.203544 0.000000 492.487046 0.203544 0.979066 0.000000 -10.123852 0.000000 0.000000 1.000000 0.000000
0.978934 -0.204175 0.000000 494.273325 0.204175 0.978934 0.000000 -9.720281 0.000000 0.000000 1.000000 0.000000
0.978706 -0.205266 0.000000 496.114245 0.205266 0.978706 0.000000 -9.349907 0.000000 0.000000 1.000000 0.000000
0.978530 -0.206105 0.000000 497.951587 0.206105 0.978530 0.000000 -8.976554 0.000000 0.000000 1.000000 0.000000
0.978209 -0.207621 0.000000 499.774782 0.207621 0.978209 0.000000 -8.589051 0.000000 0.000000 1.000000 0.000000
0.977722 -0.209902 0.000000 501.672075 0.209902 0.977722 0.000000 -8.163087 0.000000 0.000000 1.000000 0.000000
0.976648 -0.214846 0.000000 503.520607 0.214846 0.976648 0.000000 -7.726271 0.000000 0.000000 1.000000 0.000000
0.975847 -0.218454 0.000000 505.487237 0.218454 0.975847 0.000000 -7.343920 0.000000 0.000000 1.000000 0.000000
0.974944 -0.222449 0.000000 507.404817 0.222449 0.974944 0.000000 -6.867591 0.000000 0.000000 1.000000 0.000000
0.974099 -0.226123 0.000000 509.295975 0.226123 0.974099 0.000000 -6.376327 0.000000 0.000000 1.000000 0.000000
0.973709 -0.227795 0.000000 511.245771 0.227795 0.973709 0.000000 -5.923022 0.000000 0.000000 1.000000 0.000000
0.973104 -0.230368 0.000000 513.182188 0.230368 0.973104 0.000000 -5.491404 0.000000 0.000000 1.000000 0.000000
0.972694 -0.232090 0.000000 515.171989 0.232090 0.972694 0.000000 -5.007463 0.000000 0.000000 1.000000 0.000000
0.972276 -0.233835 0.000000 517.058462 0.233835 0.972276 0.000000 -4.517798 0.000000 0.000000 1.000000 0.000000
0.971601 -0.236623 0.000000 519.031865 0.236623 0.971601 0.000000 -4.058941 0.000000 0.000000 1.000000 0.000000
0.970787 -0.239943 0.000000 520.933809 0.239943 0.970787 0.000000 -3.524458 0.000000 0.000000 1.000000 0.000000
0.969804 -0.243887 0.000000 522.838152 0.243887 0.969804 0.000000 -3.096151 0.000000 0.000000 1.000000 0.000000
0.968618 -0.248554 0.000000 524.684786 0.248554 0.968618 0.000000 -2.635933 0.000000 0.000000 1.000000 0.000000
0.967400 -0.253254 0.000000 526.526270 0.253254 0.967400 0.000000 -2.138412 0.000000 0.000000 1.000000 0.000000
0.966161 -0.257938 0.000000 528.325658 0.257938 0.966161 0.000000 -1.675663 0.000000 0.000000 1.000000 0.000000
0.964819 -0.262914 0.000000 530.129707 0.262914 0.964819 0.000000 -1.132394 0.000000 0.000000 1.000000 0.000000
0.963233 -0.268666 0.000000 531.870585 0.268666 0.963233 0.000000 -0.657076 0.000000 0.000000 1.000000 0.000000
0.961679 -0.274178 0.000000 533.645277 0.274178 0.961679 0.000000 -0.163072 0.000000 0.000000 1.000000 0.000000
0.960024 -0.279919 0.000000 535.380146 0.279919 0.960024 0.000000 0.318028 0.000000 0.000000 1.000000 0.000000
0.958850 -0.283912 0.000000 537.020895 0.283912 0.958850 0.000000 0.807179 0.000000 0.000000 1.000000 0.000000
0.957863 -0.287225 0.000000 538.689775 0.287225 0.957863 0.000000 1.288371 0.000000 0.000000 1.000000 0.000000
0.956620 -0.291338 0.000000 540.419633 0.291338 0.956620 0.000000 1.838408 0.000000 0.000000 1.000000 0.000000
0.956313 -0.292346 0.000000 541.967842 0.292346 0.956313 0.000000 2.243012 0.000000 0.000000 1.000000 0.000000
0.955563 -0.294786 0.000000 543.539641 0.294786 0.955563 0.000000 2.839990 0.000000 0.000000 1.000000 0.000000
0.954896 -0.296940 0.000000 545.146755 0.296940 0.954896 0.000000 3.323476 0.000000 0.000000 1.000000 0.000000
0.954676 -0.297647 0.000000 546.752803 0.297647 0.954676 0.000000 3.823582 0.000000 0.000000 1.000000 0.000000
0.954089 -0.299525 0.000000 548.236812 0.299525 0.954089 0.000000 4.281124 0.000000 0.000000 1.000000 0.000000
0.953626 -0.300996 0.000000 549.794368 0.300996 0.953626 0.000000 4.816194 0.000000 0.000000 1.000000 0.000000
0.953755 -0.300584 0.000000 551.299080 0.300584 0.953755 0.000000 5.314021 0.000000 0.000000 1.000000 0.000000
0.955849 -0.293860 0.000000 552.747535 0.293860 0.955849 0.000000 5.742426 0.000000 0.000000 1.000000 0.000000
0.958537 -0.284970 0.000000 554.167086 0.284970 0.958537 0.000000 6.144870 0.000000 0.000000 1.000000 0.000000
0.963336 -0.268298 0.000000 555.476397 0.268298 0.963336 0.000000 6.545870 0.000000 0.000000 1.000000 0.000000
0.970542 -0.240930 0.000000 556.854550 0.240930 0.970542 0.000000 6.880351 0.000000 0.000000 1.000000 0.000000
0.978356 -0.206931 0.000000 558.099835 0.206931 0.978356 0.000000 7.100020 0.000000 0.000000 1.000000 0.000000
0.987526 -0.157458 0.000000 559.352337 0.157458 0.987526 0.000000 7.190191 0.000000 0.000000 1.000000 0.000000
0.994713 -0.102698 0.000000 560.435325 0.102698 0.994713 0.000000 7.236869 0.000000 0.000000 1.000000 0.000000
0.999442 -0.033406 0.000000 561.475659 0.033406 0.999442 0.000000 7.158081 0.000000 0.000000 1.000000 0.000000
0.999420 0.034040 0.000000 562.537248 -0.034040 0.999420 0.000000 7.065824 0.000000 0.000000 1.000000 0.000000
0.993440 0.114351 0.000000 563.556206 -0.114351 0.993440 0.000000 6.882705 0.000000 0.000000 1.000000 0.000000
0.980160 0.198208 0.000000 564.441067 -0.198208 0.980160 0.000000 6.585855 0.000000 0.000000 1.000000 0.000000
0.955235 0.295850 0.000000 565.398547 -0.295850 0.955235 0.000000 6.185945 0.000000 0.000000 1.000000 0.000000
0.918339 0.395795 0.000000 566.216364 -0.395795 0.918339 0.000000 5.703658 0.000000 0.000000 1.000000 0.000000
0.865254 0.501334 0.000000 567.003198 -0.501334 0.865254 0.000000 5.106272 0.000000 0.000000 1.000000 0.000000
0.794343 0.607469 0.000000 567.664337 -0.607469 0.794343 0.000000 4.449091 0.000000 0.000000 1.000000 0.000000
0.707127 0.707086 0.000000 568.300778 -0.707086 0.707127 0.000000 3.699401 0.000000 0.000000 1.000000 0.000000
0.606736 0.794903 0.000000 568.757430 -0.794903 0.606736 0.000000 2.835754 0.000000 0.000000 1.000000 0.000000
0.492798 0.870144 0.000000 569.173283 -0.870144 0.492798 0.000000 1.859549 0.000000 0.000000 1.000000 0.000000
0.372126 0.928182 0.000000 569.348962 -0.928182 0.372126 0.000000 0.963795 0.000000 0.000000 1.000000 0.000000
0.258695 0.965959 0.000000 569.397956 -0.965959 0.258695 0.000000 -0.100538 0.000000 0.000000 1.000000 0.000000
0.163910 0.986475 0.000000 569.479636 -0.986475 0.163910 0.000000 -1.197673 0.000000 0.000000 1.000000 0.000000
0.101344 0.994851 0.000000 569.546796 -0.994851 0.101344 0.000000 -2.295580 0.000000 0.000000 1.000000 0.000000
0.060866 0.998146 0.000000 569.721844 -0.998146 0.060866 0.000000 -3.456377 0.000000 0.000000 1.000000 0.000000
0.031614 0.999500 0.000000 569.806735 -0.999500 0.031614 0.000000 -4.771389 0.000000 0.000000 1.000000 0.000000
0.012981 0.999916 0.000000 569.878912 -0.999916 0.012981 0.000000 -6.099430 0.000000 0.000000 1.000000 0.000000
0.000873 1.000000 0.000000 569.875153 -1.000000 0.000873 0.000000 -7.416198 0.000000 0.000000 1.000000 0.000000
-0.007146 0.999974 0.000000 569.885075 -0.999974 -0.007146 0.000000 -8.778425 0.000000 0.000000 1.000000 0.000000
-0.011494 0.999934 0.000000 569.849197 -0.999934 -0.011494 0.000000 -10.219076 0.000000 0.000000 1.000000 0.000000
-0.011808 0.999930 0.000000 569.840174 -0.999930 -0.011808 0.000000 -11.632695 0.000000 0.000000 1.000000 0.000000
-0.009527 0.999955 0.000000 569.786859 -0.999955 -0.009527 0.000000 -13.121339 0.000000 0.000000 1.000000 0.000000
-0.008780 0.999961 0.000000 569.812821 -0.999961 -0.008780 0.000000 -14.627947 0.000000 0.000000 1.000000 0.000000
-0.008005 0.999968 0.000000 569.824612 -0.999968 -0.008005 0.000000 -16.164195 0.000000 0.000000 1.000000 0.000000
-0.006708 0.999977 0.000000 569.811409 -0.999977 -0.006708 0.000000 -17.759142 0.000000 0.000000 1.000000 0.000000
-0.005754 0.999983 0.000000 569.833079 -0.999983 -0.005754 0.000000 -19.364695 0.000000 0.000000 1.000000 0.000000
-0.005869 0.999983 0.000000 569.800822 -0.999983 -0.005869 0.000000 -21.033649 0.000000 0.000000 1.000000 0.000000
-0.007273 0.999974 0.000000 569.823370 -0.999974 -0.007273 0.000000 -22.659602 0.000000 0.000000 1.000000 0.000000
-0.008226 0.999966 0.000000 569.765287 -0.999966 -0.008226 0.000000 -24.375199 0.000000 0.000000 1.000000 0.000000
-0.009854 0.999951 0.000000 569.779090 -0.999951 -0.009854 0.000000 -26.124713 0.000000 0.000000 1.000000 0.000000
-0.011466 0.999934 0.000000 569.757570 -0.999934 -0.011466 0.000000 -27.832152 0.000000 0.000000 1.000000 0.000000
-0.011463 0.999934 0.000000 569.767109 -0.999934 -0.011463 0.000000 -29.617284 0.000000 0.000000 1.000000 0.000000
-0.010770 0.999942 0.000000 569.723380 -0.999942 -0.010770 0.000000 -31.435534 0.000000 0.000000 1.000000 0.000000
-0.008822 0.999961 0.000000 569.748155 -0.999961 -0.008822 0.000000 -33.290535 0.000000 0.000000 1.000000 0.000000
-0.006461 0.999979 0.000000 569.715584 -0.999979 -0.006461 0.000000 -35.169488 0.000000 0.000000 1.000000 0.000000
-0.004833 0.999988 0.000000 569.684895 -0.999988 -0.004833 0.000000 -37.074806 0.000000 0.000000 1.000000 0.000000
-0.003308 0.999995 0.000000 569.681262 -0.999995 -0.003308 0.000000 -38.945139 0.000000 0.000000 1.000000 0.000000
-0.004006 0.999992 0.000000 569.720403 -0.999992 -0.004006 0.000000 -40.913143 0.000000 0.000000 1.000000 0.000000
-0.002216 0.999998 0.000000 569.709186 -0.999998 -0.002216 0.000000 -42.897314 0.000000 0.000000 1.000000 0.000000
-0.002741 0.999996 0.000000 569.666560 -0.999996 -0.002741 0.000000 -44.862177 0.000000 0.000000 1.000000 0.000000
-0.004054 0.999992 0.000000 569.699831 -0.999992 -0.004054 0.000000 -46.885902 0.000000 0.000000 1.000000 0.000000
-0.005307 0.999986 0.000000 569.704208 -0.999986 -0.005307 0.000000 -48.905682 0.000000 0.000000 1.000000 0.000000
-0.006273 0.999980 0.000000 569.687023 -0.999980 -0.006273 0.000000 -50.976176 0.000000 0.000000 1.000000 0.000000
-0.007090 0.999975 0.000000 569.720529 -0.999975 -0.007090 0.000000 -53.017819 0.000000 0.000000 1.000000 0.000000
-0.006905 0.999976 0.000000 569.716415 -0.999976 -0.006905 0.000000 -55.021239 0.000000 0.000000 1.000000 0.000000
-0.006801 0.999977 0.000000 569.739906 -0.999977 -0.006801 0.000000 -57.018488 0.000000 0.000000 1.000000 0.000000
-0.007561 0.999971 0.000000 569.727039 -0.999971 -0.007561 0.000000 -58.981048 0.000000 0.000000 1.000000 0.000000
-0.007977 0.999968 0.000000 569.677835 -0.999968 -0.007977 0.000000 -60.883667 0.000000 0.000000 1.000000 0.000000
-0.006002 0.999982 0.000000 569.694727 -0.999982 -0.006002 0.000000 -62.810485 0.000000 0.000000 1.000000 0.000000
-0.003345 0.999994 0.000000 569.677332 -0.999994 -0.003345 0.000000 -64.653434 0.000000 0.000000 1.000000 0.000000
-0.003066 0.999995 0.000000 569.688016 -0.999995 -0.003066 0.000000 -66.343172 0.000000 0.000000 1.000000 0.000000
-0.004822 0.999988 0.000000 569.748382 -0.999988 -0.004822 0.000000 -67.910671 0.000000 0.000000 1.000000 0.000000
-0.004819 0.999988 0.000000 569.703912 -0.999988 -0.004819 0.000000 -69.496659 0.000000 0.000000 1.000000 0.000000
-0.005591 0.999984 0.000000 569.790339 -0.999984 -0.005591 0.000000 -70.995733 0.000000 0.000000 1.000000 0.000000
-0.005142 0.999987 0.000000 569.739051 -0.999987 -0.005142 0.000000 -72.415902 0.000000 0.000000 1.000000 0.000000
-0.003668 0.999993 0.000000 569.722680 -0.999993 -0.003668 0.000000 -73.919556 0.000000 0.000000 1.000000 0.000000
