1.000000 0.000000 0.000000 0.000000 0.000000 1.000000 0.000000 0.000000 0.000000 0.000000 1.000000 0.000000
0.994865 -0.101207 0.000000 1.761633 0.101207 0.994865 0.000000 0.146072 0.000000 0.000000 1.000000 0.000000
0.987074 -0.160262 0.000000 3.528205 0.160262 0.987074 0.000000 0.426713 0.000000 0.000000 1.000000 0.000000
0.986092 -0.166200 0.000000 5.052978 0.166200 0.986092 0.000000 0.682541 0.000000 0.000000 1.000000 0.000000
0.987245 -0.159206 0.000000 6.933601 0.159206 0.987245 0.000000 0.905151 0.000000 0.000000 1.000000 0.000000
0.990141 -0.140075 0.000000 9.151826 0.140075 0.990141 0.000000 1.153181 0.000000 0.000000 1.000000 0.000000
0.993990 -0.109471 0.000000 11.643171 0.109471 0.993990 0.000000 1.436619 0.000000 0.000000 1.000000 0.000000
0.997682 -0.068049 0.000000 14.375732 0.068049 0.997682 0.000000 1.585241 0.000000 0.000000 1.000000 0.000000
0.999768 -0.021542 0.000000 17.295334 0.021542 0.999768 0.000000 1.620618 0.000000 0.000000 1.000000 0.000000
0.999964 0.008488 0.000000 20.291681 -0.008488 0.999964 -0.000000 1.467338 -0.000000 0.000000 1.000000 0.000000
0.999950 0.009985 0.000000 21.910699 -0.009985 0.999950 -0.000000 1.494095 -0.000000 0.000000 1.000000 0.000000
0.999977 0.006842 0.000000 23.489872 -0.006842 0.999977 -0.000000 1.443639 -0.000000 0.000000 1.000000 0.000000
0.999985 0.005542 0.000000 25.190858 -0.005542 0.999985 -0.000000 1.420943 -0.000000 0.000000 1.000000 0.000000
0.999990 0.004446 0.000000 26.835206 -0.004446 0.999990 -0.000000 1.410766 -0.000000 0.000000 1.000000 0.000000
0.999992 0.003884 0.000000 28.511997 -0.003884 0.999992 -0.000000 1.388720 -0.000000 0.000000 1.000000 0.000000
0.999994 0.003423 0.000000 30.199850 -0.003423 0.999994 -0.000000 1.390522 -0.000000 0.000000 1.000000 0.000000
0.999989 0.004762 0.000000 31.960364 -0.004762 0.999989 -0.000000 1.347594 -0.000000 0.000000 1.000000 0.000000
0.999990 0.004395 0.000000 33.712752 -0.004395 0.999990 -0.000000 1.326940 -0.000000 0.000000 1.000000 0.000000
0.999994 0.003473 0.000000 35.511087 -0.003473 0.999994 -0.000000 1.300602 -0.000000 0.000000 1.000000 0.000000
0.999989 0.004598 0.000000 37.372610 -0.004598 0.999989 -0.000000 1.279717 -0.000000 0.000000 1.000000 0.000000
0.999987 0.005108 0.000000 39.208437 -0.005108 0.999987 -0.000000 1.224928 -0.000000 0.000000 1.000000 0.000000
0.999977 0.006760 0.000000 41.131679 -0.006760 0.999977 -0.000000 1.174039 -0.000000 0.000000 1.000000 0.000000
0.999967 0.008074 0.000000 43.060445 -0.008074 0.999967 -0.000000 1.138274 -0.000000 0.000000 1.000000 0.000000
0.999962 0.008686 0.000000 45.008288 -0.008686 0.999962 -0.000000 1.100976 -0.000000 0.000000 1.000000 0.000000
0.999948 0.010239 0.000000 46.990568 -0.010239 0.999948 -0.000000 1.078339 -0.000000 0.000000 1.000000 0.000000
0.999940 0.010953 0.000000 49.008729 -0.010953 0.999940 -0.000000 1.047398 -0.000000 0.000000 1.000000 0.000000
0.999913 0.013213 0.000000 51.025356 -0.013213 0.999913 -0.000000 0.985134 -0.000000 0.000000 1.000000 0.000000
0.999894 0.014571 0.000000 53.065612 -0.014571 0.999894 -0.000000 0.936437 -0.000000 0.000000 1.000000 0.000000
0.999875 0.015819 0.000000 55.066115 -0.015819 0.999875 -0.000000 0.837147 -0.000000 0.000000 1.000000 0.000000
0.999848 0.017411 0.000000 57.216463 -0.017411 0.999848 -0.000000 0.817275 -0.000000 0.000000 1.000000 0.000000
0.999834 0.018211 0.000000 59.384137 -0.018211 0.999834 -0.000000 0.740320 -0.000000 0.000000 1.000000 0.000000
0.999806 0.019696 0.000000 61.503063 -0.019696 0.999806 -0.000000 0.647164 -0.000000 0.000000 1.000000 0.000000
0.999791 0.020428 0.000000 63.708166 -0.020428 0.999791 -0.000000 0.588525 -0.000000 0.000000 1.000000 0.000000
0.999770 0.021433 0.000000 65.984107 -0.021433 0.999770 -0.000000 0.499030 -0.000000 0.000000 1.000000 0.000000
0.999746 0.022559 0.000000 68.234434 -0.022559 0.999746 -0.000000 0.420589 -0.000000 0.000000 1.000000 0.000000
0.999743 0.022655 0.000000 70.489948 -0.022655 0.999743 -0.000000 0.329336 -0.000000 0.000000 1.000000 0.000000
0.999724 0.023503 0.000000 72.759930 -0.023503 0.999724 -0.000000 0.226982 -0.000000 0.000000 1.000000 0.000000
0.999724 0.023499 0.000000 75.098063 -0.023499 0.999724 -0.000000 0.128482 -0.000000 0.000000 1.000000 0.000000
0.999746 0.022517 0.000000 77.377616 -0.022517 0.999746 -0.000000 0.049513 -0.000000 0.000000 1.000000 0.000000
0.999740 0.022820 0.000000 79.751101 -0.022820 0.999740 -0.000000 -0.074408 -0.000000 0.000000 1.000000 0.000000
0.999723 0.023524 0.000000 82.118098 -0.023524 0.999723 -0.000000 -0.090821 -0.000000 0.000000 1.000000 0.000000
0.999722 0.023558 0.000000 84.556410 -0.023558 0.999722 -0.000000 -0.210411 -0.000000 0.000000 1.000000 0.000000
0.999743 0.022650 0.000000 86.954330 -0.022650 0.999743 -0.000000 -0.311738 -0.000000 0.000000 1.000000 0.000000
0.999787 0.020637 0.000000 89.271664 -0.020637 0.999787 -0.000000 -0.393612 -0.000000 0.000000 1.000000 0.000000
0.999843 0.017700 0.000000 91.639259 -0.017700 0.999843 -0.000000 -0.479841 -0.000000 0.000000 1.000000 0.000000
0.999902 0.014013 0.000000 94.032332 -0.014013 0.999902 -0.000000 -0.542666 -0.000000 0.000000 1.000000 0.000000
0.999969 0.007858 0.000000 96.490991 -0.007858 0.999969 -0.000000 -0.608124 -0.000000 0.000000 1.000000 0.000000
1.000000 -0.000386 0.000000 98.938761 0.000386 1.000000 0.000000 -0.627869 0.000000 0.000000 1.000000 0.000000
0.999962 -0.008696 0.000000 101.320234 0.008696 0.999962 0.000000 -0.674815 0.000000 0.000000 1.000000 0.000000
0.999903 -0.013924 0.000000 103.773410 0.013924 0.999903 0.000000 -0.662584 0.000000 0.000000 1.000000 0.000000
0.999815 -0.019212 0.000000 106.165418 0.019212 0.999815 0.000000 -0.692497 0.000000 0.000000 1.000000 0.000000
0.999728 -0.023337 0.000000 108.612086 0.023337 0.999728 0.000000 -0.639560 0.000000 0.000000 1.000000 0.000000
0.999703 -0.024390 0.000000 111.082349 0.024390 0.999703 0.000000 -0.641895 0.000000 0.000000 1.000000 0.000000
0.999738 -0.022885 0.000000 113.541683 0.022885 0.999738 0.000000 -0.604229 0.000000 0.000000 1.000000 0.000000
0.999749 -0.022401 0.000000 116.013901 0.022401 0.999749 0.000000 -0.619009 0.000000 0.000000 1.000000 0.000000
0.999772 -0.021351 0.000000 118.442015 0.021351 0.999772 0.000000 -0.594322 0.000000 0.000000 1.000000 0.000000
0.999774 -0.021265 0.000000 120.869623 0.021265 0.999774 0.000000 -0.568040 0.000000 0.000000 1.000000 0.000000
0.999801 -0.019966 0.000000 123.262093 0.019966 0.999801 0.000000 -0.548826 0.000000 0.000000 1.000000 0.000000
0.999827 -0.018605 0.000000 125.631338 0.018605 0.999827 0.000000 -0.544295 0.000000 0.000000 1.000000 0.000000
0.999816 -0.019190 0.000000 127.962238 0.019190 0.999816 0.000000 -0.511337 0.000000 0.000000 1.000000 0.000000
0.999835 -0.018145 0.000000 130.271995 0.018145 0.999835 0.000000 -0.450853 0.000000 0.000000 1.000000 0.000000
0.999836 -0.018105 0.000000 132.624626 0.018105 0.999836 0.000000 -0.473243 0.000000 0.000000 1.000000 0.000000
0.999837 -0.018036 0.000000 134.881727 0.018036 0.999837 0.000000 -0.469258 0.000000 0.000000 1.000000 0.000000
0.999845 -0.017600 0.000000 137.121262 0.017600 0.999845 0.000000 -0.431019 0.000000 0.000000 1.000000 0.000000
0.999842 -0.017748 0.000000 139.315360 0.017748 0.999842 0.000000 -0.457538 0.000000 0.000000 1.000000 0.000000
0.999837 -0.018052 0.000000 141.437226 0.018052 0.999837 0.000000 -0.445017 0.000000 0.000000 1.000000 0.000000
0.999854 -0.017074 0.000000 143.515538 0.017074 0.999854 0.000000 -0.415597 0.000000 0.000000 1.000000 0.000000
0.999849 -0.017352 0.000000 145.568195 0.017352 0.999849 0.000000 -0.448766 0.000000 0.000000 1.000000 0.000000
0.999853 -0.017160 0.000000 147.583654 0.017160 0.999853 0.000000 -0.465729 0.000000 0.000000 1.000000 0.000000
0.999851 -0.017284 0.000000 149.475915 0.017284 0.999851 0.000000 -0.470269 0.000000 0.000000 1.000000 0.000000
0.999858 -0.016871 0.000000 151.341472 0.016871 0.999858 0.000000 -0.454522 0.000000 0.000000 1.000000 0.000000
0.999861 -0.016682 0.000000 153.179657 0.016682 0.999861 0.000000 -0.462895 0.000000 0.000000 1.000000 0.000000
0.999875 -0.015782 0.000000 154.954714 0.015782 0.999875 0.000000 -0.415363 0.000000 0.000000 1.000000 0.000000
0.999883 -0.015267 0.000000 156.676550 0.015267 0.999883 0.000000 -0.427200 0.000000 0.000000 1.000000 0.000000
0.999885 -0.015149 0.000000 158.294887 0.015149 0.999885 0.000000 -0.429399 0.000000 0.000000 1.000000 0.000000
0.999893 -0.014651 0.000000 159.911790 0.014651 0.999893 0.000000 -0.391717 0.000000 0.000000 1.000000 0.000000
0.999884 -0.015224 0.000000 161.441734 0.015224 0.999884 0.000000 -0.369722 0.000000 0.000000 1.000000 0.000000
0.999870 -0.016111 0.000000 164.325992 0.016111 0.999870 0.000000 -0.369564 0.000000 0.000000 1.000000 0.000000
0.999810 -0.019475 0.000000 166.974833 0.019475 0.999810 0.000000 -0.356449 0.000000 0.000000 1.000000 0.000000
0.999732 -0.023153 0.000000 169.374870 0.023153 0.999732 0.000000 -0.343109 0.000000 0.000000 1.000000 0.000000
0.999664 -0.025925 0.000000 171.465612 0.025925 0.999664 0.000000 -0.325704 0.000000 0.000000 1.000000 0.000000
0.999608 -0.027988 0.000000 173.251963 0.027988 0.999608 0.000000 -0.276759 0.000000 0.000000 1.000000 0.000000
0.999583 -0.028893 0.000000 174.819578 0.028893 0.999583 0.000000 -0.256010 0.000000 0.000000 1.000000 0.000000
0.999589 -0.028677 0.000000 176.686562 0.028677 0.999589 0.000000 -0.214151 0.000000 0.000000 1.000000 0.000000
0.999579 -0.029023 0.000000 178.423602 0.029023 0.999579 0.000000 -0.168196 0.000000 0.000000 1.000000 0.000000
0.999526 -0.030777 0.000000 179.989315 0.030777 0.999526 0.000000 -0.108320 0.000000 0.000000 1.000000 0.000000
0.999573 -0.029208 0.000000 181.589008 0.029208 0.999573 0.000000 -0.115513 0.000000 0.000000 1.000000 0.000000
0.999633 -0.027097 0.000000 183.227294 0.027097 0.999633 0.000000 -0.083173 0.000000 0.000000 1.000000 0.000000
0.999681 -0.025269 0.000000 185.479334 0.025269 0.999681 0.000000 -0.054192 0.000000 0.000000 1.000000 0.000000
0.999737 -0.022928 0.000000 187.498357 0.022928 0.999737 0.000000 -0.030085 0.000000 0.000000 1.000000 0.000000
0.999792 -0.020406 0.000000 189.835835 0.020406 0.999792 0.000000 -0.031757 0.000000 0.000000 1.000000 0.000000
0.999824 -0.018779 0.000000 192.574327 0.018779 0.999824 0.000000 -0.009111 0.000000 0.000000 1.000000 0.000000
0.999844 -0.017676 0.000000 195.633991 0.017676 0.999844 0.000000 0.001587 0.000000 0.000000 1.000000 0.000000
0.999850 -0.017318 0.000000 197.238163 0.017318 0.999850 0.000000 -0.010126 0.000000 0.000000 1.000000 0.000000
0.999857 -0.016883 0.000000 198.909664 0.016883 0.999857 0.000000 0.018766 0.000000 0.000000 1.000000 0.000000
0.999845 -0.017617 0.000000 200.653328 0.017617 0.999845 0.000000 0.030564 0.000000 0.000000 1.000000 0.000000
0.999841 -0.017858 0.000000 202.445168 0.017858 0.999841 0.000000 0.041378 0.000000 0.000000 1.000000 0.000000
0.999846 -0.017522 0.000000 204.223055 0.017522 0.999846 0.000000 0.054080 0.000000 0.000000 1.000000 0.000000
0.999827 -0.018577 0.000000 206.064417 0.018577 0.999827 0.000000 0.062434 0.000000 0.000000 1.000000 0.000000
0.999790 -0.020493 0.000000 208.006000 0.020493 0.999790 0.000000 0.115441 0.000000 0.000000 1.000000 0.000000
0.999753 -0.022228 0.000000 209.961022 0.022228 0.999753 0.000000 0.131788 0.000000 0.000000 1.000000 0.000000
0.999696 -0.024647 0.000000 211.860813 0.024647 0.999696 0.000000 0.150917 0.000000 0.000000 1.000000 0.000000
0.999591 -0.028588 0.000000 213.851778 0.028588 0.999591 0.000000 0.207529 0.000000 0.000000 1.000000 0.000000
0.999464 -0.032733 0.000000 215.837146 0.032733 0.999464 0.000000 0.248503 0.000000 0.000000 1.000000 0.000000
0.999252 -0.038668 0.000000 217.884390 0.038668 0.999252 0.000000 0.251069 0.000000 0.000000 1.000000 0.000000
0.999025 -0.044140 0.000000 219.862776 0.044140 0.999025 0.000000 0.297008 0.000000 0.000000 1.000000 0.000000
0.998675 -0.051462 0.000000 221.940095 0.051462 0.998675 0.000000 0.391704 0.000000 0.000000 1.000000 0.000000
0.998241 -0.059287 0.000000 223.913332 0.059287 0.998241 0.000000 0.466487 0.000000 0.000000 1.000000 0.000000
0.997707 -0.067676 0.000000 226.002352 0.067676 0.997707 0.000000 0.549377 0.000000 0.000000 1.000000 0.000000
0.996897 -0.078717 0.000000 228.122653 0.078717 0.996897 0.000000 0.695431 0.000000 0.000000 1.000000 0.000000
0.995981 -0.089565 0.000000 230.100948 0.089565 0.995981 0.000000 0.864000 0.000000 0.000000 1.000000 0.000000
0.994950 -0.100370 0.000000 232.052466 0.100370 0.994950 0.000000 1.058128 0.000000 0.000000 1.000000 0.000000
0.994052 -0.108904 0.000000 234.149213 0.108904 0.994052 0.000000 1.255075 0.000000 0.000000 1.000000 0.000000
0.993291 -0.115639 0.000000 236.214983 0.115639 0.993291 0.000000 1.491530 0.000000 0.000000 1.000000 0.000000
0.992307 -0.123802 0.000000 238.309852 0.123802 0.992307 0.000000 1.754394 0.000000 0.000000 1.000000 0.000000
0.991598 -0.129361 0.000000 240.386872 0.129361 0.991598 0.000000 2.030672 0.000000 0.000000 1.000000 0.000000
0.991230 -0.132146 0.000000 242.395260 0.132146 0.991230 0.000000 2.259317 0.000000 0.000000 1.000000 0.000000
0.991190 -0.132446 0.000000 244.534350 0.132446 0.991190 0.000000 2.567485 0.000000 0.000000 1.000000 0.000000
0.991179 -0.132530 0.000000 246.698822 0.132530 0.991179 0.000000 2.845026 0.000000 0.000000 1.000000 0.000000
0.991154 -0.132718 0.000000 248.737144 0.132718 0.991154 0.000000 3.042263 0.000000 0.000000 1.000000 0.000000
0.990972 -0.134072 0.000000 250.812131 0.134072 0.990972 0.000000 3.358287 0.000000 0.000000 1.000000 0.000000
0.991022 -0.133700 0.000000 252.977540 0.133700 0.991022 0.000000 3.624018 0.000000 0.000000 1.000000 0.000000
0.991100 -0.133117 0.000000 255.098143 0.133117 0.991100 0.000000 3.890770 0.000000 0.000000 1.000000 0.000000
0.991271 -0.131838 0.000000 257.257943 0.131838 0.991271 0.000000 4.116231 0.000000 0.000000 1.000000 0.000000
0.991367 -0.131119 0.000000 259.354462 0.131119 0.991367 0.000000 4.397801 0.000000 0.000000 1.000000 0.000000
0.991359 -0.131174 0.000000 261.612711 0.131174 0.991359 0.000000 4.643267 0.000000 0.000000 1.000000 0.000000
0.991275 -0.131811 0.000000 263.856983 0.131811 0.991275 0.000000 4.914186 0.000000 0.000000 1.000000 0.000000
0.991477 -0.130283 0.000000 266.106128 0.130283 0.991477 0.000000 5.227523 0.000000 0.000000 1.000000 0.000000
0.991509 -0.130039 0.000000 268.307873 0.130039 0.991509 0.000000 5.478821 0.000000 0.000000 1.000000 0.000000
0.991590 -0.129417 0.000000 270.579173 0.129417 0.991590 0.000000 5.734552 0.000000 0.000000 1.000000 0.000000
0.991481 -0.130251 0.000000 272.818076 0.130251 0.991481 0.000000 6.049659 0.000000 0.000000 1.000000 0.000000
0.991572 -0.129559 0.000000 275.054106 0.129559 0.991572 0.000000 6.340914 0.000000 0.000000 1.000000 0.000000
0.991519 -0.129964 0.000000 277.280154 0.129964 0.991519 0.000000 6.621225 0.000000 0.000000 1.000000 0.000000
0.991487 -0.130202 0.000000 279.571701 0.130202 0.991487 0.000000 6.871638 0.000000 0.000000 1.000000 0.000000
0.991674 -0.128776 0.000000 281.913600 0.128776 0.991674 0.000000 7.117662 0.000000 0.000000 1.000000 0.000000
0.991800 -0.127798 0.000000 284.211787 0.127798 0.991800 0.000000 7.431961 0.000000 0.000000 1.000000 0.000000
0.991686 -0.128683 0.000000 286.552574 0.128683 0.991686 0.000000 7.687402 0.000000 0.000000 1.000000 0.000000
0.991595 -0.129379 0.000000 288.904916 0.129379 0.991595 0.000000 7.993139 0.000000 0.000000 1.000000 0.000000
0.991358 -0.131185 0.000000 291.279667 0.131185 0.991358 0.000000 8.245210 0.000000 0.000000 1.000000 0.000000
0.990764 -0.135601 0.000000 293.643343 0.135601 0.990764 0.000000 8.547937 0.000000 0.000000 1.000000 0.000000
0.989997 -0.141091 0.000000 295.962596 0.141091 0.989997 0.000000 8.877325 0.000000 0.000000 1.000000 0.000000
0.989363 -0.145470 0.000000 298.325789 0.145470 0.989363 0.000000 9.159345 0.000000 0.000000 1.000000 0.000000
0.989207 -0.146528 0.000000 300.633089 0.146528 0.989207 0.000000 9.456886 0.000000 0.000000 1.000000 0.000000
0.989414 -0.145124 0.000000 302.926210 0.145124 0.989414 0.000000 9.787100 0.000000 0.000000 1.000000 0.000000
0.989946 -0.141447 0.000000 305.176624 0.141447 0.989946 0.000000 10.068066 0.000000 0.000000 1.000000 0.000000
0.990330 -0.138734 0.000000 307.454690 0.138734 0.990330 0.000000 10.329166 0.000000 0.000000 1.000000 0.000000
0.990481 -0.137652 0.000000 309.673284 0.137652 0.990481 0.000000 10.575381 0.000000 0.000000 1.000000 0.000000
0.990577 -0.136957 0.000000 311.845544 0.136957 0.990577 0.000000 10.883489 0.000000 0.000000 1.000000 0.000000
0.990694 -0.136105 0.000000 313.943338 0.136105 0.990694 0.000000 11.113280 0.000000 0.000000 1.000000 0.000000
0.990863 -0.134875 0.000000 316.012555 0.134875 0.990863 0.000000 11.387764 0.000000 0.000000 1.000000 0.000000
0.991023 -0.133689 0.000000 318.062839 0.133689 0.991023 0.000000 11.652091 0.000000 0.000000 1.000000 0.000000
0.991217 -0.132246 0.000000 320.032788 0.132246 0.991217 0.000000 11.891483 0.000000 0.000000 1.000000 0.000000
0.991293 -0.131675 0.000000 321.965469 0.131675 0.991293 0.000000 12.117734 0.000000 0.000000 1.000000 0.000000
0.991742 -0.128252 0.000000 323.871999 0.128252 0.991742 0.000000 12.290721 0.000000 0.000000 1.000000 0.000000
0.991852 -0.127397 0.000000 325.700038 0.127397 0.991852 0.000000 12.472604 0.000000 0.000000 1.000000 0.000000
0.991993 -0.126289 0.000000 327.472429 0.126289 0.991993 0.000000 12.711046 0.000000 0.000000 1.000000 0.000000
0.992170 -0.124893 0.000000 329.232143 0.124893 0.992170 0.000000 12.889499 0.000000 0.000000 1.000000 0.000000
0.992555 -0.121793 0.000000 330.914132 0.121793 0.992555 0.000000 13.120138 0.000000 0.000000 1.000000 0.000000
0.992761 -0.120111 0.000000 332.549968 0.120111 0.992761 0.000000 13.245995 0.000000 0.000000 1.000000 0.000000
0.992933 -0.118673 0.000000 334.185294 0.118673 0.992933 0.000000 13.428739 0.000000 0.000000 1.000000 0.000000
0.993403 -0.114679 0.000000 335.728861 0.114679 0.993403 0.000000 13.626164 0.000000 0.000000 1.000000 0.000000
0.994377 -0.105896 0.000000 338.688870 0.105896 0.994377 0.000000 13.913123 0.000000 0.000000 1.000000 0.000000
0.995065 -0.099221 0.000000 341.448305 0.099221 0.995065 0.000000 14.140898 0.000000 0.000000 1.000000 0.000000
0.995624 -0.093449 0.000000 344.072285 0.093449 0.995624 0.000000 14.312599 0.000000 0.000000 1.000000 0.000000
0.995995 -0.089407 0.000000 346.371997 0.089407 0.995995 0.000000 14.483053 0.000000 0.000000 1.000000 0.000000
0.996321 -0.085699 0.000000 348.461790 0.085699 0.996321 0.000000 14.612433 0.000000 0.000000 1.000000 0.000000
0.996925 -0.078363 0.000000 350.341588 0.078363 0.996925 0.000000 14.746975 0.000000 0.000000 1.000000 0.000000
0.998217 -0.059694 0.000000 351.913232 0.059694 0.998217 0.000000 14.855059 0.000000 0.000000 1.000000 0.000000
0.999515 -0.031128 0.000000 353.929167 0.031128 0.999515 0.000000 14.854771 0.000000 0.000000 1.000000 0.000000
0.999870 -0.016097 0.000000 355.526416 0.016097 0.999870 0.000000 14.815829 0.000000 0.000000 1.000000 0.000000
0.999959 -0.009018 0.000000 357.133855 0.009018 0.999959 0.000000 14.819778 0.000000 0.000000 1.000000 0.000000
0.999731 0.023180 0.000000 358.923277 -0.023180 0.999731 -0.000000 14.736110 -0.000000 0.000000 1.000000 0.000000
0.998950 0.045806 0.000000 360.471149 -0.045806 0.998950 -0.000000 14.620436 -0.000000 0.000000 1.000000 0.000000
0.998568 0.053499 0.000000 362.479897 -0.053499 0.998568 -0.000000 14.499102 -0.000000 0.000000 1.000000 0.000000
0.998362 0.057217 0.000000 364.094652 -0.057217 0.998362 -0.000000 14.362120 -0.000000 0.000000 1.000000 0.000000
0.998243 0.059258 0.000000 366.003146 -0.059258 0.998243 -0.000000 14.147384 -0.000000 0.000000 1.000000 0.000000
0.998277 0.058682 0.000000 368.321754 -0.058682 0.998277 -0.000000 14.048096 -0.000000 0.000000 1.000000 0.000000
0.998617 0.052568 0.000000 370.971207 -0.052568 0.998617 -0.000000 13.797998 -0.000000 0.000000 1.000000 0.000000
0.998863 0.047669 0.000000 373.866617 -0.047669 0.998863 -0.000000 13.596994 -0.000000 0.000000 1.000000 0.000000
0.998919 0.046480 0.000000 375.419814 -0.046480 0.998919 -0.000000 13.482826 -0.000000 0.000000 1.000000 0.000000
0.998911 0.046657 0.000000 377.095945 -0.046657 0.998911 -0.000000 13.446196 -0.000000 0.000000 1.000000 0.000000
0.998951 0.045795 0.000000 378.781520 -0.045795 0.998951 -0.000000 13.343200 -0.000000 0.000000 1.000000 0.000000
0.998931 0.046226 0.000000 380.521980 -0.046226 0.998931 -0.000000 13.257244 -0.000000 0.000000 1.000000 0.000000
0.998925 0.046354 0.000000 382.322859 -0.046354 0.998925 -0.000000 13.220215 -0.000000 0.000000 1.000000 0.000000
0.998969 0.045408 0.000000 384.110652 -0.045408 0.998969 -0.000000 13.092835 -0.000000 0.000000 1.000000 0.000000
0.999013 0.044409 0.000000 386.000653 -0.044409 0.999013 -0.000000 13.031467 -0.000000 0.000000 1.000000 0.000000
0.999058 0.043387 0.000000 387.954367 -0.043387 0.999058 -0.000000 12.958163 -0.000000 0.000000 1.000000 0.000000
0.999120 0.041945 0.000000 389.836318 -0.041945 0.999120 -0.000000 12.844623 -0.000000 0.000000 1.000000 0.000000
0.999202 0.039930 0.000000 391.779476 -0.039930 0.999202 -0.000000 12.732751 -0.000000 0.000000 1.000000 0.000000
0.999324 0.036771 0.000000 393.733596 -0.036771 0.999324 -0.000000 12.607365 -0.000000 0.000000 1.000000 0.000000
0.999411 0.034304 0.000000 395.755173 -0.034304 0.999411 -0.000000 12.527434 -0.000000 0.000000 1.000000 0.000000
0.999484 0.032113 0.000000 397.653146 -0.032113 0.999484 -0.000000 12.431268 -0.000000 0.000000 1.000000 0.000000
0.999597 0.028385 0.000000 399.633270 -0.028385 0.999597 -0.000000 12.347629 -0.000000 0.000000 1.000000 0.000000
0.999673 0.025583 0.000000 401.526875 -0.025583 0.999673 -0.000000 12.293469 -0.000000 0.000000 1.000000 0.000000
0.999710 0.024086 0.000000 403.390915 -0.024086 0.999710 -0.000000 12.257396 -0.000000 0.000000 1.000000 0.000000
0.999780 0.020958 0.000000 405.261126 -0.020958 0.999780 -0.000000 12.160659 -0.000000 0.000000 1.000000 0.000000
0.999832 0.018348 0.000000 407.085481 -0.018348 0.999832 -0.000000 12.097690 -0.000000 0.000000 1.000000 0.000000
0.999874 0.015858 0.000000 408.889808 -0.015858 0.999874 -0.000000 12.040973 -0.000000 0.000000 1.000000 0.000000
0.999903 0.013907 0.000000 410.661668 -0.013907 0.999903 -0.000000 11.975384 -0.000000 0.000000 1.000000 0.000000
0.999944 0.010548 0.000000 412.390592 -0.010548 0.999944 -0.000000 11.941987 -0.000000 0.000000 1.000000 0.000000
0.999964 0.008495 0.000000 414.116370 -0.008495 0.999964 -0.000000 11.935558 -0.000000 0.000000 1.000000 0.000000
0.999976 0.006868 0.000000 415.843528 -0.006868 0.999976 -0.000000 11.914296 -0.000000 0.000000 1.000000 0.000000
0.999990 0.004458 0.000000 417.547602 -0.004458 0.999990 -0.000000 11.894701 -0.000000 0.000000 1.000000 0.000000
0.999996 0.002965 0.000000 419.229311 -0.002965 0.999996 -0.000000 11.845146 -0.000000 0.000000 1.000000 0.000000
0.999999 0.001260 0.000000 420.884433 -0.001260 0.999999 -0.000000 11.844330 -0.000000 0.000000 1.000000 0.000000
0.999999 -0.001126 0.000000 422.565727 0.001126 0.999999 0.000000 11.841053 0.000000 0.000000 1.000000 0.000000
0.999997 -0.002425 0.000000 424.159440 0.002425 0.999997 0.000000 11.811982 0.000000 0.000000 1.000000 0.000000
0.999991 -0.004297 0.000000 425.817095 0.004297 0.999991 0.000000 11.812519 0.000000 0.000000 1.000000 0.000000
0.999982 -0.005949 0.000000 427.406877 0.005949 0.999982 0.000000 11.793560 0.000000 0.000000 1.000000 0.000000
0.999974 -0.007210 0.000000 429.018790 0.007210 0.999974 0.000000 11.737998 0.000000 0.000000 1.000000 0.000000
0.999973 -0.007357 0.000000 430.581392 0.007357 0.999973 0.000000 11.718280 0.000000 0.000000 1.000000 0.000000
0.999958 -0.009140 0.000000 433.690007 0.009140 0.999958 0.000000 11.648349 0.000000 0.000000 1.000000 0.000000
0.999948 -0.010216 0.000000 435.233466 0.010216 0.999948 0.000000 11.635735 0.000000 0.000000 1.000000 0.000000
0.999930 -0.011848 0.000000 436.741702 0.011848 0.999930 0.000000 11.640478 0.000000 0.000000 1.000000 0.000000
0.999914 -0.013122 0.000000 438.252446 0.013122 0.999914 0.000000 11.643710 0.000000 0.000000 1.000000 0.000000
0.999898 -0.014254 0.000000 439.801414 0.014254 0.999898 0.000000 11.644917 0.000000 0.000000 1.000000 0.000000
0.999888 -0.014956 0.000000 441.392669 0.014956 0.999888 0.000000 11.625963 0.000000 0.000000 1.000000 0.000000
0.999880 -0.015523 0.000000 442.990347 0.015523 0.999880 0.000000 11.614725 0.000000 0.000000 1.000000 0.000000
0.999834 -0.018226 0.000000 444.597078 0.018226 0.999834 0.000000 11.645176 0.000000 0.000000 1.000000 0.000000
0.999774 -0.021272 0.000000 446.235543 0.021272 0.999774 0.000000 11.607017 0.000000 0.000000 1.000000 0.000000
0.999692 -0.024804 0.000000 447.848758 0.024804 0.999692 0.000000 11.658801 0.000000 0.000000 1.000000 0.000000
0.999625 -0.027387 0.000000 449.441089 0.027387 0.999625 0.000000 11.664836 0.000000 0.000000 1.000000 0.000000
0.999541 -0.030290 0.000000 450.998429 0.030290 0.999541 0.000000 11.705171 0.000000 0.000000 1.000000 0.000000
0.999431 -0.033717 0.000000 452.593966 0.033717 0.999431 0.000000 11.717010 0.000000 0.000000 1.000000 0.000000
0.999234 -0.039133 0.000000 455.571892 0.039133 0.999234 0.000000 11.766049 0.000000 0.000000 1.000000 0.000000
0.999011 -0.044464 0.000000 458.436430 0.044464 0.999011 0.000000 11.857095 0.000000 0.000000 1.000000 0.000000
0.999145 -0.041333 0.000000 461.155694 0.041333 0.999145 0.000000 11.938631 0.000000 0.000000 1.000000 0.000000
0.999556 -0.029790 0.000000 463.767763 0.029790 0.999556 0.000000 11.972576 0.000000 0.000000 1.000000 0.000000
0.999996 0.002944 0.000000 466.126043 -0.002944 0.999996 -0.000000 11.872815 -0.000000 0.000000 1.000000 0.000000
0.997437 0.071553 0.000000 468.302101 -0.071553 0.997437 -0.000000 11.742192 -0.000000 0.000000 1.000000 0.000000
0.986466 0.163968 0.000000 470.371254 -0.163968 0.986466 -0.000000 11.370815 -0.000000 0.000000 1.000000 0.000000
0.959960 0.280138 0.000000 472.148347 -0.280138 0.959960 -0.000000 10.871172 -0.000000 0.000000 1.000000 0.000000
0.905339 0.424690 0.000000 473.681465 -0.424690 0.905339 -0.000000 10.063810 -0.000000 0.000000 1.000000 0.000000
0.818446 0.574584 0.000000 474.891311 -0.574584 0.818446 -0.000000 9.020155 -0.000000 0.000000 1.000000 0.000000
0.711634 0.702551 0.000000 475.706383 -0.702551 0.711634 -0.000000 8.038670 -0.000000 0.000000 1.000000 0.000000
0.593167 0.805080 0.000000 476.317061 -0.805080 0.593167 -0.000000 6.998483 -0.000000 0.000000 1.000000 0.000000
0.474178 0.880429 0.000000 476.829715 -0.880429 0.474178 -0.000000 6.014052 -0.000000 0.000000 1.000000 0.000000
0.345528 0.938408 0.000000 477.012922 -0.938408 0.345528 -0.000000 5.031446 -0.000000 0.000000 1.000000 0.000000
0.188458 0.982081 0.000000 477.187314 -0.982081 0.188458 -0.000000 3.945439 -0.000000 0.000000 1.000000 0.000000
0.093103 0.995657 0.000000 477.160849 -0.995657 0.093103 -0.000000 3.327485 -0.000000 0.000000 1.000000 0.000000
-0.014706 0.999892 0.000000 477.091913 -0.999892 -0.014706 -0.000000 2.593462 -0.000000 0.000000 1.000000 0.000000
-0.131537 0.991311 0.000000 476.902864 -0.991311 -0.131537 -0.000000 1.775894 -0.000000 0.000000 1.000000 0.000000
-0.254349 0.967113 0.000000 476.611327 -0.967113 -0.254349 -0.000000 0.919544 -0.000000 0.000000 1.000000 0.000000
-0.377853 0.925866 0.000000 476.108915 -0.925866 -0.377853 -0.000000 -0.021232 -0.000000 0.000000 1.000000 0.000000
-0.496503 0.868035 0.000000 475.513021 -0.868035 -0.496503 -0.000000 -0.963045 -0.000000 0.000000 1.000000 0.000000
-0.604552 0.796566 0.000000 474.731653 -0.796566 -0.604552 0.000000 -1.877242 0.000000 0.000000 1.000000 0.000000
-0.694861 0.719144 0.000000 473.866776 -0.719144 -0.694861 0.000000 -2.800758 0.000000 0.000000 1.000000 0.000000
-0.768558 0.639780 0.000000 472.770955 -0.639780 -0.768558 0.000000 -3.576490 0.000000 0.000000 1.000000 0.000000
-0.822276 0.569089 0.000000 471.602359 -0.569089 -0.822276 0.000000 -4.461083 0.000000 0.000000 1.000000 0.000000
-0.856156 0.516717 0.000000 470.193051 -0.516717 -0.856156 0.000000 -5.230256 0.000000 0.000000 1.000000 0.000000
-0.876967 0.480550 0.000000 468.693119 -0.480550 -0.876967 0.000000 -5.964653 0.000000 0.000000 1.000000 0.000000
-0.890214 0.455544 0.000000 467.035626 -0.455544 -0.890214 0.000000 -6.662308 0.000000 0.000000 1.000000 0.000000
-0.897751 0.440504 0.000000 465.277951 -0.440504 -0.897751 0.000000 -7.454214 0.000000 0.000000 1.000000 0.000000
-0.900973 0.433875 0.000000 463.417821 -0.433875 -0.900973 0.000000 -8.216711 0.000000 0.000000 1.000000 0.000000
-0.903662 0.428247 0.000000 461.498816 -0.428247 -0.903662 0.000000 -9.043589 0.000000 0.000000 1.000000 0.000000
-0.905553 0.424233 0.000000 459.453976 -0.424233 -0.905553 0.000000 -9.956313 0.000000 0.000000 1.000000 0.000000
-0.907166 0.420774 0.000000 457.284365 -0.420774 -0.907166 0.000000 -10.858084 0.000000 0.000000 1.000000 0.000000
-0.908585 0.417699 0.000000 455.070443 -0.417699 -0.908585 0.000000 -11.850986 0.000000 0.000000 1.000000 0.000000
-0.909468 0.415775 0.000000 452.754134 -0.415775 -0.909468 0.000000 -12.881055 0.000000 0.000000 1.000000 0.000000
-0.910316 0.413914 0.000000 450.385460 -0.413914 -0.910316 0.000000 -13.937714 0.000000 0.000000 1.000000 0.000000
-0.911214 0.411933 0.000000 447.930596 -0.411933 -0.911214 0.000000 -14.942732 0.000000 0.000000 1.000000 0.000000
-0.912707 0.408615 0.000000 445.510868 -0.408615 -0.912707 0.000000 -16.013660 0.000000 0.000000 1.000000 0.000000
-0.912583 0.408891 0.000000 443.051565 -0.408891 -0.912583 0.000000 -17.045884 0.000000 0.000000 1.000000 0.000000
-0.912171 0.409811 0.000000 440.723356 -0.409811 -0.912171 0.000000 -18.090316 0.000000 0.000000 1.000000 0.000000
-0.911874 0.410470 0.000000 438.332551 -0.410470 -0.911874 0.000000 -19.141574 0.000000 0.000000 1.000000 0.000000
-0.911851 0.410522 0.000000 436.019296 -0.410522 -0.911851 0.000000 -20.173693 0.000000 0.000000 1.000000 0.000000
-0.912012 0.410164 0.000000 433.699685 -0.410164 -0.912012 0.000000 -21.176820 0.000000 0.000000 1.000000 0.000000
-0.911966 0.410266 0.000000 431.379836 -0.410266 -0.911966 0.000000 -22.212601 0.000000 0.000000 1.000000 0.000000
-0.912408 0.409282 0.000000 429.124271 -0.409282 -0.912408 0.000000 -23.250936 0.000000 0.000000 1.000000 0.000000
-0.912391 0.409320 0.000000 426.864622 -0.409320 -0.912391 0.000000 -24.194586 0.000000 0.000000 1.000000 0.000000
-0.912627 0.408792 0.000000 424.630812 -0.408792 -0.912627 0.000000 -25.176000 0.000000 0.000000 1.000000 0.000000
-0.913677 0.406441 0.000000 422.414001 -0.406441 -0.913677 0.000000 -26.139280 0.000000 0.000000 1.000000 0.000000
-0.914489 0.404611 0.000000 420.259617 -0.404611 -0.914489 0.000000 -27.092448 0.000000 0.000000 1.000000 0.000000
-0.915555 0.402192 0.000000 418.152125 -0.402192 -0.915555 0.000000 -27.980847 0.000000 0.000000 1.000000 0.000000
-0.916775 0.399405 0.000000 416.089521 -0.399405 -0.916775 0.000000 -28.792167 0.000000 0.000000 1.000000 0.000000
-0.917574 0.397564 0.000000 414.104987 -0.397564 -0.917574 0.000000 -29.692714 0.000000 0.000000 1.000000 0.000000
-0.918469 0.395493 0.000000 412.140487 -0.395493 -0.918469 0.000000 -30.486658 0.000000 0.000000 1.000000 0.000000
-0.919756 0.392492 0.000000 410.257168 -0.392492 -0.919756 0.000000 -31.332036 0.000000 0.000000 1.000000 0.000000
-0.920726 0.390209 0.000000 408.392598 -0.390209 -0.920726 0.000000 -32.039354 0.000000 0.000000 1.000000 0.000000
-0.921787 0.387696 0.000000 406.632379 -0.387696 -0.921787 0.000000 -32.779801 0.000000 0.000000 1.000000 0.000000
-0.922699 0.385520 0.000000 404.917871 -0.385520 -0.922699 0.000000 -33.492054 0.000000 0.000000 1.000000 0.000000
-0.923533 0.383519 0.000000 403.308896 -0.383519 -0.923533 0.000000 -34.150501 0.000000 0.000000 1.000000 0.000000
-0.923722 0.383063 0.000000 401.728940 -0.383063 -0.923722 0.000000 -34.761098 0.000000 0.000000 1.000000 0.000000
-0.924218 0.381866 0.000000 400.250823 -0.381866 -0.924218 0.000000 -35.360418 0.000000 0.000000 1.000000 0.000000
-0.924559 0.381038 0.000000 397.571610 -0.381038 -0.924559 0.000000 -36.424495 0.000000 0.000000 1.000000 0.000000
-0.924626 0.380876 0.000000 395.195865 -0.380876 -0.924626 0.000000 -37.373762 0.000000 0.000000 1.000000 0.000000
-0.924010 0.382368 0.000000 393.158660 -0.382368 -0.924010 0.000000 -38.223499 0.000000 0.000000 1.000000 0.000000
-0.924276 0.381724 0.000000 391.446143 -0.381724 -0.924276 0.000000 -38.881558 0.000000 0.000000 1.000000 0.000000
-0.924190 0.381932 0.000000 389.466076 -0.381932 -0.924190 0.000000 -39.661556 0.000000 0.000000 1.000000 0.000000
-0.924517 0.381142 0.000000 388.008865 -0.381142 -0.924517 0.000000 -40.239859 0.000000 0.000000 1.000000 0.000000
-0.924831 0.380377 0.000000 386.553490 -0.380377 -0.924831 0.000000 -40.788318 0.000000 0.000000 1.000000 0.000000
-0.924665 0.380782 0.000000 385.137253 -0.380782 -0.924665 0.000000 -41.328905 0.000000 0.000000 1.000000 0.000000
-0.924651 0.380816 0.000000 383.535550 -0.380816 -0.924651 0.000000 -41.976079 0.000000 0.000000 1.000000 0.000000
-0.924622 0.380885 0.000000 381.874819 -0.380885 -0.924622 0.000000 -42.613202 0.000000 0.000000 1.000000 0.000000
-0.924314 0.381633 0.000000 380.358014 -0.381633 -0.924314 0.000000 -43.249775 0.000000 0.000000 1.000000 0.000000
-0.924473 0.381247 0.000000 378.376672 -0.381247 -0.924473 0.000000 -44.015712 0.000000 0.000000 1.000000 0.000000
-0.926747 0.375686 0.000000 375.861456 -0.375686 -0.926747 0.000000 -45.023481 0.000000 0.000000 1.000000 0.000000
-0.928398 0.371588 0.000000 374.449037 -0.371588 -0.928398 0.000000 -45.566342 0.000000 0.000000 1.000000 0.000000
-0.930607 0.366020 0.000000 372.891255 -0.366020 -0.930607 0.000000 -46.181395 0.000000 0.000000 1.000000 0.000000
-0.934744 0.355321 0.000000 371.218583 -0.355321 -0.934744 0.000000 -46.780787 0.000000 0.000000 1.000000 0.000000
-0.939322 0.343038 0.000000 369.446307 -0.343038 -0.939322 0.000000 -47.370726 0.000000 0.000000 1.000000 0.000000
-0.943405 0.331642 0.000000 367.597745 -0.331642 -0.943405 0.000000 -48.000710 0.000000 0.000000 1.000000 0.000000
-0.947280 0.320407 0.000000 365.616528 -0.320407 -0.947280 0.000000 -48.610793 0.000000 0.000000 1.000000 0.000000
-0.950982 0.309245 0.000000 363.577879 -0.309245 -0.950982 0.000000 -49.233697 0.000000 0.000000 1.000000 0.000000
-0.954396 0.298545 0.000000 361.420201 -0.298545 -0.954396 0.000000 -49.868036 0.000000 0.000000 1.000000 0.000000
-0.956199 0.292717 0.000000 359.171734 -0.292717 -0.956199 0.000000 -50.500611 0.000000 0.000000 1.000000 0.000000
-0.957120 0.289692 0.000000 356.871401 -0.289692 -0.957120 0.000000 -51.195387 0.000000 0.000000 1.000000 0.000000
-0.958620 0.284690 0.000000 354.537630 -0.284690 -0.958620 0.000000 -51.856779 0.000000 0.000000 1.000000 0.000000
-0.959773 0.280776 0.000000 352.072150 -0.280776 -0.959773 0.000000 -52.475466 0.000000 0.000000 1.000000 0.000000
-0.960757 0.277393 0.000000 349.554155 -0.277393 -0.960757 0.000000 -53.122993 0.000000 0.000000 1.000000 0.000000
-0.961499 0.274807 0.000000 347.050162 -0.274807 -0.961499 0.000000 -53.855615 0.000000 0.000000 1.000000 0.000000
-0.961917 0.273343 0.000000 344.409806 -0.273343 -0.961917 0.000000 -54.527666 0.000000 0.000000 1.000000 0.000000
-0.961123 0.276121 0.000000 341.813424 -0.276121 -0.961123 0.000000 -55.287900 0.000000 0.000000 1.000000 0.000000
-0.960613 0.277889 0.000000 339.134071 -0.277889 -0.960613 0.000000 -56.052301 0.000000 0.000000 1.000000 0.000000
-0.959331 0.282284 0.000000 336.401817 -0.282284 -0.959331 0.000000 -56.787847 0.000000 0.000000 1.000000 0.000000
-0.957711 0.287731 0.000000 333.683991 -0.287731 -0.957711 0.000000 -57.567952 0.000000 0.000000 1.000000 0.000000
-0.956033 0.293260 0.000000 331.014309 -0.293260 -0.956033 0.000000 -58.423284 0.000000 0.000000 1.000000 0.000000
-0.954692 0.297596 0.000000 328.251613 -0.297596 -0.954692 0.000000 -59.193112 0.000000 0.000000 1.000000 0.000000
-0.953331 0.301927 0.000000 325.553348 -0.301927 -0.953331 0.000000 -60.014994 0.000000 0.000000 1.000000 0.000000
-0.952015 0.306052 0.000000 322.782940 -0.306052 -0.952015 0.000000 -60.855419 0.000000 0.000000 1.000000 0.000000
-0.950470 0.310818 0.000000 320.035304 -0.310818 -0.950470 0.000000 -61.738819 0.000000 0.000000 1.000000 0.000000
-0.949509 0.313741 0.000000 317.276355 -0.313741 -0.949509 0.000000 -62.581122 0.000000 0.000000 1.000000 0.000000
-0.949001 0.315272 0.000000 314.520464 -0.315272 -0.949001 0.000000 -63.446591 0.000000 0.000000 1.000000 0.000000
-0.948070 0.318060 0.000000 311.769153 -0.318060 -0.948070 0.000000 -64.380100 0.000000 0.000000 1.000000 0.000000
-0.947814 0.318823 0.000000 309.022457 -0.318823 -0.947814 0.000000 -65.284022 0.000000 0.000000 1.000000 0.000000
-0.947290 0.320378 0.000000 306.266486 -0.320378 -0.947290 0.000000 -66.141330 0.000000 0.000000 1.000000 0.000000
-0.946751 0.321968 0.000000 303.611497 -0.321968 -0.946751 0.000000 -67.000309 0.000000 0.000000 1.000000 0.000000
-0.946310 0.323261 0.000000 300.914608 -0.323261 -0.946310 0.000000 -67.905480 0.000000 0.000000 1.000000 0.000000
-0.945921 0.324398 0.000000 298.298718 -0.324398 -0.945921 0.000000 -68.829183 0.000000 0.000000 1.000000 0.000000
-0.946278 0.323354 0.000000 295.607503 -0.323354 -0.946278 0.000000 -69.626900 0.000000 0.000000 1.000000 0.000000
-0.946803 0.321813 0.000000 293.039666 -0.321813 -0.946803 0.000000 -70.447740 0.000000 0.000000 1.000000 0.000000
-0.947377 0.320120 0.000000 290.365293 -0.320120 -0.947377 0.000000 -71.323950 0.000000 0.000000 1.000000 0.000000
-0.947111 0.320906 0.000000 287.769219 -0.320906 -0.947111 0.000000 -72.128057 0.000000 0.000000 1.000000 0.000000
-0.946558 0.322534 0.000000 285.208024 -0.322534 -0.946558 0.000000 -72.950820 0.000000 0.000000 1.000000 0.000000
-0.945490 0.325650 0.000000 282.713615 -0.325650 -0.945490 0.000000 -73.880588 0.000000 0.000000 1.000000 0.000000
-0.943544 0.331248 0.000000 280.175763 -0.331248 -0.943544 0.000000 -74.682496 0.000000 0.000000 1.000000 0.000000
-0.941131 0.338042 0.000000 277.733515 -0.338042 -0.941131 0.000000 -75.497558 0.000000 0.000000 1.000000 0.000000
-0.938125 0.346298 0.000000 275.256001 -0.346298 -0.938125 0.000000 -76.362704 0.000000 0.000000 1.000000 0.000000
-0.935080 0.354437 0.000000 272.834376 -0.354437 -0.935080 0.000000 -77.192032 0.000000 0.000000 1.000000 0.000000
-0.932700 0.360652 0.000000 270.446701 -0.360652 -0.932700 0.000000 -78.026974 0.000000 0.000000 1.000000 0.000000
-0.930586 0.366073 0.000000 268.076213 -0.366073 -0.930586 0.000000 -78.947950 0.000000 0.000000 1.000000 0.000000
-0.928605 0.371070 0.000000 265.704014 -0.371070 -0.928605 0.000000 -79.837979 0.000000 0.000000 1.000000 0.000000
-0.926821 0.375502 0.000000 263.362235 -0.375502 -0.926821 0.000000 -80.776990 0.000000 0.000000 1.000000 0.000000
-0.925161 0.379574 0.000000 260.992611 -0.379574 -0.925161 0.000000 -81.682013 0.000000 0.000000 1.000000 0.000000
-0.924145 0.382041 0.000000 258.641424 -0.382041 -0.924145 0.000000 -82.673145 0.000000 0.000000 1.000000 0.000000
-0.923193 0.384337 0.000000 256.269290 -0.384337 -0.923193 0.000000 -83.618960 0.000000 0.000000 1.000000 0.000000
-0.922662 0.385610 0.000000 253.857332 -0.385610 -0.922662 0.000000 -84.594171 0.000000 0.000000 1.000000 0.000000
-0.922025 0.387131 0.000000 251.523475 -0.387131 -0.922025 0.000000 -85.531542 0.000000 0.000000 1.000000 0.000000
-0.922044 0.387086 0.000000 249.195066 -0.387086 -0.922044 0.000000 -86.506782 0.000000 0.000000 1.000000 0.000000
-0.922370 0.386308 0.000000 246.895475 -0.386308 -0.922370 0.000000 -87.456047 0.000000 0.000000 1.000000 0.000000
-0.923278 0.384132 0.000000 244.538394 -0.384132 -0.923278 0.000000 -88.401526 0.000000 0.000000 1.000000 0.000000
-0.925563 0.378594 0.000000 242.087838 -0.378594 -0.925563 0.000000 -89.350083 0.000000 0.000000 1.000000 0.000000
-0.926321 0.376734 0.000000 239.726034 -0.376734 -0.926321 0.000000 -90.303936 0.000000 0.000000 1.000000 0.000000
-0.927102 0.374810 0.000000 237.336888 -0.374810 -0.927102 0.000000 -91.242751 0.000000 0.000000 1.000000 0.000000
