1.000000 0.000885 0.000000 1.782755 -0.000885 1.000000 0.000000 -0.005093 0.000000 0.000000 1.000000 0.000000
1.000000 0.000924 0.000000 2.165924 -0.000924 1.000000 0.000000 -0.010028 0.000000 0.000000 1.000000 0.000000
0.999999 0.001076 0.000000 2.652513 -0.001076 0.999999 0.000000 0.013490 0.000000 0.000000 1.000000 0.000000
0.999999 0.001403 0.000000 3.183918 -0.001403 0.999999 0.000000 0.002801 0.000000 0.000000 1.000000 0.000000
0.999999 0.001219 0.000000 3.781810 -0.001219 0.999999 0.000000 0.002648 0.000000 0.000000 1.000000 0.000000
1.000000 0.000967 0.000000 4.355177 -0.000967 1.000000 0.000000 0.005277 0.000000 0.000000 1.000000 0.000000
1.000000 0.000854 0.000000 5.034525 -0.000854 1.000000 0.000000 -0.009109 0.000000 0.000000 1.000000 0.000000
1.000000 -0.000404 0.000000 5.742326 0.000404 1.000000 0.000000 -0.046433 0.000000 0.000000 1.000000 0.000000
1.000000 -0.000768 0.000000 6.475135 0.000768 1.000000 0.000000 -0.015668 0.000000 0.000000 1.000000 0.000000
0.999999 -0.001492 0.000000 7.277608 0.001492 0.999999 0.000000 -0.020745 0.000000 0.000000 1.000000 0.000000
0.999997 -0.002391 0.000000 8.086165 0.002391 0.999997 0.000000 -0.049662 0.000000 0.000000 1.000000 0.000000
0.999997 -0.002312 0.000000 8.976311 0.002312 0.999997 0.000000 -0.012722 0.000000 0.000000 1.000000 0.000000
0.999994 -0.003550 0.000000 9.865170 0.003550 0.999994 0.000000 -0.022349 0.000000 0.000000 1.000000 0.000000
0.999993 -0.003743 0.000000 10.829867 0.003743 0.999993 0.000000 0.017604 0.000000 0.000000 1.000000 0.000000
0.999983 -0.005774 0.000000 11.765608 0.005774 0.999983 0.000000 0.021781 0.000000 0.000000 1.000000 0.000000
0.999984 -0.005696 0.000000 12.769158 0.005696 0.999984 0.000000 0.003535 0.000000 0.000000 1.000000 0.000000
0.999977 -0.006763 0.000000 13.789676 0.006763 0.999977 0.000000 0.068163 0.000000 0.000000 1.000000 0.000000
0.999977 -0.006767 0.000000 14.832107 0.006767 0.999977 0.000000 0.032848 0.000000 0.000000 1.000000 0.000000
0.999971 -0.007671 0.000000 15.911406 0.007671 0.999971 0.000000 0.062418 0.000000 0.000000 1.000000 0.000000
0.999974 -0.007224 0.000000 17.064419 0.007224 0.999974 0.000000 0.054331 0.000000 0.000000 1.000000 0.000000
0.999965 -0.008333 0.000000 18.182470 0.008333 0.999965 0.000000 0.055329 0.000000 0.000000 1.000000 0.000000
0.999968 -0.008048 0.000000 19.371190 0.008048 0.999968 0.000000 0.078215 0.000000 0.000000 1.000000 0.000000
0.999947 -0.010265 0.000000 20.473541 0.010265 0.999947 0.000000 0.079985 0.000000 0.000000 1.000000 0.000000
0.999956 -0.009413 0.000000 21.741616 0.009413 0.999956 0.000000 0.079197 0.000000 0.000000 1.000000 0.000000
0.999960 -0.009000 0.000000 22.904513 0.009000 0.999960 0.000000 0.119551 0.000000 0.000000 1.000000 0.000000
0.999947 -0.010254 0.000000 24.161723 0.010254 0.999947 0.000000 0.095788 0.000000 0.000000 1.000000 0.000000
0.999871 -0.016068 0.000000 25.346632 0.016068 0.999871 0.000000 0.115648 0.000000 0.000000 1.000000 0.000000
0.999695 -0.024690 0.000000 26.522686 0.024690 0.999695 0.000000 0.202343 0.000000 0.000000 1.000000 0.000000
0.999349 -0.036076 0.000000 27.775202 0.036076 0.999349 0.000000 0.213940 0.000000 0.000000 1.000000 0.000000
0.998813 -0.048702 0.000000 29.003925 0.048702 0.998813 0.000000 0.325044 0.000000 0.000000 1.000000 0.000000
0.998059 -0.062282 0.000000 30.266010 0.062282 0.998059 0.000000 0.407019 0.000000 0.000000 1.000000 0.000000
0.997216 -0.074565 0.000000 31.487902 0.074565 0.997216 0.000000 0.564455 0.000000 0.000000 1.000000 0.000000
0.996314 -0.085784 0.000000 32.722286 0.085784 0.996314 0.000000 0.678926 0.000000 0.000000 1.000000 0.000000
0.995165 -0.098221 0.000000 33.970573 0.098221 0.995165 0.000000 0.808307 0.000000 0.000000 1.000000 0.000000
0.994103 -0.108438 0.000000 35.206545 0.108438 0.994103 0.000000 0.931995 0.000000 0.000000 1.000000 0.000000
0.993251 -0.115987 0.000000 36.490745 0.115987 0.993251 0.000000 1.056334 0.000000 0.000000 1.000000 0.000000
0.992823 -0.119592 0.000000 37.784950 0.119592 0.992823 0.000000 1.217994 0.000000 0.000000 1.000000 0.000000
0.992793 -0.119843 0.000000 39.062816 0.119843 0.992793 0.000000 1.375530 0.000000 0.000000 1.000000 0.000000
0.992947 -0.118557 0.000000 40.323747 0.118557 0.992947 0.000000 1.551502 0.000000 0.000000 1.000000 0.000000
0.993040 -0.117776 0.000000 41.655101 0.117776 0.993040 0.000000 1.695660 0.000000 0.000000 1.000000 0.000000
0.993125 -0.117060 0.000000 42.952481 0.117060 0.993125 0.000000 1.860719 0.000000 0.000000 1.000000 0.000000
0.993566 -0.113257 0.000000 44.359842 0.113257 0.993566 0.000000 1.989857 0.000000 0.000000 1.000000 0.000000
0.993469 -0.114104 0.000000 45.627236 0.114104 0.993469 0.000000 2.181195 0.000000 0.000000 1.000000 0.000000
0.993613 -0.112845 0.000000 47.119223 0.112845 0.993613 0.000000 2.311236 0.000000 0.000000 1.000000 0.000000
0.993227 -0.116190 0.000000 48.461375 0.116190 0.993227 0.000000 2.516603 0.000000 0.000000 1.000000 0.000000
0.992887 -0.119062 0.000000 49.943124 0.119062 0.992887 0.000000 2.655481 0.000000 0.000000 1.000000 0.000000
0.992120 -0.125291 0.000000 51.341024 0.125291 0.992120 0.000000 2.842879 0.000000 0.000000 1.000000 0.000000
0.991425 -0.130673 0.000000 52.803959 0.130673 0.991425 0.000000 3.035581 0.000000 0.000000 1.000000 0.000000
0.990260 -0.139232 0.000000 54.260322 0.139232 0.990260 0.000000 3.251827 0.000000 0.000000 1.000000 0.000000
0.989127 -0.147066 0.000000 55.764123 0.147066 0.989127 0.000000 3.490843 0.000000 0.000000 1.000000 0.000000
0.987996 -0.154477 0.000000 57.258587 0.154477 0.987996 0.000000 3.743187 0.000000 0.000000 1.000000 0.000000
0.986838 -0.161714 0.000000 58.798895 0.161714 0.986838 0.000000 4.008180 0.000000 0.000000 1.000000 0.000000
0.985722 -0.168382 0.000000 60.299128 0.168382 0.985722 0.000000 4.274664 0.000000 0.000000 1.000000 0.000000
0.984475 -0.175524 0.000000 61.831557 0.175524 0.984475 0.000000 4.585581 0.000000 0.000000 1.000000 0.000000
0.983172 -0.182681 0.000000 63.333638 0.182681 0.983172 0.000000 4.828885 0.000000 0.000000 1.000000 0.000000
0.981946 -0.189163 0.000000 64.791740 0.189163 0.981946 0.000000 5.138910 0.000000 0.000000 1.000000 0.000000
0.980936 -0.194329 0.000000 66.340821 0.194329 0.980936 0.000000 5.419098 0.000000 0.000000 1.000000 0.000000
0.980310 -0.197463 0.000000 67.802947 0.197463 0.980310 0.000000 5.698878 0.000000 0.000000 1.000000 0.000000
0.980414 -0.196949 0.000000 69.310294 0.196949 0.980414 0.000000 6.025070 0.000000 0.000000 1.000000 0.000000
0.980799 -0.195021 0.000000 70.771316 0.195021 0.980799 0.000000 6.339827 0.000000 0.000000 1.000000 0.000000
0.981087 -0.193569 0.000000 72.201453 0.193569 0.981087 0.000000 6.613258 0.000000 0.000000 1.000000 0.000000
0.981466 -0.191635 0.000000 73.619195 0.191635 0.981466 0.000000 6.940722 0.000000 0.000000 1.000000 0.000000
0.982001 -0.188878 0.000000 75.023237 0.188878 0.982001 0.000000 7.177046 0.000000 0.000000 1.000000 0.000000
0.982570 -0.185893 0.000000 76.299103 0.185893 0.982570 0.000000 7.427149 0.000000 0.000000 1.000000 0.000000
0.983208 -0.182491 0.000000 77.552487 0.182491 0.983208 0.000000 7.668895 0.000000 0.000000 1.000000 0.000000
0.983650 -0.180089 0.000000 78.719994 0.180089 0.983650 0.000000 7.833917 0.000000 0.000000 1.000000 0.000000
0.983903 -0.178705 0.000000 79.828647 0.178705 0.983903 0.000000 8.034592 0.000000 0.000000 1.000000 0.000000
0.984117 -0.177524 0.000000 80.812916 0.177524 0.984117 0.000000 8.207336 0.000000 0.000000 1.000000 0.000000
0.984573 -0.174977 0.000000 81.778053 0.174977 0.984573 0.000000 8.391269 0.000000 0.000000 1.000000 0.000000
0.984610 -0.174766 0.000000 82.591010 0.174766 0.984610 0.000000 8.507037 0.000000 0.000000 1.000000 0.000000
0.984567 -0.175008 0.000000 83.326528 0.175008 0.984567 0.000000 8.655657 0.000000 0.000000 1.000000 0.000000
0.984384 -0.176034 0.000000 83.955400 0.176034 0.984384 0.000000 8.752931 0.000000 0.000000 1.000000 0.000000
0.984270 -0.176671 0.000000 84.491364 0.176671 0.984270 0.000000 8.858464 0.000000 0.000000 1.000000 0.000000
0.984071 -0.177775 0.000000 84.997195 0.177775 0.984071 0.000000 8.974144 0.000000 0.000000 1.000000 0.000000
0.983849 -0.178998 0.000000 85.402734 0.178998 0.983849 0.000000 9.050330 0.000000 0.000000 1.000000 0.000000
0.983627 -0.180218 0.000000 85.750437 0.180218 0.983627 0.000000 9.121360 0.000000 0.000000 1.000000 0.000000
0.983470 -0.181070 0.000000 86.072396 0.181070 0.983470 0.000000 9.174246 0.000000 0.000000 1.000000 0.000000
0.983154 -0.182781 0.000000 86.433990 0.182781 0.983154 0.000000 9.237593 0.000000 0.000000 1.000000 0.000000
0.982874 -0.184281 0.000000 86.801322 0.184281 0.982874 0.000000 9.298077 0.000000 0.000000 1.000000 0.000000
0.982575 -0.185865 0.000000 87.128498 0.185865 0.982575 0.000000 9.380787 0.000000 0.000000 1.000000 0.000000
0.981797 -0.189934 0.000000 87.503695 0.189934 0.981797 0.000000 9.509599 0.000000 0.000000 1.000000 0.000000
0.980461 -0.196713 0.000000 87.937411 0.196713 0.980461 0.000000 9.576242 0.000000 0.000000 1.000000 0.000000
0.978967 -0.204017 0.000000 88.375329 0.204017 0.978967 0.000000 9.669940 0.000000 0.000000 1.000000 0.000000
0.977361 -0.211577 0.000000 88.867648 0.211577 0.977361 0.000000 9.791127 0.000000 0.000000 1.000000 0.000000
0.975354 -0.220648 0.000000 89.438599 0.220648 0.975354 0.000000 9.928556 0.000000 0.000000 1.000000 0.000000
0.973332 -0.229401 0.000000 90.041235 0.229401 0.973332 0.000000 10.127321 0.000000 0.000000 1.000000 0.000000
0.970504 -0.241087 0.000000 90.671034 0.241087 0.970504 0.000000 10.276629 0.000000 0.000000 1.000000 0.000000
0.967023 -0.254689 0.000000 91.391375 0.254689 0.967023 0.000000 10.507665 0.000000 0.000000 1.000000 0.000000
0.962792 -0.270242 0.000000 92.130320 0.270242 0.962792 0.000000 10.746553 0.000000 0.000000 1.000000 0.000000
0.957797 -0.287446 0.000000 92.923593 0.287446 0.957797 0.000000 11.007207 0.000000 0.000000 1.000000 0.000000
0.951168 -0.308674 0.000000 93.778419 0.308674 0.951168 0.000000 11.256074 0.000000 0.000000 1.000000 0.000000
0.944148 -0.329521 0.000000 94.640706 0.329521 0.944148 0.000000 11.628696 0.000000 0.000000 1.000000 0.000000
0.931324 -0.364192 0.000000 96.541709 0.364192 0.931324 0.000000 12.516263 0.000000 0.000000 1.000000 0.000000
0.915012 -0.403427 0.000000 97.611262 0.403427 0.915012 0.000000 12.888478 0.000000 0.000000 1.000000 0.000000
0.901594 -0.432583 0.000000 98.582555 0.432583 0.901594 0.000000 13.415512 0.000000 0.000000 1.000000 0.000000
0.888045 -0.459756 0.000000 99.579825 0.459756 0.888045 0.000000 13.974145 0.000000 0.000000 1.000000 0.000000
0.871671 -0.490091 0.000000 100.612269 0.490091 0.871671 0.000000 14.620333 0.000000 0.000000 1.000000 0.000000
0.853376 -0.521295 0.000000 101.697071 0.521295 0.853376 0.000000 15.317675 0.000000 0.000000 1.000000 0.000000
0.832657 -0.553789 0.000000 102.843894 0.553789 0.832657 0.000000 16.115241 0.000000 0.000000 1.000000 0.000000
0.810139 -0.586238 0.000000 103.909799 0.586238 0.810139 0.000000 16.938632 0.000000 0.000000 1.000000 0.000000
0.786208 -0.617961 0.000000 104.956296 0.617961 0.786208 0.000000 17.889045 0.000000 0.000000 1.000000 0.000000
0.761981 -0.647600 0.000000 106.074393 0.647600 0.761981 0.000000 18.796557 0.000000 0.000000 1.000000 0.000000
0.742114 -0.670274 0.000000 107.215979 0.670274 0.742114 0.000000 19.870047 0.000000 0.000000 1.000000 0.000000
0.726220 -0.687463 0.000000 108.294366 0.687463 0.726220 0.000000 20.904824 0.000000 0.000000 1.000000 0.000000
0.713067 -0.701096 0.000000 109.409419 0.701096 0.713067 0.000000 22.040031 0.000000 0.000000 1.000000 0.000000
0.704247 -0.709955 0.000000 110.546972 0.709955 0.704247 0.000000 23.155254 0.000000 0.000000 1.000000 0.000000
0.699877 -0.714264 0.000000 111.726747 0.714264 0.699877 0.000000 24.343637 0.000000 0.000000 1.000000 0.000000
0.700460 -0.713691 0.000000 112.889197 0.713691 0.700460 0.000000 25.583645 0.000000 0.000000 1.000000 0.000000
0.704803 -0.709403 0.000000 114.050909 0.709403 0.704803 0.000000 26.796613 0.000000 0.000000 1.000000 0.000000
0.709187 -0.705020 0.000000 115.246076 0.705020 0.709187 0.000000 27.986512 0.000000 0.000000 1.000000 0.000000
0.713601 -0.700553 0.000000 116.519017 0.700553 0.713601 0.000000 29.264441 0.000000 0.000000 1.000000 0.000000
0.717355 -0.696707 0.000000 117.854816 0.696707 0.717355 0.000000 30.565630 0.000000 0.000000 1.000000 0.000000
0.721144 -0.692785 0.000000 119.196315 0.692785 0.721144 0.000000 31.856373 0.000000 0.000000 1.000000 0.000000
0.723910 -0.689895 0.000000 120.542736 0.689895 0.723910 0.000000 33.116057 0.000000 0.000000 1.000000 0.000000
0.726959 -0.686681 0.000000 121.960303 0.686681 0.726959 0.000000 34.477911 0.000000 0.000000 1.000000 0.000000
0.730473 -0.682942 0.000000 123.357975 0.682942 0.730473 0.000000 35.782220 0.000000 0.000000 1.000000 0.000000
0.733725 -0.679446 0.000000 124.777551 0.679446 0.733725 0.000000 37.104038 0.000000 0.000000 1.000000 0.000000
0.737015 -0.675876 0.000000 126.298775 0.675876 0.737015 0.000000 38.472505 0.000000 0.000000 1.000000 0.000000
0.740482 -0.672077 0.000000 127.783322 0.672077 0.740482 0.000000 39.851083 0.000000 0.000000 1.000000 0.000000
0.744544 -0.667574 0.000000 129.326001 0.667574 0.744544 0.000000 41.160954 0.000000 0.000000 1.000000 0.000000
0.749967 -0.661475 0.000000 130.812990 0.661475 0.749967 0.000000 42.518151 0.000000 0.000000 1.000000 0.000000
0.758381 -0.651811 0.000000 132.397340 0.651811 0.758381 0.000000 43.875610 0.000000 0.000000 1.000000 0.000000
0.765528 -0.643402 0.000000 133.961287 0.643402 0.765528 0.000000 45.182219 0.000000 0.000000 1.000000 0.000000
0.776494 -0.630124 0.000000 135.595336 0.630124 0.776494 0.000000 46.507979 0.000000 0.000000 1.000000 0.000000
0.786442 -0.617664 0.000000 137.182218 0.617664 0.786442 0.000000 47.757557 0.000000 0.000000 1.000000 0.000000
0.796735 -0.604329 0.000000 138.873769 0.604329 0.796735 0.000000 49.026874 0.000000 0.000000 1.000000 0.000000
0.806425 -0.591336 0.000000 140.601318 0.591336 0.806425 0.000000 50.278197 0.000000 0.000000 1.000000 0.000000
0.815857 -0.578254 0.000000 142.374690 0.578254 0.815857 0.000000 51.493455 0.000000 0.000000 1.000000 0.000000
0.826219 -0.563350 0.000000 144.114660 0.563350 0.826219 0.000000 52.685077 0.000000 0.000000 1.000000 0.000000
0.837001 -0.547202 0.000000 145.905062 0.547202 0.837001 0.000000 53.818542 0.000000 0.000000 1.000000 0.000000
0.849199 -0.528073 0.000000 147.682097 0.528073 0.849199 0.000000 54.991304 0.000000 0.000000 1.000000 0.000000
0.862255 -0.506475 0.000000 149.548505 0.506475 0.862255 0.000000 56.038951 0.000000 0.000000 1.000000 0.000000
0.875468 -0.483276 0.000000 151.400801 0.483276 0.875468 0.000000 57.048670 0.000000 0.000000 1.000000 0.000000
0.888203 -0.459451 0.000000 153.237287 0.459451 0.888203 0.000000 57.987243 0.000000 0.000000 1.000000 0.000000
0.900299 -0.435272 0.000000 155.156500 0.435272 0.900299 0.000000 58.910948 0.000000 0.000000 1.000000 0.000000
0.911371 -0.411587 0.000000 157.107386 0.411587 0.911371 0.000000 59.760720 0.000000 0.000000 1.000000 0.000000
0.921724 -0.387847 0.000000 159.044290 0.387847 0.921724 0.000000 60.581938 0.000000 0.000000 1.000000 0.000000
0.930225 -0.366990 0.000000 160.990104 0.366990 0.930225 0.000000 61.330524 0.000000 0.000000 1.000000 0.000000
0.937659 -0.347555 0.000000 163.006221 0.347555 0.937659 0.000000 62.077155 0.000000 0.000000 1.000000 0.000000
0.944101 -0.329657 0.000000 165.005765 0.329657 0.944101 0.000000 62.791421 0.000000 0.000000 1.000000 0.000000
0.951059 -0.309010 0.000000 167.041735 0.309010 0.951059 0.000000 63.428172 0.000000 0.000000 1.000000 0.000000
0.958406 -0.285410 0.000000 169.104776 0.285410 0.958406 0.000000 64.041750 0.000000 0.000000 1.000000 0.000000
0.965285 -0.261198 0.000000 171.147848 0.261198 0.965285 0.000000 64.596806 0.000000 0.000000 1.000000 0.000000
0.970429 -0.241387 0.000000 173.205773 0.241387 0.970429 0.000000 65.083037 0.000000 0.000000 1.000000 0.000000
0.975560 -0.219734 0.000000 175.333967 0.219734 0.975560 0.000000 65.574271 0.000000 0.000000 1.000000 0.000000
0.979898 -0.199499 0.000000 177.403009 0.199499 0.979898 0.000000 65.978688 0.000000 0.000000 1.000000 0.000000
0.983006 -0.183573 0.000000 179.535399 0.183573 0.983006 0.000000 66.377412 0.000000 0.000000 1.000000 0.000000
0.985704 -0.168489 0.000000 181.687374 0.168489 0.985704 0.000000 66.778584 0.000000 0.000000 1.000000 0.000000
0.988244 -0.152888 0.000000 183.829178 0.152888 0.988244 0.000000 67.099405 0.000000 0.000000 1.000000 0.000000
0.990552 -0.137136 0.000000 186.023975 0.137136 0.990552 0.000000 67.383603 0.000000 0.000000 1.000000 0.000000
0.992559 -0.121765 0.000000 188.194252 0.121765 0.992559 0.000000 67.647101 0.000000 0.000000 1.000000 0.000000
0.994153 -0.107982 0.000000 190.371227 0.107982 0.994153 0.000000 67.888072 0.000000 0.000000 1.000000 0.000000
0.995559 -0.094141 0.000000 192.577074 0.094141 0.995559 0.000000 68.087076 0.000000 0.000000 1.000000 0.000000
0.996583 -0.082602 0.000000 194.745438 0.082602 0.996583 0.000000 68.231466 0.000000 0.000000 1.000000 0.000000
0.997613 -0.069048 0.000000 196.901543 0.069048 0.997613 0.000000 68.396992 0.000000 0.000000 1.000000 0.000000
0.998540 -0.054008 0.000000 199.051505 0.054008 0.998540 0.000000 68.482832 0.000000 0.000000 1.000000 0.000000
0.999429 -0.033777 0.000000 201.213842 0.033777 0.999429 0.000000 68.568747 0.000000 0.000000 1.000000 0.000000
0.999887 -0.015003 0.000000 203.341829 0.015003 0.999887 0.000000 68.601197 0.000000 0.000000 1.000000 0.000000
0.999994 0.003472 0.000000 205.456879 -0.003472 0.999994 0.000000 68.590465 0.000000 0.000000 1.000000 0.000000
0.999793 0.020343 0.000000 207.555479 -0.020343 0.999793 0.000000 68.529804 0.000000 0.000000 1.000000 0.000000
0.999330 0.036605 0.000000 209.699958 -0.036605 0.999330 0.000000 68.461275 0.000000 0.000000 1.000000 0.000000
0.998619 0.052528 0.000000 211.849852 -0.052528 0.998619 0.000000 68.332220 0.000000 0.000000 1.000000 0.000000
0.997592 0.069360 0.000000 213.998842 -0.069360 0.997592 0.000000 68.187814 0.000000 0.000000 1.000000 0.000000
0.996373 0.085090 0.000000 216.130088 -0.085090 0.996373 0.000000 67.993024 0.000000 0.000000 1.000000 0.000000
0.994876 0.101106 0.000000 218.336793 -0.101106 0.994876 0.000000 67.762974 0.000000 0.000000 1.000000 0.000000
0.993400 0.114700 0.000000 220.493316 -0.114700 0.993400 0.000000 67.479877 0.000000 0.000000 1.000000 0.000000
0.991991 0.126307 0.000000 222.675779 -0.126307 0.991991 0.000000 67.205528 0.000000 0.000000 1.000000 0.000000
0.990508 0.137458 0.000000 224.826269 -0.137458 0.990508 0.000000 66.898012 0.000000 0.000000 1.000000 0.000000
0.988491 0.151283 0.000000 227.000605 -0.151283 0.988491 0.000000 66.597560 0.000000 0.000000 1.000000 0.000000
0.986033 0.166552 0.000000 229.134838 -0.166552 0.986033 0.000000 66.218253 0.000000 0.000000 1.000000 0.000000
0.983419 0.181346 0.000000 231.332527 -0.181346 0.983419 0.000000 65.841866 0.000000 0.000000 1.000000 0.000000
0.980313 0.197449 0.000000 233.471882 -0.197449 0.980313 0.000000 65.414173 0.000000 0.000000 1.000000 0.000000
0.976476 0.215625 0.000000 235.641568 -0.215625 0.976476 0.000000 64.933013 0.000000 0.000000 1.000000 0.000000
0.972231 0.234023 0.000000 237.740605 -0.234023 0.972231 0.000000 64.446594 0.000000 0.000000 1.000000 0.000000
0.968197 0.250189 0.000000 239.814992 -0.250189 0.968197 0.000000 63.886153 0.000000 0.000000 1.000000 0.000000
0.964804 0.262971 0.000000 241.942996 -0.262971 0.964804 0.000000 63.300112 0.000000 0.000000 1.000000 0.000000
0.959798 0.280691 0.000000 244.105337 -0.280691 0.959798 0.000000 62.681915 0.000000 0.000000 1.000000 0.000000
0.953733 0.300655 0.000000 246.176273 -0.300655 0.953733 0.000000 62.001126 0.000000 0.000000 1.000000 0.000000
0.945148 0.326643 0.000000 248.261181 -0.326643 0.945148 0.000000 61.292277 0.000000 0.000000 1.000000 0.000000
0.935409 0.353569 0.000000 250.211693 -0.353569 0.935409 0.000000 60.502818 0.000000 0.000000 1.000000 0.000000
0.924947 0.380096 0.000000 252.305724 -0.380096 0.924947 0.000000 59.683900 0.000000 0.000000 1.000000 0.000000
0.913393 0.407079 0.000000 254.242780 -0.407079 0.913393 0.000000 58.785452 0.000000 0.000000 1.000000 0.000000
0.901213 0.433377 0.000000 256.253216 -0.433377 0.901213 0.000000 57.849873 0.000000 0.000000 1.000000 0.000000
0.887233 0.461322 0.000000 258.184996 -0.461322 0.887233 0.000000 56.786882 0.000000 0.000000 1.000000 0.000000
0.872801 0.488077 0.000000 260.084776 -0.488077 0.872801 0.000000 55.695007 0.000000 0.000000 1.000000 0.000000
0.859015 0.511950 0.000000 261.934488 -0.511950 0.859015 0.000000 54.576226 0.000000 0.000000 1.000000 0.000000
0.847193 0.531285 0.000000 263.774958 -0.531285 0.847193 0.000000 53.434874 0.000000 0.000000 1.000000 0.000000
0.836976 0.547240 0.000000 265.619078 -0.547240 0.836976 0.000000 52.258528 0.000000 0.000000 1.000000 0.000000
0.826979 0.562233 0.000000 267.337700 -0.562233 0.826979 0.000000 51.048440 0.000000 0.000000 1.000000 0.000000
0.817084 0.576518 0.000000 269.116518 -0.576518 0.817084 0.000000 49.822471 0.000000 0.000000 1.000000 0.000000
0.806312 0.591490 0.000000 270.778780 -0.591490 0.806312 0.000000 48.566173 0.000000 0.000000 1.000000 0.000000
0.795859 0.605482 0.000000 272.467652 -0.605482 0.795859 0.000000 47.327030 0.000000 0.000000 1.000000 0.000000
0.784519 0.620105 0.000000 274.088966 -0.620105 0.784519 0.000000 45.992847 0.000000 0.000000 1.000000 0.000000
0.771737 0.635941 0.000000 275.615701 -0.635941 0.771737 0.000000 44.691533 0.000000 0.000000 1.000000 0.000000
0.758304 0.651901 0.000000 277.142837 -0.651901 0.758304 0.000000 43.321279 0.000000 0.000000 1.000000 0.000000
0.744375 0.667762 0.000000 278.651502 -0.667762 0.744375 0.000000 41.995394 0.000000 0.000000 1.000000 0.000000
0.731229 0.682132 0.000000 280.149290 -0.682132 0.731229 0.000000 40.589891 0.000000 0.000000 1.000000 0.000000
0.718410 0.695620 0.000000 281.583956 -0.695620 0.718410 0.000000 39.135531 0.000000 0.000000 1.000000 0.000000
0.707601 0.706613 0.000000 283.021153 -0.706613 0.707601 0.000000 37.736111 0.000000 0.000000 1.000000 0.000000
0.699357 0.714773 0.000000 284.451594 -0.714773 0.699357 0.000000 36.255425 0.000000 0.000000 1.000000 0.000000
0.690914 0.722937 0.000000 285.837674 -0.722937 0.690914 0.000000 34.783908 0.000000 0.000000 1.000000 0.000000
0.682205 0.731161 0.000000 287.243416 -0.731161 0.682205 0.000000 33.324277 0.000000 0.000000 1.000000 0.000000
0.676579 0.736370 0.000000 288.601466 -0.736370 0.676579 0.000000 31.868362 0.000000 0.000000 1.000000 0.000000
0.673022 0.739622 0.000000 289.963260 -0.739622 0.673022 0.000000 30.363691 0.000000 0.000000 1.000000 0.000000
0.671117 0.741351 0.000000 291.312400 -0.741351 0.671117 0.000000 28.933534 0.000000 0.000000 1.000000 0.000000
0.671450 0.741050 0.000000 292.626852 -0.741050 0.671450 0.000000 27.454797 0.000000 0.000000 1.000000 0.000000
0.674937 0.737876 0.000000 293.964110 -0.737876 0.674937 0.000000 26.035015 0.000000 0.000000 1.000000 0.000000
0.681190 0.732107 0.000000 295.294747 -0.732107 0.681190 0.000000 24.636130 0.000000 0.000000 1.000000 0.000000
0.692112 0.721790 0.000000 296.599256 -0.721790 0.692112 0.000000 23.243644 0.000000 0.000000 1.000000 0.000000
0.704930 0.709277 0.000000 297.982273 -0.709277 0.704930 0.000000 21.938381 0.000000 0.000000 1.000000 0.000000
0.719457 0.694537 0.000000 299.359750 -0.694537 0.719457 0.000000 20.594387 0.000000 0.000000 1.000000 0.000000
0.734378 0.678741 0.000000 300.736151 -0.678741 0.734378 0.000000 19.355821 0.000000 0.000000 1.000000 0.000000
0.751225 0.660046 0.000000 302.136126 -0.660046 0.751225 0.000000 18.126195 0.000000 0.000000 1.000000 0.000000
0.767274 0.641319 0.000000 303.619307 -0.641319 0.767274 0.000000 16.934919 0.000000 0.000000 1.000000 0.000000
0.784952 0.619557 0.000000 305.052018 -0.619557 0.784952 0.000000 15.810444 0.000000 0.000000 1.000000 0.000000
0.802606 0.596510 0.000000 306.579018 -0.596510 0.802606 0.000000 14.720825 0.000000 0.000000 1.000000 0.000000
0.822786 0.568351 0.000000 308.121880 -0.568351 0.822786 0.000000 13.703913 0.000000 0.000000 1.000000 0.000000
0.843456 0.537198 0.000000 309.732355 -0.537198 0.843456 0.000000 12.727418 0.000000 0.000000 1.000000 0.000000
0.863598 0.504180 0.000000 311.357656 -0.504180 0.863598 0.000000 11.828540 0.000000 0.000000 1.000000 0.000000
0.885232 0.465151 0.000000 312.977783 -0.465151 0.885232 0.000000 10.979219 0.000000 0.000000 1.000000 0.000000
0.906474 0.422262 0.000000 314.733886 -0.422262 0.906474 0.000000 10.182211 0.000000 0.000000 1.000000 0.000000
0.926772 0.375625 0.000000 316.461814 -0.375625 0.926772 0.000000 9.528257 0.000000 0.000000 1.000000 0.000000
0.945026 0.326996 0.000000 318.297670 -0.326996 0.945026 0.000000 8.890882 0.000000 0.000000 1.000000 0.000000
0.961313 0.275458 0.000000 320.107470 -0.275458 0.961313 0.000000 8.423073 0.000000 0.000000 1.000000 0.000000
0.973834 0.227261 0.000000 322.099509 -0.227261 0.973834 0.000000 7.949343 0.000000 0.000000 1.000000 0.000000
0.981676 0.190560 0.000000 324.041275 -0.190560 0.981676 0.000000 7.565940 0.000000 0.000000 1.000000 0.000000
0.987046 0.160437 0.000000 325.904899 -0.160437 0.987046 0.000000 7.307457 0.000000 0.000000 1.000000 0.000000
0.990932 0.134363 0.000000 327.840261 -0.134363 0.990932 0.000000 7.074989 0.000000 0.000000 1.000000 0.000000
0.994139 0.108107 0.000000 329.796288 -0.108107 0.994139 0.000000 6.903231 0.000000 0.000000 1.000000 0.000000
0.996275 0.086238 0.000000 331.780231 -0.086238 0.996275 0.000000 6.737602 0.000000 0.000000 1.000000 0.000000
0.997552 0.069929 0.000000 333.780367 -0.069929 0.997552 0.000000 6.595015 0.000000 0.000000 1.000000 0.000000
0.998370 0.057067 0.000000 335.814988 -0.057067 0.998370 0.000000 6.505545 0.000000 0.000000 1.000000 0.000000
0.998819 0.048584 0.000000 337.862062 -0.048584 0.998819 0.000000 6.390682 0.000000 0.000000 1.000000 0.000000
0.998913 0.046606 0.000000 339.874755 -0.046606 0.998913 0.000000 6.333256 0.000000 0.000000 1.000000 0.000000
0.998865 0.047638 0.000000 341.947059 -0.047638 0.998865 0.000000 6.231083 0.000000 0.000000 1.000000 0.000000
0.998697 0.051039 0.000000 343.996713 -0.051039 0.998697 0.000000 6.123194 0.000000 0.000000 1.000000 0.000000
0.998468 0.055325 0.000000 346.072705 -0.055325 0.998468 0.000000 6.002051 0.000000 0.000000 1.000000 0.000000
0.998203 0.059924 0.000000 348.117807 -0.059924 0.998203 0.000000 5.894099 0.000000 0.000000 1.000000 0.000000
0.997942 0.064119 0.000000 350.270693 -0.064119 0.997942 0.000000 5.750047 0.000000 0.000000 1.000000 0.000000
0.997741 0.067175 0.000000 352.368613 -0.067175 0.997741 0.000000 5.623867 0.000000 0.000000 1.000000 0.000000
0.997534 0.070190 0.000000 354.462300 -0.070190 0.997534 0.000000 5.465209 0.000000 0.000000 1.000000 0.000000
0.997327 0.073066 0.000000 356.613399 -0.073066 0.997327 0.000000 5.274128 0.000000 0.000000 1.000000 0.000000
0.997105 0.076043 0.000000 358.757326 -0.076043 0.997105 0.000000 5.127623 0.000000 0.000000 1.000000 0.000000
0.996946 0.078100 0.000000 360.915076 -0.078100 0.996946 0.000000 4.958715 0.000000 0.000000 1.000000 0.000000
0.996837 0.079474 0.000000 363.041941 -0.079474 0.996837 0.000000 4.807688 0.000000 0.000000 1.000000 0.000000
0.996887 0.078838 0.000000 365.235729 -0.078838 0.996887 0.000000 4.650289 0.000000 0.000000 1.000000 0.000000
0.997099 0.076118 0.000000 367.437231 -0.076118 0.997099 0.000000 4.435512 0.000000 0.000000 1.000000 0.000000
0.997288 0.073596 0.000000 369.647550 -0.073596 0.997288 0.000000 4.235525 0.000000 0.000000 1.000000 0.000000
0.997538 0.070126 0.000000 371.884889 -0.070126 0.997538 0.000000 4.066352 0.000000 0.000000 1.000000 0.000000
0.997739 0.067204 0.000000 374.100613 -0.067204 0.997739 0.000000 3.956702 0.000000 0.000000 1.000000 0.000000
0.997986 0.063436 0.000000 376.315502 -0.063436 0.997986 0.000000 3.793610 0.000000 0.000000 1.000000 0.000000
0.998289 0.058472 0.000000 378.574399 -0.058472 0.998289 0.000000 3.622367 0.000000 0.000000 1.000000 0.000000
0.998811 0.048747 0.000000 380.815040 -0.048747 0.998811 0.000000 3.568693 0.000000 0.000000 1.000000 0.000000
0.999162 0.040924 0.000000 383.144751 -0.040924 0.999162 0.000000 3.422224 0.000000 0.000000 1.000000 0.000000
0.999376 0.035330 0.000000 385.399381 -0.035330 0.999376 0.000000 3.372447 0.000000 0.000000 1.000000 0.000000
0.999577 0.029100 0.000000 387.736606 -0.029100 0.999577 0.000000 3.263333 0.000000 0.000000 1.000000 0.000000
0.999657 0.026192 0.000000 390.028949 -0.026192 0.999657 0.000000 3.190745 0.000000 0.000000 1.000000 0.000000
0.999786 0.020686 0.000000 392.291767 -0.020686 0.999786 0.000000 3.147134 0.000000 0.000000 1.000000 0.000000
0.999845 0.017619 0.000000 394.551377 -0.017619 0.999845 0.000000 3.124067 0.000000 0.000000 1.000000 0.000000
0.999897 0.014357 0.000000 396.817683 -0.014357 0.999897 0.000000 3.040347 0.000000 0.000000 1.000000 0.000000
0.999942 0.010743 0.000000 399.054454 -0.010743 0.999942 0.000000 3.020098 0.000000 0.000000 1.000000 0.000000
0.999951 0.009861 0.000000 401.315360 -0.009861 0.999951 0.000000 3.013378 0.000000 0.000000 1.000000 0.000000
0.999932 0.011655 0.000000 403.525824 -0.011655 0.999932 0.000000 2.955104 0.000000 0.000000 1.000000 0.000000
0.999930 0.011840 0.000000 405.735707 -0.011840 0.999930 0.000000 2.947519 0.000000 0.000000 1.000000 0.000000
0.999936 0.011290 0.000000 407.926685 -0.011290 0.999936 0.000000 2.894604 0.000000 0.000000 1.000000 0.000000
0.999950 0.010014 0.000000 410.130404 -0.010014 0.999950 0.000000 2.911690 0.000000 0.000000 1.000000 0.000000
0.999955 0.009489 0.000000 412.384001 -0.009489 0.999955 0.000000 2.833339 0.000000 0.000000 1.000000 0.000000
0.999947 0.010335 0.000000 414.561171 -0.010335 0.999947 0.000000 2.871926 0.000000 0.000000 1.000000 0.000000
0.999931 0.011730 0.000000 416.744072 -0.011730 0.999931 0.000000 2.793057 0.000000 0.000000 1.000000 0.000000
0.999907 0.013627 0.000000 418.917132 -0.013627 0.999907 0.000000 2.782645 0.000000 0.000000 1.000000 0.000000
0.999892 0.014708 0.000000 421.152536 -0.014708 0.999892 0.000000 2.833357 0.000000 0.000000 1.000000 0.000000
0.999908 0.013572 0.000000 423.324864 -0.013572 0.999908 0.000000 2.774059 0.000000 0.000000 1.000000 0.000000
0.999920 0.012653 0.000000 425.467722 -0.012653 0.999920 0.000000 2.729820 0.000000 0.000000 1.000000 0.000000
0.999935 0.011432 0.000000 427.598559 -0.011432 0.999935 0.000000 2.666512 0.000000 0.000000 1.000000 0.000000
0.999937 0.011221 0.000000 429.736881 -0.011221 0.999937 0.000000 2.649037 0.000000 0.000000 1.000000 0.000000
0.999943 0.010711 0.000000 431.840766 -0.010711 0.999943 0.000000 2.643747 0.000000 0.000000 1.000000 0.000000
0.999984 0.005691 0.000000 433.951232 -0.005691 0.999984 0.000000 2.621202 0.000000 0.000000 1.000000 0.000000
0.999997 0.002496 0.000000 436.038857 -0.002496 0.999997 0.000000 2.627320 0.000000 0.000000 1.000000 0.000000
1.000000 -0.000272 0.000000 438.093359 0.000272 1.000000 0.000000 2.570619 0.000000 0.000000 1.000000 0.000000
0.999997 -0.002638 0.000000 440.138073 0.002638 0.999997 0.000000 2.601239 0.000000 0.000000 1.000000 0.000000
0.999990 -0.004552 0.000000 442.155517 0.004552 0.999990 0.000000 2.591806 0.000000 0.000000 1.000000 0.000000
0.999975 -0.007095 0.000000 444.155628 0.007095 0.999975 0.000000 2.619475 0.000000 0.000000 1.000000 0.000000
0.999971 -0.007606 0.000000 446.115657 0.007606 0.999971 0.000000 2.666886 0.000000 0.000000 1.000000 0.000000
0.999962 -0.008774 0.000000 448.148590 0.008774 0.999962 0.000000 2.703067 0.000000 0.000000 1.000000 0.000000
0.999956 -0.009403 0.000000 450.099042 0.009403 0.999956 0.000000 2.712867 0.000000 0.000000 1.000000 0.000000
0.999949 -0.010094 0.000000 451.988433 0.010094 0.999949 0.000000 2.690661 0.000000 0.000000 1.000000 0.000000
0.999949 -0.010082 0.000000 453.970518 0.010082 0.999949 0.000000 2.716990 0.000000 0.000000 1.000000 0.000000
0.999971 -0.007553 0.000000 455.833613 0.007553 0.999971 0.000000 2.771371 0.000000 0.000000 1.000000 0.000000
0.999974 -0.007161 0.000000 457.721277 0.007161 0.999974 0.000000 2.793059 0.000000 0.000000 1.000000 0.000000
0.999991 -0.004315 0.000000 459.537306 0.004315 0.999991 0.000000 2.819864 0.000000 0.000000 1.000000 0.000000
0.999985 -0.005504 0.000000 461.307812 0.005504 0.999985 0.000000 2.841595 0.000000 0.000000 1.000000 0.000000
0.999999 -0.001268 0.000000 463.033763 0.001268 0.999999 0.000000 2.796216 0.000000 0.000000 1.000000 0.000000
1.000000 -0.000063 0.000000 464.690649 0.000063 1.000000 0.000000 2.844250 0.000000 0.000000 1.000000 0.000000
0.999996 0.002653 0.000000 466.214054 -0.002653 0.999996 0.000000 2.816351 0.000000 0.000000 1.000000 0.000000
0.999956 0.009424 0.000000 467.771159 -0.009424 0.999956 0.000000 2.848149 0.000000 0.000000 1.000000 0.000000
0.999846 0.017545 0.000000 469.224873 -0.017545 0.999846 0.000000 2.811819 0.000000 0.000000 1.000000 0.000000
0.999525 0.030831 0.000000 470.627018 -0.030831 0.999525 0.000000 2.754422 0.000000 0.000000 1.000000 0.000000
0.998585 0.053170 0.000000 471.968994 -0.053170 0.998585 0.000000 2.638496 0.000000 0.000000 1.000000 0.000000
0.995690 0.092742 0.000000 473.297137 -0.092742 0.995690 0.000000 2.463271 0.000000 0.000000 1.000000 0.000000
0.989689 0.143236 0.000000 474.444328 -0.143236 0.989689 0.000000 2.196018 0.000000 0.000000 1.000000 0.000000
0.979311 0.202363 0.000000 475.642346 -0.202363 0.979311 0.000000 1.948937 0.000000 0.000000 1.000000 0.000000
0.964578 0.263800 0.000000 476.759705 -0.263800 0.964578 0.000000 1.477899 0.000000 0.000000 1.000000 0.000000
0.946040 0.324050 0.000000 477.938462 -0.324050 0.946040 0.000000 1.068571 0.000000 0.000000 1.000000 0.000000
0.920303 0.391206 0.000000 478.988840 -0.391206 0.920303 0.000000 0.603113 0.000000 0.000000 1.000000 0.000000
0.889704 0.456537 0.000000 479.995719 -0.456537 0.889704 0.000000 0.029807 0.000000 0.000000 1.000000 0.000000
0.851418 0.524488 0.000000 481.007334 -0.524488 0.851418 0.000000 -0.692972 0.000000 0.000000 1.000000 0.000000
0.806757 0.590883 0.000000 481.893465 -0.590883 0.806757 0.000000 -1.472454 0.000000 0.000000 1.000000 0.000000
0.751423 0.659821 0.000000 482.764257 -0.659821 0.751423 0.000000 -2.284538 0.000000 0.000000 1.000000 0.000000
0.687351 0.726325 0.000000 483.502727 -0.726325 0.687351 0.000000 -3.211496 0.000000 0.000000 1.000000 0.000000
0.614172 0.789172 0.000000 484.109034 -0.789172 0.614172 0.000000 -4.176449 0.000000 0.000000 1.000000 0.000000
0.530237 0.847849 0.000000 484.701070 -0.847849 0.530237 0.000000 -5.244325 0.000000 0.000000 1.000000 0.000000
0.442394 0.896821 0.000000 485.146834 -0.896821 0.442394 0.000000 -6.359922 0.000000 0.000000 1.000000 0.000000
0.351414 0.936220 0.000000 485.488985 -0.936220 0.351414 0.000000 -7.515662 0.000000 0.000000 1.000000 0.000000
0.275009 0.961442 0.000000 485.734098 -0.961442 0.275009 0.000000 -8.734525 0.000000 0.000000 1.000000 0.000000
0.221005 0.975273 0.000000 485.910904 -0.975273 0.221005 0.000000 -9.996348 0.000000 0.000000 1.000000 0.000000
0.181052 0.983474 0.000000 486.174353 -0.983474 0.181052 0.000000 -11.291657 0.000000 0.000000 1.000000 0.000000
0.153842 0.988096 0.000000 486.367133 -0.988096 0.153842 0.000000 -12.626344 0.000000 0.000000 1.000000 0.000000
0.133366 0.991067 0.000000 486.564808 -0.991067 0.133366 0.000000 -14.052151 0.000000 0.000000 1.000000 0.000000
0.114788 0.993390 0.000000 486.722561 -0.993390 0.114788 0.000000 -15.441612 0.000000 0.000000 1.000000 0.000000
0.097763 0.995210 0.000000 486.853421 -0.995210 0.097763 0.000000 -16.899830 0.000000 0.000000 1.000000 0.000000
0.082910 0.996557 0.000000 486.954639 -0.996557 0.082910 0.000000 -18.391551 0.000000 0.000000 1.000000 0.000000
0.071974 0.997407 0.000000 487.049292 -0.997407 0.071974 0.000000 -19.914327 0.000000 0.000000 1.000000 0.000000
0.059220 0.998245 0.000000 487.110132 -0.998245 0.059220 0.000000 -21.548642 0.000000 0.000000 1.000000 0.000000
0.048228 0.998836 0.000000 487.177850 -0.998836 0.048228 0.000000 -23.170268 0.000000 0.000000 1.000000 0.000000
0.038418 0.999262 0.000000 487.192796 -0.999262 0.038418 0.000000 -24.843564 0.000000 0.000000 1.000000 0.000000
0.026220 0.999656 0.000000 487.295190 -0.999656 0.026220 0.000000 -26.548555 0.000000 0.000000 1.000000 0.000000
0.015066 0.999887 0.000000 487.280939 -0.999887 0.015066 0.000000 -28.195858 0.000000 0.000000 1.000000 0.000000
0.002655 0.999996 0.000000 487.273468 -0.999996 0.002655 0.000000 -30.006342 0.000000 0.000000 1.000000 0.000000
-0.006731 0.999977 0.000000 487.225934 -0.999977 -0.006731 0.000000 -31.765777 0.000000 0.000000 1.000000 0.000000
-0.014870 0.999889 0.000000 487.170300 -0.999889 -0.014870 0.000000 -33.589744 0.000000 0.000000 1.000000 0.000000
-0.020160 0.999797 0.000000 487.135475 -0.999797 -0.020160 0.000000 -35.441922 0.000000 0.000000 1.000000 0.000000
-0.024651 0.999696 0.000000 487.104018 -0.999696 -0.024651 0.000000 -37.350972 0.000000 0.000000 1.000000 0.000000
-0.027614 0.999619 0.000000 487.065021 -0.999619 -0.027614 0.000000 -39.309534 0.000000 0.000000 1.000000 0.000000
-0.026834 0.999640 0.000000 486.990038 -0.999640 -0.026834 0.000000 -41.217720 0.000000 0.000000 1.000000 0.000000
-0.027053 0.999634 0.000000 486.948039 -0.999634 -0.027053 0.000000 -43.224414 0.000000 0.000000 1.000000 0.000000
-0.027637 0.999618 0.000000 486.902074 -0.999618 -0.027637 0.000000 -45.260790 0.000000 0.000000 1.000000 0.000000
-0.028619 0.999590 0.000000 486.834503 -0.999590 -0.028619 0.000000 -47.266027 0.000000 0.000000 1.000000 0.000000
-0.032716 0.999465 0.000000 486.795885 -0.999465 -0.032716 0.000000 -49.228124 0.000000 0.000000 1.000000 0.000000
-0.038194 0.999270 0.000000 486.738872 -0.999270 -0.038194 0.000000 -51.241201 0.000000 0.000000 1.000000 0.000000
-0.043053 0.999073 0.000000 486.630815 -0.999073 -0.043053 0.000000 -53.194505 0.000000 0.000000 1.000000 0.000000
-0.043286 0.999063 0.000000 486.504297 -0.999063 -0.043286 0.000000 -55.233684 0.000000 0.000000 1.000000 0.000000
-0.042241 0.999107 0.000000 486.441784 -0.999107 -0.042241 0.000000 -57.289982 0.000000 0.000000 1.000000 0.000000
-0.039696 0.999212 0.000000 486.357080 -0.999212 -0.039696 0.000000 -59.389167 0.000000 0.000000 1.000000 0.000000
-0.039462 0.999221 0.000000 486.264458 -0.999221 -0.039462 0.000000 -61.454099 0.000000 0.000000 1.000000 0.000000
-0.038887 0.999244 0.000000 486.133892 -0.999244 -0.038887 0.000000 -63.540658 0.000000 0.000000 1.000000 0.000000
-0.039535 0.999218 0.000000 486.018629 -0.999218 -0.039535 0.000000 -65.650433 0.000000 0.000000 1.000000 0.000000
-0.041863 0.999123 0.000000 485.937117 -0.999123 -0.041863 0.000000 -67.784889 0.000000 0.000000 1.000000 0.000000
-0.042948 0.999077 0.000000 485.862134 -0.999077 -0.042948 0.000000 -69.948055 0.000000 0.000000 1.000000 0.000000
-0.043538 0.999052 0.000000 485.738909 -0.999052 -0.043538 0.000000 -72.138351 0.000000 0.000000 1.000000 0.000000
-0.044673 0.999002 0.000000 485.633884 -0.999002 -0.044673 0.000000 -74.335630 0.000000 0.000000 1.000000 0.000000
-0.045978 0.998942 0.000000 485.517084 -0.998942 -0.045978 0.000000 -76.513991 0.000000 0.000000 1.000000 0.000000
-0.048634 0.998817 0.000000 485.399221 -0.998817 -0.048634 0.000000 -78.695303 0.000000 0.000000 1.000000 0.000000
-0.051955 0.998649 0.000000 485.275398 -0.998649 -0.051955 0.000000 -80.974299 0.000000 0.000000 1.000000 0.000000
-0.056282 0.998415 0.000000 485.144542 -0.998415 -0.056282 0.000000 -83.183710 0.000000 0.000000 1.000000 0.000000
-0.062139 0.998068 0.000000 485.012179 -0.998068 -0.062139 0.000000 -85.436041 0.000000 0.000000 1.000000 0.000000
-0.070670 0.997500 0.000000 484.854028 -0.997500 -0.070670 0.000000 -87.714453 0.000000 0.000000 1.000000 0.000000
-0.079949 0.996799 0.000000 484.600698 -0.996799 -0.079949 0.000000 -90.110849 0.000000 0.000000 1.000000 0.000000
-0.088751 0.996054 0.000000 484.382259 -0.996054 -0.088751 0.000000 -92.357675 0.000000 0.000000 1.000000 0.000000
