1.000000 -0.000378 0.000000 -3.803004 0.000378 1.000000 0.000000 2.252421 0.000000 0.000000 1.000000 0.000000 1547731605240998000

0.997668 -0.068260 0.000000 -2.080185 0.068260 0.997668 0.000000 2.396519 0.000000 0.000000 1.000000 0.000000 1547731629973783000

0.990167 -0.139887 0.000000 -0.302587 0.139887 0.990167 0.000000 2.672742 0.000000 0.000000 1.000000 0.000000 1547731630721551000

0.984939 -0.172904 0.000000 1.446635 0.172904 0.984939 0.000000 2.924991 0.000000 0.000000 1.000000 0.000000 1547731631224261000

0.985390 -0.170314 0.000000 3.633252 0.170314 0.985390 0.000000 3.246537 0.000000 0.000000 1.000000 0.000000 1547731631728127000

0.985914 -0.167252 0.000000 6.108107 0.167252 0.985914 0.000000 3.651447 0.000000 0.000000 1.000000 0.000000 1547731632232192000

0.987767 -0.155936 0.000000 8.862948 0.155936 0.987767 0.000000 4.071568 0.000000 0.000000 1.000000 0.000000 1547731632732244000

0.991978 -0.126410 0.000000 11.849660 0.126410 0.991978 0.000000 4.467470 0.000000 0.000000 1.000000 0.000000 1547731633232212000

0.993919 -0.110116 0.000000 13.469253 0.110116 0.993919 0.000000 4.649111 0.000000 0.000000 1.000000 0.000000 1547731633481863000

0.995756 -0.092029 0.000000 15.111157 0.092029 0.995756 0.000000 4.792215 0.000000 0.000000 1.000000 0.000000 1547731633731385000

0.997209 -0.074662 0.000000 16.813484 0.074662 0.997209 0.000000 4.919936 0.000000 0.000000 1.000000 0.000000 1547731633982171000

0.998258 -0.058993 0.000000 18.627973 0.058993 0.998258 0.000000 5.017436 0.000000 0.000000 1.000000 0.000000 1547731634232968000

0.999010 -0.044497 0.000000 20.441007 0.044497 0.999010 0.000000 5.076712 0.000000 0.000000 1.000000 0.000000 1547731634484468000

0.999515 -0.031134 0.000000 22.263222 0.031134 0.999515 0.000000 5.132167 0.000000 0.000000 1.000000 0.000000 1547731634736968000

0.999790 -0.020483 0.000000 24.013363 0.020483 0.999790 0.000000 5.132993 0.000000 0.000000 1.000000 0.000000 1547731634988729000

0.999913 -0.013173 0.000000 25.790153 0.013173 0.999913 0.000000 5.127924 0.000000 0.000000 1.000000 0.000000 1547731635239475000

0.999961 -0.008839 0.000000 27.572120 0.008839 0.999961 0.000000 5.150725 0.000000 0.000000 1.000000 0.000000 1547731635488655000

0.999987 -0.005062 0.000000 29.343923 0.005062 0.999987 0.000000 5.154464 0.000000 0.000000 1.000000 0.000000 1547731635737473000

0.999987 -0.005155 0.000000 31.163717 0.005155 0.999987 0.000000 5.145813 0.000000 0.000000 1.000000 0.000000 1547731635986357000

0.999984 -0.005658 0.000000 32.960250 0.005658 0.999984 0.000000 5.164506 0.000000 0.000000 1.000000 0.000000 1547731636234826000

0.999979 -0.006513 0.000000 34.812834 0.006513 0.999979 0.000000 5.131630 0.000000 0.000000 1.000000 0.000000 1547731636483275000

0.999984 -0.005684 0.000000 36.634482 0.005684 0.999984 0.000000 5.114889 0.000000 0.000000 1.000000 0.000000 1547731636731563000

0.999985 -0.005525 0.000000 38.527282 0.005525 0.999985 0.000000 5.136094 0.000000 0.000000 1.000000 0.000000 1547731636979334000

0.999984 -0.005621 0.000000 40.444492 0.005621 0.999984 0.000000 5.151814 0.000000 0.000000 1.000000 0.000000 1547731637227195000

0.999975 -0.007107 0.000000 42.382849 0.007107 0.999975 0.000000 5.143117 0.000000 0.000000 1.000000 0.000000 1547731637475855000

0.999974 -0.007268 0.000000 44.287648 0.007268 0.999974 0.000000 5.161812 0.000000 0.000000 1.000000 0.000000 1547731637725487000

0.999975 -0.007118 0.000000 46.148630 0.007118 0.999975 0.000000 5.211391 0.000000 0.000000 1.000000 0.000000 1547731637975662000

0.999973 -0.007359 0.000000 48.044113 0.007359 0.999973 0.000000 5.178561 0.000000 0.000000 1.000000 0.000000 1547731638225817000

0.999985 -0.005433 0.000000 49.904129 0.005433 0.999985 0.000000 5.224608 0.000000 0.000000 1.000000 0.000000 1547731638475770000

0.999995 -0.003285 0.000000 51.821579 0.003285 0.999995 0.000000 5.174627 0.000000 0.000000 1.000000 0.000000 1547731638725725000

1.000000 -0.000160 0.000000 53.693222 0.000160 1.000000 0.000000 5.166816 0.000000 0.000000 1.000000 0.000000 1547731638976821000

0.999997 0.002545 0.000000 55.597380 -0.002545 0.999997 -0.000000 5.162944 -0.000000 0.000000 1.000000 0.000000 1547731639229233000

0.999993 0.003810 0.000000 57.510097 -0.003810 0.999993 -0.000000 5.136886 -0.000000 0.000000 1.000000 0.000000 1547731639481434000

0.999992 0.003997 0.000000 59.380726 -0.003997 0.999992 -0.000000 5.112359 -0.000000 0.000000 1.000000 0.000000 1547731639732835000

0.999992 0.004043 0.000000 61.219936 -0.004043 0.999992 -0.000000 5.106629 -0.000000 0.000000 1.000000 0.000000 1547731639984112000

0.999989 0.004711 0.000000 63.044409 -0.004711 0.999989 -0.000000 5.055494 -0.000000 0.000000 1.000000 0.000000 1547731640235990000

0.999988 0.004828 0.000000 64.873005 -0.004828 0.999988 -0.000000 5.069771 -0.000000 0.000000 1.000000 0.000000 1547731640487747000

0.999988 0.004871 0.000000 66.668659 -0.004871 0.999988 -0.000000 5.020650 -0.000000 0.000000 1.000000 0.000000 1547731640739110000

0.999992 0.003887 0.000000 68.447939 -0.003887 0.999992 -0.000000 4.971901 -0.000000 0.000000 1.000000 0.000000 1547731640990047000

0.999986 0.005374 0.000000 70.254252 -0.005374 0.999986 -0.000000 4.964490 -0.000000 0.000000 1.000000 0.000000 1547731641241411000

0.999987 0.005046 0.000000 72.008331 -0.005046 0.999987 -0.000000 4.910567 -0.000000 0.000000 1.000000 0.000000 1547731641494251000

0.999976 0.006964 0.000000 73.883119 -0.006964 0.999976 -0.000000 4.903902 -0.000000 0.000000 1.000000 0.000000 1547731641747956000

0.999958 0.009183 0.000000 75.686846 -0.009183 0.999958 -0.000000 4.835593 -0.000000 0.000000 1.000000 0.000000 1547731642000457000

0.999952 0.009750 0.000000 77.510572 -0.009750 0.999952 -0.000000 4.814332 -0.000000 0.000000 1.000000 0.000000 1547731642250194000

0.999953 0.009674 0.000000 79.283953 -0.009674 0.999953 -0.000000 4.813978 -0.000000 0.000000 1.000000 0.000000 1547731642498169000

0.999948 0.010237 0.000000 80.998665 -0.010237 0.999948 -0.000000 4.803626 -0.000000 0.000000 1.000000 0.000000 1547731642746283000

0.999924 0.012342 0.000000 82.781143 -0.012342 0.999924 -0.000000 4.757648 -0.000000 0.000000 1.000000 0.000000 1547731642994103000

0.999889 0.014872 0.000000 84.556578 -0.014872 0.999889 -0.000000 4.711328 -0.000000 0.000000 1.000000 0.000000 1547731643241744000

0.999807 0.019635 0.000000 86.334809 -0.019635 0.999807 -0.000000 4.673694 -0.000000 0.000000 1.000000 0.000000 1547731643490026000

0.999770 0.021442 0.000000 88.183627 -0.021442 0.999770 -0.000000 4.575976 -0.000000 0.000000 1.000000 0.000000 1547731643739685000

0.999829 0.018519 0.000000 89.951125 -0.018519 0.999829 -0.000000 4.520529 -0.000000 0.000000 1.000000 0.000000 1547731643990530000

0.999887 0.015018 0.000000 91.753348 -0.015018 0.999887 -0.000000 4.499435 -0.000000 0.000000 1.000000 0.000000 1547731644241138000

0.999952 0.009847 0.000000 93.654231 -0.009847 0.999952 -0.000000 4.467990 -0.000000 0.000000 1.000000 0.000000 1547731644491988000

0.999997 0.002464 0.000000 95.448202 -0.002464 0.999997 -0.000000 4.474640 -0.000000 0.000000 1.000000 0.000000 1547731644742624000

0.999975 -0.007059 0.000000 97.290978 0.007059 0.999975 0.000000 4.516707 0.000000 0.000000 1.000000 0.000000 1547731644993294000

0.999886 -0.015083 0.000000 99.160147 0.015083 0.999886 0.000000 4.498155 0.000000 0.000000 1.000000 0.000000 1547731645243964000

0.999701 -0.024444 0.000000 101.063908 0.024444 0.999701 0.000000 4.500211 0.000000 0.000000 1.000000 0.000000 1547731645493834000

0.999395 -0.034780 0.000000 102.965966 0.034780 0.999395 0.000000 4.537310 0.000000 0.000000 1.000000 0.000000 1547731645744009000

0.999086 -0.042735 0.000000 104.882653 0.042735 0.999086 0.000000 4.589240 0.000000 0.000000 1.000000 0.000000 1547731645995233000

0.998643 -0.052071 0.000000 106.803437 0.052071 0.998643 0.000000 4.658427 0.000000 0.000000 1.000000 0.000000 1547731646247143000

0.998272 -0.058756 0.000000 108.788619 0.058756 0.998272 0.000000 4.782936 0.000000 0.000000 1.000000 0.000000 1547731646499021000

0.997980 -0.063537 0.000000 110.789897 0.063537 0.997980 0.000000 4.909655 0.000000 0.000000 1.000000 0.000000 1547731646750962000

0.997666 -0.068289 0.000000 112.745767 0.068289 0.997666 0.000000 5.034320 0.000000 0.000000 1.000000 0.000000 1547731647002300000

0.997501 -0.070647 0.000000 114.676085 0.070647 0.997501 0.000000 5.184398 0.000000 0.000000 1.000000 0.000000 1547731647253011000

0.997594 -0.069333 0.000000 116.628107 0.069333 0.997594 0.000000 5.308647 0.000000 0.000000 1.000000 0.000000 1547731647503426000

0.997608 -0.069132 0.000000 118.551342 0.069132 0.997608 0.000000 5.403028 0.000000 0.000000 1.000000 0.000000 1547731647753669000

0.997665 -0.068304 0.000000 120.486634 0.068304 0.997665 0.000000 5.510435 0.000000 0.000000 1.000000 0.000000 1547731648003679000

0.997821 -0.065985 0.000000 122.478085 0.065985 0.997821 0.000000 5.646657 0.000000 0.000000 1.000000 0.000000 1547731648253590000

0.997841 -0.065672 0.000000 124.454544 0.065672 0.997841 0.000000 5.728092 0.000000 0.000000 1.000000 0.000000 1547731648502827000

0.997950 -0.063996 0.000000 126.356343 0.063996 0.997950 0.000000 5.893482 0.000000 0.000000 1.000000 0.000000 1547731648752705000

0.998040 -0.062577 0.000000 128.333701 0.062577 0.998040 0.000000 5.964691 0.000000 0.000000 1.000000 0.000000 1547731649003515000

0.998056 -0.062317 0.000000 130.281579 0.062317 0.998056 0.000000 6.104522 0.000000 0.000000 1.000000 0.000000 1547731649254849000

0.998177 -0.060358 0.000000 132.294904 0.060358 0.998177 0.000000 6.194643 0.000000 0.000000 1.000000 0.000000 1547731649507133000

0.998278 -0.058658 0.000000 134.280776 0.058658 0.998278 0.000000 6.271557 0.000000 0.000000 1.000000 0.000000 1547731649759449000

0.998424 -0.056117 0.000000 136.283864 0.056117 0.998424 0.000000 6.340131 0.000000 0.000000 1.000000 0.000000 1547731650011182000

0.998529 -0.054225 0.000000 138.270024 0.054225 0.998529 0.000000 6.499450 0.000000 0.000000 1.000000 0.000000 1547731650262170000

0.998582 -0.053240 0.000000 140.192993 0.053240 0.998582 0.000000 6.529102 0.000000 0.000000 1.000000 0.000000 1547731650512486000

0.998664 -0.051675 0.000000 142.256389 0.051675 0.998664 0.000000 6.638317 0.000000 0.000000 1.000000 0.000000 1547731650762051000

0.998723 -0.050513 0.000000 144.214523 0.050513 0.998723 0.000000 6.741582 0.000000 0.000000 1.000000 0.000000 1547731651010699000

0.998753 -0.049933 0.000000 146.208815 0.049933 0.998753 0.000000 6.823191 0.000000 0.000000 1.000000 0.000000 1547731651259056000

0.998757 -0.049849 0.000000 148.215479 0.049849 0.998757 0.000000 6.870780 0.000000 0.000000 1.000000 0.000000 1547731651507724000

0.998799 -0.048988 0.000000 150.221936 0.048988 0.998799 0.000000 6.990232 0.000000 0.000000 1.000000 0.000000 1547731651756309000

0.998786 -0.049260 0.000000 152.295678 0.049260 0.998786 0.000000 7.095921 0.000000 0.000000 1.000000 0.000000 1547731652004590000

0.998828 -0.048403 0.000000 154.367210 0.048403 0.998828 0.000000 7.182102 0.000000 0.000000 1.000000 0.000000 1547731652252743000

0.998891 -0.047075 0.000000 156.432850 0.047075 0.998891 0.000000 7.297698 0.000000 0.000000 1.000000 0.000000 1547731652500714000

0.998883 -0.047259 0.000000 158.560403 0.047259 0.998883 0.000000 7.352296 0.000000 0.000000 1.000000 0.000000 1547731652748481000

0.998904 -0.046804 0.000000 160.690272 0.046804 0.998904 0.000000 7.477774 0.000000 0.000000 1.000000 0.000000 1547731652995974000

0.998907 -0.046736 0.000000 162.766388 0.046736 0.998907 0.000000 7.562661 0.000000 0.000000 1.000000 0.000000 1547731653244364000

0.998926 -0.046325 0.000000 164.862436 0.046325 0.998926 0.000000 7.631621 0.000000 0.000000 1.000000 0.000000 1547731653494223000

0.998939 -0.046055 0.000000 166.998157 0.046055 0.998939 0.000000 7.703000 0.000000 0.000000 1.000000 0.000000 1547731653746300000

0.998950 -0.045818 0.000000 169.071135 0.045818 0.998950 0.000000 7.832938 0.000000 0.000000 1.000000 0.000000 1547731653998859000

0.998731 -0.050364 0.000000 171.174052 0.050364 0.998731 0.000000 7.907653 0.000000 0.000000 1.000000 0.000000 1547731654250838000

0.998558 -0.053675 0.000000 173.248168 0.053675 0.998558 0.000000 8.014186 0.000000 0.000000 1.000000 0.000000 1547731654502640000

0.998398 -0.056574 0.000000 175.277311 0.056574 0.998398 0.000000 8.100538 0.000000 0.000000 1.000000 0.000000 1547731654753611000

0.998229 -0.059487 0.000000 177.274460 0.059487 0.998229 0.000000 8.202370 0.000000 0.000000 1.000000 0.000000 1547731655002882000

0.998069 -0.062107 0.000000 179.307462 0.062107 0.998069 0.000000 8.342107 0.000000 0.000000 1.000000 0.000000 1547731655251691000

0.998011 -0.063042 0.000000 181.225911 0.063042 0.998011 0.000000 8.454222 0.000000 0.000000 1.000000 0.000000 1547731655500233000

0.998032 -0.062708 0.000000 183.170724 0.062708 0.998032 0.000000 8.562197 0.000000 0.000000 1.000000 0.000000 1547731655748771000

0.998085 -0.061865 0.000000 185.067044 0.061865 0.998085 0.000000 8.689592 0.000000 0.000000 1.000000 0.000000 1547731655997325000

0.998235 -0.059388 0.000000 186.911763 0.059388 0.998235 0.000000 8.768652 0.000000 0.000000 1.000000 0.000000 1547731656245699000

0.998192 -0.060108 0.000000 188.779150 0.060108 0.998192 0.000000 8.891304 0.000000 0.000000 1.000000 0.000000 1547731656494193000

0.998187 -0.060189 0.000000 190.546083 0.060189 0.998187 0.000000 8.953634 0.000000 0.000000 1.000000 0.000000 1547731656742345000

0.998159 -0.060653 0.000000 192.316993 0.060653 0.998159 0.000000 9.046248 0.000000 0.000000 1.000000 0.000000 1547731656991225000

0.998100 -0.061615 0.000000 194.095773 0.061615 0.998100 0.000000 9.165301 0.000000 0.000000 1.000000 0.000000 1547731657241480000

0.998062 -0.062231 0.000000 195.855168 0.062231 0.998062 0.000000 9.239229 0.000000 0.000000 1.000000 0.000000 1547731657492414000

0.998014 -0.062997 0.000000 197.557236 0.062997 0.998014 0.000000 9.344301 0.000000 0.000000 1.000000 0.000000 1547731657743697000

0.998014 -0.063000 0.000000 199.276217 0.063000 0.998014 0.000000 9.466959 0.000000 0.000000 1.000000 0.000000 1547731657993870000

0.998054 -0.062361 0.000000 200.883992 0.062361 0.998054 0.000000 9.576109 0.000000 0.000000 1.000000 0.000000 1547731658243664000

0.998088 -0.061815 0.000000 202.520178 0.061815 0.998088 0.000000 9.696862 0.000000 0.000000 1.000000 0.000000 1547731658493632000

0.998259 -0.058985 0.000000 204.108838 0.058985 0.998259 0.000000 9.751701 0.000000 0.000000 1.000000 0.000000 1547731658743530000

0.998401 -0.056520 0.000000 205.703167 0.056520 0.998401 0.000000 9.892252 0.000000 0.000000 1.000000 0.000000 1547731658992974000

0.998571 -0.053445 0.000000 207.267817 0.053445 0.998571 0.000000 9.956005 0.000000 0.000000 1.000000 0.000000 1547731659241825000

0.998626 -0.052402 0.000000 208.768689 0.052402 0.998626 0.000000 10.050433 0.000000 0.000000 1.000000 0.000000 1547731659490484000

0.998778 -0.049419 0.000000 211.699535 0.049419 0.998778 0.000000 10.125191 0.000000 0.000000 1.000000 0.000000 1547731659986294000

0.998705 -0.050880 0.000000 214.456725 0.050880 0.998705 0.000000 10.280713 0.000000 0.000000 1.000000 0.000000 1547731660483330000

0.998726 -0.050460 0.000000 217.228138 0.050460 0.998726 0.000000 10.360330 0.000000 0.000000 1.000000 0.000000 1547731660980825000

0.998624 -0.052441 0.000000 220.062423 0.052441 0.998624 0.000000 10.473815 0.000000 0.000000 1.000000 0.000000 1547731661479094000

0.998147 -0.060849 0.000000 222.825183 0.060849 0.998147 0.000000 10.621406 0.000000 0.000000 1.000000 0.000000 1547731661980751000

0.996175 -0.087378 0.000000 225.574039 0.087378 0.996175 0.000000 10.845929 0.000000 0.000000 1.000000 0.000000 1547731662480761000

0.993160 -0.116762 0.000000 228.315221 0.116762 0.993160 0.000000 11.106084 0.000000 0.000000 1.000000 0.000000 1547731662980500000

0.988621 -0.150425 0.000000 231.182615 0.150425 0.988621 0.000000 11.536329 0.000000 0.000000 1.000000 0.000000 1547731663480802000

0.985145 -0.171724 0.000000 234.142517 0.171724 0.985145 0.000000 12.090493 0.000000 0.000000 1.000000 0.000000 1547731663979351000

0.984551 -0.175095 0.000000 235.838189 0.175095 0.984551 0.000000 12.442594 0.000000 0.000000 1.000000 0.000000 1547731664229391000

0.984168 -0.177237 0.000000 237.357481 0.177237 0.984168 0.000000 12.722562 0.000000 0.000000 1.000000 0.000000 1547731664480647000

0.983851 -0.178991 0.000000 239.127203 0.178991 0.983851 0.000000 13.043969 0.000000 0.000000 1.000000 0.000000 1547731664732954000

0.983403 -0.181437 0.000000 240.823986 0.181437 0.983403 0.000000 13.327719 0.000000 0.000000 1.000000 0.000000 1547731664985527000

0.982508 -0.186219 0.000000 242.627658 0.186219 0.982508 0.000000 13.647521 0.000000 0.000000 1.000000 0.000000 1547731665237149000

0.981903 -0.189387 0.000000 244.326361 0.189387 0.981903 0.000000 13.990676 0.000000 0.000000 1.000000 0.000000 1547731665487418000

0.981562 -0.191144 0.000000 246.153760 0.191144 0.981562 0.000000 14.312901 0.000000 0.000000 1.000000 0.000000 1547731665736943000

0.981420 -0.191874 0.000000 247.974789 0.191874 0.981420 0.000000 14.684231 0.000000 0.000000 1.000000 0.000000 1547731665986525000

0.981598 -0.190961 0.000000 249.760067 0.190961 0.981598 0.000000 15.034758 0.000000 0.000000 1.000000 0.000000 1547731666235799000

0.982091 -0.188410 0.000000 251.605222 0.188410 0.982091 0.000000 15.386961 0.000000 0.000000 1.000000 0.000000 1547731666484555000

0.982842 -0.184447 0.000000 253.415262 0.184447 0.982842 0.000000 15.757741 0.000000 0.000000 1.000000 0.000000 1547731666732717000

0.983798 -0.179279 0.000000 255.224816 0.179279 0.983798 0.000000 16.077024 0.000000 0.000000 1.000000 0.000000 1547731666980922000

0.985004 -0.172530 0.000000 257.140701 0.172530 0.985004 0.000000 16.413060 0.000000 0.000000 1.000000 0.000000 1547731667229245000

0.985826 -0.167769 0.000000 259.099117 0.167769 0.985826 0.000000 16.724442 0.000000 0.000000 1.000000 0.000000 1547731667477453000

0.986525 -0.163609 0.000000 260.985137 0.163609 0.986525 0.000000 17.101759 0.000000 0.000000 1.000000 0.000000 1547731667725383000

0.987411 -0.158175 0.000000 262.917343 0.158175 0.987411 0.000000 17.395019 0.000000 0.000000 1.000000 0.000000 1547731667973026000

0.987745 -0.156075 0.000000 264.868461 0.156075 0.987745 0.000000 17.683474 0.000000 0.000000 1.000000 0.000000 1547731668221333000

0.988255 -0.152813 0.000000 266.900142 0.152813 0.988255 0.000000 17.975657 0.000000 0.000000 1.000000 0.000000 1547731668470916000

0.988403 -0.151851 0.000000 268.830653 0.151851 0.988403 0.000000 18.295698 0.000000 0.000000 1.000000 0.000000 1547731668722199000

0.988584 -0.150674 0.000000 270.904661 0.150674 0.988584 0.000000 18.603156 0.000000 0.000000 1.000000 0.000000 1547731668974514000

0.988575 -0.150731 0.000000 272.871751 0.150731 0.988575 0.000000 18.899676 0.000000 0.000000 1.000000 0.000000 1547731669226511000

0.988793 -0.149295 0.000000 274.876966 0.149295 0.988793 0.000000 19.184346 0.000000 0.000000 1.000000 0.000000 1547731669478133000

0.988674 -0.150081 0.000000 276.833347 0.150081 0.988674 0.000000 19.455144 0.000000 0.000000 1.000000 0.000000 1547731669729731000

0.988807 -0.149198 0.000000 278.776433 0.149198 0.988807 0.000000 19.782367 0.000000 0.000000 1.000000 0.000000 1547731669980443000

0.988624 -0.150408 0.000000 280.665816 0.150408 0.988624 0.000000 20.095980 0.000000 0.000000 1.000000 0.000000 1547731670230432000

0.989024 -0.147754 0.000000 282.642756 0.147754 0.989024 0.000000 20.356172 0.000000 0.000000 1.000000 0.000000 1547731670480300000

0.989649 -0.143510 0.000000 284.625472 0.143510 0.989649 0.000000 20.611981 0.000000 0.000000 1.000000 0.000000 1547731670730073000

0.990395 -0.138268 0.000000 286.674129 0.138268 0.990395 0.000000 20.856468 0.000000 0.000000 1.000000 0.000000 1547731670980109000

0.990843 -0.135022 0.000000 288.633947 0.135022 0.990843 0.000000 21.067517 0.000000 0.000000 1.000000 0.000000 1547731671230793000

0.991350 -0.131243 0.000000 290.671104 0.131243 0.991350 0.000000 21.355155 0.000000 0.000000 1.000000 0.000000 1547731671483083000

0.991854 -0.127382 0.000000 292.683811 0.127382 0.991854 0.000000 21.574757 0.000000 0.000000 1.000000 0.000000 1547731671735841000

0.991851 -0.127406 0.000000 294.638202 0.127406 0.991851 0.000000 21.746653 0.000000 0.000000 1.000000 0.000000 1547731671988260000

0.991482 -0.130246 0.000000 296.599891 0.130246 0.991482 0.000000 22.078209 0.000000 0.000000 1.000000 0.000000 1547731672240147000

0.991014 -0.133758 0.000000 298.560015 0.133758 0.991014 0.000000 22.331859 0.000000 0.000000 1.000000 0.000000 1547731672489758000

0.990332 -0.138716 0.000000 300.537351 0.138716 0.990332 0.000000 22.527790 0.000000 0.000000 1.000000 0.000000 1547731672737545000

0.989749 -0.142815 0.000000 302.532199 0.142815 0.989749 0.000000 22.791685 0.000000 0.000000 1.000000 0.000000 1547731672985260000

0.989090 -0.147309 0.000000 304.531146 0.147309 0.989090 0.000000 23.102191 0.000000 0.000000 1.000000 0.000000 1547731673233069000

0.988166 -0.153390 0.000000 306.463786 0.153390 0.988166 0.000000 23.367360 0.000000 0.000000 1.000000 0.000000 1547731673480823000

0.987055 -0.160384 0.000000 308.410339 0.160384 0.987055 0.000000 23.670600 0.000000 0.000000 1.000000 0.000000 1547731673729017000

0.985680 -0.168629 0.000000 310.422465 0.168629 0.985680 0.000000 24.047174 0.000000 0.000000 1.000000 0.000000 1547731673977973000

0.985079 -0.172106 0.000000 312.437014 0.172106 0.985079 0.000000 24.364380 0.000000 0.000000 1.000000 0.000000 1547731674227596000

0.984575 -0.174962 0.000000 314.420114 0.174962 0.984575 0.000000 24.722536 0.000000 0.000000 1.000000 0.000000 1547731674477082000

0.984283 -0.176599 0.000000 316.472928 0.176599 0.984283 0.000000 25.082904 0.000000 0.000000 1.000000 0.000000 1547731674726320000

0.984315 -0.176422 0.000000 318.498151 0.176422 0.984315 0.000000 25.427861 0.000000 0.000000 1.000000 0.000000 1547731674975577000

0.984701 -0.174250 0.000000 320.521192 0.174250 0.984701 0.000000 25.736286 0.000000 0.000000 1.000000 0.000000 1547731675224364000

0.985035 -0.172355 0.000000 322.454959 0.172355 0.985035 0.000000 26.068048 0.000000 0.000000 1.000000 0.000000 1547731675473009000

0.985273 -0.170989 0.000000 324.384879 0.170989 0.985273 0.000000 26.380734 0.000000 0.000000 1.000000 0.000000 1547731675721693000

0.985760 -0.168159 0.000000 326.324957 0.168159 0.985760 0.000000 26.645334 0.000000 0.000000 1.000000 0.000000 1547731675971007000

0.986650 -0.162854 0.000000 328.269329 0.162854 0.986650 0.000000 26.963941 0.000000 0.000000 1.000000 0.000000 1547731676221960000

0.987472 -0.157797 0.000000 330.216270 0.157797 0.987472 0.000000 27.299585 0.000000 0.000000 1.000000 0.000000 1547731676473381000

0.988433 -0.151655 0.000000 332.115968 0.151655 0.988433 0.000000 27.558821 0.000000 0.000000 1.000000 0.000000 1547731676723259000

0.990219 -0.139521 0.000000 333.993228 0.139521 0.990219 0.000000 27.790531 0.000000 0.000000 1.000000 0.000000 1547731676973097000

0.992472 -0.122475 0.000000 335.974851 0.122475 0.992472 0.000000 28.088160 0.000000 0.000000 1.000000 0.000000 1547731677223937000

0.994684 -0.102977 0.000000 337.974151 0.102977 0.994684 0.000000 28.287970 0.000000 0.000000 1.000000 0.000000 1547731677474720000

0.996847 -0.079347 0.000000 339.953611 0.079347 0.996847 0.000000 28.364987 0.000000 0.000000 1.000000 0.000000 1547731677725049000

0.998336 -0.057661 0.000000 341.962200 0.057661 0.998336 0.000000 28.479067 0.000000 0.000000 1.000000 0.000000 1547731677974973000

0.999388 -0.034978 0.000000 343.989163 0.034978 0.999388 0.000000 28.551537 0.000000 0.000000 1.000000 0.000000 1547731678224451000

0.999888 -0.014939 0.000000 346.004688 0.014939 0.999888 0.000000 28.577074 0.000000 0.000000 1.000000 0.000000 1547731678474653000

0.999999 0.001134 0.000000 348.068631 -0.001134 0.999999 -0.000000 28.556666 -0.000000 0.000000 1.000000 0.000000 1547731678725608000

0.999909 0.013478 0.000000 350.124174 -0.013478 0.999909 -0.000000 28.525039 -0.000000 0.000000 1.000000 0.000000 1547731678977551000

0.999763 0.021750 0.000000 352.210358 -0.021750 0.999763 -0.000000 28.414321 -0.000000 0.000000 1.000000 0.000000 1547731679229901000

0.999742 0.022717 0.000000 354.219615 -0.022717 0.999742 -0.000000 28.353785 -0.000000 0.000000 1.000000 0.000000 1547731679481245000

0.999723 0.023546 0.000000 356.340475 -0.023546 0.999723 -0.000000 28.298032 -0.000000 0.000000 1.000000 0.000000 1547731679731894000

0.999744 0.022612 0.000000 358.410313 -0.022612 0.999744 -0.000000 28.238350 -0.000000 0.000000 1.000000 0.000000 1547731679982362000

0.999785 0.020720 0.000000 360.492871 -0.020720 0.999785 -0.000000 28.180578 -0.000000 0.000000 1.000000 0.000000 1547731680232811000

0.999779 0.021003 0.000000 362.533822 -0.021003 0.999779 -0.000000 28.115880 -0.000000 0.000000 1.000000 0.000000 1547731680483129000

0.999812 0.019402 0.000000 364.712388 -0.019402 0.999812 -0.000000 28.056352 -0.000000 0.000000 1.000000 0.000000 1547731680733433000

0.999851 0.017286 0.000000 366.762143 -0.017286 0.999851 -0.000000 28.034301 -0.000000 0.000000 1.000000 0.000000 1547731680983191000

0.999881 0.015408 0.000000 368.868011 -0.015408 0.999881 -0.000000 27.952744 -0.000000 0.000000 1.000000 0.000000 1547731681232326000

0.999913 0.013199 0.000000 371.010420 -0.013199 0.999913 -0.000000 27.941043 -0.000000 0.000000 1.000000 0.000000 1547731681481647000

0.999921 0.012604 0.000000 373.063761 -0.012604 0.999921 -0.000000 27.919642 -0.000000 0.000000 1.000000 0.000000 1547731681731368000

0.999966 0.008244 0.000000 375.190911 -0.008244 0.999966 -0.000000 27.824604 -0.000000 0.000000 1.000000 0.000000 1547731681980981000

0.999992 0.003933 0.000000 377.285182 -0.003933 0.999992 -0.000000 27.823148 -0.000000 0.000000 1.000000 0.000000 1547731682230083000

1.000000 0.000298 0.000000 379.375087 -0.000298 1.000000 -0.000000 27.833832 -0.000000 0.000000 1.000000 0.000000 1547731682479136000

1.000000 -0.000947 0.000000 381.432329 0.000947 1.000000 0.000000 27.817399 0.000000 0.000000 1.000000 0.000000 1547731682727958000

0.999995 -0.003198 0.000000 383.526802 0.003198 0.999995 0.000000 27.854447 0.000000 0.000000 1.000000 0.000000 1547731682976634000

0.999997 -0.002299 0.000000 385.639416 0.002299 0.999997 0.000000 27.779822 0.000000 0.000000 1.000000 0.000000 1547731683225131000

1.000000 -0.000936 0.000000 387.770850 0.000936 1.000000 0.000000 27.812753 0.000000 0.000000 1.000000 0.000000 1547731683474175000

0.999996 -0.002675 0.000000 389.904362 0.002675 0.999996 0.000000 27.806066 0.000000 0.000000 1.000000 0.000000 1547731683724551000

0.999990 -0.004581 0.000000 392.081302 0.004581 0.999990 0.000000 27.775508 0.000000 0.000000 1.000000 0.000000 1547731683975531000

0.999964 -0.008503 0.000000 394.213153 0.008503 0.999964 0.000000 27.787750 0.000000 0.000000 1.000000 0.000000 1547731684225944000

0.999934 -0.011465 0.000000 396.376986 0.011465 0.999934 0.000000 27.850796 0.000000 0.000000 1.000000 0.000000 1547731684475872000

0.999883 -0.015323 0.000000 398.561542 0.015323 0.999883 0.000000 27.873839 0.000000 0.000000 1.000000 0.000000 1547731684725732000

0.999802 -0.019898 0.000000 400.707828 0.019898 0.999802 0.000000 27.893351 0.000000 0.000000 1.000000 0.000000 1547731684975574000

0.999659 -0.026109 0.000000 402.906034 0.026109 0.999659 0.000000 27.916262 0.000000 0.000000 1.000000 0.000000 1547731685225878000

0.999544 -0.030201 0.000000 405.068464 0.030201 0.999544 0.000000 27.984036 0.000000 0.000000 1.000000 0.000000 1547731685475534000

0.999363 -0.035680 0.000000 407.246548 0.035680 0.999363 0.000000 28.055962 0.000000 0.000000 1.000000 0.000000 1547731685724756000

0.999228 -0.039284 0.000000 409.401041 0.039284 0.999228 0.000000 28.127520 0.000000 0.000000 1.000000 0.000000 1547731685974340000

0.999157 -0.041059 0.000000 411.556709 0.041059 0.999157 0.000000 28.219904 0.000000 0.000000 1.000000 0.000000 1547731686224473000

0.999096 -0.042502 0.000000 413.711052 0.042502 0.999096 0.000000 28.324469 0.000000 0.000000 1.000000 0.000000 1547731686475555000

0.999043 -0.043730 0.000000 415.903832 0.043730 0.999043 0.000000 28.376117 0.000000 0.000000 1.000000 0.000000 1547731686727523000

0.998989 -0.044958 0.000000 418.024687 0.044958 0.998989 0.000000 28.455194 0.000000 0.000000 1.000000 0.000000 1547731686979868000

0.998896 -0.046968 0.000000 420.175750 0.046968 0.998896 0.000000 28.517304 0.000000 0.000000 1.000000 0.000000 1547731687232023000

0.998801 -0.048956 0.000000 422.339531 0.048956 0.998801 0.000000 28.635178 0.000000 0.000000 1.000000 0.000000 1547731687483194000

0.998706 -0.050856 0.000000 424.440571 0.050856 0.998706 0.000000 28.733006 0.000000 0.000000 1.000000 0.000000 1547731687732923000

0.998672 -0.051526 0.000000 426.619269 0.051526 0.998672 0.000000 28.813875 0.000000 0.000000 1.000000 0.000000 1547731687982121000

0.998634 -0.052252 0.000000 428.684602 0.052252 0.998634 0.000000 28.881430 0.000000 0.000000 1.000000 0.000000 1547731688231151000

0.998663 -0.051689 0.000000 430.758401 0.051689 0.998663 0.000000 28.946516 0.000000 0.000000 1.000000 0.000000 1547731688479863000

0.998594 -0.053016 0.000000 432.809718 0.053016 0.998594 0.000000 29.067952 0.000000 0.000000 1.000000 0.000000 1547731688728487000

0.998525 -0.054299 0.000000 434.861344 0.054299 0.998525 0.000000 29.138811 0.000000 0.000000 1.000000 0.000000 1547731688976851000

0.998377 -0.056958 0.000000 436.879444 0.056958 0.998377 0.000000 29.235707 0.000000 0.000000 1.000000 0.000000 1547731689224946000

0.998198 -0.060000 0.000000 438.926554 0.060000 0.998198 0.000000 29.321513 0.000000 0.000000 1.000000 0.000000 1547731689472959000

0.997969 -0.063706 0.000000 441.005149 0.063706 0.997969 0.000000 29.426660 0.000000 0.000000 1.000000 0.000000 1547731689720813000

0.997675 -0.068151 0.000000 442.993974 0.068151 0.997675 0.000000 29.571908 0.000000 0.000000 1.000000 0.000000 1547731689968488000

0.997429 -0.071663 0.000000 444.948602 0.071663 0.997429 0.000000 29.674766 0.000000 0.000000 1.000000 0.000000 1547731690216728000

0.997273 -0.073795 0.000000 446.914628 0.073795 0.997273 0.000000 29.779775 0.000000 0.000000 1.000000 0.000000 1547731690466514000

0.997093 -0.076190 0.000000 448.803528 0.076190 0.997093 0.000000 29.911220 0.000000 0.000000 1.000000 0.000000 1547731690717170000

0.997053 -0.076710 0.000000 450.666653 0.076710 0.997053 0.000000 30.029358 0.000000 0.000000 1.000000 0.000000 1547731690967214000

0.997161 -0.075293 0.000000 452.439440 0.075293 0.997161 0.000000 30.157832 0.000000 0.000000 1.000000 0.000000 1547731691216766000

0.997448 -0.071402 0.000000 454.196979 0.071402 0.997448 0.000000 30.236884 0.000000 0.000000 1.000000 0.000000 1547731691467783000

0.997842 -0.065663 0.000000 455.852214 0.065663 0.997842 0.000000 30.353802 0.000000 0.000000 1.000000 0.000000 1547731691720287000

0.998314 -0.058040 0.000000 457.482970 0.058040 0.998314 0.000000 30.387526 0.000000 0.000000 1.000000 0.000000 1547731691972764000

0.999014 -0.044394 0.000000 459.006368 0.044394 0.999014 0.000000 30.461614 0.000000 0.000000 1.000000 0.000000 1547731692224366000

0.999996 -0.002709 0.000000 461.871709 0.002709 0.999996 0.000000 30.450542 0.000000 0.000000 1.000000 0.000000 1547731692724766000

0.998143 0.060922 0.000000 464.507507 -0.060922 0.998143 -0.000000 30.255789 -0.000000 0.000000 1.000000 0.000000 1547731693222605000

0.988522 0.151079 0.000000 466.837166 -0.151079 0.988522 -0.000000 29.959403 -0.000000 0.000000 1.000000 0.000000 1547731693721321000

0.959876 0.280425 0.000000 468.988258 -0.280425 0.959876 -0.000000 29.342280 -0.000000 0.000000 1.000000 0.000000 1547731694224034000

0.908903 0.417008 0.000000 470.719951 -0.417008 0.908903 -0.000000 28.406587 -0.000000 0.000000 1.000000 0.000000 1547731694726449000

0.828075 0.560617 0.000000 472.211125 -0.560617 0.828075 -0.000000 27.417722 -0.000000 0.000000 1.000000 0.000000 1547731695227626000

0.772642 0.634842 0.000000 472.913015 -0.634842 0.772642 -0.000000 26.737536 -0.000000 0.000000 1.000000 0.000000 1547731695477725000

0.703680 0.710517 0.000000 473.503125 -0.710517 0.703680 -0.000000 26.098800 -0.000000 0.000000 1.000000 0.000000 1547731695727494000

0.615351 0.788253 0.000000 474.016658 -0.788253 0.615351 -0.000000 25.320126 -0.000000 0.000000 1.000000 0.000000 1547731695977091000

0.512743 0.858542 0.000000 474.467073 -0.858542 0.512743 -0.000000 24.414014 -0.000000 0.000000 1.000000 0.000000 1547731696226133000

0.393088 0.919501 0.000000 474.747981 -0.919501 0.393088 -0.000000 23.536847 -0.000000 0.000000 1.000000 0.000000 1547731696474315000

0.259279 0.965802 0.000000 474.996146 -0.965802 0.259279 -0.000000 22.593242 -0.000000 0.000000 1.000000 0.000000 1547731696722224000

0.117733 0.993045 0.000000 475.042811 -0.993045 0.117733 -0.000000 21.543533 -0.000000 0.000000 1.000000 0.000000 1547731696969624000

-0.028777 0.999586 0.000000 474.955791 -0.999586 -0.028777 -0.000000 20.565067 -0.000000 0.000000 1.000000 0.000000 1547731697217303000

-0.176996 0.984212 0.000000 474.666106 -0.984212 -0.176996 -0.000000 19.580235 -0.000000 0.000000 1.000000 0.000000 1547731697466444000

-0.324503 0.945885 0.000000 474.233047 -0.945885 -0.324503 -0.000000 18.574388 -0.000000 0.000000 1.000000 0.000000 1547731697718477000

-0.461538 0.887120 0.000000 473.604562 -0.887120 -0.461538 -0.000000 17.544131 -0.000000 0.000000 1.000000 0.000000 1547731697972150000

-0.588573 0.808444 0.000000 472.877260 -0.808444 -0.588573 0.000000 16.716546 0.000000 0.000000 1.000000 0.000000 1547731698225050000

-0.695843 0.718194 0.000000 471.992541 -0.718194 -0.695843 0.000000 15.824083 0.000000 0.000000 1.000000 0.000000 1547731698477430000

-0.781904 0.623398 0.000000 470.986615 -0.623398 -0.781904 0.000000 15.063278 0.000000 0.000000 1.000000 0.000000 1547731698729010000

-0.841675 0.539984 0.000000 469.808243 -0.539984 -0.841675 0.000000 14.298968 0.000000 0.000000 1.000000 0.000000 1547731698979013000

-0.890399 0.455181 0.000000 467.268386 -0.455181 -0.890399 0.000000 13.082023 0.000000 0.000000 1.000000 0.000000 1547731699474504000

-0.893721 0.448624 0.000000 464.498396 -0.448624 -0.893721 0.000000 11.884852 0.000000 0.000000 1.000000 0.000000 1547731699972016000

-0.891786 0.452457 0.000000 463.027133 -0.452457 -0.891786 0.000000 11.261535 0.000000 0.000000 1.000000 0.000000 1547731700221419000

-0.889222 0.457475 0.000000 461.524003 -0.457475 -0.889222 0.000000 10.494089 0.000000 0.000000 1.000000 0.000000 1547731700470146000

-0.887733 0.460358 0.000000 459.933375 -0.460358 -0.887733 0.000000 9.694440 0.000000 0.000000 1.000000 0.000000 1547731700718350000

-0.888594 0.458695 0.000000 458.334038 -0.458695 -0.888594 0.000000 8.881524 0.000000 0.000000 1.000000 0.000000 1547731700966335000

-0.889077 0.457757 0.000000 456.650593 -0.457757 -0.889077 0.000000 8.057426 0.000000 0.000000 1.000000 0.000000 1547731701213865000

-0.890052 0.455859 0.000000 454.955653 -0.455859 -0.890052 0.000000 7.189128 0.000000 0.000000 1.000000 0.000000 1547731701461134000

-0.891408 0.453202 0.000000 453.168209 -0.453202 -0.891408 0.000000 6.265202 0.000000 0.000000 1.000000 0.000000 1547731701709539000

-0.892705 0.450641 0.000000 451.291146 -0.450641 -0.892705 0.000000 5.384117 0.000000 0.000000 1.000000 0.000000 1547731701959306000

-0.893549 0.448965 0.000000 449.428802 -0.448965 -0.893549 0.000000 4.409273 0.000000 0.000000 1.000000 0.000000 1547731702210165000

-0.894415 0.447238 0.000000 447.450989 -0.447238 -0.894415 0.000000 3.505097 0.000000 0.000000 1.000000 0.000000 1547731702460912000

-0.895016 0.446034 0.000000 445.463253 -0.446034 -0.895016 0.000000 2.513463 0.000000 0.000000 1.000000 0.000000 1547731702712057000

-0.895738 0.444582 0.000000 443.472914 -0.444582 -0.895738 0.000000 1.548414 0.000000 0.000000 1.000000 0.000000 1547731702963248000

-0.896619 0.442803 0.000000 441.487251 -0.442803 -0.896619 0.000000 0.599357 0.000000 0.000000 1.000000 0.000000 1547731703213560000

-0.897598 0.440814 0.000000 439.556618 -0.440814 -0.897598 0.000000 -0.363480 0.000000 0.000000 1.000000 0.000000 1547731703463574000

-0.897981 0.440035 0.000000 437.549629 -0.440035 -0.897981 0.000000 -1.320907 0.000000 0.000000 1.000000 0.000000 1547731703713666000

-0.898148 0.439694 0.000000 435.560142 -0.439694 -0.898148 0.000000 -2.288332 0.000000 0.000000 1.000000 0.000000 1547731703964102000

-0.898807 0.438344 0.000000 433.619120 -0.438344 -0.898807 0.000000 -3.255349 0.000000 0.000000 1.000000 0.000000 1547731704216171000

-0.899252 0.437431 0.000000 431.566821 -0.437431 -0.899252 0.000000 -4.206735 0.000000 0.000000 1.000000 0.000000 1547731704468602000

-0.899509 0.436903 0.000000 429.575154 -0.436903 -0.899509 0.000000 -5.157251 0.000000 0.000000 1.000000 0.000000 1547731704720235000

-0.900003 0.435884 0.000000 427.538606 -0.435884 -0.900003 0.000000 -6.191796 0.000000 0.000000 1.000000 0.000000 1547731704971872000

-0.899681 0.436548 0.000000 425.526522 -0.436548 -0.899681 0.000000 -7.137049 0.000000 0.000000 1.000000 0.000000 1547731705222842000

-0.899622 0.436669 0.000000 423.542316 -0.436669 -0.899622 0.000000 -8.093050 0.000000 0.000000 1.000000 0.000000 1547731705473043000

-0.899441 0.437043 0.000000 421.561710 -0.437043 -0.899441 0.000000 -9.050355 0.000000 0.000000 1.000000 0.000000 1547731705723275000

-0.899260 0.437414 0.000000 419.615682 -0.437414 -0.899260 0.000000 -9.984170 0.000000 0.000000 1.000000 0.000000 1547731705973373000

-0.899326 0.437279 0.000000 417.720925 -0.437279 -0.899326 0.000000 -10.883774 0.000000 0.000000 1.000000 0.000000 1547731706222668000

-0.899450 0.437024 0.000000 415.768426 -0.437024 -0.899450 0.000000 -11.820664 0.000000 0.000000 1.000000 0.000000 1547731706472402000

-0.900071 0.435744 0.000000 413.920697 -0.435744 -0.900071 0.000000 -12.704932 0.000000 0.000000 1.000000 0.000000 1547731706722948000

-0.901038 0.433740 0.000000 412.048786 -0.433740 -0.901038 0.000000 -13.600040 0.000000 0.000000 1.000000 0.000000 1547731706974345000

-0.902268 0.431176 0.000000 410.202359 -0.431176 -0.902268 0.000000 -14.535288 0.000000 0.000000 1.000000 0.000000 1547731707226938000

-0.903726 0.428111 0.000000 408.396804 -0.428111 -0.903726 0.000000 -15.378329 0.000000 0.000000 1.000000 0.000000 1547731707479846000

-0.904507 0.426458 0.000000 406.663873 -0.426458 -0.904507 0.000000 -16.160221 0.000000 0.000000 1.000000 0.000000 1547731707731225000

-0.905358 0.424649 0.000000 405.022076 -0.424649 -0.905358 0.000000 -16.940676 0.000000 0.000000 1.000000 0.000000 1547731707981579000

-0.905758 0.423795 0.000000 403.497226 -0.423795 -0.905758 0.000000 -17.698549 0.000000 0.000000 1.000000 0.000000 1547731708230429000

-0.906690 0.421797 0.000000 402.045669 -0.421797 -0.906690 0.000000 -18.347943 0.000000 0.000000 1.000000 0.000000 1547731708478446000

-0.906435 0.422346 0.000000 400.677418 -0.422346 -0.906435 0.000000 -18.965639 0.000000 0.000000 1.000000 0.000000 1547731708726125000

-0.907650 0.419727 0.000000 398.166437 -0.419727 -0.907650 0.000000 -20.070968 0.000000 0.000000 1.000000 0.000000 1547731709220216000

-0.908415 0.418071 0.000000 396.026518 -0.418071 -0.908415 0.000000 -21.112441 0.000000 0.000000 1.000000 0.000000 1547731709717058000

-0.909341 0.416051 0.000000 394.144407 -0.416051 -0.909341 0.000000 -21.987086 0.000000 0.000000 1.000000 0.000000 1547731710218209000

-0.910067 0.414461 0.000000 392.574538 -0.414461 -0.910067 0.000000 -22.671074 0.000000 0.000000 1.000000 0.000000 1547731710718911000

-0.909079 0.416624 0.000000 390.669597 -0.416624 -0.909079 0.000000 -23.512268 0.000000 0.000000 1.000000 0.000000 1547731711472075000

-0.906795 0.421571 0.000000 389.058658 -0.421571 -0.906795 0.000000 -24.241849 0.000000 0.000000 1.000000 0.000000 1547731712480169000

-0.904581 0.426301 0.000000 387.573627 -0.426301 -0.904581 0.000000 -24.910794 0.000000 0.000000 1.000000 0.000000 1547731714731827000

