0.999562 -0.029592 0.000000 2.294645 0.029592 0.999562 0.000000 -2.020566 0.000000 0.000000 1.000000 0.000000 1547639597671717000

0.996472 -0.083923 0.000000 3.954923 0.083923 0.996472 0.000000 -1.885414 0.000000 0.000000 1.000000 0.000000 1547639617194241000

0.989452 -0.144862 0.000000 6.069781 0.144862 0.989452 0.000000 -1.585926 0.000000 0.000000 1.000000 0.000000 1547639617948474000

0.989344 -0.145597 0.000000 8.154353 0.145597 0.989344 0.000000 -1.329399 0.000000 0.000000 1.000000 0.000000 1547639618450186000

0.989280 -0.146029 0.000000 10.693021 0.146029 0.989280 0.000000 -1.001192 0.000000 0.000000 1.000000 0.000000 1547639618952615000

0.990899 -0.134605 0.000000 13.721406 0.134605 0.990899 0.000000 -0.462057 0.000000 0.000000 1.000000 0.000000 1547639619456861000

0.991132 -0.132878 0.000000 15.423172 0.132878 0.991132 0.000000 -0.222309 0.000000 0.000000 1.000000 0.000000 1547639619709996000

0.991503 -0.130081 0.000000 17.159255 0.130081 0.991503 0.000000 -0.100041 0.000000 0.000000 1.000000 0.000000 1547639619961839000

0.992087 -0.125554 0.000000 19.004005 0.125554 0.992087 0.000000 0.211496 0.000000 0.000000 1.000000 0.000000 1547639620211774000

0.992371 -0.123285 0.000000 20.954913 0.123285 0.992371 0.000000 0.385030 0.000000 0.000000 1.000000 0.000000 1547639620460216000

0.992860 -0.119286 0.000000 22.866408 0.119286 0.992860 0.000000 0.571438 0.000000 0.000000 1.000000 0.000000 1547639620708077000

0.993251 -0.115988 0.000000 24.826519 0.115988 0.993251 0.000000 0.785644 0.000000 0.000000 1.000000 0.000000 1547639620955224000

0.993715 -0.111943 0.000000 26.820270 0.111943 0.993715 0.000000 0.971502 0.000000 0.000000 1.000000 0.000000 1547639621202347000

0.994162 -0.107896 0.000000 28.846829 0.107896 0.994162 0.000000 1.167995 0.000000 0.000000 1.000000 0.000000 1547639621450882000

0.994521 -0.104541 0.000000 30.902907 0.104541 0.994521 0.000000 1.329846 0.000000 0.000000 1.000000 0.000000 1547639621700305000

0.995030 -0.099580 0.000000 33.010780 0.099580 0.995030 0.000000 1.518555 0.000000 0.000000 1.000000 0.000000 1547639621950237000

0.995408 -0.095722 0.000000 35.156699 0.095722 0.995408 0.000000 1.690547 0.000000 0.000000 1.000000 0.000000 1547639622200634000

0.995624 -0.093448 0.000000 37.324461 0.093448 0.995624 0.000000 1.875717 0.000000 0.000000 1.000000 0.000000 1547639622451231000

0.995865 -0.090846 0.000000 39.542455 0.090846 0.995865 0.000000 2.084182 0.000000 0.000000 1.000000 0.000000 1547639622702532000

0.995990 -0.089461 0.000000 41.783929 0.089461 0.995990 0.000000 2.222945 0.000000 0.000000 1.000000 0.000000 1547639622954252000

0.996167 -0.087475 0.000000 44.007249 0.087475 0.996167 0.000000 2.360618 0.000000 0.000000 1.000000 0.000000 1547639623205735000

0.996352 -0.085333 0.000000 46.284345 0.085333 0.996352 0.000000 2.594790 0.000000 0.000000 1.000000 0.000000 1547639623457545000

0.996379 -0.085027 0.000000 48.547971 0.085027 0.996379 0.000000 2.730716 0.000000 0.000000 1.000000 0.000000 1547639623708672000

0.996392 -0.084870 0.000000 50.794809 0.084870 0.996392 0.000000 2.894088 0.000000 0.000000 1.000000 0.000000 1547639623959956000

0.996352 -0.085340 0.000000 53.096225 0.085340 0.996352 0.000000 3.040403 0.000000 0.000000 1.000000 0.000000 1547639624211229000

0.996373 -0.085090 0.000000 55.380650 0.085090 0.996373 0.000000 3.210910 0.000000 0.000000 1.000000 0.000000 1547639624462301000

0.996475 -0.083889 0.000000 57.628088 0.083889 0.996475 0.000000 3.362850 0.000000 0.000000 1.000000 0.000000 1547639624713670000

0.996731 -0.080793 0.000000 59.892381 0.080793 0.996731 0.000000 3.542361 0.000000 0.000000 1.000000 0.000000 1547639624965956000

0.996938 -0.078198 0.000000 62.236008 0.078198 0.996938 0.000000 3.703316 0.000000 0.000000 1.000000 0.000000 1547639625219089000

0.997102 -0.076079 0.000000 64.526540 0.076079 0.997102 0.000000 3.806234 0.000000 0.000000 1.000000 0.000000 1547639625471364000

0.997285 -0.073634 0.000000 66.778541 0.073634 0.997285 0.000000 3.954755 0.000000 0.000000 1.000000 0.000000 1547639625721477000

0.997446 -0.071419 0.000000 69.086028 0.071419 0.997446 0.000000 4.098114 0.000000 0.000000 1.000000 0.000000 1547639625969630000

0.997735 -0.067261 0.000000 71.316303 0.067261 0.997735 0.000000 4.226400 0.000000 0.000000 1.000000 0.000000 1547639626217145000

0.997992 -0.063335 0.000000 73.551208 0.063335 0.997992 0.000000 4.299034 0.000000 0.000000 1.000000 0.000000 1547639626464524000

0.998108 -0.061482 0.000000 75.798961 0.061482 0.998108 0.000000 4.434793 0.000000 0.000000 1.000000 0.000000 1547639626711744000

0.998116 -0.061358 0.000000 78.099350 0.061358 0.998116 0.000000 4.593689 0.000000 0.000000 1.000000 0.000000 1547639626959777000

0.998111 -0.061432 0.000000 80.376829 0.061432 0.998111 0.000000 4.719974 0.000000 0.000000 1.000000 0.000000 1547639627208728000

0.997992 -0.063342 0.000000 82.632728 0.063342 0.997992 0.000000 4.791489 0.000000 0.000000 1.000000 0.000000 1547639627458748000

0.997828 -0.065875 0.000000 84.915671 0.065875 0.997828 0.000000 4.878467 0.000000 0.000000 1.000000 0.000000 1547639627709289000

0.997504 -0.070604 0.000000 87.258445 0.070604 0.997504 0.000000 5.022723 0.000000 0.000000 1.000000 0.000000 1547639627960438000

0.997144 -0.075524 0.000000 89.585162 0.075524 0.997144 0.000000 5.122552 0.000000 0.000000 1.000000 0.000000 1547639628212358000

0.996521 -0.083341 0.000000 91.969018 0.083341 0.996521 0.000000 5.351775 0.000000 0.000000 1.000000 0.000000 1547639628463340000

0.995921 -0.090235 0.000000 94.297216 0.090235 0.995921 0.000000 5.543052 0.000000 0.000000 1.000000 0.000000 1547639628714257000

0.995578 -0.093935 0.000000 96.699240 0.093935 0.995578 0.000000 5.722572 0.000000 0.000000 1.000000 0.000000 1547639628965991000

0.995461 -0.095167 0.000000 99.091895 0.095167 0.995461 0.000000 5.867781 0.000000 0.000000 1.000000 0.000000 1547639629217477000

0.995417 -0.095626 0.000000 101.470292 0.095626 0.995417 0.000000 6.058374 0.000000 0.000000 1.000000 0.000000 1547639629468193000

0.995370 -0.096113 0.000000 103.917116 0.096113 0.995370 0.000000 6.262556 0.000000 0.000000 1.000000 0.000000 1547639629719866000

0.995259 -0.097264 0.000000 106.396627 0.097264 0.995259 0.000000 6.486676 0.000000 0.000000 1.000000 0.000000 1547639629972717000

0.995167 -0.098200 0.000000 108.848679 0.098200 0.995167 0.000000 6.702357 0.000000 0.000000 1.000000 0.000000 1547639630226108000

0.995134 -0.098527 0.000000 111.323879 0.098527 0.995134 0.000000 6.915985 0.000000 0.000000 1.000000 0.000000 1547639630478450000

0.995069 -0.099181 0.000000 113.818407 0.099181 0.995069 0.000000 7.130120 0.000000 0.000000 1.000000 0.000000 1547639630728859000

0.994928 -0.100590 0.000000 116.257424 0.100590 0.994928 0.000000 7.326557 0.000000 0.000000 1.000000 0.000000 1547639630977691000

0.994971 -0.100167 0.000000 118.721659 0.100167 0.994971 0.000000 7.583761 0.000000 0.000000 1.000000 0.000000 1547639631225439000

0.994940 -0.100470 0.000000 121.208583 0.100470 0.994940 0.000000 7.762978 0.000000 0.000000 1.000000 0.000000 1547639631472640000

0.995021 -0.099669 0.000000 123.649573 0.099669 0.995021 0.000000 8.012747 0.000000 0.000000 1.000000 0.000000 1547639631719933000

0.994919 -0.100676 0.000000 126.126464 0.100676 0.994919 0.000000 8.248417 0.000000 0.000000 1.000000 0.000000 1547639631968168000

0.994897 -0.100893 0.000000 128.654502 0.100893 0.994897 0.000000 8.432002 0.000000 0.000000 1.000000 0.000000 1547639632217519000

0.995004 -0.099835 0.000000 131.160686 0.099835 0.995004 0.000000 8.702120 0.000000 0.000000 1.000000 0.000000 1547639632467793000

0.995052 -0.099358 0.000000 133.766292 0.099358 0.995052 0.000000 8.917632 0.000000 0.000000 1.000000 0.000000 1547639632718126000

0.995106 -0.098812 0.000000 136.252176 0.098812 0.995106 0.000000 9.118467 0.000000 0.000000 1.000000 0.000000 1547639632968594000

0.995080 -0.099078 0.000000 138.883013 0.099078 0.995080 0.000000 9.310895 0.000000 0.000000 1.000000 0.000000 1547639633220573000

0.994996 -0.099912 0.000000 141.419374 0.099912 0.994996 0.000000 9.543169 0.000000 0.000000 1.000000 0.000000 1547639633472693000

0.994888 -0.100987 0.000000 143.927094 0.100987 0.994888 0.000000 9.767852 0.000000 0.000000 1.000000 0.000000 1547639633723802000

0.994892 -0.100949 0.000000 146.434718 0.100949 0.994892 0.000000 10.042432 0.000000 0.000000 1.000000 0.000000 1547639633975161000

0.994808 -0.101771 0.000000 149.067907 0.101771 0.994808 0.000000 10.265605 0.000000 0.000000 1.000000 0.000000 1547639634227500000

0.994754 -0.102293 0.000000 151.570368 0.102293 0.994754 0.000000 10.524560 0.000000 0.000000 1.000000 0.000000 1547639634480714000

0.994698 -0.102836 0.000000 154.146310 0.102836 0.994698 0.000000 10.791818 0.000000 0.000000 1.000000 0.000000 1547639634734170000

0.994734 -0.102487 0.000000 156.701186 0.102487 0.994734 0.000000 11.010977 0.000000 0.000000 1.000000 0.000000 1547639634985708000

0.994690 -0.102913 0.000000 159.162755 0.102913 0.994690 0.000000 11.265102 0.000000 0.000000 1.000000 0.000000 1547639635235538000

0.994725 -0.102582 0.000000 161.590752 0.102582 0.994725 0.000000 11.471368 0.000000 0.000000 1.000000 0.000000 1547639635483899000

0.994770 -0.102140 0.000000 164.046726 0.102140 0.994770 0.000000 11.738145 0.000000 0.000000 1.000000 0.000000 1547639635731448000

0.994811 -0.101740 0.000000 166.492070 0.101740 0.994811 0.000000 11.969712 0.000000 0.000000 1.000000 0.000000 1547639635978856000

0.994868 -0.101181 0.000000 168.904114 0.101181 0.994868 0.000000 12.206199 0.000000 0.000000 1.000000 0.000000 1547639636226056000

0.994912 -0.100748 0.000000 171.311473 0.100748 0.994912 0.000000 12.394021 0.000000 0.000000 1.000000 0.000000 1547639636473975000

0.994741 -0.102418 0.000000 173.744476 0.102418 0.994741 0.000000 12.604795 0.000000 0.000000 1.000000 0.000000 1547639636722997000

0.994561 -0.104159 0.000000 176.165668 0.104159 0.994561 0.000000 12.875335 0.000000 0.000000 1.000000 0.000000 1547639636972979000

0.994271 -0.106890 0.000000 178.588831 0.106890 0.994271 0.000000 13.087899 0.000000 0.000000 1.000000 0.000000 1547639637223706000

0.994031 -0.109102 0.000000 180.954608 0.109102 0.994031 0.000000 13.303686 0.000000 0.000000 1.000000 0.000000 1547639637475714000

0.993760 -0.111536 0.000000 183.378500 0.111536 0.993760 0.000000 13.570083 0.000000 0.000000 1.000000 0.000000 1547639637727900000

0.993447 -0.114296 0.000000 185.773593 0.114296 0.993447 0.000000 13.809933 0.000000 0.000000 1.000000 0.000000 1547639637978770000

0.993335 -0.115261 0.000000 188.172209 0.115261 0.993335 0.000000 14.050706 0.000000 0.000000 1.000000 0.000000 1547639638229785000

0.993219 -0.116259 0.000000 190.606426 0.116259 0.993219 0.000000 14.329549 0.000000 0.000000 1.000000 0.000000 1547639638482341000

0.993093 -0.117328 0.000000 193.046716 0.117328 0.993093 0.000000 14.620067 0.000000 0.000000 1.000000 0.000000 1547639638735959000

0.993165 -0.116722 0.000000 195.473298 0.116722 0.993165 0.000000 14.898138 0.000000 0.000000 1.000000 0.000000 1547639638989485000

0.993345 -0.115176 0.000000 197.794410 0.115176 0.993345 0.000000 15.147802 0.000000 0.000000 1.000000 0.000000 1547639639241195000

0.993496 -0.113867 0.000000 200.138794 0.113867 0.993496 0.000000 15.396124 0.000000 0.000000 1.000000 0.000000 1547639639491070000

0.993765 -0.111492 0.000000 202.508712 0.111492 0.993765 0.000000 15.663545 0.000000 0.000000 1.000000 0.000000 1547639639739597000

0.994076 -0.108688 0.000000 204.821337 0.108688 0.994076 0.000000 15.902026 0.000000 0.000000 1.000000 0.000000 1547639639987641000

0.994475 -0.104971 0.000000 207.130694 0.104971 0.994475 0.000000 16.076147 0.000000 0.000000 1.000000 0.000000 1547639640235173000

0.994627 -0.103526 0.000000 209.408775 0.103526 0.994627 0.000000 16.274347 0.000000 0.000000 1.000000 0.000000 1547639640482491000

0.994626 -0.103531 0.000000 211.684022 0.103531 0.994626 0.000000 16.515901 0.000000 0.000000 1.000000 0.000000 1547639640730726000

0.994284 -0.106770 0.000000 213.942278 0.106770 0.994284 0.000000 16.674441 0.000000 0.000000 1.000000 0.000000 1547639640979640000

0.993575 -0.113180 0.000000 216.189498 0.113180 0.993575 0.000000 16.898821 0.000000 0.000000 1.000000 0.000000 1547639641229516000

0.992327 -0.123639 0.000000 218.413723 0.123639 0.992327 0.000000 17.097112 0.000000 0.000000 1.000000 0.000000 1547639641480393000

0.990461 -0.137793 0.000000 220.718347 0.137793 0.990461 0.000000 17.411604 0.000000 0.000000 1.000000 0.000000 1547639641731012000

0.988753 -0.149554 0.000000 223.004848 0.149554 0.988753 0.000000 17.735493 0.000000 0.000000 1.000000 0.000000 1547639641982841000

0.986863 -0.161559 0.000000 225.238695 0.161559 0.986863 0.000000 18.066857 0.000000 0.000000 1.000000 0.000000 1547639642234983000

0.985232 -0.171226 0.000000 227.399753 0.171226 0.985232 0.000000 18.370419 0.000000 0.000000 1.000000 0.000000 1547639642485871000

0.983736 -0.179621 0.000000 229.630282 0.179621 0.983736 0.000000 18.820948 0.000000 0.000000 1.000000 0.000000 1547639642736886000

0.982714 -0.185131 0.000000 231.985572 0.185131 0.982714 0.000000 19.240299 0.000000 0.000000 1.000000 0.000000 1547639642988184000

0.982089 -0.188416 0.000000 234.281434 0.188416 0.982089 0.000000 19.722902 0.000000 0.000000 1.000000 0.000000 1547639643239418000

0.981255 -0.192711 0.000000 236.472214 0.192711 0.981255 0.000000 20.068238 0.000000 0.000000 1.000000 0.000000 1547639643490521000

0.980356 -0.197236 0.000000 238.768342 0.197236 0.980356 0.000000 20.503635 0.000000 0.000000 1.000000 0.000000 1547639643742007000

0.979665 -0.200641 0.000000 241.113663 0.200641 0.979665 0.000000 20.933381 0.000000 0.000000 1.000000 0.000000 1547639643994860000

0.979130 -0.203233 0.000000 243.396313 0.203233 0.979130 0.000000 21.416206 0.000000 0.000000 1.000000 0.000000 1547639644248291000

0.978782 -0.204902 0.000000 245.694899 0.204902 0.978782 0.000000 21.844081 0.000000 0.000000 1.000000 0.000000 1547639644500092000

0.978516 -0.206169 0.000000 247.983482 0.206169 0.978516 0.000000 22.342650 0.000000 0.000000 1.000000 0.000000 1547639644750009000

0.977955 -0.208818 0.000000 250.268216 0.208818 0.977955 0.000000 22.804820 0.000000 0.000000 1.000000 0.000000 1547639644998706000

0.977649 -0.210242 0.000000 252.534870 0.210242 0.977649 0.000000 23.268974 0.000000 0.000000 1.000000 0.000000 1547639645246694000

0.977454 -0.211148 0.000000 254.794554 0.211148 0.977454 0.000000 23.710064 0.000000 0.000000 1.000000 0.000000 1547639645494427000

0.977069 -0.212924 0.000000 257.088146 0.212924 0.977069 0.000000 24.160831 0.000000 0.000000 1.000000 0.000000 1547639645741090000

0.976710 -0.214566 0.000000 259.392753 0.214566 0.976710 0.000000 24.682444 0.000000 0.000000 1.000000 0.000000 1547639645988532000

0.976159 -0.217059 0.000000 261.679811 0.217059 0.976159 0.000000 25.163768 0.000000 0.000000 1.000000 0.000000 1547639646237766000

0.975319 -0.220800 0.000000 263.949853 0.220800 0.975319 0.000000 25.661128 0.000000 0.000000 1.000000 0.000000 1547639646488240000

0.974111 -0.226068 0.000000 266.298895 0.226068 0.974111 0.000000 26.206973 0.000000 0.000000 1.000000 0.000000 1547639646738854000

0.972814 -0.231589 0.000000 268.502663 0.231589 0.972814 0.000000 26.772288 0.000000 0.000000 1.000000 0.000000 1547639646989084000

0.972208 -0.234117 0.000000 270.903059 0.234117 0.972208 0.000000 27.317921 0.000000 0.000000 1.000000 0.000000 1547639647240466000

0.971328 -0.237745 0.000000 273.297782 0.237745 0.971328 0.000000 27.855921 0.000000 0.000000 1.000000 0.000000 1547639647492357000

0.970279 -0.241990 0.000000 275.534764 0.241990 0.970279 0.000000 28.403993 0.000000 0.000000 1.000000 0.000000 1547639647743406000

0.969265 -0.246018 0.000000 277.863507 0.246018 0.969265 0.000000 29.004157 0.000000 0.000000 1.000000 0.000000 1547639647994329000

0.968646 -0.248445 0.000000 280.160732 0.248445 0.968646 0.000000 29.503669 0.000000 0.000000 1.000000 0.000000 1547639648245759000

0.968136 -0.250427 0.000000 282.428203 0.250427 0.968136 0.000000 30.128955 0.000000 0.000000 1.000000 0.000000 1547639648497055000

0.968989 -0.247105 0.000000 284.767874 0.247105 0.968989 0.000000 30.641394 0.000000 0.000000 1.000000 0.000000 1547639648748099000

0.971259 -0.238024 0.000000 287.091509 0.238024 0.971259 0.000000 31.158059 0.000000 0.000000 1.000000 0.000000 1547639649000502000

0.974327 -0.225139 0.000000 289.385473 0.225139 0.974327 0.000000 31.704354 0.000000 0.000000 1.000000 0.000000 1547639649254215000

0.976302 -0.216413 0.000000 291.729666 0.216413 0.976302 0.000000 32.143791 0.000000 0.000000 1.000000 0.000000 1547639649506833000

0.978207 -0.207634 0.000000 294.099442 0.207634 0.978207 0.000000 32.642034 0.000000 0.000000 1.000000 0.000000 1547639649757503000

0.980160 -0.198210 0.000000 296.479392 0.198210 0.980160 0.000000 33.092691 0.000000 0.000000 1.000000 0.000000 1547639650006385000

0.981474 -0.191595 0.000000 298.789544 0.191595 0.981474 0.000000 33.495493 0.000000 0.000000 1.000000 0.000000 1547639650253581000

0.982748 -0.184947 0.000000 301.125937 0.184947 0.982748 0.000000 33.915017 0.000000 0.000000 1.000000 0.000000 1547639650499970000

0.983769 -0.179438 0.000000 303.474621 0.179438 0.983769 0.000000 34.276709 0.000000 0.000000 1.000000 0.000000 1547639650746179000

0.984692 -0.174302 0.000000 305.843884 0.174302 0.984692 0.000000 34.678188 0.000000 0.000000 1.000000 0.000000 1547639650992603000

0.985119 -0.171872 0.000000 308.239636 0.171872 0.985119 0.000000 35.059725 0.000000 0.000000 1.000000 0.000000 1547639651240276000

0.985291 -0.170885 0.000000 310.666788 0.170885 0.985291 0.000000 35.482112 0.000000 0.000000 1.000000 0.000000 1547639651489424000

0.985446 -0.169989 0.000000 313.112840 0.169989 0.985446 0.000000 35.875424 0.000000 0.000000 1.000000 0.000000 1547639651739696000

0.985924 -0.167196 0.000000 315.642375 0.167196 0.985924 0.000000 36.247149 0.000000 0.000000 1.000000 0.000000 1547639651992011000

0.986523 -0.163620 0.000000 318.089591 0.163620 0.986523 0.000000 36.563962 0.000000 0.000000 1.000000 0.000000 1547639652245865000

0.987263 -0.159097 0.000000 320.609938 0.159097 0.987263 0.000000 36.925184 0.000000 0.000000 1.000000 0.000000 1547639652498508000

0.988042 -0.154183 0.000000 323.009673 0.154183 0.988042 0.000000 37.341533 0.000000 0.000000 1.000000 0.000000 1547639652750190000

0.989013 -0.147827 0.000000 325.470964 0.147827 0.989013 0.000000 37.638602 0.000000 0.000000 1.000000 0.000000 1547639653000575000

0.989930 -0.141555 0.000000 327.920435 0.141555 0.989930 0.000000 37.969393 0.000000 0.000000 1.000000 0.000000 1547639653249001000

0.990787 -0.135432 0.000000 330.288956 0.135432 0.990787 0.000000 38.286463 0.000000 0.000000 1.000000 0.000000 1547639653497723000

0.991547 -0.129750 0.000000 332.774076 0.129750 0.991547 0.000000 38.583036 0.000000 0.000000 1.000000 0.000000 1547639653748276000

0.992401 -0.123045 0.000000 335.124632 0.123045 0.992401 0.000000 38.812624 0.000000 0.000000 1.000000 0.000000 1547639653998982000

0.993204 -0.116388 0.000000 337.553400 0.116388 0.993204 0.000000 39.029398 0.000000 0.000000 1.000000 0.000000 1547639654248925000

0.994075 -0.108697 0.000000 339.981158 0.108697 0.994075 0.000000 39.253578 0.000000 0.000000 1.000000 0.000000 1547639654498668000

0.994688 -0.102940 0.000000 342.406918 0.102940 0.994688 0.000000 39.513270 0.000000 0.000000 1.000000 0.000000 1547639654748194000

0.995322 -0.096615 0.000000 344.821134 0.096615 0.995322 0.000000 39.753288 0.000000 0.000000 1.000000 0.000000 1547639654997345000

0.995798 -0.091579 0.000000 347.280163 0.091579 0.995798 0.000000 39.895725 0.000000 0.000000 1.000000 0.000000 1547639655246490000

0.996419 -0.084557 0.000000 349.681253 0.084557 0.996419 0.000000 40.071180 0.000000 0.000000 1.000000 0.000000 1547639655495143000

0.996814 -0.079767 0.000000 352.043138 0.079767 0.996814 0.000000 40.184066 0.000000 0.000000 1.000000 0.000000 1547639655743688000

0.997213 -0.074606 0.000000 354.394963 0.074606 0.997213 0.000000 40.318510 0.000000 0.000000 1.000000 0.000000 1547639655991414000

0.997792 -0.066417 0.000000 356.806120 0.066417 0.997792 0.000000 40.422861 0.000000 0.000000 1.000000 0.000000 1547639656238784000

0.998185 -0.060219 0.000000 359.208712 0.060219 0.998185 0.000000 40.516464 0.000000 0.000000 1.000000 0.000000 1547639656486653000

0.998532 -0.054157 0.000000 361.654019 0.054157 0.998532 0.000000 40.600359 0.000000 0.000000 1.000000 0.000000 1547639656736424000

0.998714 -0.050705 0.000000 364.118389 0.050705 0.998714 0.000000 40.741796 0.000000 0.000000 1.000000 0.000000 1547639656988064000

0.998859 -0.047761 0.000000 366.538757 0.047761 0.998859 0.000000 40.802641 0.000000 0.000000 1.000000 0.000000 1547639657239662000

0.998974 -0.045287 0.000000 368.976450 0.045287 0.998974 0.000000 40.827262 0.000000 0.000000 1.000000 0.000000 1547639657490452000

0.999014 -0.044394 0.000000 371.461370 0.044394 0.999014 0.000000 40.931289 0.000000 0.000000 1.000000 0.000000 1547639657741947000

0.999089 -0.042679 0.000000 373.884469 0.042679 0.999089 0.000000 40.986154 0.000000 0.000000 1.000000 0.000000 1547639657995296000

0.999078 -0.042937 0.000000 376.335908 0.042937 0.999078 0.000000 41.090215 0.000000 0.000000 1.000000 0.000000 1547639658248867000

0.999072 -0.043075 0.000000 378.798254 0.043075 0.999072 0.000000 41.188793 0.000000 0.000000 1.000000 0.000000 1547639658500715000

0.999055 -0.043472 0.000000 381.277640 0.043472 0.999055 0.000000 41.219275 0.000000 0.000000 1.000000 0.000000 1547639658750351000

0.999028 -0.044079 0.000000 383.694758 0.044079 0.999028 0.000000 41.335920 0.000000 0.000000 1.000000 0.000000 1547639658998322000

0.998922 -0.046415 0.000000 386.132654 0.046415 0.998922 0.000000 41.414066 0.000000 0.000000 1.000000 0.000000 1547639659245496000

0.998849 -0.047967 0.000000 388.576758 0.047967 0.998849 0.000000 41.500724 0.000000 0.000000 1.000000 0.000000 1547639659492669000

0.998698 -0.051020 0.000000 391.010473 0.051020 0.998698 0.000000 41.583157 0.000000 0.000000 1.000000 0.000000 1547639659739845000

0.998400 -0.056537 0.000000 393.470229 0.056537 0.998400 0.000000 41.714122 0.000000 0.000000 1.000000 0.000000 1547639659987746000

0.998072 -0.062073 0.000000 395.907435 0.062073 0.998072 0.000000 41.806142 0.000000 0.000000 1.000000 0.000000 1547639660237205000

0.997618 -0.068975 0.000000 398.376902 0.068975 0.997618 0.000000 41.872442 0.000000 0.000000 1.000000 0.000000 1547639660487495000

0.997303 -0.073399 0.000000 400.875959 0.073399 0.997303 0.000000 42.051040 0.000000 0.000000 1.000000 0.000000 1547639660738066000

0.996851 -0.079300 0.000000 403.400289 0.079300 0.996851 0.000000 42.236702 0.000000 0.000000 1.000000 0.000000 1547639660988401000

0.996424 -0.084489 0.000000 405.895323 0.084489 0.996424 0.000000 42.465405 0.000000 0.000000 1.000000 0.000000 1547639661239403000

0.995749 -0.092107 0.000000 408.392605 0.092107 0.995749 0.000000 42.643736 0.000000 0.000000 1.000000 0.000000 1547639661491451000

0.995133 -0.098542 0.000000 410.932606 0.098542 0.995133 0.000000 42.867130 0.000000 0.000000 1.000000 0.000000 1547639661743058000

0.994491 -0.104825 0.000000 413.454070 0.104825 0.994491 0.000000 43.097869 0.000000 0.000000 1.000000 0.000000 1547639661994255000

0.993859 -0.110656 0.000000 415.963709 0.110656 0.993859 0.000000 43.328270 0.000000 0.000000 1.000000 0.000000 1547639662245520000

0.993447 -0.114296 0.000000 418.531023 0.114296 0.993447 0.000000 43.589702 0.000000 0.000000 1.000000 0.000000 1547639662497021000

0.993080 -0.117440 0.000000 421.072414 0.117440 0.993080 0.000000 43.868506 0.000000 0.000000 1.000000 0.000000 1547639662748745000

0.992931 -0.118695 0.000000 423.576735 0.118695 0.992931 0.000000 44.112614 0.000000 0.000000 1.000000 0.000000 1547639663000368000

0.992795 -0.119826 0.000000 426.113550 0.119826 0.992795 0.000000 44.357132 0.000000 0.000000 1.000000 0.000000 1547639663252595000

0.992720 -0.120445 0.000000 428.697351 0.120445 0.992720 0.000000 44.652576 0.000000 0.000000 1.000000 0.000000 1547639663505867000

0.992768 -0.120053 0.000000 431.148402 0.120053 0.992768 0.000000 44.925125 0.000000 0.000000 1.000000 0.000000 1547639663758366000

0.992646 -0.121055 0.000000 433.595951 0.121055 0.992646 0.000000 45.174544 0.000000 0.000000 1.000000 0.000000 1547639664008671000

0.992807 -0.119727 0.000000 435.948039 0.119727 0.992807 0.000000 45.415330 0.000000 0.000000 1.000000 0.000000 1547639664257628000

0.992795 -0.119829 0.000000 438.298597 0.119829 0.992795 0.000000 45.664240 0.000000 0.000000 1.000000 0.000000 1547639664505342000

0.992795 -0.119829 0.000000 440.562412 0.119829 0.992795 0.000000 45.855958 0.000000 0.000000 1.000000 0.000000 1547639664752877000

0.992847 -0.119395 0.000000 442.752498 0.119395 0.992847 0.000000 46.118805 0.000000 0.000000 1.000000 0.000000 1547639665000296000

0.992915 -0.118827 0.000000 444.869567 0.118827 0.992915 0.000000 46.334671 0.000000 0.000000 1.000000 0.000000 1547639665248130000

0.993241 -0.116073 0.000000 446.919507 0.116073 0.993241 0.000000 46.545106 0.000000 0.000000 1.000000 0.000000 1547639665497400000

0.993573 -0.113191 0.000000 448.892218 0.113191 0.993573 0.000000 46.738174 0.000000 0.000000 1.000000 0.000000 1547639665748186000

0.994239 -0.107190 0.000000 450.762639 0.107190 0.994239 0.000000 46.889493 0.000000 0.000000 1.000000 0.000000 1547639665999283000

0.995145 -0.098419 0.000000 452.535234 0.098419 0.995145 0.000000 47.055237 0.000000 0.000000 1.000000 0.000000 1547639666249586000

0.996079 -0.088468 0.000000 454.243068 0.088468 0.996079 0.000000 47.164510 0.000000 0.000000 1.000000 0.000000 1547639666499663000

0.997526 -0.070294 0.000000 455.803463 0.070294 0.997526 0.000000 47.276842 0.000000 0.000000 1.000000 0.000000 1547639666750442000

0.999098 -0.042454 0.000000 457.366470 0.042454 0.999098 0.000000 47.300887 0.000000 0.000000 1.000000 0.000000 1547639667002782000

0.998847 0.048004 0.000000 460.189813 -0.048004 0.998847 -0.000000 47.151288 -0.000000 0.000000 1.000000 0.000000 1547639667506722000

0.986503 0.163741 0.000000 462.648314 -0.163741 0.986503 -0.000000 46.795038 -0.000000 0.000000 1.000000 0.000000 1547639668011286000

0.948859 0.315701 0.000000 464.925630 -0.315701 0.948859 -0.000000 46.097361 -0.000000 0.000000 1.000000 0.000000 1547639668512907000

0.915032 0.403381 0.000000 465.897310 -0.403381 0.915032 -0.000000 45.561638 -0.000000 0.000000 1.000000 0.000000 1547639668760917000

0.869575 0.493801 0.000000 466.789176 -0.493801 0.869575 -0.000000 44.925349 -0.000000 0.000000 1.000000 0.000000 1547639669008398000

0.809806 0.586697 0.000000 467.539721 -0.586697 0.809806 -0.000000 44.312086 -0.000000 0.000000 1.000000 0.000000 1547639669255588000

0.733468 0.679724 0.000000 468.237552 -0.679724 0.733468 -0.000000 43.532258 -0.000000 0.000000 1.000000 0.000000 1547639669502007000

0.643634 0.765333 0.000000 468.814145 -0.765333 0.643634 -0.000000 42.754568 -0.000000 0.000000 1.000000 0.000000 1547639669748872000

0.538085 0.842890 0.000000 469.246256 -0.842890 0.538085 -0.000000 41.891134 -0.000000 0.000000 1.000000 0.000000 1547639669997247000

0.421924 0.906631 0.000000 469.531637 -0.906631 0.421924 -0.000000 40.978236 -0.000000 0.000000 1.000000 0.000000 1547639670245992000

0.292813 0.956170 0.000000 469.707740 -0.956170 0.292813 -0.000000 40.057472 -0.000000 0.000000 1.000000 0.000000 1547639670495951000

0.152260 0.988340 0.000000 469.807659 -0.988340 0.152260 -0.000000 39.136403 -0.000000 0.000000 1.000000 0.000000 1547639670748986000

0.005913 0.999983 0.000000 469.694058 -0.999983 0.005913 -0.000000 38.122032 -0.000000 0.000000 1.000000 0.000000 1547639671003499000

-0.142376 0.989813 0.000000 469.495535 -0.989813 -0.142376 -0.000000 37.155055 -0.000000 0.000000 1.000000 0.000000 1547639671256850000

-0.287385 0.957815 0.000000 469.102352 -0.957815 -0.287385 -0.000000 36.088523 -0.000000 0.000000 1.000000 0.000000 1547639671509242000

-0.422406 0.906407 0.000000 468.570384 -0.906407 -0.422406 -0.000000 35.130120 -0.000000 0.000000 1.000000 0.000000 1547639671760905000

-0.538005 0.842942 0.000000 467.881755 -0.842942 -0.538005 0.000000 34.176174 0.000000 0.000000 1.000000 0.000000 1547639672010519000

-0.640875 0.767646 0.000000 467.042605 -0.767646 -0.640875 0.000000 33.411091 0.000000 0.000000 1.000000 0.000000 1547639672258981000

-0.729700 0.683768 0.000000 466.081432 -0.683768 -0.729700 0.000000 32.536953 0.000000 0.000000 1.000000 0.000000 1547639672508753000

-0.790827 0.612039 0.000000 465.080258 -0.612039 -0.790827 0.000000 31.660821 0.000000 0.000000 1.000000 0.000000 1547639672758822000

-0.848531 0.529145 0.000000 462.580306 -0.529145 -0.848531 0.000000 30.243178 0.000000 0.000000 1.000000 0.000000 1547639673257131000

-0.854471 0.519498 0.000000 461.221294 -0.519498 -0.854471 0.000000 29.556564 0.000000 0.000000 1.000000 0.000000 1547639673505698000

-0.858424 0.512940 0.000000 459.832472 -0.512940 -0.858424 0.000000 28.881793 0.000000 0.000000 1.000000 0.000000 1547639673753521000

-0.858778 0.512348 0.000000 458.377062 -0.512348 -0.858778 0.000000 28.051422 0.000000 0.000000 1.000000 0.000000 1547639674001326000

-0.859952 0.510374 0.000000 456.839191 -0.510374 -0.859952 0.000000 27.243044 0.000000 0.000000 1.000000 0.000000 1547639674248846000

-0.860871 0.508823 0.000000 455.259770 -0.508823 -0.860871 0.000000 26.374819 0.000000 0.000000 1.000000 0.000000 1547639674496495000

-0.861571 0.507637 0.000000 453.568915 -0.507637 -0.861571 0.000000 25.454256 0.000000 0.000000 1.000000 0.000000 1547639674745398000

-0.861719 0.507385 0.000000 451.906234 -0.507385 -0.861719 0.000000 24.482262 0.000000 0.000000 1.000000 0.000000 1547639674995099000

-0.862523 0.506019 0.000000 450.146659 -0.506019 -0.862523 0.000000 23.456091 0.000000 0.000000 1.000000 0.000000 1547639675245275000

-0.863356 0.504595 0.000000 448.278296 -0.504595 -0.863356 0.000000 22.417876 0.000000 0.000000 1.000000 0.000000 1547639675496342000

-0.863921 0.503627 0.000000 446.376625 -0.503627 -0.863921 0.000000 21.364581 0.000000 0.000000 1.000000 0.000000 1547639675748491000

-0.864206 0.503138 0.000000 444.461428 -0.503138 -0.864206 0.000000 20.247611 0.000000 0.000000 1.000000 0.000000 1547639676000332000

-0.865090 0.501617 0.000000 442.458957 -0.501617 -0.865090 0.000000 19.120117 0.000000 0.000000 1.000000 0.000000 1547639676251715000

-0.866033 0.499987 0.000000 440.428070 -0.499987 -0.866033 0.000000 18.007683 0.000000 0.000000 1.000000 0.000000 1547639676503346000

-0.867426 0.497566 0.000000 438.330314 -0.497566 -0.867426 0.000000 16.838946 0.000000 0.000000 1.000000 0.000000 1547639676754966000

-0.868709 0.495322 0.000000 436.238450 -0.495322 -0.868709 0.000000 15.702934 0.000000 0.000000 1.000000 0.000000 1547639677005908000

-0.871678 0.490078 0.000000 434.086560 -0.490078 -0.871678 0.000000 14.495341 0.000000 0.000000 1.000000 0.000000 1547639677257534000

-0.873467 0.486884 0.000000 431.909921 -0.486884 -0.873467 0.000000 13.299478 0.000000 0.000000 1.000000 0.000000 1547639677509676000

-0.875302 0.483577 0.000000 429.692786 -0.483577 -0.875302 0.000000 12.086161 0.000000 0.000000 1.000000 0.000000 1547639677762876000

-0.877670 0.479266 0.000000 427.442000 -0.479266 -0.877670 0.000000 10.892612 0.000000 0.000000 1.000000 0.000000 1547639678016448000

-0.879161 0.476526 0.000000 425.179385 -0.476526 -0.879161 0.000000 9.668377 0.000000 0.000000 1.000000 0.000000 1547639678268160000

-0.879907 0.475147 0.000000 422.916976 -0.475147 -0.879907 0.000000 8.486483 0.000000 0.000000 1.000000 0.000000 1547639678517848000

-0.880357 0.474311 0.000000 420.626318 -0.474311 -0.880357 0.000000 7.287883 0.000000 0.000000 1.000000 0.000000 1547639678766340000

-0.881148 0.472841 0.000000 418.355116 -0.472841 -0.881148 0.000000 6.091463 0.000000 0.000000 1.000000 0.000000 1547639679014225000

-0.882058 0.471140 0.000000 416.098531 -0.471140 -0.882058 0.000000 4.907728 0.000000 0.000000 1.000000 0.000000 1547639679261522000

-0.882754 0.469836 0.000000 413.837043 -0.469836 -0.882754 0.000000 3.733290 0.000000 0.000000 1.000000 0.000000 1547639679508491000

-0.883331 0.468750 0.000000 411.525709 -0.468750 -0.883331 0.000000 2.580465 0.000000 0.000000 1.000000 0.000000 1547639679755892000

-0.884205 0.467099 0.000000 409.256107 -0.467099 -0.884205 0.000000 1.366511 0.000000 0.000000 1.000000 0.000000 1547639680004669000

-0.885060 0.465478 0.000000 406.944509 -0.465478 -0.885060 0.000000 0.168179 0.000000 0.000000 1.000000 0.000000 1547639680254755000

-0.885529 0.464584 0.000000 404.585153 -0.464584 -0.885529 0.000000 -1.031009 0.000000 0.000000 1.000000 0.000000 1547639680506289000

-0.885513 0.464615 0.000000 402.304784 -0.464615 -0.885513 0.000000 -2.214875 0.000000 0.000000 1.000000 0.000000 1547639680758454000

-0.885643 0.464367 0.000000 399.989885 -0.464367 -0.885643 0.000000 -3.413953 0.000000 0.000000 1.000000 0.000000 1547639681009689000

-0.886085 0.463523 0.000000 397.689898 -0.463523 -0.886085 0.000000 -4.559233 0.000000 0.000000 1.000000 0.000000 1547639681260561000

-0.886447 0.462830 0.000000 395.392970 -0.462830 -0.886447 0.000000 -5.733916 0.000000 0.000000 1.000000 0.000000 1547639681511796000

-0.886954 0.461857 0.000000 393.106459 -0.461857 -0.886954 0.000000 -6.924190 0.000000 0.000000 1.000000 0.000000 1547639681762896000

-0.887731 0.460362 0.000000 390.811671 -0.460362 -0.887731 0.000000 -8.104723 0.000000 0.000000 1.000000 0.000000 1547639682014941000

-0.888273 0.459316 0.000000 388.499889 -0.459316 -0.888273 0.000000 -9.289455 0.000000 0.000000 1.000000 0.000000 1547639682268433000

-0.888758 0.458377 0.000000 386.190829 -0.458377 -0.888758 0.000000 -10.434598 0.000000 0.000000 1.000000 0.000000 1547639682521156000

-0.890136 0.455696 0.000000 383.900852 -0.455696 -0.890136 0.000000 -11.564614 0.000000 0.000000 1.000000 0.000000 1547639682771889000

-0.891318 0.453378 0.000000 381.581587 -0.453378 -0.891318 0.000000 -12.662862 0.000000 0.000000 1.000000 0.000000 1547639683020248000

-0.893919 0.448229 0.000000 379.321593 -0.448229 -0.893919 0.000000 -13.765667 0.000000 0.000000 1.000000 0.000000 1547639683267812000

-0.897029 0.441972 0.000000 377.046116 -0.441972 -0.897029 0.000000 -14.855608 0.000000 0.000000 1.000000 0.000000 1547639683515465000

-0.901130 0.433549 0.000000 374.814038 -0.433549 -0.901130 0.000000 -15.910532 0.000000 0.000000 1.000000 0.000000 1547639683762854000

-0.904331 0.426832 0.000000 372.531937 -0.426832 -0.904331 0.000000 -16.921306 0.000000 0.000000 1.000000 0.000000 1547639684011002000

-0.908020 0.418926 0.000000 370.251013 -0.418926 -0.908020 0.000000 -17.992543 0.000000 0.000000 1.000000 0.000000 1547639684260159000

-0.911681 0.410898 0.000000 367.951545 -0.410898 -0.911681 0.000000 -18.990358 0.000000 0.000000 1.000000 0.000000 1547639684510236000

-0.914984 0.403490 0.000000 365.628313 -0.403490 -0.914984 0.000000 -19.964848 0.000000 0.000000 1.000000 0.000000 1547639684760709000

-0.918075 0.396408 0.000000 363.320711 -0.396408 -0.918075 0.000000 -20.896644 0.000000 0.000000 1.000000 0.000000 1547639685011724000

-0.921796 0.387676 0.000000 361.004386 -0.387676 -0.921796 0.000000 -21.865940 0.000000 0.000000 1.000000 0.000000 1547639685263552000

-0.925735 0.378174 0.000000 358.681831 -0.378174 -0.925735 0.000000 -22.793018 0.000000 0.000000 1.000000 0.000000 1547639685515613000

-0.929258 0.369432 0.000000 356.337722 -0.369432 -0.929258 0.000000 -23.692835 0.000000 0.000000 1.000000 0.000000 1547639685767164000

-0.932330 0.361608 0.000000 353.992503 -0.361608 -0.932330 0.000000 -24.538344 0.000000 0.000000 1.000000 0.000000 1547639686018599000

-0.934810 0.355149 0.000000 351.641243 -0.355149 -0.934810 0.000000 -25.439995 0.000000 0.000000 1.000000 0.000000 1547639686270500000

-0.935365 0.353684 0.000000 349.272752 -0.353684 -0.935365 0.000000 -26.225511 0.000000 0.000000 1.000000 0.000000 1547639686521703000

-0.935862 0.352366 0.000000 346.947191 -0.352366 -0.935862 0.000000 -27.042727 0.000000 0.000000 1.000000 0.000000 1547639686772680000

-0.935139 0.354280 0.000000 344.626324 -0.354280 -0.935139 0.000000 -27.902674 0.000000 0.000000 1.000000 0.000000 1547639687024947000

-0.935056 0.354500 0.000000 342.271825 -0.354500 -0.935056 0.000000 -28.774279 0.000000 0.000000 1.000000 0.000000 1547639687278217000

-0.934821 0.355120 0.000000 339.946748 -0.355120 -0.934821 0.000000 -29.661737 0.000000 0.000000 1.000000 0.000000 1547639687530771000

-0.933826 0.357727 0.000000 337.609034 -0.357727 -0.933826 0.000000 -30.490965 0.000000 0.000000 1.000000 0.000000 1547639687781095000

-0.931948 0.362591 0.000000 335.330530 -0.362591 -0.931948 0.000000 -31.399297 0.000000 0.000000 1.000000 0.000000 1547639688029067000

-0.930166 0.367138 0.000000 333.051199 -0.367138 -0.930166 0.000000 -32.245430 0.000000 0.000000 1.000000 0.000000 1547639688276568000

-0.928354 0.371697 0.000000 330.707711 -0.371697 -0.928354 0.000000 -33.147047 0.000000 0.000000 1.000000 0.000000 1547639688523901000

-0.926433 0.376461 0.000000 328.440722 -0.376461 -0.926433 0.000000 -34.065543 0.000000 0.000000 1.000000 0.000000 1547639688771090000

-0.924715 0.380660 0.000000 326.097082 -0.380660 -0.924715 0.000000 -34.992277 0.000000 0.000000 1.000000 0.000000 1547639689019335000

-0.922976 0.384858 0.000000 323.752689 -0.384858 -0.922976 0.000000 -35.948167 0.000000 0.000000 1.000000 0.000000 1547639689268956000

-0.921249 0.388974 0.000000 321.424660 -0.388974 -0.921249 0.000000 -36.914664 0.000000 0.000000 1.000000 0.000000 1547639689519212000

-0.919335 0.393476 0.000000 319.069613 -0.393476 -0.919335 0.000000 -37.877266 0.000000 0.000000 1.000000 0.000000 1547639689769515000

-0.917491 0.397756 0.000000 316.715975 -0.397756 -0.917491 0.000000 -38.822922 0.000000 0.000000 1.000000 0.000000 1547639690019814000

-0.916734 0.399499 0.000000 314.337955 -0.399499 -0.916734 0.000000 -39.831834 0.000000 0.000000 1.000000 0.000000 1547639690271493000

-0.915510 0.402296 0.000000 311.955136 -0.402296 -0.915510 0.000000 -40.858617 0.000000 0.000000 1.000000 0.000000 1547639690523420000

-0.915371 0.402611 0.000000 309.673370 -0.402611 -0.915371 0.000000 -41.855893 0.000000 0.000000 1.000000 0.000000 1547639690774611000

-0.915228 0.402937 0.000000 307.326690 -0.402937 -0.915228 0.000000 -42.906483 0.000000 0.000000 1.000000 0.000000 1547639691026324000

-0.914451 0.404698 0.000000 304.962119 -0.404698 -0.914451 0.000000 -43.908054 0.000000 0.000000 1.000000 0.000000 1547639691278789000

-0.914074 0.405547 0.000000 302.591056 -0.405547 -0.914074 0.000000 -44.926689 0.000000 0.000000 1.000000 0.000000 1547639691531090000

-0.912465 0.409155 0.000000 300.302227 -0.409155 -0.912465 0.000000 -45.938084 0.000000 0.000000 1.000000 0.000000 1547639691782660000

-0.911005 0.412394 0.000000 297.989381 -0.412394 -0.911005 0.000000 -46.964969 0.000000 0.000000 1.000000 0.000000 1547639692032810000

-0.909983 0.414646 0.000000 295.704469 -0.414646 -0.909983 0.000000 -47.957287 0.000000 0.000000 1.000000 0.000000 1547639692281891000

-0.909107 0.416562 0.000000 293.444039 -0.416562 -0.909107 0.000000 -48.938547 0.000000 0.000000 1.000000 0.000000 1547639692530888000

-0.907769 0.419471 0.000000 291.183180 -0.419471 -0.907769 0.000000 -49.967395 0.000000 0.000000 1.000000 0.000000 1547639692780257000

-0.906493 0.422221 0.000000 288.821878 -0.422221 -0.906493 0.000000 -50.924832 0.000000 0.000000 1.000000 0.000000 1547639693029459000

-0.906083 0.423099 0.000000 286.647931 -0.423099 -0.906083 0.000000 -51.900814 0.000000 0.000000 1.000000 0.000000 1547639693277637000

-0.905037 0.425332 0.000000 284.370479 -0.425332 -0.905037 0.000000 -52.997963 0.000000 0.000000 1.000000 0.000000 1547639693525711000

-0.904419 0.426645 0.000000 282.103673 -0.426645 -0.904419 0.000000 -54.024799 0.000000 0.000000 1.000000 0.000000 1547639693774090000

