0.999620 0.027549 0.000000 7.166658 -0.027549 0.999620 -0.000000 -0.183857 -0.000000 0.000000 1.000000 0.000000
0.999316 0.036989 0.000000 9.173549 -0.036989 0.999316 -0.000000 -0.264935 -0.000000 0.000000 1.000000 0.000000
0.999007 0.044557 0.000000 11.315011 -0.044557 0.999007 -0.000000 -0.375379 -0.000000 0.000000 1.000000 0.000000
0.998809 0.048794 0.000000 13.678978 -0.048794 0.998809 -0.000000 -0.469224 -0.000000 0.000000 1.000000 0.000000
0.998910 0.046669 0.000000 16.229399 -0.046669 0.998910 -0.000000 -0.585946 -0.000000 0.000000 1.000000 0.000000
0.999018 0.044307 0.000000 18.985843 -0.044307 0.999018 -0.000000 -0.703429 -0.000000 0.000000 1.000000 0.000000
0.999098 0.042471 0.000000 21.876739 -0.042471 0.999098 -0.000000 -0.880653 -0.000000 0.000000 1.000000 0.000000
0.999078 0.042931 0.000000 24.938197 -0.042931 0.999078 -0.000000 -1.042818 -0.000000 0.000000 1.000000 0.000000
0.999204 0.039900 0.000000 26.616218 -0.039900 0.999204 -0.000000 -1.029041 -0.000000 0.000000 1.000000 0.000000
0.999398 0.034699 0.000000 28.328357 -0.034699 0.999398 -0.000000 -1.096690 -0.000000 0.000000 1.000000 0.000000
0.999422 0.033997 0.000000 30.069658 -0.033997 0.999422 -0.000000 -1.223484 -0.000000 0.000000 1.000000 0.000000
0.999519 0.031009 0.000000 31.877269 -0.031009 0.999519 -0.000000 -1.230732 -0.000000 0.000000 1.000000 0.000000
0.999560 0.029669 0.000000 33.790659 -0.029669 0.999560 -0.000000 -1.268560 -0.000000 0.000000 1.000000 0.000000
0.999559 0.029701 0.000000 35.711078 -0.029701 0.999559 -0.000000 -1.363182 -0.000000 0.000000 1.000000 0.000000
0.999542 0.030253 0.000000 37.671765 -0.030253 0.999542 -0.000000 -1.452428 -0.000000 0.000000 1.000000 0.000000
0.999616 0.027721 0.000000 39.732663 -0.027721 0.999616 -0.000000 -1.508826 -0.000000 0.000000 1.000000 0.000000
0.999720 0.023665 0.000000 41.835653 -0.023665 0.999720 -0.000000 -1.544014 -0.000000 0.000000 1.000000 0.000000
0.999804 0.019819 0.000000 43.959459 -0.019819 0.999804 -0.000000 -1.588379 -0.000000 0.000000 1.000000 0.000000
0.999854 0.017071 0.000000 46.185653 -0.017071 0.999854 -0.000000 -1.601884 -0.000000 0.000000 1.000000 0.000000
0.999908 0.013588 0.000000 48.419291 -0.013588 0.999908 -0.000000 -1.622967 -0.000000 0.000000 1.000000 0.000000
0.999958 0.009204 0.000000 50.659658 -0.009204 0.999958 -0.000000 -1.669091 -0.000000 0.000000 1.000000 0.000000
0.999989 0.004691 0.000000 52.874414 -0.004691 0.999989 -0.000000 -1.619884 -0.000000 0.000000 1.000000 0.000000
1.000000 -0.000771 0.000000 55.062695 0.000771 1.000000 0.000000 -1.636654 0.000000 0.000000 1.000000 0.000000
0.999989 -0.004687 0.000000 57.223655 0.004687 0.999989 0.000000 -1.635794 0.000000 0.000000 1.000000 0.000000
0.999949 -0.010057 0.000000 59.390841 0.010057 0.999949 0.000000 -1.606606 0.000000 0.000000 1.000000 0.000000
0.999901 -0.014065 0.000000 61.530906 0.014065 0.999901 0.000000 -1.569686 0.000000 0.000000 1.000000 0.000000
0.999850 -0.017333 0.000000 63.633426 0.017333 0.999850 0.000000 -1.489536 0.000000 0.000000 1.000000 0.000000
0.999810 -0.019512 0.000000 65.780151 0.019512 0.999810 0.000000 -1.452314 0.000000 0.000000 1.000000 0.000000
0.999764 -0.021716 0.000000 67.909165 0.021716 0.999764 0.000000 -1.420028 0.000000 0.000000 1.000000 0.000000
0.999702 -0.024402 0.000000 69.994690 0.024402 0.999702 0.000000 -1.374553 0.000000 0.000000 1.000000 0.000000
0.999670 -0.025680 0.000000 72.058284 0.025680 0.999670 0.000000 -1.311071 0.000000 0.000000 1.000000 0.000000
0.999572 -0.029262 0.000000 74.089994 0.029262 0.999572 0.000000 -1.263693 0.000000 0.000000 1.000000 0.000000
0.999530 -0.030660 0.000000 76.178780 0.030660 0.999530 0.000000 -1.195819 0.000000 0.000000 1.000000 0.000000
0.999280 -0.037953 0.000000 78.261274 0.037953 0.999280 0.000000 -1.193543 0.000000 0.000000 1.000000 0.000000
0.999110 -0.042173 0.000000 80.387894 0.042173 0.999110 0.000000 -1.090484 0.000000 0.000000 1.000000 0.000000
0.998998 -0.044752 0.000000 82.428528 0.044752 0.998998 0.000000 -0.877065 0.000000 0.000000 1.000000 0.000000
0.998814 -0.048684 0.000000 84.509965 0.048684 0.998814 0.000000 -0.795378 0.000000 0.000000 1.000000 0.000000
0.998610 -0.052702 0.000000 86.651465 0.052702 0.998610 0.000000 -0.719031 0.000000 0.000000 1.000000 0.000000
0.998424 -0.056115 0.000000 88.821996 0.056115 0.998424 0.000000 -0.581461 0.000000 0.000000 1.000000 0.000000
0.998265 -0.058878 0.000000 90.962981 0.058878 0.998265 0.000000 -0.450235 0.000000 0.000000 1.000000 0.000000
0.998161 -0.060620 0.000000 93.130284 0.060620 0.998161 0.000000 -0.314371 0.000000 0.000000 1.000000 0.000000
0.998083 -0.061883 0.000000 95.327659 0.061883 0.998083 0.000000 -0.183179 0.000000 0.000000 1.000000 0.000000
0.997978 -0.063554 0.000000 97.487740 0.063554 0.997978 0.000000 -0.016692 0.000000 0.000000 1.000000 0.000000
0.997706 -0.067699 0.000000 99.725719 0.067699 0.997706 0.000000 0.167349 0.000000 0.000000 1.000000 0.000000
0.997484 -0.070896 0.000000 101.952383 0.070896 0.997484 0.000000 0.330628 0.000000 0.000000 1.000000 0.000000
0.997281 -0.073689 0.000000 104.209698 0.073689 0.997281 0.000000 0.487688 0.000000 0.000000 1.000000 0.000000
0.997081 -0.076345 0.000000 106.447121 0.076345 0.997081 0.000000 0.709366 0.000000 0.000000 1.000000 0.000000
0.996995 -0.077467 0.000000 108.740105 0.077467 0.996995 0.000000 0.879173 0.000000 0.000000 1.000000 0.000000
0.996927 -0.078335 0.000000 111.013340 0.078335 0.996927 0.000000 1.047525 0.000000 0.000000 1.000000 0.000000
0.997106 -0.076021 0.000000 113.328420 0.076021 0.997106 0.000000 1.246200 0.000000 0.000000 1.000000 0.000000
0.997276 -0.073761 0.000000 115.608570 0.073761 0.997276 0.000000 1.391029 0.000000 0.000000 1.000000 0.000000
0.997369 -0.072487 0.000000 117.919714 0.072487 0.997369 0.000000 1.571961 0.000000 0.000000 1.000000 0.000000
0.997483 -0.070900 0.000000 120.242589 0.070900 0.997483 0.000000 1.758701 0.000000 0.000000 1.000000 0.000000
0.997571 -0.069650 0.000000 122.488896 0.069650 0.997571 0.000000 1.916479 0.000000 0.000000 1.000000 0.000000
0.997593 -0.069344 0.000000 124.746295 0.069344 0.997593 0.000000 2.077475 0.000000 0.000000 1.000000 0.000000
0.997625 -0.068886 0.000000 126.991402 0.068886 0.997625 0.000000 2.218837 0.000000 0.000000 1.000000 0.000000
0.997604 -0.069187 0.000000 129.195362 0.069187 0.997604 0.000000 2.381261 0.000000 0.000000 1.000000 0.000000
0.997613 -0.069049 0.000000 131.350238 0.069049 0.997613 0.000000 2.503800 0.000000 0.000000 1.000000 0.000000
0.997657 -0.068418 0.000000 133.436952 0.068418 0.997657 0.000000 2.639751 0.000000 0.000000 1.000000 0.000000
0.997697 -0.067827 0.000000 135.687186 0.067827 0.997697 0.000000 2.815195 0.000000 0.000000 1.000000 0.000000
0.997387 -0.072246 0.000000 137.865147 0.072246 0.997387 0.000000 3.050851 0.000000 0.000000 1.000000 0.000000
0.997125 -0.075780 0.000000 140.001086 0.075780 0.997125 0.000000 3.198611 0.000000 0.000000 1.000000 0.000000
0.996853 -0.079269 0.000000 142.261427 0.079269 0.996853 0.000000 3.386836 0.000000 0.000000 1.000000 0.000000
0.996628 -0.082057 0.000000 144.489401 0.082057 0.996628 0.000000 3.584762 0.000000 0.000000 1.000000 0.000000
0.996363 -0.085206 0.000000 146.711314 0.085206 0.996363 0.000000 3.752732 0.000000 0.000000 1.000000 0.000000
0.996061 -0.088668 0.000000 148.983450 0.088668 0.996061 0.000000 3.998498 0.000000 0.000000 1.000000 0.000000
0.995629 -0.093394 0.000000 151.240000 0.093394 0.995629 0.000000 4.195396 0.000000 0.000000 1.000000 0.000000
0.995201 -0.097856 0.000000 153.498795 0.097856 0.995201 0.000000 4.426679 0.000000 0.000000 1.000000 0.000000
0.994745 -0.102388 0.000000 155.783629 0.102388 0.994745 0.000000 4.659427 0.000000 0.000000 1.000000 0.000000
0.994312 -0.106502 0.000000 158.077291 0.106502 0.994312 0.000000 4.873929 0.000000 0.000000 1.000000 0.000000
0.993866 -0.110595 0.000000 160.348538 0.110595 0.993866 0.000000 5.106738 0.000000 0.000000 1.000000 0.000000
0.993634 -0.112654 0.000000 162.667370 0.112654 0.993634 0.000000 5.424896 0.000000 0.000000 1.000000 0.000000
0.993405 -0.114656 0.000000 164.992882 0.114656 0.993405 0.000000 5.672591 0.000000 0.000000 1.000000 0.000000
0.992904 -0.118916 0.000000 167.279899 0.118916 0.992904 0.000000 5.976526 0.000000 0.000000 1.000000 0.000000
0.992343 -0.123515 0.000000 169.619881 0.123515 0.992343 0.000000 6.282373 0.000000 0.000000 1.000000 0.000000
0.991845 -0.127452 0.000000 171.935138 0.127452 0.991845 0.000000 6.555535 0.000000 0.000000 1.000000 0.000000
0.991149 -0.132753 0.000000 174.282893 0.132753 0.991149 0.000000 6.897716 0.000000 0.000000 1.000000 0.000000
0.990622 -0.136632 0.000000 176.654562 0.136632 0.990622 0.000000 7.234738 0.000000 0.000000 1.000000 0.000000
0.990011 -0.140990 0.000000 178.953545 0.140990 0.990011 0.000000 7.549060 0.000000 0.000000 1.000000 0.000000
0.989558 -0.144138 0.000000 181.395793 0.144138 0.989558 0.000000 7.897087 0.000000 0.000000 1.000000 0.000000
0.989066 -0.147472 0.000000 183.790567 0.147472 0.989066 0.000000 8.305685 0.000000 0.000000 1.000000 0.000000
0.988543 -0.150938 0.000000 186.181318 0.150938 0.988543 0.000000 8.655745 0.000000 0.000000 1.000000 0.000000
0.987952 -0.154763 0.000000 188.604221 0.154763 0.987952 0.000000 9.052701 0.000000 0.000000 1.000000 0.000000
0.987168 -0.159685 0.000000 190.940896 0.159685 0.987168 0.000000 9.447143 0.000000 0.000000 1.000000 0.000000
0.986265 -0.165170 0.000000 193.366488 0.165170 0.986265 0.000000 9.861779 0.000000 0.000000 1.000000 0.000000
0.985176 -0.171549 0.000000 195.696177 0.171549 0.985176 0.000000 10.280166 0.000000 0.000000 1.000000 0.000000
0.984467 -0.175570 0.000000 198.001192 0.175570 0.984467 0.000000 10.699626 0.000000 0.000000 1.000000 0.000000
0.983279 -0.182106 0.000000 200.265352 0.182106 0.983279 0.000000 11.152787 0.000000 0.000000 1.000000 0.000000
0.982459 -0.186478 0.000000 202.492554 0.186478 0.982459 0.000000 11.581587 0.000000 0.000000 1.000000 0.000000
0.981582 -0.191043 0.000000 204.706750 0.191043 0.981582 0.000000 12.046228 0.000000 0.000000 1.000000 0.000000
0.980663 -0.195706 0.000000 206.885624 0.195706 0.980663 0.000000 12.421227 0.000000 0.000000 1.000000 0.000000
0.979555 -0.201174 0.000000 209.115402 0.201174 0.979555 0.000000 12.934988 0.000000 0.000000 1.000000 0.000000
0.978437 -0.206545 0.000000 211.322042 0.206545 0.978437 0.000000 13.384911 0.000000 0.000000 1.000000 0.000000
0.977228 -0.212190 0.000000 213.465571 0.212190 0.977228 0.000000 13.837183 0.000000 0.000000 1.000000 0.000000
0.976429 -0.215838 0.000000 215.722750 0.215838 0.976429 0.000000 14.335999 0.000000 0.000000 1.000000 0.000000
0.975588 -0.219610 0.000000 217.940247 0.219610 0.975588 0.000000 14.837819 0.000000 0.000000 1.000000 0.000000
0.975131 -0.221628 0.000000 220.184552 0.221628 0.975131 0.000000 15.408998 0.000000 0.000000 1.000000 0.000000
0.974645 -0.223758 0.000000 222.446721 0.223758 0.974645 0.000000 15.941044 0.000000 0.000000 1.000000 0.000000
0.973900 -0.226978 0.000000 224.731746 0.226978 0.973900 0.000000 16.433362 0.000000 0.000000 1.000000 0.000000
0.973316 -0.229467 0.000000 226.966529 0.229467 0.973316 0.000000 17.059074 0.000000 0.000000 1.000000 0.000000
0.972711 -0.232021 0.000000 229.229916 0.232021 0.972711 0.000000 17.568259 0.000000 0.000000 1.000000 0.000000
0.971776 -0.235906 0.000000 231.514092 0.235906 0.971776 0.000000 18.156421 0.000000 0.000000 1.000000 0.000000
0.970905 -0.239466 0.000000 233.792525 0.239466 0.970905 0.000000 18.691298 0.000000 0.000000 1.000000 0.000000
0.969557 -0.244864 0.000000 236.062587 0.244864 0.969557 0.000000 19.302145 0.000000 0.000000 1.000000 0.000000
0.968578 -0.248712 0.000000 238.326448 0.248712 0.968578 0.000000 19.827007 0.000000 0.000000 1.000000 0.000000
0.967442 -0.253092 0.000000 240.634251 0.253092 0.967442 0.000000 20.502048 0.000000 0.000000 1.000000 0.000000
0.965994 -0.258564 0.000000 242.915394 0.258564 0.965994 0.000000 21.134023 0.000000 0.000000 1.000000 0.000000
0.964786 -0.263037 0.000000 245.290613 0.263037 0.964786 0.000000 21.759643 0.000000 0.000000 1.000000 0.000000
0.963119 -0.269077 0.000000 247.641739 0.269077 0.963119 0.000000 22.436253 0.000000 0.000000 1.000000 0.000000
0.962163 -0.272476 0.000000 249.955867 0.272476 0.962163 0.000000 23.090681 0.000000 0.000000 1.000000 0.000000
0.960672 -0.277684 0.000000 252.355540 0.277684 0.960672 0.000000 23.777910 0.000000 0.000000 1.000000 0.000000
0.959415 -0.281997 0.000000 254.700942 0.281997 0.959415 0.000000 24.453453 0.000000 0.000000 1.000000 0.000000
0.958055 -0.286584 0.000000 257.100596 0.286584 0.958055 0.000000 25.123034 0.000000 0.000000 1.000000 0.000000
0.956923 -0.290341 0.000000 259.464088 0.290341 0.956923 0.000000 25.882758 0.000000 0.000000 1.000000 0.000000
0.956215 -0.292664 0.000000 261.855294 0.292664 0.956215 0.000000 26.614866 0.000000 0.000000 1.000000 0.000000
0.955432 -0.295213 0.000000 264.227716 0.295213 0.955432 0.000000 27.410132 0.000000 0.000000 1.000000 0.000000
0.954416 -0.298478 0.000000 266.564511 0.298478 0.954416 0.000000 28.133320 0.000000 0.000000 1.000000 0.000000
0.953247 -0.302192 0.000000 268.933201 0.302192 0.953247 0.000000 28.882857 0.000000 0.000000 1.000000 0.000000
0.952567 -0.304329 0.000000 271.170099 0.304329 0.952567 0.000000 29.623175 0.000000 0.000000 1.000000 0.000000
0.951842 -0.306589 0.000000 273.486437 0.306589 0.951842 0.000000 30.365365 0.000000 0.000000 1.000000 0.000000
0.950979 -0.309255 0.000000 275.734439 0.309255 0.950979 0.000000 31.100337 0.000000 0.000000 1.000000 0.000000
0.950434 -0.310927 0.000000 278.011125 0.310927 0.950434 0.000000 31.838283 0.000000 0.000000 1.000000 0.000000
0.949694 -0.313181 0.000000 280.212241 0.313181 0.949694 0.000000 32.554546 0.000000 0.000000 1.000000 0.000000
0.949113 -0.314935 0.000000 282.354340 0.314935 0.949113 0.000000 33.298616 0.000000 0.000000 1.000000 0.000000
0.948301 -0.317371 0.000000 284.497170 0.317371 0.948301 0.000000 34.011340 0.000000 0.000000 1.000000 0.000000
0.947164 -0.320749 0.000000 286.641607 0.320749 0.947164 0.000000 34.720078 0.000000 0.000000 1.000000 0.000000
0.946245 -0.323451 0.000000 288.651731 0.323451 0.946245 0.000000 35.428080 0.000000 0.000000 1.000000 0.000000
0.945076 -0.326852 0.000000 290.610069 0.326852 0.945076 0.000000 36.036612 0.000000 0.000000 1.000000 0.000000
0.943756 -0.330643 0.000000 292.505197 0.330643 0.943756 0.000000 36.758644 0.000000 0.000000 1.000000 0.000000
0.941769 -0.336260 0.000000 294.352280 0.336260 0.941769 0.000000 37.353529 0.000000 0.000000 1.000000 0.000000
0.939897 -0.341457 0.000000 296.169540 0.341457 0.939897 0.000000 38.060518 0.000000 0.000000 1.000000 0.000000
0.937289 -0.348552 0.000000 298.011606 0.348552 0.937289 0.000000 38.733415 0.000000 0.000000 1.000000 0.000000
0.935319 -0.353805 0.000000 299.799169 0.353805 0.935319 0.000000 39.330826 0.000000 0.000000 1.000000 0.000000
0.932884 -0.360176 0.000000 301.436457 0.360176 0.932884 0.000000 39.966819 0.000000 0.000000 1.000000 0.000000
0.931564 -0.363576 0.000000 303.232574 0.363576 0.931564 0.000000 40.644268 0.000000 0.000000 1.000000 0.000000
0.930112 -0.367276 0.000000 304.868937 0.367276 0.930112 0.000000 41.334719 0.000000 0.000000 1.000000 0.000000
0.929618 -0.368525 0.000000 306.521052 0.368525 0.929618 0.000000 41.972850 0.000000 0.000000 1.000000 0.000000
0.928922 -0.370277 0.000000 308.123456 0.370277 0.928922 0.000000 42.638421 0.000000 0.000000 1.000000 0.000000
0.929414 -0.369038 0.000000 309.700726 0.369038 0.929414 0.000000 43.245271 0.000000 0.000000 1.000000 0.000000
0.932595 -0.360924 0.000000 311.232700 0.360924 0.932595 0.000000 43.798621 0.000000 0.000000 1.000000 0.000000
0.937446 -0.348132 0.000000 312.667456 0.348132 0.937446 0.000000 44.333845 0.000000 0.000000 1.000000 0.000000
0.957475 -0.288516 0.000000 315.393727 0.288516 0.957475 0.000000 45.180543 0.000000 0.000000 1.000000 0.000000
0.986314 -0.164877 0.000000 317.932894 0.164877 0.986314 0.000000 45.471062 0.000000 0.000000 1.000000 0.000000
0.999996 0.002717 0.000000 320.157258 -0.002717 0.999996 -0.000000 45.374592 -0.000000 0.000000 1.000000 0.000000
0.994549 0.104272 0.000000 321.192205 -0.104272 0.994549 -0.000000 45.159623 -0.000000 0.000000 1.000000 0.000000
0.976021 0.217676 0.000000 322.250854 -0.217676 0.976021 -0.000000 44.805010 -0.000000 0.000000 1.000000 0.000000
0.941681 0.336508 0.000000 323.194376 -0.336508 0.941681 -0.000000 44.360174 -0.000000 0.000000 1.000000 0.000000
0.886870 0.462019 0.000000 324.059733 -0.462019 0.886870 -0.000000 43.676459 -0.000000 0.000000 1.000000 0.000000
0.811521 0.584323 0.000000 324.788167 -0.584323 0.811521 -0.000000 43.095661 -0.000000 0.000000 1.000000 0.000000
0.718381 0.695650 0.000000 325.427727 -0.695650 0.718381 -0.000000 42.212422 -0.000000 0.000000 1.000000 0.000000
0.606754 0.794890 0.000000 325.956537 -0.794890 0.606754 -0.000000 41.258919 -0.000000 0.000000 1.000000 0.000000
0.486206 0.873844 0.000000 326.302343 -0.873844 0.486206 -0.000000 40.260968 -0.000000 0.000000 1.000000 0.000000
0.363501 0.931594 0.000000 326.598962 -0.931594 0.363501 -0.000000 39.166369 -0.000000 0.000000 1.000000 0.000000
0.250143 0.968209 0.000000 326.748045 -0.968209 0.250143 -0.000000 38.059946 -0.000000 0.000000 1.000000 0.000000
0.164506 0.986376 0.000000 326.776631 -0.986376 0.164506 -0.000000 36.941314 -0.000000 0.000000 1.000000 0.000000
0.095011 0.995476 0.000000 327.178550 -0.995476 0.095011 -0.000000 34.188879 -0.000000 0.000000 1.000000 0.000000
0.071345 0.997452 0.000000 327.569295 -0.997452 0.071345 -0.000000 31.305150 -0.000000 0.000000 1.000000 0.000000
0.056072 0.998427 0.000000 327.667882 -0.998427 0.056072 -0.000000 28.355199 -0.000000 0.000000 1.000000 0.000000
0.059277 0.998242 0.000000 327.759416 -0.998242 0.059277 -0.000000 26.744287 -0.000000 0.000000 1.000000 0.000000
0.065521 0.997851 0.000000 327.913487 -0.997851 0.065521 -0.000000 25.089260 -0.000000 0.000000 1.000000 0.000000
0.068465 0.997653 0.000000 328.030679 -0.997653 0.068465 -0.000000 23.440017 -0.000000 0.000000 1.000000 0.000000
0.066900 0.997760 0.000000 328.136734 -0.997760 0.066900 -0.000000 21.712382 -0.000000 0.000000 1.000000 0.000000
0.067228 0.997738 0.000000 328.296483 -0.997738 0.067228 -0.000000 20.004201 -0.000000 0.000000 1.000000 0.000000
0.066556 0.997783 0.000000 328.402498 -0.997783 0.066556 -0.000000 18.160305 -0.000000 0.000000 1.000000 0.000000
0.066858 0.997762 0.000000 328.481532 -0.997762 0.066858 -0.000000 16.270741 -0.000000 0.000000 1.000000 0.000000
0.066376 0.997795 0.000000 328.631136 -0.997795 0.066376 -0.000000 14.400000 -0.000000 0.000000 1.000000 0.000000
0.064460 0.997920 0.000000 328.780103 -0.997920 0.064460 -0.000000 12.512414 -0.000000 0.000000 1.000000 0.000000
0.062574 0.998040 0.000000 328.896221 -0.998040 0.062574 -0.000000 10.540608 -0.000000 0.000000 1.000000 0.000000
0.062631 0.998037 0.000000 329.013519 -0.998037 0.062631 -0.000000 8.503722 -0.000000 0.000000 1.000000 0.000000
0.062014 0.998075 0.000000 329.143603 -0.998075 0.062014 -0.000000 6.429047 -0.000000 0.000000 1.000000 0.000000
0.061948 0.998079 0.000000 329.254606 -0.998079 0.061948 -0.000000 4.363169 -0.000000 0.000000 1.000000 0.000000
0.064944 0.997889 0.000000 329.440951 -0.997889 0.064944 -0.000000 2.225451 -0.000000 0.000000 1.000000 0.000000
0.066434 0.997791 0.000000 329.571308 -0.997791 0.066434 -0.000000 0.082118 -0.000000 0.000000 1.000000 0.000000
0.067600 0.997712 0.000000 329.725876 -0.997712 0.067600 -0.000000 -2.127783 -0.000000 0.000000 1.000000 0.000000
0.067446 0.997723 0.000000 329.805703 -0.997723 0.067446 -0.000000 -4.409239 -0.000000 0.000000 1.000000 0.000000
0.067567 0.997715 0.000000 329.965258 -0.997715 0.067567 -0.000000 -6.624586 -0.000000 0.000000 1.000000 0.000000
0.068589 0.997645 0.000000 330.130742 -0.997645 0.068589 -0.000000 -8.870879 -0.000000 0.000000 1.000000 0.000000
0.069653 0.997571 0.000000 330.320906 -0.997571 0.069653 -0.000000 -11.132272 -0.000000 0.000000 1.000000 0.000000
0.070013 0.997546 0.000000 330.495733 -0.997546 0.070013 -0.000000 -13.338799 -0.000000 0.000000 1.000000 0.000000
0.070440 0.997516 0.000000 330.645423 -0.997516 0.070440 -0.000000 -15.529324 -0.000000 0.000000 1.000000 0.000000
0.069761 0.997564 0.000000 330.786802 -0.997564 0.069761 -0.000000 -17.681715 -0.000000 0.000000 1.000000 0.000000
0.069509 0.997581 0.000000 330.988454 -0.997581 0.069509 -0.000000 -19.881125 -0.000000 0.000000 1.000000 0.000000
0.069541 0.997579 0.000000 331.101322 -0.997579 0.069541 -0.000000 -22.018029 -0.000000 0.000000 1.000000 0.000000
0.069294 0.997596 0.000000 331.233093 -0.997596 0.069294 -0.000000 -24.069384 -0.000000 0.000000 1.000000 0.000000
0.069241 0.997600 0.000000 331.381488 -0.997600 0.069241 -0.000000 -26.151786 -0.000000 0.000000 1.000000 0.000000
0.067619 0.997711 0.000000 331.497762 -0.997711 0.067619 -0.000000 -28.047187 -0.000000 0.000000 1.000000 0.000000
0.066275 0.997801 0.000000 331.671344 -0.997801 0.066275 -0.000000 -29.856271 -0.000000 0.000000 1.000000 0.000000
0.065711 0.997839 0.000000 331.818475 -0.997839 0.065711 -0.000000 -31.691222 -0.000000 0.000000 1.000000 0.000000
0.067486 0.997720 0.000000 331.922804 -0.997720 0.067486 -0.000000 -33.522116 -0.000000 0.000000 1.000000 0.000000
0.071134 0.997467 0.000000 332.022189 -0.997467 0.071134 -0.000000 -35.321216 -0.000000 0.000000 1.000000 0.000000
0.075939 0.997112 0.000000 332.166156 -0.997112 0.075939 -0.000000 -37.020925 -0.000000 0.000000 1.000000 0.000000
0.077424 0.996998 0.000000 332.341715 -0.996998 0.077424 -0.000000 -38.772069 -0.000000 0.000000 1.000000 0.000000
0.078832 0.996888 0.000000 332.609507 -0.996888 0.078832 -0.000000 -40.705784 -0.000000 0.000000 1.000000 0.000000
0.078454 0.996918 0.000000 332.649545 -0.996918 0.078454 -0.000000 -42.350272 -0.000000 0.000000 1.000000 0.000000
0.078861 0.996886 0.000000 332.762918 -0.996886 0.078861 -0.000000 -44.093424 -0.000000 0.000000 1.000000 0.000000
0.078749 0.996894 0.000000 332.944068 -0.996894 0.078749 -0.000000 -45.921023 -0.000000 0.000000 1.000000 0.000000
0.078387 0.996923 0.000000 333.142220 -0.996923 0.078387 -0.000000 -47.674243 -0.000000 0.000000 1.000000 0.000000
0.079186 0.996860 0.000000 333.270456 -0.996860 0.079186 -0.000000 -49.445883 -0.000000 0.000000 1.000000 0.000000
0.079410 0.996842 0.000000 333.420728 -0.996842 0.079410 -0.000000 -51.238277 -0.000000 0.000000 1.000000 0.000000
0.078489 0.996915 0.000000 333.630014 -0.996915 0.078489 -0.000000 -53.025730 -0.000000 0.000000 1.000000 0.000000
0.079852 0.996807 0.000000 333.752704 -0.996807 0.079852 -0.000000 -54.829205 -0.000000 0.000000 1.000000 0.000000
0.081107 0.996705 0.000000 333.845749 -0.996705 0.081107 -0.000000 -56.584207 -0.000000 0.000000 1.000000 0.000000
0.079746 0.996815 0.000000 334.019485 -0.996815 0.079746 -0.000000 -58.319292 -0.000000 0.000000 1.000000 0.000000
0.080860 0.996726 0.000000 334.171416 -0.996726 0.080860 -0.000000 -60.107082 -0.000000 0.000000 1.000000 0.000000
0.080138 0.996784 0.000000 334.301992 -0.996784 0.080138 -0.000000 -61.815221 -0.000000 0.000000 1.000000 0.000000
0.078042 0.996950 0.000000 334.439318 -0.996950 0.078042 -0.000000 -63.537809 -0.000000 0.000000 1.000000 0.000000
0.077425 0.996998 0.000000 334.561941 -0.996998 0.077425 -0.000000 -65.118216 -0.000000 0.000000 1.000000 0.000000
0.077296 0.997008 0.000000 334.672667 -0.997008 0.077296 -0.000000 -66.779550 -0.000000 0.000000 1.000000 0.000000
0.076008 0.997107 0.000000 334.817932 -0.997107 0.076008 -0.000000 -68.514553 -0.000000 0.000000 1.000000 0.000000
0.076241 0.997089 0.000000 334.931519 -0.997089 0.076241 -0.000000 -70.070189 -0.000000 0.000000 1.000000 0.000000
0.072188 0.997391 0.000000 335.109264 -0.997391 0.072188 -0.000000 -71.626554 -0.000000 0.000000 1.000000 0.000000
0.068677 0.997639 0.000000 335.249358 -0.997639 0.068677 -0.000000 -73.238066 -0.000000 0.000000 1.000000 0.000000
0.068420 0.997657 0.000000 335.297085 -0.997657 0.068420 -0.000000 -74.872299 -0.000000 0.000000 1.000000 0.000000
0.068764 0.997633 0.000000 335.415060 -0.997633 0.068764 -0.000000 -76.477450 -0.000000 0.000000 1.000000 0.000000
0.069571 0.997577 0.000000 335.511270 -0.997577 0.069571 -0.000000 -78.082949 -0.000000 0.000000 1.000000 0.000000
0.070518 0.997510 0.000000 335.592402 -0.997510 0.070518 -0.000000 -79.609675 -0.000000 0.000000 1.000000 0.000000
0.070159 0.997536 0.000000 335.638924 -0.997536 0.070159 -0.000000 -81.111028 -0.000000 0.000000 1.000000 0.000000
0.069363 0.997591 0.000000 335.795296 -0.997591 0.069363 -0.000000 -83.694115 -0.000000 0.000000 1.000000 0.000000
0.070615 0.997504 0.000000 336.047272 -0.997504 0.070615 -0.000000 -86.152081 -0.000000 0.000000 1.000000 0.000000
0.069854 0.997557 0.000000 336.103462 -0.997557 0.069854 -0.000000 -88.128746 -0.000000 0.000000 1.000000 0.000000
0.070750 0.997494 0.000000 336.233025 -0.997494 0.070750 -0.000000 -89.892852 -0.000000 0.000000 1.000000 0.000000
0.071206 0.997462 0.000000 336.328347 -0.997462 0.071206 -0.000000 -91.397448 -0.000000 0.000000 1.000000 0.000000
0.071030 0.997474 0.000000 336.461777 -0.997474 0.071030 -0.000000 -93.290278 -0.000000 0.000000 1.000000 0.000000
0.072954 0.997335 0.000000 336.549613 -0.997335 0.072954 -0.000000 -95.256249 -0.000000 0.000000 1.000000 0.000000
0.077787 0.996970 0.000000 336.720415 -0.996970 0.077787 -0.000000 -97.068447 -0.000000 0.000000 1.000000 0.000000
0.080760 0.996734 0.000000 336.822224 -0.996734 0.080760 -0.000000 -98.811898 -0.000000 0.000000 1.000000 0.000000
0.085771 0.996315 0.000000 336.942432 -0.996315 0.085771 -0.000000 -100.413739 -0.000000 0.000000 1.000000 0.000000
0.075769 0.997125 0.000000 337.085557 -0.997125 0.075769 -0.000000 -102.240671 -0.000000 0.000000 1.000000 0.000000
0.018086 0.999836 0.000000 337.084404 -0.999836 0.018086 -0.000000 -104.429796 -0.000000 0.000000 1.000000 0.000000
-0.061504 0.998107 0.000000 336.917440 -0.998107 -0.061504 -0.000000 -106.084322 -0.000000 0.000000 1.000000 0.000000
-0.174704 0.984621 0.000000 336.562840 -0.984621 -0.174704 -0.000000 -107.884225 -0.000000 0.000000 1.000000 0.000000
-0.301267 0.953540 0.000000 336.052324 -0.953540 -0.301267 -0.000000 -109.919523 -0.000000 0.000000 1.000000 0.000000
-0.423283 0.905997 0.000000 335.107751 -0.905997 -0.423283 -0.000000 -111.816621 -0.000000 0.000000 1.000000 0.000000
-0.524545 0.851383 0.000000 333.789463 -0.851383 -0.524545 0.000000 -113.708100 0.000000 0.000000 1.000000 0.000000
-0.614820 0.788668 0.000000 332.394997 -0.788668 -0.614820 0.000000 -115.466766 0.000000 0.000000 1.000000 0.000000
-0.685857 0.727737 0.000000 330.603217 -0.727737 -0.685857 0.000000 -117.359492 0.000000 0.000000 1.000000 0.000000
-0.745439 0.666574 0.000000 328.537303 -0.666574 -0.745439 0.000000 -119.119139 0.000000 0.000000 1.000000 0.000000
-0.798969 0.601372 0.000000 326.200719 -0.601372 -0.798969 0.000000 -120.882417 0.000000 0.000000 1.000000 0.000000
-0.821931 0.569587 0.000000 324.915248 -0.569587 -0.821931 0.000000 -121.756765 0.000000 0.000000 1.000000 0.000000
-0.842808 0.538214 0.000000 323.561862 -0.538214 -0.842808 0.000000 -122.570417 0.000000 0.000000 1.000000 0.000000
-0.862969 0.505258 0.000000 322.124605 -0.505258 -0.862969 0.000000 -123.404928 0.000000 0.000000 1.000000 0.000000
-0.882174 0.470923 0.000000 320.601409 -0.470923 -0.882174 0.000000 -124.152910 0.000000 0.000000 1.000000 0.000000
-0.900337 0.435193 0.000000 319.072372 -0.435193 -0.900337 0.000000 -124.850125 0.000000 0.000000 1.000000 0.000000
-0.913849 0.406054 0.000000 317.593483 -0.406054 -0.913849 0.000000 -125.526042 0.000000 0.000000 1.000000 0.000000
-0.924356 0.381530 0.000000 316.003794 -0.381530 -0.924356 0.000000 -126.104632 0.000000 0.000000 1.000000 0.000000
-0.932170 0.362022 0.000000 314.408496 -0.362022 -0.932170 0.000000 -126.767695 0.000000 0.000000 1.000000 0.000000
-0.935668 0.352882 0.000000 312.781758 -0.352882 -0.935668 0.000000 -127.351393 0.000000 0.000000 1.000000 0.000000
-0.937061 0.349167 0.000000 311.086298 -0.349167 -0.937061 0.000000 -127.992232 0.000000 0.000000 1.000000 0.000000
-0.938162 0.346195 0.000000 309.409780 -0.346195 -0.938162 0.000000 -128.554064 0.000000 0.000000 1.000000 0.000000
-0.938619 0.344955 0.000000 307.656228 -0.344955 -0.938619 0.000000 -129.237798 0.000000 0.000000 1.000000 0.000000
-0.938873 0.344263 0.000000 305.952303 -0.344263 -0.938873 0.000000 -129.920680 0.000000 0.000000 1.000000 0.000000
-0.939394 0.342839 0.000000 304.237591 -0.342839 -0.939394 0.000000 -130.569047 0.000000 0.000000 1.000000 0.000000
-0.939049 0.343785 0.000000 302.461964 -0.343785 -0.939049 0.000000 -131.224131 0.000000 0.000000 1.000000 0.000000
-0.938912 0.344156 0.000000 300.566933 -0.344156 -0.938912 0.000000 -131.928989 0.000000 0.000000 1.000000 0.000000
-0.937694 0.347463 0.000000 298.725076 -0.347463 -0.937694 0.000000 -132.617731 0.000000 0.000000 1.000000 0.000000
-0.937105 0.349046 0.000000 296.803413 -0.349046 -0.937105 0.000000 -133.376220 0.000000 0.000000 1.000000 0.000000
-0.936099 0.351736 0.000000 294.869010 -0.351736 -0.936099 0.000000 -134.102985 0.000000 0.000000 1.000000 0.000000
-0.936051 0.351865 0.000000 292.896060 -0.351865 -0.936051 0.000000 -134.844492 0.000000 0.000000 1.000000 0.000000
-0.936078 0.351792 0.000000 290.929397 -0.351792 -0.936078 0.000000 -135.604747 0.000000 0.000000 1.000000 0.000000
-0.936305 0.351188 0.000000 288.922453 -0.351188 -0.936305 0.000000 -136.374219 0.000000 0.000000 1.000000 0.000000
-0.936219 0.351418 0.000000 286.913576 -0.351418 -0.936219 0.000000 -137.163789 0.000000 0.000000 1.000000 0.000000
-0.936455 0.350788 0.000000 284.777272 -0.350788 -0.936455 0.000000 -137.941479 0.000000 0.000000 1.000000 0.000000
-0.936823 0.349803 0.000000 282.710728 -0.349803 -0.936823 0.000000 -138.743461 0.000000 0.000000 1.000000 0.000000
-0.936910 0.349571 0.000000 280.565552 -0.349571 -0.936910 0.000000 -139.523432 0.000000 0.000000 1.000000 0.000000
-0.936953 0.349457 0.000000 278.364428 -0.349457 -0.936953 0.000000 -140.372651 0.000000 0.000000 1.000000 0.000000
-0.936691 0.350158 0.000000 276.164327 -0.350158 -0.936691 0.000000 -141.172615 0.000000 0.000000 1.000000 0.000000
-0.936707 0.350115 0.000000 273.995685 -0.350115 -0.936707 0.000000 -142.024191 0.000000 0.000000 1.000000 0.000000
-0.935317 0.353810 0.000000 271.827848 -0.353810 -0.935317 0.000000 -142.866129 0.000000 0.000000 1.000000 0.000000
-0.933505 0.358565 0.000000 269.547898 -0.358565 -0.933505 0.000000 -143.750949 0.000000 0.000000 1.000000 0.000000
-0.932089 0.362231 0.000000 267.280756 -0.362231 -0.932089 0.000000 -144.615480 0.000000 0.000000 1.000000 0.000000
-0.929854 0.367928 0.000000 265.056185 -0.367928 -0.929854 0.000000 -145.521273 0.000000 0.000000 1.000000 0.000000
-0.927100 0.374813 0.000000 262.844631 -0.374813 -0.927100 0.000000 -146.392575 0.000000 0.000000 1.000000 0.000000
-0.923523 0.383542 0.000000 260.566183 -0.383542 -0.923523 0.000000 -147.350255 0.000000 0.000000 1.000000 0.000000
-0.920116 0.391645 0.000000 258.330393 -0.391645 -0.920116 0.000000 -148.290657 0.000000 0.000000 1.000000 0.000000
-0.916473 0.400096 0.000000 256.149622 -0.400096 -0.916473 0.000000 -149.285780 0.000000 0.000000 1.000000 0.000000
-0.913032 0.407888 0.000000 253.892613 -0.407888 -0.913032 0.000000 -150.322050 0.000000 0.000000 1.000000 0.000000
-0.908359 0.418190 0.000000 251.733951 -0.418190 -0.908359 0.000000 -151.395500 0.000000 0.000000 1.000000 0.000000
-0.904767 0.425907 0.000000 249.508951 -0.425907 -0.904767 0.000000 -152.432130 0.000000 0.000000 1.000000 0.000000
-0.900242 0.435389 0.000000 247.287661 -0.435389 -0.900242 0.000000 -153.497941 0.000000 0.000000 1.000000 0.000000
-0.895992 0.444069 0.000000 245.095723 -0.444069 -0.895992 0.000000 -154.625166 0.000000 0.000000 1.000000 0.000000
-0.890538 0.454909 0.000000 242.937863 -0.454909 -0.890538 0.000000 -155.747905 0.000000 0.000000 1.000000 0.000000
-0.884818 0.465936 0.000000 240.708314 -0.465936 -0.884818 0.000000 -156.946095 0.000000 0.000000 1.000000 0.000000
-0.877314 0.479917 0.000000 238.571056 -0.479917 -0.877314 0.000000 -158.135887 0.000000 0.000000 1.000000 0.000000
-0.870340 0.492452 0.000000 236.425182 -0.492452 -0.870340 0.000000 -159.367813 0.000000 0.000000 1.000000 0.000000
-0.862943 0.505301 0.000000 234.299419 -0.505301 -0.862943 0.000000 -160.624990 0.000000 0.000000 1.000000 0.000000
-0.855355 0.518043 0.000000 232.141641 -0.518043 -0.855355 0.000000 -161.927859 0.000000 0.000000 1.000000 0.000000
-0.847950 0.530076 0.000000 230.000792 -0.530076 -0.847950 0.000000 -163.246010 0.000000 0.000000 1.000000 0.000000
-0.840051 0.542508 0.000000 227.931944 -0.542508 -0.840051 0.000000 -164.654739 0.000000 0.000000 1.000000 0.000000
-0.832293 0.554336 0.000000 225.873846 -0.554336 -0.832293 0.000000 -166.087953 0.000000 0.000000 1.000000 0.000000
-0.825675 0.564146 0.000000 223.771492 -0.564146 -0.825675 0.000000 -167.562111 0.000000 0.000000 1.000000 0.000000
-0.819041 0.573734 0.000000 221.676519 -0.573734 -0.819041 0.000000 -169.001886 0.000000 0.000000 1.000000 0.000000
-0.811597 0.584218 0.000000 219.664291 -0.584218 -0.811597 0.000000 -170.470051 0.000000 0.000000 1.000000 0.000000
-0.805201 0.593002 0.000000 217.589026 -0.593002 -0.805201 0.000000 -171.946649 0.000000 0.000000 1.000000 0.000000
-0.797774 0.602957 0.000000 215.623563 -0.602957 -0.797774 0.000000 -173.493353 0.000000 0.000000 1.000000 0.000000
-0.791224 0.611527 0.000000 213.626875 -0.611527 -0.791224 0.000000 -174.987278 0.000000 0.000000 1.000000 0.000000
-0.782690 0.622412 0.000000 211.786947 -0.622412 -0.782690 0.000000 -176.538878 0.000000 0.000000 1.000000 0.000000
-0.773921 0.633282 0.000000 209.842679 -0.633282 -0.773921 0.000000 -178.087565 0.000000 0.000000 1.000000 0.000000
-0.764979 0.644055 0.000000 207.899996 -0.644055 -0.764979 0.000000 -179.685896 0.000000 0.000000 1.000000 0.000000
-0.756421 0.654085 0.000000 206.067950 -0.654085 -0.756421 0.000000 -181.339259 0.000000 0.000000 1.000000 0.000000
-0.747089 0.664724 0.000000 204.254899 -0.664724 -0.747089 0.000000 -182.959269 0.000000 0.000000 1.000000 0.000000
-0.738642 0.674098 0.000000 202.420787 -0.674098 -0.738642 0.000000 -184.643817 0.000000 0.000000 1.000000 0.000000
-0.731757 0.681565 0.000000 200.676071 -0.681565 -0.731757 0.000000 -186.324811 0.000000 0.000000 1.000000 0.000000
-0.726140 0.687546 0.000000 198.897207 -0.687546 -0.726140 0.000000 -188.007295 0.000000 0.000000 1.000000 0.000000
-0.718822 0.695194 0.000000 197.075859 -0.695194 -0.718822 0.000000 -189.666839 0.000000 0.000000 1.000000 0.000000
-0.711165 0.703025 0.000000 195.319049 -0.703025 -0.711165 0.000000 -191.443610 0.000000 0.000000 1.000000 0.000000
-0.703935 0.710265 0.000000 193.637832 -0.710265 -0.703935 0.000000 -193.124047 0.000000 0.000000 1.000000 0.000000
-0.694544 0.719450 0.000000 191.988404 -0.719450 -0.694544 0.000000 -194.840667 0.000000 0.000000 1.000000 0.000000
-0.684001 0.729481 0.000000 190.321210 -0.729481 -0.684001 0.000000 -196.586035 0.000000 0.000000 1.000000 0.000000
-0.672101 0.740459 0.000000 188.734386 -0.740459 -0.672101 0.000000 -198.277956 0.000000 0.000000 1.000000 0.000000
-0.660979 0.750404 0.000000 187.252119 -0.750404 -0.660979 0.000000 -200.011688 0.000000 0.000000 1.000000 0.000000
-0.649625 0.760254 0.000000 185.796509 -0.760254 -0.649625 0.000000 -201.697214 0.000000 0.000000 1.000000 0.000000
-0.642265 0.766482 0.000000 184.428059 -0.766482 -0.642265 0.000000 -203.315087 0.000000 0.000000 1.000000 0.000000
-0.634409 0.772997 0.000000 183.105172 -0.772997 -0.634409 0.000000 -204.882635 0.000000 0.000000 1.000000 0.000000
-0.629109 0.777317 0.000000 181.924395 -0.777317 -0.629109 0.000000 -206.446469 0.000000 0.000000 1.000000 0.000000
-0.623838 0.781554 0.000000 180.759262 -0.781554 -0.623838 0.000000 -207.900802 0.000000 0.000000 1.000000 0.000000
-0.619893 0.784686 0.000000 179.659202 -0.784686 -0.619893 0.000000 -209.313462 0.000000 0.000000 1.000000 0.000000
-0.615241 0.788339 0.000000 178.635187 -0.788339 -0.615241 0.000000 -210.780754 0.000000 0.000000 1.000000 0.000000
-0.607723 0.794149 0.000000 177.550827 -0.794149 -0.607723 0.000000 -212.287790 0.000000 0.000000 1.000000 0.000000
-0.597321 0.802002 0.000000 176.429533 -0.802002 -0.597321 0.000000 -213.797858 0.000000 0.000000 1.000000 0.000000
-0.589125 0.808042 0.000000 175.148618 -0.808042 -0.589125 0.000000 -215.271942 0.000000 0.000000 1.000000 0.000000
-0.578629 0.815591 0.000000 174.094487 -0.815591 -0.578629 0.000000 -216.769436 0.000000 0.000000 1.000000 0.000000
-0.565165 0.824978 0.000000 173.034730 -0.824978 -0.565165 0.000000 -218.376166 0.000000 0.000000 1.000000 0.000000
-0.550880 0.834585 0.000000 171.863013 -0.834585 -0.550880 0.000000 -220.024470 0.000000 0.000000 1.000000 0.000000
-0.538858 0.842396 0.000000 170.840354 -0.842396 -0.538858 0.000000 -221.769414 0.000000 0.000000 1.000000 0.000000
-0.530512 0.847677 0.000000 169.802971 -0.847677 -0.530512 0.000000 -223.453401 0.000000 0.000000 1.000000 0.000000
-0.524779 0.851239 0.000000 168.732884 -0.851239 -0.524779 0.000000 -225.258373 0.000000 0.000000 1.000000 0.000000
-0.519854 0.854255 0.000000 167.672693 -0.854255 -0.519854 0.000000 -227.075359 0.000000 0.000000 1.000000 0.000000
-0.515344 0.856983 0.000000 166.573162 -0.856983 -0.515344 0.000000 -228.855274 0.000000 0.000000 1.000000 0.000000
-0.513043 0.858363 0.000000 165.431997 -0.858363 -0.513043 0.000000 -230.685277 0.000000 0.000000 1.000000 0.000000
-0.511643 0.859198 0.000000 164.342489 -0.859198 -0.511643 0.000000 -232.607818 0.000000 0.000000 1.000000 0.000000
-0.509981 0.860186 0.000000 163.204999 -0.860186 -0.509981 0.000000 -234.463473 0.000000 0.000000 1.000000 0.000000
-0.508833 0.860866 0.000000 162.053155 -0.860866 -0.508833 0.000000 -236.425087 0.000000 0.000000 1.000000 0.000000
-0.504018 0.863693 0.000000 160.908608 -0.863693 -0.504018 0.000000 -238.378372 0.000000 0.000000 1.000000 0.000000
-0.498821 0.866705 0.000000 159.770029 -0.866705 -0.498821 -0.000000 -240.386415 -0.000000 0.000000 1.000000 0.000000
-0.496471 0.868053 0.000000 158.607732 -0.868053 -0.496471 -0.000000 -242.402306 -0.000000 0.000000 1.000000 0.000000
-0.493617 0.869679 0.000000 157.408252 -0.869679 -0.493617 -0.000000 -244.481317 -0.000000 0.000000 1.000000 0.000000
-0.488346 0.872650 0.000000 156.260664 -0.872650 -0.488346 -0.000000 -246.559839 -0.000000 0.000000 1.000000 0.000000
-0.482479 0.875908 0.000000 155.074698 -0.875908 -0.482479 -0.000000 -248.712809 -0.000000 0.000000 1.000000 0.000000
-0.471623 0.881800 0.000000 153.860827 -0.881800 -0.471623 -0.000000 -250.901913 -0.000000 0.000000 1.000000 0.000000
-0.458827 0.888525 0.000000 152.704198 -0.888525 -0.458827 -0.000000 -253.113908 -0.000000 0.000000 1.000000 0.000000
-0.445606 0.895229 0.000000 151.634034 -0.895229 -0.445606 -0.000000 -255.353692 -0.000000 0.000000 1.000000 0.000000
-0.432864 0.901459 0.000000 150.626600 -0.901459 -0.432864 -0.000000 -257.685992 -0.000000 0.000000 1.000000 0.000000
-0.419813 0.907611 0.000000 149.651871 -0.907611 -0.419813 -0.000000 -260.042822 -0.000000 0.000000 1.000000 0.000000
-0.405570 0.914064 0.000000 148.552870 -0.914064 -0.405570 -0.000000 -262.409751 -0.000000 0.000000 1.000000 0.000000
-0.390363 0.920661 0.000000 147.518592 -0.920661 -0.390363 -0.000000 -264.876568 -0.000000 0.000000 1.000000 0.000000
-0.374792 0.927109 0.000000 146.433249 -0.927109 -0.374792 -0.000000 -267.305850 -0.000000 0.000000 1.000000 0.000000
-0.362451 0.932003 0.000000 145.465449 -0.932003 -0.362451 -0.000000 -269.836505 -0.000000 0.000000 1.000000 0.000000
-0.351846 0.936058 0.000000 144.487060 -0.936058 -0.351846 -0.000000 -272.319755 -0.000000 0.000000 1.000000 0.000000
-0.341160 0.940005 0.000000 143.575201 -0.940005 -0.341160 -0.000000 -274.844281 -0.000000 0.000000 1.000000 0.000000
-0.330548 0.943789 0.000000 142.748911 -0.943789 -0.330548 -0.000000 -277.362353 -0.000000 0.000000 1.000000 0.000000
